1000.0 1000.0 1000.0 1000.0 1000.0 1000.0 
1000.0 0.00123 0.00174 0.01087 0.01332 0.01385 
1000.0 0.12181 0.13629 0.12212 0.05237 0.00166 
1000.0 0.04376 0.15181 0.10742 0.05962 0.10853 
1000.0 0.03342 0.01903 0.03646 0.01735 0.02585 
1000.0 0.01615 0.00395 0.0675 0.04312 0.03735 
1000.0 0.06231 0.06556 0.00407 0.00847 0.0596 
1000.0 0.00375 9e-05 0.00545 0.00252 0.00372 
1000.0 0.21242 0.05313 0.03769 0.21127 0.18115 
1000.0 0.00766 0.01067 0.00989 0.0086 0.00626 
1000.0 0.01418 0.01519 0.04487 0.04823 0.01348 
1000.0 0.36447 0.09872 0.18649 0.40319 0.09723 
1000.0 0.02157 0.00332 0.04004 0.02173 0.06299 
1000.0 0.06553 0.06689 0.09987 0.09615 0.10313 
1000.0 0.13803 0.06142 0.09427 0.13205 0.09581 
1000.0 0.01553 0.02237 0.01729 0.01664 0.02208 
1000.0 0.0094 0.0176 0.01765 0.01693 0.01501 
1000.0 0.0 0.01648 0.00457 0.01946 0.02998 
1000.0 0.02027 0.02937 0.0225 0.00817 0.00432 
1000.0 0.02773 0.01652 0.03985 0.03153 0.02908 
1000.0 0.01721 0.00538 0.00372 0.01373 0.02174 
1000.0 0.00306 0.00093 0.00146 0.01281 0.00741 
1000.0 0.01109 0.0357 0.02594 0.03071 0.02504 
1000.0 0.00354 0.00135 0.00142 0.00052 0.00269 
1000.0 0.07156 0.09553 0.04724 0.06301 0.09971 
1000.0 0.01902 0.00253 0.04696 0.01332 0.01651 
1000.0 0.03318 0.00766 0.02681 0.02838 0.00217 
1000.0 0.01885 0.00821 0.00999 0.01648 0.00021 
1000.0 0.0407 0.03776 0.01148 0.02305 0.04034 
1000.0 0.021 0.03488 0.00053 0.01455 0.02231 
1000.0 0.01035 0.01209 0.00268 0.01056 0.01322 
