1000.0 1000.0 1000.0 1000.0 1000.0 1000.0 
1000.0 0.0084 0.00701 0.00386 0.00687 0.00097 
1000.0 0.09342 0.02494 0.06517 0.12981 0.02923 
1000.0 0.14346 0.11748 0.04794 0.13582 0.00051 
1000.0 0.00947 0.01452 0.01301 0.00548 0.02242 
1000.0 0.08829 0.0569 0.10268 0.10452 0.04397 
1000.0 0.04692 0.02887 0.06647 0.05217 0.03743 
1000.0 0.00631 0.00078 0.00613 0.00489 0.00522 
1000.0 0.07421 0.11695 0.03268 0.14471 0.04961 
1000.0 0.00789 0.00814 0.00104 0.01748 0.00158 
1000.0 0.02461 0.04006 0.02031 0.00199 0.01954 
1000.0 0.36483 0.46235 0.45108 0.09804 0.29311 
1000.0 0.0515 0.0004 0.06365 0.04993 0.04995 
1000.0 0.04928 0.0412 0.01746 0.09432 0.10734 
1000.0 0.10207 0.11817 0.14718 0.11093 0.01891 
1000.0 0.00874 0.0146 0.00436 0.0225 0.00913 
1000.0 0.01081 0.00128 0.02332 0.01461 0.00267 
1000.0 0.02133 0.0013 0.00111 0.00515 0.0342 
1000.0 0.02148 0.01395 0.00877 0.02804 0.01694 
1000.0 0.0447 0.05899 0.04606 0.04635 0.02434 
1000.0 0.01072 0.00068 0.01183 0.01576 0.0076 
1000.0 0.01293 0.00529 0.00886 0.00371 0.01474 
1000.0 0.00059 0.03016 0.01524 0.03253 0.00889 
1000.0 0.00149 0.00209 0.00118 0.00224 0.00346 
1000.0 0.04824 0.05125 0.07427 0.00543 0.00424 
1000.0 0.09394 0.09438 0.05483 0.08001 0.00195 
1000.0 0.02552 0.03163 0.02558 0.02189 0.02294 
1000.0 0.01833 0.01253 0.018 0.00843 0.01539 
1000.0 0.03906 0.02235 0.03689 0.00882 0.02614 
1000.0 0.04156 0.03029 0.01946 0.0478 0.0062 
1000.0 0.00149 0.01866 0.00942 0.002 0.021 
