1000.0 1000.0 1000.0 1000.0 1000.0 1000.0 
1000.0 0.01033 0.00323 3e-05 0.00695 0.01438 
1000.0 0.13125 0.02297 0.08368 0.06764 0.06278 
1000.0 0.16617 0.06733 0.14975 0.05637 0.14173 
1000.0 0.0386 0.03217 0.0177 0.00944 0.01117 
1000.0 0.02392 0.10563 0.1051 0.02873 0.02205 
1000.0 0.03531 0.02681 0.01836 0.00899 0.02058 
1000.0 0.00483 0.00524 0.00215 0.0044 0.00273 
1000.0 0.21605 0.18955 0.05405 0.07342 0.0043 
1000.0 0.028 0.02447 0.02102 0.03006 0.0256 
1000.0 0.03977 0.03959 0.01929 0.02237 0.00322 
1000.0 0.28602 0.24615 0.14777 0.21001 0.11537 
1000.0 0.01536 0.00156 0.00041 0.01306 0.02933 
1000.0 0.05069 0.0959 0.06753 0.07454 0.01497 
1000.0 0.09807 0.12838 0.02232 0.07487 0.12316 
1000.0 0.02046 0.01816 0.01512 0.01859 0.00973 
1000.0 0.00767 0.00258 0.02322 0.00237 0.00427 
1000.0 0.01755 0.02246 0.02655 0.02143 0.02939 
1000.0 0.02059 0.01315 0.00933 0.02568 0.02975 
1000.0 0.02373 0.00364 0.03241 0.00394 0.04541 
1000.0 0.00249 0.0194 0.00542 0.00419 0.00325 
1000.0 0.01046 0.00918 0.00513 0.00454 0.01165 
1000.0 0.03047 0.01521 0.03737 0.02606 0.0308 
1000.0 0.00012 0.00373 0.00199 0.00148 0.00378 
1000.0 0.09152 0.05857 0.09988 0.08441 0.07143 
1000.0 0.06914 0.0197 0.0189 0.01307 0.04496 
1000.0 0.00097 0.02499 0.00285 0.01267 0.03127 
1000.0 0.00258 0.02203 0.01872 0.01708 0.00923 
1000.0 0.02103 0.01043 0.00822 0.00188 0.04495 
1000.0 0.00572 0.04644 0.04892 0.01932 0.04413 
1000.0 0.00304 0.00684 0.01951 0.00865 0.00316 
