1000.0 1000.0 1000.0 1000.0 1000.0 1000.0 
1000.0 0.01295 0.00181 0.00501 0.01015 0.01477 
1000.0 0.06953 0.06465 0.01895 0.11011 0.02494 
1000.0 0.01972 0.03377 0.10619 0.01595 0.18191 
1000.0 0.02091 0.00034 0.02544 0.00921 0.00203 
1000.0 0.06566 0.00184 0.07033 0.0749 0.0732 
1000.0 0.03568 0.01951 0.01728 0.03781 0.0027 
1000.0 7e-05 0.00446 0.00186 0.00481 0.00095 
1000.0 0.12673 0.12884 0.12867 0.04823 0.03169 
1000.0 0.00678 0.02306 0.0175 0.0292 0.02059 
1000.0 0.00139 0.03436 0.00771 0.00096 0.02386 
1000.0 0.24218 0.4208 0.1863 0.31456 0.32 
1000.0 0.07154 0.02176 0.06437 0.04946 0.05037 
1000.0 0.05101 0.00422 0.01797 0.00979 0.09891 
1000.0 0.09345 0.06314 0.09179 0.0411 0.12215 
1000.0 0.01642 0.01235 0.00498 0.01984 0.01429 
1000.0 0.01787 0.01512 0.01349 0.01719 0.00448 
1000.0 0.00661 0.03175 0.01036 0.0232 0.03505 
1000.0 0.02183 0.00139 0.01251 0.01273 0.00794 
1000.0 0.00939 0.04748 0.00255 0.05465 0.00456 
1000.0 0.00463 0.01135 0.02084 0.00511 0.01256 
1000.0 0.00329 0.01145 0.00915 0.00683 0.00094 
1000.0 0.00958 0.01329 0.0236 0.01168 0.04639 
1000.0 0.00175 0.0042 0.00069 0.00169 0.00123 
1000.0 0.10668 0.10718 0.06611 0.0001 0.01555 
1000.0 0.09964 0.09583 0.09026 0.00939 0.0518 
1000.0 0.02351 0.02988 0.02726 0.00885 0.02182 
1000.0 0.0019 0.00781 0.00278 0.01429 0.00774 
1000.0 0.03748 0.04411 0.01468 0.00393 0.05089 
1000.0 0.04135 0.0151 0.04675 0.04523 0.04496 
1000.0 0.00677 0.00217 0.00976 0.01598 0.00656 
