1000.0 1000.0 1000.0 1000.0 1000.0 1000.0 
1000.0 0.00272 0.0008 0.00564 0.01233 0.00776 
1000.0 0.12036 0.06585 0.14038 0.02074 0.13808 
1000.0 0.16883 0.16602 0.17985 0.19684 0.02602 
1000.0 0.0124 0.01339 0.03315 0.04273 0.04189 
1000.0 0.04717 0.02912 0.03282 0.00838 0.04076 
1000.0 0.00737 0.02552 0.02513 0.03795 0.06093 
1000.0 0.00249 0.00059 0.00449 0.00579 0.00062 
1000.0 0.07874 0.22169 0.06247 0.1734 0.22039 
1000.0 0.01964 0.02147 0.01215 0.00457 0.01865 
1000.0 0.0269 0.04398 0.00084 0.03995 0.02929 
1000.0 0.23294 0.44059 0.33146 0.42759 0.16404 
1000.0 0.06162 0.04537 0.05615 0.02926 0.0193 
1000.0 0.00334 0.07821 0.0692 0.08643 0.05222 
1000.0 0.14303 0.01959 0.05317 0.0657 0.12828 
1000.0 0.00621 0.01088 0.00142 0.00497 0.00288 
1000.0 0.01218 0.00706 0.00986 0.02047 0.01117 
1000.0 0.02707 0.02248 0.01175 0.00955 0.00662 
1000.0 0.00505 0.02678 0.00714 0.01278 0.01431 
1000.0 0.04459 0.03121 0.04112 0.02345 0.04569 
1000.0 0.01331 0.02163 0.01291 0.01365 0.00379 
1000.0 0.00148 0.01466 0.01255 0.01121 0.00125 
1000.0 0.00815 0.02029 0.04861 0.02719 0.02752 
1000.0 0.00233 0.00045 0.00155 0.00175 1e-05 
1000.0 0.05277 0.00818 0.03807 0.08316 0.07246 
1000.0 0.00419 0.07255 0.10185 0.03443 0.04162 
1000.0 0.02254 0.00792 0.02576 0.00492 0.03405 
1000.0 0.00966 0.00055 0.02168 0.01803 0.00076 
1000.0 0.04506 0.04112 0.04329 0.00722 0.04427 
1000.0 0.04362 0.02303 0.00043 0.02738 0.04422 
1000.0 0.01714 0.00917 0.00399 0.01821 0.0077 
