1000.0 1000.0 1000.0 1000.0 1000.0 1000.0 
1000.0 0.01125 0.01494 0.00413 0.01077 0.00803 
1000.0 0.00809 0.11705 0.13929 0.03839 0.04481 
1000.0 0.17125 0.11102 0.01043 0.10955 0.12619 
1000.0 0.0198 0.00262 0.03238 0.01032 0.01155 
1000.0 0.01908 0.00315 0.10589 0.00572 0.00358 
1000.0 0.03832 0.00481 0.00237 0.06595 0.0451 
1000.0 0.00134 0.00236 0.00504 0.00428 0.00322 
1000.0 0.0591 0.05531 0.11052 0.08718 0.02865 
1000.0 0.01059 0.00827 0.01697 0.0061 0.00584 
1000.0 0.01649 0.02772 0.03499 0.02763 0.02593 
1000.0 0.44083 0.04984 0.40381 0.29621 0.09548 
1000.0 0.0531 0.0633 0.04611 0.06524 0.05181 
1000.0 0.08884 0.05537 3e-05 0.09828 0.00015 
1000.0 0.03628 0.07051 0.04469 0.04358 0.03083 
1000.0 0.00862 0.01309 0.02225 0.01768 0.0092 
1000.0 0.00306 0.01987 0.00107 0.00652 0.003 
1000.0 0.00124 0.01598 0.02492 0.02375 0.03533 
1000.0 0.00936 0.01126 0.00448 0.019 0.02537 
1000.0 0.00423 0.04122 0.05831 0.03339 0.02856 
1000.0 0.00525 0.00994 0.0118 0.01716 0.00431 
1000.0 0.01027 0.00126 0.00304 0.0107 0.00859 
1000.0 0.0143 0.03148 0.01813 0.02263 0.0244 
1000.0 0.00313 0.00403 0.00118 0.00406 0.00227 
1000.0 0.05662 0.01311 0.0071 0.05205 0.0142 
1000.0 0.04207 0.0818 0.02691 0.07823 0.01577 
1000.0 0.01709 0.02513 0.03036 0.03081 0.03251 
1000.0 0.0165 0.00844 0.01824 0.02153 0.02314 
1000.0 0.02254 0.03008 0.05044 0.02867 0.00474 
1000.0 0.03194 0.00151 0.04922 0.03885 0.04821 
1000.0 0.00525 0.00934 0.00561 0.02335 0.01511 
