1000.0 1000.0 1000.0 1000.0 1000.0 1000.0 1000.0 1000.0 1000.0 1000.0 1000.0 1000.0 1000.0 1000.0 1000.0 1000.0 1000.0 1000.0 1000.0 1000.0 1000.0 1000.0 1000.0 1000.0 1000.0 1000.0 1000.0 1000.0 1000.0 1000.0 1000.0 
1000.0 46.27598 31.16523 35.38768 0.0 40.09555 37.14212 13.7219 31.83076 36.53038 46.26613 10.25807 0.0 19.04351 41.0874 42.18739 46.01407 22.02285 29.01988 16.46115 0.03215 28.01258 11.59255 10.64934 24.10216 11.04927 43.14884 32.1572 30.3994 17.56297 41.90971 
1000.0 30.29351 28.00043 26.19615 0.0 35.67407 45.97401 42.57815 29.83168 41.42548 11.3612 33.43726 0.0 41.66297 35.81204 14.99864 43.37076 11.9487 28.26717 46.6847 0.03082 12.56431 13.16547 27.35261 18.86654 23.13786 23.44885 42.08354 17.86543 15.92647 39.15621 
1000.0 10.31288 44.50249 39.58104 0.0 22.24342 41.51327 25.98386 16.05451 37.48154 35.54501 42.66118 0.0 30.02609 11.64213 24.01881 35.33223 10.11477 44.33008 21.4985 0.02234 23.66819 46.1108 41.97438 22.83712 48.12402 36.59396 29.03315 40.39156 47.59939 40.61108 
1000.0 0.0 0.0 0.0 27.25121 0.0 0.0 0.0 0.0 0.0 0.0 0.0 28.96037 0.0 0.0 0.0 0.0 0.0 0.0 0.0 0.0 0.0 0.0 0.0 0.0 0.0 0.0 0.0 0.0 0.0 0.0 
1000.0 27.94547 27.52344 30.33705 0.0 45.56404 18.49111 34.06694 29.23468 24.06949 31.8602 42.91282 0.0 12.38254 27.52623 45.69418 31.2428 24.43444 46.46213 43.31394 0.03452 45.54714 43.4836 45.92833 44.32377 45.6551 41.64313 20.11403 34.74366 9.82366 11.31833 
1000.0 15.20254 28.30441 15.82424 0.0 23.97597 44.42245 28.83844 20.77773 30.79879 27.10075 25.35665 0.0 32.1187 44.13405 33.27548 35.0868 33.96097 30.08749 20.64121 0.01474 22.08587 34.361 31.42764 48.29889 26.00157 34.51532 23.08034 33.69444 35.92517 13.11254 
1000.0 34.05093 17.57085 36.0856 0.0 22.8588 29.32346 29.05697 41.10618 43.74117 19.79173 43.3587 0.0 47.76795 39.30246 36.07751 43.25785 12.26982 15.62943 46.44399 0.03359 25.22171 25.32948 19.84358 45.23591 21.73368 37.62689 25.23782 32.694 35.84481 45.2493 
1000.0 22.77023 14.36454 26.7659 0.0 40.76681 17.30354 29.61281 35.17616 43.08941 11.87501 42.66262 0.0 25.59823 47.64688 28.22047 19.27906 32.59077 24.06372 12.85126 0.01135 36.03756 41.52864 24.09766 16.41522 11.97231 45.78307 11.46558 13.89889 28.10678 25.1501 
1000.0 41.89665 16.26955 43.75502 0.0 48.23806 43.60988 26.4629 21.94971 27.64363 9.8511 17.10781 0.0 45.91776 39.54659 27.01374 48.38751 21.28654 25.12325 21.44921 0.04024 48.06782 27.01116 31.07325 41.08008 30.05629 25.96323 42.53123 26.77768 28.05014 41.20743 
1000.0 34.83926 17.99768 25.98638 0.0 24.05578 46.63383 18.67814 47.84818 42.55856 39.98222 13.67651 0.0 27.73165 16.05564 41.77345 22.44889 41.99109 13.37642 46.11816 0.03759 21.84058 18.45274 33.12713 16.78171 14.48621 39.06155 10.83214 37.1473 43.3635 38.76831 
1000.0 41.20559 27.57459 43.3221 0.0 40.24982 31.51046 27.29681 46.96291 37.73032 19.44035 47.58536 0.0 29.09951 9.82411 30.0807 42.4665 23.24741 16.14891 30.93259 0.02555 25.50322 39.99378 15.48361 33.16564 10.51076 18.41293 14.32512 31.33342 16.48961 44.60397 
1000.0 0.0 0.0 0.0 19.72363 0.0 0.0 0.0 0.0 0.0 0.0 0.0 34.30646 0.0 0.0 0.0 0.0 0.0 0.0 0.0 0.0 0.0 0.0 0.0 0.0 0.0 0.0 0.0 0.0 0.0 0.0 
1000.0 17.0994 39.69857 27.97335 0.0 19.64535 35.52912 17.13396 32.93681 18.19679 29.30412 46.24512 0.0 18.02896 31.83835 34.26075 46.72685 43.22439 19.71357 29.19121 0.02359 21.82884 29.15631 11.83307 43.55353 29.19349 30.90929 24.42402 43.05616 21.4572 26.61075 
1000.0 24.08158 20.94353 33.38429 0.0 32.28189 41.60595 44.54553 17.89004 20.05119 45.58605 15.56031 0.0 48.70117 37.29342 30.57036 27.61457 16.52682 26.63777 33.42242 0.01374 16.86413 17.12927 33.78347 36.55897 12.4792 14.73489 31.74882 38.38981 44.2572 45.20328 
1000.0 31.84079 39.20624 37.21759 0.0 39.90285 44.40681 32.12469 18.00767 48.46797 27.16283 30.65283 0.0 37.55851 29.93479 16.33553 14.47415 21.10699 34.5155 40.91576 0.01898 38.293 34.22869 25.61882 19.29508 25.12867 24.43482 13.23877 23.63583 10.12084 37.83752 
1000.0 32.83069 44.50316 15.4078 0.0 37.93391 47.96265 15.69911 40.35906 34.2494 35.63652 21.72765 0.0 40.3074 28.22271 47.84155 30.66449 24.176 24.26277 16.3529 0.02481 32.07378 26.16762 26.18698 24.49946 24.12283 13.41027 14.12357 41.32689 19.9439 35.51111 
1000.0 31.18153 46.58218 18.44189 0.0 38.02223 21.48457 28.85864 16.52212 43.67167 23.16646 46.86426 0.0 47.39366 28.1183 39.54366 25.93345 14.22543 35.31818 10.90711 0.02403 15.25282 46.90677 19.92754 44.76882 17.60837 36.42763 39.89872 32.55414 31.64565 40.85608 
1000.0 38.28986 42.44405 10.53938 0.0 23.14042 28.47227 27.77153 28.82608 16.4694 15.45395 35.63503 0.0 42.80142 48.67049 19.28001 26.06066 37.91549 20.7042 23.15537 0.02065 17.4516 28.53715 46.58627 10.99635 15.20604 36.32366 29.05434 42.62412 41.03306 17.9709 
1000.0 45.61219 15.97535 12.14092 0.0 41.61968 41.98119 35.54782 17.48614 38.96083 17.03767 21.91898 0.0 48.03675 16.09829 17.49293 47.74767 12.79086 9.98527 32.63578 0.04416 22.87556 32.31904 26.9631 44.20924 32.52518 43.45558 39.78803 47.67317 13.23218 48.15069 
1000.0 0.05908 0.11639 0.04688 0.0 0.07686 0.0657 0.10652 0.1653 0.11334 0.09054 0.07564 0.0 0.16503 0.13743 0.14501 0.04631 0.16627 0.04712 0.10681 13.81066 0.05911 0.15778 0.079 0.0693 0.12892 0.08467 0.0432 0.12039 0.19024 0.13766 
1000.0 19.69521 20.8765 42.26441 0.0 26.9201 42.93227 24.78483 40.98681 45.745 19.02615 41.4234 0.0 43.67333 44.75674 11.32409 48.18923 21.36015 47.5193 29.16896 0.01744 46.98539 47.11314 32.62535 17.57792 19.65924 16.23146 16.85669 21.20712 38.12444 35.4576 
1000.0 36.80922 33.77385 31.58012 0.0 37.77907 46.76896 40.25656 39.16861 23.66411 45.83294 48.58939 0.0 30.59733 25.50211 32.98438 39.69824 47.22233 43.28526 26.19575 0.03421 11.37531 40.39642 26.47621 34.29833 39.89613 27.34418 34.67365 44.52125 33.89638 14.42362 
1000.0 39.55069 34.09429 26.26162 0.0 22.18721 19.12791 33.87729 32.73706 14.14902 13.18632 12.6592 0.0 33.34584 23.60719 10.40205 36.76379 34.7377 38.30832 41.61854 0.02232 17.06834 41.01754 40.8865 32.75104 47.02389 47.55434 13.51292 16.9418 29.3046 43.25732 
1000.0 14.98075 19.79838 14.49508 0.0 26.08349 34.33931 30.37258 42.1904 33.22289 18.30325 18.26626 0.0 23.90199 31.51982 24.29833 18.07309 13.18785 18.90624 35.34658 0.02796 46.94338 19.07469 33.52311 14.93852 23.48323 11.77467 41.41433 15.40053 41.62758 12.82167 
1000.0 18.78718 35.13523 16.50782 0.0 34.3895 16.25356 21.96428 20.44766 40.49716 23.18063 39.89437 0.0 26.87349 37.61452 25.84239 10.79712 12.82519 16.83526 40.64028 0.02157 28.13313 23.10665 45.90207 47.88069 47.34173 46.88825 24.97417 28.17253 36.52594 27.78928 
1000.0 44.56018 16.84816 23.34662 0.0 45.44251 46.00624 40.21398 12.06126 27.66779 36.887 24.40788 0.0 32.45811 23.82709 28.64487 13.60819 44.21038 12.40262 19.51942 0.04938 19.58863 29.77263 17.35894 17.05552 32.71918 36.7624 30.5002 10.33396 48.01554 21.27351 
1000.0 32.04229 15.66077 32.39181 0.0 27.76865 10.21571 15.73111 40.03603 15.70496 31.12077 40.61899 0.0 24.25715 40.9192 31.71932 22.43998 22.02949 41.89946 19.37795 0.02043 17.19774 11.73836 48.67243 23.36105 21.82421 28.3641 41.62074 38.05895 46.9848 44.44341 
1000.0 22.61576 27.9274 37.6285 0.0 46.86555 29.29019 16.94587 19.57554 24.53526 36.38821 45.47269 0.0 25.76428 31.79875 30.23448 27.83839 18.07635 20.45904 27.5385 0.04578 11.42393 14.90178 34.63852 48.72295 37.12429 44.02633 23.92771 16.85424 25.96598 37.15573 
1000.0 48.5788 29.81968 46.99393 0.0 45.23861 31.76545 40.58859 43.68199 29.96042 27.13195 42.9452 0.0 34.32554 42.92599 35.90655 39.90693 29.08838 46.35116 32.78132 0.02352 21.26059 12.40715 11.08085 30.77655 32.34991 47.76467 13.96599 43.69937 12.12285 40.64662 
1000.0 40.88128 19.18609 47.18163 0.0 11.63345 10.12099 46.24358 28.17224 15.15177 11.6555 48.38374 0.0 23.66696 12.26484 30.05763 15.01669 41.24844 47.39461 42.62854 0.02635 25.57124 11.46903 32.87107 24.50822 23.83735 26.33607 30.48167 20.87068 21.99815 34.78764 
