1000.0 1000.0 1000.0 1000.0 1000.0 1000.0 1000.0 1000.0 1000.0 1000.0 1000.0 1000.0 1000.0 1000.0 1000.0 1000.0 1000.0 1000.0 1000.0 1000.0 1000.0 1000.0 1000.0 1000.0 1000.0 1000.0 1000.0 1000.0 1000.0 1000.0 1000.0 
1000.0 24.0453 16.27929 32.2182 0.0 40.10739 14.95886 30.26225 44.6832 45.76174 47.00178 32.59087 0.0 12.25944 9.7797 37.87215 23.08405 37.07946 13.09372 40.95435 0.02224 29.07589 28.26622 37.31733 26.22944 45.66126 19.07488 38.21267 39.65263 37.84316 24.11651 
1000.0 41.851 34.75657 36.24552 0.0 41.48699 43.37016 15.06393 15.04854 17.18805 46.11263 43.56519 0.0 15.12791 22.35 16.2269 41.21577 21.57819 10.49361 13.2343 0.02375 46.40943 46.7652 23.0334 11.57598 12.62459 14.01095 19.39638 43.17317 16.92369 17.75102 
1000.0 41.55941 34.10691 15.51571 0.0 33.94203 28.76284 14.90338 11.37925 39.43837 25.20245 15.07801 0.0 23.24298 19.0021 39.46631 15.27341 47.29651 42.87449 11.71091 0.0353 42.01199 34.84283 24.0726 42.91634 46.5786 37.86383 35.65546 28.37214 13.73197 45.36232 
1000.0 0.0 0.0 0.0 38.40196 0.0 0.0 0.0 0.0 0.0 0.0 0.0 16.36734 0.0 0.0 0.0 0.0 0.0 0.0 0.0 0.0 0.0 0.0 0.0 0.0 0.0 0.0 0.0 0.0 0.0 0.0 
1000.0 26.2334 37.52618 29.74668 0.0 26.87697 14.8349 22.98476 44.83609 33.11558 35.13975 27.92869 0.0 29.88208 21.26453 41.75751 15.39531 38.67231 35.65641 16.3434 0.03118 39.83642 30.82493 27.22343 39.10878 11.96717 30.86629 47.53567 11.4609 33.41793 24.84521 
1000.0 41.81332 39.4173 15.10409 0.0 19.9391 44.22472 34.29674 34.50273 17.86944 19.29242 19.4006 0.0 39.7245 19.87201 25.8427 32.10424 25.82712 22.505 20.50602 0.02526 40.55904 24.45355 17.32846 11.17136 39.96884 39.6018 11.06462 41.35388 45.75036 47.6175 
1000.0 44.43614 33.22396 13.23975 0.0 47.49736 28.15017 10.40199 26.81683 23.53405 18.63394 19.68029 0.0 42.2291 24.46739 12.00929 29.57472 31.03861 19.93304 34.64448 0.0201 18.40446 11.40787 41.16739 11.81906 47.60252 22.84838 40.31804 34.6291 41.92561 12.21925 
1000.0 29.15052 11.49529 38.97078 0.0 46.95422 15.01628 19.0935 25.17849 24.26764 32.90863 30.7405 0.0 28.62608 39.1796 42.71273 24.96866 45.82071 14.42265 17.87842 0.02291 43.24007 14.16356 15.27785 24.84718 34.47403 43.70207 10.12498 26.39625 47.69243 11.30473 
1000.0 12.96524 26.80146 43.6629 0.0 12.41522 28.08148 33.2864 29.04288 38.55805 27.68129 28.36565 0.0 31.46458 45.6113 27.55979 44.70347 42.47156 47.24914 25.56559 0.0115 40.83381 43.7508 10.14074 45.87055 29.33759 15.95034 42.36183 15.96451 22.04525 42.23571 
1000.0 14.4795 24.20433 20.09291 0.0 15.56723 40.27578 39.23002 10.39395 11.81581 26.76107 45.87639 0.0 45.36392 45.58068 18.80606 46.64353 39.62671 24.8268 29.00534 0.02854 20.33407 12.12829 40.71823 35.46712 28.52167 22.2654 33.47905 37.73605 18.49048 46.08452 
1000.0 22.03562 43.12914 22.98171 0.0 42.3133 22.66945 29.79247 10.49534 30.29387 17.43624 13.047 0.0 16.45873 47.24945 28.66621 38.96521 25.37639 20.65319 28.69651 0.03877 15.93661 29.86543 23.17187 21.72809 23.89108 22.04488 22.87192 23.93373 36.59328 11.61172 
1000.0 0.0 0.0 0.0 18.99893 0.0 0.0 0.0 0.0 0.0 0.0 0.0 10.98537 0.0 0.0 0.0 0.0 0.0 0.0 0.0 0.0 0.0 0.0 0.0 0.0 0.0 0.0 0.0 0.0 0.0 0.0 
1000.0 14.92077 36.93068 13.24731 0.0 41.3997 25.55887 43.75784 16.50679 24.52847 38.10631 17.75362 0.0 43.11395 26.56274 41.55785 18.56793 26.52446 42.71573 32.35869 0.01738 13.51157 14.01197 17.53198 27.2243 47.41721 20.18548 41.28291 41.46563 16.67242 38.99041 
1000.0 20.68342 43.38123 28.42773 0.0 30.60507 12.52508 20.27001 30.75123 44.16921 10.62243 13.85426 0.0 20.09428 30.18348 26.00106 17.81345 44.61954 28.36478 14.92001 0.01766 24.42742 30.43112 10.8477 38.31413 24.86808 47.11185 11.73625 25.57872 26.18646 11.78728 
1000.0 18.14219 16.7971 33.94566 0.0 15.92304 20.38427 9.90816 43.60472 45.30313 36.63039 19.04268 0.0 35.39749 16.9136 34.48305 22.56589 42.22738 26.27952 34.5183 0.0218 27.81106 29.08461 13.22303 25.91124 29.51743 19.18866 20.48867 19.07546 28.17976 45.40973 
1000.0 36.52079 27.64138 11.52677 0.0 21.82425 42.93035 21.17169 21.48212 47.17294 13.65728 25.58206 0.0 37.67562 13.52044 41.7578 27.14026 41.75528 41.61192 20.97622 0.02158 30.32002 11.81441 43.37314 45.60606 23.97858 43.04265 45.79126 22.22135 35.63637 13.30764 
1000.0 28.54946 9.87538 34.11405 0.0 11.53155 43.91327 37.23633 28.37742 27.60502 26.00584 17.60862 0.0 19.16199 25.39008 40.0196 10.4542 10.41776 16.20432 15.95499 0.01979 18.47444 24.45465 12.57077 42.97671 28.96669 45.82143 31.2702 26.96793 41.58303 46.78234 
1000.0 26.23271 32.4127 20.89631 0.0 28.89423 33.69093 43.12252 23.4014 16.59537 32.18454 17.56586 0.0 27.15469 37.53495 44.87865 44.39025 46.38892 32.2818 44.30984 0.04187 17.74466 44.80807 30.45725 20.39393 13.34273 20.45214 18.10927 19.23559 26.04424 31.17703 
1000.0 28.04598 35.44358 26.58026 0.0 25.26304 15.93816 15.63331 44.83198 38.19315 20.5022 14.45752 0.0 30.04925 32.19393 19.52924 22.76684 38.76105 23.4486 19.08007 0.03286 20.82988 41.01128 44.4714 46.19369 31.99354 15.47079 26.45931 12.23325 44.57989 30.07471 
1000.0 0.14017 0.0924 0.16977 0.0 0.17687 0.08654 0.11971 0.06269 0.19077 0.08965 0.18359 0.0 0.1021 0.16306 0.06344 0.18698 0.05942 0.10937 0.1195 32.7131 0.17167 0.17219 0.07496 0.07251 0.1885 0.19049 0.18938 0.04651 0.09615 0.16962 
1000.0 27.1685 24.44948 18.45649 0.0 32.91101 33.79008 46.93921 38.27233 30.24491 40.30853 11.32423 0.0 38.99957 36.10203 47.2009 38.34084 34.42974 41.06813 25.18797 0.0217 35.2884 27.66146 21.17239 24.40418 9.93225 29.04499 15.00712 13.31836 22.0442 30.12721 
1000.0 14.7671 17.91004 45.34937 0.0 26.03616 12.65998 32.32289 34.21914 33.91293 16.98507 20.83453 0.0 37.46026 31.88674 37.20487 39.95052 21.12314 39.20515 17.71046 0.04526 36.10885 14.36557 44.95902 11.48115 31.11734 34.88531 39.56721 25.75122 24.61271 22.64876 
1000.0 31.93141 27.46763 34.79718 0.0 35.1235 17.24285 12.31063 20.24363 26.37415 26.30225 38.12715 0.0 37.43181 41.07388 26.29282 27.28863 13.15972 12.35646 34.05527 0.03187 33.51516 12.98096 12.99507 33.85099 15.62823 37.26607 27.92374 32.41025 20.18118 27.30939 
1000.0 30.76639 18.9811 43.23443 0.0 17.9745 11.27052 10.9303 26.47949 9.74098 43.20223 40.06079 0.0 37.48192 39.89367 40.53697 23.53961 45.90886 42.28818 12.97254 0.0257 26.29674 14.92978 26.79941 29.75601 43.38361 24.66547 33.15712 36.37775 45.12782 9.8674 
1000.0 25.71058 20.23618 47.18125 0.0 18.29237 15.37118 36.46048 26.20092 25.37079 39.60548 38.59889 0.0 29.26169 45.11183 33.20406 34.30165 37.19329 33.56979 17.27932 0.01402 26.23669 25.8222 22.67392 18.22768 12.04098 29.16359 39.5872 11.34411 43.75559 41.82884 
1000.0 39.71197 18.30147 16.96227 0.0 25.33812 37.51064 35.54841 27.36882 16.84598 13.99515 19.64587 0.0 43.70564 9.56958 39.30027 29.84277 15.49869 17.87437 30.81711 0.02269 11.35645 35.15333 17.54557 9.75779 14.952 20.95977 18.79358 32.88876 10.25643 18.59852 
1000.0 13.11027 17.94087 12.29297 0.0 38.92995 30.28793 28.42177 38.25663 13.99966 32.09888 22.42691 0.0 27.86952 20.80602 19.93069 39.66348 16.76246 46.43862 39.88819 0.01644 20.76729 20.96124 34.06947 43.7611 13.63649 17.30192 21.32764 24.11648 9.64073 46.28301 
1000.0 40.11258 28.57784 14.74372 0.0 42.41705 33.91026 41.25344 9.80467 17.84919 41.67079 28.45809 0.0 24.59066 20.53152 11.03497 40.26767 24.57916 26.90948 45.68438 0.02498 15.43002 42.8793 41.12319 11.53057 37.45264 18.27893 31.69694 28.61336 22.36353 25.5887 
1000.0 19.68369 19.40316 43.8182 0.0 27.23147 11.18936 26.40603 42.48929 23.61357 46.00077 40.55959 0.0 14.63726 11.61919 28.35389 13.81493 11.38802 30.5522 46.73878 0.01896 38.97928 15.5596 17.04511 40.05455 37.06872 29.87919 38.12907 26.10428 32.28068 36.96796 
1000.0 29.08904 32.34721 43.95117 0.0 28.3912 19.47621 17.09065 35.41807 31.84217 32.46305 45.27739 0.0 32.5397 18.88283 42.61108 28.27428 21.55684 47.05178 32.66461 0.04631 22.52696 23.70192 18.12476 40.48711 28.63807 33.62508 18.91989 35.56102 25.46432 41.26078 
