1000.0 1000.0 1000.0 1000.0 1000.0 1000.0 1000.0 1000.0 1000.0 1000.0 1000.0 1000.0 1000.0 1000.0 1000.0 1000.0 1000.0 1000.0 1000.0 1000.0 1000.0 1000.0 1000.0 1000.0 1000.0 1000.0 1000.0 1000.0 1000.0 1000.0 1000.0 
1000.0 16.40262 46.92859 48.29521 0.0 35.43166 37.48326 41.53473 42.71845 21.46188 21.4882 21.7777 0.0 39.87676 42.83655 43.43076 10.14282 17.02995 20.7337 12.36155 0.02304 33.89233 21.1523 24.92647 35.22009 12.19367 20.19119 42.37538 19.60173 12.79591 32.49547 
1000.0 45.04484 25.79962 17.8566 0.0 24.82107 48.1079 10.2713 38.05392 43.67518 33.66958 33.79493 0.0 24.24005 29.61668 21.05372 48.13563 31.82193 21.40284 38.22838 0.02476 44.02351 29.25913 30.07713 30.05024 45.42933 45.60212 14.38403 39.7345 30.83755 15.93592 
1000.0 13.41476 19.10894 17.59503 0.0 22.59213 43.56033 31.85345 11.28612 46.90865 43.90738 43.79793 0.0 21.09476 10.23604 27.9099 27.30019 42.67559 28.0878 34.69189 0.02992 30.1999 39.52469 45.43197 28.3389 44.27309 10.05973 33.59775 10.60944 43.40498 43.99228 
1000.0 0.0 0.0 0.0 27.16045 0.0 0.0 0.0 0.0 0.0 0.0 0.0 37.0742 0.0 0.0 0.0 0.0 0.0 0.0 0.0 0.0 0.0 0.0 0.0 0.0 0.0 0.0 0.0 0.0 0.0 0.0 
1000.0 47.40574 40.04722 44.92153 0.0 47.69375 13.35862 46.79058 38.31224 28.07394 45.57131 37.98914 0.0 18.9539 41.31721 16.80191 30.31767 26.14381 47.33346 47.02701 0.0266 38.10151 24.96833 13.53363 30.36827 32.2389 10.86108 46.47019 35.27022 46.39362 12.06304 
1000.0 35.46178 38.45279 22.2905 0.0 46.13887 27.80353 46.34094 19.26586 20.30273 17.55689 15.59272 0.0 38.15127 37.95924 40.73582 41.50367 31.39408 15.24371 43.08566 0.04502 29.3152 34.42397 12.01772 21.96793 31.52796 39.39498 11.6538 24.68826 47.85578 45.31446 
1000.0 19.81979 48.51974 10.99103 0.0 27.61882 35.14033 45.8318 37.57218 42.86538 15.10468 21.64357 0.0 25.54727 24.01147 41.7237 19.35014 41.37689 10.2661 17.15923 0.03274 19.42998 30.7757 35.95337 43.00218 16.84894 10.19543 34.68407 48.33068 27.08219 24.18931 
1000.0 14.19786 16.54364 29.95962 0.0 26.61284 28.16054 31.88746 32.54205 27.81691 10.01051 25.40496 0.0 41.15465 44.19053 14.70222 18.01852 44.12752 40.78335 32.73678 0.04385 26.08779 25.95853 42.44112 25.35019 20.29793 30.1569 13.77017 33.73772 35.45335 14.72579 
1000.0 11.54951 20.22826 38.23027 0.0 25.1116 46.49857 35.52626 44.73352 26.26293 23.67363 11.62335 0.0 17.3586 14.7308 16.8685 27.1153 10.51804 33.45737 46.85677 0.04298 12.05562 13.34895 47.91749 45.08462 46.44998 22.74605 11.52945 36.20069 48.51338 10.2342 
1000.0 16.66021 47.14625 25.67611 0.0 23.25276 44.88876 42.64468 35.31139 48.5464 11.03359 12.28053 0.0 10.96479 35.32033 10.30705 33.4346 31.91235 31.85918 44.93452 0.03785 19.94326 30.74502 30.17836 45.48312 47.08121 45.71573 29.06453 25.98055 21.8653 11.10536 
1000.0 12.79729 11.16983 28.79407 0.0 32.63925 39.3051 24.77838 38.41515 39.16218 17.12675 42.96414 0.0 26.08126 25.81936 48.71542 32.21084 24.10752 41.48078 16.13544 0.02782 11.4896 34.78186 17.79321 41.91405 40.29848 21.26483 15.61738 19.85832 12.6027 35.96771 
1000.0 0.0 0.0 0.0 44.80985 0.0 0.0 0.0 0.0 0.0 0.0 0.0 35.52908 0.0 0.0 0.0 0.0 0.0 0.0 0.0 0.0 0.0 0.0 0.0 0.0 0.0 0.0 0.0 0.0 0.0 0.0 
1000.0 48.1359 20.15656 44.47611 0.0 35.19846 34.85318 23.45709 24.33789 39.68512 29.34809 20.24276 0.0 37.28856 17.92292 18.14685 21.89094 45.50994 47.07957 46.59101 0.02467 20.80436 27.73935 15.96516 28.0583 45.43187 23.23156 24.96493 28.0881 44.34911 41.65419 
1000.0 47.05925 43.22746 11.27107 0.0 40.14667 47.34049 25.65767 22.797 42.47609 41.80294 15.85327 0.0 14.82178 21.35589 39.95691 27.41648 26.76982 35.34615 43.52366 0.01818 42.66728 10.03117 46.02775 14.88376 27.93309 15.92262 12.53005 23.78594 13.32717 32.58294 
1000.0 22.53681 38.5044 10.94938 0.0 18.46438 17.42914 24.69177 35.06794 33.31517 16.19318 47.45108 0.0 27.95827 41.88523 35.05946 26.42334 22.70405 48.16059 28.17251 0.0251 31.00356 12.70471 47.28509 19.61217 30.50388 17.44573 10.91345 20.68958 27.09815 14.39857 
1000.0 33.95284 43.57721 18.17726 0.0 42.26594 23.79992 27.89362 36.41202 31.83881 24.0947 11.02424 0.0 16.18786 25.39346 24.91508 17.46452 15.1191 13.26044 46.89763 0.04081 12.93711 47.4031 34.26995 11.00364 23.07872 34.41802 41.86572 41.21362 42.2271 44.18691 
1000.0 19.5163 42.45511 42.33302 0.0 28.57927 26.91628 27.69109 29.20588 14.58443 29.17781 42.48681 0.0 22.92749 10.38321 30.75955 23.91452 42.61633 47.66512 27.11098 0.0099 38.1668 25.75991 39.88153 40.4755 11.48865 27.95213 20.51766 32.28271 16.19841 9.95983 
1000.0 21.16328 12.50085 27.43718 0.0 18.53522 13.6029 30.88913 11.80948 47.1622 26.45193 43.89222 0.0 36.27435 46.49164 25.73158 26.76646 28.07988 19.03851 45.75222 0.01029 14.22877 46.74012 38.66265 22.37339 47.16595 36.27701 46.58119 16.154 14.15732 16.2203 
1000.0 11.88307 19.48244 19.42434 0.0 11.26532 12.25992 14.29463 16.75684 45.25018 18.07016 16.81291 0.0 10.50585 12.14149 32.8136 14.04155 32.60488 27.88314 9.85231 0.04367 34.12941 47.31355 18.26405 11.40622 44.32798 47.77369 41.33545 26.4256 43.33371 43.98413 
1000.0 0.16241 0.05529 0.17501 0.0 0.07654 0.19712 0.08887 0.10643 0.04248 0.1849 0.12666 0.0 0.1386 0.06712 0.06516 0.08519 0.13097 0.06627 0.06023 37.19727 0.18027 0.06882 0.17058 0.1115 0.19121 0.17168 0.09785 0.17853 0.19723 0.05591 
1000.0 38.29866 41.01516 16.5563 0.0 27.25396 11.10419 22.97377 34.78484 38.95215 46.24685 24.02171 0.0 12.61923 43.28861 14.87725 11.57484 19.96435 48.59858 30.88472 0.03451 24.09643 37.56913 19.14738 21.93163 14.58016 42.60731 37.81085 40.86538 45.14564 32.77366 
1000.0 45.02339 38.78081 28.47682 0.0 26.94204 20.66083 21.06712 44.44285 15.17006 18.31594 40.37365 0.0 29.60404 46.11294 17.56666 36.84615 11.61323 33.0571 45.19301 0.01616 43.71673 28.28196 9.96662 30.77512 44.68826 24.23239 18.8779 37.1551 21.16937 15.32129 
1000.0 15.56939 23.21448 15.96472 0.0 11.71712 47.64607 11.20876 9.88505 46.44763 21.55251 24.54418 0.0 17.29268 27.63715 42.34138 33.91098 41.43922 22.75437 45.42694 0.02436 13.37396 34.54843 16.2165 12.23391 15.98025 17.79763 18.71022 18.18442 41.45393 42.66504 
1000.0 46.94495 31.72112 35.33998 0.0 42.96284 28.41448 38.46336 14.75519 43.89903 23.9016 9.88305 0.0 14.02434 28.05476 38.53521 20.89149 27.04346 43.81158 11.9543 0.03193 12.72721 14.18828 12.85322 14.152 29.90316 32.72754 37.40912 48.44248 30.11374 21.42606 
1000.0 14.11315 34.35764 17.53647 0.0 35.25578 12.41609 27.61122 14.86948 47.45193 12.66182 29.86269 0.0 24.23913 21.75591 31.91862 43.11779 40.90521 48.22157 29.9819 0.01747 24.39734 39.39112 20.95384 27.99213 37.54307 33.04177 12.82029 41.33406 43.26725 28.56048 
1000.0 37.34524 38.99461 34.65081 0.0 12.1503 46.53642 43.79078 29.25454 29.11179 41.465 17.15787 0.0 47.1014 38.85877 15.49891 46.6727 43.55052 17.78437 24.38624 0.03772 36.32814 40.21952 12.33685 15.69172 10.72225 42.36804 25.21533 25.89835 24.06165 11.9258 
1000.0 45.25417 13.89734 12.50173 0.0 30.6419 47.34887 29.61167 29.02818 39.14163 29.19837 41.65108 0.0 32.87884 11.02654 39.09715 43.25632 21.27863 47.87221 43.52977 0.0287 41.43442 44.33545 24.28518 27.33452 27.68913 47.77612 35.54229 31.60846 44.77032 30.80915 
1000.0 20.53522 41.21906 11.06501 0.0 44.2091 21.36621 11.19887 25.76043 41.35985 45.74923 20.84029 0.0 46.19839 22.52967 25.04429 13.1604 9.90068 20.13846 16.55106 0.03236 25.05328 44.99478 36.13228 12.07972 25.7368 31.8991 19.59096 17.377 36.18091 31.0844 
1000.0 10.84267 23.983 30.17336 0.0 41.06796 25.86217 36.90898 48.52146 32.09196 26.98152 14.66906 0.0 13.69539 34.42238 16.46754 24.22834 26.42585 40.93648 13.03918 0.01875 29.72688 10.23856 12.15533 42.69366 25.687 27.49771 38.72401 11.53505 15.18406 45.04431 
1000.0 28.04858 22.101 44.35808 0.0 18.01495 37.65688 25.6443 13.63145 18.56163 38.64999 22.05755 0.0 11.991 36.16652 37.20259 42.5953 48.68756 18.65664 35.53605 0.03816 42.82672 19.99042 40.22919 31.89536 41.92538 27.68264 47.86746 16.20566 20.35408 26.56714 
