1000.0 1000.0 1000.0 1000.0 1000.0 1000.0 1000.0 1000.0 1000.0 1000.0 1000.0 1000.0 1000.0 1000.0 1000.0 1000.0 1000.0 1000.0 1000.0 1000.0 1000.0 1000.0 1000.0 1000.0 1000.0 1000.0 1000.0 1000.0 1000.0 1000.0 1000.0 
1000.0 15.45158 25.74732 45.23268 0.0 20.53811 14.17211 34.68247 31.59465 24.55421 23.44084 19.24861 0.0 17.50818 18.67933 31.8287 17.64971 31.08729 10.92526 29.669 0.0477 23.30097 37.21389 33.44671 18.37293 15.91203 33.88218 44.70433 32.67515 26.09726 34.05808 
1000.0 28.44658 17.9422 14.00476 0.0 41.6781 19.0612 17.73231 10.8931 32.68652 11.74521 36.79902 0.0 23.52582 40.98275 41.98996 9.24924 30.15663 18.92234 31.16123 0.03175 41.99936 10.72828 11.47852 38.74577 24.43969 34.67956 45.64293 43.90289 17.44963 43.28442 
1000.0 32.16374 10.45096 25.58991 0.0 16.70194 42.13135 13.15353 40.35192 22.4326 35.08781 22.74603 0.0 25.6636 17.75915 35.71043 13.65336 12.89179 43.24082 12.94009 0.01203 26.71445 40.74172 35.69198 33.34777 21.21894 10.02848 26.99157 35.96963 34.21555 16.55552 
1000.0 0.0 0.0 0.0 24.23827 0.0 0.0 0.0 0.0 0.0 0.0 0.0 26.23758 0.0 0.0 0.0 0.0 0.0 0.0 0.0 0.0 0.0 0.0 0.0 0.0 0.0 0.0 0.0 0.0 0.0 0.0 
1000.0 36.41649 29.7423 32.21591 0.0 33.46327 34.39841 26.70557 23.1504 12.21842 11.18613 29.62275 0.0 16.45118 26.39513 41.31168 14.05839 35.58558 19.79822 44.13586 0.02162 22.94428 18.29025 45.19244 15.20765 40.71124 23.72707 23.31437 37.28741 40.29945 9.35165 
1000.0 17.09886 14.41289 21.0121 0.0 34.11129 39.72255 29.28368 17.89893 34.52498 24.09245 28.99396 0.0 9.26519 31.30821 39.63564 37.48253 40.63956 40.99527 15.54774 0.04205 21.45154 31.35162 42.0543 37.50963 39.71481 25.37761 39.74506 12.99544 22.23928 28.99894 
1000.0 27.06862 32.12005 19.06393 0.0 23.32225 20.32143 39.09796 40.85789 28.00719 23.76813 34.06354 0.0 22.57612 44.3099 30.18931 32.51663 30.4962 10.86013 12.69633 0.0334 44.06484 23.85683 23.94407 31.92782 23.50989 24.33055 28.8747 9.51672 38.73625 28.89779 
1000.0 41.69855 43.40081 42.2289 0.0 41.52948 19.83957 38.26731 29.78626 27.2944 45.13473 19.00959 0.0 15.12257 13.96652 45.47666 15.65641 17.04666 38.79666 31.98227 0.01962 44.24868 37.64008 32.7319 23.40292 22.54413 20.73411 37.45837 22.61912 23.14898 35.967 
1000.0 26.55041 18.54079 30.24478 0.0 31.7433 42.14275 21.47349 42.18733 13.13154 13.5788 24.22295 0.0 36.25166 12.69019 39.88452 24.26915 37.13661 30.7519 39.75364 0.01937 40.16673 36.29075 40.11589 22.31027 17.73052 16.56206 32.18581 40.80319 17.49491 32.83911 
1000.0 12.77309 33.50728 26.57092 0.0 21.68754 25.89271 36.16794 18.37942 25.72752 11.80226 19.41757 0.0 34.73935 44.89629 31.37815 30.58711 33.84601 22.0362 26.70718 0.02864 29.1716 33.85246 10.8926 24.80594 41.56976 39.58306 17.74264 38.2301 21.78891 40.87483 
1000.0 20.65685 20.27864 24.03706 0.0 37.2784 13.50536 22.12597 41.15775 11.32217 40.36225 38.5185 0.0 10.56687 13.29363 44.07502 21.1724 25.38171 13.16039 45.20597 0.01588 36.97664 13.47534 11.50443 41.0966 44.39768 33.42005 38.36715 34.87816 10.93157 39.23666 
1000.0 0.0 0.0 0.0 32.5394 0.0 0.0 0.0 0.0 0.0 0.0 0.0 44.78404 0.0 0.0 0.0 0.0 0.0 0.0 0.0 0.0 0.0 0.0 0.0 0.0 0.0 0.0 0.0 0.0 0.0 0.0 
1000.0 31.37563 41.38754 30.91549 0.0 31.80522 39.92931 13.12784 17.47387 36.48484 42.00884 23.05058 0.0 38.73814 17.99737 21.20609 17.48349 26.74257 17.3048 19.99775 0.03605 31.70054 26.10462 24.68045 41.1376 33.55705 20.34175 13.22232 30.78416 34.38264 18.29726 
1000.0 12.09949 31.97815 18.20807 0.0 34.90508 45.11133 23.39159 44.1733 36.01471 25.15094 32.90989 0.0 16.44612 36.89275 38.85222 32.51542 37.65744 25.94572 18.97815 0.03164 34.98911 9.82771 23.82775 37.40391 33.24365 13.32791 31.79547 18.96944 25.68377 38.2688 
1000.0 24.76787 20.70343 37.38789 0.0 37.72428 42.40792 40.37951 21.73925 30.3589 40.68197 12.12666 0.0 34.22014 26.74825 42.26019 9.48394 41.63324 23.86746 34.47189 0.02784 29.3823 41.76151 42.85472 43.9521 27.76035 40.0521 36.4 31.69104 24.35032 27.01063 
1000.0 38.93696 41.64205 10.47977 0.0 12.70372 16.66296 22.09263 26.33435 40.81952 32.51834 44.47121 0.0 19.44242 43.98114 13.69655 33.51702 45.17683 30.97617 32.70133 0.02486 15.98179 45.07656 31.1018 36.67063 11.85943 21.94136 33.85289 13.49593 13.70705 31.32689 
1000.0 40.55853 35.40127 23.88041 0.0 23.21778 26.59585 18.55061 13.41716 24.69104 15.06446 16.39973 0.0 40.56003 27.60446 27.61075 44.80582 42.58665 23.08309 26.83706 0.03468 44.74489 34.59356 37.71906 16.96536 44.4868 25.39733 33.34962 15.41057 33.34694 15.73796 
1000.0 35.71305 28.887 30.29834 0.0 14.0047 28.51461 36.85645 28.91126 31.62156 39.86752 38.8085 0.0 35.333 25.3793 30.90317 34.4464 30.44038 14.80418 19.7848 0.03969 14.28013 21.08368 30.80902 26.47192 31.34707 39.04041 21.51406 41.21602 30.19239 14.08287 
1000.0 30.17353 41.51774 43.02269 0.0 18.56759 17.16102 10.30902 15.80128 35.5234 14.81115 21.37436 0.0 33.33639 45.65117 44.3783 39.13368 32.57261 18.87899 25.48314 0.04117 25.14261 13.84657 11.43814 33.50481 38.94013 9.38391 11.15514 28.23989 14.57317 45.05511 
1000.0 0.17085 0.16024 0.06243 0.0 0.12758 0.10361 0.16438 0.15138 0.13015 0.09267 0.04936 0.0 0.1765 0.07837 0.1639 0.14175 0.13144 0.0649 0.06066 14.30012 0.0686 0.07957 0.0428 0.09002 0.05445 0.09974 0.06087 0.15315 0.13737 0.10666 
1000.0 17.95874 32.82169 31.37747 0.0 23.70038 20.80613 36.29554 13.61735 34.32118 20.25727 14.54752 0.0 11.54709 23.77487 35.66997 45.13672 25.05187 44.34987 35.32411 0.03779 25.32763 36.18049 37.33681 27.605 34.00248 21.87367 36.70945 23.79382 17.03411 19.8426 
1000.0 23.18471 29.75628 34.79446 0.0 12.74277 20.45852 14.27242 39.87505 11.42296 14.82244 19.97926 0.0 41.33139 38.24777 35.87499 16.88633 35.36255 29.62904 30.29509 0.04659 16.54745 9.56432 28.91426 42.40328 35.63114 15.35625 33.04664 34.69839 16.78175 31.21259 
1000.0 22.72549 28.02294 30.03923 0.0 17.74283 37.22378 39.01611 18.55742 27.71575 28.54309 28.19961 0.0 38.89498 17.42642 9.86503 12.25836 20.25458 35.96688 41.99072 0.02304 30.17597 13.18471 26.0555 28.27132 12.95679 20.79325 22.74948 28.04294 20.68792 29.14497 
1000.0 25.63289 11.51051 27.55017 0.0 44.10225 37.16794 22.79276 37.90152 16.9668 43.98497 43.73649 0.0 16.64735 22.20065 20.58829 27.84058 22.17704 33.67716 21.80383 0.03691 31.81129 41.48248 32.36182 42.15526 35.17151 13.6365 14.6759 45.01673 42.34933 34.70937 
1000.0 26.11738 36.81121 21.43619 0.0 29.92768 30.53171 12.04702 34.77118 15.46324 17.92969 27.66242 0.0 31.81035 10.38877 45.56132 12.60021 44.40472 33.38613 21.49806 0.0129 36.09471 42.48529 17.38386 40.55857 22.74617 15.10542 10.80675 15.03446 12.45367 45.57607 
1000.0 17.85055 33.29925 20.6682 0.0 13.84173 44.3765 42.18659 16.62052 34.97907 29.92956 14.54236 0.0 14.08294 27.4315 30.99945 26.74705 33.20512 38.11567 39.52501 0.00977 45.21226 9.14993 22.05696 38.52953 26.78932 40.71416 29.13812 31.75482 37.73298 20.20561 
1000.0 12.20293 16.01767 10.81161 0.0 24.18478 40.81044 11.02754 16.40375 27.73518 43.90324 25.70321 0.0 10.50252 21.55633 22.94818 40.19749 26.95582 36.07213 30.35637 0.03662 33.64321 23.14181 45.24122 27.16972 9.75865 42.6609 16.49716 17.97905 10.78313 27.80478 
1000.0 33.29475 17.98348 26.12002 0.0 19.10775 44.34832 45.08903 29.44429 13.65347 18.09996 24.42924 0.0 32.33457 21.63042 22.31655 21.85947 36.11815 35.29812 12.77016 0.03347 19.16416 17.30176 17.84795 27.27466 10.46383 13.8963 17.17142 29.63704 26.4971 29.17365 
1000.0 14.13099 30.7972 23.05714 0.0 40.60756 30.55314 36.88253 15.89509 15.02875 38.94379 39.84637 0.0 40.2785 10.76542 19.41405 10.10577 10.76936 41.04604 33.61862 0.01986 10.24395 29.24398 30.22521 24.48161 18.61487 26.19192 9.62522 29.12287 33.68099 36.82041 
1000.0 15.91666 13.42104 18.12634 0.0 42.57359 33.88686 38.98303 22.88458 27.89428 45.28637 18.39954 0.0 35.12303 28.92338 20.42492 35.8628 41.6613 41.29818 33.78015 0.03741 34.738 21.57907 14.91286 42.7191 14.8933 18.82073 32.04898 30.71545 43.36688 35.32759 
