1000.0 1000.0 1000.0 1000.0 1000.0 1000.0 1000.0 1000.0 1000.0 1000.0 1000.0 1000.0 1000.0 1000.0 1000.0 1000.0 1000.0 1000.0 1000.0 1000.0 1000.0 1000.0 1000.0 1000.0 1000.0 1000.0 1000.0 1000.0 1000.0 1000.0 1000.0 
1000.0 11.31815 33.53333 38.61293 0.0 24.78547 37.77498 20.25553 34.05429 37.21142 20.57567 24.80451 0.0 30.56172 38.5093 19.64661 13.40529 37.89845 39.44721 23.83286 0.0373 33.85683 28.05744 16.03803 10.40241 12.09909 32.41619 26.24752 17.60055 37.19751 37.36499 
1000.0 10.30936 19.84439 18.04169 0.0 31.37561 8.3784 23.95425 15.41476 21.88215 21.6709 17.65633 0.0 33.01094 22.00901 30.34835 15.75521 8.05016 28.71363 24.38669 0.03486 30.89029 16.1072 35.50718 30.24496 14.87661 11.40747 31.63985 13.62846 23.87497 29.06919 
1000.0 10.02283 28.14714 9.2874 0.0 21.10239 35.58752 18.22254 13.79604 9.15876 30.05437 33.63841 0.0 28.0855 39.24449 11.06498 10.18136 27.6262 37.12554 10.94368 0.03615 11.35886 15.68204 25.73385 16.82534 32.73598 28.85028 19.14355 19.44514 10.47877 11.48303 
1000.0 0.0 0.0 0.0 32.4426 0.0 0.0 0.0 0.0 0.0 0.0 0.0 23.70042 0.0 0.0 0.0 0.0 0.0 0.0 0.0 0.0 0.0 0.0 0.0 0.0 0.0 0.0 0.0 0.0 0.0 0.0 
1000.0 35.85405 33.58148 23.78061 0.0 29.383 22.30506 29.8516 19.32671 10.7279 8.22817 36.53617 0.0 28.70952 29.54692 33.63265 26.88835 26.13422 15.89865 39.49663 0.03426 14.96019 13.60164 29.14739 33.35487 31.3664 12.35499 20.96931 28.42093 29.88515 24.25687 
1000.0 37.75013 10.43633 29.51091 0.0 16.25117 29.01257 29.38108 15.59998 29.34141 32.1691 36.5528 0.0 14.65702 21.06169 22.56036 35.39522 28.53005 13.93891 30.91369 0.02424 21.43904 17.1127 29.21622 34.29806 10.49084 38.33748 28.90118 12.66987 37.77079 18.54018 
1000.0 23.76666 16.21497 9.80507 0.0 12.28241 14.63868 22.08365 12.98297 34.62642 17.86942 34.48835 0.0 31.75999 29.11532 24.81745 18.81612 12.51949 28.79023 24.76087 0.01427 16.32885 11.50452 30.54082 12.04069 27.82204 14.1876 35.21299 19.00207 18.90452 15.75466 
1000.0 35.50472 33.86571 27.57474 0.0 37.70071 38.54372 10.67869 22.34132 17.55358 32.0415 39.59332 0.0 10.35212 14.98133 24.57062 25.23789 25.98813 29.60307 38.77539 0.02778 28.25656 12.12704 39.79559 12.38853 27.52215 33.82896 33.15554 17.25542 25.1429 21.73272 
1000.0 39.167 10.44759 34.46681 0.0 37.91811 17.8428 18.41007 36.35407 28.95181 29.60275 29.38773 0.0 24.74186 14.01548 32.51106 11.48451 38.0404 24.66341 38.68523 0.02928 11.00686 37.83668 24.2674 15.09473 26.87369 32.43209 25.28451 12.98745 28.9804 35.05365 
1000.0 27.0273 11.00849 25.19601 0.0 16.59446 12.88801 35.73283 22.0056 28.77259 12.02808 33.10424 0.0 34.11069 32.82386 33.08099 12.58393 30.65249 22.84674 22.45193 0.01329 33.99293 24.05577 39.09232 9.28348 34.36552 31.75031 36.76892 32.40905 34.86192 14.6922 
1000.0 24.69201 18.57069 20.60525 0.0 8.73482 22.29774 34.09184 26.19111 22.65568 28.02727 28.82178 0.0 31.39689 12.19897 13.9798 25.69695 23.02322 37.97982 34.13813 0.04114 38.51927 22.45477 25.34942 25.18473 19.66336 25.13526 33.65889 26.80464 21.51665 31.29392 
1000.0 0.0 0.0 0.0 14.05467 0.0 0.0 0.0 0.0 0.0 0.0 0.0 11.47262 0.0 0.0 0.0 0.0 0.0 0.0 0.0 0.0 0.0 0.0 0.0 0.0 0.0 0.0 0.0 0.0 0.0 0.0 
1000.0 30.14062 37.02275 27.44126 0.0 17.52399 8.23874 37.57433 33.64951 25.10672 32.79571 34.83307 0.0 14.5716 21.60827 24.03025 12.93428 37.25406 8.37177 9.66063 0.01709 23.11943 23.43144 18.70592 38.46729 32.74025 14.342 27.14317 33.41958 30.38495 24.413 
1000.0 11.82291 22.80026 13.91978 0.0 8.45932 28.02633 28.53203 36.36824 12.23456 17.65596 38.12172 0.0 10.43401 11.33107 22.96473 8.16743 29.12019 39.4088 31.58629 0.03072 32.53199 11.01697 14.86204 32.16207 25.01309 9.13138 39.10686 14.44277 15.94268 39.68435 
1000.0 31.67216 35.5892 36.32768 0.0 37.68312 16.53063 12.56915 12.87608 33.57399 27.79289 12.97404 0.0 31.99124 9.93651 8.0116 31.68069 18.5946 15.8465 34.49026 0.01464 28.4474 13.46887 24.09315 11.72673 20.54093 29.2548 23.98627 12.93154 16.60973 11.80343 
1000.0 10.98342 15.02395 24.63935 0.0 15.87804 9.26916 30.63852 26.49795 22.20646 23.70018 28.9753 0.0 31.14641 28.64975 24.09551 12.51347 9.13829 24.65821 33.64264 0.0271 16.22712 28.81088 26.16025 37.17428 24.45971 10.73361 16.75488 13.47736 39.01586 37.2607 
1000.0 16.18494 18.92845 33.56001 0.0 10.40297 37.78595 32.52729 20.32668 37.12222 32.19478 23.88674 0.0 35.18097 27.98368 10.6688 32.27453 38.57682 27.75315 11.57146 0.01744 16.52901 38.50359 38.35564 34.43054 36.83554 26.9342 20.26769 27.82564 37.91177 20.20729 
1000.0 15.15631 8.73752 23.2305 0.0 34.85889 32.58072 31.86189 38.75818 13.53876 20.4336 32.84635 0.0 25.65314 30.3681 29.965 17.22452 14.69294 11.84231 9.42208 0.03105 26.97288 11.31092 32.35974 15.80837 15.47561 14.05157 33.16131 28.02381 33.76863 22.25904 
1000.0 18.40447 22.45358 11.12781 0.0 22.54203 11.02944 15.28068 18.08287 39.52956 34.83606 21.15568 0.0 18.71382 11.49909 15.05297 34.1126 13.72531 35.18781 23.23311 0.02444 15.56665 20.83091 29.01037 29.83842 30.30998 10.34127 39.83875 14.28236 12.05471 25.39956 
1000.0 0.0413 0.1328 0.0576 0.0 0.12743 0.16734 0.08146 0.10855 0.14351 0.09206 0.11019 0.0 0.16734 0.16375 0.15669 0.12311 0.15643 0.0582 0.10599 23.42588 0.0942 0.05233 0.0924 0.12353 0.11457 0.16091 0.17708 0.10355 0.1164 0.1785 
1000.0 21.59474 29.45652 19.6987 0.0 15.50528 21.32039 27.01418 36.84987 20.29573 26.81364 8.29031 0.0 16.51767 29.43109 24.22329 14.03189 39.43329 27.79513 21.8667 0.03045 28.66864 38.98385 22.61944 33.81925 8.64652 28.42568 15.96207 25.73606 34.83076 32.52928 
1000.0 18.10383 16.08497 37.1854 0.0 24.93026 15.41693 12.9326 37.7107 15.98169 11.24268 36.19679 0.0 38.98961 34.91481 21.5005 34.42081 17.59759 16.24703 26.45846 0.03875 32.2702 35.2082 14.7408 24.582 16.42863 20.94063 23.17142 20.56207 19.3924 18.33256 
1000.0 33.52592 8.61038 37.3103 0.0 38.86264 28.77096 19.63404 30.64696 19.12352 22.55551 12.17767 0.0 26.37205 22.21042 38.45681 9.83465 38.39716 20.33596 33.95 0.02046 12.7139 18.81463 36.13718 25.32843 31.53157 26.01167 25.29747 25.44041 32.71935 13.40119 
1000.0 26.46986 18.3034 36.29104 0.0 37.29866 8.50793 23.83691 32.51709 35.20365 35.04882 34.02302 0.0 31.24477 30.1433 24.08607 20.09349 16.25626 12.62166 32.8796 0.03199 10.74057 25.0131 13.74311 37.44623 38.95413 25.68985 35.98105 16.57003 8.66012 36.76647 
1000.0 19.72976 28.02469 30.1819 0.0 14.84559 33.23551 24.35821 20.9332 20.28997 10.03583 13.59942 0.0 36.86113 22.35917 26.12506 9.90763 8.25937 19.9604 16.98704 0.03784 20.32424 33.9475 9.67676 22.92178 30.31014 23.83077 19.45094 22.4603 15.30528 27.5918 
1000.0 35.90762 34.83644 9.76023 0.0 38.77305 27.72592 15.65194 21.5406 29.26738 38.71972 24.78024 0.0 39.25268 9.84619 27.78569 23.28117 27.69966 14.56232 27.30215 0.02447 12.63879 11.7966 30.44062 11.83534 21.43251 17.40796 33.42902 33.83726 31.60526 21.12814 
1000.0 35.74186 24.19036 23.64995 0.0 17.91777 29.86518 8.44754 24.63699 15.72169 29.05135 30.64271 0.0 15.34642 36.57616 9.34735 29.50037 12.09231 39.36843 22.24101 0.03995 22.30955 15.90431 27.38384 14.96999 31.57887 23.14833 34.85648 22.27412 18.2458 18.75671 
1000.0 12.31956 36.36755 21.03719 0.0 28.92077 9.0089 34.57211 11.02643 32.74645 15.96843 37.50372 0.0 8.1118 32.68245 16.24149 11.60151 23.06089 33.48117 14.63453 0.03047 35.99967 25.97943 35.61413 21.90963 18.8648 9.13231 28.83979 14.24289 8.86759 33.48216 
1000.0 17.27402 33.6897 24.90517 0.0 31.11719 8.19311 15.68904 20.96192 23.15856 22.33069 35.42787 0.0 27.38698 24.90296 22.98467 37.7422 9.59054 8.57031 38.55944 0.01244 8.79415 29.69265 30.78201 37.97058 8.57624 33.25266 21.72847 34.43417 35.77823 27.99302 
1000.0 15.56485 36.49406 19.46033 0.0 18.85992 18.29752 29.39762 21.29954 31.94318 29.27527 31.66201 0.0 26.08242 33.56519 23.30567 24.1901 19.32843 20.92907 35.87304 0.02923 20.80032 29.6849 29.30978 11.16544 18.9079 25.49703 30.63715 13.06125 34.78175 31.9069 
