1000.0 1000.0 1000.0 1000.0 1000.0 1000.0 1000.0 1000.0 1000.0 1000.0 1000.0 1000.0 1000.0 1000.0 1000.0 1000.0 1000.0 1000.0 1000.0 1000.0 1000.0 1000.0 1000.0 1000.0 1000.0 1000.0 1000.0 1000.0 1000.0 1000.0 1000.0 
1000.0 12.25679 30.59633 28.57556 0.0 10.65943 8.6043 36.86885 36.07043 29.19186 23.60548 15.48993 0.0 20.18313 21.96119 34.56686 11.09294 10.19668 38.16466 25.10349 0.04195 18.08437 34.23776 29.78313 18.04579 11.20819 15.00179 16.72889 22.42626 36.15046 22.35187 
1000.0 24.48329 25.30021 20.56855 0.0 25.03796 28.23737 26.08561 11.38003 26.62937 25.29686 32.63595 0.0 25.05884 16.28807 12.08951 23.49362 30.33024 19.61737 18.28238 0.01326 17.24357 33.39815 35.57464 22.57427 26.0472 16.90938 19.24448 17.93324 27.53676 18.42261 
1000.0 23.53906 33.85054 17.89584 0.0 14.66011 18.28856 31.87446 33.66611 16.74159 8.83847 36.95417 0.0 30.43237 14.75869 7.88176 9.52137 37.1386 17.03327 21.40805 0.01757 20.15936 27.41368 38.28204 18.66876 12.38388 38.00394 15.96715 36.86799 17.93224 25.49674 
1000.0 0.0 0.0 0.0 21.40528 0.0 0.0 0.0 0.0 0.0 0.0 0.0 24.7538 0.0 0.0 0.0 0.0 0.0 0.0 0.0 0.0 0.0 0.0 0.0 0.0 0.0 0.0 0.0 0.0 0.0 0.0 
1000.0 24.09411 9.70314 15.88162 0.0 11.14235 37.35663 33.80549 25.99424 24.34648 25.69752 21.13209 0.0 34.42778 10.76988 35.465 25.38864 34.64776 15.28666 34.48618 0.01277 8.82795 16.58047 10.35611 7.71229 33.36406 13.36593 22.24268 24.84519 14.6914 12.05634 
1000.0 31.17058 37.09723 28.75206 0.0 9.22379 12.16739 31.17186 19.89297 10.5486 9.16778 8.94303 0.0 20.10416 35.38504 32.99917 18.90011 26.3717 12.73756 34.28609 0.02475 22.68252 38.33914 29.32667 31.99411 15.3674 22.89337 26.61634 23.3122 35.13023 38.5257 
1000.0 19.43258 25.30589 28.74385 0.0 16.72788 24.68067 8.78163 33.77309 11.90429 10.07658 36.11374 0.0 31.08242 25.76967 13.98004 38.23734 22.57734 8.3723 13.86095 0.03492 30.54836 15.99918 27.54066 35.00324 35.02259 16.87687 15.15626 7.93846 25.69917 31.1516 
1000.0 35.02111 33.31329 15.3152 0.0 31.59693 13.15819 37.08857 12.6618 29.04467 23.31935 10.73006 0.0 28.6216 29.40413 34.23335 25.23311 26.5543 33.30412 26.84981 0.02984 24.70964 32.22437 15.52095 9.59963 35.18486 10.88915 13.65762 35.04811 20.35211 15.2893 
1000.0 31.77243 30.01036 17.05009 0.0 25.91497 22.30497 29.30291 16.0566 24.80674 36.1912 19.66236 0.0 38.07367 25.45599 18.75855 32.93804 34.59662 32.68383 31.44864 0.02805 10.81108 21.54498 28.20947 36.29371 8.54248 27.31328 11.44406 28.7644 36.78858 22.99743 
1000.0 31.79551 27.14762 31.46782 0.0 32.8445 13.41337 36.60185 19.42138 13.23037 23.54312 15.12049 0.0 29.35012 15.18034 20.06728 17.94033 11.5506 36.77579 17.76024 0.03316 12.62712 23.81888 12.06745 34.10151 19.67973 25.03242 22.88132 13.98675 13.99632 9.2231 
1000.0 29.27579 23.78276 11.01341 0.0 17.3636 26.92392 30.15201 24.44141 29.8211 31.09009 20.02663 0.0 11.52699 28.46847 25.72696 31.04119 38.10163 24.53861 7.8567 0.01892 10.13246 18.96925 16.20845 31.33662 24.6137 23.11315 35.45326 28.35134 37.0941 14.59502 
1000.0 0.0 0.0 0.0 25.87394 0.0 0.0 0.0 0.0 0.0 0.0 0.0 26.74796 0.0 0.0 0.0 0.0 0.0 0.0 0.0 0.0 0.0 0.0 0.0 0.0 0.0 0.0 0.0 0.0 0.0 0.0 
1000.0 9.89742 25.98106 23.36234 0.0 38.35661 35.68669 32.7629 18.38044 26.61391 12.79186 13.21105 0.0 36.45788 28.44848 14.91966 14.70235 22.39233 28.5526 36.37907 0.0369 24.65503 38.37556 31.85664 17.19958 20.99893 29.14278 18.18426 15.98278 15.12274 34.30019 
1000.0 21.5052 29.07481 22.08851 0.0 12.83818 12.48662 19.9171 29.02006 10.60919 17.05257 21.1516 0.0 25.49542 32.30688 31.80487 15.39757 8.16006 18.47491 10.84015 0.03074 28.52299 10.82905 8.34409 38.36442 30.57165 23.79891 19.73583 17.24585 19.90399 15.66147 
1000.0 35.3299 25.84107 37.13403 0.0 13.08983 12.67164 26.68762 14.21346 9.87789 24.82162 34.83106 0.0 30.90525 21.16604 36.97566 15.83977 26.78765 9.03315 15.23728 0.02227 34.93869 31.66742 19.18645 36.23667 34.99542 34.52462 27.95583 11.48318 14.52229 20.90215 
1000.0 29.84287 19.62723 31.39748 0.0 19.67653 12.67546 12.54565 14.9328 22.49429 23.9542 26.271 0.0 25.9601 35.99138 10.23759 10.08495 37.90076 8.82337 23.50007 0.0092 16.79161 10.93886 14.16363 25.09497 19.25603 12.95709 23.0505 35.54336 32.17718 11.63237 
1000.0 20.17368 27.50553 19.54342 0.0 16.9102 23.83548 9.12751 32.85549 17.36863 18.19557 30.20596 0.0 32.23688 15.63449 29.90834 23.24967 12.33529 11.33012 16.36257 0.01048 12.87606 15.43597 8.27098 10.41049 8.65498 10.69415 11.04859 32.63686 31.53353 29.09186 
1000.0 24.16304 21.23316 29.46014 0.0 19.41519 28.63261 27.62984 24.54782 28.66832 7.86391 11.2756 0.0 10.77343 19.37836 16.42459 27.36838 20.1675 11.13058 16.21411 0.03207 18.42263 30.01013 17.14732 22.80088 18.89939 14.35782 16.73174 18.57002 36.03039 16.45121 
1000.0 25.55176 37.36281 32.07232 0.0 9.5738 19.04255 9.20132 27.08717 13.76817 12.36661 33.27466 0.0 25.3657 27.88905 19.37698 38.52121 23.88123 14.68463 16.29535 0.0411 29.61645 7.82163 27.06335 28.16154 22.44457 37.61715 20.26484 8.57358 19.65265 33.15419 
1000.0 0.10857 0.15858 0.13749 0.0 0.17193 0.03876 0.09566 0.14803 0.11986 0.05908 0.16034 0.0 0.11104 0.12295 0.15476 0.12008 0.12291 0.14702 0.04425 29.59994 0.05257 0.1045 0.1754 0.05325 0.09814 0.03702 0.09754 0.10884 0.11749 0.05736 
1000.0 10.07897 21.7601 13.3891 0.0 17.24463 26.66394 17.40694 14.00333 17.29855 36.47957 7.7832 0.0 24.58523 11.45486 32.75728 28.32771 30.60693 8.87414 38.19638 0.03393 20.00704 24.42865 34.51518 9.18068 32.58685 10.78342 14.83002 7.72727 37.52974 31.29465 
1000.0 15.16815 15.63433 14.69091 0.0 35.86676 27.39577 17.06188 23.99838 34.36416 19.76889 25.44835 0.0 18.69385 36.10855 31.99831 30.29447 30.59432 36.46737 19.67029 0.01764 9.76265 19.27163 32.43595 27.83776 11.57052 14.9516 19.67391 38.35346 37.38919 28.09843 
1000.0 35.39905 34.35239 33.99194 0.0 25.11043 37.05466 29.81665 13.9018 9.35353 31.19953 17.79529 0.0 36.58558 31.66269 32.78015 17.21032 8.62073 20.64507 36.75531 0.01941 34.82447 19.23661 11.11441 32.57093 17.58369 37.33968 22.48759 16.36306 13.00768 13.94954 
1000.0 30.22043 36.15332 27.46365 0.0 11.54288 34.12981 36.2026 36.15961 12.65246 21.89381 15.39604 0.0 15.69368 29.47514 35.84912 20.8282 30.33497 21.95617 13.06203 0.01681 12.86391 23.21726 13.09353 33.41243 25.73449 33.29493 37.73001 19.33385 18.09231 29.06466 
1000.0 18.74253 10.88958 23.74513 0.0 8.83153 32.82494 9.93644 17.23122 25.4311 38.12076 34.45109 0.0 10.91505 38.01155 30.2077 21.65669 13.07198 20.69034 38.32645 0.03688 22.8623 33.48182 20.30884 21.3306 9.98306 32.83507 35.5649 21.75012 13.69303 16.10092 
1000.0 25.15252 27.89469 16.21385 0.0 11.2401 20.98465 15.88809 16.04711 14.83566 22.62299 38.37912 0.0 21.55743 20.41117 24.59665 25.79261 8.22451 30.4741 19.42045 0.02128 24.28228 11.34375 31.34935 16.5618 38.51451 35.92915 9.08706 23.02799 16.86554 36.21795 
1000.0 36.16893 24.87227 16.32127 0.0 25.27124 13.98112 17.76419 13.66729 20.78846 36.67376 17.29427 0.0 25.65656 16.48588 11.78691 29.49803 25.35171 30.97968 11.63448 0.01016 35.77456 26.15948 19.46763 17.3331 16.7329 11.85954 12.9257 34.97263 28.28712 11.41225 
1000.0 37.5483 22.11956 35.6396 0.0 15.84568 27.68423 14.98197 34.75682 29.16769 14.29576 15.17025 0.0 14.72905 37.09148 36.70207 17.18881 7.73865 35.39602 16.18729 0.01822 33.77207 11.31622 25.62831 37.29138 12.31653 29.13304 27.82793 17.70296 28.49008 10.27521 
1000.0 10.20909 32.65025 24.75568 0.0 29.01307 20.47844 11.52401 13.68634 20.49787 29.05934 23.27235 0.0 34.79975 34.35068 27.28089 19.41091 32.68313 13.04545 12.99002 0.0136 29.80836 18.45196 24.78233 19.83956 34.70866 17.48279 27.75757 18.57365 8.09324 10.31315 
1000.0 33.12348 31.75329 30.61387 0.0 14.26116 20.8419 17.10776 17.15269 13.23437 31.28696 36.39291 0.0 25.73075 35.13657 22.53164 25.84418 20.15174 16.15265 19.18785 0.02559 11.36622 10.35706 23.95899 21.59022 35.19422 35.95441 16.53742 28.67333 8.55257 30.21643 
