1000.0 1000.0 1000.0 1000.0 1000.0 1000.0 1000.0 1000.0 1000.0 1000.0 1000.0 1000.0 1000.0 1000.0 1000.0 1000.0 1000.0 1000.0 1000.0 1000.0 1000.0 1000.0 1000.0 1000.0 1000.0 1000.0 1000.0 1000.0 1000.0 1000.0 1000.0 
1000.0 10.67114 36.93143 21.24825 0.0 37.85081 39.22464 38.42689 12.33524 16.59574 30.76964 26.32399 0.0 19.08897 18.22591 23.85488 36.57347 42.75564 39.50797 22.78767 0.03849 36.28638 19.51453 42.18458 13.41964 34.56349 35.5989 13.917 36.72845 30.38002 14.85441 
1000.0 23.60508 40.41772 36.74616 0.0 38.27099 17.92859 8.68775 30.2197 21.66112 21.34972 30.68774 0.0 29.36359 33.33514 40.95697 12.90656 21.23599 10.53731 19.269 0.02996 36.9627 22.19683 38.10833 41.78867 14.3561 31.0811 18.49741 15.12852 12.69609 10.7158 
1000.0 15.50838 9.39932 26.62577 0.0 28.30096 30.30307 23.13271 30.4372 23.66104 20.61595 25.93637 0.0 30.5645 19.76297 9.50067 38.79811 14.59737 35.30158 33.07023 0.02967 25.42714 23.81151 17.09475 11.61805 31.88854 10.67908 14.28701 34.28748 29.28291 29.40244 
1000.0 0.0 0.0 0.0 30.03624 0.0 0.0 0.0 0.0 0.0 0.0 0.0 26.91732 0.0 0.0 0.0 0.0 0.0 0.0 0.0 0.0 0.0 0.0 0.0 0.0 0.0 0.0 0.0 0.0 0.0 0.0 
1000.0 21.75673 10.13055 16.75158 0.0 40.55348 11.29701 20.70509 16.47096 29.92105 12.87315 38.79635 0.0 8.58926 31.40464 12.62978 20.15184 42.35044 22.29179 16.13577 0.02027 17.09989 19.26444 36.6448 14.71057 29.60666 12.09762 39.539 29.81941 33.66725 42.39162 
1000.0 35.54038 14.98048 17.36769 0.0 39.38212 16.71366 8.76869 37.70928 34.9641 8.92169 28.33079 0.0 17.71671 28.70142 15.7831 42.09383 9.88283 33.62365 32.86793 0.02436 12.46336 23.05548 21.58229 28.96629 33.34886 20.83362 42.59897 29.35479 27.2414 37.28838 
1000.0 28.34608 38.3878 30.45731 0.0 21.05803 17.24552 36.83842 31.69242 12.57331 34.73953 12.35134 0.0 23.5999 38.91593 18.08434 29.43143 12.8047 16.46485 38.04524 0.01502 17.21514 16.38854 13.44603 30.28941 36.9191 31.74362 31.731 41.60533 26.30346 22.54957 
1000.0 31.63367 19.76015 9.70475 0.0 36.57996 19.99385 33.31906 39.67609 23.95318 34.69634 38.12551 0.0 27.38947 16.48089 32.47304 21.40348 40.37552 38.09307 33.99264 0.02743 31.29535 11.31355 29.22062 31.40125 41.76188 13.17237 27.30495 16.38146 35.31863 11.8004 
1000.0 31.83831 40.79102 30.17112 0.0 34.51072 38.54566 29.81964 15.75835 16.90234 36.46571 32.68396 0.0 34.63847 40.63047 36.12307 11.72897 25.75083 12.27154 12.83619 0.01359 25.06832 21.06618 11.19815 22.7796 25.66871 9.12923 39.45967 24.91385 13.42507 25.51028 
1000.0 33.59857 18.40401 30.22855 0.0 16.22743 34.93575 35.11796 28.53997 13.13665 9.23107 40.6511 0.0 11.61914 15.62565 13.20599 10.86855 29.93616 12.41328 30.74754 0.01623 22.41951 14.78728 19.5304 24.9877 32.25111 12.2908 27.80785 18.99902 17.91703 11.63259 
1000.0 17.56698 35.8208 35.42207 0.0 31.18642 10.66681 11.26433 22.44226 33.4409 39.10483 39.7108 0.0 25.93922 24.00056 37.06439 34.90743 25.04613 22.0249 15.32691 0.02523 32.11574 22.40641 35.01326 9.87574 19.68792 30.35784 42.31863 31.22045 30.0194 19.67795 
1000.0 0.0 0.0 0.0 38.58336 0.0 0.0 0.0 0.0 0.0 0.0 0.0 31.68779 0.0 0.0 0.0 0.0 0.0 0.0 0.0 0.0 0.0 0.0 0.0 0.0 0.0 0.0 0.0 0.0 0.0 0.0 
1000.0 23.49067 41.93441 41.16795 0.0 10.24546 17.27815 25.46452 27.89191 26.3992 22.13059 21.28665 0.0 23.24286 40.66834 29.76837 34.34082 9.44312 26.25695 25.17207 0.01783 11.44883 11.04985 36.16017 24.69745 35.41398 28.00147 39.89236 37.33619 26.32549 37.05226 
1000.0 12.67665 18.76986 37.51732 0.0 34.68726 21.58511 27.55149 22.28946 17.1551 29.42424 13.22725 0.0 17.97004 15.89152 23.04295 35.04425 36.74907 22.51007 40.19837 0.02219 26.5095 39.12932 38.24808 27.30398 37.15996 23.87094 16.46942 35.02188 15.78942 23.3694 
1000.0 12.88901 23.40908 10.19462 0.0 33.94123 35.95282 23.80867 31.4359 17.08927 37.21193 36.60415 0.0 16.09827 32.44795 22.08864 35.05185 20.47909 32.48489 12.01195 0.03729 26.1153 20.50106 13.47651 14.18063 12.56172 36.53653 9.14919 17.08443 34.15401 27.80193 
1000.0 36.34865 35.45096 32.34204 0.0 13.41101 27.28838 22.49359 39.10323 14.74237 10.25929 27.49621 0.0 8.8887 14.81158 31.46855 42.38881 33.25837 10.00001 9.01376 0.01036 11.40065 34.41702 12.13381 14.40492 11.15295 41.88121 8.68931 10.56799 33.17498 32.84293 
1000.0 29.20382 40.01373 31.11526 0.0 31.01807 31.93462 40.75803 30.67455 34.62951 13.51238 18.85667 0.0 11.3592 28.67394 34.03775 31.06943 21.1388 15.31517 14.26314 0.01306 35.44582 37.88657 34.84015 40.02344 26.21833 9.45846 27.23648 26.16238 26.05031 26.81485 
1000.0 42.14281 19.99952 21.89658 0.0 17.14982 19.25967 36.94449 15.99294 34.04245 12.2607 15.87433 0.0 9.05576 11.1998 34.71417 9.93575 10.10747 33.9268 38.28528 0.01514 14.94273 34.63862 28.43293 18.12484 27.80779 11.75107 11.08686 40.09829 21.57444 14.96263 
1000.0 11.27858 21.43008 32.64491 0.0 19.62361 22.81181 27.17908 31.03426 41.49806 11.16419 38.75924 0.0 24.14419 36.07968 35.15773 8.9362 13.58936 16.46734 37.12202 0.01148 29.56264 19.53248 36.78934 28.13475 31.22532 8.90036 17.48815 17.64069 19.03488 9.03855 
1000.0 0.09449 0.14961 0.17599 0.0 0.1249 0.08431 0.03927 0.0965 0.04656 0.16602 0.0892 0.0 0.18166 0.08028 0.07257 0.12066 0.04239 0.12516 0.09542 13.03635 0.13086 0.16971 0.14824 0.0485 0.05443 0.05189 0.16092 0.04325 0.17717 0.0865 
1000.0 33.41791 15.81787 33.72161 0.0 41.05229 16.55386 39.23103 31.81631 35.95589 23.27855 35.5374 0.0 18.03033 38.52466 32.7862 15.14956 32.05117 19.29009 36.4855 0.03735 26.53884 29.94886 20.12099 17.26693 20.35333 39.72543 35.30208 17.74955 16.86638 10.96147 
1000.0 13.25936 19.49101 36.22953 0.0 23.40695 42.14744 37.56184 32.15615 12.89638 34.86084 29.51344 0.0 29.96315 31.00376 20.01419 9.38407 40.65938 38.96333 37.48248 0.01572 33.53019 18.27573 39.40842 21.32165 28.2077 25.00014 41.14927 34.40507 30.73988 26.43228 
1000.0 29.26875 31.69879 23.79904 0.0 29.80281 12.93391 19.32284 14.00134 42.30897 25.06721 11.55877 0.0 40.29866 41.77107 41.96222 27.03535 9.06102 10.30252 11.57148 0.01854 34.0223 9.17416 9.80523 28.59094 23.72195 40.4883 17.98771 8.98373 22.08307 20.69284 
1000.0 15.17421 35.03935 33.84043 0.0 28.75148 33.36775 21.77999 10.17472 23.26368 39.99913 9.03055 0.0 8.82508 30.96838 13.11738 18.60065 42.30547 20.13768 27.1882 0.02305 37.88336 39.32495 10.99242 25.33578 8.98843 41.63232 34.32615 18.82011 29.71429 42.41297 
1000.0 32.86819 27.60838 36.91386 0.0 41.98564 35.25389 34.65242 10.84329 30.39708 23.9168 32.0861 0.0 30.52082 19.89037 42.18615 33.89698 9.40379 21.37146 12.50883 0.03297 30.12989 9.24791 25.57763 9.44457 16.48052 16.88288 14.56917 18.40314 10.44743 24.35971 
1000.0 21.83482 19.61902 20.17392 0.0 41.54536 13.61836 26.93915 36.78424 39.50393 33.35289 10.27178 0.0 38.2486 10.27152 34.68771 20.02812 22.82614 23.38642 19.42535 0.03018 10.972 10.80532 35.84581 26.28922 17.54849 25.93416 39.47627 13.00585 39.5621 32.99838 
1000.0 9.27277 28.20922 33.47784 0.0 33.22423 29.58158 33.3049 34.47339 24.16493 27.60157 31.96626 0.0 14.85664 39.61899 14.66091 30.89758 28.11466 25.29662 19.7165 0.04395 10.68773 41.80604 28.45929 14.53187 26.07887 17.14738 23.76889 20.36153 15.21006 24.08549 
1000.0 22.17111 17.58755 40.59047 0.0 38.78902 35.9058 26.68868 12.58304 9.31042 31.48439 21.19464 0.0 8.91014 38.49795 24.95414 29.24485 21.02021 16.17115 13.75212 0.03867 13.49473 37.84824 16.14679 29.20158 14.43368 18.1622 18.25608 22.83957 23.71281 11.9435 
1000.0 41.76888 34.81279 20.89241 0.0 13.95409 17.59746 32.19714 38.28737 34.37244 15.39511 12.78773 0.0 24.3911 28.36866 34.7113 15.40175 14.25358 35.83617 9.24669 0.02367 13.79486 18.46403 25.60301 26.61394 17.91226 27.04788 29.02017 26.85231 11.94523 31.0745 
1000.0 19.35439 24.10984 9.36682 0.0 20.08154 42.78481 30.18672 14.40574 28.24899 31.85899 21.46891 0.0 22.60695 26.32593 35.02685 38.71749 42.42367 25.06943 23.99845 0.03609 17.76106 29.24975 16.79863 8.70214 30.0849 10.11363 28.92413 36.52731 13.3765 18.11933 
