1000.0 1000.0 1000.0 1000.0 1000.0 1000.0 1000.0 1000.0 1000.0 1000.0 1000.0 1000.0 1000.0 1000.0 1000.0 1000.0 1000.0 1000.0 1000.0 1000.0 1000.0 1000.0 1000.0 1000.0 1000.0 1000.0 1000.0 1000.0 1000.0 1000.0 1000.0 
1000.0 24.11426 41.26055 23.7463 0.0 26.76509 37.1651 19.84679 32.87289 16.14807 9.11323 13.38334 0.0 33.96392 10.58209 17.52943 38.16336 25.67856 38.85578 38.72609 0.03815 25.92725 16.75764 35.40904 23.53038 25.93413 15.41029 30.21642 35.78545 21.5332 27.77632 
1000.0 39.68366 11.50209 38.75002 0.0 17.87738 40.44558 25.46891 34.92437 15.24842 11.31149 10.87349 0.0 13.4613 20.5357 23.48525 15.17808 25.02489 11.7627 34.53805 0.02585 34.79918 24.0367 40.11236 41.49775 25.62593 29.65323 42.07627 20.92879 40.68276 28.09251 
1000.0 36.46191 17.76296 15.54545 0.0 20.25901 21.08715 24.41644 37.07141 41.15259 33.37077 28.45641 0.0 11.05922 31.57918 39.56392 38.09842 9.28787 8.91206 23.98845 0.04229 30.47145 11.74649 43.27113 28.58255 16.19923 40.27178 15.80698 12.09742 36.15322 33.31687 
1000.0 0.0 0.0 0.0 30.77648 0.0 0.0 0.0 0.0 0.0 0.0 0.0 13.63901 0.0 0.0 0.0 0.0 0.0 0.0 0.0 0.0 0.0 0.0 0.0 0.0 0.0 0.0 0.0 0.0 0.0 0.0 
1000.0 35.81427 9.24972 27.01889 0.0 23.90283 34.2685 10.51991 41.00643 40.88563 19.97079 12.35997 0.0 16.45073 40.6496 21.57625 33.48116 19.82283 27.1569 12.95787 0.02633 41.49565 41.12583 19.25144 18.96279 32.23627 10.1585 30.69276 39.79918 11.87795 39.45805 
1000.0 31.95647 26.6152 26.55728 0.0 35.47944 34.127 25.02811 18.07473 36.3852 33.66793 30.18126 0.0 12.71354 28.41403 31.50576 12.797 33.34919 34.64562 33.96811 0.0417 17.47689 41.9292 32.70627 14.18698 10.13802 24.45747 23.77582 21.19708 41.77843 11.02607 
1000.0 13.90872 21.63402 37.78225 0.0 23.76308 23.86752 20.60268 43.21331 37.40204 38.88884 43.02983 0.0 28.33734 39.2031 41.10246 38.10788 42.64439 25.2048 16.51885 0.03589 10.86108 29.97007 31.17328 10.36059 36.54798 18.87828 27.43187 25.88927 37.95993 19.50846 
1000.0 12.61701 15.21045 37.71598 0.0 12.85046 31.42459 31.61742 18.40969 19.15939 15.13174 16.95681 0.0 31.50792 33.25943 27.16075 13.373 12.13422 17.29521 42.00925 0.01982 33.71568 29.43239 42.00911 12.06267 28.81394 18.88099 29.81449 20.86723 30.62091 17.79474 
1000.0 12.49712 35.85119 21.32386 0.0 13.03305 26.49442 27.60985 40.38717 31.54426 32.19691 23.39545 0.0 31.44924 11.17548 34.22515 32.035 10.80354 38.0991 23.61077 0.01886 20.97229 13.35898 28.03412 32.33477 18.64029 11.86251 37.11641 24.19616 15.35341 41.8495 
1000.0 19.02978 34.89214 9.84159 0.0 34.9511 39.84521 27.77119 19.20275 20.2826 28.83666 29.42281 0.0 28.22776 20.77069 40.03392 31.1317 39.18709 31.39486 32.48293 0.03377 31.32069 9.92975 29.11003 35.50741 30.53048 15.10891 16.35194 20.73046 20.23886 32.55681 
1000.0 11.3301 12.3461 23.98006 0.0 39.88102 24.88295 34.15175 34.2646 43.3077 34.37386 29.7347 0.0 40.74676 28.64909 12.07269 12.07479 40.05813 26.50884 26.75391 0.02246 9.79819 33.95543 17.07368 25.82215 19.00628 15.53411 18.03196 43.02724 43.29469 9.39475 
1000.0 0.0 0.0 0.0 38.44672 0.0 0.0 0.0 0.0 0.0 0.0 0.0 40.03749 0.0 0.0 0.0 0.0 0.0 0.0 0.0 0.0 0.0 0.0 0.0 0.0 0.0 0.0 0.0 0.0 0.0 0.0 
1000.0 40.29061 39.22476 42.31948 0.0 33.96773 17.62276 17.71279 30.41048 37.57358 29.55998 23.64576 0.0 14.57655 16.59236 36.95941 15.49166 40.31386 24.95819 37.35574 0.01986 15.825 17.09073 34.47858 11.93746 43.14227 38.24237 31.45023 32.70377 25.05923 25.40697 
1000.0 32.53481 14.33384 43.30165 0.0 26.43275 30.82888 22.86084 22.9668 14.6912 40.91189 38.64721 0.0 42.8625 31.94584 41.09796 36.5307 15.87369 28.44824 22.559 0.0102 26.90314 39.28642 33.53807 20.79061 36.90968 39.20478 30.78671 38.08686 9.09252 39.21182 
1000.0 16.87089 18.70821 13.05235 0.0 36.37024 24.89601 28.3819 18.10704 24.56508 42.5403 39.4001 0.0 38.98894 21.3672 42.3237 25.09186 41.18725 28.68713 21.20977 0.02453 39.83662 17.88386 31.69392 27.69747 22.64604 20.83848 28.12797 8.82985 24.25591 31.41563 
1000.0 37.29035 19.92994 32.37604 0.0 40.45512 36.47624 9.16581 36.24576 11.45753 40.09649 19.10194 0.0 42.03848 24.90664 18.9073 34.47448 15.73799 17.63087 42.0399 0.0334 18.09254 22.87575 24.89239 22.10557 41.33131 10.80466 34.94339 17.38973 37.65268 25.49894 
1000.0 9.04379 29.05038 34.5771 0.0 14.96343 23.20904 32.48212 24.19125 32.2245 11.88607 36.50662 0.0 42.85638 24.45642 24.23985 37.38649 35.65139 21.78417 23.842 0.03032 26.94552 30.57228 41.411 13.30409 11.18199 22.72224 30.18168 33.53686 21.70251 21.83137 
1000.0 42.93277 22.31978 14.06816 0.0 19.63981 25.88441 20.5958 15.81124 21.10087 20.39841 25.55542 0.0 33.6139 19.26217 17.30286 15.97126 28.60993 37.47149 34.93343 0.0129 25.44361 39.92334 21.62448 40.23824 33.1342 32.34045 29.78661 36.48251 14.89373 17.99045 
1000.0 35.58814 29.6195 35.94401 0.0 23.60062 38.06733 14.14502 32.89457 31.11674 26.02534 8.88255 0.0 35.58484 31.69688 9.45172 31.69396 13.66125 11.08875 29.47766 0.02607 10.81458 20.98134 43.02089 13.1936 21.79259 22.54234 17.09109 26.33616 38.7925 35.34442 
1000.0 0.15594 0.10757 0.16817 0.0 0.05025 0.13673 0.15904 0.15109 0.08355 0.14066 0.0932 0.0 0.11721 0.04532 0.0623 0.11406 0.07304 0.04946 0.04051 25.48919 0.05745 0.16374 0.14085 0.07324 0.13427 0.05624 0.04167 0.17338 0.17635 0.08879 
1000.0 12.3066 28.93189 8.84036 0.0 15.15903 16.36642 11.22946 24.71776 20.24535 13.96957 38.15213 0.0 24.76151 17.8184 11.48244 9.6908 14.34629 34.6091 15.59965 0.00983 26.61233 15.26007 26.23516 39.04775 22.03983 24.75736 37.20537 9.2373 15.94805 34.17629 
1000.0 9.60544 30.13161 37.22577 0.0 21.8075 24.25436 36.89893 39.6755 22.14094 33.75194 22.14022 0.0 39.00916 39.57684 27.99039 13.68658 13.10336 41.30467 32.04053 0.04333 11.33159 24.61718 35.30678 40.47684 42.00055 10.84153 31.24124 22.41839 12.90719 9.29749 
1000.0 12.01527 35.56801 9.33862 0.0 18.05761 35.72501 32.27196 25.54539 33.59614 27.88849 32.04736 0.0 33.70453 27.86544 13.33289 29.4829 35.80827 28.02066 42.46554 0.01318 40.19909 24.33162 30.58563 13.98861 26.10734 22.63804 9.95543 43.20682 27.95863 32.42802 
1000.0 20.64203 19.30083 15.51753 0.0 28.31299 30.26883 12.34169 20.22177 20.54068 40.96374 23.64268 0.0 15.97275 37.93287 22.6251 28.52094 20.6615 43.02473 29.00958 0.01075 22.74478 21.79472 30.84033 23.35124 20.26871 18.30416 35.96664 19.48615 17.64839 39.04318 
1000.0 35.37035 25.37588 34.30753 0.0 26.9586 10.6872 31.91154 35.51491 20.28561 33.46502 29.20276 0.0 13.00528 20.69133 30.85226 32.00161 15.85169 27.71765 29.80896 0.00985 37.14849 12.77339 11.19238 9.31852 26.15737 31.6833 21.65139 33.51785 35.81247 21.93764 
1000.0 22.10358 33.01943 26.37086 0.0 41.99603 24.81095 11.09629 12.10766 17.84292 17.40559 29.99815 0.0 33.03112 33.82776 28.10258 33.16887 32.77019 26.43277 10.36712 0.0125 24.54909 23.93176 30.44818 30.1649 42.95725 23.46581 10.24121 23.79966 32.70467 32.68153 
1000.0 9.93821 41.05816 24.25933 0.0 9.70178 31.92655 42.28049 23.73704 20.18965 9.74398 22.74462 0.0 21.68178 20.50729 29.24033 11.44994 20.38134 39.50697 13.26772 0.0197 17.62883 28.83487 18.17173 42.6714 30.48065 40.55921 19.07864 16.56726 32.38051 42.12327 
1000.0 13.93472 16.48412 23.51261 0.0 17.35094 31.1629 39.31873 40.00671 42.67465 42.7329 17.32136 0.0 35.77684 37.82138 35.54564 24.00852 16.57907 38.28337 13.66195 0.01142 36.34565 20.05093 32.75197 20.1874 29.32233 33.74124 33.88264 35.20169 21.93053 29.58898 
1000.0 39.20265 33.18249 40.5857 0.0 40.23842 35.24189 23.44288 12.0728 10.74011 22.68155 41.41745 0.0 21.94907 39.54862 10.86901 37.17015 27.52947 41.23072 8.84451 0.04041 12.43495 29.82737 36.32241 30.21465 22.61312 33.96983 36.6131 21.53623 24.13788 38.89246 
1000.0 24.74845 37.94671 18.67642 0.0 18.16945 37.01975 17.43497 41.4072 41.88867 42.76233 19.50191 0.0 39.64604 20.64886 29.8666 17.08719 33.01407 14.59185 8.72716 0.04001 14.3308 19.29176 23.45998 11.80902 25.95323 33.7699 19.46513 16.97617 9.40569 43.2255 
