1000.0 1000.0 1000.0 1000.0 1000.0 1000.0 1000.0 1000.0 1000.0 1000.0 1000.0 1000.0 1000.0 1000.0 1000.0 1000.0 1000.0 1000.0 1000.0 1000.0 1000.0 1000.0 1000.0 1000.0 1000.0 1000.0 1000.0 1000.0 1000.0 1000.0 1000.0 
1000.0 22.57676 12.86697 31.89 0.0 15.19651 15.5317 12.66329 15.65098 13.95164 30.29926 19.67657 0.0 30.15987 29.29621 22.1693 16.57672 26.09973 18.12464 10.35584 0.02155 12.85137 22.10473 7.04018 11.7291 11.70286 8.19839 27.48966 24.64992 15.05841 14.02686 
1000.0 19.42057 26.52928 26.0955 0.0 17.4561 7.35293 23.92442 27.83336 12.32088 25.9849 27.76889 0.0 9.41445 32.21549 23.25201 21.44641 20.30568 22.36805 14.97437 0.01274 25.15494 9.63115 17.13668 20.01329 15.22292 28.97698 8.95233 31.27832 24.26055 30.46464 
1000.0 23.32789 31.14074 20.18084 0.0 17.64922 23.1917 24.15234 30.42405 14.55334 27.33791 20.65162 0.0 31.45609 12.38902 14.29766 20.20621 24.15992 18.71425 11.22114 0.03821 23.95437 14.07408 18.90722 21.26735 6.57541 7.06157 31.57212 23.90955 24.0063 29.76925 
1000.0 0.0 0.0 0.0 16.22689 0.0 0.0 0.0 0.0 0.0 0.0 0.0 29.23289 0.0 0.0 0.0 0.0 0.0 0.0 0.0 0.0 0.0 0.0 0.0 0.0 0.0 0.0 0.0 0.0 0.0 0.0 
1000.0 29.46058 13.15413 26.44356 0.0 32.12063 27.51867 26.66835 26.88195 31.81117 28.75354 31.34467 0.0 26.49484 19.07527 8.36695 20.84393 14.90775 27.71161 23.26196 0.02666 12.4128 17.08448 26.78637 11.86266 13.60985 16.40294 22.10697 16.54496 26.67943 30.75711 
1000.0 18.00499 25.31247 9.04547 0.0 18.54701 13.56516 9.4559 8.33151 32.00206 27.57878 19.882 0.0 20.88653 12.98908 26.95775 19.33169 30.44159 20.86316 30.4202 0.03769 24.86255 13.90907 15.73843 13.44724 25.41099 19.9947 26.59137 24.74353 30.4484 23.87871 
1000.0 8.88405 22.85001 24.86493 0.0 23.52758 16.61395 15.95514 18.83595 27.84832 20.91385 13.27558 0.0 17.48303 8.97763 30.97016 27.12565 28.62311 18.99676 26.65356 0.02975 29.59184 27.87688 10.66334 23.34848 14.64055 29.18406 8.63265 22.54891 7.67212 7.4203 
1000.0 7.86881 21.22554 9.75524 0.0 7.9206 29.32982 8.31825 8.76271 15.41586 31.01241 32.58946 0.0 27.09159 28.23661 19.76057 29.66716 17.19039 15.88639 26.96865 0.02824 23.71277 21.92917 28.27194 20.52739 28.22783 8.84732 13.6018 10.35444 15.62221 22.96799 
1000.0 30.68064 28.98102 23.61461 0.0 26.43092 15.9945 13.35009 26.21168 19.96873 7.89922 15.86158 0.0 30.48025 17.49201 7.53902 29.48474 32.51228 25.59984 32.5275 0.01518 22.98992 31.95093 13.50694 23.92721 17.79017 16.05797 30.61206 15.35145 13.35124 6.94797 
1000.0 12.10383 30.17993 8.03823 0.0 6.70164 8.54476 15.60612 30.21832 23.80687 8.76838 11.28369 0.0 24.75119 28.67934 17.28171 29.44657 18.65547 21.79515 10.95205 0.04021 11.80295 27.62619 16.47945 9.96809 25.37677 20.25024 15.44162 27.53608 32.43662 24.2234 
1000.0 17.97057 27.29455 29.03741 0.0 31.80656 10.45104 13.05461 18.45113 13.73012 30.17358 32.36159 0.0 16.18156 12.22415 21.14423 24.29606 32.57132 20.86442 10.41438 0.02628 21.87814 28.84836 8.74962 25.4063 12.09311 14.52285 31.61235 7.20787 20.02506 17.95995 
1000.0 0.0 0.0 0.0 22.41326 0.0 0.0 0.0 0.0 0.0 0.0 0.0 17.33312 0.0 0.0 0.0 0.0 0.0 0.0 0.0 0.0 0.0 0.0 0.0 0.0 0.0 0.0 0.0 0.0 0.0 0.0 
1000.0 12.64672 26.82479 9.80517 0.0 20.98101 31.6529 19.53955 15.0125 6.6942 9.75368 26.75737 0.0 16.50241 14.26964 14.00878 16.46381 20.19904 7.01418 10.63037 0.03393 26.97219 23.37886 26.94752 17.0229 28.30546 18.62201 12.12205 26.94009 21.30882 25.06203 
1000.0 23.20773 9.1356 25.28972 0.0 15.52478 20.97333 30.40365 7.3973 7.26099 26.32564 31.76292 0.0 30.19419 8.43271 21.93711 15.72041 23.97995 32.3304 28.09932 0.02861 14.83456 29.02407 23.81277 30.98771 18.90568 6.833 9.50975 9.14223 28.65077 22.66884 
1000.0 23.79308 15.82222 31.03071 0.0 30.95511 16.86234 7.53361 20.23554 11.89517 10.1842 19.08409 0.0 27.62869 28.13554 13.808 22.56165 13.50546 29.52926 23.22638 0.02713 32.19569 28.27082 29.59829 29.43762 26.8362 19.10897 20.68186 14.32121 22.84023 9.2232 
1000.0 17.17914 21.87422 25.4362 0.0 21.61816 9.68302 10.47226 24.30332 19.73604 30.24571 12.95728 0.0 16.85917 32.47285 26.9719 21.33048 14.87057 31.7395 19.26604 0.02824 10.43172 21.63397 10.2296 10.94307 26.82923 23.36202 30.61728 23.26156 18.92788 11.64104 
1000.0 15.81757 14.0307 7.15361 0.0 10.11441 26.40029 20.31647 28.45671 24.09913 21.42991 22.61911 0.0 24.81672 28.70924 7.81734 15.09663 9.48962 15.13522 23.00677 0.03669 17.86411 9.27241 7.6673 8.00209 24.60151 20.08544 22.07669 17.45202 11.122 28.94091 
1000.0 6.8316 8.35875 30.99143 0.0 11.38579 18.20294 20.77244 24.16092 13.81633 22.51216 8.8322 0.0 15.56012 30.1054 32.36131 20.22524 16.15183 25.76141 8.07842 0.01451 30.81641 19.23496 12.07447 28.06364 16.1566 27.56763 13.04635 25.60091 18.6083 6.93195 
1000.0 30.59633 14.34501 25.74699 0.0 21.23857 16.64597 12.6051 12.71421 10.6217 32.09722 13.8939 0.0 29.76935 16.37167 27.13852 24.25868 22.51209 7.32188 16.73197 0.02492 30.3804 31.45809 17.2013 9.80777 7.63062 17.42182 14.81886 22.64029 14.88247 7.30562 
1000.0 0.06373 0.04728 0.09514 0.0 0.13578 0.03787 0.14173 0.15168 0.13588 0.04288 0.1192 0.0 0.04455 0.12713 0.11501 0.13628 0.10766 0.09914 0.08817 21.31871 0.08674 0.11108 0.07665 0.10905 0.09733 0.09433 0.05934 0.07021 0.09846 0.12269 
1000.0 29.74434 14.11632 21.76831 0.0 17.1816 18.26812 16.787 19.99642 30.62477 13.83941 8.67496 0.0 17.85833 9.19782 26.29289 27.54747 15.41884 24.02711 22.43552 0.00914 17.99814 32.33561 24.30081 24.77845 18.27007 20.15671 9.49129 29.21768 27.70778 29.62062 
1000.0 13.22149 19.83499 20.32506 0.0 27.71507 19.56349 25.28448 20.30443 10.18278 31.54624 32.38899 0.0 17.72137 21.81608 10.05671 21.44 17.27679 16.13139 7.93158 0.02553 14.38306 28.17514 8.29029 20.98044 24.00101 24.31109 32.40031 31.81183 22.47124 6.98583 
1000.0 22.42511 11.10681 7.27323 0.0 23.19894 13.65575 20.00855 18.64861 29.07183 11.92172 27.98876 0.0 29.03519 23.63111 17.61439 18.34172 24.14536 32.25369 30.44806 0.02031 30.48698 19.62208 18.1129 18.64552 18.2559 25.7396 27.84172 9.46317 18.60456 16.29046 
1000.0 23.82554 13.86869 25.68968 0.0 19.51008 10.74101 25.82643 15.54256 7.31153 30.28883 25.10937 0.0 24.26978 32.36985 21.54124 19.87919 12.10344 21.69475 30.35112 0.01471 22.05496 7.81615 30.81202 27.22645 30.08106 6.55062 31.6888 27.00887 7.95518 25.8036 
1000.0 10.98478 7.08761 16.60584 0.0 13.89579 24.25392 21.57966 21.27319 13.10477 32.49275 19.93355 0.0 23.02192 22.13158 15.13622 12.73344 12.62566 18.00924 28.44578 0.04022 14.35548 25.632 16.01712 31.78265 32.36518 11.48303 11.2321 9.2023 15.29664 14.63484 
1000.0 11.12842 9.83172 7.685 0.0 15.35441 31.92692 32.56378 16.28399 9.66608 21.20701 28.21642 0.0 30.52579 23.64262 31.07416 30.97809 30.13371 32.59878 21.36073 0.02879 27.51563 21.15648 21.48974 31.01793 32.50316 27.21627 22.59798 9.44583 7.5721 18.35746 
1000.0 10.66806 17.68033 21.18288 0.0 13.97976 13.8115 27.70661 29.62282 25.57517 22.00329 12.91295 0.0 26.85625 22.50633 13.51647 18.63465 12.78384 11.07485 19.5441 0.00877 21.09806 7.37094 24.96046 30.38328 20.54908 28.19283 11.55271 30.9652 18.99651 17.21281 
1000.0 19.49823 7.59025 10.74318 0.0 26.80318 21.00048 9.27794 25.28137 31.36394 10.59647 10.71071 0.0 12.79906 20.61002 30.04776 11.76273 13.78476 20.80341 15.82468 0.02475 12.41426 16.82463 18.89223 21.53253 22.2221 9.23883 14.88331 10.45013 8.52137 22.7585 
1000.0 7.50589 10.63663 32.38176 0.0 28.7701 30.66222 17.09051 21.32243 16.68553 16.89366 19.2255 0.0 14.18156 7.08783 22.87115 27.31778 30.86234 27.42572 23.84948 0.03396 32.4292 6.79745 13.42117 31.27409 19.09691 24.53112 30.07773 9.83966 22.5076 21.45273 
1000.0 8.27613 25.92813 8.37241 0.0 11.90451 17.54205 12.55888 19.80314 11.48418 21.17286 21.96413 0.0 15.85779 25.15215 12.9267 12.90244 18.72201 15.1699 19.7331 0.03652 29.5132 13.51547 29.53119 7.70982 30.1159 24.87389 10.25849 31.2506 25.96943 17.42248 
