1000.0 1000.0 1000.0 1000.0 1000.0 1000.0 1000.0 1000.0 1000.0 1000.0 1000.0 1000.0 1000.0 1000.0 1000.0 1000.0 1000.0 1000.0 1000.0 1000.0 1000.0 1000.0 1000.0 1000.0 1000.0 1000.0 1000.0 1000.0 1000.0 1000.0 1000.0 
1000.0 32.50619 10.39133 28.85282 0.0 11.10035 7.76789 8.00834 24.09164 22.17321 18.51165 22.40425 0.0 24.63232 29.73546 27.89192 14.61671 30.98119 28.39856 8.99663 0.0266 21.8008 14.89135 21.23538 30.38981 22.24685 31.65977 28.70083 9.75536 9.6057 7.18107 
1000.0 18.12418 29.95956 17.38464 0.0 30.83845 17.02609 10.47244 31.00187 33.95254 12.51686 27.73389 0.0 31.28954 31.71481 18.01542 29.92101 18.71727 24.3536 25.33224 0.01626 10.96708 11.07051 30.17823 32.24421 13.22576 11.7101 13.00177 26.50069 14.61094 14.58648 
1000.0 26.67436 23.55216 9.14892 0.0 11.35338 21.28734 15.86505 22.58381 30.79788 15.96651 25.9704 0.0 20.9436 16.39498 13.21884 19.3821 20.35526 26.66666 14.20707 0.02573 11.87986 15.94447 25.27995 31.18012 15.27746 20.48136 10.26532 28.04185 30.0525 18.90188 
1000.0 0.0 0.0 0.0 14.27836 0.0 0.0 0.0 0.0 0.0 0.0 0.0 9.91875 0.0 0.0 0.0 0.0 0.0 0.0 0.0 0.0 0.0 0.0 0.0 0.0 0.0 0.0 0.0 0.0 0.0 0.0 
1000.0 8.36915 29.52941 16.49789 0.0 33.29525 17.58188 31.27106 22.76631 17.56356 7.63784 17.73207 0.0 30.05631 11.05159 9.1876 32.59612 26.10663 13.9863 33.9183 0.02822 27.75092 9.91738 33.56612 9.01543 12.29839 21.9554 27.87977 10.13859 31.39011 22.96127 
1000.0 8.07997 27.01464 29.70563 0.0 33.25374 11.29748 26.67488 30.03785 7.2468 8.64254 9.87074 0.0 19.5278 25.04645 32.79662 18.66178 21.60593 8.2343 11.54021 0.03874 30.36215 8.03488 16.1483 20.56977 20.83638 31.77109 29.66535 20.65511 28.16944 9.90733 
1000.0 34.24939 17.54071 11.90838 0.0 28.44471 21.97049 11.30855 12.04614 26.82935 27.68506 18.99632 0.0 10.00442 13.1206 22.347 12.6066 32.38348 12.07855 29.05299 0.01858 11.86082 26.57039 21.00395 22.3364 29.10788 26.97634 15.92587 19.01698 8.20607 26.1965 
1000.0 14.24619 7.95081 12.36107 0.0 32.39582 9.41357 11.2783 21.93773 8.31683 25.79641 23.94459 0.0 32.04184 19.3126 29.53027 7.54473 21.97848 15.72424 24.98987 0.04134 8.47101 15.47881 18.7187 8.5692 10.11722 7.88808 28.58928 16.93411 32.68866 33.70008 
1000.0 20.92229 27.96568 29.28214 0.0 28.29802 14.935 15.4828 29.52803 15.37826 7.06072 10.976 0.0 16.30375 19.30967 9.33492 23.75153 23.07816 16.81122 22.75654 0.00897 26.88769 18.88225 23.42479 29.53413 10.10828 29.68478 30.27153 11.68246 7.86437 14.42268 
1000.0 14.0468 16.97893 22.13557 0.0 12.2908 16.15454 23.27473 25.21266 32.60326 10.01876 22.66731 0.0 33.74533 22.57809 32.41077 12.21087 9.69115 34.22827 9.78989 0.01746 8.2643 21.0957 26.67171 17.10389 31.7489 24.76957 29.45446 8.04219 28.74254 20.6353 
1000.0 14.56158 10.11776 11.6121 0.0 8.04121 13.94059 29.42184 34.08421 24.2149 16.90334 27.08013 0.0 8.13435 16.12167 10.33985 23.77335 20.4171 32.37031 31.08199 0.00843 33.75196 15.86756 33.18736 15.55681 14.59288 31.50402 7.98551 18.27404 20.45012 9.78175 
1000.0 0.0 0.0 0.0 21.65823 0.0 0.0 0.0 0.0 0.0 0.0 0.0 15.47993 0.0 0.0 0.0 0.0 0.0 0.0 0.0 0.0 0.0 0.0 0.0 0.0 0.0 0.0 0.0 0.0 0.0 0.0 
1000.0 19.89131 29.84683 12.29425 0.0 17.01377 19.97444 23.16805 33.21991 7.82156 24.17194 18.78039 0.0 22.32573 31.97556 9.26358 33.43093 20.49152 7.91754 10.26879 0.03434 12.37562 19.20988 27.60187 14.54123 25.14192 20.41027 17.15479 15.01446 28.52098 26.17978 
1000.0 27.57203 24.42764 16.76316 0.0 8.38593 18.23249 7.44405 32.58831 7.16394 19.20728 29.80351 0.0 13.96868 23.07419 10.35477 23.81851 24.84619 32.09712 25.03417 0.02982 8.02591 14.42305 23.70897 12.57007 24.24785 7.82673 14.08002 11.93837 32.9808 20.65277 
1000.0 17.72614 11.8809 27.65907 0.0 33.97443 27.17879 21.67814 8.99453 17.47219 19.97889 19.05883 0.0 9.45667 14.39173 16.84223 26.22272 27.53131 15.12235 22.41902 0.02203 28.11073 7.34551 11.15569 19.28798 15.28828 11.86705 30.39511 9.06581 18.12135 32.61751 
1000.0 21.18254 29.26354 19.61974 0.0 13.7395 22.39869 33.44141 7.20948 22.86696 13.05543 29.5664 0.0 13.17795 30.69819 12.27116 16.47547 28.35089 14.86736 21.56298 0.0369 8.04234 14.25398 15.5414 20.28362 20.15806 22.89803 22.45163 11.77924 25.05746 21.11114 
1000.0 20.84506 8.83568 13.49754 0.0 19.79778 27.19765 13.87693 10.62422 9.7144 31.43123 24.82032 0.0 33.95335 11.10362 31.86876 23.78695 13.58465 8.13764 20.13123 0.01058 28.98523 8.71091 16.23942 8.0017 17.14703 27.08947 28.89993 32.7573 12.84303 12.91245 
1000.0 18.5824 29.06223 16.87038 0.0 12.85358 11.85403 16.19476 31.17017 17.9469 25.02032 33.94447 0.0 12.25672 27.67336 19.30508 24.3767 18.01399 24.61192 13.20213 0.0235 33.92391 13.3531 7.55455 21.07752 8.04577 14.41305 31.97309 18.06126 8.09725 24.41781 
1000.0 31.67973 27.39959 18.01813 0.0 19.26272 32.1844 14.55548 29.3731 22.40394 13.87641 9.49372 0.0 26.15879 30.71684 33.64027 30.84174 18.84694 22.30184 21.62098 0.0195 17.46184 14.91375 15.70244 12.72036 20.15336 28.74292 31.25039 12.15401 21.7629 12.07476 
1000.0 0.15264 0.15706 0.09668 0.0 0.15013 0.05038 0.06464 0.0965 0.12048 0.14045 0.06765 0.0 0.1637 0.16539 0.04795 0.14831 0.166 0.07729 0.15144 28.75222 0.11827 0.13536 0.11143 0.14546 0.05192 0.04586 0.09327 0.14349 0.15482 0.1558 
1000.0 21.78561 33.6409 26.65027 0.0 16.53574 7.14787 26.1315 10.45636 29.42763 14.49236 34.31618 0.0 29.93205 9.56252 12.65659 31.8971 19.05722 26.5253 25.29093 0.03174 33.11604 31.68322 33.0337 18.03492 9.04902 17.7283 30.39627 14.39272 10.31329 32.17976 
1000.0 22.63274 8.9319 9.45731 0.0 27.95314 9.07524 19.07251 33.83044 28.21308 15.38008 26.68846 0.0 16.46736 17.68635 25.54013 10.43729 12.42832 21.81206 22.7481 0.01648 8.19863 12.46494 32.27857 8.55991 6.97638 32.97724 30.95399 26.93647 7.98178 9.64663 
1000.0 23.4949 23.5252 15.44008 0.0 21.44155 14.80452 12.94308 12.37585 24.43632 19.41117 10.38544 0.0 11.58997 24.01492 10.36367 31.80274 26.01353 18.1797 32.03901 0.01612 14.61141 22.70375 15.79384 9.18665 16.54974 12.86632 11.24192 11.10856 13.62973 18.87238 
1000.0 21.01216 32.34061 21.11091 0.0 7.76772 18.81466 9.36382 16.26869 24.59918 11.32916 12.67235 0.0 9.13265 30.07357 20.40723 23.26319 12.05555 30.96665 12.04508 0.01065 10.98935 31.66174 9.74347 19.64279 29.5867 18.43403 25.28968 15.88025 13.14682 21.57727 
1000.0 30.65935 15.21924 29.04366 0.0 19.31017 23.23354 10.05151 18.627 13.16612 11.56468 7.6191 0.0 18.4181 24.71857 13.6993 32.74654 21.39843 28.47165 22.38245 0.01855 8.97442 21.11076 21.34722 23.46441 21.38549 8.21369 13.67416 31.4668 19.05589 8.33426 
1000.0 15.66517 7.20985 28.99094 0.0 33.25869 21.94976 10.67603 33.03653 31.33217 26.95608 24.67487 0.0 28.6168 31.09558 29.51704 33.89923 19.70475 12.50495 17.96742 0.02964 13.71264 21.41976 22.60075 30.34537 32.70576 31.08194 24.04254 24.54093 24.64926 22.80977 
1000.0 24.37192 18.57944 32.80249 0.0 13.16582 18.28511 22.77762 24.93138 31.49158 14.81715 24.31721 0.0 25.06165 9.59845 26.14975 30.02127 23.46894 13.20749 23.26392 0.01813 18.04714 18.783 20.14558 30.0001 9.28849 12.40538 11.76566 7.73885 16.45924 34.19832 
1000.0 18.66714 13.26174 12.13822 0.0 20.30039 13.86449 32.08194 18.08965 16.93405 17.95482 16.41059 0.0 21.11371 18.39355 14.17031 20.78135 19.2545 14.77629 17.61473 0.00902 23.47847 21.88107 33.66916 22.90682 15.89977 12.89802 26.79486 27.28928 13.13174 19.48368 
1000.0 28.48073 10.88043 33.37885 0.0 8.03287 33.47084 21.72755 7.86694 26.93051 24.04075 26.80742 0.0 16.8517 26.95393 14.76322 18.01959 14.97712 23.3533 14.70536 0.02357 19.44639 11.41028 34.30476 19.39466 33.29075 23.07932 13.55519 23.02495 14.45958 20.76621 
1000.0 23.69206 20.96442 10.37576 0.0 15.97647 20.2446 13.34936 29.01878 33.49771 34.32758 10.47528 0.0 29.51075 24.00784 29.225 13.01828 21.33318 31.64815 16.89248 0.02848 7.54155 16.12526 33.08914 24.84651 10.27585 29.89364 28.28559 16.9271 33.21751 21.74821 
