1000.0 1000.0 1000.0 1000.0 1000.0 1000.0 1000.0 1000.0 1000.0 1000.0 1000.0 1000.0 1000.0 1000.0 1000.0 1000.0 1000.0 1000.0 1000.0 1000.0 1000.0 1000.0 1000.0 1000.0 1000.0 1000.0 1000.0 1000.0 1000.0 1000.0 1000.0 
1000.0 24.54516 11.67473 26.43073 0.0 30.37226 30.93672 22.67973 24.76284 17.77253 8.99391 11.04386 0.0 18.86766 17.32045 31.71313 24.77581 27.50672 17.37245 15.82867 0.0165 16.21413 7.79321 25.91495 28.42952 29.9795 6.71695 16.35638 21.36013 22.15165 7.90352 
1000.0 21.44166 23.4551 16.50659 0.0 11.72477 31.58476 11.53739 16.66992 13.35337 27.0175 18.72619 0.0 19.13787 21.31241 19.70265 8.96394 19.57952 29.79783 28.85939 0.02747 15.11815 19.74339 25.99619 20.82083 19.82332 11.98952 21.60965 25.16076 17.69948 13.88597 
1000.0 26.75767 11.32177 19.62765 0.0 11.56542 27.28253 20.75059 22.2002 7.68514 16.23249 10.71141 0.0 11.35493 7.14742 30.31425 26.53899 16.3776 24.42788 28.52172 0.02635 6.79922 11.58312 26.2942 14.31672 31.73552 23.80556 18.56772 29.59042 26.13414 24.8144 
1000.0 0.0 0.0 0.0 17.01451 0.0 0.0 0.0 0.0 0.0 0.0 0.0 17.93505 0.0 0.0 0.0 0.0 0.0 0.0 0.0 0.0 0.0 0.0 0.0 0.0 0.0 0.0 0.0 0.0 0.0 0.0 
1000.0 16.61578 30.45644 32.99917 0.0 24.71524 9.89268 29.18638 24.54785 28.7685 7.22778 30.53997 0.0 8.72205 27.43031 10.26097 7.47374 24.92848 33.29857 13.75567 0.03331 8.90904 21.26888 31.77914 26.22381 18.52231 8.07023 10.85104 10.28643 21.05296 32.56623 
1000.0 21.31201 16.28818 30.60967 0.0 21.32172 19.62762 21.89857 17.68759 20.87533 16.07187 31.33278 0.0 7.68763 13.35583 23.71828 13.58798 31.13981 24.53325 26.75979 0.03263 25.94946 16.95862 26.21005 19.43336 28.97357 11.9598 24.81598 15.01295 21.45179 8.00461 
1000.0 23.27041 27.91357 16.03322 0.0 17.39546 11.06148 16.75587 15.76651 12.43087 27.81674 21.33457 0.0 20.90398 22.24732 30.20468 21.51928 10.76 21.98648 23.28178 0.01049 19.3353 27.82364 10.77158 10.92283 27.66898 27.38408 29.78727 21.16166 20.77283 8.25672 
1000.0 31.38698 17.31666 11.89964 0.0 10.16031 31.03529 27.51158 7.18704 11.66623 19.21645 32.2779 0.0 16.39698 14.96211 17.46886 32.78412 19.63041 11.36673 25.69041 0.03263 23.07408 17.56943 12.85319 14.88868 7.9375 21.89681 19.32185 24.23472 20.99871 23.94592 
1000.0 26.65836 11.41669 14.44724 0.0 33.09842 12.01328 11.2733 14.17135 23.8351 14.62972 30.05448 0.0 18.01826 31.14243 22.84459 19.20705 17.77899 31.98047 11.6716 0.01259 23.15422 20.99326 31.50184 9.76817 24.234 19.73966 27.26316 15.49712 24.14542 31.02149 
1000.0 12.98064 20.58516 9.80425 0.0 12.35771 32.32924 19.86895 32.0155 7.97388 29.60275 30.18633 0.0 10.09916 21.13861 15.09585 32.57372 20.84989 8.15184 15.5154 0.02041 10.48757 15.76187 23.57031 27.0128 30.23689 18.38459 9.48901 22.46287 11.28034 7.99339 
1000.0 17.21476 11.09027 22.55628 0.0 29.70822 6.95176 19.13683 15.65015 17.2742 26.66093 22.46699 0.0 22.3962 14.44626 32.06777 25.37783 27.52921 16.94414 24.41336 0.03137 32.27711 12.49336 11.23764 33.09562 28.63996 23.10309 28.72836 25.32682 20.39586 22.98839 
1000.0 0.0 0.0 0.0 16.23963 0.0 0.0 0.0 0.0 0.0 0.0 0.0 13.93101 0.0 0.0 0.0 0.0 0.0 0.0 0.0 0.0 0.0 0.0 0.0 0.0 0.0 0.0 0.0 0.0 0.0 0.0 
1000.0 23.47571 18.361 22.44398 0.0 30.73742 26.2821 33.02025 17.51064 9.88508 8.02756 14.34031 0.0 24.5974 9.58558 23.55662 28.19349 8.15091 24.33352 27.87341 0.01917 19.83766 7.84314 11.37106 25.81699 24.75266 27.362 14.78606 8.15866 11.57827 31.45557 
1000.0 20.8024 13.44118 16.74364 0.0 19.05182 7.66093 18.1661 11.64114 9.51109 10.51937 13.91497 0.0 26.40675 28.53906 19.3466 21.31117 6.80997 25.70322 9.68229 0.04021 28.71543 7.80794 27.67453 23.26102 6.90462 31.87542 12.80079 32.40324 13.33213 29.25849 
1000.0 13.83708 17.68204 14.84469 0.0 9.57461 19.12783 27.83977 31.79839 7.17477 25.10891 19.87635 0.0 30.50932 26.34323 29.65281 6.90945 24.74238 19.03027 13.3257 0.01288 20.32171 7.39581 26.6755 21.55414 17.6589 9.23318 15.57152 30.64028 8.89175 33.31131 
1000.0 8.96685 31.40502 18.01971 0.0 6.82742 33.03538 10.11438 27.29511 26.21834 19.98598 8.00176 0.0 13.0098 19.45911 8.56608 24.76521 30.45896 8.02046 23.53006 0.03538 31.10968 21.88429 16.2627 31.17157 12.59551 30.19764 28.25881 7.53985 8.05888 28.80642 
1000.0 9.11949 27.68666 14.18799 0.0 29.61863 17.55099 20.59438 22.18974 18.46157 16.7088 14.49443 0.0 18.77871 31.28244 26.21693 11.91611 19.22895 31.51197 30.8936 0.01811 19.06841 12.75103 15.60936 7.54159 10.29826 13.22883 16.41802 19.28524 17.62473 17.87127 
1000.0 14.77624 16.14687 20.56077 0.0 9.56597 8.70976 13.39575 8.82095 29.20758 29.93112 22.55012 0.0 9.40261 7.29732 18.92763 31.84457 15.245 33.00723 30.54472 0.02911 16.19272 25.40189 9.59663 9.29304 13.93461 24.65855 17.4147 23.03765 24.83287 25.30195 
1000.0 20.77896 31.79562 9.84886 0.0 32.85905 12.78428 25.08538 21.21177 29.33265 26.27598 14.72136 0.0 17.26517 29.94671 31.75007 18.44425 17.62958 10.71867 6.75936 0.02901 12.28249 20.68837 12.54817 9.27543 21.20056 30.69972 32.07086 16.58875 19.33031 16.61198 
1000.0 0.14207 0.10286 0.12801 0.0 0.11086 0.07282 0.04497 0.05044 0.11089 0.06575 0.09993 0.0 0.10327 0.06054 0.12758 0.04191 0.11527 0.11331 0.06771 17.67652 0.1595 0.10113 0.08662 0.06149 0.1068 0.10434 0.06994 0.14421 0.09227 0.04756 
1000.0 21.21343 14.05513 29.24089 0.0 11.33685 29.88995 30.32731 25.16011 15.66715 10.43514 9.57227 0.0 24.06815 12.83355 14.08725 31.62323 13.86161 7.03516 27.31356 0.03989 16.40161 8.5613 7.9829 13.3554 32.30948 26.23133 7.15774 10.69095 22.87839 30.1208 
1000.0 26.93312 12.81501 32.37951 0.0 11.95032 14.89829 28.31229 20.10779 19.44024 32.12155 12.50102 0.0 32.63476 24.30548 21.26383 29.63658 6.83638 15.73677 16.68663 0.02891 27.26567 8.79956 23.02051 16.87198 32.42351 16.28147 21.07343 12.62003 29.4735 15.47461 
1000.0 27.47746 15.56188 9.72104 0.0 29.20283 31.68813 29.14861 31.88271 18.7116 15.77964 22.45762 0.0 14.56497 33.0504 16.35024 12.21871 18.91137 22.80993 13.46977 0.03299 19.71309 20.8697 31.68916 25.22814 10.86671 15.50933 13.76366 21.6684 16.82494 13.7096 
1000.0 24.39223 19.02509 15.98983 0.0 22.67464 26.16901 13.56638 27.17719 30.44809 30.12878 21.21678 0.0 31.62421 18.43175 15.0755 24.26289 8.57948 28.71484 23.77649 0.01716 12.15426 11.02723 15.76414 17.1819 24.94241 29.22471 12.05386 30.07415 27.08736 21.98559 
1000.0 27.92301 20.81939 28.94192 0.0 12.17306 22.19198 13.26612 21.13578 31.78171 14.07666 13.39861 0.0 19.75268 15.43516 22.85415 15.12902 10.98215 17.93011 27.53392 0.03185 28.99757 23.95093 15.94139 10.5139 27.05719 33.28675 20.77016 27.39446 29.13189 27.43673 
1000.0 15.46214 14.78326 24.27412 0.0 29.46055 28.76211 13.79899 23.61417 17.08661 25.81043 10.65349 0.0 29.60975 8.99106 7.58395 8.63346 28.37826 14.49648 21.73984 0.03368 17.84609 14.45853 32.59357 33.32433 7.35184 14.81381 11.37727 27.64275 28.83988 18.04878 
1000.0 29.32192 29.04069 24.89376 0.0 7.07009 18.77867 10.45248 15.90649 19.12129 14.64341 19.75171 0.0 7.54221 8.97885 31.73631 24.34352 26.73789 13.48883 11.89168 0.01451 16.75137 20.83959 6.96563 28.28763 7.06609 23.93425 31.88367 32.61179 10.41168 31.58872 
1000.0 22.9636 31.34757 28.8278 0.0 13.63275 11.34073 26.46949 26.13926 33.31701 23.69402 13.88598 0.0 29.50971 30.7802 7.76074 23.06928 31.04836 32.49469 30.11099 0.01823 11.98274 20.41509 30.44497 21.21313 20.19878 29.94553 30.70417 30.95054 24.38578 11.14438 
1000.0 29.81065 8.47586 32.84767 0.0 25.85258 28.0374 25.41894 10.35045 9.53878 30.44533 26.8697 0.0 16.9698 25.21551 31.41796 7.50087 8.01043 7.88802 17.58913 0.01238 10.467 25.34349 26.92033 9.36707 29.16937 13.60708 8.36064 23.5639 28.44994 28.99852 
1000.0 28.58176 9.34598 19.39865 0.0 20.65694 14.02941 18.1567 21.67978 28.29294 24.25491 18.11925 0.0 24.09726 30.57621 9.53754 25.75038 19.81616 22.28476 15.6904 0.01735 17.16893 7.16466 15.90369 19.74271 8.24593 19.65427 11.41515 29.9525 10.73816 26.74123 
