1000.0 1000.0 1000.0 1000.0 1000.0 1000.0 1000.0 1000.0 1000.0 1000.0 1000.0 1000.0 1000.0 1000.0 1000.0 1000.0 1000.0 1000.0 1000.0 1000.0 1000.0 1000.0 1000.0 1000.0 1000.0 1000.0 1000.0 1000.0 1000.0 1000.0 1000.0 
1000.0 11.94557 25.31877 17.65487 0.0 16.71955 16.93494 28.56847 38.29727 24.80332 23.60473 8.81817 0.0 12.43457 8.83853 38.37911 26.05356 9.37487 35.90545 9.20552 0.04298 32.67829 11.71989 38.62227 39.24436 29.56408 17.17715 13.65772 18.86775 33.59429 25.17775 
1000.0 37.43466 16.94228 28.67199 0.0 27.28927 23.90973 25.20933 13.7996 33.50038 38.54105 28.82346 0.0 36.50547 31.87974 24.6918 33.72211 36.59221 27.24923 22.72574 0.02468 16.9383 39.15891 25.16546 12.34616 17.35397 31.51694 12.8 31.88149 31.45182 23.40189 
1000.0 10.63262 11.72569 20.19938 0.0 32.25362 17.84688 29.91711 17.60198 9.14247 12.95025 35.63874 0.0 23.73717 12.32938 14.01815 22.09723 39.0983 39.79827 38.5758 0.01193 28.92396 39.31011 35.01505 9.78133 30.29573 26.2986 19.92713 13.84762 21.07554 25.80152 
1000.0 0.0 0.0 0.0 29.52482 0.0 0.0 0.0 0.0 0.0 0.0 0.0 31.39863 0.0 0.0 0.0 0.0 0.0 0.0 0.0 0.0 0.0 0.0 0.0 0.0 0.0 0.0 0.0 0.0 0.0 0.0 
1000.0 23.94648 31.0928 28.21812 0.0 18.08137 17.13439 28.31249 13.71618 26.81585 19.98402 18.26994 0.0 24.77649 37.62355 22.31155 37.0118 12.79856 33.9283 23.0763 0.01939 20.35682 13.33126 15.48528 29.43411 9.66534 16.88707 27.63534 16.43088 25.2897 11.8029 
1000.0 20.92183 16.94255 13.18647 0.0 10.05129 34.87274 11.0423 31.25594 23.54843 32.13961 15.23469 0.0 27.76327 8.98577 34.70018 12.37078 34.94168 15.08067 22.74901 0.03075 11.88373 12.89675 15.25109 9.94471 28.81238 23.5024 25.25247 20.11991 18.22458 14.48295 
1000.0 37.01435 9.15536 35.53431 0.0 25.63696 22.02458 30.88645 15.20113 26.39669 23.21642 34.31159 0.0 8.53127 8.56324 27.21962 27.39472 36.83687 38.48418 16.34281 0.04269 27.46161 17.12012 24.61158 16.88162 27.69025 28.64216 27.03018 34.20733 33.11524 30.01402 
1000.0 24.93851 21.45947 19.27092 0.0 13.55989 38.48068 18.69154 13.52219 30.986 26.02377 30.65702 0.0 33.01596 37.43892 28.81677 22.44375 11.80441 24.4394 24.65969 0.03312 26.97704 21.35106 34.36879 8.39292 8.8769 38.05523 38.22787 32.12886 20.41668 39.07726 
1000.0 10.9993 17.53936 34.45228 0.0 32.00136 11.29632 28.43645 26.67094 11.93252 39.41229 36.68473 0.0 21.95202 24.65861 17.85493 31.90296 22.70915 8.3802 17.58008 0.02639 9.35986 36.95292 10.74749 16.24718 22.0812 28.47524 11.79025 35.38621 22.44757 14.35932 
1000.0 32.13422 20.19023 10.57318 0.0 36.33675 38.30822 21.92488 28.38032 34.15504 38.96515 36.32953 0.0 17.08323 11.79068 10.58009 26.59654 23.20606 11.36276 12.62106 0.03749 9.32956 36.53712 18.67001 37.25076 9.40727 39.70052 37.10112 29.36312 23.32786 22.6208 
1000.0 38.96708 27.93461 24.68481 0.0 37.33606 18.49093 15.06341 22.70247 24.18267 33.72037 28.43071 0.0 19.97168 8.10196 29.25682 16.32305 12.68602 30.85541 34.61485 0.04405 22.83385 10.63744 8.84029 38.18895 29.81499 17.04352 21.93272 27.69732 36.27265 31.70617 
1000.0 0.0 0.0 0.0 36.27496 0.0 0.0 0.0 0.0 0.0 0.0 0.0 9.07774 0.0 0.0 0.0 0.0 0.0 0.0 0.0 0.0 0.0 0.0 0.0 0.0 0.0 0.0 0.0 0.0 0.0 0.0 
1000.0 25.06415 26.15662 13.07486 0.0 14.09113 21.8736 17.55285 37.59172 19.10284 34.75764 29.20647 0.0 32.12433 31.52065 36.53965 26.1236 20.98999 18.84672 29.82554 0.01852 10.91058 30.87108 31.75963 11.75626 39.14727 21.72223 36.43816 28.21949 27.93688 27.39166 
1000.0 19.45852 11.35375 34.32934 0.0 15.94322 9.28216 26.33396 38.48373 19.13557 12.32647 8.53003 0.0 8.29409 37.00207 19.83562 27.21243 17.0457 28.46117 13.11648 0.0155 33.35449 23.92462 19.79511 14.36156 9.14464 34.20677 34.84544 16.29785 26.33855 27.24308 
1000.0 27.88818 29.47573 35.51562 0.0 39.72785 27.86496 24.37591 18.301 29.0034 8.27199 17.77133 0.0 16.44985 26.17631 27.06932 29.20589 36.15933 25.70128 14.60387 0.01662 29.52486 27.44573 29.60807 21.42876 14.49659 18.47905 38.93833 22.97867 11.9935 32.11206 
1000.0 39.54442 19.20009 26.08216 0.0 34.72143 28.34687 32.5022 39.96193 12.27849 36.4537 13.42923 0.0 13.15977 9.59114 17.45583 16.29678 33.81645 16.02935 24.31232 0.02354 12.53653 37.43721 9.38204 16.99311 15.68887 30.06776 38.26179 39.66904 34.56186 30.83031 
1000.0 17.60571 11.59006 35.14474 0.0 11.17426 25.28585 32.46003 29.00072 11.07696 25.62524 9.23159 0.0 10.29825 15.86109 8.45261 20.66408 26.78344 15.14795 28.41834 0.02437 23.80661 11.97751 29.05734 18.40187 39.36339 13.35715 16.35757 32.25148 31.47773 8.19381 
1000.0 24.26928 36.87193 39.68863 0.0 15.84575 31.79161 9.91502 17.35537 29.06465 19.42558 28.80454 0.0 14.0445 39.22767 15.26705 9.96385 28.79434 25.44699 17.51937 0.03697 13.44551 35.17253 30.84138 39.74519 37.92039 11.35419 12.38002 37.18676 17.32201 32.16887 
1000.0 35.29636 36.62968 28.70048 0.0 31.38234 11.74797 22.92704 33.26475 26.38677 19.33227 27.87342 0.0 17.75684 27.44606 21.87826 26.94048 9.17056 37.5959 30.34496 0.0212 33.04125 36.82256 21.44412 33.87398 34.40623 32.31624 36.80453 26.11349 19.09926 33.13755 
1000.0 0.11671 0.17807 0.04586 0.0 0.07712 0.1158 0.05785 0.08459 0.04953 0.07835 0.13082 0.0 0.0745 0.05159 0.06921 0.05673 0.17513 0.16051 0.16996 11.31784 0.12565 0.14576 0.0649 0.15142 0.12022 0.05081 0.08117 0.04622 0.15175 0.09972 
1000.0 18.37976 14.86353 25.00865 0.0 17.06752 10.43527 20.10516 10.32059 32.72655 14.13992 18.06255 0.0 20.03181 12.25788 12.77703 8.96355 10.02428 8.45322 30.87582 0.04136 31.4386 39.38108 24.93927 8.93552 8.38619 30.36035 39.56638 18.37411 37.52804 25.78215 
1000.0 30.46419 35.70244 17.6161 0.0 23.55416 30.38636 33.03979 38.60471 23.79902 39.92395 10.46304 0.0 38.623 15.88309 26.91069 9.64794 31.56119 23.45624 27.87913 0.01498 24.51857 36.66342 14.50005 33.32655 30.06997 37.22369 14.76731 20.7523 26.56727 31.66662 
1000.0 12.67036 12.34411 39.70899 0.0 24.06317 16.44364 14.6373 35.5935 34.71053 25.14599 9.19428 0.0 16.70994 36.27979 36.75756 14.703 32.9758 32.99883 37.81439 0.02494 24.07568 8.28898 17.17224 29.98876 37.96968 33.83127 37.74352 12.19189 20.01058 8.5747 
1000.0 35.31323 34.83892 27.47162 0.0 9.60139 34.53256 20.2622 20.56584 29.17686 30.2725 29.40071 0.0 21.41879 31.52524 22.93152 14.22368 34.61194 23.73495 27.32625 0.01763 34.27012 16.37457 24.49003 18.93927 19.84492 9.71149 28.79093 11.03687 11.12896 24.82844 
1000.0 27.88161 8.43609 29.23532 0.0 28.49412 21.14154 11.1426 15.20987 15.5255 34.06508 29.06029 0.0 33.44421 28.7872 9.04359 39.5669 38.26662 19.41159 18.16217 0.0136 23.63473 12.35062 11.95207 12.96696 33.93255 11.07343 16.22608 8.26685 37.71558 25.88112 
1000.0 37.39887 29.98793 16.88837 0.0 11.95031 32.35243 22.66575 8.29281 16.2656 33.00106 20.7695 0.0 24.10375 9.42492 28.68347 25.45882 21.05877 39.93786 18.82004 0.01272 14.71762 19.55984 23.85729 30.38444 24.70174 20.07392 29.66897 39.13464 27.57846 23.58964 
1000.0 27.53257 23.87895 27.14132 0.0 13.1277 21.34506 17.33412 27.74265 8.12221 29.14642 30.10191 0.0 39.52788 32.88786 34.93002 36.05296 10.14813 25.66838 28.05839 0.04462 18.47297 32.24505 36.4279 15.80348 20.63253 38.16924 18.90362 11.48491 21.09639 32.32342 
1000.0 22.54256 29.35009 26.71065 0.0 12.33681 23.88703 25.10912 28.84857 26.68338 26.54687 31.92495 0.0 10.65984 25.1744 16.22885 32.90466 37.2903 12.86499 13.25567 0.03426 14.77837 22.11194 34.69987 13.61062 18.29554 11.69903 33.15708 34.07374 24.52636 16.88575 
1000.0 14.91794 10.79923 36.19219 0.0 37.19704 29.59665 15.97282 23.50671 39.95262 11.59243 30.45993 0.0 17.47162 19.51906 10.29909 36.8385 18.81832 36.64795 8.35219 0.02181 32.15212 11.44482 35.04011 24.19714 35.80294 15.03569 13.9238 26.13557 22.3531 32.2518 
1000.0 31.99029 34.71789 26.03345 0.0 18.41052 34.54615 18.52329 9.65574 12.22 35.27915 37.69797 0.0 10.33713 37.46329 21.83493 26.93227 9.3307 18.653 10.25262 0.01509 30.92095 38.97888 16.09467 9.27991 29.21247 31.89077 17.27576 20.24766 16.00345 20.60425 
