1000.0 1000.0 1000.0 1000.0 1000.0 1000.0 1000.0 1000.0 1000.0 1000.0 1000.0 1000.0 1000.0 1000.0 1000.0 1000.0 1000.0 1000.0 1000.0 1000.0 1000.0 1000.0 1000.0 1000.0 1000.0 1000.0 1000.0 1000.0 1000.0 1000.0 1000.0 
1000.0 7.21726 23.77411 13.39415 0.0 20.9201 8.37778 13.39235 29.58097 22.93653 29.03172 31.39319 0.0 23.9626 11.94869 17.24442 26.3948 29.13233 20.25445 14.65936 0.03555 22.64932 31.34432 32.32124 8.49009 22.80143 22.73814 30.72213 29.73527 6.85542 25.81909 
1000.0 7.22885 21.84052 32.79615 0.0 9.35622 29.00959 19.76133 30.01516 32.73787 26.08273 20.39852 0.0 18.89468 10.25565 28.27891 8.62782 15.17134 17.98739 17.72317 0.01619 16.5877 21.67164 20.46302 28.01757 28.02376 20.30112 20.04903 21.7495 27.50174 23.07669 
1000.0 17.32448 18.09173 18.40812 0.0 31.94339 10.7104 9.94283 8.76819 12.6652 21.00326 7.49815 0.0 18.54884 26.19104 16.23525 14.7193 31.94432 7.88022 27.64819 0.02145 9.30345 9.54164 31.51498 13.01662 21.17296 15.68608 7.41317 11.26867 30.08884 18.97224 
1000.0 0.0 0.0 0.0 31.90174 0.0 0.0 0.0 0.0 0.0 0.0 0.0 17.28768 0.0 0.0 0.0 0.0 0.0 0.0 0.0 0.0 0.0 0.0 0.0 0.0 0.0 0.0 0.0 0.0 0.0 0.0 
1000.0 27.97909 25.76959 18.8831 0.0 29.68579 25.56407 24.60068 32.14026 28.57455 23.65031 31.86575 0.0 19.4389 12.50856 14.22908 13.22853 18.92079 16.80823 12.459 0.02007 12.51039 8.33235 10.38581 17.01456 13.8075 20.89569 22.67159 10.54274 7.0395 9.92557 
1000.0 12.48373 21.71088 19.13239 0.0 16.07998 11.02771 26.39356 30.35255 25.01767 28.84819 22.77901 0.0 30.53712 29.79609 23.59124 7.03465 10.4462 8.86742 12.03662 0.01015 33.60007 19.25273 24.62548 13.29944 18.11304 26.16907 20.66764 19.10357 22.55997 26.38516 
1000.0 12.63503 7.33089 29.8888 0.0 19.54976 17.05155 7.7903 16.20552 21.0455 19.12575 11.07995 0.0 7.43394 16.55297 14.7688 13.31624 26.23932 22.2689 30.63253 0.02452 26.36039 24.35578 10.84285 32.21379 28.38064 20.76916 13.03723 14.5715 18.95318 30.72245 
1000.0 19.19479 32.92671 25.12491 0.0 25.84451 26.82052 18.63476 24.49649 19.23668 27.25496 27.15961 0.0 24.00717 28.91374 10.76265 31.71191 13.50128 26.35633 21.45063 0.0305 9.30275 27.20763 31.69302 19.93596 33.69541 26.80989 23.88364 17.28476 28.77275 27.06788 
1000.0 10.46912 15.07107 12.63312 0.0 18.2042 30.17726 15.38032 24.97996 9.11696 16.5237 7.8451 0.0 16.06706 20.67919 30.69646 9.31668 10.80876 17.44089 32.44118 0.01309 25.23501 18.51516 28.58693 23.42492 28.42159 27.62151 22.26658 12.15339 19.54836 31.74152 
1000.0 20.10941 24.29513 10.7738 0.0 22.24961 27.42658 24.77538 33.7376 27.315 33.01811 18.35972 0.0 27.42505 10.61933 28.68023 29.18712 9.80519 14.3211 7.79279 0.03086 20.73128 8.57619 29.35578 30.61002 30.60199 11.5786 21.72895 28.0734 28.25474 10.84575 
1000.0 7.09523 29.69228 14.85475 0.0 19.09705 25.89579 16.23344 9.09413 23.44491 33.57403 11.91289 0.0 11.73619 17.12571 31.93755 21.99707 29.25046 16.61022 33.49764 0.01525 11.92945 14.56358 22.88556 9.81408 15.4641 29.84694 21.12859 22.60079 11.45401 13.61945 
1000.0 0.0 0.0 0.0 29.81583 0.0 0.0 0.0 0.0 0.0 0.0 0.0 31.29693 0.0 0.0 0.0 0.0 0.0 0.0 0.0 0.0 0.0 0.0 0.0 0.0 0.0 0.0 0.0 0.0 0.0 0.0 
1000.0 8.69914 7.95316 30.87006 0.0 12.4587 26.40232 7.63214 6.92016 20.43788 19.23656 29.35461 0.0 8.62456 33.49342 13.09079 9.98588 29.75946 25.34946 32.11395 0.03908 15.69669 23.00514 18.71787 9.79268 19.65858 22.78097 19.1035 14.49671 24.20513 24.92243 
1000.0 11.26351 7.40011 14.2151 0.0 32.01601 22.33027 24.6302 24.0743 20.37891 27.77109 9.52163 0.0 11.07898 17.82292 19.21965 23.08543 11.24619 31.90366 7.33717 0.03692 8.33331 22.60297 19.09971 16.74434 28.69142 32.42979 33.40173 17.38787 25.87229 22.42774 
1000.0 28.25391 15.52906 16.48924 0.0 10.95933 28.31517 12.32568 14.37909 20.21251 13.79127 32.17677 0.0 15.83786 21.2145 9.61397 10.72467 18.38455 15.3922 17.74233 0.01612 13.6302 16.05211 21.35839 12.38089 25.79175 21.74338 30.27862 22.81591 8.87259 7.13803 
1000.0 8.87556 21.88883 7.22525 0.0 24.49745 7.1547 29.48061 8.87916 22.07571 24.55259 32.46609 0.0 33.30495 32.88578 13.49723 23.909 28.48715 31.95817 8.4241 0.02801 21.03183 14.06068 30.34098 21.35705 20.14863 28.01394 29.74995 18.48721 15.26465 22.16887 
1000.0 9.30691 30.8116 7.37817 0.0 16.61294 9.99563 21.42772 16.78868 23.38877 33.36676 10.23918 0.0 16.61253 16.26498 25.56478 13.67755 30.11496 18.34775 19.29793 0.01871 19.20183 31.99483 32.30972 28.0682 24.75109 26.99508 33.2725 9.14089 15.60526 20.68679 
1000.0 13.74876 11.25509 17.03327 0.0 25.90671 32.85778 17.15295 17.85162 31.50002 16.35754 20.4441 0.0 25.82334 25.23211 16.37325 29.36206 25.1254 12.32929 18.49465 0.02948 20.83323 28.27426 21.09944 23.37549 17.20746 15.77367 16.74889 18.25383 10.71915 32.7538 
1000.0 24.09468 12.60161 11.02414 0.0 15.84167 28.44702 7.96088 19.69868 29.56405 22.0578 23.19195 0.0 26.26984 25.32433 29.67758 12.07503 21.42218 18.56315 8.4027 0.02139 28.31939 13.8743 31.42391 31.40657 19.02667 21.9655 11.86311 29.26971 28.40153 31.28912 
1000.0 0.09758 0.13651 0.08311 0.0 0.03395 0.07861 0.1476 0.10083 0.04202 0.10567 0.03904 0.0 0.08748 0.07873 0.08628 0.13689 0.13572 0.06447 0.0519 12.35099 0.13332 0.11502 0.04153 0.08957 0.12721 0.04502 0.0937 0.08193 0.08688 0.13786 
1000.0 32.13758 21.1049 19.80594 0.0 28.99139 18.1211 23.59981 24.10794 29.25237 30.05054 30.2962 0.0 15.47806 29.99505 33.64205 25.88106 19.92156 29.3182 33.00212 0.02738 9.6437 15.52493 8.76682 21.58174 7.42701 32.95156 32.2709 21.65543 16.73645 17.69559 
1000.0 25.13107 15.88415 30.19477 0.0 18.03997 26.48328 7.63563 33.89463 13.07094 23.12676 19.77567 0.0 21.28782 12.87672 30.06381 8.50226 11.44833 32.2468 12.12116 0.02631 33.38592 33.61388 28.47726 10.87279 25.45333 15.26841 32.83836 23.87634 21.57985 6.79723 
1000.0 9.97323 21.86673 17.09388 0.0 17.3053 31.81975 8.35308 23.29197 11.43294 10.30225 16.78153 0.0 15.36915 28.7578 8.90295 7.50902 29.92613 13.51049 9.22732 0.01691 16.49525 12.01013 7.50685 19.11238 31.69353 14.41093 28.1166 31.11325 16.66709 31.02801 
1000.0 20.57153 11.28929 26.56413 0.0 14.35691 8.22629 19.82996 9.22418 24.06635 11.53142 15.94798 0.0 17.6824 15.37072 15.03221 30.33976 6.88359 13.46 28.86295 0.01555 19.0934 23.42976 12.07292 9.38137 17.94455 9.73972 9.94613 28.28087 7.28468 16.99293 
1000.0 29.6055 20.89239 28.63598 0.0 27.70494 14.12669 27.90885 9.7375 7.33886 23.89736 8.92484 0.0 18.1136 21.1372 23.56817 23.0925 22.59912 21.67018 24.56448 0.01436 27.46921 16.30067 14.74894 7.96546 15.20904 14.61736 28.76429 33.02932 31.58891 11.08586 
1000.0 23.15636 12.5521 25.80468 0.0 30.41621 16.61866 27.22222 11.77459 9.26886 24.39647 32.63413 0.0 13.81167 21.69714 18.81255 18.96411 11.14088 32.54584 17.93476 0.01025 29.07189 9.4715 14.55942 7.41335 26.11779 33.67682 15.39852 29.49996 31.01813 32.50735 
1000.0 28.36925 32.62665 26.91368 0.0 33.39942 14.10408 23.29868 15.27857 19.34051 20.34699 33.40733 0.0 12.93367 19.67946 30.34914 11.77666 30.2299 25.84355 27.91384 0.01786 10.60488 23.84953 29.76722 28.10272 26.87995 7.75842 13.69051 14.24781 20.74996 10.95721 
1000.0 11.20505 8.57989 25.7206 0.0 14.43244 13.67095 29.2463 15.36896 8.09212 29.85095 16.13936 0.0 25.53596 29.61453 30.80746 15.98166 28.45575 7.17435 29.32535 0.00991 7.58997 8.97412 30.33918 15.73151 21.88612 28.96654 16.3258 15.36576 31.79536 33.60078 
1000.0 27.51144 32.32863 7.27612 0.0 30.66114 13.34286 26.29794 15.72061 24.39935 31.35947 15.21322 0.0 32.48409 30.95898 21.36726 27.35918 22.12999 22.80013 24.11407 0.02689 18.67938 21.4553 30.93073 26.39157 13.05228 19.28692 32.30481 27.22971 14.76169 33.53743 
1000.0 26.25733 17.45954 23.39447 0.0 15.37929 7.56816 31.7828 26.25118 32.08879 17.41485 22.83791 0.0 30.02257 17.62706 14.83603 30.99322 31.18386 23.92285 13.53181 0.02125 28.29884 10.32656 19.93339 8.2646 27.29661 24.24139 9.2336 13.02768 27.4422 20.41095 
