1000.0 1000.0 1000.0 1000.0 1000.0 1000.0 1000.0 1000.0 1000.0 1000.0 1000.0 1000.0 1000.0 1000.0 1000.0 1000.0 1000.0 1000.0 1000.0 1000.0 1000.0 1000.0 1000.0 1000.0 1000.0 1000.0 1000.0 1000.0 1000.0 1000.0 1000.0 
1000.0 43.3296 13.43314 24.62953 0.0 38.1684 27.57703 17.30906 48.226 36.93377 13.36741 11.83545 0.0 37.52422 16.89497 45.83591 45.00063 14.93758 12.43691 26.88951 0.01386 48.01161 13.83277 37.40095 10.39157 40.75544 19.40112 17.35948 44.05563 36.71386 28.14946 
1000.0 19.91864 13.76884 13.37063 0.0 12.03657 22.73831 18.89146 27.62286 33.30947 38.09172 38.49854 0.0 20.15751 24.75819 29.01014 48.00688 38.83568 29.39778 40.45008 0.02744 36.49926 21.1438 47.79717 22.17629 47.61549 19.52114 32.16767 43.36837 36.90366 35.62852 
1000.0 27.27489 33.5143 16.34902 0.0 26.47011 48.59732 44.69792 46.77039 44.12389 16.35945 10.68772 0.0 12.03211 33.28557 36.03042 14.44073 30.27755 26.03856 38.91634 0.02507 46.55036 16.84245 41.4883 15.68935 20.71135 22.3532 18.59936 46.62487 39.00197 17.57921 
1000.0 0.0 0.0 0.0 36.87758 0.0 0.0 0.0 0.0 0.0 0.0 0.0 29.12151 0.0 0.0 0.0 0.0 0.0 0.0 0.0 0.0 0.0 0.0 0.0 0.0 0.0 0.0 0.0 0.0 0.0 0.0 
1000.0 40.14281 28.84834 28.87997 0.0 27.09637 10.52368 39.03996 39.70313 14.82387 25.46637 20.57251 0.0 23.43641 11.7133 40.41127 28.77218 42.52712 23.84935 20.19124 0.04257 29.21722 39.74359 28.07689 20.58663 41.52287 14.33053 30.09657 35.16479 19.27638 38.48002 
1000.0 12.97087 30.3991 17.91068 0.0 28.13319 41.60403 40.89328 41.3347 34.39134 31.51836 21.47997 0.0 39.24979 17.93667 42.64953 38.66597 18.73437 26.67504 35.54806 0.01792 39.57417 20.72127 23.86431 34.23886 19.41208 30.16998 45.94071 48.41322 21.59346 18.62484 
1000.0 23.2131 44.03612 17.8486 0.0 25.62628 25.77966 14.68082 43.41213 15.76063 16.9244 18.90225 0.0 12.92546 28.68614 37.83146 26.19643 30.57366 22.94982 33.00873 0.02931 13.55801 27.69739 22.15767 27.2266 26.51513 12.31751 27.15069 28.37256 26.26043 39.06774 
1000.0 10.63618 17.73429 10.83452 0.0 17.67997 19.76068 21.17321 32.73548 46.38706 11.78117 44.19365 0.0 27.48764 40.39652 23.52778 24.2115 32.44533 40.95346 31.3726 0.03025 25.59459 16.93477 33.72643 32.30269 37.22789 45.00974 37.15971 44.35158 21.67795 12.47821 
1000.0 15.59192 21.5653 15.60504 0.0 14.06722 30.26361 23.05241 19.59187 30.54938 10.95389 18.13169 0.0 18.64509 43.75847 40.1372 25.79937 44.0511 29.97854 34.69937 0.01196 38.02594 33.4794 45.1639 26.47367 11.11048 44.13695 35.05188 21.88951 40.49679 18.21164 
1000.0 45.07454 24.86829 12.65448 0.0 12.47792 14.51004 41.17182 12.10637 42.51537 35.28437 46.28745 0.0 34.98258 17.08673 29.59121 37.8393 37.73533 14.74908 46.38711 0.03662 17.28495 13.15854 18.70387 40.84569 46.64819 30.66681 24.15006 29.99729 48.59706 11.51278 
1000.0 37.42957 45.80404 46.63193 0.0 31.34648 15.48747 17.88981 45.58017 30.52471 11.52927 40.45734 0.0 22.31655 30.83411 33.96435 38.66705 41.42844 32.23477 28.61252 0.04399 44.75583 25.34202 35.30278 39.55501 16.21704 12.58104 31.41112 24.32891 33.33794 26.70748 
1000.0 0.0 0.0 0.0 23.56849 0.0 0.0 0.0 0.0 0.0 0.0 0.0 29.46972 0.0 0.0 0.0 0.0 0.0 0.0 0.0 0.0 0.0 0.0 0.0 0.0 0.0 0.0 0.0 0.0 0.0 0.0 
1000.0 13.21007 17.0661 40.89372 0.0 42.50761 43.77235 10.6982 42.89167 22.87674 39.4497 39.34708 0.0 33.00794 33.51947 17.00822 36.90769 32.58453 18.10345 35.98683 0.03441 34.94173 30.70954 34.07447 18.09065 34.22947 20.34267 45.068 14.29121 38.23404 45.39781 
1000.0 47.6416 13.59527 41.44851 0.0 17.88574 48.04739 14.31727 13.90724 22.99617 20.36143 42.65384 0.0 30.17309 20.84055 40.6092 33.98282 21.18075 15.37792 13.32092 0.03485 30.20719 27.85174 23.50038 26.18902 45.96784 41.83768 29.39348 29.97225 26.90462 21.44286 
1000.0 19.42534 32.39955 17.55572 0.0 35.97017 47.14628 18.16026 45.09373 34.54631 40.19378 40.24318 0.0 38.9319 39.60721 33.49616 18.72812 33.64574 45.13102 20.47605 0.04403 28.77007 30.236 48.31665 30.20198 37.95053 28.71321 20.26588 19.06971 24.71746 26.33089 
1000.0 25.77335 15.68079 44.6207 0.0 32.57002 17.46654 16.93678 19.70392 43.27837 15.21083 34.77023 0.0 41.63872 32.26294 47.00483 43.23418 18.59947 26.74563 36.43479 0.04538 39.78322 20.13116 11.75988 34.91895 42.03773 13.88246 10.27623 13.26786 19.65248 39.73337 
1000.0 19.50663 25.02227 13.17228 0.0 41.05699 26.74793 43.44461 29.57674 28.57555 9.85769 30.69692 0.0 30.59618 44.32969 43.86259 11.92362 9.9304 24.52131 27.01797 0.01949 20.61837 45.91441 17.51888 16.8262 33.15278 19.60241 25.26935 10.02084 12.73645 40.37057 
1000.0 10.5758 12.49505 34.03036 0.0 42.61025 19.11555 38.62652 22.90847 32.82424 32.94355 41.96664 0.0 28.34205 40.0357 25.25546 17.27169 9.83424 13.86281 37.49879 0.0455 46.68931 23.17283 43.28422 45.31664 10.15143 34.06546 26.44292 44.37963 26.24368 11.32834 
1000.0 28.33266 33.03376 11.08256 0.0 12.13352 47.56273 19.1672 39.90719 33.59667 46.98115 37.13637 0.0 37.3442 30.5688 35.96923 35.10602 40.73448 42.42471 38.7624 0.04372 35.83003 37.94644 41.5512 48.38279 23.19628 15.5934 35.6287 37.61865 22.38485 14.09292 
1000.0 0.12403 0.06904 0.05224 0.0 0.12167 0.13634 0.0839 0.09453 0.13486 0.13347 0.09557 0.0 0.16256 0.13292 0.14629 0.18918 0.18704 0.10185 0.09287 25.34954 0.16265 0.13854 0.09114 0.10316 0.08831 0.16337 0.06889 0.13461 0.0598 0.04656 
1000.0 19.71096 34.38838 18.14136 0.0 16.0795 20.72 44.59692 29.44525 19.56851 18.40948 28.91968 0.0 43.18418 27.53317 9.83787 23.56137 18.47014 47.26081 24.58252 0.02595 16.67402 35.43604 27.57702 20.21923 47.74893 45.3921 17.34322 32.73468 35.31657 48.28822 
1000.0 43.31319 12.89085 21.94451 0.0 20.95267 27.0077 45.55894 17.44341 14.16265 25.75432 41.62443 0.0 29.28372 18.50027 41.95045 48.52473 33.95843 36.29307 18.49353 0.02448 26.57677 39.66719 13.86602 35.79545 19.70807 31.34242 43.99482 16.58967 26.3139 44.45211 
1000.0 20.01562 33.54163 24.32145 0.0 30.41716 18.46357 24.2829 24.38656 47.34085 26.02697 20.31903 0.0 31.84414 40.86491 28.31769 11.55942 42.3239 34.27229 46.24368 0.04057 23.6048 32.97116 12.31525 11.00435 45.66167 16.9586 35.53834 10.76046 44.34442 29.37613 
1000.0 17.17931 41.3516 32.16335 0.0 30.0436 28.02977 21.71466 44.94906 24.09117 20.35424 38.75317 0.0 45.78517 46.23811 28.83873 16.01419 17.94032 17.48065 26.0376 0.01013 27.28116 39.36844 45.51503 34.61103 22.18641 21.54359 22.5826 43.80832 46.62145 41.46703 
1000.0 14.40564 31.14755 23.92533 0.0 27.4898 38.38178 42.4607 44.77687 46.24501 25.74614 40.0182 0.0 28.17711 21.62605 26.92902 16.14264 34.87774 48.61318 17.06038 0.04231 11.46125 27.10501 38.91528 10.96844 22.3907 44.4543 40.44317 36.5995 35.86963 23.25446 
1000.0 42.90901 13.18183 44.2302 0.0 32.93298 27.33381 48.47211 25.29566 13.27664 12.9653 46.91386 0.0 19.87158 37.70295 26.70622 22.63331 37.11961 46.52865 38.80363 0.01434 15.59932 43.90528 27.27505 46.66296 45.38837 13.14895 30.91661 33.57409 11.74694 10.70408 
1000.0 43.33861 26.53359 46.01705 0.0 45.97584 17.46509 38.67404 32.3754 13.21231 19.56405 47.79221 0.0 35.02364 16.57987 17.98705 14.9828 37.78151 21.81088 28.39333 0.04233 15.33402 15.29076 47.97988 24.83063 21.69758 29.6169 41.95481 35.75101 28.83132 37.62788 
1000.0 29.43544 36.05619 45.33905 0.0 10.80439 47.60345 38.00208 22.48898 48.20228 26.14945 29.16238 0.0 10.46018 38.59313 25.83195 15.30295 19.98491 25.51088 17.04846 0.04251 43.33713 37.1066 10.70212 41.64584 20.56857 25.94399 47.13674 15.29525 48.30089 35.02653 
1000.0 34.33922 25.12114 14.32389 0.0 24.78902 39.141 20.84592 29.91728 31.41317 42.87087 20.36248 0.0 46.0998 15.45398 13.16913 11.14396 33.83442 46.17106 31.21455 0.03851 13.21465 46.03451 38.23122 10.38389 34.93053 33.32539 36.41494 27.14306 36.01645 38.39127 
1000.0 14.57883 17.43606 39.63015 0.0 47.35106 35.4547 24.26604 23.81553 27.26332 35.63309 46.38991 0.0 37.66147 22.71111 25.72447 44.76 10.42255 22.04965 44.50795 0.01297 17.17633 10.73187 38.23847 37.35636 43.50794 23.97585 12.99098 48.27198 14.42583 35.18877 
