1000.0 1000.0 1000.0 1000.0 1000.0 1000.0 1000.0 1000.0 1000.0 1000.0 1000.0 1000.0 1000.0 1000.0 1000.0 1000.0 1000.0 1000.0 1000.0 1000.0 1000.0 1000.0 1000.0 1000.0 1000.0 1000.0 1000.0 1000.0 1000.0 1000.0 1000.0 
1000.0 34.60717 29.12619 11.26082 0.0 41.16567 10.11125 28.37823 34.48712 19.19931 8.87958 35.59182 0.0 35.41242 29.37863 20.82552 19.429 38.42678 24.7766 34.44525 0.02686 24.28675 31.44441 37.21286 22.10225 29.34476 25.32772 23.19488 23.55265 16.07667 27.46357 
1000.0 11.04036 11.13793 12.96376 0.0 41.68611 15.80161 21.13281 31.21431 10.57044 9.14823 39.86749 0.0 21.07849 20.40981 39.31932 27.93597 36.10474 20.77762 41.69711 0.01216 10.21139 37.68194 28.93308 18.39137 41.51236 9.73071 39.40923 40.83454 11.56008 17.98637 
1000.0 25.46819 27.45284 34.07972 0.0 10.99973 16.56746 18.42547 14.97214 41.1596 14.56376 9.83742 0.0 29.78161 8.65205 15.85952 22.92235 23.94049 25.05625 20.22444 0.0453 14.14651 40.56859 18.16946 16.80435 18.74249 24.79372 33.90161 9.25159 24.96788 32.29736 
1000.0 0.0 0.0 0.0 37.86378 0.0 0.0 0.0 0.0 0.0 0.0 0.0 16.47438 0.0 0.0 0.0 0.0 0.0 0.0 0.0 0.0 0.0 0.0 0.0 0.0 0.0 0.0 0.0 0.0 0.0 0.0 
1000.0 30.94896 33.7209 19.63387 0.0 32.606 29.63523 12.19521 19.61656 14.46299 10.17667 29.48426 0.0 38.63982 29.8109 22.24845 30.44654 20.91227 27.69461 9.0004 0.03783 14.11174 35.19146 29.83167 24.51495 27.00428 11.56405 37.46433 30.39243 9.8688 18.48643 
1000.0 10.33949 13.70632 41.53641 0.0 27.85082 10.67805 17.23748 16.42517 33.77858 28.71056 16.67269 0.0 21.78975 11.00112 34.31206 38.45711 27.85893 18.37545 15.23522 0.04408 41.49101 25.26059 42.14329 19.51911 34.62353 24.61949 23.7575 28.35693 16.75336 28.18298 
1000.0 11.89645 30.16457 12.57826 0.0 28.28014 32.35094 29.48192 15.93517 35.62893 40.51698 33.19814 0.0 33.0449 22.88115 23.94213 10.28414 40.30491 10.04304 31.34362 0.0153 39.33491 19.14345 39.19806 42.25328 15.01439 19.03401 19.39622 38.922 13.30156 19.01322 
1000.0 25.97462 15.39593 34.38052 0.0 10.57421 31.70188 35.61588 38.90009 35.84636 35.17866 32.19763 0.0 39.5337 16.29988 37.72273 34.8137 18.1027 10.38353 30.37342 0.02173 11.29386 9.51035 40.21928 26.46726 14.13137 26.69091 37.95737 12.21617 14.663 21.15475 
1000.0 31.32312 38.06595 12.36229 0.0 37.89149 26.42924 20.84466 34.19057 18.85118 20.51441 25.25154 0.0 28.69658 15.44572 11.72906 18.64809 11.6445 19.58081 25.54505 0.0351 12.2646 25.11084 28.27519 25.71019 17.19153 9.84891 17.14129 42.20736 11.28423 20.34657 
1000.0 23.11088 34.05908 25.67302 0.0 36.13341 21.88544 29.19307 19.52687 26.48247 12.70437 39.07072 0.0 23.25078 13.81801 20.57253 31.45196 31.15883 11.68756 40.58902 0.04438 34.21679 23.07366 42.03577 19.43704 17.94948 26.51331 16.66158 19.16453 28.94928 10.83169 
1000.0 20.08063 40.63804 17.15291 0.0 37.12807 11.12093 16.56464 15.40032 29.76571 9.46534 41.35698 0.0 10.40076 28.86095 15.08277 30.62949 38.12421 25.98971 35.87542 0.02433 15.34738 36.58926 13.26922 41.58639 25.851 31.8951 39.94558 30.73542 28.9772 22.71801 
1000.0 0.0 0.0 0.0 20.49398 0.0 0.0 0.0 0.0 0.0 0.0 0.0 22.74127 0.0 0.0 0.0 0.0 0.0 0.0 0.0 0.0 0.0 0.0 0.0 0.0 0.0 0.0 0.0 0.0 0.0 0.0 
1000.0 21.36575 18.83945 15.25024 0.0 20.15978 30.70896 34.05638 33.78273 16.61186 10.74471 14.83773 0.0 21.73086 35.16722 38.84263 21.28839 34.08777 8.7723 32.41636 0.03136 13.94551 10.02433 10.05469 14.52199 20.82188 37.14822 22.49974 11.04908 11.48528 33.3717 
1000.0 23.76434 39.76134 29.22302 0.0 16.89157 41.56839 27.23391 14.15051 23.58089 27.31823 29.70349 0.0 28.55097 31.91465 17.94957 36.80139 13.39236 33.62453 13.97256 0.01186 18.12638 34.37511 41.63584 24.32299 40.15772 39.73595 10.35073 12.25113 13.8987 39.49051 
1000.0 19.41772 27.04684 11.55765 0.0 21.34192 16.36569 18.60122 29.33854 37.98236 28.55656 22.38199 0.0 25.95678 40.22541 18.5564 34.66931 27.48021 18.52259 37.69357 0.03914 25.06566 32.62976 35.17862 24.17579 34.90222 25.78319 28.78436 33.98379 34.82803 23.89168 
1000.0 36.91318 33.92921 32.94214 0.0 22.19721 13.52769 8.57277 29.35318 28.74066 38.11982 22.73773 0.0 24.99935 41.8202 11.48093 25.7867 25.02152 37.93496 25.60242 0.04593 20.88267 20.66495 40.65656 21.58829 36.86033 21.95937 23.20061 22.44669 24.1496 18.46404 
1000.0 30.63846 28.04224 28.18945 0.0 17.65854 32.12803 23.1319 39.92707 13.52738 17.68516 17.0269 0.0 14.72229 29.96178 32.568 18.74757 30.54314 8.92948 16.17567 0.01859 36.83665 25.56366 36.14052 20.3969 33.99307 33.20189 41.39181 32.45561 18.73642 38.39279 
1000.0 27.84291 28.47116 22.10858 0.0 11.38723 26.08792 28.57906 12.68079 9.57655 15.0339 42.23991 0.0 28.94325 34.21702 37.60936 37.69015 26.02692 24.12681 40.7331 0.04502 26.49658 23.08071 39.7537 31.35099 41.05141 34.0766 12.86646 28.32933 15.02789 23.18339 
1000.0 31.362 33.81239 32.57944 0.0 28.64158 30.75764 21.64143 42.03221 21.50107 27.14706 20.11571 0.0 32.60718 13.79693 36.58091 12.82935 30.24956 19.44145 42.01821 0.0377 31.39316 36.47997 41.58661 9.73777 40.42181 26.66687 10.83631 31.27013 37.74809 30.65388 
1000.0 0.17346 0.154 0.16985 0.0 0.16066 0.05588 0.11326 0.15053 0.18093 0.04552 0.16182 0.0 0.16198 0.15807 0.07895 0.07993 0.07677 0.05169 0.09402 33.83261 0.09817 0.14467 0.07479 0.09793 0.06196 0.17228 0.17332 0.08446 0.18072 0.06375 
1000.0 28.20331 10.82013 41.96133 0.0 15.77065 9.14411 28.30727 17.43695 28.66737 39.48604 14.02401 0.0 15.92843 34.449 25.39428 24.92464 40.4261 35.59121 39.86581 0.01642 35.67892 26.53067 9.73143 18.64252 28.98603 17.1561 26.78893 30.80737 36.78559 40.59708 
1000.0 37.12804 39.79892 19.38893 0.0 24.72545 15.60853 26.05339 41.12282 35.27065 23.35237 29.31297 0.0 11.33238 37.10749 9.6617 40.64535 17.09773 28.26663 17.38834 0.03258 27.38208 22.18659 37.85071 13.10925 40.75701 10.73834 39.19817 41.12533 10.90008 32.1011 
1000.0 13.34367 33.44244 16.40088 0.0 18.6411 9.1289 21.86065 28.68143 40.3254 23.65416 28.97653 0.0 35.93024 33.00197 12.69984 33.31741 11.58338 11.06193 28.07255 0.02929 31.11023 26.89074 18.16418 24.16019 13.05899 29.07997 39.06331 25.90206 15.78058 26.23698 
1000.0 40.90098 38.32479 30.70636 0.0 33.56034 11.44773 13.42962 34.391 15.17021 25.96054 11.39552 0.0 26.45225 34.79849 30.9296 17.01414 37.76708 22.24389 24.47111 0.02918 26.01474 26.48257 24.9534 21.55945 23.65919 18.69455 15.60551 16.62568 35.55783 25.68045 
1000.0 37.75745 18.358 35.52931 0.0 28.51702 19.91535 9.1913 28.82774 38.16031 36.16334 25.2394 0.0 26.38975 25.70126 29.44997 40.08732 21.17457 16.77617 18.29988 0.02835 14.44073 17.94437 29.89836 11.71554 33.97458 21.57327 14.70077 30.33083 35.28586 41.51138 
1000.0 32.98902 17.02582 34.3125 0.0 30.85626 37.59941 17.97894 26.27589 24.23474 9.48185 11.26749 0.0 27.48064 14.16632 15.57644 15.24766 30.1818 28.94379 40.43888 0.0105 8.84552 31.29261 16.45691 11.64576 33.53996 40.17901 12.01881 38.60619 14.77538 32.25049 
1000.0 9.91264 26.11008 9.64746 0.0 41.52621 32.66113 19.24478 26.36622 20.03269 12.2753 11.77705 0.0 25.19556 23.74849 37.32702 40.206 30.9665 38.93034 40.32386 0.01808 32.45596 16.58038 14.58715 30.2035 40.48834 24.30447 41.09717 21.874 30.52123 34.87486 
1000.0 15.80241 22.79004 32.08759 0.0 39.45604 27.6901 40.80167 33.69011 12.3425 22.9619 36.53762 0.0 38.86483 16.06276 27.92658 31.88388 16.38938 26.00132 16.14792 0.02145 40.55 31.31141 25.88281 25.07895 22.94921 19.48182 28.03006 40.40587 18.70148 10.38141 
1000.0 39.36072 20.23807 41.07015 0.0 20.87736 35.40319 11.26807 25.43945 16.89635 10.34924 33.43479 0.0 21.73035 9.05775 35.8206 21.48274 27.73762 17.77501 25.17775 0.04222 14.00364 31.87494 33.56543 27.3381 11.25718 32.45698 13.70082 39.82377 39.47814 18.69156 
1000.0 9.05332 25.40334 28.3006 0.0 20.3754 20.80452 11.46292 11.87732 33.97005 10.28623 33.13855 0.0 17.42542 37.39386 41.67863 29.47889 18.77082 22.12347 18.87691 0.01106 33.12346 38.4822 21.92728 14.91803 18.20537 34.40187 14.34766 29.63553 38.83467 32.13671 
