1000.0 1000.0 1000.0 1000.0 1000.0 1000.0 1000.0 1000.0 1000.0 1000.0 1000.0 1000.0 1000.0 1000.0 1000.0 1000.0 1000.0 1000.0 1000.0 1000.0 1000.0 1000.0 1000.0 1000.0 1000.0 1000.0 1000.0 1000.0 1000.0 1000.0 1000.0 
1000.0 21.27922 10.85198 31.94051 0.0 25.60396 20.82667 13.25673 27.59034 16.84327 11.39778 31.26723 0.0 24.94401 13.1691 22.61109 13.73675 23.22504 23.72372 18.77591 0.02632 9.75912 12.67688 10.95186 17.97141 14.3589 15.53734 21.52157 8.71224 30.30491 28.62986 
1000.0 11.30732 23.19173 19.87062 0.0 21.58987 32.83026 27.03155 13.25428 21.52326 15.8211 31.75364 0.0 12.09054 15.30731 9.6725 14.63461 8.94789 30.33076 21.11213 0.03656 27.94185 16.8666 29.42547 17.36193 26.57984 25.84046 29.79685 22.81505 27.93788 32.62636 
1000.0 15.14539 14.40514 19.33012 0.0 13.99468 12.49184 14.22233 11.77277 11.93444 19.52562 20.94461 0.0 9.61077 11.792 22.93774 16.23376 25.48671 12.85294 11.76092 0.02767 32.04318 30.52899 29.35872 30.40715 27.85798 21.27145 10.03573 13.42946 31.77254 29.18677 
1000.0 0.0 0.0 0.0 29.46502 0.0 0.0 0.0 0.0 0.0 0.0 0.0 24.83525 0.0 0.0 0.0 0.0 0.0 0.0 0.0 0.0 0.0 0.0 0.0 0.0 0.0 0.0 0.0 0.0 0.0 0.0 
1000.0 30.31453 24.52751 13.66278 0.0 20.40344 19.85911 14.4744 24.05742 14.12953 29.68848 25.61689 0.0 21.03214 11.19224 27.33273 7.62331 7.54328 21.3988 29.53777 0.01024 32.12707 17.40362 29.0688 14.33889 13.15267 8.46962 30.36868 24.52481 9.36603 10.13112 
1000.0 25.65722 21.53972 27.31733 0.0 25.32085 16.15066 8.72468 9.99941 31.06597 23.90608 10.28346 0.0 26.68871 7.81687 24.64962 22.55913 26.62618 11.18034 10.01771 0.01681 27.09682 19.73793 23.23799 23.21347 21.10976 7.73397 23.04514 20.66918 20.6604 28.31594 
1000.0 27.74959 23.10594 16.24369 0.0 21.17638 22.88162 8.49929 29.55556 14.64989 24.64104 17.54981 0.0 14.18993 30.8101 22.00203 27.88552 14.1376 26.4288 22.07168 0.0203 8.97717 29.74611 7.56405 31.58307 18.67972 12.5717 27.79538 12.17334 14.36835 21.62805 
1000.0 21.45747 29.44049 13.78473 0.0 20.30123 9.06148 11.18318 20.44035 27.40343 23.20945 26.07408 0.0 15.68445 24.91288 18.74397 20.84609 30.96784 10.29133 22.3338 0.03031 8.12677 28.18005 26.03899 28.95997 25.32554 18.09939 30.28652 6.61268 13.40772 11.98673 
1000.0 28.2961 17.16404 12.0364 0.0 22.25775 8.54577 30.36042 18.09957 19.72103 16.8372 31.2705 0.0 15.38573 19.63828 9.82469 14.78151 32.01932 31.96037 29.74094 0.03912 10.67059 10.69317 18.12488 23.34689 19.68281 26.27803 17.24047 30.29054 23.66387 7.29751 
1000.0 19.26609 28.83815 19.82737 0.0 15.09543 31.83705 21.86967 20.02738 11.34781 15.23916 10.6304 0.0 27.70221 14.31165 18.2839 9.82907 12.5824 18.27487 22.16666 0.01848 26.1512 31.96051 16.40508 24.58637 20.69776 27.25642 6.95657 12.92067 32.27933 9.62191 
1000.0 25.58998 9.91916 7.00457 0.0 28.33679 20.87215 22.11437 32.0229 10.91804 17.07235 15.27816 0.0 14.32725 30.35864 32.91707 24.13054 22.9761 14.58201 10.47008 0.01448 26.22585 15.90012 19.25907 27.41009 20.83429 32.14058 18.98471 24.96791 14.83531 32.22228 
1000.0 0.0 0.0 0.0 8.59193 0.0 0.0 0.0 0.0 0.0 0.0 0.0 14.80901 0.0 0.0 0.0 0.0 0.0 0.0 0.0 0.0 0.0 0.0 0.0 0.0 0.0 0.0 0.0 0.0 0.0 0.0 
1000.0 11.82161 15.44156 10.28084 0.0 12.4649 13.13908 19.70645 17.66371 25.44504 26.71714 7.23066 0.0 21.14226 26.00204 21.83153 12.4197 9.95898 14.73076 18.36968 0.03614 21.92258 10.98799 7.25891 17.57333 13.8391 32.56035 26.00548 6.97234 21.4078 27.94983 
1000.0 30.79029 30.6853 19.59817 0.0 10.46975 27.91226 24.36172 10.70951 25.59201 7.67478 31.41812 0.0 27.813 30.29044 16.5954 19.97029 14.29511 11.43663 28.37143 0.04036 27.62705 28.6664 13.03087 21.44185 14.82692 19.14032 19.81863 31.50394 32.76911 25.542 
1000.0 15.89401 24.1739 29.09535 0.0 20.08262 14.78445 13.65459 24.54822 25.77359 13.89784 14.48684 0.0 18.62791 9.61651 6.71866 32.93484 15.42158 9.34224 23.32875 0.01663 23.07118 12.60342 18.15912 23.67022 16.78276 20.90122 29.94348 7.22631 25.78258 14.18987 
1000.0 13.77012 8.05471 11.56543 0.0 11.34678 12.88037 19.97891 13.06442 17.69224 30.25375 11.87654 0.0 10.79736 31.982 32.2959 12.14391 30.77747 28.10982 26.35142 0.03022 27.34798 31.42942 11.779 20.38428 6.89366 16.26706 12.57707 28.56615 27.3182 30.00639 
1000.0 20.89433 12.405 18.14077 0.0 7.43562 16.94368 15.19558 9.60951 22.24173 15.47084 21.63657 0.0 31.83414 14.86645 27.81753 19.34692 8.84977 7.88856 30.24372 0.01376 9.15426 24.49009 13.97256 24.79733 22.70906 25.43196 28.93817 19.29553 11.70906 12.69809 
1000.0 6.92223 13.82313 27.53258 0.0 14.66038 24.66773 31.81706 23.55324 14.65138 31.57858 20.58425 0.0 12.02192 12.88083 8.48153 11.64216 8.1972 10.84724 18.02901 0.02643 30.55896 20.09123 25.98852 8.13821 29.69334 28.31445 11.8479 14.00953 18.93758 32.75003 
1000.0 21.79885 8.22352 23.42236 0.0 13.12212 19.47612 22.47815 26.88561 23.72473 31.63847 18.16786 0.0 21.24705 30.87081 9.27689 32.00941 9.66001 24.58614 9.17813 0.01454 14.2502 21.11329 25.96237 22.21202 8.9486 27.57461 27.3515 27.98428 30.63065 22.88296 
1000.0 0.15428 0.14678 0.04816 0.0 0.07071 0.0406 0.15691 0.14602 0.15674 0.15918 0.11479 0.0 0.16055 0.14771 0.07423 0.039 0.13757 0.15068 0.07031 31.97445 0.08896 0.07829 0.05931 0.11842 0.0862 0.04278 0.15485 0.1119 0.05261 0.14025 
1000.0 11.89855 15.72141 10.64269 0.0 22.88874 16.64127 13.35465 30.35745 14.79359 9.63935 28.53717 0.0 25.99677 28.78361 18.86744 21.86266 8.61035 19.78774 9.89955 0.01843 23.19957 25.11909 31.66056 27.73531 9.62176 14.00696 21.90804 28.01215 13.5822 26.36636 
1000.0 20.60882 26.84817 11.13899 0.0 7.98253 24.85273 30.72645 11.44643 25.79765 32.48931 14.60933 0.0 6.7888 29.46135 20.71547 17.86674 24.10779 22.78633 27.54473 0.02098 30.22227 7.90101 9.0321 17.97521 28.63706 11.84051 31.01492 21.32123 16.03166 8.5124 
1000.0 32.92288 22.57499 17.43205 0.0 24.52184 28.48118 17.42307 15.69861 9.4825 24.28937 17.18529 0.0 8.84019 19.48828 32.35074 20.85237 20.49273 25.29871 12.4961 0.01311 14.37164 23.92579 7.80418 27.52109 26.26802 13.3876 18.96026 16.07898 17.16807 27.7023 
1000.0 29.89085 11.84741 13.49846 0.0 13.30489 26.66764 15.60913 15.22136 30.48051 22.32034 31.59911 0.0 10.68449 23.08497 23.20979 31.07964 9.84637 15.26517 26.20213 0.02592 32.826 12.37494 8.83995 9.91231 28.40154 10.53324 30.64524 21.02201 8.20473 10.29003 
1000.0 28.0531 15.53967 32.2807 0.0 22.59391 31.16673 8.502 27.49453 29.65245 13.6396 25.66508 0.0 7.72084 29.60346 31.54859 26.03952 21.37904 23.37289 22.9938 0.04059 31.85185 19.92784 14.46114 17.20397 14.00151 8.81932 8.0546 14.50997 22.60651 11.96655 
1000.0 30.18056 32.3422 7.19965 0.0 28.26667 19.80056 15.62398 20.88554 31.27345 16.54847 21.6454 0.0 26.19894 28.48922 25.43258 20.74303 12.52169 24.73334 23.98769 0.01249 20.80251 18.20031 11.91302 16.32533 7.16218 30.12852 26.02179 24.21537 14.23534 31.20086 
1000.0 19.40062 15.21686 10.42724 0.0 26.48317 26.13962 24.98871 13.38369 29.29006 11.99296 23.91207 0.0 12.60182 12.24934 16.14076 23.00094 15.33266 25.33493 28.2258 0.02101 19.36957 31.3726 12.0882 13.41295 27.74588 30.5753 10.62356 7.87334 21.65777 30.07673 
1000.0 7.7778 10.39818 10.33997 0.0 10.28428 26.39752 6.67349 26.6296 8.36 18.91245 22.79616 0.0 10.08084 11.39203 28.85864 12.90948 21.3822 15.25444 28.50724 0.01734 25.1908 30.93771 29.59148 16.23877 30.36104 14.43346 18.01556 8.8769 12.81001 25.11562 
1000.0 8.18754 13.74614 24.64 0.0 15.4723 23.28688 15.34906 24.2293 14.57621 27.73741 27.56371 0.0 25.02115 12.00625 8.92949 16.65183 25.70576 13.43365 13.81962 0.02796 8.94743 20.25163 15.9124 23.21544 14.54979 27.19867 29.27028 26.31138 16.66129 9.76708 
1000.0 13.60565 13.42729 7.48819 0.0 18.26082 14.58677 7.89511 19.29102 21.03609 29.78367 25.27476 0.0 12.00425 25.01596 16.70571 7.27074 7.93223 6.94902 28.05087 0.01224 22.25867 26.05961 13.81513 25.35983 28.22487 25.83933 17.79272 29.31051 24.07833 10.49786 
