1000.0 1000.0 1000.0 1000.0 1000.0 1000.0 1000.0 1000.0 1000.0 1000.0 1000.0 1000.0 1000.0 1000.0 1000.0 1000.0 1000.0 1000.0 1000.0 1000.0 1000.0 1000.0 1000.0 1000.0 1000.0 1000.0 1000.0 1000.0 1000.0 1000.0 1000.0 
1000.0 28.3552 38.64284 33.70669 0.0 40.98413 24.22808 21.79396 42.80689 24.55447 13.04075 18.78246 0.0 10.36457 27.43953 21.11489 41.38847 19.91034 15.48606 12.44867 0.01259 22.65712 9.64239 15.08947 19.19911 28.56729 33.63569 34.87295 37.22601 25.86803 44.65789 
1000.0 34.19551 43.93968 33.03387 0.0 25.75869 11.09455 37.22021 40.98604 15.59662 12.28415 44.08115 0.0 38.98867 27.06066 29.79761 31.3492 23.02011 31.55716 44.69146 0.03428 28.85312 22.47176 16.27883 18.03003 14.84927 16.0218 32.77434 44.00646 20.69055 32.44347 
1000.0 44.67343 12.82325 40.32423 0.0 28.65676 33.52836 40.02727 16.4243 25.35025 32.2723 35.1878 0.0 19.03632 25.37004 20.44796 16.65298 24.77492 19.57052 10.80517 0.04608 16.40596 21.98563 21.52754 23.54571 43.2679 40.16157 42.27256 14.10122 25.93751 28.38961 
1000.0 0.0 0.0 0.0 35.89488 0.0 0.0 0.0 0.0 0.0 0.0 0.0 10.15984 0.0 0.0 0.0 0.0 0.0 0.0 0.0 0.0 0.0 0.0 0.0 0.0 0.0 0.0 0.0 0.0 0.0 0.0 
1000.0 27.25561 43.10521 20.23334 0.0 23.77903 37.48866 28.57732 27.10237 34.07958 37.74098 35.96898 0.0 40.61648 30.48732 22.34874 19.7603 14.99306 19.15123 13.65726 0.04384 14.70556 41.43653 39.35394 32.9125 10.70027 30.84859 31.43088 26.08302 42.61544 36.23813 
1000.0 24.31313 12.5743 25.89027 0.0 11.12838 24.17794 36.69948 15.89875 40.88832 34.75867 22.24792 0.0 16.78123 40.33249 34.09545 33.19989 29.87546 14.09854 21.46565 0.04452 25.24189 22.11046 10.79829 10.73996 16.47336 21.42657 19.69899 27.94038 15.38372 21.19901 
1000.0 21.5626 18.37337 41.41085 0.0 24.89328 26.52293 39.30552 36.20771 30.52741 10.04933 33.61903 0.0 38.24185 22.08617 44.71377 34.20645 18.17012 34.16629 41.27698 0.03071 24.86313 12.49024 29.33101 41.94731 36.56152 30.33165 31.64317 17.97674 32.79819 10.59986 
1000.0 9.2074 17.90748 40.78146 0.0 37.29792 33.18267 12.24011 19.99838 28.46374 29.46603 15.58171 0.0 42.62038 35.90903 32.53242 43.53335 11.82613 22.89691 30.62061 0.02006 10.42609 43.2196 41.05322 27.84258 33.72839 23.70282 43.93541 30.15712 13.46805 16.78754 
1000.0 11.42422 23.83438 43.8419 0.0 16.47387 27.13742 17.73977 35.29483 17.08488 14.30451 38.51219 0.0 31.63379 44.01297 23.34786 14.84873 9.67654 44.64782 20.98 0.01554 40.09919 12.25641 16.38758 42.06413 9.39905 18.30131 29.18066 41.85476 22.88753 40.17533 
1000.0 17.30944 31.84933 33.86014 0.0 19.29084 20.72411 43.95347 22.84973 39.14535 26.90237 25.10889 0.0 16.99165 31.30557 31.99973 13.9303 29.83211 33.3262 14.25723 0.02274 23.98193 28.465 38.30203 39.03663 24.93313 33.98134 18.84204 39.48558 17.38491 39.57768 
1000.0 40.54339 24.55139 27.2102 0.0 14.43122 13.26686 16.00037 19.52952 11.06316 22.31015 9.35702 0.0 33.2115 22.43261 12.0164 33.26749 36.74582 10.4234 27.13033 0.01655 19.72916 16.21957 22.44017 16.3436 11.56951 10.98104 42.76768 25.16221 40.84681 25.59266 
1000.0 0.0 0.0 0.0 20.98236 0.0 0.0 0.0 0.0 0.0 0.0 0.0 32.32049 0.0 0.0 0.0 0.0 0.0 0.0 0.0 0.0 0.0 0.0 0.0 0.0 0.0 0.0 0.0 0.0 0.0 0.0 
1000.0 34.51998 36.28582 22.60303 0.0 37.5829 20.77841 13.91233 19.61893 29.04849 35.77755 17.74993 0.0 14.96678 29.92273 14.58699 32.19472 16.16576 33.06396 38.58487 0.02171 20.21014 10.34502 9.7552 20.96423 40.5764 36.64886 40.76824 33.68972 19.06949 41.77069 
1000.0 23.68576 35.22875 44.03198 0.0 30.23473 36.67278 37.29059 29.74847 40.64382 41.44115 11.95276 0.0 18.02374 17.3098 14.01131 13.67564 42.19776 42.26371 28.60622 0.02359 31.5839 38.51796 25.02634 14.57824 44.14303 18.21046 15.39204 44.21554 23.78792 15.33571 
1000.0 42.79245 18.19324 37.82819 0.0 38.76083 20.47162 36.13718 10.44208 28.97174 12.72712 9.97552 0.0 31.34898 32.14531 18.52096 10.14688 34.58653 9.49923 11.0883 0.02989 13.92975 29.06231 15.92586 30.16261 25.37338 19.16705 16.20403 38.70534 11.6846 27.49478 
1000.0 11.60515 41.87849 38.24696 0.0 16.67663 19.14557 18.33798 27.55742 36.33232 34.42385 9.19645 0.0 24.00472 14.08547 27.73775 37.78014 10.64346 39.22971 43.13129 0.02596 19.98599 12.34199 27.3782 15.81704 11.79445 20.17826 19.85125 40.67217 11.0662 19.22642 
1000.0 10.4846 29.799 43.39901 0.0 29.07287 11.23004 36.15312 38.32284 9.589 24.45377 13.9271 0.0 34.76894 18.09894 17.87774 17.39193 38.58636 38.41745 44.78467 0.03967 41.26143 14.44278 23.07552 26.70449 34.45263 13.27618 36.00425 12.50119 10.46759 10.79696 
1000.0 22.38332 39.4486 11.6375 0.0 9.48609 44.55623 23.44966 37.58596 43.63966 11.88448 34.92778 0.0 13.02018 22.10863 24.06324 17.06552 43.29153 15.65115 29.87389 0.02129 15.55858 32.52041 13.12107 21.98628 37.32164 23.65494 32.61275 19.54658 25.49299 35.98765 
1000.0 24.95365 25.54733 11.66507 0.0 42.8884 12.67654 37.4587 17.42263 44.75248 14.18555 17.23787 0.0 42.02743 24.90791 27.36984 12.04221 38.06521 21.02514 40.93882 0.04331 28.84454 28.97103 36.46531 38.94379 28.27842 18.25651 36.06204 29.05355 21.88071 43.36342 
1000.0 0.13591 0.09104 0.09934 0.0 0.18713 0.11811 0.15628 0.1237 0.10452 0.10034 0.10667 0.0 0.10272 0.12337 0.07661 0.08752 0.11415 0.07618 0.17267 27.28825 0.05298 0.15221 0.04539 0.11733 0.07887 0.14334 0.16066 0.06243 0.15966 0.12322 
1000.0 22.92504 32.90807 26.10804 0.0 24.28906 23.7636 12.46852 34.11881 39.96508 42.26942 41.19304 0.0 36.30121 23.19147 11.43854 13.53474 43.35389 38.88904 32.65714 0.01578 30.39195 43.14478 17.70811 42.16112 42.74029 23.80573 21.17024 38.22773 28.2347 44.02484 
1000.0 29.6147 29.69052 29.61357 0.0 14.61378 39.36125 10.99941 26.3686 11.19584 30.96219 33.04609 0.0 12.00314 26.04622 36.88579 20.93806 16.79489 16.60193 26.9212 0.03554 16.91009 43.69641 33.39426 37.25968 12.68961 41.45275 18.1339 40.74592 30.43797 30.37272 
1000.0 17.4793 41.56564 20.07144 0.0 20.64117 20.60549 15.7764 14.57518 12.12182 26.58562 27.85136 0.0 10.42262 23.02368 16.13737 20.79576 36.11381 23.09848 40.28074 0.04351 24.01529 19.50566 21.65259 16.37437 42.02824 26.86813 15.24146 30.32019 41.59182 33.60142 
1000.0 38.77907 27.37232 17.59813 0.0 44.80518 37.4296 38.15264 26.72682 24.06951 30.57358 43.71061 0.0 16.70859 19.71758 44.50619 34.525 22.07543 29.65162 31.38713 0.01914 42.19971 38.28412 23.49585 13.62278 9.90288 14.46414 28.34082 34.71885 22.63507 21.85014 
1000.0 24.26793 28.22832 29.5577 0.0 16.46421 17.03973 37.75682 42.84307 29.86937 37.61133 27.52113 0.0 32.97289 17.51242 41.01618 21.21999 10.25244 30.79509 43.52143 0.01555 42.68371 29.07139 41.57172 14.91145 13.04764 29.46288 29.50807 14.22497 35.50728 11.48959 
1000.0 44.53201 18.02905 21.25761 0.0 40.45413 29.16799 39.7999 34.98532 28.30128 28.20783 26.63287 0.0 11.42367 38.0016 43.79446 28.833 19.63449 25.86784 21.153 0.03408 26.09924 10.85064 9.69183 13.58594 12.10662 36.23749 15.01181 13.88987 21.80666 37.74756 
1000.0 12.39618 11.53902 31.86552 0.0 42.66362 15.8103 37.6261 19.93976 33.72293 38.98062 41.11716 0.0 9.90559 38.83864 13.37834 18.71153 31.08697 30.028 23.4375 0.03024 28.8663 25.80337 30.15813 43.26145 37.0759 33.59962 12.79737 15.87526 43.14303 19.02702 
1000.0 11.06583 25.59034 40.06393 0.0 36.53035 13.62529 24.88221 28.91834 20.64617 28.16517 24.92689 0.0 13.91594 43.3881 32.53604 13.50707 41.09753 21.08765 42.64409 0.02338 14.95999 40.16098 29.95271 27.90107 41.53457 11.32345 39.40994 35.02169 36.36255 11.89641 
1000.0 44.68421 41.96835 29.56812 0.0 27.83567 40.17394 43.63817 12.86979 26.38164 28.15207 20.5736 0.0 19.82449 9.01815 21.02947 37.68512 14.01571 18.03098 30.98062 0.02419 18.1096 19.97433 30.02214 13.11991 18.13339 16.59054 38.1081 36.2813 17.79443 35.40787 
1000.0 28.62059 32.44387 12.48278 0.0 18.20707 21.12045 35.31929 29.22101 9.26189 26.99289 35.55647 0.0 24.44972 10.21803 43.27054 25.48062 19.26275 25.12013 16.88705 0.03626 21.09656 32.39918 23.90304 44.71562 24.99407 38.15241 30.57095 31.41973 42.45227 26.17047 
