1000.0 1000.0 1000.0 1000.0 1000.0 1000.0 1000.0 1000.0 1000.0 1000.0 1000.0 1000.0 1000.0 1000.0 1000.0 1000.0 1000.0 1000.0 1000.0 1000.0 1000.0 1000.0 1000.0 1000.0 1000.0 1000.0 1000.0 1000.0 1000.0 1000.0 1000.0 
1000.0 16.6794 22.87859 20.70974 0.0 11.57492 28.34682 26.52797 13.91521 8.30948 14.43975 27.94624 0.0 33.59496 21.04841 31.86524 31.86867 7.52131 15.76282 16.62217 0.02215 15.62703 25.44104 31.6533 19.19035 24.96834 26.48317 28.4811 32.10283 17.37583 9.18757 
1000.0 6.99286 25.12345 11.15007 0.0 27.88643 8.82871 19.03115 22.99719 19.39693 20.7521 14.27162 0.0 13.86799 23.24379 17.86562 14.93041 21.90925 14.43005 19.16442 0.02197 15.04143 14.82444 31.36852 33.34708 29.37138 26.53952 20.76529 26.72821 26.24043 28.24753 
1000.0 22.33272 29.53899 29.16792 0.0 23.98993 18.33969 15.21487 19.39879 25.38473 18.60229 21.01039 0.0 8.21425 28.38125 31.17981 21.7413 16.3723 10.86187 9.5679 0.02351 27.20806 18.39822 22.20758 15.03501 23.70913 29.45759 32.87543 16.15958 25.38747 33.49407 
1000.0 0.0 0.0 0.0 13.76744 0.0 0.0 0.0 0.0 0.0 0.0 0.0 27.74344 0.0 0.0 0.0 0.0 0.0 0.0 0.0 0.0 0.0 0.0 0.0 0.0 0.0 0.0 0.0 0.0 0.0 0.0 
1000.0 27.83979 28.24307 7.14511 0.0 10.38073 24.80304 8.21579 20.46986 14.95677 30.14277 31.11684 0.0 30.62359 15.90201 16.5029 7.04762 17.73975 8.3301 19.00275 0.01992 27.79053 18.34902 8.9496 15.83228 18.105 30.65812 26.98908 7.29778 11.09327 9.83814 
1000.0 21.5461 27.85024 22.73661 0.0 15.03203 18.30997 7.59109 22.22343 13.82432 28.30419 23.14672 0.0 14.21022 27.84986 31.53161 19.49007 16.44609 24.99818 28.45084 0.01547 17.0153 13.20086 19.78838 27.01063 20.16253 10.97965 26.19709 21.56596 17.80786 17.85395 
1000.0 11.06196 22.95273 7.38929 0.0 27.45974 19.6247 10.07335 24.31342 23.22778 14.31167 31.94406 0.0 24.97107 10.0403 27.2707 9.95494 28.31314 12.20618 17.59472 0.02457 24.67576 14.12286 7.75016 17.49043 20.34377 18.62346 17.02647 26.49389 18.62756 8.31822 
1000.0 13.05215 14.00408 27.11246 0.0 28.96621 16.24257 31.87752 19.09253 26.24846 7.99957 27.57742 0.0 19.38675 24.49824 25.03652 28.52529 31.6211 27.98868 33.13975 0.03332 22.57952 19.15504 29.93796 31.56283 29.79349 19.97815 12.80585 24.88073 22.7054 18.61654 
1000.0 10.16147 29.17326 13.07741 0.0 32.32266 8.73495 10.88161 16.65372 13.91617 15.24165 18.87463 0.0 14.57431 10.19654 9.77793 20.46713 24.62867 7.68153 32.59888 0.0242 10.44831 7.80169 28.01268 17.91823 27.91142 7.9985 26.43447 14.22049 19.8253 24.03863 
1000.0 31.38158 18.60609 12.77656 0.0 30.95166 20.70799 32.34261 15.19508 33.64039 24.33518 12.17571 0.0 14.01332 23.1658 25.83874 33.32354 23.86768 27.71107 11.67383 0.02572 6.89975 30.31504 20.94507 19.27291 17.75871 29.25842 16.78085 31.07573 12.19251 22.19826 
1000.0 27.4745 21.75976 22.16349 0.0 11.86379 19.49028 23.89178 14.47944 20.09672 23.42384 29.74104 0.0 31.20796 14.98792 32.59379 28.35754 20.76009 29.0255 16.62686 0.0163 18.29261 18.85138 22.89045 32.49712 8.50409 13.03072 7.99179 21.26181 15.73683 17.93543 
1000.0 0.0 0.0 0.0 27.93987 0.0 0.0 0.0 0.0 0.0 0.0 0.0 18.02983 0.0 0.0 0.0 0.0 0.0 0.0 0.0 0.0 0.0 0.0 0.0 0.0 0.0 0.0 0.0 0.0 0.0 0.0 
1000.0 25.13362 15.96233 21.98436 0.0 21.66678 8.20601 19.98126 33.06003 30.66002 18.26422 8.42422 0.0 16.70243 20.53828 8.77839 25.14639 18.62948 21.42304 13.51724 0.03366 11.0688 17.50688 33.59707 11.47093 23.18474 18.77091 26.65447 14.75075 13.82932 11.26657 
1000.0 22.35074 18.68562 19.8366 0.0 31.47035 13.51794 9.89449 9.47686 6.79003 17.13727 14.19222 0.0 30.75675 13.09513 9.58241 11.60302 24.91293 26.94113 20.20437 0.0201 30.05915 30.82637 25.42827 20.47206 11.27775 10.7987 8.03015 19.58451 10.8183 14.78138 
1000.0 7.24676 11.75473 7.87045 0.0 8.59272 26.22402 9.74552 10.1943 30.69536 20.13649 28.96168 0.0 13.46128 8.55936 16.98429 21.22695 20.69992 15.90917 21.99475 0.02622 22.07243 9.82853 23.08671 26.2298 7.40467 12.46874 14.56857 22.89419 19.78121 29.4891 
1000.0 11.65201 20.48747 10.08748 0.0 32.03754 30.22448 24.30218 21.30818 21.11682 15.90783 16.6276 0.0 31.17153 27.88261 19.89306 14.60111 22.61467 27.70318 13.65192 0.03625 16.45759 18.85038 16.46065 30.80556 26.33175 8.56465 11.81957 29.08869 29.24004 31.0673 
1000.0 19.80285 25.18655 25.98542 0.0 12.5919 28.03835 27.01393 12.9019 28.96765 29.72617 14.27244 0.0 8.45744 29.8207 25.90248 17.01041 31.30692 32.58587 21.50282 0.03628 29.41466 16.51055 14.64591 10.76351 33.3807 32.24939 16.29183 25.73313 15.59916 30.94044 
1000.0 20.31642 25.31084 23.02653 0.0 25.13755 8.05898 19.73549 15.47599 25.66407 13.86118 33.57542 0.0 15.21872 28.24499 16.4057 18.08079 8.83315 15.31102 12.72008 0.0265 13.77003 7.84637 26.17835 18.61549 29.8523 27.34783 18.58007 22.04825 15.29051 25.17618 
1000.0 10.3273 31.20255 33.02909 0.0 12.03046 26.29717 31.24668 12.60157 12.227 29.20258 22.72775 0.0 8.03281 32.02785 19.86513 12.65626 27.17973 18.44632 9.77898 0.02413 9.56127 12.79788 24.75879 27.55188 27.58529 8.57264 15.99802 25.05494 20.48254 12.33765 
1000.0 0.12444 0.07757 0.11996 0.0 0.11959 0.12411 0.10381 0.0418 0.07209 0.0638 0.08301 0.0 0.09286 0.12589 0.06329 0.09843 0.12592 0.06888 0.03342 29.97826 0.13797 0.1308 0.08967 0.09504 0.1588 0.08629 0.06586 0.03508 0.03976 0.09803 
1000.0 8.1116 27.9822 22.87701 0.0 27.47318 14.9837 31.03163 12.11384 25.75941 9.85378 16.1188 0.0 30.54716 21.41029 14.92059 30.96896 19.40526 16.05285 26.30529 0.01107 25.33783 32.90761 17.67132 30.39797 13.44624 22.67887 18.39285 19.44037 32.44815 12.16222 
1000.0 29.39643 16.36227 23.13072 0.0 7.95939 11.29131 31.29018 6.86002 17.8978 21.79116 13.52275 0.0 16.46072 12.25942 17.26957 10.95793 29.93831 9.04956 16.67772 0.02782 26.85014 10.55252 30.08138 10.94774 33.12376 19.06191 9.70015 16.84611 15.04151 7.58779 
1000.0 30.77938 25.59874 32.23761 0.0 17.90552 21.176 8.0653 8.79831 9.2842 16.25534 6.87477 0.0 28.94231 15.10487 28.57817 25.70815 24.21244 19.17324 24.34303 0.01514 15.72906 17.6438 20.462 31.18064 9.90438 33.0236 15.90609 13.16495 15.54752 25.72072 
1000.0 19.97121 11.05035 9.48675 0.0 7.53574 9.89887 10.37581 16.97071 18.32111 27.03357 27.94351 0.0 18.10181 21.40815 14.33389 8.69119 12.00203 14.16069 32.79345 0.01443 21.34738 14.40198 20.87215 17.73961 9.92248 32.97869 12.43245 18.16906 16.56761 27.82798 
1000.0 19.74029 12.32258 17.05545 0.0 31.26007 27.65589 30.53363 7.1238 23.70172 22.33792 8.59108 0.0 15.93775 8.29988 20.87611 32.74839 23.47817 16.4842 26.94525 0.01527 7.63398 21.06442 33.07745 25.83921 18.05283 16.01989 6.80933 21.30119 28.31975 19.11503 
1000.0 15.06869 22.17427 12.67982 0.0 16.16897 28.13654 32.747 8.56995 22.39809 28.76083 15.9776 0.0 32.51949 26.52885 10.52521 22.58717 29.97018 26.95355 30.34691 0.02433 16.36869 26.5106 25.20461 20.76177 15.05836 21.30066 21.73051 22.68767 12.06918 14.51131 
1000.0 10.9857 10.41695 8.05551 0.0 18.87518 30.03015 22.8456 10.73691 30.99022 19.73644 12.04173 0.0 8.5649 28.82543 17.07943 25.7266 32.60423 33.02258 27.39005 0.01291 23.28476 29.85411 33.09886 25.8322 8.554 29.64142 33.03129 13.7787 22.88834 13.14768 
1000.0 7.54601 19.1479 6.79775 0.0 28.8744 25.64079 7.01674 11.11857 25.96142 30.39822 33.43981 0.0 30.86151 9.77454 8.79372 23.58954 20.48252 27.12452 20.72492 0.01118 12.63414 9.13923 19.15836 16.55305 28.50537 32.31495 12.76422 19.66386 14.02216 25.40347 
1000.0 19.24939 11.74637 17.55745 0.0 19.27544 7.3452 23.21906 13.96205 8.31675 17.46844 25.40784 0.0 11.05287 30.77533 22.12819 32.56282 9.56105 12.81487 24.14663 0.01197 8.63547 17.31989 28.35495 16.18343 26.89519 10.07425 8.98953 28.61251 21.86836 27.40141 
1000.0 19.19284 33.25069 17.68098 0.0 20.82847 22.4801 11.13984 23.88238 18.00084 9.4481 19.34845 0.0 14.17814 12.0298 29.47179 19.77465 25.51206 22.1417 18.2474 0.01215 25.11512 7.72098 15.03762 20.94853 15.10267 31.48502 26.20386 11.9869 8.67485 16.38121 
