1000.0 1000.0 1000.0 1000.0 1000.0 1000.0 1000.0 1000.0 1000.0 1000.0 1000.0 1000.0 1000.0 1000.0 1000.0 1000.0 1000.0 1000.0 1000.0 1000.0 1000.0 1000.0 1000.0 1000.0 1000.0 1000.0 1000.0 1000.0 1000.0 1000.0 1000.0 
1000.0 29.25286 28.6448 38.40317 0.0 21.97559 24.27844 45.94663 10.3893 10.49 23.16042 15.26298 0.0 10.06111 16.0538 30.98938 44.55313 42.51253 24.12587 9.90583 0.03859 31.46461 18.15505 27.68149 17.04175 38.01238 46.59159 45.74942 14.29281 35.91997 29.5953 
1000.0 33.52695 42.80552 39.62888 0.0 48.02719 11.21165 23.20049 27.91073 14.26748 46.54706 42.06808 0.0 11.7226 27.44446 11.07978 16.38568 16.54687 32.0152 22.34864 0.02987 16.57571 10.12991 39.75574 32.14373 33.01822 24.89252 47.8805 13.69487 31.10713 31.2843 
1000.0 25.52694 19.02646 11.50118 0.0 47.35568 32.05667 20.8696 42.0228 39.63981 22.52621 27.84063 0.0 14.60845 39.97868 31.13358 24.7189 26.8293 47.81269 45.33794 0.0457 24.41035 9.82148 24.43394 29.30843 14.01746 32.70394 28.4889 43.29248 25.39529 27.91653 
1000.0 0.0 0.0 0.0 21.49278 0.0 0.0 0.0 0.0 0.0 0.0 0.0 43.94047 0.0 0.0 0.0 0.0 0.0 0.0 0.0 0.0 0.0 0.0 0.0 0.0 0.0 0.0 0.0 0.0 0.0 0.0 
1000.0 25.98721 44.60025 42.50495 0.0 28.69657 39.34652 18.93962 18.61727 32.93739 17.51875 26.25221 0.0 47.09 43.40157 24.5466 14.2606 37.41535 46.02925 16.24429 0.04176 22.71862 30.89199 29.58579 17.78461 41.54969 12.30631 44.07279 36.1719 26.77721 19.56851 
1000.0 9.77617 11.7529 35.6888 0.0 48.30727 11.826 35.36011 21.07028 16.61926 41.36244 25.34978 0.0 33.31185 35.49723 18.95272 43.8251 10.70931 37.08872 43.44757 0.04313 40.78024 14.00396 37.24608 45.42694 44.79335 17.02955 44.02822 23.73037 36.85862 31.47601 
1000.0 9.8123 31.15852 37.10485 0.0 16.17178 16.50521 32.4518 43.43158 47.78647 38.69214 18.44537 0.0 47.96425 28.22746 14.14416 34.50886 12.60716 13.69692 47.02574 0.01984 17.32799 34.15012 18.55616 33.28558 27.35194 48.11013 25.15297 33.72912 25.41143 38.15976 
1000.0 29.20597 30.48317 36.44459 0.0 35.63957 24.78273 34.67961 22.52721 36.31801 14.29272 17.34188 0.0 37.75425 21.04178 10.64166 32.45788 43.49138 26.17729 17.32423 0.04502 31.37373 21.1792 42.94035 43.38417 25.57935 20.1086 14.01469 40.34472 15.20117 25.22645 
1000.0 14.39893 14.65601 22.09279 0.0 15.65121 30.77194 35.79516 20.41775 32.32542 32.9232 21.21218 0.0 12.25231 12.66245 15.45031 38.27274 10.54143 41.27131 31.62107 0.0137 10.47966 42.1899 45.96578 23.46642 33.69095 36.73649 19.67149 42.50257 24.3676 41.22249 
1000.0 22.72614 16.93059 12.94979 0.0 36.21211 14.78656 15.88306 21.17543 12.54119 25.77958 14.89531 0.0 44.28911 27.36436 43.12468 25.44585 27.23496 10.05549 38.80071 0.04028 40.39716 30.11158 29.95263 46.20974 30.67544 34.67229 38.59128 43.36751 23.96666 10.77253 
1000.0 25.17438 13.39594 9.72324 0.0 17.55677 40.69652 22.10385 23.32725 34.84391 32.35566 10.94588 0.0 25.66555 44.50901 45.46439 42.2328 41.45182 14.17656 45.79843 0.02597 18.29436 47.90219 32.44594 45.33601 26.50126 35.07277 37.12792 29.20525 23.42626 21.5281 
1000.0 0.0 0.0 0.0 18.52213 0.0 0.0 0.0 0.0 0.0 0.0 0.0 26.76168 0.0 0.0 0.0 0.0 0.0 0.0 0.0 0.0 0.0 0.0 0.0 0.0 0.0 0.0 0.0 0.0 0.0 0.0 
1000.0 26.84695 12.32247 24.66638 0.0 29.19612 33.05025 15.02654 34.08146 43.6789 18.9885 14.90233 0.0 27.7229 30.25677 44.46658 44.17412 9.79752 24.01583 32.23187 0.0104 31.75615 21.15438 15.92735 15.67679 10.51494 19.81075 48.1785 37.70217 26.36829 33.52272 
1000.0 36.67541 28.1574 29.39632 0.0 29.34261 44.42606 28.34473 20.84563 29.2881 43.99779 29.64584 0.0 23.0763 45.73522 42.73366 11.99863 40.8395 15.17261 20.05111 0.01963 18.69187 36.08752 17.99495 42.55574 19.47732 22.94009 31.32243 12.16063 27.83486 19.94484 
1000.0 21.85965 36.95621 29.53652 0.0 28.38376 24.47512 39.89343 20.98527 18.21586 46.63295 47.07237 0.0 17.02377 11.17325 32.44573 22.42351 14.6699 22.89044 15.85815 0.04115 42.16053 19.93216 18.8962 44.66296 47.34118 36.05237 20.49548 16.65591 38.69944 43.13958 
1000.0 30.98661 22.04057 40.07615 0.0 23.28423 41.24088 27.11784 36.26195 32.81403 33.94014 35.93252 0.0 44.27298 35.78092 24.58381 37.21048 26.10507 22.33861 29.93947 0.02337 19.92505 40.66262 41.10139 47.86996 31.79432 18.60604 46.96603 19.71049 48.06178 29.91405 
1000.0 32.91246 40.28648 10.32943 0.0 48.10856 48.07243 40.72008 15.24343 37.99711 25.5335 45.7306 0.0 11.44413 24.39223 31.03959 19.93436 48.22614 37.85161 27.01444 0.01554 17.41492 35.43529 44.15614 47.98626 36.29958 32.57546 14.61371 14.25746 14.28079 9.98502 
1000.0 17.58331 38.04365 40.39313 0.0 11.21803 42.15791 32.97005 42.09878 27.71115 27.88844 16.30677 0.0 44.87249 22.75883 20.27076 39.56748 13.92029 11.88463 10.47073 0.0179 34.61334 16.98657 42.01671 33.6546 14.66359 45.44185 29.59657 18.78288 34.32248 47.31093 
1000.0 30.1737 33.06731 24.13739 0.0 10.55809 43.75808 42.22248 25.44657 34.18607 16.10014 31.23678 0.0 41.84038 35.04888 18.79964 38.3776 31.61492 31.62405 42.88414 0.03493 26.08214 41.25205 31.33152 40.60074 28.63572 44.66328 19.66462 14.77111 10.51169 20.77388 
1000.0 0.1218 0.04897 0.07765 0.0 0.17082 0.15967 0.14424 0.07496 0.18495 0.13839 0.09848 0.0 0.16388 0.18972 0.07717 0.11253 0.13116 0.09442 0.08527 19.2943 0.19521 0.07469 0.15335 0.10703 0.11385 0.06258 0.09979 0.18621 0.05975 0.15448 
1000.0 28.21687 23.83241 26.0444 0.0 26.50848 20.49933 27.80669 41.38182 19.4558 47.60852 28.72651 0.0 42.44173 46.05241 21.41643 32.5409 37.04805 47.86194 41.70875 0.04636 21.95509 47.66924 31.15315 16.30646 11.17741 29.06545 20.44946 29.9477 40.62828 41.66375 
1000.0 45.85827 10.24108 33.43403 0.0 15.5468 14.18229 21.50235 10.5416 39.49789 25.1883 23.37026 0.0 41.06531 22.15416 36.53483 39.12905 46.2364 11.21858 42.52258 0.04455 25.49411 34.70095 32.31019 28.33577 45.07108 42.68344 27.29035 22.39832 39.52632 22.3424 
1000.0 13.2753 45.05219 21.14725 0.0 19.99653 17.45853 31.55777 42.25347 42.86863 20.43903 42.60683 0.0 16.54856 26.70275 45.88625 42.55805 47.48673 34.96264 19.23766 0.04061 34.61395 31.0387 37.76133 47.35126 18.9776 15.53588 12.39196 29.96758 35.3388 23.6104 
1000.0 25.65075 32.44668 29.08609 0.0 14.18435 34.41325 18.53392 28.23954 44.47614 24.87494 30.55188 0.0 14.26951 10.04408 31.80621 45.90184 39.45571 19.03531 30.31998 0.02507 34.05843 28.3402 29.6435 16.66367 47.58992 11.85225 23.80669 27.10025 12.05099 17.00694 
1000.0 22.53757 18.13476 11.01793 0.0 29.28333 25.5919 26.52375 46.51467 22.02847 38.12417 25.86363 0.0 9.70504 39.37778 41.59558 13.82686 20.62201 19.5543 16.09022 0.04881 11.12383 11.11364 48.12174 27.1229 43.83669 23.10648 23.04184 37.77065 27.20171 28.62227 
1000.0 31.04024 11.88253 25.49266 0.0 35.00567 35.13472 15.46717 42.10226 23.85158 35.48528 23.90155 0.0 46.1213 18.78102 19.16964 32.29445 35.17927 46.73142 45.49855 0.03897 12.19537 29.19941 37.23993 34.83307 18.19909 25.62044 17.93481 44.8542 11.77494 43.87554 
1000.0 24.51241 33.74508 35.28098 0.0 32.44872 11.04913 16.36101 18.48939 12.02049 29.57263 39.10605 0.0 19.88004 30.70714 44.22508 31.29188 38.72407 16.05587 46.89474 0.04494 40.24546 24.41743 38.96843 29.93343 10.69044 31.03694 18.93276 47.94168 14.73143 46.61165 
1000.0 26.40975 44.42267 40.74385 0.0 47.496 29.97256 36.93817 10.11121 36.97581 43.02699 34.69276 0.0 36.84871 42.43291 36.2019 47.97233 10.05249 45.21355 16.45106 0.04351 24.38337 32.16955 20.92857 39.19978 19.49813 42.56039 40.53966 35.53366 12.86245 22.14877 
1000.0 44.8166 28.64587 30.34543 0.0 28.20863 37.77002 14.90207 42.56942 37.05703 43.8173 45.67221 0.0 25.00028 13.61031 33.4729 41.04576 42.17592 11.19169 11.14853 0.04472 25.82796 22.25105 46.32463 34.86686 27.38161 13.26363 32.67507 18.51698 18.49077 22.3831 
1000.0 21.45231 17.29197 43.68366 0.0 47.30071 47.91625 34.35185 13.91634 22.44769 37.58173 16.27566 0.0 24.90338 17.57534 16.68155 15.34175 30.03516 22.30858 35.05176 0.03255 35.1787 29.69755 14.78775 12.24262 41.85587 27.07033 35.76625 23.29783 12.62816 26.40192 
