1000.0 1000.0 1000.0 1000.0 1000.0 1000.0 1000.0 1000.0 1000.0 1000.0 1000.0 1000.0 1000.0 1000.0 1000.0 1000.0 1000.0 1000.0 1000.0 1000.0 1000.0 1000.0 1000.0 1000.0 1000.0 1000.0 1000.0 1000.0 1000.0 1000.0 1000.0 
1000.0 34.30458 38.5627 19.56634 0.0 34.42158 34.95469 34.94543 39.11709 38.39973 19.77407 28.61524 0.0 22.20148 35.4732 38.65641 39.43201 19.77473 34.03342 19.23936 0.01733 39.91279 32.58397 11.46807 39.53381 24.7811 24.37025 12.52255 8.61881 10.12866 15.56706 
1000.0 11.31342 27.53352 37.70278 0.0 8.55717 17.91973 34.11287 17.08197 29.05076 20.93073 23.57967 0.0 36.52321 34.12542 34.64375 26.37754 30.32278 30.38473 9.16856 0.03267 15.45951 38.35596 35.31109 35.99137 33.30069 23.34959 9.39704 21.47946 38.40202 36.52891 
1000.0 11.05935 30.60017 25.01192 0.0 9.24654 27.19446 39.23044 32.40307 18.5168 11.74697 12.62866 0.0 23.79076 28.59813 38.41412 28.49206 23.02488 14.2443 12.42275 0.01157 35.57212 29.3119 8.75084 10.72126 28.01409 10.5882 31.12043 29.55149 31.47005 38.94812 
1000.0 0.0 0.0 0.0 13.63736 0.0 0.0 0.0 0.0 0.0 0.0 0.0 35.28101 0.0 0.0 0.0 0.0 0.0 0.0 0.0 0.0 0.0 0.0 0.0 0.0 0.0 0.0 0.0 0.0 0.0 0.0 
1000.0 36.30191 8.34488 19.46791 0.0 33.55746 22.29861 23.3277 8.81722 11.47742 17.34333 15.9043 0.0 26.023 15.68943 33.27026 36.21804 11.4704 17.93721 28.03211 0.02154 17.79525 26.60402 12.13453 22.87066 24.01863 23.27383 17.52396 19.39451 38.22392 14.2176 
1000.0 25.07194 13.22723 14.29681 0.0 20.56054 21.72849 30.43707 28.46009 22.77992 11.98779 25.79749 0.0 17.59209 23.93613 26.85543 25.5854 31.08095 19.15988 35.96667 0.01831 37.38768 28.7565 28.64783 13.2677 19.32504 23.9351 17.85458 16.90664 25.94871 12.36708 
1000.0 8.7632 14.06009 14.37833 0.0 21.96091 36.9467 18.35527 16.62458 20.6715 14.43116 19.81258 0.0 20.32991 27.18617 14.04389 8.23826 8.8382 13.37571 39.22495 0.04385 36.78483 32.7668 25.14241 21.06591 21.01898 38.05786 16.59621 34.02924 14.47284 11.90452 
1000.0 13.87117 24.05584 27.5505 0.0 11.56323 33.17873 23.4736 17.61975 25.53934 34.69912 18.78722 0.0 29.52409 10.05609 11.84601 23.96454 8.06717 28.82052 15.2115 0.01605 14.42539 14.76305 25.55341 26.24374 28.61453 21.97216 32.2398 11.20317 33.5958 26.52568 
1000.0 26.89662 9.85034 12.44475 0.0 34.23821 34.17392 28.28423 32.36581 22.89974 26.99104 38.56636 0.0 34.83642 11.10448 19.12221 9.94492 38.22159 31.47069 12.76789 0.02262 25.86923 27.41014 20.75385 37.91108 33.17927 37.12062 24.88516 24.33753 15.96488 13.68097 
1000.0 35.15235 27.73622 22.29991 0.0 28.17881 24.37405 27.45473 11.81308 15.53295 25.76799 8.987 0.0 22.99601 23.47136 27.48255 21.56756 12.9063 8.79256 23.42813 0.03401 25.03869 32.44908 27.43009 11.61293 38.10153 17.1765 11.1199 12.97822 39.54877 19.25138 
1000.0 32.69844 21.02292 30.31711 0.0 12.30107 30.33868 30.89991 40.14147 30.67751 22.51373 13.54243 0.0 33.38306 25.18899 35.75695 28.89809 32.23549 24.67989 26.20803 0.01734 35.06606 17.06404 31.19029 20.57575 40.20961 29.61142 15.1461 18.0446 12.31009 36.25562 
1000.0 0.0 0.0 0.0 20.94831 0.0 0.0 0.0 0.0 0.0 0.0 0.0 37.61799 0.0 0.0 0.0 0.0 0.0 0.0 0.0 0.0 0.0 0.0 0.0 0.0 0.0 0.0 0.0 0.0 0.0 0.0 
1000.0 35.31707 32.52825 27.44316 0.0 13.26511 17.85264 39.70765 27.12986 33.51825 16.89635 8.1802 0.0 16.95294 26.93157 21.81311 19.55901 24.77021 29.61982 21.01483 0.01449 29.49843 11.56433 32.98507 34.23686 32.26303 30.34215 38.03254 18.93916 31.06954 27.08326 
1000.0 37.37951 32.91386 11.50483 0.0 30.43571 13.23746 30.75846 15.76011 13.54694 31.94496 34.17591 0.0 29.51948 24.07562 36.14444 19.85137 25.10988 32.51179 31.11926 0.01664 23.89619 13.82485 8.30818 34.14454 16.94694 35.56558 37.6248 34.33839 16.1114 36.7167 
1000.0 22.37255 8.93551 20.83424 0.0 12.59875 20.44444 23.50307 39.07098 10.82033 16.60903 14.74766 0.0 15.92972 38.43155 17.24524 36.77482 33.01849 14.36546 20.25704 0.04114 19.58027 35.69508 14.40453 15.10533 27.20941 36.69445 17.93822 10.28413 31.19466 18.8585 
1000.0 34.4111 33.31536 31.21385 0.0 29.84924 32.79952 13.73803 10.76586 20.4934 23.96717 10.62688 0.0 23.78533 24.48509 27.36595 25.4041 10.76121 21.68913 14.87744 0.01236 31.97442 8.21582 17.66382 15.18229 20.63318 14.96807 32.77872 22.76247 19.86708 32.72365 
1000.0 19.25917 20.54944 24.51665 0.0 36.3493 17.18717 11.1488 24.96461 19.2532 15.54787 28.34069 0.0 20.26868 37.66564 31.55488 12.93396 11.06564 21.98875 21.88163 0.02351 37.47958 29.54428 28.35918 17.03212 32.52785 18.2433 17.36003 15.66887 34.35767 23.08048 
1000.0 11.06313 32.80378 36.58573 0.0 26.96943 11.00515 18.64087 24.03152 10.61598 34.32797 24.10086 0.0 29.03576 31.04633 39.26475 24.46029 11.26839 39.8062 9.438 0.00946 30.78207 17.17567 25.10858 37.37691 17.32079 10.38018 23.58139 25.53701 12.60715 35.39111 
1000.0 12.88051 33.28403 27.7228 0.0 32.41394 40.0738 9.48386 9.86535 29.72988 14.23929 27.75118 0.0 37.99369 24.90009 13.29207 11.3168 14.90626 32.29736 14.4999 0.03656 40.00392 39.80184 10.66137 26.68522 28.23345 16.45221 38.14474 19.29821 20.50972 37.35525 
1000.0 0.12608 0.17049 0.17117 0.0 0.04954 0.17639 0.09729 0.14258 0.15136 0.05562 0.12394 0.0 0.06763 0.15564 0.09976 0.12983 0.10905 0.07496 0.05747 34.60725 0.14419 0.08735 0.07767 0.09112 0.13406 0.0442 0.04443 0.07616 0.03883 0.0882 
1000.0 10.99813 25.83062 22.09279 0.0 10.71483 13.29187 26.81027 18.01827 13.65968 9.36316 27.59269 0.0 25.5493 36.65243 28.91841 14.56693 15.48989 10.73131 29.55173 0.00958 32.08226 15.14654 31.48052 21.45925 20.9444 23.90003 26.73685 12.48454 23.17942 34.45987 
1000.0 9.78705 32.89583 25.39184 0.0 30.62418 11.46499 20.84931 30.16848 21.66402 38.91885 27.7843 0.0 31.86867 31.48673 16.99741 19.06538 27.05103 16.85565 12.31531 0.01676 11.53491 16.48169 14.97639 17.83445 39.22677 10.12604 22.42085 27.11987 23.93166 26.98779 
1000.0 23.34222 16.79844 21.64171 0.0 10.3165 16.3388 18.94526 9.1918 9.02064 35.22073 13.90266 0.0 35.7861 27.12274 8.16468 18.05711 15.82109 16.05154 19.21083 0.03316 28.98291 32.01823 28.26951 9.44637 19.37429 32.11683 19.57361 13.55041 29.69972 40.12035 
1000.0 23.15651 34.34844 17.33258 0.0 35.75447 19.77662 23.35879 13.73988 12.31009 29.70194 18.0392 0.0 37.84508 11.0101 38.80036 19.85665 17.92419 22.60163 8.55102 0.017 24.51762 36.94198 13.18685 23.50451 22.6976 37.04561 35.18903 22.95668 32.03942 11.35455 
1000.0 13.06149 12.76238 21.67759 0.0 21.2724 35.80554 26.76563 8.8036 20.24159 12.12979 16.71119 0.0 39.3228 22.95481 32.34044 31.46626 9.26168 33.28671 11.79991 0.04049 31.90166 13.24259 20.15064 14.8048 38.09016 15.12061 12.34231 32.9657 16.48063 30.3374 
1000.0 34.45514 17.67039 28.17613 0.0 14.76385 30.7727 27.79367 8.07 12.07682 25.5296 26.20704 0.0 12.97627 12.4801 15.82748 36.20034 28.90801 39.56479 9.51437 0.03998 34.95648 34.1576 31.24927 38.76906 10.76431 29.38696 28.8201 32.4563 12.55159 29.08747 
1000.0 29.98941 27.46629 13.05384 0.0 11.57988 22.75709 28.89154 38.99552 10.85274 8.3561 38.89069 0.0 24.18239 22.76855 29.75239 38.57507 35.13524 20.15389 23.85301 0.02316 14.06412 13.03066 20.17264 39.30041 25.15209 20.98066 28.23631 39.17689 17.00065 34.31008 
1000.0 9.10152 14.35748 13.347 0.0 15.70747 38.50156 32.74504 39.38349 26.74229 36.45007 13.44329 0.0 23.04837 12.5656 30.56851 34.72613 21.71439 31.57556 40.13455 0.0299 33.49861 27.69156 23.43508 35.93945 30.49285 31.62989 10.61295 18.61588 12.13622 31.66474 
1000.0 26.2292 8.58022 34.46691 0.0 38.07742 24.65048 9.50426 16.45778 20.29999 34.60908 15.30994 0.0 38.01608 29.31035 38.29235 16.18443 19.36752 19.82662 12.31492 0.03733 22.71692 21.61063 29.635 17.54612 23.15697 29.41542 26.70393 19.97265 9.96513 18.727 
1000.0 27.33995 10.95339 25.84372 0.0 15.44117 31.62405 26.52345 11.46484 33.12591 27.90346 10.30856 0.0 38.17254 17.70891 36.0709 27.82597 26.7668 33.63365 31.22922 0.0366 17.37078 17.12032 33.23563 33.22176 27.88916 18.35481 38.51211 39.91588 35.30663 12.20205 
