1000.0 1000.0 1000.0 1000.0 1000.0 1000.0 1000.0 1000.0 1000.0 1000.0 1000.0 1000.0 1000.0 1000.0 1000.0 1000.0 1000.0 1000.0 1000.0 1000.0 1000.0 1000.0 1000.0 1000.0 1000.0 1000.0 1000.0 1000.0 1000.0 1000.0 1000.0 
1000.0 29.75075 12.9625 45.14671 0.0 10.05511 31.74953 38.76788 25.14095 25.1298 18.86848 19.75066 0.0 13.3384 17.93277 34.9051 38.87272 10.08647 12.45923 26.20838 0.02607 15.12292 13.04844 25.68278 40.83003 41.98447 44.72961 13.22957 18.46125 46.12896 39.59505 
1000.0 40.22804 27.98151 11.36758 0.0 35.18214 18.63107 17.14596 22.52941 30.47215 19.1488 16.29868 0.0 37.09481 34.27796 35.18006 30.26483 15.75544 29.45159 43.33014 0.04436 15.74776 32.83076 10.89525 33.19137 35.64594 21.03976 25.18069 47.56635 22.29686 35.13465 
1000.0 14.41884 46.58247 19.48068 0.0 18.39043 20.78447 22.96213 13.63136 18.80243 11.15879 11.98038 0.0 32.64363 23.47968 14.91175 30.71849 34.735 45.45702 32.84462 0.03262 9.70281 40.94512 45.75136 47.21882 17.33825 21.82435 27.92278 10.83409 38.87881 19.15305 
1000.0 0.0 0.0 0.0 40.38867 0.0 0.0 0.0 0.0 0.0 0.0 0.0 36.75585 0.0 0.0 0.0 0.0 0.0 0.0 0.0 0.0 0.0 0.0 0.0 0.0 0.0 0.0 0.0 0.0 0.0 0.0 
1000.0 43.48255 47.33048 34.63446 0.0 17.47867 23.99017 33.84291 42.44393 20.72136 36.16237 32.01425 0.0 25.5639 10.81215 46.1503 42.18904 34.31584 39.57594 45.0612 0.04744 25.68593 30.35119 12.88031 27.63608 37.35751 25.39542 39.95785 28.41011 9.81701 15.9079 
1000.0 18.44149 26.11141 19.21704 0.0 25.14582 34.66774 20.84073 47.91687 10.28007 40.98176 19.53629 0.0 9.72366 31.36182 25.59124 12.51354 47.38796 45.55519 30.11971 0.0332 9.84173 14.53822 13.7993 21.95034 37.8537 24.24368 40.78013 42.65677 36.80858 42.43404 
1000.0 10.38171 45.93075 28.81356 0.0 41.92463 12.32334 32.33176 28.73165 25.30257 12.81723 17.73959 0.0 48.42053 11.60005 19.64744 29.82626 44.17276 45.89387 21.71032 0.01559 19.82061 31.55941 37.93756 20.61557 46.51188 31.07919 9.97013 44.97223 30.6664 28.69901 
1000.0 36.67403 27.30143 18.4084 0.0 14.06877 20.19092 35.10674 42.36095 13.47685 12.00615 42.49542 0.0 24.7125 41.70114 19.66639 30.19989 12.5847 27.58525 34.4991 0.02088 25.99003 20.7672 45.28496 35.94749 29.41428 23.77646 39.68774 12.91306 10.33145 46.05078 
1000.0 31.38068 23.40692 44.75469 0.0 25.33637 15.76191 34.1778 17.99608 31.93178 20.98487 12.7228 0.0 32.03168 11.9669 46.43123 39.89054 25.61137 10.07617 20.78863 0.02653 23.0542 43.134 12.97042 44.26003 15.35528 34.58272 17.90971 47.78257 36.59306 42.65138 
1000.0 32.99042 9.96585 25.80537 0.0 44.4198 27.57166 47.57412 40.74202 46.42048 20.87735 12.54798 0.0 38.77218 14.05668 46.74646 14.96664 42.90031 20.46103 45.29246 0.01945 20.56083 45.09832 46.43215 16.26306 21.4998 47.67359 32.77984 23.37212 24.74768 15.82469 
1000.0 22.49126 21.10728 28.98715 0.0 36.24887 10.80872 38.3547 29.63455 28.80921 16.72522 17.68141 0.0 24.97915 16.74368 37.69489 31.68183 10.04568 13.73097 16.59034 0.02415 28.63928 20.81555 28.39549 16.22513 41.9932 16.33276 30.68247 28.80363 35.02582 14.08572 
1000.0 0.0 0.0 0.0 18.66666 0.0 0.0 0.0 0.0 0.0 0.0 0.0 32.689 0.0 0.0 0.0 0.0 0.0 0.0 0.0 0.0 0.0 0.0 0.0 0.0 0.0 0.0 0.0 0.0 0.0 0.0 
1000.0 41.99114 30.36971 26.56447 0.0 36.5045 24.29296 16.97136 27.70667 33.99633 43.24153 21.40327 0.0 19.40595 25.66654 23.33124 26.15146 27.3559 39.77873 38.92599 0.04018 30.75889 33.77858 46.1822 40.46415 15.83812 22.29238 19.56828 21.27971 34.17232 16.06086 
1000.0 19.96878 44.09493 18.4197 0.0 45.94433 20.72243 21.38052 21.63173 15.46989 43.74492 32.53716 0.0 44.41368 20.35103 22.31349 21.73047 29.36304 11.20922 22.91612 0.0466 39.11354 21.22148 19.78233 14.79862 22.45929 21.4893 44.17815 13.83036 20.59758 12.70563 
1000.0 31.07828 42.68662 12.84706 0.0 18.87904 48.39606 41.25979 31.0147 15.3165 25.47647 38.46952 0.0 44.62236 20.39862 25.74758 14.26709 24.13855 32.16816 40.9799 0.02147 21.63986 28.58047 36.28213 39.38217 45.0892 17.66944 11.27336 13.8111 25.07807 30.83676 
1000.0 15.3554 11.13514 39.68451 0.0 15.26397 29.84079 34.00198 41.15151 19.15536 22.5827 40.52369 0.0 31.28034 30.12744 34.23087 20.65338 18.09768 41.28663 14.93501 0.02273 29.3064 42.91278 30.69329 47.88267 41.1405 35.34376 47.71888 42.61687 15.67945 27.93036 
1000.0 32.01838 37.51253 14.99409 0.0 11.99567 39.95531 10.7542 21.56603 31.22065 12.78274 24.3402 0.0 31.59059 13.12482 25.04048 17.76315 42.05527 29.48864 25.25227 0.02296 35.83285 11.24137 32.03914 10.32265 20.13565 35.051 23.62357 25.96228 35.4471 37.86572 
1000.0 38.91697 33.21327 13.49433 0.0 16.66566 41.45107 14.77119 24.58517 27.11976 46.12683 12.64625 0.0 22.45744 27.95153 48.0951 10.20326 19.83829 22.70123 11.29902 0.01298 17.42629 24.19912 17.71713 39.57418 36.55635 26.44947 25.39488 28.04489 33.57414 40.61524 
1000.0 31.93768 24.2284 41.54549 0.0 33.1351 27.51096 18.25618 29.17164 45.85424 33.14195 29.57164 0.0 35.60159 36.20117 47.88732 15.16991 11.32554 30.66824 44.18105 0.03838 28.34426 35.00018 30.9693 45.78628 45.39814 18.08993 13.37729 16.90244 29.77842 14.40827 
1000.0 0.18256 0.17139 0.17723 0.0 0.08693 0.18291 0.05123 0.08692 0.12617 0.13746 0.0806 0.0 0.18905 0.0606 0.09862 0.08735 0.10118 0.13118 0.0509 11.3236 0.08241 0.18911 0.04885 0.13498 0.05047 0.09799 0.17682 0.09316 0.19688 0.06715 
1000.0 28.35138 17.92406 43.94569 0.0 44.6769 45.40937 38.89093 47.9018 41.02094 36.83208 26.39563 0.0 22.08109 24.78489 35.61453 16.09186 28.27611 28.86597 29.95345 0.04438 41.39909 17.04882 22.23128 38.92738 20.16161 43.63745 44.41293 23.12758 27.12676 32.28807 
1000.0 25.91075 45.70414 10.05653 0.0 18.21135 42.40129 29.84474 36.63132 44.49695 31.63182 32.43016 0.0 47.91082 20.14856 27.93179 41.71352 35.85565 29.19302 23.80141 0.048 23.78815 45.99368 18.33668 39.77957 39.75403 23.72507 12.89259 25.39597 36.43425 33.00089 
1000.0 23.20543 14.68421 16.33792 0.0 35.32367 10.16009 38.14263 36.66293 28.62815 37.54811 47.10272 0.0 35.11833 31.17539 42.15984 43.56606 35.54035 40.63388 44.17204 0.02273 31.2548 47.56333 25.51802 46.81616 43.61884 32.78085 17.78089 12.35563 11.92946 17.72541 
1000.0 42.68377 18.72794 40.63794 0.0 22.12913 44.79411 16.10903 16.11335 18.33093 41.20605 18.20741 0.0 13.13942 32.33113 18.34929 34.47519 19.81217 34.54836 23.00188 0.02146 33.94417 35.86321 22.7765 30.61913 47.29928 40.16033 10.56474 22.85161 43.31302 14.10278 
1000.0 40.38827 16.20099 47.75226 0.0 18.84011 30.17933 29.50449 44.50214 28.24836 43.37167 47.63142 0.0 25.2648 45.97473 13.54996 31.76752 41.92007 18.44324 15.02073 0.02415 43.64895 41.80642 18.53302 21.13929 15.89326 36.42174 40.49865 44.52646 38.53215 31.81067 
1000.0 23.82919 14.44779 37.92216 0.0 26.84138 37.89119 22.59903 43.88629 39.29013 47.19815 9.89798 0.0 27.99972 22.60945 29.42462 19.59277 12.50283 43.22523 21.38644 0.02912 13.37328 28.10581 26.20702 42.9038 39.14828 42.25188 28.5858 18.04665 47.43396 24.76334 
1000.0 25.83515 14.30357 23.83562 0.0 47.73069 14.86736 47.95767 27.64703 20.53443 39.63439 32.06363 0.0 41.61199 25.70319 35.35465 35.74228 11.84419 21.66283 40.69306 0.02905 20.66318 41.16307 43.92193 38.53142 16.63591 26.19406 16.17794 12.65531 11.81879 13.28489 
1000.0 14.59132 28.11581 18.35589 0.0 35.97691 30.19233 27.05846 24.14173 13.77662 17.1397 27.3823 0.0 37.21576 17.75278 43.62449 31.00304 37.45436 41.99774 33.66786 0.03391 19.60733 23.93766 12.1636 44.82876 21.11853 41.24979 45.62026 26.53459 32.0894 23.17754 
1000.0 23.85068 31.93163 43.28187 0.0 29.64324 41.42152 28.69142 33.60728 12.97396 41.7802 20.16637 0.0 16.92904 36.17472 30.66107 31.32548 21.75569 39.80328 22.10423 0.04468 37.31929 36.2967 38.71181 15.21737 35.60564 29.97344 26.73175 15.42921 27.59081 40.86086 
1000.0 27.80061 10.60704 35.33835 0.0 33.47281 48.08941 35.89561 14.78277 20.20163 43.65742 41.65971 0.0 31.65163 44.38222 23.70265 27.49874 28.93585 35.70078 22.93841 0.01799 27.87697 34.42215 19.25378 37.81244 32.54214 30.7315 14.00696 42.82125 21.28542 33.79008 
