1000.0 1000.0 1000.0 1000.0 1000.0 1000.0 1000.0 1000.0 1000.0 1000.0 1000.0 1000.0 1000.0 1000.0 1000.0 1000.0 1000.0 1000.0 1000.0 1000.0 1000.0 1000.0 1000.0 1000.0 1000.0 1000.0 1000.0 1000.0 1000.0 1000.0 1000.0 
1000.0 40.50293 28.43421 13.68649 0.0 32.11642 16.97817 37.59307 30.4744 32.15408 16.64313 38.11703 0.0 35.50212 22.61055 30.53795 23.8015 16.3079 28.20596 12.38653 0.02452 17.84138 34.95366 30.66401 16.92594 25.42142 10.35835 39.14313 29.86445 36.64756 26.04132 
1000.0 11.92388 8.46178 28.25849 0.0 36.48103 19.23549 26.60432 11.82377 31.96984 16.95851 17.49713 0.0 23.47248 32.49399 16.86189 25.73524 40.94935 30.5763 34.7671 0.01886 40.33524 38.31778 13.38709 9.36368 29.51125 16.73432 10.21427 31.98027 26.83179 13.43083 
1000.0 31.06029 14.78416 10.31934 0.0 24.84886 40.82166 39.99574 26.95152 23.04034 10.33383 36.69489 0.0 36.64074 13.64919 29.26494 34.66488 27.9838 36.73895 13.20608 0.02037 37.8485 38.67572 13.07065 38.71849 12.60204 18.30066 9.17607 41.07204 20.31148 26.2728 
1000.0 0.0 0.0 0.0 22.23248 0.0 0.0 0.0 0.0 0.0 0.0 0.0 28.35994 0.0 0.0 0.0 0.0 0.0 0.0 0.0 0.0 0.0 0.0 0.0 0.0 0.0 0.0 0.0 0.0 0.0 0.0 
1000.0 38.49658 22.50949 34.8909 0.0 37.64267 29.45622 15.34565 9.24375 41.10203 32.62541 31.27441 0.0 25.2455 21.9499 8.87999 31.60695 19.27499 35.03584 22.71168 0.02251 13.45872 32.09735 21.91124 37.23666 12.75127 18.60406 20.42983 33.9172 31.53937 20.85596 
1000.0 20.86442 8.61873 9.92467 0.0 23.66804 40.52693 36.15334 37.06869 14.45237 22.69848 13.50033 0.0 13.57678 17.71115 16.61299 8.40479 27.12706 17.81527 23.98432 0.01918 10.53422 40.49676 35.01127 21.73457 27.12225 37.99335 15.95127 25.89914 16.70128 9.17792 
1000.0 15.18748 35.02402 22.56331 0.0 28.27067 32.5984 14.98521 40.51503 14.51241 9.39311 8.3091 0.0 12.34126 11.14025 33.25472 27.47765 23.20631 25.76166 40.14689 0.0113 33.71279 19.98148 16.38695 39.42276 24.73618 36.80501 9.20954 15.47317 32.40923 9.11515 
1000.0 13.61604 41.13769 12.99829 0.0 14.32274 39.41318 31.91599 34.35636 9.25699 31.67998 9.72638 0.0 17.10308 27.7898 16.62209 27.11433 39.33839 34.21961 39.17547 0.01553 17.32024 40.54406 36.78292 8.48706 24.12645 19.37062 14.8486 39.25694 35.33551 26.81026 
1000.0 15.5631 31.69852 11.50295 0.0 18.56454 31.16495 30.26812 13.23083 38.12053 30.65003 24.45333 0.0 14.71719 23.90661 37.73876 31.70256 29.66051 38.69889 32.1926 0.02334 11.05925 14.98975 34.61605 19.70643 35.24439 23.97889 32.97766 38.88445 23.37218 14.81446 
1000.0 24.47965 28.27801 36.56785 0.0 16.21871 35.49015 32.78865 11.44588 12.65163 21.39217 12.28818 0.0 10.0136 22.51083 27.43432 40.68664 37.57471 9.83789 22.51341 0.03626 39.29249 15.9732 36.67821 24.87464 30.70786 39.7708 12.97272 15.00771 31.73527 14.77498 
1000.0 24.03645 10.05249 15.20317 0.0 33.98669 10.78605 9.03509 32.67659 15.51545 25.78301 27.09708 0.0 12.71335 18.28089 10.23378 15.83699 10.63922 35.18602 23.38979 0.01769 30.58081 24.95435 20.9873 9.58775 16.97666 34.80205 35.09973 39.32434 39.3931 26.81507 
1000.0 0.0 0.0 0.0 39.66847 0.0 0.0 0.0 0.0 0.0 0.0 0.0 32.02893 0.0 0.0 0.0 0.0 0.0 0.0 0.0 0.0 0.0 0.0 0.0 0.0 0.0 0.0 0.0 0.0 0.0 0.0 
1000.0 10.86742 25.68774 9.6383 0.0 10.14712 40.42584 38.97166 27.97432 13.33497 12.04454 28.08319 0.0 11.92098 17.47502 20.23465 12.35542 33.0025 21.20918 26.12819 0.02218 38.04026 19.45844 40.42249 20.76004 12.95485 25.28142 40.74496 40.88309 33.191 13.03781 
1000.0 12.04234 13.09294 26.23695 0.0 31.25897 16.73807 31.24584 31.07488 13.53835 38.54886 10.67939 0.0 15.37837 19.36315 25.21558 31.16465 22.40082 14.03175 33.85388 0.02694 37.62503 37.75806 18.8146 29.55424 10.46718 17.53021 16.77514 13.97385 20.1469 38.76618 
1000.0 36.47773 15.13789 23.94959 0.0 15.33266 32.7963 13.23567 9.38473 17.04163 35.81146 22.15778 0.0 19.42214 10.15406 10.9011 12.05796 10.14376 11.70504 12.75948 0.04293 30.04791 27.45436 29.12476 18.13685 33.06059 31.12695 15.24914 26.04935 24.20259 18.9205 
1000.0 9.32611 36.57195 13.38373 0.0 15.45241 34.66451 18.19361 34.97593 17.87712 26.11361 39.63203 0.0 14.63476 36.22093 9.1901 15.66797 36.99761 31.69487 25.11976 0.03502 30.03488 40.26704 36.91928 17.19315 24.87126 16.18658 34.39988 27.01813 20.31659 21.36883 
1000.0 34.28761 30.79328 24.27635 0.0 26.62087 16.08311 35.82524 30.07104 13.61512 33.66556 12.06453 0.0 8.44969 15.36834 17.81291 22.71077 16.31415 11.76479 39.80771 0.01655 25.52478 14.28169 8.74112 37.53352 11.18162 14.6223 19.38992 19.90895 32.72487 39.99062 
1000.0 14.47609 24.7884 15.78736 0.0 34.93896 24.35693 27.295 8.72219 34.56766 17.1007 34.36221 0.0 12.50756 37.91107 30.63409 30.90436 28.76007 36.29412 20.70551 0.01678 38.17344 36.94915 31.24859 12.19018 10.63446 21.85818 37.89434 27.06887 37.94662 18.49861 
1000.0 10.05535 14.30936 11.67556 0.0 9.1967 8.99575 12.09783 32.48778 34.96625 11.4823 24.41914 0.0 25.8682 19.14843 27.50299 27.45042 28.36959 14.57135 14.96907 0.02254 31.8995 26.81494 13.1225 28.65486 19.35069 26.44832 23.25092 20.40288 18.51413 8.73062 
1000.0 0.13624 0.06296 0.1681 0.0 0.15326 0.0467 0.12613 0.12428 0.06402 0.05657 0.05173 0.0 0.07225 0.09776 0.04872 0.13116 0.13242 0.11587 0.13271 38.30529 0.16609 0.14103 0.10857 0.0503 0.04193 0.1707 0.12572 0.1177 0.12643 0.14321 
1000.0 39.00127 12.89499 10.78165 0.0 41.08716 23.29186 19.11911 22.93532 26.90388 35.05374 38.06347 0.0 25.429 10.98966 15.62103 19.74389 28.39724 12.9319 16.41768 0.02769 9.03501 35.55508 35.63651 25.66395 32.4034 30.18748 16.67708 34.6873 13.05625 38.79185 
1000.0 28.75128 32.69431 9.77868 0.0 8.41833 13.62877 10.16341 9.27812 21.79813 22.30523 11.94971 0.0 38.11728 40.64216 23.69943 15.14425 40.39243 24.54777 29.74542 0.03727 18.10473 21.27823 32.44836 35.26647 27.28706 14.78408 35.56517 9.23778 13.22384 20.39459 
1000.0 29.81734 13.38727 20.52153 0.0 8.798 20.63148 24.77873 24.58119 17.86298 19.11438 30.64009 0.0 28.16208 22.06433 26.4003 20.31607 32.46372 17.11504 9.75304 0.01805 34.52889 25.41318 24.3269 14.7514 24.12766 25.42679 25.7684 40.69192 35.10048 16.52123 
1000.0 38.78257 30.0033 24.89835 0.0 18.08297 18.86207 11.56615 18.4498 20.83663 20.95557 37.06273 0.0 22.23136 24.28983 34.7587 33.50168 25.73991 34.219 34.94424 0.03044 38.93837 37.1083 11.27286 28.52168 33.25131 27.3561 37.68459 19.40669 10.78981 21.37449 
1000.0 34.80722 33.95424 8.88202 0.0 18.15413 22.07744 25.02145 39.69517 9.03356 16.74699 32.06902 0.0 8.92232 33.37567 20.24066 29.09917 24.42232 24.28622 39.42563 0.02602 33.62968 17.31813 26.36676 27.87951 26.26658 14.55559 23.99872 37.90842 27.80465 9.18453 
1000.0 37.68628 36.09596 16.89589 0.0 13.88731 14.84522 33.90076 30.70923 27.80473 29.68881 10.35933 0.0 11.75707 23.97077 30.83951 35.65621 25.22799 31.69934 13.13328 0.01011 28.93019 33.78595 10.94752 39.25042 14.85863 22.03519 28.57819 24.12421 36.0231 11.17905 
1000.0 24.17608 18.71884 8.57932 0.0 36.93484 24.8721 30.40001 36.97179 33.15796 11.40148 40.6134 0.0 28.09027 40.72257 10.67592 27.59663 40.93653 36.24898 20.85049 0.00952 8.91495 28.71379 40.38797 11.3074 8.29446 32.33552 39.9588 16.06844 27.14793 35.46819 
1000.0 9.21139 29.27912 21.1398 0.0 8.36512 28.63026 40.38949 35.07153 27.79646 37.60317 30.87429 0.0 37.35592 25.80673 24.60825 10.97155 33.87268 28.42509 10.42006 0.03619 32.52942 14.07276 14.21551 39.59452 29.23482 21.23828 14.50068 10.96396 34.44922 8.7389 
1000.0 38.14812 25.70778 12.42542 0.0 35.9603 12.35157 31.38657 32.7088 38.67095 14.1965 40.49499 0.0 32.57109 25.63626 27.28157 12.42469 37.30237 17.65707 20.53255 0.01497 14.75391 16.34851 38.1252 13.49136 21.66543 11.54775 29.68853 41.11633 19.33466 11.67183 
1000.0 35.0888 27.32681 30.56067 0.0 20.8925 27.31709 12.83323 15.88324 18.75631 23.84586 30.32067 0.0 22.80997 23.62659 27.86663 36.6684 14.29671 38.9452 16.84745 0.04343 33.34759 10.61899 10.35821 31.86902 35.66958 23.20875 11.2872 11.67444 9.45897 13.39818 
