1000.0 1000.0 1000.0 1000.0 1000.0 1000.0 1000.0 1000.0 1000.0 1000.0 1000.0 1000.0 1000.0 1000.0 1000.0 1000.0 1000.0 1000.0 1000.0 1000.0 1000.0 1000.0 1000.0 1000.0 1000.0 1000.0 1000.0 1000.0 1000.0 1000.0 1000.0 
1000.0 35.62987 13.16394 27.87192 0.0 19.83496 31.11221 28.90465 31.80641 37.59714 28.90396 37.53611 0.0 14.15485 37.89184 19.58295 29.53537 24.47021 16.2453 35.69105 0.03223 26.63109 13.44343 12.52364 37.98825 24.11744 16.67183 20.4938 37.64657 26.63306 9.29514 
1000.0 30.92189 35.38386 13.91564 0.0 29.07608 22.1322 28.4171 18.21426 11.89764 12.35663 34.08219 0.0 20.63205 34.58679 11.29737 18.99144 15.24977 32.99453 25.05769 0.02633 22.65788 21.28184 21.10938 14.13427 23.4527 9.85438 15.1554 25.90456 27.04383 31.00126 
1000.0 18.68468 29.04614 29.36785 0.0 20.7131 36.37387 25.24351 23.47862 22.77142 20.2215 25.25854 0.0 19.38634 25.12418 33.90632 29.16853 18.80512 17.02999 25.26397 0.01376 34.56408 8.78902 27.84804 37.44193 33.59877 14.46554 20.51254 36.80787 8.40621 29.61289 
1000.0 0.0 0.0 0.0 11.78526 0.0 0.0 0.0 0.0 0.0 0.0 0.0 8.90262 0.0 0.0 0.0 0.0 0.0 0.0 0.0 0.0 0.0 0.0 0.0 0.0 0.0 0.0 0.0 0.0 0.0 0.0 
1000.0 8.15772 25.44073 9.26381 0.0 31.59131 31.60136 18.82419 22.97761 16.47254 22.97164 13.70517 0.0 21.29513 37.57527 16.25689 13.68417 35.42856 9.64461 13.75105 0.04238 16.70634 19.1241 11.8544 28.53416 19.27376 38.16283 7.75408 26.58342 37.6994 19.83878 
1000.0 25.75145 24.80602 15.3892 0.0 21.00397 15.37163 34.23035 14.47924 17.04532 27.18717 23.14438 0.0 29.25527 16.91403 28.01218 11.00628 9.06937 31.99044 15.3903 0.02805 11.94555 27.10559 19.15933 31.30468 17.11413 16.88783 22.8106 27.3727 31.93984 37.16144 
1000.0 38.3321 18.81296 31.53552 0.0 27.20222 20.30297 30.91624 27.76784 15.69746 29.61159 13.03344 0.0 14.94899 26.415 32.16475 9.74848 15.10667 26.85101 25.49054 0.02701 26.13329 9.34391 26.87582 26.78661 33.64502 20.27945 36.7484 29.32398 20.70994 8.31193 
1000.0 10.46016 17.95428 20.97194 0.0 35.28891 22.94128 22.79116 34.53003 9.8292 36.72412 36.93063 0.0 27.93902 23.80058 31.92377 37.66796 36.55618 12.87122 10.7949 0.04316 25.68845 27.0926 8.00808 37.83835 36.25544 33.73032 34.02561 18.42052 32.19842 30.64767 
1000.0 33.98244 12.77101 16.4738 0.0 15.68206 26.61838 30.40833 16.66994 19.22133 29.84679 13.90516 0.0 29.02715 33.35058 30.60925 31.15807 9.05259 18.77352 36.59536 0.0315 27.21119 16.20955 19.61167 38.09558 25.57646 24.85966 14.73756 38.04396 14.32105 35.17554 
1000.0 15.90686 35.69993 19.49093 0.0 33.02833 23.3969 14.92754 11.605 37.37768 31.45062 35.55684 0.0 33.42974 28.85799 12.43305 31.63035 12.43843 34.31023 17.24383 0.03797 11.09956 11.62083 26.0712 29.20568 26.47155 19.2713 11.43506 28.44765 37.33299 16.97855 
1000.0 27.82715 29.47604 21.79779 0.0 27.35062 35.68108 10.64945 7.91497 31.22142 28.80936 25.74018 0.0 22.85086 21.63588 16.17842 12.76384 8.595 33.74268 34.20822 0.01675 25.49352 29.19691 17.28246 20.34681 21.79247 31.53858 35.8033 25.89972 12.61506 29.71673 
1000.0 0.0 0.0 0.0 10.21689 0.0 0.0 0.0 0.0 0.0 0.0 0.0 32.6882 0.0 0.0 0.0 0.0 0.0 0.0 0.0 0.0 0.0 0.0 0.0 0.0 0.0 0.0 0.0 0.0 0.0 0.0 
1000.0 11.26038 17.43114 9.03524 0.0 10.76651 26.33153 26.15807 33.16289 20.24605 36.29374 23.10445 0.0 21.84905 28.1408 37.74554 35.5489 18.45526 10.5694 9.27414 0.01707 9.39058 13.5498 36.41447 34.67173 8.61152 36.26009 21.46444 11.64796 37.71732 25.84839 
1000.0 11.81906 28.57306 11.41539 0.0 36.15777 15.66938 10.37043 27.99204 23.48269 8.76264 8.58952 0.0 11.58595 30.63733 27.19973 18.40272 7.78069 14.50902 17.62031 0.03464 20.4251 14.34025 25.39393 34.58279 25.54043 31.58213 27.26725 18.233 24.17735 28.87647 
1000.0 10.04694 37.17941 30.34441 0.0 23.96822 25.26654 27.25725 34.9419 24.90475 37.35099 25.06528 0.0 26.23213 12.74812 23.49246 12.33432 22.72359 14.14707 30.21493 0.00953 19.98441 37.47165 22.37303 13.82686 10.44552 25.19491 9.21206 28.06787 31.51923 37.7011 
1000.0 22.48789 17.59625 10.60614 0.0 23.84495 15.29496 24.81926 8.66997 11.99944 16.32318 14.18905 0.0 22.17743 17.43889 18.79924 33.52287 37.40976 13.21813 28.82538 0.01977 31.56282 34.05002 23.82645 15.73579 30.2331 7.92657 33.54033 8.37682 20.43958 27.47524 
1000.0 15.94453 20.86148 15.69118 0.0 31.18422 23.53005 31.21235 13.10489 23.80937 11.46028 31.63353 0.0 25.53583 19.22272 10.5371 34.17134 12.31027 36.37208 21.69708 0.01889 36.22983 12.03583 15.58048 30.46772 12.20556 14.83909 25.18846 22.0396 7.88788 32.0656 
1000.0 35.36881 24.18854 38.05176 0.0 17.04147 9.59019 38.23697 36.40134 17.18295 15.3107 36.0806 0.0 18.63729 14.95428 8.69032 37.35406 9.56439 32.0492 20.10121 0.0433 9.249 14.6757 35.52081 33.85228 8.93422 28.11595 37.82714 31.20662 26.9711 37.7064 
1000.0 33.31273 17.45669 18.91 0.0 30.68555 28.53637 11.25697 35.57021 11.62528 26.77929 27.16281 0.0 10.38845 11.33457 12.65493 27.74458 34.95942 29.89141 23.02415 0.01615 14.05451 34.13111 36.91396 10.12585 10.11265 19.23517 18.01498 30.66182 17.15458 35.00741 
1000.0 0.08605 0.10465 0.13159 0.0 0.04033 0.06933 0.16747 0.15219 0.08639 0.16348 0.13881 0.0 0.07218 0.11703 0.06068 0.1181 0.12266 0.11133 0.13846 16.83199 0.16649 0.09165 0.06777 0.03637 0.16845 0.06353 0.12029 0.08655 0.08217 0.04145 
1000.0 19.73147 11.18175 37.98069 0.0 20.28608 13.5071 9.86119 33.29923 24.40549 10.61086 23.82519 0.0 26.31887 14.57251 28.83857 27.64251 20.07972 33.7718 33.39811 0.02521 24.38569 17.94876 25.66366 14.38651 18.72763 16.85213 12.13857 17.75484 15.99491 23.95759 
1000.0 23.50751 19.72301 33.09125 0.0 11.6307 14.50063 16.9761 23.38849 24.81768 36.73035 37.83059 0.0 26.44774 35.72054 19.35621 22.67495 11.53198 10.07465 20.06053 0.03845 27.84574 15.0377 36.95479 14.57885 11.3478 28.57792 10.49982 17.81378 32.72546 12.9845 
1000.0 28.81712 16.25159 21.5707 0.0 15.66457 15.64805 34.30188 23.74543 19.1884 18.10144 14.90621 0.0 11.41843 30.71014 10.22122 18.2067 12.85913 13.80781 20.39126 0.0142 9.09807 35.81343 21.46571 33.44607 8.4016 16.42776 28.13104 12.97115 31.41001 23.62223 
1000.0 36.90813 31.79072 16.33993 0.0 11.95822 26.28786 20.37538 36.15412 18.32344 8.91193 26.46412 0.0 12.91982 15.68858 34.87117 29.22122 33.83777 10.77107 17.95461 0.0421 16.03249 30.89785 13.61915 24.63472 7.71316 24.87021 16.27535 9.90993 23.00143 25.63579 
1000.0 21.96619 8.61312 37.66966 0.0 12.57315 22.33954 9.25936 12.0476 33.59131 30.91757 10.77973 0.0 10.65668 34.91772 14.69064 17.96628 19.05868 7.78576 31.67212 0.04183 28.43185 10.76303 11.27 34.47538 14.11975 8.51743 21.73649 18.01504 9.03038 30.28372 
1000.0 34.97427 34.60522 18.66727 0.0 35.51007 33.38736 21.44318 12.89908 16.37881 32.72539 24.77548 0.0 28.15363 32.4607 12.66225 29.41412 20.43398 31.87138 30.22568 0.03265 23.24439 37.40978 15.99704 19.96194 22.78608 23.85243 36.30134 30.00874 36.04219 13.56464 
1000.0 30.12109 23.09965 27.15247 0.0 12.74121 33.41633 28.4876 23.29057 8.20899 33.43284 10.28731 0.0 11.19146 15.36472 15.03646 20.08793 14.12829 15.6757 19.44537 0.0183 19.42333 22.05567 31.90643 23.36454 35.54046 22.92315 15.83965 31.11986 36.57358 24.83764 
1000.0 9.3224 15.08953 30.53977 0.0 17.01914 15.35536 14.40499 11.55983 35.40851 25.43324 37.51112 0.0 14.48155 26.31487 36.9325 32.59995 29.55258 36.27283 12.97809 0.01723 13.57615 22.24871 30.55648 18.37062 10.85537 29.55392 13.8656 16.71083 30.9229 22.94464 
1000.0 21.86697 20.29539 23.85419 0.0 27.66311 27.61686 21.19331 12.32656 10.8818 8.00955 29.2086 0.0 13.7601 10.04351 16.80818 9.06441 38.15454 29.02849 16.51873 0.01832 26.36811 17.90452 26.2246 12.42497 7.69179 23.11103 32.76568 19.39795 33.24948 8.4243 
1000.0 31.3156 18.99448 13.72024 0.0 23.34685 19.37784 24.71264 23.46282 31.22679 8.50052 19.1646 0.0 15.73626 9.84362 9.71781 26.05948 28.17619 37.07234 34.48475 0.01507 28.44291 15.26635 33.22088 34.10551 34.92668 16.10234 21.58705 9.53954 21.96952 15.45862 
