1000.0 1000.0 1000.0 1000.0 1000.0 1000.0 1000.0 1000.0 1000.0 1000.0 1000.0 1000.0 1000.0 1000.0 1000.0 1000.0 1000.0 1000.0 1000.0 1000.0 1000.0 1000.0 1000.0 1000.0 1000.0 1000.0 1000.0 1000.0 1000.0 1000.0 1000.0 
1000.0 18.24741 22.81887 26.56486 0.0 29.72413 33.70434 22.2927 31.75821 8.77799 19.58487 12.68602 0.0 27.12172 24.92001 29.21333 18.76654 18.72568 7.89564 14.20163 0.02612 8.48606 24.03524 14.73229 7.76384 30.98052 14.97511 14.64184 12.88311 13.12482 10.71075 
1000.0 24.58446 10.82127 18.36181 0.0 9.66913 10.0645 25.58579 18.88931 33.67089 23.06073 13.73404 0.0 27.29794 12.38015 7.08172 24.82255 30.21926 21.46541 26.00409 0.0142 9.95028 31.47541 13.68877 32.78008 25.88857 11.54521 19.36395 11.16038 23.65294 12.44013 
1000.0 28.4621 9.42431 22.69606 0.0 7.35881 8.05889 33.57352 19.68193 9.54009 20.25556 12.68038 0.0 10.0818 21.30979 28.39175 13.62281 32.08933 8.07378 6.88853 0.03033 14.25947 22.8036 11.88782 31.24279 14.98486 15.13648 29.01434 14.79828 11.05956 19.1322 
1000.0 0.0 0.0 0.0 31.27922 0.0 0.0 0.0 0.0 0.0 0.0 0.0 30.05818 0.0 0.0 0.0 0.0 0.0 0.0 0.0 0.0 0.0 0.0 0.0 0.0 0.0 0.0 0.0 0.0 0.0 0.0 
1000.0 28.59861 16.90381 31.86923 0.0 27.87401 11.78274 9.24367 11.00803 13.90196 23.8214 11.93989 0.0 10.22141 32.55357 12.15221 10.12928 9.84222 7.83566 9.20584 0.01615 32.72425 9.29091 19.52967 11.38993 23.34556 24.82298 17.29701 22.39402 19.78721 30.14951 
1000.0 10.75311 23.47882 10.22931 0.0 7.53717 19.07724 19.95695 15.63976 24.01832 32.18158 31.24975 0.0 27.84685 13.52596 25.58724 31.98959 15.57774 10.91064 31.02054 0.01226 15.71347 32.2343 27.34199 32.60923 15.40168 10.04227 9.26444 14.05953 14.59784 29.69071 
1000.0 32.70884 18.18163 9.692 0.0 13.42618 14.49335 17.5955 9.35988 20.68945 13.05266 20.68848 0.0 17.29887 21.77583 24.60475 27.38787 29.87066 26.48144 23.07303 0.0347 9.36761 30.13667 27.97236 27.74567 30.65106 16.21875 30.31387 31.91124 14.94752 28.19078 
1000.0 33.06671 21.19764 33.39243 0.0 27.04774 27.95357 10.87175 22.96367 27.33713 24.85747 13.45114 0.0 19.63101 21.24153 13.20964 10.41596 32.13862 12.39483 30.76573 0.02913 18.61507 14.15728 28.46254 25.04161 27.0415 29.2838 16.55717 13.50891 7.63464 29.5978 
1000.0 12.02342 30.8246 12.26136 0.0 32.51279 13.00975 8.74076 33.70892 8.63776 16.83719 27.50537 0.0 22.98727 27.22629 20.99092 22.85885 30.1611 22.48596 15.37463 0.03921 9.7822 29.37976 24.91628 33.65675 19.47144 16.19827 28.88408 28.16733 17.16393 25.86593 
1000.0 10.80942 15.14529 29.62627 0.0 31.96191 18.32663 23.48216 17.93857 33.64419 13.10597 20.14485 0.0 20.65945 31.10048 14.85676 26.63225 13.13753 15.00609 15.53281 0.03435 22.297 8.11649 12.44505 33.48918 28.35581 25.76183 8.98792 30.05156 31.76892 13.20877 
1000.0 32.89612 17.32492 11.08519 0.0 8.92679 10.35671 26.0485 33.24408 25.76122 19.43632 27.37509 0.0 32.87576 32.97989 8.11229 28.06198 25.50828 14.92315 11.05147 0.03399 29.03385 27.55108 14.75533 19.96271 24.68117 33.34358 25.9672 14.23257 10.29306 18.70657 
1000.0 0.0 0.0 0.0 27.05359 0.0 0.0 0.0 0.0 0.0 0.0 0.0 10.06382 0.0 0.0 0.0 0.0 0.0 0.0 0.0 0.0 0.0 0.0 0.0 0.0 0.0 0.0 0.0 0.0 0.0 0.0 
1000.0 7.39234 22.77229 32.29162 0.0 15.45245 7.22416 21.16949 10.91381 9.25458 28.90927 20.78644 0.0 9.34591 10.0058 32.42272 18.0708 31.16826 22.08926 27.12636 0.03252 6.78993 19.88625 26.62457 19.21624 21.87811 25.97365 31.72291 20.55227 9.56525 7.39204 
1000.0 32.87365 20.95439 22.16871 0.0 10.60445 29.14406 15.68047 7.09099 11.74048 12.19227 26.3021 0.0 22.97381 8.3119 8.74535 24.18833 30.29142 31.70368 8.16835 0.03204 31.02671 32.08654 13.52367 14.96701 18.26746 10.32797 32.27321 8.92937 18.05807 16.21695 
1000.0 33.04856 11.31166 8.51955 0.0 31.03342 31.45535 8.5893 23.89086 9.61564 22.01527 25.11255 0.0 11.96815 24.65112 27.39999 12.69822 7.78259 7.34872 25.60445 0.03243 33.45592 29.40248 28.85809 22.19962 26.29298 30.55644 21.0288 13.7364 22.59239 32.91756 
1000.0 28.28254 19.33941 8.95491 0.0 18.59467 23.73244 12.84605 16.27895 18.79161 16.93843 28.45716 0.0 12.81578 32.42988 17.05305 16.63542 16.75995 24.91018 9.90551 0.03587 19.57925 9.99498 11.45448 11.49932 6.82034 31.05649 29.98608 25.22262 11.04656 7.3431 
1000.0 23.66004 13.1466 9.61538 0.0 17.15534 15.95588 28.89691 23.11065 11.11863 9.51861 30.50878 0.0 9.16079 14.03174 17.64971 26.87731 10.94823 9.1301 19.36529 0.02741 9.66375 13.87719 19.66035 22.85671 11.63874 27.03293 22.51159 17.60082 9.90458 10.89283 
1000.0 26.63419 28.51033 29.97864 0.0 22.57458 17.08207 27.54809 8.63687 28.0249 25.91696 24.44324 0.0 24.40803 31.71604 10.49504 24.99788 29.34859 17.73676 18.15066 0.01727 27.28216 16.31472 27.21899 15.15032 7.5529 20.04654 29.71284 26.85363 16.18903 28.64949 
1000.0 13.5881 29.58631 12.09647 0.0 18.41165 29.98668 30.66882 10.13362 15.1329 33.1914 11.65469 0.0 7.39475 14.97567 20.90434 23.2581 29.35975 7.23257 27.99313 0.02881 16.60074 20.78268 14.09858 19.09647 33.04041 8.45503 29.13278 18.7235 8.06807 12.2724 
1000.0 0.14304 0.14906 0.09772 0.0 0.07327 0.11398 0.06015 0.16373 0.15586 0.1361 0.13294 0.0 0.08535 0.08387 0.10287 0.14258 0.15379 0.05272 0.07364 28.83937 0.13716 0.12095 0.1131 0.11777 0.14255 0.07104 0.05403 0.04111 0.13726 0.14472 
1000.0 8.74308 26.05937 24.03811 0.0 26.1857 12.06655 8.3972 20.86497 8.88195 7.57842 7.0597 0.0 20.71064 23.81611 18.51259 26.83378 32.27964 9.24496 17.0258 0.01745 9.79742 19.4494 21.95789 27.75276 14.88728 18.94568 15.93421 33.67238 12.75759 10.7599 
1000.0 22.1866 21.92834 25.72026 0.0 33.70367 7.79049 20.34435 10.48562 8.0863 33.73865 14.63478 0.0 19.0125 27.12689 27.0139 31.00819 20.13276 8.47042 24.08329 0.0354 13.75057 16.0696 18.29766 14.26588 8.06919 32.81907 25.10589 17.13305 21.57741 22.84434 
1000.0 28.43614 8.53894 23.46342 0.0 10.08994 12.44215 10.76595 23.57128 30.4678 7.19744 13.94331 0.0 11.75623 9.30661 11.53857 27.37612 19.23901 15.07722 26.75922 0.03897 12.51957 6.90058 8.73383 17.51028 31.17628 23.06223 31.50699 28.79176 11.51961 9.16495 
1000.0 15.71168 24.18449 24.32508 0.0 24.79118 15.46587 30.33319 16.93165 16.92444 12.57343 18.01048 0.0 19.38804 17.04993 25.20588 7.89274 24.73424 20.65038 13.33384 0.02921 30.58818 11.27455 33.31901 27.8949 12.74849 14.85697 26.23771 24.52485 27.17798 32.68556 
1000.0 22.37823 20.83186 23.9485 0.0 8.28744 11.87268 9.92342 24.69019 7.18407 31.16368 29.81487 0.0 9.03002 30.19396 11.16743 9.90151 11.98228 26.7908 25.22646 0.02513 26.01975 29.60377 13.65047 11.02031 8.26197 25.48025 7.11087 22.60463 30.04486 10.04473 
1000.0 13.18803 25.55441 31.1392 0.0 15.25613 7.8806 7.69291 24.22273 14.16814 28.92493 9.49559 0.0 22.67368 25.48453 24.55266 16.14873 27.56484 26.96962 19.83686 0.01263 11.71316 18.10726 13.30507 10.7728 27.62429 27.68027 28.43631 26.67982 27.79008 11.30056 
1000.0 16.22206 27.46092 29.07555 0.0 13.3584 15.21415 19.87374 18.04678 15.95078 20.90462 15.29837 0.0 18.59487 33.65442 32.23294 24.25411 10.35599 21.82037 7.96671 0.00974 29.03897 29.53356 29.50526 18.80929 23.26375 6.77137 11.6027 7.2326 11.15234 29.03045 
1000.0 12.28923 31.12312 27.55511 0.0 9.97117 33.58746 8.05773 12.41949 32.35077 7.21432 27.47219 0.0 27.72003 14.36956 7.89342 7.24019 26.6289 9.02489 24.09449 0.02809 21.07498 29.11809 9.83031 7.34607 23.6823 8.99169 20.73348 28.9584 12.53414 11.29807 
1000.0 9.62442 25.53841 26.25668 0.0 23.48171 20.91708 26.10006 30.92499 15.50158 27.23075 11.00592 0.0 25.4514 16.99065 22.83797 16.18568 13.75926 26.46601 32.05275 0.02105 32.93846 24.31694 17.82521 9.09849 31.8857 23.73621 16.11107 21.63665 32.53366 9.44084 
1000.0 27.49657 18.17998 30.45592 0.0 17.04066 16.6672 26.13132 16.83472 15.74576 9.69427 26.64029 0.0 20.41168 15.0073 18.51309 32.16394 27.1539 23.94841 12.75257 0.03743 32.91994 22.17152 33.23738 20.97524 27.18818 30.89583 32.62316 13.57757 31.07536 26.35154 
