1000.0 1000.0 1000.0 1000.0 1000.0 1000.0 1000.0 1000.0 1000.0 1000.0 1000.0 1000.0 1000.0 1000.0 1000.0 1000.0 1000.0 1000.0 1000.0 1000.0 1000.0 1000.0 1000.0 1000.0 1000.0 1000.0 1000.0 1000.0 1000.0 1000.0 1000.0 
1000.0 30.88209 34.36448 24.19548 0.0 17.25897 31.99617 35.04021 34.14856 8.64719 33.45386 38.93873 0.0 21.84423 21.16279 20.51789 35.73072 30.26163 34.32193 18.81702 0.01769 29.39649 28.64117 8.17571 22.02887 33.06472 20.11421 29.00353 19.54304 26.19618 39.58384 
1000.0 33.0361 22.72215 26.12152 0.0 29.05095 20.76052 25.26818 30.80285 18.34542 9.92726 26.10905 0.0 10.99204 27.74145 29.085 11.23353 18.30877 29.97845 29.64578 0.04158 39.19687 25.64491 8.52011 26.82674 18.72563 26.47749 10.6929 37.43263 8.95739 11.53709 
1000.0 35.89657 36.98689 24.8102 0.0 32.20709 12.41096 15.01735 17.57766 29.07999 15.40121 33.5058 0.0 32.07552 35.51274 35.81873 38.80026 10.51194 27.76317 26.36939 0.03877 16.33615 15.30217 21.48342 22.83642 36.57002 18.37834 16.29629 29.48265 30.50433 23.19449 
1000.0 0.0 0.0 0.0 29.23713 0.0 0.0 0.0 0.0 0.0 0.0 0.0 15.64398 0.0 0.0 0.0 0.0 0.0 0.0 0.0 0.0 0.0 0.0 0.0 0.0 0.0 0.0 0.0 0.0 0.0 0.0 
1000.0 19.18387 17.33102 27.86244 0.0 19.1423 22.44772 8.35605 20.90366 39.15648 10.85302 12.23687 0.0 15.14629 33.65197 25.89669 30.47963 38.82179 25.19706 14.99781 0.02616 38.98372 23.29982 10.01035 17.53129 35.1665 28.78399 18.63473 36.00714 18.04037 13.06944 
1000.0 11.93353 24.35199 21.07003 0.0 33.55716 11.7693 30.43058 40.11124 20.19763 39.56404 20.31393 0.0 27.40667 16.22781 17.88362 27.25436 35.70438 37.50149 10.29132 0.01292 35.879 30.86968 33.69689 23.36881 12.21489 14.50258 21.78889 18.65 23.26917 34.03002 
1000.0 21.79754 26.10158 24.88888 0.0 8.59149 20.51043 19.68067 30.31869 27.94354 11.29193 16.76155 0.0 29.02476 17.05189 16.09431 16.10592 32.1646 12.43662 39.25173 0.02941 38.52702 16.3208 13.50804 35.37909 21.36586 18.73469 9.59724 18.2174 14.55383 34.99102 
1000.0 18.6699 18.34221 38.5388 0.0 22.95774 22.18547 17.71824 17.81312 31.14874 24.08775 35.5445 0.0 21.42529 20.58847 24.2647 25.95834 27.10432 22.64323 26.10077 0.04087 11.36045 17.11445 9.37353 31.21199 12.14484 27.27689 21.46799 24.65813 30.5625 33.72615 
1000.0 19.86746 31.4149 24.92471 0.0 35.75464 20.19852 8.35464 27.05089 8.59208 39.73604 8.60767 0.0 9.37258 20.67814 17.98754 32.81896 36.23912 33.049 20.14547 0.0211 38.91932 31.25393 30.42457 18.4437 12.26173 36.80799 39.19079 26.69541 35.62302 12.81087 
1000.0 15.82064 12.26644 37.20249 0.0 20.32471 34.19475 9.34532 23.782 14.45545 21.96834 31.39441 0.0 8.30461 31.66076 14.17046 36.6255 27.75317 33.20488 12.39302 0.01825 18.89439 31.64189 30.2889 37.83183 19.35473 38.09902 40.04519 37.97686 29.93268 38.04944 
1000.0 9.78804 33.48866 35.02154 0.0 29.84335 27.9973 9.34513 37.68627 11.81844 11.84668 29.8887 0.0 16.19076 14.86814 19.56344 35.56104 25.49811 29.183 17.8584 0.03287 28.09071 17.62092 18.87144 27.38989 23.69527 22.96076 13.90991 10.99941 28.97545 29.85585 
1000.0 0.0 0.0 0.0 34.79785 0.0 0.0 0.0 0.0 0.0 0.0 0.0 25.49414 0.0 0.0 0.0 0.0 0.0 0.0 0.0 0.0 0.0 0.0 0.0 0.0 0.0 0.0 0.0 0.0 0.0 0.0 
1000.0 33.72827 38.48564 16.30982 0.0 28.71778 22.98651 27.7678 37.92695 19.25919 19.85141 19.30182 0.0 25.9658 22.0372 20.01189 21.57861 33.79479 29.91524 33.93005 0.03813 22.17271 21.38002 34.38191 14.13904 28.7189 9.14038 33.23054 24.11331 25.62084 28.44611 
1000.0 24.58906 19.84055 39.67872 0.0 10.88713 13.04087 35.82152 31.36038 39.24146 11.84929 15.52963 0.0 25.18162 22.2833 10.66597 21.50282 11.95603 30.92392 37.04171 0.0369 34.82072 33.79321 13.82035 38.8698 27.20086 32.7041 13.96304 11.03938 27.38409 21.69012 
1000.0 22.80418 32.10542 30.66844 0.0 10.77447 23.19604 37.59174 23.24722 38.07138 32.37646 33.29402 0.0 23.74459 14.96737 16.41045 34.90615 36.77085 18.79478 22.84787 0.02187 11.52524 23.64986 30.85232 9.81821 39.12278 38.19242 19.94031 12.06761 17.57117 26.0771 
1000.0 24.77211 25.78024 30.09487 0.0 17.04057 11.87502 18.11728 27.14664 33.85653 26.72986 14.86486 0.0 18.44082 25.91617 8.57143 8.19857 27.69603 36.88091 33.03318 0.01173 35.10447 30.06322 23.16165 27.63883 28.72449 39.7116 24.6758 27.93614 25.87216 29.89681 
1000.0 17.04641 16.25865 9.81928 0.0 34.69399 17.26056 29.20183 24.04741 39.24716 21.31017 19.62984 0.0 15.08875 35.06506 32.18373 25.73243 19.54699 23.71921 30.82275 0.03005 24.40581 10.0034 39.71143 18.92091 16.63283 21.63778 20.16367 14.82498 25.93284 25.31887 
1000.0 19.67097 14.71738 33.50926 0.0 11.9252 11.09534 10.69167 15.49029 14.50184 31.19331 8.58908 0.0 10.33946 28.99647 11.05421 8.68238 17.50923 22.62163 37.53301 0.02491 38.4899 24.50932 25.05285 17.93546 31.89068 28.04804 37.91223 18.07984 38.93121 9.28825 
1000.0 14.69008 21.78936 15.78532 0.0 37.36454 26.91036 13.08808 23.40095 19.7558 36.39527 23.64869 0.0 8.91354 29.13221 25.614 31.35069 34.81421 26.76397 20.63894 0.03474 32.98836 28.90624 37.75366 36.50178 14.0342 32.83165 26.02427 29.14113 32.88257 14.4871 
1000.0 0.15665 0.14522 0.17833 0.0 0.10122 0.10439 0.05778 0.1365 0.0595 0.07855 0.15977 0.0 0.04133 0.06505 0.06452 0.11272 0.11821 0.11837 0.05608 15.93763 0.03893 0.0979 0.10418 0.15976 0.1787 0.17263 0.09682 0.13152 0.12821 0.03926 
1000.0 26.81011 20.11821 26.44396 0.0 32.0612 37.2406 28.53831 13.87255 9.72375 33.7202 19.42316 0.0 33.34949 24.44016 34.05638 22.3355 18.0414 26.06509 33.74876 0.01283 32.45171 30.77027 21.87179 14.26571 29.54382 33.03731 28.8342 37.34165 27.32003 34.56457 
1000.0 20.07233 29.97649 9.3984 0.0 38.18552 9.74491 22.3186 12.92386 14.09322 9.24012 26.76789 0.0 23.82221 30.57643 28.91916 31.03577 10.94506 39.12506 27.08569 0.039 22.1154 37.45902 8.46601 24.51156 39.28589 17.15593 15.92816 29.83337 13.66279 22.73189 
1000.0 35.17263 36.23492 31.16865 0.0 10.65311 23.39216 8.31085 35.47658 9.73897 13.5681 8.71323 0.0 36.29882 23.45822 26.48365 32.42554 17.65022 23.11424 25.53593 0.03975 11.66359 33.73962 19.04645 8.35217 35.47795 12.48969 15.36825 13.42078 13.25613 17.62771 
1000.0 20.84632 20.9853 30.64692 0.0 12.05201 34.73173 13.79155 30.63007 9.24719 30.29228 21.40831 0.0 31.62087 34.11186 24.05674 34.70071 28.60447 14.66832 40.01549 0.01059 9.22858 36.72875 12.46416 20.19048 35.25457 27.58767 36.15426 14.72021 31.91435 35.14829 
1000.0 30.97569 17.72707 20.32951 0.0 20.74285 34.5834 11.09845 38.11318 30.41389 30.18222 27.70305 0.0 28.59537 36.51664 13.02533 28.58523 19.84716 36.17489 16.06191 0.02935 28.96864 39.15956 33.95743 24.91346 15.61388 36.07807 32.96701 34.99371 25.56561 18.25132 
1000.0 11.14829 21.0771 21.08382 0.0 23.6028 12.58188 17.96506 20.14891 20.28668 28.17881 10.09993 0.0 20.85577 8.4612 12.60072 11.52623 25.56515 30.49166 33.57769 0.01065 11.18346 20.80651 35.07195 39.78391 13.06708 18.80472 10.64348 26.04184 39.0705 15.47326 
1000.0 11.24354 35.95393 18.35844 0.0 29.62693 30.21627 16.78183 20.96411 35.68585 25.79672 33.04995 0.0 10.14465 10.21859 8.42789 37.21037 36.44989 12.16045 38.68606 0.01121 23.00878 37.46028 38.62036 21.51331 28.31585 26.9901 29.10015 8.6883 18.06528 21.24629 
1000.0 39.66722 8.94439 28.82634 0.0 9.38325 25.41233 21.70244 11.92574 31.04434 12.94595 37.92921 0.0 22.17257 22.84485 22.9788 15.80297 8.06088 38.18319 10.7771 0.03211 29.86532 9.42365 34.5958 10.94704 36.42807 15.73777 36.56561 14.85574 10.91349 24.70747 
1000.0 18.79627 22.85655 31.01781 0.0 20.64219 33.06566 14.57757 17.16087 10.83289 19.52497 13.60299 0.0 13.87302 23.32903 35.97147 21.72681 25.01262 30.12211 10.27125 0.0368 33.67979 26.03911 28.40403 39.68026 28.72203 8.69631 28.30567 38.39203 20.04132 28.99657 
1000.0 36.45165 26.23491 26.17527 0.0 18.71957 22.66731 22.45737 12.36411 10.25236 20.9667 27.63118 0.0 17.6286 34.80375 20.36126 22.30692 30.40703 32.36017 20.0761 0.03683 13.69961 20.62722 19.02365 16.38823 19.3978 33.73071 33.66687 38.20834 29.83055 33.07638 
