1000.0 1000.0 1000.0 1000.0 1000.0 1000.0 1000.0 1000.0 1000.0 1000.0 1000.0 1000.0 1000.0 1000.0 1000.0 1000.0 1000.0 1000.0 1000.0 1000.0 1000.0 1000.0 1000.0 1000.0 1000.0 1000.0 1000.0 1000.0 1000.0 1000.0 1000.0 
1000.0 11.59419 22.50111 30.48515 0.0 13.17367 34.75144 39.64263 42.4437 23.58791 20.40307 21.76336 0.0 41.50911 17.21935 10.15164 11.18207 32.98717 16.68252 16.07453 0.01692 35.43307 19.79252 27.0165 26.23439 12.72173 16.52736 27.57046 20.11008 37.56938 11.85242 
1000.0 36.96978 28.20449 9.83689 0.0 41.07222 37.34175 42.86113 29.71898 40.62417 17.50134 27.49876 0.0 34.12806 38.39294 21.54979 34.0347 19.09735 40.58241 34.42914 0.01091 28.49892 30.01225 14.42381 26.07311 30.74057 29.22072 8.94459 25.76413 26.22261 18.97019 
1000.0 40.36718 37.47356 31.87359 0.0 18.07708 33.59722 14.07806 37.48705 22.3334 11.41842 13.00648 0.0 14.82581 38.49028 30.13565 36.40727 31.76773 19.69753 20.58276 0.01299 39.92719 18.52045 11.99683 9.27641 37.92749 17.30053 14.44639 37.75084 34.99941 13.9602 
1000.0 0.0 0.0 0.0 33.47167 0.0 0.0 0.0 0.0 0.0 0.0 0.0 10.99533 0.0 0.0 0.0 0.0 0.0 0.0 0.0 0.0 0.0 0.0 0.0 0.0 0.0 0.0 0.0 0.0 0.0 0.0 
1000.0 22.91315 37.0882 23.7397 0.0 10.49156 15.9114 36.42634 16.7271 33.41598 27.69469 39.93877 0.0 28.95139 18.1466 16.0867 29.4843 39.79655 28.15462 15.63315 0.03669 19.30097 21.9385 20.23434 37.38756 40.92933 36.97035 31.68387 41.37897 24.374 18.19171 
1000.0 28.98033 32.84282 13.50827 0.0 29.50398 29.45551 17.32688 35.3431 25.60692 28.80672 38.80101 0.0 38.45192 30.02514 16.81343 35.59119 28.38812 9.38195 19.83251 0.02134 12.14331 27.92937 42.28629 18.5631 12.14887 29.68611 20.76902 12.75377 13.40678 14.09655 
1000.0 40.08023 40.18919 11.19661 0.0 16.39834 21.5398 12.52295 18.85392 29.18814 31.96683 19.70234 0.0 8.77141 39.64643 19.62663 14.3147 25.73611 31.299 32.81508 0.01342 18.34595 33.04737 33.29259 35.63343 34.50618 35.05758 10.75436 11.01561 28.31805 23.70529 
1000.0 38.08482 31.1632 35.39452 0.0 19.41142 17.18833 14.56606 29.16637 18.4382 20.66464 42.80915 0.0 16.84803 11.90273 22.81548 10.54468 38.21339 17.26922 22.94414 0.04019 36.84698 22.47027 32.6496 41.4812 13.62269 18.17112 25.71282 18.43132 24.34841 39.1234 
1000.0 9.67535 42.28129 26.58587 0.0 41.80433 41.74828 33.85837 42.13603 13.35604 10.58789 36.82227 0.0 21.81802 27.04467 37.58513 10.51176 19.81936 38.39157 25.49894 0.04092 36.07009 30.80348 21.49064 21.94198 38.81501 16.00191 14.72277 38.92638 36.06473 19.20639 
1000.0 24.89372 31.79124 15.41339 0.0 14.18105 13.38345 30.67206 27.09833 24.98074 13.39865 25.74501 0.0 10.25013 24.11429 40.72756 27.6265 25.94068 25.50779 35.50216 0.01462 24.83622 23.5471 27.05171 17.14237 10.85185 12.82993 27.48668 13.27251 9.85303 28.67588 
1000.0 27.76606 22.6078 18.4804 0.0 38.40731 11.50651 23.99257 14.80208 21.64291 42.854 32.31069 0.0 11.3847 42.9583 32.6276 12.65685 9.10401 31.15627 10.14044 0.03522 14.42839 20.85346 25.95064 15.68953 33.73327 10.78822 30.19977 21.47968 38.63845 15.96544 
1000.0 0.0 0.0 0.0 41.31762 0.0 0.0 0.0 0.0 0.0 0.0 0.0 34.18609 0.0 0.0 0.0 0.0 0.0 0.0 0.0 0.0 0.0 0.0 0.0 0.0 0.0 0.0 0.0 0.0 0.0 0.0 
1000.0 24.57609 35.24727 29.58793 0.0 29.47083 35.37895 34.93647 41.92134 30.89741 28.01172 19.18852 0.0 21.83495 16.62287 41.08445 41.02006 37.50852 10.09939 13.74221 0.04082 36.4692 17.978 16.35662 32.45446 14.57937 40.25241 9.17045 22.55028 26.60564 32.99523 
1000.0 24.41459 12.576 40.33865 0.0 21.77522 40.24831 27.19314 25.97565 24.84077 16.76192 12.98532 0.0 40.92769 37.38007 19.53527 23.62198 18.12976 39.60872 42.48972 0.01008 11.44647 40.04922 9.42076 27.87192 25.1855 20.8087 25.57938 23.69008 39.18021 17.58443 
1000.0 11.05909 36.0441 19.57607 0.0 33.21426 10.23988 26.29778 11.67034 24.08316 39.95498 13.8763 0.0 24.95995 38.6214 30.47432 41.00534 34.7443 22.95919 15.57725 0.02028 29.08384 17.63509 37.33028 14.01699 29.83307 32.21715 15.25398 28.20067 22.49986 37.04995 
1000.0 22.73179 11.5117 29.99267 0.0 39.08725 39.30048 31.9102 14.97655 20.96455 36.77057 36.52367 0.0 41.96906 17.76073 15.24952 32.5455 30.05683 17.71967 11.75029 0.03864 40.19002 14.28942 17.8583 36.55481 9.62171 23.33105 13.34392 19.5037 41.46339 26.22029 
1000.0 14.69795 30.60398 15.92326 0.0 42.73827 12.4599 8.96036 25.51609 29.40415 18.75206 10.44835 0.0 12.82986 28.6012 36.1856 39.45486 35.68441 30.52764 19.67914 0.03018 17.11663 21.93167 38.52791 29.96939 22.4867 10.60646 39.64671 41.30666 26.39685 32.4897 
1000.0 20.09567 15.9837 23.26795 0.0 28.54714 27.60525 41.59562 28.9437 42.80659 30.95337 10.09376 0.0 39.66611 41.28373 37.90411 21.6924 13.95505 15.12807 38.88734 0.01559 36.41985 31.77866 14.9645 9.70311 12.18031 37.18365 41.51494 9.6132 39.9885 28.98986 
1000.0 16.03759 35.4961 8.76799 0.0 34.4906 11.40481 31.02023 39.20087 34.1882 9.06349 9.7425 0.0 17.07918 39.91732 38.58397 23.81711 19.254 24.01738 20.49848 0.04146 26.92762 34.15717 12.73344 35.41218 17.26537 20.32922 37.58923 40.18282 33.2231 37.68479 
1000.0 0.13442 0.16072 0.04038 0.0 0.09323 0.15748 0.15613 0.06858 0.05014 0.09266 0.07017 0.0 0.08204 0.05078 0.16149 0.11573 0.07338 0.08573 0.15912 10.75351 0.042 0.14238 0.13271 0.07342 0.13841 0.04999 0.0912 0.10297 0.13586 0.15603 
1000.0 28.31694 10.95666 23.90045 0.0 11.40658 40.05652 36.54724 38.02252 34.23311 13.48491 42.97643 0.0 16.35931 10.45418 17.20272 29.48377 42.34616 15.11933 11.51684 0.04077 24.82749 37.6173 20.84152 18.78313 27.44295 29.31912 18.17378 38.45753 15.65543 35.06569 
1000.0 11.3406 31.44945 18.74209 0.0 36.69446 42.48418 19.31019 22.65532 9.89309 16.22526 8.89602 0.0 35.72796 30.81636 29.12524 29.19239 23.41535 17.7063 41.20181 0.01415 29.34199 29.18159 32.04758 15.41613 14.71093 33.65341 37.90087 17.93262 18.06947 12.29735 
1000.0 37.27893 39.38099 31.95171 0.0 20.00008 13.06167 34.19646 37.63471 19.26428 35.61517 11.60978 0.0 39.80366 12.60039 11.67654 39.29758 14.95892 22.89276 10.78157 0.02714 30.28021 28.38725 23.14362 38.62848 24.47448 36.57402 35.33001 22.95582 36.4971 31.10787 
1000.0 32.53783 13.0724 19.56157 0.0 37.20585 35.11396 30.68941 21.09271 40.42106 19.54569 16.17275 0.0 22.84863 31.61861 35.65599 39.51979 15.49544 17.28421 33.36948 0.03887 30.50009 25.19403 33.45205 27.00676 24.75094 21.45783 14.90991 40.95088 35.8368 34.15642 
1000.0 36.8408 40.31283 12.23559 0.0 30.28524 9.26536 11.69654 39.92804 36.70637 19.01556 39.1913 0.0 17.95409 12.46435 22.20367 40.57339 32.94344 10.55462 39.75724 0.02166 22.28791 29.05518 38.25043 14.17684 41.82004 36.87199 33.96802 15.07734 29.60891 11.23748 
1000.0 13.29895 40.25737 39.44838 0.0 15.03428 42.76308 27.50264 35.09125 21.29952 14.28141 27.98041 0.0 11.10399 33.98777 9.66277 19.61677 33.86258 8.80291 24.83814 0.02887 10.72136 35.73337 25.85324 41.2371 10.89614 37.45631 16.49344 39.5626 41.23753 33.00942 
1000.0 31.72743 35.49107 41.00605 0.0 29.9883 32.70754 38.50633 31.05764 34.873 37.87461 38.67142 0.0 14.57712 12.70353 42.4498 42.62093 41.33545 35.81285 19.54571 0.04507 20.59417 39.09676 29.51758 14.76245 22.30385 31.12053 29.43725 33.76224 11.44796 16.54054 
1000.0 41.27335 18.33432 17.62774 0.0 39.4381 25.20436 33.48589 42.32072 13.91511 28.16606 38.97199 0.0 43.00062 42.5914 41.17342 16.41766 16.33026 38.51827 26.55658 0.02655 30.73929 41.62966 10.03145 15.93174 41.01558 24.77007 10.87703 26.07158 23.55606 33.48116 
1000.0 21.13598 18.4809 10.6264 0.0 13.28175 34.27905 32.5355 37.26707 23.70422 18.5239 24.08649 0.0 40.62251 42.01461 27.21614 40.37649 21.25428 10.52969 31.25433 0.01837 22.75703 21.77065 12.60583 14.27751 22.61436 42.6776 23.97954 40.6021 15.35954 39.4895 
1000.0 31.89845 42.24012 36.4885 0.0 14.43304 35.32615 24.51935 33.73777 9.34137 8.80217 26.50079 0.0 25.01106 25.31762 21.24348 13.50729 36.17076 9.21963 19.44118 0.02897 18.20175 37.19515 11.64948 26.28887 41.28201 26.07935 30.19821 26.7785 9.68866 19.90913 
