1000.0 1000.0 1000.0 1000.0 1000.0 1000.0 1000.0 1000.0 1000.0 1000.0 1000.0 1000.0 1000.0 1000.0 1000.0 1000.0 1000.0 1000.0 1000.0 1000.0 1000.0 1000.0 1000.0 1000.0 1000.0 1000.0 1000.0 1000.0 1000.0 1000.0 1000.0 
1000.0 33.8126 10.02239 19.3799 0.0 14.12385 18.35779 14.84388 23.26984 17.83362 9.74381 8.56983 0.0 16.10489 11.7608 29.42504 29.22857 24.66447 9.97047 13.63643 0.01642 27.72312 31.33742 18.63665 27.75873 14.75402 17.20506 18.86821 7.53954 19.68993 34.17905 
1000.0 31.41592 29.50354 20.38701 0.0 28.68157 26.059 7.35952 14.08966 11.54275 10.81304 20.42265 0.0 18.62036 10.682 23.29561 11.96068 22.13217 31.31579 19.37439 0.00915 14.77042 20.80457 11.34236 31.17729 9.67167 12.1471 7.44674 10.42162 10.21004 18.49878 
1000.0 23.40445 21.81702 11.77591 0.0 11.29807 16.69584 19.27775 34.21693 7.32432 29.6451 28.42571 0.0 29.23554 34.11487 33.36398 19.03281 16.67207 24.59047 19.6942 0.03387 20.78066 25.33127 15.24254 13.44799 33.64257 28.1561 18.27761 8.54228 33.30656 18.09668 
1000.0 0.0 0.0 0.0 9.45134 0.0 0.0 0.0 0.0 0.0 0.0 0.0 30.49251 0.0 0.0 0.0 0.0 0.0 0.0 0.0 0.0 0.0 0.0 0.0 0.0 0.0 0.0 0.0 0.0 0.0 0.0 
1000.0 22.09285 23.84605 8.91724 0.0 13.71803 30.58822 28.58322 20.03252 27.15208 13.97859 25.02911 0.0 19.56593 9.56403 11.47221 12.52599 15.05507 15.59898 13.02504 0.01588 21.66188 9.91472 16.17791 11.47879 20.25192 17.31123 7.74105 24.03379 14.20282 10.82319 
1000.0 21.52529 13.13511 22.35842 0.0 21.53587 25.72821 12.90626 22.91736 30.31157 24.90742 26.34558 0.0 23.70165 29.20747 32.91902 30.92583 13.74152 11.20612 17.791 0.02376 31.92394 10.37985 20.71632 12.9329 23.70361 32.7531 31.21728 9.93574 9.75744 19.12102 
1000.0 10.41555 8.87085 20.08111 0.0 9.54901 27.15249 28.8456 11.29117 26.71286 27.76634 22.53824 0.0 33.9656 31.38391 20.288 23.20851 9.90468 13.43129 25.72067 0.03769 16.23276 12.92333 32.92257 8.87423 31.07417 25.7638 22.95341 9.09278 7.93263 21.66669 
1000.0 16.96038 15.47567 11.07966 0.0 14.66961 26.76698 27.3801 15.79907 22.61703 11.75829 23.32104 0.0 21.53914 19.6973 34.31794 11.94587 34.15465 29.54302 29.01102 0.03652 31.73948 6.92836 20.59057 30.6102 23.33472 30.49393 29.41915 11.34083 11.28347 7.13109 
1000.0 28.78635 10.02526 8.80229 0.0 26.78944 23.42024 22.83215 20.99277 7.05918 12.77233 15.21524 0.0 19.61354 8.3292 17.64749 8.4639 13.99055 19.40729 32.18004 0.01552 32.24154 18.98558 24.29275 13.53201 9.21769 31.83376 20.11771 8.61081 32.73366 17.13717 
1000.0 14.01252 21.6344 15.65816 0.0 31.70721 11.54241 20.00628 32.68273 11.8297 29.51265 33.20196 0.0 15.75762 8.78081 17.51003 30.45968 8.22925 12.71409 12.7397 0.01061 9.01242 33.82058 25.54959 7.67067 7.39533 31.68425 9.15514 10.66611 25.00129 12.54287 
1000.0 27.09249 15.99894 28.1894 0.0 11.85151 15.73797 9.00477 27.67709 19.92668 31.73164 28.06842 0.0 23.4271 11.89079 23.0539 30.66798 27.856 26.6344 29.65882 0.02245 15.58857 27.50819 27.81519 33.10165 34.22761 22.95991 30.64084 8.3511 29.13545 17.29272 
1000.0 0.0 0.0 0.0 16.75277 0.0 0.0 0.0 0.0 0.0 0.0 0.0 11.6457 0.0 0.0 0.0 0.0 0.0 0.0 0.0 0.0 0.0 0.0 0.0 0.0 0.0 0.0 0.0 0.0 0.0 0.0 
1000.0 29.90842 20.98295 10.56658 0.0 22.41979 26.51951 20.79906 15.81585 29.57727 29.88813 24.73042 0.0 20.25835 28.72386 17.41575 11.68995 17.03685 32.62998 29.75727 0.01001 8.62743 14.07858 27.1123 28.14197 12.29245 9.67815 30.445 24.11033 27.8605 17.90884 
1000.0 29.29881 7.35492 11.27698 0.0 11.24095 19.79252 30.84335 20.32174 29.14705 10.60973 14.6629 0.0 9.21824 9.8784 23.48 26.0048 33.26846 26.83569 14.90306 0.0398 8.13063 31.7833 10.44447 13.8655 14.61384 8.20701 21.00019 14.50369 13.46991 13.95946 
1000.0 26.96089 14.1885 13.78193 0.0 7.08923 31.74294 32.17386 33.83589 17.85877 28.19372 30.89621 0.0 20.41652 14.25277 10.71375 10.3515 20.45842 24.66277 33.21705 0.01263 32.952 14.1899 16.35412 27.92243 8.72096 16.6661 12.0231 17.54777 11.45142 33.44031 
1000.0 13.755 15.68041 26.8658 0.0 31.64403 24.09433 27.15485 16.64101 33.02321 8.75853 24.51383 0.0 27.98096 22.59624 32.77025 7.17256 23.22943 28.05464 8.56962 0.02675 8.48957 18.78006 13.43191 13.38151 16.29605 28.49335 13.81119 19.1135 23.87561 7.95592 
1000.0 8.82954 32.95868 8.719 0.0 14.36649 28.91948 12.72541 27.76678 15.75579 32.31828 32.47025 0.0 32.52261 22.65972 27.51488 30.94882 25.7802 28.33707 22.58601 0.03498 15.98374 27.62655 18.82355 16.14261 24.77955 14.55336 11.0438 31.78332 23.87764 25.36366 
1000.0 20.66596 20.88567 20.01638 0.0 22.66176 19.47634 15.14452 22.9361 32.24621 9.19388 26.52004 0.0 9.88174 14.43605 12.1609 7.10508 9.3836 26.82738 8.86268 0.0229 10.96298 26.57462 7.33952 17.5255 25.4324 11.60319 19.00963 27.71494 19.03843 24.54374 
1000.0 15.4113 25.99208 19.76467 0.0 7.47336 33.10858 16.085 7.39084 29.48156 26.18943 23.6322 0.0 17.08659 8.13914 30.70596 8.09815 24.99312 22.63201 34.09881 0.03586 16.29891 25.26149 33.27917 28.01426 26.70872 28.00695 27.61708 22.47189 26.47019 11.23075 
1000.0 0.05784 0.16064 0.07754 0.0 0.08745 0.11209 0.14675 0.15458 0.10808 0.15288 0.06393 0.0 0.11085 0.08127 0.12037 0.08344 0.14994 0.16363 0.04215 33.24811 0.03459 0.15393 0.07369 0.07529 0.03625 0.08264 0.03332 0.14281 0.08705 0.06262 
1000.0 24.07858 32.03361 12.03201 0.0 17.25802 26.89315 25.8539 17.97474 32.9861 17.00646 10.73361 0.0 17.56742 25.02673 17.5615 31.8276 23.14721 14.64808 16.85278 0.01 11.95269 30.78122 25.72421 33.56073 23.80374 15.86021 10.1724 31.15022 16.91712 7.65435 
1000.0 9.34015 16.21674 13.40785 0.0 28.55671 26.27786 31.6102 8.5546 17.92097 33.09086 33.71795 0.0 13.74906 23.34744 8.09585 30.26619 13.28963 17.70731 25.87003 0.00837 26.30661 27.10972 8.05799 21.53233 23.92543 13.07235 15.41855 28.51083 8.75185 20.71019 
1000.0 12.69795 22.43109 13.76335 0.0 27.5065 12.13275 9.61049 30.87235 21.84146 26.57338 14.93126 0.0 22.72238 22.11851 25.32647 26.11787 30.52821 17.60762 26.63244 0.02634 9.88383 23.23162 7.16454 9.101 13.01177 25.8747 24.41952 9.08729 12.59714 22.46177 
1000.0 19.02697 24.47488 17.7449 0.0 15.70672 33.49938 16.96496 19.47893 31.94059 22.10782 25.89838 0.0 31.12373 32.89123 24.99725 14.78605 15.24808 12.91196 9.48664 0.04039 20.1086 15.0901 23.35247 29.13748 12.88162 31.23339 18.24398 33.95742 25.88604 16.86167 
1000.0 32.73536 29.14732 9.68498 0.0 25.711 18.08436 13.46318 24.19559 32.33134 8.47183 15.79856 0.0 14.65531 12.00597 15.28076 15.10496 23.41146 18.37468 24.12381 0.01029 30.57932 15.70252 24.37047 9.03878 27.14384 24.50023 19.63183 32.83667 7.38711 28.71289 
1000.0 23.01045 15.0782 23.38595 0.0 16.02933 18.19679 26.98577 11.79719 27.55048 18.20354 30.07303 0.0 29.99398 28.11463 28.16242 12.882 33.15455 12.22679 20.1883 0.0361 32.74003 26.6844 8.91739 15.34139 13.09429 26.0569 21.06907 26.22045 21.16004 19.9644 
1000.0 30.9761 23.19253 24.71085 0.0 8.43995 30.51845 24.82079 31.12541 15.1282 13.56133 12.05174 0.0 7.97552 24.07911 31.35016 15.6325 25.0648 24.07932 10.39528 0.01893 13.6098 33.26781 32.64472 8.6021 18.94988 30.13441 25.05267 14.46829 17.75049 27.26541 
1000.0 11.24203 26.2061 27.12177 0.0 18.14626 27.35551 30.01712 31.28541 28.71297 8.06617 13.47465 0.0 33.96297 26.93271 21.76247 28.42531 15.04808 27.74551 18.56686 0.03434 18.20044 29.65741 33.71348 31.22063 31.33392 28.12945 21.11954 26.7151 21.48254 32.86518 
1000.0 13.14203 19.12337 8.58542 0.0 30.23025 16.60895 21.88796 21.02925 14.57923 14.11785 13.3465 0.0 19.39739 27.30612 25.69209 10.75068 23.34079 18.89986 33.29815 0.03286 7.23381 21.13627 30.23752 32.92388 28.73272 10.14111 15.1067 17.9697 20.52738 29.13028 
1000.0 15.6654 8.32864 20.65688 0.0 19.82904 22.21283 32.33013 14.2875 12.58814 23.38203 19.25524 0.0 26.20507 24.4238 26.34671 34.21357 16.39354 30.9661 30.90882 0.01915 7.27477 9.7482 17.49462 16.75019 24.49528 16.15173 17.70245 11.46752 29.35455 28.44643 
