1000.0 1000.0 1000.0 1000.0 1000.0 1000.0 1000.0 1000.0 1000.0 1000.0 1000.0 1000.0 1000.0 1000.0 1000.0 1000.0 1000.0 1000.0 1000.0 1000.0 1000.0 1000.0 1000.0 1000.0 1000.0 1000.0 1000.0 1000.0 1000.0 1000.0 1000.0 
1000.0 31.711 34.8324 7.52702 0.0 14.74009 23.16793 22.00458 21.79743 10.07235 16.50273 13.79956 0.0 26.82303 7.44181 16.41582 9.88472 19.50139 16.62241 22.61403 0.0271 26.30261 34.88501 22.02308 8.9734 8.8353 29.93761 17.86804 23.01188 20.71708 19.22353 
1000.0 33.78846 22.74542 20.36494 0.0 21.88031 30.07875 22.31888 30.37821 23.58779 14.73505 19.21223 0.0 8.40169 14.55979 8.09058 27.87936 12.58896 18.99097 22.96491 0.02391 19.9825 23.33054 28.59332 25.99604 30.45497 34.26629 31.71386 25.55872 33.67648 7.76604 
1000.0 14.34576 18.84393 29.38895 0.0 23.56491 28.06736 34.05515 21.53631 18.01156 20.62844 20.01067 0.0 16.16309 8.32817 30.57003 23.78557 10.0318 10.40207 35.45781 0.03167 13.966 21.7723 8.95978 16.28395 12.31335 20.61242 10.81272 25.05011 20.28731 24.54359 
1000.0 0.0 0.0 0.0 9.72575 0.0 0.0 0.0 0.0 0.0 0.0 0.0 30.9481 0.0 0.0 0.0 0.0 0.0 0.0 0.0 0.0 0.0 0.0 0.0 0.0 0.0 0.0 0.0 0.0 0.0 0.0 
1000.0 35.70151 19.42268 12.61581 0.0 8.10541 16.7055 27.58455 26.41927 30.13721 31.45727 27.68476 0.0 35.59749 35.39831 25.90482 26.43087 28.31164 7.24713 8.5371 0.03602 15.71772 13.86054 34.38564 13.18867 15.49157 21.0461 15.79249 7.75605 17.50168 14.69182 
1000.0 24.61341 21.16628 23.82518 0.0 29.33285 22.26655 31.0687 24.78361 29.35434 27.42777 19.29233 0.0 16.05518 20.83109 26.90949 26.04818 24.14612 11.61254 9.25039 0.02101 33.57863 34.95311 10.34952 22.41474 35.02866 21.18327 34.0331 20.69642 22.2129 33.11047 
1000.0 32.71752 20.26807 9.60011 0.0 32.83299 11.89792 31.97146 12.40202 7.4908 10.11896 23.47408 0.0 13.84711 20.03431 29.50961 15.63654 17.52441 31.56646 31.87489 0.03833 22.65725 23.32771 24.8159 24.86377 8.70728 8.83014 25.62969 18.30101 9.06644 29.689 
1000.0 9.07928 15.67365 9.1115 0.0 15.97071 23.52643 11.819 15.96014 11.55382 16.01532 21.47616 0.0 17.04306 25.45715 21.81795 9.93547 13.87251 26.19377 24.85946 0.03967 24.05762 33.04124 31.53376 30.78106 30.35864 34.96363 24.06893 13.72748 26.78751 29.08929 
1000.0 14.69846 12.37399 19.65059 0.0 29.71644 21.30689 12.71904 10.70724 15.09136 35.80608 29.99045 0.0 13.29761 29.35368 13.77636 14.1524 17.75337 35.11561 34.63695 0.00942 14.74135 12.08603 16.43126 35.70133 18.39479 30.11711 34.32723 9.00855 22.09784 13.62245 
1000.0 11.63919 35.59123 11.61895 0.0 25.45026 22.50401 33.69014 28.87605 33.6543 23.97215 17.19521 0.0 21.06943 12.87365 22.69332 11.04541 17.05257 14.8813 25.07676 0.02863 12.32814 20.45997 20.02575 29.7301 14.36838 25.51055 28.62831 23.86344 16.14042 13.64969 
1000.0 11.5759 35.12423 16.7766 0.0 23.71255 22.00848 24.61967 26.33022 8.27832 10.59635 34.8495 0.0 12.6755 33.24313 18.69948 35.70211 23.13849 16.97323 8.72487 0.0416 22.31275 20.44225 16.75727 34.16844 14.53187 17.44072 32.19323 11.68644 13.02721 13.9845 
1000.0 0.0 0.0 0.0 15.69558 0.0 0.0 0.0 0.0 0.0 0.0 0.0 13.54325 0.0 0.0 0.0 0.0 0.0 0.0 0.0 0.0 0.0 0.0 0.0 0.0 0.0 0.0 0.0 0.0 0.0 0.0 
1000.0 25.48814 11.03968 17.19351 0.0 8.53983 11.04593 23.19941 30.95763 28.61691 32.45985 34.05123 0.0 31.7881 22.64805 13.95594 21.99784 30.91522 27.18113 27.65656 0.03001 34.94209 14.07623 17.99032 7.40845 28.23185 15.00861 17.88464 11.33458 26.78431 7.43345 
1000.0 11.2137 28.86405 9.1558 0.0 24.24894 15.29758 19.66276 19.0719 35.80451 28.71594 27.23493 0.0 17.89492 34.29574 26.62988 23.51858 34.60912 11.50488 22.20769 0.01977 25.77673 12.39465 29.82397 34.39161 8.69783 32.26297 18.11404 23.74792 8.07596 33.03442 
1000.0 27.98207 34.67865 29.72823 0.0 7.4244 20.64645 28.29234 17.96785 35.78015 11.72018 8.91172 0.0 18.17773 8.95603 25.43057 30.65081 30.20879 31.06317 11.92293 0.01568 20.19002 16.45348 29.3254 32.64552 34.30568 25.8029 33.94017 10.72366 32.26136 22.49505 
1000.0 11.71009 26.04512 18.84286 0.0 14.22429 32.04216 32.25235 10.96273 25.42447 25.77059 28.08842 0.0 26.09429 17.24397 11.34265 7.75793 33.02581 13.49542 35.67537 0.02424 29.99398 8.69957 34.48922 24.07462 29.08244 18.17526 27.22131 16.86712 31.70017 18.90536 
1000.0 25.63056 25.45281 9.44728 0.0 30.75362 7.8373 12.45596 27.32483 13.23885 8.38349 30.6258 0.0 19.31092 32.24596 9.37922 8.27168 22.02493 10.93172 34.30651 0.01176 32.40738 19.33427 20.18459 26.35199 8.06961 13.2799 30.22418 35.09435 28.27865 21.03365 
1000.0 19.82982 24.27063 20.90306 0.0 33.16955 22.16851 10.48179 31.71711 24.24153 26.41212 19.48083 0.0 28.05554 17.60812 9.66699 20.91566 25.7048 21.54214 32.89884 0.03605 32.63677 33.1936 22.6889 25.07585 32.76533 11.55133 28.00401 23.91291 17.63119 7.56173 
1000.0 15.51113 22.61503 28.82404 0.0 22.32033 31.61994 30.33208 34.39747 14.76541 35.73264 21.37688 0.0 34.18536 24.95056 35.72987 20.99047 33.86438 18.12741 22.56241 0.01762 20.3016 13.47689 28.32787 26.815 13.48176 8.01845 29.41496 13.34158 18.80406 10.20446 
1000.0 0.14716 0.05289 0.15524 0.0 0.06022 0.1094 0.1694 0.12824 0.16267 0.14202 0.07662 0.0 0.04268 0.05203 0.11059 0.11101 0.14117 0.03789 0.05132 14.90108 0.16201 0.12808 0.09751 0.13473 0.1274 0.05201 0.07586 0.06045 0.15004 0.09578 
1000.0 27.77894 20.12717 30.86153 0.0 19.69023 30.83914 21.87149 15.75868 25.14373 20.32011 27.07686 0.0 26.51159 23.86592 33.31745 22.49699 7.22776 33.6649 26.80286 0.00943 35.3188 15.57557 17.1946 18.06198 12.22242 24.06897 14.50865 23.39543 12.74801 35.83713 
1000.0 26.7364 8.22493 27.00857 0.0 31.4478 22.3847 32.00195 33.13507 30.71877 11.53604 20.0552 0.0 34.03512 20.23088 26.33507 28.87127 33.65546 11.09598 9.26952 0.03034 18.52334 8.25916 25.84784 32.27158 11.75237 9.8447 28.70149 21.70954 16.51826 22.40867 
1000.0 25.92011 12.65583 28.81594 0.0 11.42995 30.02332 11.64102 34.97499 28.30741 33.96767 10.94845 0.0 26.09665 18.49291 29.44027 18.59499 16.04894 35.41296 21.34001 0.02107 35.23899 11.48313 16.54538 19.39259 17.2471 18.981 8.03179 22.48707 32.69102 17.78035 
1000.0 30.49013 9.70508 17.80606 0.0 13.63265 30.32219 22.72723 23.70738 21.37699 12.30553 14.56271 0.0 8.99643 19.18971 22.44943 22.83645 31.18407 16.07518 8.97247 0.02997 30.75349 17.67122 9.50604 34.39195 20.33673 12.76372 25.20052 18.81341 15.39754 29.54937 
1000.0 28.9665 17.79766 26.10325 0.0 10.88923 32.71101 16.16157 22.1992 29.88354 33.95822 35.08762 0.0 13.95837 34.69732 29.35456 14.55706 28.71481 8.16795 22.95944 0.01708 12.7012 8.08894 21.74112 27.80254 34.22107 33.01849 8.43347 27.80876 15.44808 35.87731 
1000.0 12.26855 25.62603 27.41761 0.0 21.02804 23.46717 28.25129 29.57628 24.32137 14.23913 9.62559 0.0 20.35188 7.84727 11.65485 19.66203 22.98204 17.88218 31.73671 0.02077 31.65485 13.4115 28.42902 24.00263 15.49782 33.46913 34.2807 14.78221 16.3843 22.98422 
1000.0 8.73478 16.63428 18.65992 0.0 34.88228 31.67077 8.84019 24.95449 10.7833 21.98696 27.00834 0.0 34.10057 26.18994 29.08964 23.26029 26.35834 26.28464 16.06292 0.03075 21.9163 27.07739 21.99436 24.42704 11.94776 29.29852 10.4552 26.44304 11.49031 18.19507 
1000.0 15.60683 34.57457 34.33501 0.0 18.2643 32.83627 34.13194 19.58501 18.71399 22.75945 13.93704 0.0 26.27328 32.13841 33.51002 28.36747 27.77636 21.70067 16.32092 0.02588 33.11938 32.08612 16.21944 14.28483 20.19276 25.55103 15.81706 10.49795 18.78035 30.26803 
1000.0 30.0596 10.62612 19.72831 0.0 34.74925 18.31463 11.84583 21.99644 13.68836 9.1371 14.4725 0.0 11.33649 30.87846 15.81913 27.94615 22.61441 31.26046 16.63477 0.02889 13.46295 21.79208 14.66002 13.71504 24.97726 7.70025 21.19605 18.92463 11.38615 11.4156 
1000.0 26.26011 30.18507 10.08796 0.0 33.38245 30.77967 28.42598 25.26134 20.89234 35.54343 19.48321 0.0 21.40017 30.68881 33.88148 13.15535 22.794 24.2661 9.73386 0.02835 32.3909 35.14498 30.01072 31.48795 15.47738 28.00688 13.59537 16.71062 29.39875 21.62363 
