1000.0 1000.0 1000.0 1000.0 1000.0 1000.0 1000.0 1000.0 1000.0 1000.0 1000.0 1000.0 1000.0 1000.0 1000.0 1000.0 1000.0 1000.0 1000.0 1000.0 1000.0 1000.0 1000.0 1000.0 1000.0 1000.0 1000.0 1000.0 1000.0 1000.0 1000.0 
1000.0 11.03878 39.42223 12.83189 0.0 15.83477 38.61487 34.50854 27.82673 15.00405 29.00138 23.49879 0.0 23.44452 36.99156 19.10091 17.65783 34.91651 15.0443 28.65389 0.04487 39.71707 8.60089 37.12231 12.76009 26.41651 28.99119 28.10216 15.30118 18.31343 26.55739 
1000.0 18.86742 26.53746 39.70816 0.0 8.27951 22.11097 24.22522 26.44974 15.38584 24.47917 18.34096 0.0 20.79976 32.2068 17.09806 38.06669 11.17632 25.90832 9.91165 0.01081 34.61618 24.30302 22.30233 33.64745 35.58707 25.66573 26.99277 13.16907 19.7984 9.64203 
1000.0 14.69932 34.22737 27.31401 0.0 8.63365 38.3421 9.37767 36.88987 19.16802 15.70739 8.83298 0.0 18.49782 15.29746 13.82645 29.41125 14.81386 17.45256 12.83599 0.01693 36.19385 28.53416 38.99735 29.83794 14.77367 21.53859 9.43446 26.04262 26.96684 12.36716 
1000.0 0.0 0.0 0.0 32.67533 0.0 0.0 0.0 0.0 0.0 0.0 0.0 16.05642 0.0 0.0 0.0 0.0 0.0 0.0 0.0 0.0 0.0 0.0 0.0 0.0 0.0 0.0 0.0 0.0 0.0 0.0 
1000.0 11.19981 29.61273 37.05543 0.0 26.09104 26.01139 18.84955 23.64529 23.86191 32.51188 16.09478 0.0 33.24122 27.43131 20.67058 27.43805 14.99158 27.41575 29.63438 0.02802 21.99063 35.06234 19.03514 12.27053 37.94047 9.24003 21.46373 26.74028 20.37146 28.96371 
1000.0 28.46656 19.78492 22.3637 0.0 13.90859 12.58878 21.54841 25.27136 28.69136 37.7819 17.56786 0.0 26.929 9.88066 20.70775 39.72196 14.58047 36.68363 28.11027 0.01168 39.21514 30.53188 19.77354 19.37011 11.93825 24.64826 20.44459 36.29171 16.64229 33.68659 
1000.0 15.35395 15.8568 40.46325 0.0 31.57941 40.19006 22.04674 8.55964 38.07165 25.4427 10.27872 0.0 39.63539 12.83362 10.1705 36.50371 30.22069 20.54847 36.09257 0.01284 22.54985 27.67918 14.38149 23.43666 10.22246 39.45364 31.50433 10.8773 25.18964 34.39953 
1000.0 26.77507 30.51516 18.7205 0.0 11.89678 33.67406 12.84042 8.66823 33.43578 30.80426 13.21835 0.0 33.77943 16.68741 16.10378 18.77138 38.55463 39.75324 12.49462 0.03899 32.15951 11.59662 28.10607 28.43939 38.53558 23.31638 15.37191 40.42808 20.42119 40.43649 
1000.0 22.77567 20.74056 30.94219 0.0 23.6166 10.31942 34.80459 19.81979 14.64482 28.37787 41.02008 0.0 14.82419 15.12405 36.96405 31.85587 14.6765 18.5648 9.51346 0.02188 18.96372 28.92256 26.55527 11.92873 30.29424 40.65754 14.37569 37.22839 38.55056 39.72952 
1000.0 22.28435 10.7339 15.83055 0.0 26.98668 38.21486 9.1317 10.64827 20.77702 34.48961 37.26633 0.0 17.09636 38.86359 20.4958 40.63829 14.56394 22.07944 22.43486 0.02744 21.85523 30.55685 8.73059 38.63081 32.08757 33.74972 27.62298 17.98022 14.63118 24.59611 
1000.0 38.37835 12.39175 29.23577 0.0 10.80998 40.47545 13.2902 16.67541 29.46708 23.37884 9.20147 0.0 21.29817 12.99492 27.5002 19.79343 20.70685 8.74565 20.73299 0.03061 15.09083 30.86854 15.6888 14.02528 16.9429 40.05123 12.77723 16.86954 35.90286 10.40661 
1000.0 0.0 0.0 0.0 28.15988 0.0 0.0 0.0 0.0 0.0 0.0 0.0 38.61865 0.0 0.0 0.0 0.0 0.0 0.0 0.0 0.0 0.0 0.0 0.0 0.0 0.0 0.0 0.0 0.0 0.0 0.0 
1000.0 28.95924 20.93547 20.53445 0.0 37.31977 39.67708 34.4266 16.09486 8.85243 15.75635 28.23227 0.0 19.05382 8.37497 20.6701 11.80435 27.43077 9.52289 34.54634 0.02473 29.44573 17.30177 29.23982 32.86168 21.772 9.58492 22.9004 11.8052 26.53171 11.27719 
1000.0 34.17427 33.21048 34.71199 0.0 24.12147 22.66175 25.72301 27.0775 32.76725 38.2868 36.77721 0.0 16.30668 31.09166 14.22823 35.76994 11.55306 18.02287 37.53085 0.03827 21.66519 9.27187 18.69762 29.05202 39.42468 8.28696 27.97269 34.5397 28.72672 26.23343 
1000.0 38.02889 19.89278 38.36367 0.0 38.00192 8.59213 23.19271 11.85317 10.96911 17.71523 24.47896 0.0 32.2288 26.11639 9.46583 27.49171 24.56398 31.97047 15.28477 0.03917 12.27076 19.97285 26.22592 12.25736 17.56999 17.51883 9.21089 19.77381 13.06614 37.63002 
1000.0 17.21859 36.64223 30.36002 0.0 24.14567 40.03897 19.54944 9.74865 12.95211 26.583 30.0513 0.0 31.34595 20.29284 34.47722 35.29082 31.13227 13.81479 15.97389 0.01581 20.53161 29.17423 38.41037 27.07893 20.55198 19.046 39.56727 18.87041 18.16162 23.76538 
1000.0 26.65763 16.16703 28.81626 0.0 23.92448 17.52298 13.90845 16.43296 16.05726 19.14926 10.42934 0.0 39.03035 19.80209 25.03609 31.97061 12.08371 23.84014 14.60076 0.04525 11.4831 21.54905 23.65191 35.05685 21.70779 28.58765 11.93183 22.08266 34.69162 20.99546 
1000.0 26.53215 9.51683 24.63073 0.0 26.31474 30.29955 28.2487 36.00145 16.13716 20.1973 23.0044 0.0 13.23812 36.68075 39.08379 12.39453 19.00692 27.9631 9.1012 0.02324 39.76267 29.12277 20.12603 34.6636 37.41378 17.662 14.10306 31.01033 16.0396 17.93104 
1000.0 22.08026 33.55306 16.11351 0.0 10.92557 23.1224 21.39348 40.88485 16.33595 33.78874 17.70863 0.0 16.36104 23.05733 16.38814 15.47682 12.56883 13.51544 13.61606 0.03382 29.4181 28.87583 15.1918 16.43375 31.00491 32.76855 34.12586 14.96442 33.99768 11.98259 
1000.0 0.10825 0.15191 0.16123 0.0 0.16871 0.16783 0.06334 0.1275 0.13124 0.15653 0.0559 0.0 0.16815 0.05094 0.11779 0.0537 0.0695 0.10517 0.12461 26.24248 0.13755 0.12773 0.11886 0.14961 0.15963 0.1799 0.10786 0.18007 0.06805 0.05892 
1000.0 20.99613 37.92753 13.40736 0.0 9.47709 16.60328 22.6245 10.09639 41.02866 13.65158 39.87006 0.0 12.1919 29.43785 34.43565 28.4979 36.10418 29.39014 32.98791 0.03349 40.3759 8.50654 36.74502 12.0774 25.07519 17.8222 16.71489 39.91878 38.53211 22.44687 
1000.0 16.63368 10.01581 32.31143 0.0 37.4341 9.29404 32.30191 31.8138 29.05646 9.76379 10.67565 0.0 32.10288 15.35668 36.20576 28.68009 40.06503 18.78584 19.64565 0.04203 23.5618 35.47489 31.34045 25.15765 25.46601 33.23897 21.04871 12.34146 25.38209 35.88251 
1000.0 22.76177 15.79055 39.85775 0.0 34.61113 11.71726 21.62327 36.95703 38.44028 21.21355 38.41734 0.0 21.68142 21.36707 22.5271 25.6472 24.71478 12.31784 16.34899 0.03856 17.474 32.79415 27.69653 25.55025 30.19868 9.48867 11.57641 23.77446 21.13929 23.50034 
1000.0 39.02861 26.46891 20.4331 0.0 26.68502 21.40589 34.46632 19.53577 21.23374 33.42555 24.78861 0.0 10.6027 35.77173 19.48088 23.80436 36.2178 23.7666 20.72004 0.04081 22.88441 9.27436 8.78768 40.30016 23.30988 13.26662 36.50028 27.25846 33.3321 36.26923 
1000.0 39.88993 26.96404 24.07724 0.0 21.51955 34.21478 16.03797 19.30088 12.61343 18.92067 13.71221 0.0 31.0319 20.95164 39.20353 14.51489 38.60443 20.37597 37.37968 0.04291 25.67872 38.64761 16.88731 27.21582 9.74019 10.59485 22.34321 34.34282 16.34153 23.62813 
1000.0 39.1626 40.65428 38.83736 0.0 14.44994 23.63925 40.01849 17.84817 25.4795 20.98639 15.16503 0.0 36.28716 37.08658 22.43846 8.55441 14.69017 8.9827 13.74232 0.02688 31.84051 25.5698 8.22939 40.41674 13.39335 11.05199 10.25726 18.97534 27.71314 21.71955 
1000.0 17.14818 31.10599 39.31544 0.0 34.67138 40.45104 29.93593 39.29308 20.81845 39.35638 26.22968 0.0 32.46746 38.12375 14.85915 16.00896 26.40833 27.35016 39.65663 0.01701 30.41848 31.87103 10.5277 23.94719 11.67868 40.54057 32.95494 29.4603 19.4815 18.25258 
1000.0 14.34759 10.87017 11.43261 0.0 8.77534 19.44771 11.00676 39.54608 40.65119 40.67636 23.85768 0.0 32.71321 20.17497 31.88938 19.8453 33.05982 20.1659 36.04051 0.03777 19.65423 12.04062 24.98921 39.87306 39.39074 13.58687 10.62439 8.80665 18.54679 21.18101 
1000.0 30.46167 40.40386 24.07531 0.0 33.1637 21.63544 18.37871 35.06462 37.99109 38.22728 40.71563 0.0 24.41279 21.06265 13.16664 34.58573 31.76044 30.93128 24.7234 0.02491 30.39597 26.65754 22.89151 30.52823 32.44976 32.30953 32.0843 20.84409 34.63853 19.34517 
1000.0 35.13618 39.22549 13.15317 0.0 32.80179 32.29195 25.02376 27.6083 17.10229 22.02486 18.82865 0.0 33.43024 26.33903 25.90912 37.3382 35.1772 19.28528 28.33545 0.03997 16.02584 33.09992 36.25911 35.55481 19.63581 17.62363 13.33423 35.48607 15.36782 38.69784 
