1000.0 1000.0 1000.0 1000.0 1000.0 1000.0 1000.0 1000.0 1000.0 1000.0 1000.0 1000.0 1000.0 1000.0 1000.0 1000.0 1000.0 1000.0 1000.0 1000.0 1000.0 1000.0 1000.0 1000.0 1000.0 1000.0 1000.0 1000.0 1000.0 1000.0 1000.0 
1000.0 26.14511 11.07279 17.78053 0.0 40.57959 39.59533 20.10843 34.42339 36.93139 21.01863 29.75936 0.0 37.72503 11.08107 10.35627 21.90255 15.6347 22.15012 27.8105 0.04229 14.86233 26.7858 30.32828 12.9622 35.75131 34.92024 10.37042 29.33159 23.02328 18.33374 
1000.0 35.42351 38.49636 29.03709 0.0 32.61251 21.80669 17.74321 26.0841 11.3555 18.9102 19.4035 0.0 9.83784 12.22817 13.26074 39.87937 12.47395 17.6835 37.54565 0.0217 23.79953 19.68257 13.739 40.74906 42.14126 35.44484 21.24715 36.96791 25.11811 23.8452 
1000.0 32.8685 31.79904 28.86235 0.0 14.8467 38.44736 31.46556 21.38321 34.48761 23.42428 38.68201 0.0 37.40622 19.39798 37.13261 34.73671 40.37895 43.21372 15.76682 0.02289 10.93138 30.88355 34.18838 9.35065 37.23946 26.86562 41.22486 42.86252 12.47935 21.434 
1000.0 0.0 0.0 0.0 19.72784 0.0 0.0 0.0 0.0 0.0 0.0 0.0 23.15072 0.0 0.0 0.0 0.0 0.0 0.0 0.0 0.0 0.0 0.0 0.0 0.0 0.0 0.0 0.0 0.0 0.0 0.0 
1000.0 24.46317 10.83453 9.65018 0.0 24.33531 37.02649 41.02748 35.41828 23.79605 26.64363 40.3431 0.0 23.77293 18.61426 31.07343 15.9942 41.21005 19.02476 10.6811 0.03475 9.85205 27.52563 30.79818 37.74591 13.54628 40.95865 37.58228 27.29725 36.57655 13.83403 
1000.0 22.39659 28.46863 16.08906 0.0 38.73543 21.6245 20.76863 38.04485 17.33596 10.23823 24.3436 0.0 10.26884 27.04185 22.41036 41.40753 28.92639 24.14414 17.45298 0.04461 23.99206 37.46037 12.95538 43.12846 15.1321 23.34139 22.70922 31.38009 39.3817 27.49453 
1000.0 31.20362 23.73333 38.67838 0.0 15.7135 35.85559 39.64114 9.07671 38.08283 40.8664 25.08831 0.0 19.68058 12.47877 35.20448 14.18315 12.85169 23.91567 22.21709 0.04413 30.12982 27.91908 31.32697 41.70863 33.54329 13.14439 17.99231 42.82148 33.86488 31.86571 
1000.0 32.23454 35.78208 16.20165 0.0 41.82515 32.46363 38.56606 31.60621 12.61336 13.9962 20.50945 0.0 40.55701 41.59777 36.86534 27.43655 35.15795 11.27238 20.16734 0.03789 14.6147 26.98315 38.80451 42.66224 22.41746 35.57761 18.8758 14.3097 25.98514 26.29496 
1000.0 17.35565 28.72251 23.68174 0.0 30.91861 25.47597 9.42121 37.3467 20.0988 39.81835 8.69864 0.0 39.78972 19.42746 34.82927 37.08724 30.82624 18.84833 12.99311 0.0371 33.20513 9.64619 32.59518 15.81835 39.15546 35.24221 28.73083 8.88519 17.4429 25.15164 
1000.0 25.28872 21.23028 31.78903 0.0 31.88426 37.79641 11.30174 10.2363 41.10165 20.46011 33.88175 0.0 32.19125 42.91789 9.58173 10.99032 22.27744 9.57969 31.50609 0.02807 37.68546 28.1615 17.40899 22.46716 19.91111 31.48293 42.63813 21.95747 21.44984 9.56601 
1000.0 22.40489 10.64972 42.97441 0.0 18.74546 20.27891 25.88917 32.68261 13.04632 26.12267 16.21935 0.0 38.3013 42.77549 32.76304 34.10041 15.86211 12.45405 42.91733 0.01965 42.90008 40.07505 11.58534 23.0518 11.29034 16.72567 14.09207 41.78446 36.74293 22.72712 
1000.0 0.0 0.0 0.0 9.16621 0.0 0.0 0.0 0.0 0.0 0.0 0.0 12.77026 0.0 0.0 0.0 0.0 0.0 0.0 0.0 0.0 0.0 0.0 0.0 0.0 0.0 0.0 0.0 0.0 0.0 0.0 
1000.0 30.08646 35.57396 13.8021 0.0 34.61194 25.59458 30.98841 38.06904 22.89962 42.20979 13.06691 0.0 39.2768 37.10754 9.67973 27.19417 35.76093 28.70941 28.84711 0.04398 36.55829 26.1158 19.33449 9.05935 21.4305 27.65907 40.2721 21.81687 38.64807 42.86881 
1000.0 40.97358 20.00501 39.63956 0.0 25.81716 21.50632 25.68499 39.62871 13.55396 21.80802 29.72756 0.0 15.87236 14.08977 40.48619 38.98252 30.11842 11.15434 28.96603 0.01706 37.79235 18.44587 18.97086 38.43142 21.86248 17.13758 13.46614 14.50842 34.06828 43.02817 
1000.0 27.4462 21.21245 39.29889 0.0 20.44455 35.44622 27.18247 28.24883 11.56822 37.357 12.54631 0.0 18.10281 29.09686 29.5364 8.69378 26.64867 37.04871 33.08458 0.04111 26.45504 27.4386 29.20363 31.97644 42.52272 19.56189 41.4295 22.27794 30.91346 25.13123 
1000.0 22.80597 29.55404 29.94742 0.0 41.14967 16.04552 25.79976 12.41887 14.80065 38.52755 17.53187 0.0 27.83069 42.28266 41.47124 26.69677 25.06216 22.86413 23.84371 0.04068 38.26059 19.79354 29.9952 22.88107 34.69822 22.30826 38.36773 11.59569 12.75142 37.60321 
1000.0 8.92313 41.24218 19.04122 0.0 12.14278 35.36773 11.11506 30.83515 18.58322 16.56924 28.74095 0.0 23.80917 30.82237 42.21498 42.34156 37.42688 11.08885 16.94899 0.01377 28.67882 36.19097 33.14373 16.37192 24.37522 41.29947 25.85555 31.98042 36.3947 11.33629 
1000.0 29.80601 24.08549 12.38947 0.0 22.72166 41.5447 33.38865 39.41352 42.72157 32.02927 36.79921 0.0 32.40785 12.24598 21.61992 40.73549 23.51875 11.97075 31.80259 0.01747 31.09971 19.68539 19.3828 32.96471 18.40755 18.39431 13.88825 35.67012 26.19189 42.63845 
1000.0 35.05485 33.82798 14.86167 0.0 35.53419 16.11846 9.53842 40.8956 23.69857 10.82861 39.6175 0.0 10.46241 39.38308 39.42097 43.07882 26.78913 11.47244 9.82079 0.04093 26.92587 30.65377 27.54394 26.57092 30.98097 11.11664 36.84858 24.68488 17.22414 15.72078 
1000.0 0.13963 0.16507 0.17529 0.0 0.11427 0.09602 0.16883 0.06561 0.16465 0.07952 0.13606 0.0 0.14211 0.13893 0.12436 0.1748 0.06153 0.08926 0.06206 15.09298 0.10217 0.13194 0.13623 0.15933 0.06987 0.10056 0.13302 0.15244 0.05365 0.16361 
1000.0 18.52237 40.39092 20.18282 0.0 12.1885 39.60265 37.31931 41.9065 43.12487 21.39623 24.23885 0.0 10.86077 35.53471 14.78633 25.7891 31.53545 17.83074 19.50912 0.04052 31.55397 30.72777 34.93318 19.5526 21.59813 13.2307 11.81292 15.8673 13.8675 29.23081 
1000.0 36.39204 38.87778 37.4619 0.0 21.70695 25.86449 11.25069 41.8076 18.47468 13.30172 9.34348 0.0 37.21588 35.39188 41.92835 22.70036 26.4925 10.72024 38.42547 0.01566 41.80994 17.48016 36.6592 9.47513 33.1915 20.54629 19.04749 26.00733 17.37919 27.66641 
1000.0 37.39194 31.09785 15.13151 0.0 27.35821 29.003 11.1133 10.45377 15.19149 28.54909 18.17572 0.0 42.67683 20.68713 18.88273 43.11126 27.39845 9.25269 29.93069 0.01792 33.8552 30.87412 38.0358 28.91253 38.52955 34.69924 25.40438 33.97788 20.31537 22.77768 
1000.0 13.06114 10.23832 25.58969 0.0 36.13744 20.31776 22.33445 35.83716 16.78696 41.69423 12.40349 0.0 13.56611 29.59824 28.16965 28.25775 19.46467 30.41485 37.05379 0.02138 31.28524 33.37426 43.21782 37.07164 21.04993 41.16946 15.74154 41.19577 33.93619 20.52976 
1000.0 33.56509 27.86769 13.26281 0.0 12.9132 41.01333 38.00845 42.17749 22.82525 31.37806 29.13834 0.0 40.60899 16.58761 32.0106 12.47092 21.27565 10.01299 33.17823 0.03724 20.81674 29.29875 42.80018 30.23168 21.41147 24.31819 40.911 41.19867 31.53064 39.74573 
1000.0 42.80982 40.73725 10.19907 0.0 31.47887 19.86859 42.75479 35.88764 34.7478 42.9676 35.73978 0.0 28.86842 21.63004 18.88904 27.03624 12.51553 25.14778 28.77304 0.04214 17.58554 21.26597 17.55589 37.69 35.55104 27.33458 15.27012 9.01726 19.03596 28.66852 
1000.0 13.01698 32.4805 11.49414 0.0 12.81309 36.73981 39.15158 39.30296 36.90965 19.49094 40.69246 0.0 17.51506 30.03676 18.08446 11.07414 30.29821 16.71656 36.85717 0.01604 18.80529 27.97691 10.35988 35.96899 41.98429 22.89115 41.7834 11.10111 32.34069 20.28459 
1000.0 16.3095 41.17979 31.1362 0.0 9.67942 17.56542 37.00346 20.85969 27.59781 36.74425 20.01527 0.0 30.84127 38.88834 33.83423 32.90013 17.02128 27.35472 10.77776 0.04113 40.13467 19.79437 16.15091 31.99215 15.2329 41.33699 8.71507 19.8564 38.98966 37.02011 
1000.0 34.38629 11.59464 32.47668 0.0 8.84046 19.32103 30.75045 40.81847 42.58787 30.96749 35.2068 0.0 16.59039 32.10371 31.96937 27.47603 42.35856 12.09233 15.27072 0.02747 24.60956 35.4535 34.6788 30.98615 27.12835 32.41436 32.93002 39.35493 41.18374 27.27575 
1000.0 20.1675 13.01615 28.83799 0.0 19.79162 21.82459 42.31129 17.0104 13.61182 9.37164 17.06781 0.0 8.7816 23.35915 26.68967 43.08286 9.26296 33.60026 26.34267 0.04484 20.04685 15.10586 30.87313 39.35244 26.7944 32.21645 19.609 26.22284 41.56102 22.08894 
