1000.0 1000.0 1000.0 1000.0 1000.0 1000.0 1000.0 1000.0 1000.0 1000.0 1000.0 1000.0 1000.0 1000.0 1000.0 1000.0 1000.0 1000.0 1000.0 1000.0 1000.0 1000.0 1000.0 1000.0 1000.0 1000.0 1000.0 1000.0 1000.0 1000.0 1000.0 
1000.0 28.52194 29.02811 27.97703 0.0 20.35904 27.32071 17.89308 29.06206 15.71315 11.62884 32.38999 0.0 30.61703 27.08774 14.3563 25.1927 11.5168 17.50132 25.99912 0.01138 14.12564 18.95805 29.32477 13.01042 24.39936 15.73605 19.45012 18.22133 17.83149 24.51562 
1000.0 16.81315 24.47439 18.07716 0.0 20.79805 11.00783 21.48044 9.00601 31.03091 19.02254 7.29917 0.0 29.76737 27.14026 23.21983 31.26834 11.01914 9.89916 7.5165 0.02669 9.64187 23.84233 23.43867 18.9732 25.21255 17.48697 23.0821 6.84177 22.10287 8.99049 
1000.0 9.25543 33.29308 21.67729 0.0 10.7137 18.76147 33.8365 29.87577 14.14648 23.49437 16.73387 0.0 22.10378 11.80513 17.29104 22.6583 24.809 8.53552 8.56645 0.03035 16.5521 7.12047 18.01473 29.15361 13.50604 28.91377 28.96477 23.39508 27.33797 19.21462 
1000.0 0.0 0.0 0.0 11.09845 0.0 0.0 0.0 0.0 0.0 0.0 0.0 29.19959 0.0 0.0 0.0 0.0 0.0 0.0 0.0 0.0 0.0 0.0 0.0 0.0 0.0 0.0 0.0 0.0 0.0 0.0 
1000.0 19.8468 29.69641 23.98729 0.0 31.95574 25.66935 33.99512 17.43468 27.54793 28.90983 20.59556 0.0 10.38311 32.52098 10.19261 19.63559 26.56378 18.28434 14.05292 0.01913 30.89209 20.32092 24.75404 12.18517 27.48526 32.04352 11.95214 10.86859 14.7183 21.76481 
1000.0 22.92305 22.39911 9.03844 0.0 20.25609 16.06684 7.20762 13.79851 20.27139 22.55643 11.21232 0.0 30.36889 14.21696 11.52372 18.76387 17.76066 17.83466 18.31462 0.03977 22.46895 27.56164 25.6836 10.1955 14.73207 29.55343 24.25819 14.63994 21.04682 32.32085 
1000.0 30.81658 10.19191 10.73043 0.0 28.95587 19.44771 20.36872 33.83534 27.68504 21.5519 31.60048 0.0 20.7119 19.59569 20.12764 31.35659 8.03373 20.74502 24.09802 0.01986 30.28487 29.6549 14.03561 30.87066 33.48411 33.3518 18.69357 17.47423 19.30393 16.12528 
1000.0 27.91877 19.8329 31.18072 0.0 14.05563 25.48199 17.44172 23.10687 27.14231 21.42073 32.92946 0.0 20.68631 31.03885 28.7571 14.43885 31.87067 8.1288 28.08569 0.0266 29.15362 12.03983 26.35957 23.47157 33.46493 13.29007 27.39851 16.47252 7.6232 20.53931 
1000.0 22.39164 11.3938 16.61138 0.0 8.29799 31.34343 28.24928 10.35384 31.09513 17.67882 12.91156 0.0 17.44431 13.26461 23.20904 29.56426 19.96044 19.8319 30.38768 0.03063 21.71674 29.36241 24.01944 15.2185 11.44573 19.42538 18.94107 8.56486 12.52452 30.15456 
1000.0 17.34635 15.75155 8.86139 0.0 23.91208 9.39232 27.90542 26.49464 19.37545 31.5532 14.32777 0.0 8.16124 32.61692 19.40837 12.20362 11.39575 30.30574 19.43813 0.03081 30.59251 18.28423 24.24773 15.00813 25.16509 20.9652 26.24255 22.1257 27.39103 8.77711 
1000.0 18.22787 26.63822 24.93009 0.0 18.42045 20.99759 11.53605 8.10422 11.22781 20.72755 13.36636 0.0 12.13439 31.73747 29.07527 15.94249 31.86836 14.6846 23.23448 0.0272 8.37492 29.5391 18.89273 8.99175 31.52613 8.68667 14.31347 24.33178 33.8161 12.29857 
1000.0 0.0 0.0 0.0 29.86666 0.0 0.0 0.0 0.0 0.0 0.0 0.0 33.4959 0.0 0.0 0.0 0.0 0.0 0.0 0.0 0.0 0.0 0.0 0.0 0.0 0.0 0.0 0.0 0.0 0.0 0.0 
1000.0 28.06401 31.87583 7.92762 0.0 13.34091 10.82028 8.61309 18.18043 24.54796 13.46967 26.57114 0.0 11.65635 25.81793 32.45432 12.35575 11.75202 7.46863 19.29096 0.03062 14.30213 22.24786 28.86887 19.92144 12.59131 31.87935 8.98817 22.38734 24.19967 31.70101 
1000.0 20.95861 28.0858 27.0676 0.0 21.32553 11.1092 13.01809 27.97581 26.44681 32.70925 25.02053 0.0 13.75729 21.85712 22.21789 22.98477 31.90759 10.09733 31.43049 0.02773 30.50464 14.7002 21.94446 25.37356 23.55822 17.52345 17.11557 12.18254 16.01417 14.85856 
1000.0 14.52194 11.49468 14.73197 0.0 21.1277 13.18813 13.46641 22.19922 31.71075 15.90906 11.9333 0.0 13.45831 20.3623 31.29169 23.44899 33.7786 14.08281 16.35213 0.03902 22.62751 8.94516 22.5159 21.25731 12.2881 25.32451 19.129 23.58951 17.71409 11.51288 
1000.0 27.36236 32.48073 21.84867 0.0 20.44549 6.91597 21.24979 10.73286 20.71343 22.3376 30.23586 0.0 31.96554 31.24426 9.88651 26.99694 33.13799 19.93524 11.73316 0.01991 28.27616 16.63123 9.72579 27.0511 17.75181 17.10111 16.99117 28.50576 30.99308 26.59321 
1000.0 13.34792 17.3126 15.48384 0.0 28.7264 8.53734 33.10644 31.51161 9.73236 16.14127 30.53939 0.0 17.7881 25.05299 26.34134 24.3364 32.61109 29.13122 17.55429 0.04024 27.9834 30.5388 25.15666 11.44628 8.77184 14.38241 7.11334 9.10498 19.93489 18.77717 
1000.0 28.13843 11.37197 8.65381 0.0 33.97489 28.24683 19.13057 33.05335 23.90452 11.7495 21.91758 0.0 8.54572 11.53354 14.88801 30.71703 18.48597 30.69631 30.2305 0.02278 9.04902 26.10619 7.29539 19.52066 8.75636 24.79839 17.45959 27.13437 29.44314 17.87199 
1000.0 25.05564 10.9008 18.14265 0.0 11.06948 26.73534 21.1658 15.418 32.0082 31.26976 29.74525 0.0 24.64253 21.02163 20.28975 34.11777 31.11649 25.85328 8.42335 0.02122 8.45034 20.40833 21.28723 32.04903 31.85446 23.75764 8.1731 16.8164 16.386 30.64182 
1000.0 0.11863 0.07163 0.12101 0.0 0.14751 0.03436 0.14613 0.14633 0.06318 0.04947 0.1555 0.0 0.12098 0.08507 0.07604 0.16513 0.09394 0.13413 0.06942 17.55006 0.16225 0.12864 0.12597 0.07975 0.10177 0.06482 0.16327 0.0581 0.10942 0.10981 
1000.0 17.16317 7.22924 16.31604 0.0 9.02787 23.93788 30.35565 27.59636 12.27703 7.07746 8.17394 0.0 33.25952 26.2112 11.01759 18.45917 21.82803 31.61906 19.2798 0.01664 8.61409 21.17618 27.47062 19.69168 12.46178 13.16271 13.96354 23.70219 25.55194 23.45086 
1000.0 21.19242 34.14611 21.2145 0.0 26.26471 23.24426 19.49531 21.32863 27.81006 29.14531 20.54214 0.0 13.37505 19.23831 12.85841 26.99037 18.21636 26.04136 31.58328 0.01421 13.14749 29.70695 8.5054 12.47227 25.02521 30.78611 33.29268 33.13976 22.70461 28.17179 
1000.0 33.59298 20.91684 21.13774 0.0 13.86564 24.88875 11.52251 28.39023 32.13729 26.84423 29.14811 0.0 16.92116 24.79642 25.28209 27.64343 26.75149 27.72846 13.54529 0.0171 14.37229 12.71276 26.92363 32.98674 23.4041 28.65753 30.57362 31.88973 33.22231 29.28826 
1000.0 8.68642 32.75391 31.48035 0.0 29.54201 14.23841 6.89164 12.6053 21.51164 11.51985 19.98896 0.0 33.32274 23.90755 18.1925 26.95177 14.52759 18.85511 11.78452 0.03279 18.64116 11.11523 29.22971 11.12274 16.1424 33.66381 28.95633 24.18735 25.00115 10.86758 
1000.0 23.42842 13.19218 22.9519 0.0 11.65227 21.83384 29.93178 17.81646 11.38786 25.43855 27.61257 0.0 30.43621 30.75145 32.00127 33.747 19.16786 18.21125 30.6164 0.0268 14.469 10.87162 17.81804 15.08564 15.65771 31.10667 21.06147 29.16275 29.22594 25.18914 
1000.0 16.94861 23.45099 19.9973 0.0 26.34428 26.19664 23.95647 16.1203 13.08099 7.11296 18.60626 0.0 32.56646 20.6589 32.51907 23.93146 25.40558 24.78547 16.95163 0.01122 16.66411 7.18628 15.96576 21.75851 17.05689 13.82845 8.77479 22.15622 13.43802 22.6301 
1000.0 32.31745 11.36247 27.10646 0.0 11.57667 20.33744 29.87631 20.59104 30.87391 13.35329 13.67251 0.0 31.78389 11.1331 18.73244 29.35613 11.62098 18.79872 11.41378 0.02637 23.336 19.19889 29.46246 26.71012 8.98147 22.81999 26.71653 15.31348 20.3116 7.74699 
1000.0 31.92351 13.08398 18.27631 0.0 18.75503 19.67048 9.9942 15.69405 9.04716 7.70965 19.10981 0.0 32.31826 28.70907 27.5356 9.05649 32.76447 24.70122 10.30746 0.01337 17.91056 14.95439 30.27749 26.35453 14.27938 16.05805 31.27688 10.54761 19.3078 28.29343 
1000.0 8.45875 23.77141 18.04327 0.0 19.26969 26.1969 8.6007 26.50481 14.62393 13.6957 25.10054 0.0 30.12093 16.17319 9.68822 29.34581 9.90443 23.33858 22.75175 0.0183 8.24451 31.2787 20.43487 12.36088 21.07735 20.51899 17.79972 21.18684 17.98534 21.28487 
1000.0 26.77363 33.48002 21.73227 0.0 8.31724 11.88409 29.01442 32.94179 32.44523 15.4864 22.14593 0.0 32.97328 19.81918 19.49737 29.86535 14.81463 14.70239 27.87298 0.04022 31.11884 27.62546 32.40377 10.83678 26.52969 32.04572 12.73744 27.10385 32.68824 23.27591 
