1000.0 1000.0 1000.0 1000.0 1000.0 1000.0 1000.0 1000.0 1000.0 1000.0 1000.0 1000.0 1000.0 1000.0 1000.0 1000.0 1000.0 1000.0 1000.0 1000.0 1000.0 1000.0 1000.0 1000.0 1000.0 1000.0 1000.0 1000.0 1000.0 1000.0 1000.0 
1000.0 33.27647 28.14722 36.00479 0.0 22.26417 20.01381 26.0222 28.62654 17.97288 30.68616 17.25873 0.0 20.15826 30.72808 17.30164 35.09792 30.84966 28.78332 11.09276 0.01958 18.62508 9.87185 28.24951 24.76125 26.90786 31.10263 24.14823 25.34327 8.31992 10.03483 
1000.0 8.16972 21.61152 14.13243 0.0 16.35533 9.89899 33.07905 23.63248 32.47347 28.23648 28.36559 0.0 17.63665 32.62505 30.68594 12.24831 33.37046 27.94094 13.73627 0.03295 22.93683 19.96263 25.27611 37.02067 16.26948 22.13532 35.98156 25.65002 20.32614 24.29767 
1000.0 27.21664 12.83242 18.78985 0.0 25.36319 15.8644 15.63795 16.15905 20.34727 32.53453 28.00675 0.0 31.24661 13.85914 18.79333 19.82708 10.64722 20.65746 32.20999 0.03112 36.26606 34.8067 12.9731 23.75953 15.01435 10.25831 25.37051 18.55569 18.13944 33.33841 
1000.0 0.0 0.0 0.0 21.40747 0.0 0.0 0.0 0.0 0.0 0.0 0.0 19.84474 0.0 0.0 0.0 0.0 0.0 0.0 0.0 0.0 0.0 0.0 0.0 0.0 0.0 0.0 0.0 0.0 0.0 0.0 
1000.0 25.88743 15.95027 15.19513 0.0 34.23828 9.27251 18.35781 14.11281 35.19695 12.82118 20.77523 0.0 10.91766 15.14549 16.58102 21.11827 14.46174 21.99675 27.59702 0.02957 25.51426 7.65141 25.94141 15.19241 36.60634 12.05502 37.26509 10.7862 17.29346 33.56275 
1000.0 17.98806 29.19387 22.54468 0.0 16.92458 10.00904 19.10454 21.9862 33.98208 33.95443 33.34458 0.0 29.95167 13.51677 20.83233 21.29422 22.06279 31.11654 15.02083 0.01608 15.27085 15.59491 35.80582 15.03131 25.24947 8.87573 32.52866 27.04166 21.03893 11.20151 
1000.0 17.55222 10.42406 32.13468 0.0 10.51393 23.6769 22.16291 26.13746 37.30723 10.52223 17.94171 0.0 17.60815 9.88637 35.81192 17.6396 10.09892 14.11847 14.83223 0.01483 31.37127 24.64823 15.64866 36.2412 14.7543 31.79136 30.34301 28.73866 32.25662 23.75288 
1000.0 16.66389 28.12451 28.47549 0.0 32.9651 17.09426 14.65116 26.08402 14.03399 30.37817 9.09663 0.0 7.64201 37.30866 19.8794 19.32464 22.53269 22.1819 28.75332 0.01203 21.75456 27.16044 26.82932 33.26656 8.935 24.16081 35.43522 33.56691 21.16286 35.02149 
1000.0 34.93415 34.3296 27.65221 0.0 10.37752 23.43832 29.80108 16.67525 14.77054 16.15384 22.89074 0.0 35.01827 14.08444 35.56967 28.92901 16.10574 21.63602 37.22898 0.01871 36.37672 30.0616 12.03621 19.65294 35.5505 26.27836 20.5075 12.90546 10.15263 8.57377 
1000.0 27.55845 16.84045 10.69519 0.0 30.84592 31.25161 15.5125 33.84897 16.47571 36.16356 16.87165 0.0 28.89655 25.80334 14.47636 17.29126 23.41208 29.98265 31.96981 0.01831 32.41637 26.32529 36.22868 24.36472 25.66465 16.09345 8.31768 15.02518 21.92305 20.32058 
1000.0 26.80641 19.18804 24.87926 0.0 33.25113 9.67119 32.22134 28.22992 28.81275 33.34751 36.37608 0.0 35.9628 14.73712 18.34214 9.09945 10.75898 16.52962 22.54141 0.03295 12.16281 14.60134 20.78699 26.9746 11.38018 9.41995 24.31648 27.88446 30.49991 18.89003 
1000.0 0.0 0.0 0.0 27.36318 0.0 0.0 0.0 0.0 0.0 0.0 0.0 36.98143 0.0 0.0 0.0 0.0 0.0 0.0 0.0 0.0 0.0 0.0 0.0 0.0 0.0 0.0 0.0 0.0 0.0 0.0 
1000.0 18.45493 24.76514 28.53055 0.0 18.82702 31.12119 13.15172 36.67161 32.17174 15.12692 12.80144 0.0 22.74613 24.56428 36.89442 24.00615 26.1801 23.67777 15.55807 0.04076 32.36593 7.96012 18.53165 16.48927 33.60119 13.08831 27.95126 15.47632 25.7161 25.30003 
1000.0 20.56853 24.68117 24.63464 0.0 13.82574 16.66508 36.59292 23.83281 36.73026 23.81826 31.24867 0.0 17.42931 28.68201 30.17677 20.83346 9.69983 22.93631 9.30933 0.03181 13.95577 24.85433 21.24469 9.07188 18.32722 8.21295 34.42059 19.63688 36.59055 15.84443 
1000.0 12.23308 11.35593 27.61412 0.0 9.34987 29.05502 22.41701 22.82127 7.78222 21.9306 30.75813 0.0 36.87436 22.0078 34.85485 34.98949 30.5371 23.13031 14.08822 0.02559 18.72149 35.27405 15.20664 17.65735 21.61977 37.76548 10.88805 20.65526 34.46382 37.36736 
1000.0 27.72156 25.68658 24.27502 0.0 33.06863 32.03322 35.99068 24.08489 30.0241 33.6373 32.57322 0.0 35.70644 11.9009 19.73758 27.81278 33.3883 29.23944 16.96344 0.01341 11.38911 33.25687 14.66608 36.63155 8.36067 34.80454 11.52292 19.30179 17.56739 33.58421 
1000.0 22.3952 32.59714 9.80973 0.0 27.34879 26.7801 32.50502 8.01766 7.62704 13.28242 8.25148 0.0 8.80553 16.46446 19.82516 22.24877 35.13389 36.89449 22.49628 0.01485 23.11382 17.4303 8.64333 29.73343 35.18587 32.42753 31.39392 12.15667 14.89244 25.31304 
1000.0 20.53332 32.54263 20.17528 0.0 10.86628 10.47698 31.71137 18.92809 8.70403 29.76544 17.9898 0.0 31.8165 25.68094 22.61181 17.1975 26.15861 31.03671 22.66002 0.02648 7.67855 30.03686 10.01992 8.04506 14.03318 25.1574 37.83529 14.30365 32.88125 31.6866 
1000.0 31.14372 19.7815 7.88481 0.0 22.87321 15.9051 32.99756 20.70564 12.68117 32.48887 9.34517 0.0 37.8086 9.6349 16.43542 33.63407 19.87548 13.81307 37.87205 0.04205 27.66779 28.67494 16.93397 15.63455 11.43436 18.4373 33.397 15.9287 28.42698 36.31925 
1000.0 0.15873 0.0429 0.14407 0.0 0.1277 0.11136 0.09959 0.05241 0.11808 0.12749 0.14185 0.0 0.10721 0.07774 0.12375 0.08106 0.09026 0.05824 0.14271 10.71476 0.11501 0.14785 0.06042 0.07644 0.09438 0.15025 0.06719 0.1293 0.05529 0.12562 
1000.0 12.91679 12.8139 31.49992 0.0 12.62227 13.73967 15.60826 33.85763 23.2071 15.8931 12.32419 0.0 7.91003 10.87718 35.28874 33.36388 35.60878 24.73419 25.23693 0.02424 36.73669 37.71722 24.41667 15.68452 16.52658 8.28822 34.62919 35.86015 10.34202 37.59746 
1000.0 10.65244 20.51779 17.48653 0.0 20.96043 34.26282 11.53646 18.55943 26.9186 18.77092 33.13608 0.0 37.71674 37.29755 15.56926 25.974 31.19306 27.16663 23.49235 0.02659 27.56473 22.49218 19.752 9.8164 8.28124 34.74479 25.70067 18.92558 30.40624 11.99236 
1000.0 9.12341 36.69291 20.35602 0.0 8.68838 36.68778 28.79222 26.15534 35.05155 26.53719 29.08492 0.0 13.21738 14.71845 23.67295 16.88469 23.17877 22.65598 25.54584 0.02711 15.90966 9.18113 26.65264 31.65036 32.47986 25.47601 26.40176 24.08906 18.41552 37.08304 
1000.0 20.88556 18.70125 37.56062 0.0 30.16977 13.05422 10.0857 29.70661 15.06993 32.58887 26.77256 0.0 17.80819 25.84138 21.6559 36.93214 18.05621 14.13759 9.60707 0.01792 37.85358 26.9235 16.33161 15.69178 33.21971 19.64947 16.80455 26.53303 26.3634 22.49534 
1000.0 35.01897 9.4718 21.8607 0.0 23.69885 30.92957 31.59613 11.09615 8.49456 14.9294 36.59089 0.0 25.05739 35.52967 25.45602 26.75875 24.48009 22.89362 15.09024 0.01978 31.06854 37.4561 28.49877 29.75328 25.07021 24.19554 35.03665 13.66589 28.30928 29.18564 
1000.0 36.3055 35.94193 15.81261 0.0 15.71529 32.55181 14.36509 10.40078 22.39238 33.2801 21.93039 0.0 33.17424 22.91604 21.30483 11.71392 32.73305 32.84515 33.23442 0.01802 37.71414 34.21852 12.89955 22.69299 13.97426 12.50316 9.00955 25.19539 7.58343 15.71997 
1000.0 8.10813 35.17941 33.74078 0.0 35.10903 29.25252 31.16541 35.54363 14.24302 18.60683 22.48178 0.0 31.13384 25.34009 33.79994 24.89855 37.47231 28.92806 18.9194 0.03753 35.60028 32.96385 20.50137 33.5615 25.86193 37.70561 16.62891 35.62211 12.06349 19.39294 
1000.0 19.68709 9.25507 28.48361 0.0 35.88765 29.92858 33.43373 24.20739 26.82983 22.78842 8.33051 0.0 28.44261 9.4287 19.56771 10.37303 34.63452 32.4555 36.91769 0.01126 19.74671 28.24473 12.45381 30.48662 29.52453 32.58942 34.04206 28.59407 15.80682 10.59179 
1000.0 36.78008 23.3874 28.9552 0.0 30.98357 34.85534 13.71609 18.26581 8.95635 13.14799 35.08415 0.0 10.0014 8.00988 32.33081 26.5229 29.8623 31.29871 34.91909 0.03354 30.54421 8.3738 36.27484 15.99598 17.85077 16.42215 9.34245 15.30041 35.12723 33.50954 
1000.0 15.78255 16.15296 23.94164 0.0 27.72665 15.86312 17.99343 16.46668 9.37717 24.70575 37.43845 0.0 21.66772 36.31263 17.55892 37.17005 25.72592 33.98168 18.33475 0.01974 31.54272 28.00955 14.76425 9.14152 16.8032 12.73319 27.37138 31.1968 20.03332 16.80001 
