1000.0 1000.0 1000.0 1000.0 1000.0 1000.0 1000.0 1000.0 1000.0 1000.0 1000.0 1000.0 1000.0 1000.0 1000.0 1000.0 1000.0 1000.0 1000.0 1000.0 1000.0 1000.0 1000.0 1000.0 1000.0 1000.0 1000.0 1000.0 1000.0 1000.0 1000.0 
1000.0 15.09238 19.94943 16.93005 0.0 9.22271 22.21522 14.66645 18.66981 12.6596 25.25433 35.54165 0.0 11.00805 30.84627 21.70132 33.69907 8.68805 21.25582 35.99395 0.0393 21.42723 29.41954 21.44139 33.19584 15.76694 9.26085 34.12283 31.60209 8.33632 21.34796 
1000.0 32.8739 17.62368 37.39158 0.0 26.18685 10.66703 20.48008 33.79987 17.23328 16.7997 33.13382 0.0 32.88418 11.2378 32.89033 30.46849 27.86792 16.7338 12.98651 0.02812 35.27708 38.50088 23.6086 9.80337 22.04602 10.32257 26.84113 21.12331 34.41519 15.70417 
1000.0 32.40077 35.20386 21.33443 0.0 8.62345 36.56657 16.67146 12.18076 11.20932 16.35608 35.62388 0.0 37.67695 24.65604 32.03238 17.19666 33.40139 18.08708 9.31415 0.01969 17.39278 33.10174 33.59074 32.47276 34.85611 8.56356 18.72544 22.79422 22.59486 17.49466 
1000.0 0.0 0.0 0.0 10.40802 0.0 0.0 0.0 0.0 0.0 0.0 0.0 20.86199 0.0 0.0 0.0 0.0 0.0 0.0 0.0 0.0 0.0 0.0 0.0 0.0 0.0 0.0 0.0 0.0 0.0 0.0 
1000.0 14.84069 32.63452 24.22575 0.0 23.91349 24.97911 17.67753 10.22615 9.65656 21.00762 31.14733 0.0 33.31089 37.76122 33.46719 37.99969 38.16884 21.56976 21.77901 0.03195 38.55119 37.29788 35.1959 9.51684 21.03993 23.33176 33.84554 37.9141 15.70809 31.17815 
1000.0 30.72647 14.45542 37.18007 0.0 23.61026 15.36034 28.22909 21.22269 38.2192 18.69585 21.32047 0.0 25.44651 28.91492 22.73063 25.71226 11.32651 21.51041 7.90382 0.0108 25.92765 8.94249 20.39814 32.8735 35.9867 23.42725 28.9387 23.11597 10.04972 23.54198 
1000.0 19.19053 28.84021 21.27004 0.0 30.54085 37.22092 30.58148 36.27529 16.25835 30.8216 13.53838 0.0 11.19977 13.221 19.71666 14.92317 16.95164 22.31955 17.22986 0.04202 25.83459 16.00362 17.41238 19.25349 9.02624 37.61472 8.22614 27.99099 25.37348 23.06891 
1000.0 23.88332 29.94208 29.82402 0.0 21.52853 24.17247 29.94126 13.12994 32.60729 28.05115 21.29421 0.0 15.59198 34.15072 8.95208 24.64702 22.56784 21.90444 12.85975 0.00947 18.62253 31.05468 8.46365 11.75884 25.57411 15.1247 31.36503 8.58274 23.43046 31.06497 
1000.0 19.66242 28.37589 28.95957 0.0 30.05289 15.68393 12.9839 35.82312 24.90889 16.41405 18.22662 0.0 15.37334 28.70613 16.53582 21.10622 17.11908 31.3114 12.73087 0.03418 22.40118 20.43312 8.85916 22.96274 27.1426 33.27999 14.80713 34.43971 18.87425 11.97133 
1000.0 33.2051 20.92988 27.46462 0.0 28.95123 31.27833 33.31897 28.17748 23.37643 12.69576 16.96498 0.0 18.90698 24.15004 25.29026 25.83588 35.34194 18.36884 10.46521 0.01547 20.44537 31.65544 21.14283 29.51258 26.96896 29.49908 37.94896 10.22692 30.20205 18.10914 
1000.0 18.83369 25.80604 10.29109 0.0 29.27189 25.36369 36.25233 38.53664 13.38969 17.21342 12.97443 0.0 15.91311 9.87475 13.31536 34.8325 32.88081 32.20461 29.5602 0.02092 29.10053 29.92773 12.00139 32.39067 31.15915 16.83335 28.82127 30.07408 32.2253 25.45389 
1000.0 0.0 0.0 0.0 30.44899 0.0 0.0 0.0 0.0 0.0 0.0 0.0 16.87261 0.0 0.0 0.0 0.0 0.0 0.0 0.0 0.0 0.0 0.0 0.0 0.0 0.0 0.0 0.0 0.0 0.0 0.0 
1000.0 33.27216 35.07199 16.42032 0.0 10.20148 28.17582 31.25181 37.48201 18.31053 25.59375 25.67789 0.0 8.87913 36.20401 32.78564 36.36846 38.05328 13.37102 27.4806 0.02235 15.81721 37.62294 33.83916 27.49316 36.47424 36.98203 37.67916 15.83822 18.62835 14.13167 
1000.0 35.52922 34.51018 29.80737 0.0 36.4544 21.15618 18.26993 24.30212 27.41583 37.67288 18.81206 0.0 37.11566 22.87118 12.88444 12.28704 34.22505 9.09323 30.69781 0.01958 34.40219 17.05812 23.0286 21.65163 25.38151 36.50755 22.58653 12.87928 24.37356 35.42692 
1000.0 21.42099 36.4578 28.05834 0.0 20.03297 35.48949 31.04002 25.9448 21.76038 36.33336 35.48589 0.0 14.71746 22.22353 30.6904 23.9728 26.99995 21.94607 34.07728 0.04328 8.49636 38.02811 26.90322 33.82741 34.34889 9.74678 25.11554 24.42296 24.332 10.77084 
1000.0 13.48855 34.15431 29.3464 0.0 35.87407 13.7367 21.96002 24.08533 24.95261 22.55545 32.86098 0.0 36.02394 14.73892 27.75959 20.83843 34.62421 27.18638 32.21641 0.02296 36.5367 32.3887 14.70922 16.46865 24.94264 38.49868 37.55889 16.69446 15.07562 27.4777 
1000.0 26.13858 18.44466 10.16724 0.0 27.55844 13.74876 10.86305 29.59762 24.37184 11.03608 7.94474 0.0 16.18054 36.09016 10.56716 24.62053 34.71801 18.36867 35.68034 0.03195 9.02218 19.44316 38.4803 9.88046 38.60723 12.12205 21.09453 9.3615 15.83782 30.99641 
1000.0 18.25054 13.23585 9.07034 0.0 37.53401 36.59246 8.45498 27.83667 23.653 28.82082 11.66224 0.0 12.0786 37.9385 19.14028 19.15751 16.12009 20.96421 30.73086 0.04048 18.25099 27.17179 11.82213 11.2169 26.51777 18.15874 7.86624 16.87638 22.22919 30.64897 
1000.0 12.23325 20.74585 9.05838 0.0 9.09582 31.28183 16.43711 28.42589 37.85377 25.19417 12.37874 0.0 21.28157 17.33607 30.10084 29.27451 20.35498 16.12418 19.52487 0.02033 27.95946 34.42285 14.68599 12.37869 18.29972 11.18423 16.68137 26.68462 20.04879 13.66873 
1000.0 0.12759 0.05172 0.13974 0.0 0.05529 0.13969 0.13941 0.061 0.09052 0.12993 0.14468 0.0 0.0634 0.14806 0.05837 0.04862 0.0427 0.14249 0.08525 31.14585 0.07017 0.04575 0.08098 0.15762 0.17161 0.05802 0.1352 0.14723 0.14217 0.13626 
1000.0 27.26254 25.94658 20.62072 0.0 21.95552 11.43959 32.13854 23.88728 21.54168 25.23782 37.09046 0.0 32.12443 35.20869 24.04111 18.53859 11.45617 28.72482 17.8266 0.01178 33.00496 37.53711 20.1309 14.44933 30.57807 24.24595 26.11857 37.51231 13.98429 12.42096 
1000.0 34.02075 26.17714 35.99813 0.0 9.4185 17.39176 36.07502 25.72971 14.10339 28.67977 15.54773 0.0 38.19326 13.45065 10.19189 36.29798 34.91178 13.05043 17.36394 0.03433 20.39826 37.72251 15.70686 25.04797 29.17889 27.3844 36.99883 27.99988 38.29505 11.01691 
1000.0 28.46633 10.96492 23.21702 0.0 14.10996 8.89206 21.94887 22.24407 26.14651 29.78892 36.56623 0.0 16.30637 38.52262 22.86294 33.32851 26.9618 30.37719 8.81034 0.03614 20.09511 10.45522 15.45052 35.3746 10.85901 25.88722 11.53347 17.53525 24.82976 23.5291 
1000.0 16.77179 25.91718 15.49146 0.0 12.47007 12.8696 10.52884 24.89536 27.78516 10.74306 25.09505 0.0 25.24386 10.03713 19.36323 30.53093 15.52147 31.95326 10.07686 0.01397 31.13772 24.59449 14.9764 15.21389 24.81508 38.15943 19.79458 17.15302 34.2021 35.42358 
1000.0 23.32369 10.63389 27.30961 0.0 17.1205 34.93317 10.18768 28.19002 23.90728 29.46523 32.26236 0.0 14.90832 35.07674 29.71898 25.4542 35.06614 30.67577 18.43434 0.01461 16.71823 14.63779 20.22162 30.14947 12.30617 33.46065 13.91367 36.62197 35.65627 33.85003 
1000.0 10.21341 8.44264 36.50082 0.0 20.90902 29.33101 19.91455 23.31127 36.84067 30.34721 25.3465 0.0 19.58445 26.57073 11.29679 35.77949 33.51278 17.72891 16.05579 0.03121 32.50059 23.96986 16.62035 12.03702 12.15407 9.08287 14.64448 31.35011 32.40268 38.25905 
1000.0 15.39159 21.90466 25.7101 0.0 13.53098 33.63945 18.75046 29.56016 38.27659 38.06483 13.96272 0.0 28.50596 13.03104 22.88 23.01106 8.81635 27.74225 32.22491 0.03204 23.22713 16.34201 26.03906 37.75654 10.84669 15.52393 15.18084 35.30728 34.59292 19.97546 
1000.0 18.9593 24.307 24.09091 0.0 18.36232 24.047 31.25565 25.48113 37.96419 28.7311 18.42177 0.0 36.78243 8.0907 37.10655 30.60931 11.08074 10.96915 27.54776 0.03691 27.34515 32.79511 33.39953 25.24445 29.23224 35.81072 14.34072 15.66532 11.83954 20.68531 
1000.0 26.33663 27.98925 23.57229 0.0 22.95583 14.53975 13.34344 20.8851 16.44005 7.96682 12.95603 0.0 12.65644 35.47462 26.01999 27.31923 37.85274 25.77691 11.53868 0.02062 21.1097 35.58154 26.37117 24.58285 14.41444 12.76472 21.94042 9.82121 14.43005 10.16259 
1000.0 26.94607 25.31864 17.95908 0.0 20.563 24.25747 17.45481 15.23296 16.50766 24.6675 31.86661 0.0 29.27589 18.67341 32.86655 9.08911 14.22263 15.99939 35.05758 0.01506 18.77828 35.74892 36.46248 9.50867 13.26452 28.94085 15.55154 32.64972 34.01022 16.55411 
