1000.0 1000.0 1000.0 1000.0 1000.0 1000.0 1000.0 1000.0 1000.0 1000.0 1000.0 1000.0 1000.0 1000.0 1000.0 1000.0 1000.0 1000.0 1000.0 1000.0 1000.0 1000.0 1000.0 1000.0 1000.0 1000.0 1000.0 1000.0 1000.0 1000.0 1000.0 
1000.0 10.50739 22.56328 26.25263 0.0 15.27916 27.73552 29.32422 17.63404 25.07701 19.21317 16.8061 0.0 23.71123 26.83931 23.05304 23.85058 23.34229 14.87473 18.53318 0.02792 27.52337 26.63033 24.92898 30.87881 19.47067 30.18028 27.59921 14.07334 33.32572 32.55957 
1000.0 16.71708 14.07773 25.34259 0.0 22.48131 22.51512 33.87953 16.00047 14.7131 9.34783 19.99539 0.0 19.61699 23.91907 42.7005 32.0182 9.7474 20.43047 24.52075 0.03361 15.81134 13.82207 39.89855 21.72589 31.28717 27.12765 13.19447 21.47279 18.25338 34.34908 
1000.0 29.36892 24.60538 32.81645 0.0 20.41983 31.69626 32.89531 29.71159 30.66791 12.15963 10.36659 0.0 10.34052 15.44011 17.03355 40.0075 33.57266 41.50622 41.20804 0.03787 23.88878 29.75888 14.1369 32.3155 13.48611 39.04856 10.32011 13.80238 32.80197 10.60918 
1000.0 0.0 0.0 0.0 13.05007 0.0 0.0 0.0 0.0 0.0 0.0 0.0 17.12145 0.0 0.0 0.0 0.0 0.0 0.0 0.0 0.0 0.0 0.0 0.0 0.0 0.0 0.0 0.0 0.0 0.0 0.0 
1000.0 20.50624 25.86839 31.18933 0.0 29.65543 8.93288 10.76489 43.93173 25.77811 12.91379 24.33024 0.0 10.97547 37.35918 11.12059 25.77233 14.26305 37.55181 21.85644 0.03759 25.40886 19.79012 21.66552 42.50254 11.25431 36.7822 29.5416 21.76162 33.70657 40.82954 
1000.0 27.59758 27.5129 39.42288 0.0 14.33249 37.41955 35.99368 39.59858 21.61443 12.41036 15.89634 0.0 10.97044 22.11826 39.6953 26.8968 38.29263 15.26649 41.29896 0.03647 26.65467 17.26888 43.77057 17.90562 40.28099 36.84282 27.9137 29.67916 16.96069 22.68874 
1000.0 27.24749 14.94303 15.45498 0.0 29.54649 40.55407 26.05368 14.11994 18.21567 16.06095 12.76963 0.0 41.12474 22.49668 31.38459 38.7348 25.86789 17.8767 22.57086 0.02037 19.05314 20.37538 40.18521 12.81352 42.02975 44.36479 31.25302 10.00578 42.59937 36.14652 
1000.0 26.53967 20.25612 28.96001 0.0 42.40632 12.36154 27.52404 41.42368 25.67185 37.61465 30.29502 0.0 41.65576 38.4299 25.34204 10.83782 19.76632 34.36673 13.23961 0.02795 36.34109 41.10695 20.84537 22.13138 22.46911 39.93899 11.62444 31.16004 36.26557 16.03683 
1000.0 26.24439 30.55646 23.88658 0.0 26.83822 14.45992 31.71708 28.84385 23.25102 34.37151 21.01441 0.0 35.79354 16.92702 27.85508 34.817 39.61294 19.27455 26.17893 0.01164 38.48363 9.23843 27.63775 30.97525 13.47417 10.71652 15.27058 15.73751 22.26881 12.7131 
1000.0 34.3431 10.88266 38.82679 0.0 27.34667 14.10344 10.68466 12.33007 24.67272 12.69432 24.94973 0.0 34.29456 8.99374 31.2381 36.95867 30.96837 11.54537 34.25265 0.02026 26.69336 24.96758 18.68323 30.62312 38.29492 16.36016 23.75353 10.57322 34.16692 30.36342 
1000.0 9.48019 31.82296 10.06633 0.0 10.07349 36.43483 27.64892 14.07696 10.32548 38.91728 18.30174 0.0 24.24132 16.20681 37.63019 16.11244 11.87545 18.65938 15.10527 0.0403 19.84901 19.34258 18.03543 18.98038 23.75432 34.12718 24.04562 25.32629 10.46089 19.54252 
1000.0 0.0 0.0 0.0 18.77574 0.0 0.0 0.0 0.0 0.0 0.0 0.0 30.40553 0.0 0.0 0.0 0.0 0.0 0.0 0.0 0.0 0.0 0.0 0.0 0.0 0.0 0.0 0.0 0.0 0.0 0.0 
1000.0 34.40774 30.01849 23.86567 0.0 35.23798 12.98071 14.88233 40.00004 13.00314 27.11464 38.90576 0.0 16.39059 10.42843 22.33258 12.36662 10.30626 27.36653 24.80028 0.03797 35.93853 42.02729 34.8663 21.71644 17.17361 33.53387 17.41958 31.663 16.64579 14.1801 
1000.0 36.25119 36.71039 9.60934 0.0 40.56292 30.93925 41.92784 11.4201 16.12739 21.74543 16.29281 0.0 29.13147 41.84336 9.58504 36.97715 28.50455 38.211 12.5625 0.03161 28.10065 34.58732 21.26164 15.65625 26.95253 20.16557 29.00416 15.07559 23.4635 33.71405 
1000.0 37.10308 29.01688 17.06492 0.0 39.51113 17.76019 42.07917 20.96763 31.38245 44.04399 10.36504 0.0 38.7348 32.91963 34.7814 18.85734 32.60352 28.86146 19.1134 0.01928 38.42548 40.51871 30.63414 21.88902 28.5858 29.44224 41.35863 24.94266 39.4593 18.30887 
1000.0 21.8995 16.79557 43.48046 0.0 35.99543 10.85024 36.55251 39.55171 31.89385 23.29972 35.50457 0.0 37.16633 16.15149 43.83747 28.96542 32.52469 11.37354 39.88538 0.01449 32.74575 23.52412 19.57934 17.62415 34.13218 39.98115 40.13197 40.89446 36.41663 12.14757 
1000.0 42.85272 15.65276 20.0146 0.0 23.6763 25.28931 20.08649 29.06834 41.1426 26.71091 41.81264 0.0 29.9464 34.30754 38.67573 44.38454 19.20679 12.08377 35.27641 0.01037 38.723 12.11821 31.15067 12.38112 25.9105 18.96347 34.93285 34.22789 35.37289 23.9333 
1000.0 10.89068 22.34637 32.81178 0.0 23.5249 11.65652 23.46132 41.66595 30.33047 33.80768 15.01039 0.0 15.00555 15.03262 43.13262 10.09318 17.90674 17.08389 34.14674 0.04125 15.79212 16.60192 24.92769 15.2256 38.19653 34.80631 29.80023 43.1848 38.51463 36.0618 
1000.0 12.23256 9.58547 21.9356 0.0 15.03557 16.88185 37.42078 39.36269 21.72813 16.10742 35.97748 0.0 16.93987 38.37552 28.85454 29.77237 42.4672 20.48285 29.82728 0.02372 34.50051 9.99363 30.64068 37.64038 40.37441 10.07978 43.71679 27.59825 14.97963 23.8305 
1000.0 0.14836 0.18441 0.17829 0.0 0.18667 0.12193 0.05936 0.10045 0.18832 0.06166 0.08382 0.0 0.05768 0.15936 0.05394 0.17284 0.03923 0.03901 0.1005 30.71745 0.0683 0.10119 0.14555 0.10905 0.08347 0.18557 0.10846 0.1567 0.12167 0.05986 
1000.0 22.69162 11.21948 37.50766 0.0 37.622 19.55432 25.37761 21.38987 21.92765 32.87509 10.71541 0.0 43.02309 33.41071 20.91065 8.89779 32.15728 35.95314 24.87806 0.04048 23.85676 19.13934 42.66567 27.73361 17.15713 28.25604 26.8975 39.60753 18.37796 23.90005 
1000.0 16.07651 19.50415 34.412 0.0 34.88691 12.24343 41.36754 17.29882 25.66176 25.64173 24.83811 0.0 12.18092 20.34092 11.80531 26.77722 20.38217 29.48426 32.32049 0.03126 32.58205 16.39541 13.74301 37.09461 39.50101 16.08736 13.79931 34.76964 35.90311 10.53045 
1000.0 23.09696 41.16679 19.00597 0.0 13.6493 13.06656 38.40732 25.61727 15.99101 12.5023 14.66216 0.0 10.38993 40.33397 12.72905 14.40647 12.50588 27.0289 43.76035 0.03925 17.59331 20.4373 15.42711 31.83841 27.63828 20.21588 20.45011 18.28784 25.72924 35.30321 
1000.0 34.78994 41.26957 41.79066 0.0 25.07546 42.33267 44.30934 28.76489 31.89724 14.45639 10.00797 0.0 33.94972 17.49665 37.58443 13.66536 10.71106 27.94282 30.23532 0.04638 15.16042 41.78428 14.42208 32.74932 33.25573 41.55463 36.45269 12.03241 37.13931 32.88068 
1000.0 14.81518 17.06899 39.07426 0.0 33.72286 20.54904 16.07248 40.94603 40.22043 21.53398 23.6437 0.0 10.63027 29.5892 35.23652 34.09668 16.39631 18.26328 40.70332 0.03449 28.50321 33.04382 43.64006 40.79896 26.52618 22.66513 19.49242 9.51453 43.36081 38.5288 
1000.0 30.06791 35.22558 33.70926 0.0 29.20333 37.41147 44.14029 20.24801 33.92399 39.14943 9.49281 0.0 36.45402 21.98872 42.25739 15.03859 38.49129 42.1119 31.21381 0.04087 12.39943 40.36089 35.34698 42.49947 22.76734 32.52809 39.88698 9.60812 32.50077 43.57692 
1000.0 36.88064 41.85381 35.74293 0.0 10.89835 19.76087 32.37128 18.2519 29.24328 38.75398 17.5507 0.0 43.82338 20.49161 32.21907 37.48303 30.54029 18.04698 30.29226 0.03065 33.21113 26.44646 13.04002 12.53959 27.79432 32.45263 29.9194 23.06092 32.97912 34.36006 
1000.0 35.4214 13.53521 39.39679 0.0 38.70091 21.16756 20.74955 40.08145 20.89826 15.2025 13.66368 0.0 37.84803 10.24915 33.72301 40.79024 12.69662 24.87126 25.08918 0.02633 10.14405 17.52231 19.97387 35.83529 14.91847 23.42458 13.18367 11.8645 36.48608 9.72468 
1000.0 15.17019 16.28882 24.83109 0.0 10.49888 11.24586 35.53734 39.5069 19.06523 34.70377 14.5039 0.0 17.8112 16.70411 24.17579 27.24201 25.27001 15.74442 19.84446 0.02357 27.26757 23.0425 27.98165 28.21179 15.80878 21.8345 19.85025 31.585 41.81913 15.93323 
1000.0 39.1055 22.95619 21.64374 0.0 25.3988 39.15921 14.0867 11.43418 12.73947 41.00746 11.64932 0.0 13.33679 26.82143 36.09812 9.8901 24.71381 15.66504 32.23767 0.04236 37.1883 29.63695 31.8383 25.79539 28.39056 22.97196 38.20657 27.64485 14.95097 33.72385 
