1000.0 1000.0 1000.0 1000.0 1000.0 1000.0 1000.0 1000.0 1000.0 1000.0 1000.0 1000.0 1000.0 1000.0 1000.0 1000.0 1000.0 1000.0 1000.0 1000.0 1000.0 1000.0 1000.0 1000.0 1000.0 1000.0 1000.0 1000.0 1000.0 1000.0 1000.0 
1000.0 26.34139 27.08831 21.19665 0.0 26.99174 24.66136 10.13242 20.93178 19.84427 29.10989 14.84879 0.0 19.6764 16.42579 18.89741 8.09159 10.95471 15.96527 15.48964 0.00832 10.20163 8.05664 15.25283 30.80014 7.72168 9.07963 32.06088 20.66534 13.37425 28.80853 
1000.0 9.42671 10.3147 24.87938 0.0 19.64873 13.43518 23.69629 8.19567 13.07573 11.75376 7.65981 0.0 8.14715 9.03564 11.98456 30.16499 31.97272 12.05795 10.09227 0.02426 13.178 17.86466 23.40537 19.16856 26.13798 12.1719 23.78525 13.02334 31.18494 29.56461 
1000.0 23.31728 7.37023 10.55322 0.0 29.72465 22.89756 19.34134 30.64109 15.50809 7.45127 19.09907 0.0 27.18938 26.27506 21.67344 31.07734 7.85072 31.7249 22.37059 0.03302 15.58006 6.97725 9.8228 12.71638 26.1757 22.1686 29.12238 8.95277 20.9254 15.93471 
1000.0 0.0 0.0 0.0 28.11303 0.0 0.0 0.0 0.0 0.0 0.0 0.0 9.48984 0.0 0.0 0.0 0.0 0.0 0.0 0.0 0.0 0.0 0.0 0.0 0.0 0.0 0.0 0.0 0.0 0.0 0.0 
1000.0 24.91787 31.58523 30.33789 0.0 16.66779 24.60961 16.69301 9.68037 26.31479 32.64715 26.62007 0.0 31.12476 9.19402 21.0902 13.82531 7.63381 28.28845 23.87696 0.01012 27.60897 16.61425 11.93374 14.47047 21.44986 10.57217 24.54109 8.7154 27.82454 30.58958 
1000.0 14.37675 7.62379 8.7202 0.0 7.3853 21.53067 15.32144 25.63509 25.14351 15.47301 9.93456 0.0 18.65754 15.25404 15.91188 24.30296 24.43043 32.48696 20.46161 0.02215 13.16279 32.4775 30.36358 31.17201 17.01335 29.69863 8.6642 21.51967 23.46812 22.54552 
1000.0 8.03729 9.21 22.32668 0.0 23.32263 24.523 16.04626 11.76232 17.01507 17.56121 23.10723 0.0 8.84314 7.54127 31.27198 17.32595 24.97596 16.63713 26.86917 0.01607 25.13403 18.73062 32.37276 11.0174 6.66395 30.07133 12.7456 12.46013 24.01837 16.66285 
1000.0 19.31338 20.76602 31.20464 0.0 27.25139 9.32531 26.84217 32.1771 32.23931 8.79924 24.57363 0.0 8.77907 31.49803 19.89957 11.0457 21.50247 13.00078 16.44958 0.03044 18.52994 13.36358 29.9508 11.14824 6.68257 29.32835 20.60357 27.2014 23.91725 24.5134 
1000.0 31.15056 11.03452 27.3439 0.0 13.36668 16.55372 10.33852 12.60219 27.12058 27.60899 18.27698 0.0 28.14478 11.17759 17.35982 7.82326 16.60049 16.54352 27.03525 0.03996 31.42781 30.08325 11.72968 29.44628 15.09278 31.05264 24.66011 24.44531 9.2047 20.24551 
1000.0 30.96935 22.81787 25.17768 0.0 26.64185 18.20695 28.17025 29.76535 24.52012 30.24521 9.40156 0.0 10.40062 11.74783 31.32735 23.25913 28.49623 28.8653 25.87039 0.01684 29.43677 24.34048 17.66326 14.35883 7.40877 11.72177 8.98265 10.79307 19.56876 10.01183 
1000.0 27.89755 18.75337 16.35066 0.0 7.24864 28.48699 30.5655 29.57555 24.49252 27.18545 13.35222 0.0 10.63335 8.94062 14.86577 19.32782 31.73047 26.92798 17.49791 0.01597 25.77366 22.03041 10.52659 12.01295 19.60183 31.67422 26.30672 17.5626 29.30555 26.58247 
1000.0 0.0 0.0 0.0 27.26676 0.0 0.0 0.0 0.0 0.0 0.0 0.0 20.66559 0.0 0.0 0.0 0.0 0.0 0.0 0.0 0.0 0.0 0.0 0.0 0.0 0.0 0.0 0.0 0.0 0.0 0.0 
1000.0 19.26938 29.05406 22.78269 0.0 29.03836 14.07853 25.48892 14.02331 30.29097 17.68332 27.99185 0.0 29.95252 30.28334 22.04343 28.1043 18.80725 18.87924 20.73573 0.03403 24.51055 12.71313 26.41941 18.3477 14.41255 25.01101 30.40339 19.6056 30.30511 28.01964 
1000.0 27.82268 20.17455 27.85427 0.0 26.98991 15.99779 17.06802 30.39685 13.78463 11.99591 9.55279 0.0 26.54752 10.76062 11.65217 25.48528 24.14912 19.67641 10.56555 0.01329 23.39178 21.76524 31.6218 19.73707 32.21955 10.02971 19.00633 32.52888 26.33021 17.41042 
1000.0 23.82434 7.41455 24.08233 0.0 19.74168 10.22538 24.86529 9.99136 30.43694 12.49188 23.07887 0.0 10.5023 12.96339 32.39472 10.93711 10.08179 32.65129 11.4543 0.01628 10.22334 17.21049 22.08573 13.08944 15.9236 18.79641 24.59679 13.42878 24.5554 24.97469 
1000.0 20.88179 22.19307 9.67614 0.0 10.76065 27.17941 7.61603 18.80212 8.70365 13.059 29.34626 0.0 19.31806 17.90689 26.94962 21.68486 25.00669 8.85095 18.67667 0.02241 32.64261 8.14768 13.05483 8.77413 6.78529 21.27894 14.29994 20.11556 14.74494 26.71192 
1000.0 13.74278 22.97995 24.31517 0.0 14.98447 23.62452 9.79399 21.19829 29.23858 23.83479 8.64624 0.0 16.11282 32.60374 10.15728 28.39931 13.6694 18.76935 9.49765 0.03184 19.70472 13.09765 30.28841 20.97743 24.52787 24.21228 26.27081 16.38513 8.40944 16.38887 
1000.0 12.92112 30.28067 19.28722 0.0 24.53342 27.19266 12.44682 19.69981 16.33091 11.88802 8.36285 0.0 26.05469 9.86727 12.40792 8.23504 31.98751 7.10508 9.32306 0.02587 10.71815 19.14253 23.67367 19.64817 31.95204 26.3406 29.32641 18.97037 22.34999 12.16708 
1000.0 28.44318 27.89506 31.28052 0.0 21.64152 27.27648 28.69192 10.35773 30.87747 29.78697 7.30283 0.0 29.9337 14.38286 26.3577 9.69478 17.49342 21.17708 19.62812 0.00901 8.99833 26.84394 8.95054 22.67801 16.979 17.44794 27.26836 15.77248 12.14925 9.37363 
1000.0 0.15374 0.13551 0.15363 0.0 0.08157 0.07965 0.12947 0.07653 0.0432 0.05629 0.03679 0.0 0.14929 0.08584 0.0577 0.08196 0.11976 0.14385 0.08322 14.59723 0.08473 0.12999 0.1323 0.15856 0.04308 0.04707 0.07596 0.14978 0.10289 0.11512 
1000.0 7.07148 18.08383 11.678 0.0 28.60626 32.03342 12.57437 18.22738 17.38407 26.95053 11.54443 0.0 27.02866 17.32524 8.76489 24.94676 17.96128 22.74255 23.83724 0.0272 22.05705 31.14523 17.37406 18.61632 16.12477 24.11143 32.10472 13.57311 6.71659 25.0837 
1000.0 28.9871 18.80259 14.36804 0.0 7.73825 25.70525 25.22296 23.32766 18.32032 25.35896 24.03783 0.0 17.35778 7.97273 26.89201 26.85143 29.5707 18.82025 20.00717 0.02673 18.59668 19.53629 6.66897 11.90962 7.67021 18.8667 26.34522 23.51381 9.48198 29.92214 
1000.0 15.81304 15.84848 7.00285 0.0 21.11403 22.1103 12.63561 11.36146 32.2346 30.85387 31.53651 0.0 31.03559 32.59341 19.69049 19.69667 29.29035 14.66472 18.06655 0.01536 7.5952 11.53467 21.9908 25.40254 24.37094 12.40894 29.47597 12.64452 8.5366 21.38478 
1000.0 23.61111 13.32221 7.95663 0.0 31.28935 22.05329 21.54577 32.01634 19.89257 15.04364 8.17668 0.0 27.62946 23.72579 12.36639 15.90274 25.79859 25.75783 24.23952 0.01636 7.05749 19.52186 8.42402 28.021 17.12985 20.56952 6.5757 24.45171 14.96403 15.45503 
1000.0 31.98035 8.27043 16.636 0.0 12.42926 22.19645 30.58655 26.53717 28.75632 31.63297 28.1696 0.0 11.25807 26.94713 31.43248 10.95881 24.85295 26.96642 10.34727 0.03633 17.10226 13.71261 28.96827 24.01415 17.15775 20.56068 15.95658 19.43883 24.28066 8.50377 
1000.0 10.818 10.55183 14.85095 0.0 11.05306 29.06147 10.00832 32.01721 17.05246 17.43274 26.24857 0.0 18.39205 9.96307 19.06328 25.79803 7.55146 6.76954 17.94292 0.03691 27.55046 18.94762 23.63133 10.65721 22.18915 31.58094 10.00512 30.31724 31.61881 7.77762 
1000.0 9.21731 25.64 7.96174 0.0 28.53828 9.20952 9.03341 30.43994 26.60995 8.12206 9.74575 0.0 22.89771 13.24591 15.11884 19.01644 29.58632 6.68221 32.33272 0.01975 19.8646 10.48196 26.75653 22.33057 31.26767 23.10513 15.71801 12.18064 15.022 29.73492 
1000.0 16.61244 26.24848 16.26719 0.0 18.9116 23.69052 26.77354 6.75847 7.09771 28.31759 31.98906 0.0 6.57542 17.23214 11.71888 14.97293 16.78806 19.13916 24.92773 0.01781 21.54316 7.55543 20.19343 9.6955 7.396 27.36902 23.74903 10.38138 15.87336 24.02125 
1000.0 29.06245 7.80472 30.49764 0.0 9.4476 24.44457 26.32211 30.88486 31.75846 24.58328 12.05586 0.0 28.91329 28.51278 12.46534 22.04023 32.73857 20.38981 13.42936 0.02434 31.69252 9.28863 20.66193 31.25115 12.89335 29.29662 28.48723 20.7739 14.90334 20.25013 
1000.0 23.2487 15.62228 16.63682 0.0 23.6619 29.82918 22.50888 16.53904 19.87583 19.58145 10.70022 0.0 9.36368 30.34866 12.61771 16.70658 31.22367 6.75047 30.56019 0.0102 13.9881 27.74431 31.30617 12.592 10.27215 25.62749 12.97701 22.6568 29.68234 11.69654 
