1000.0 1000.0 1000.0 1000.0 1000.0 1000.0 1000.0 1000.0 1000.0 1000.0 1000.0 1000.0 1000.0 1000.0 1000.0 1000.0 1000.0 1000.0 1000.0 1000.0 1000.0 1000.0 1000.0 1000.0 1000.0 1000.0 1000.0 1000.0 1000.0 1000.0 1000.0 
1000.0 18.62805 9.77084 13.1987 0.0 15.45869 22.98402 12.02721 36.33975 36.87433 39.92404 29.79268 0.0 36.25885 21.14105 27.04906 28.73704 22.49993 21.29562 32.4556 0.01969 9.7253 17.51927 12.46769 41.39739 25.15628 28.04218 10.99058 31.7073 12.22325 33.25551 
1000.0 35.73676 20.41161 34.58931 0.0 33.78842 28.36292 36.27753 28.7756 37.11107 14.14465 43.12029 0.0 40.4267 43.52934 11.33782 28.87581 16.02627 17.77306 21.61418 0.03092 11.89062 39.36806 28.40984 9.18737 37.54469 25.02023 24.40917 24.18594 34.89705 39.60787 
1000.0 24.30124 36.26304 29.68394 0.0 33.00873 37.65333 39.98984 19.75202 18.35711 17.58214 15.55893 0.0 23.96096 39.16161 43.35758 33.00415 41.98784 11.72057 23.56616 0.04533 31.32418 18.69877 14.09356 15.86798 39.98331 9.28205 43.51652 36.07607 41.57059 9.2999 
1000.0 0.0 0.0 0.0 20.93979 0.0 0.0 0.0 0.0 0.0 0.0 0.0 31.22977 0.0 0.0 0.0 0.0 0.0 0.0 0.0 0.0 0.0 0.0 0.0 0.0 0.0 0.0 0.0 0.0 0.0 0.0 
1000.0 17.60448 27.34773 25.31285 0.0 42.46942 9.78708 35.47864 35.99623 39.68378 22.11425 32.76824 0.0 13.84286 9.06972 17.02208 25.97035 42.97329 42.46742 28.30357 0.02197 34.03832 30.7088 30.03927 19.45939 35.89657 43.28087 24.61552 37.24037 34.16055 34.32672 
1000.0 31.17716 11.09133 20.01978 0.0 20.38223 22.327 22.88829 42.73616 35.11587 28.6317 9.95137 0.0 36.00938 38.30106 31.06757 10.02789 19.95824 29.46431 14.57318 0.01136 10.84262 25.48428 20.77202 14.579 16.46903 36.65718 22.97707 42.03297 33.3875 16.71424 
1000.0 30.96442 15.85167 44.70068 0.0 18.02212 9.00493 25.8693 22.63974 29.49023 26.2155 23.29206 0.0 22.90724 21.84716 22.19087 34.39554 23.90055 40.06705 30.37833 0.01392 10.00663 29.87435 23.38792 20.48079 41.88689 11.54765 24.5678 38.92602 43.84318 22.96209 
1000.0 42.40178 11.34085 18.04607 0.0 36.95195 36.11821 15.67884 20.08754 26.11513 31.12168 21.80783 0.0 15.86443 42.12936 27.28916 32.205 26.15833 33.08111 17.86029 0.01826 29.30425 28.76854 26.31946 10.79098 27.73795 36.05332 37.92632 16.4747 27.55609 37.80318 
1000.0 27.3661 11.85934 28.73976 0.0 33.25934 34.01586 12.9909 32.24962 39.98828 27.725 44.11983 0.0 15.05995 36.43166 38.9632 36.33059 18.26901 18.9466 42.43413 0.04607 27.01319 27.14554 13.74303 28.53334 32.30814 25.6534 10.22535 30.43835 24.19747 43.87027 
1000.0 22.31055 34.13406 41.19862 0.0 37.02619 9.44901 41.3498 12.79814 18.52005 12.97759 13.38122 0.0 18.15843 34.09925 16.50615 28.88541 43.60068 19.91316 14.16316 0.0337 25.90973 33.25914 28.30571 30.84126 23.6816 42.01491 28.63187 36.28319 27.06621 34.59381 
1000.0 42.5322 28.86218 21.68153 0.0 29.01063 39.31819 21.66547 26.46375 9.707 41.8485 35.594 0.0 10.1709 12.68054 22.98896 33.52077 13.21558 24.84746 24.56983 0.04081 12.61084 18.95954 44.72515 10.34319 31.58084 31.95136 35.7622 32.03388 24.08475 23.07553 
1000.0 0.0 0.0 0.0 24.40069 0.0 0.0 0.0 0.0 0.0 0.0 0.0 23.82511 0.0 0.0 0.0 0.0 0.0 0.0 0.0 0.0 0.0 0.0 0.0 0.0 0.0 0.0 0.0 0.0 0.0 0.0 
1000.0 19.15284 21.46483 18.32847 0.0 18.09933 17.13829 33.14973 38.25037 12.72682 37.68052 42.04655 0.0 18.71612 10.06099 21.34074 16.72464 37.32651 22.92599 11.58632 0.04657 22.69952 11.36114 16.37706 9.0555 23.50844 21.72947 22.38754 23.1455 12.84262 28.11122 
1000.0 19.83481 29.37486 37.75718 0.0 9.74876 29.63474 19.37375 29.03563 39.68008 10.90954 34.42926 0.0 28.09528 41.94754 20.90733 23.91353 20.09549 37.4319 30.57636 0.03194 30.00718 23.74331 15.99323 43.14865 39.19736 30.47494 31.43247 14.13401 25.93978 36.5043 
1000.0 28.89701 10.99264 25.25083 0.0 9.94294 24.77693 34.08647 37.02692 35.94181 11.94583 13.32067 0.0 25.21253 11.47226 30.62184 43.17244 22.91911 39.79592 12.11776 0.03164 19.01972 34.45426 18.83324 42.75713 17.91551 24.88841 41.66045 10.97385 43.53183 30.1113 
1000.0 13.47742 25.13976 35.01958 0.0 43.0527 10.12397 24.65332 12.12938 19.531 40.69104 13.60117 0.0 25.89715 39.77293 40.21357 37.07004 41.07391 26.17045 37.81401 0.0342 37.49068 30.58179 31.82908 33.47823 35.71557 21.60739 44.74081 42.54293 36.57255 40.03956 
1000.0 38.1971 40.72272 37.96523 0.0 36.25587 17.98929 12.89089 40.18592 37.39035 34.9498 36.33774 0.0 20.07374 37.53216 15.42026 9.76134 17.90903 29.94545 32.91425 0.04694 15.3978 40.38028 9.02178 29.22314 10.59845 23.80616 35.13741 27.88497 28.63829 28.21453 
1000.0 33.00471 13.37191 10.59363 0.0 19.45302 18.18766 27.36824 18.06244 35.68913 24.46398 37.91096 0.0 19.29132 38.27852 40.09009 32.9423 37.48525 19.75427 15.4791 0.02423 41.45553 22.70645 17.29699 12.787 17.08915 10.80202 15.76002 27.65092 9.57895 17.65457 
1000.0 40.02792 26.88364 36.11197 0.0 42.52407 22.12764 27.27777 24.71342 24.65081 23.58837 28.36654 0.0 28.15878 30.83005 29.85395 15.58359 16.74556 14.80802 30.19903 0.03594 40.87932 21.95513 31.78535 36.85226 12.85255 37.99715 29.30643 31.90994 15.53653 39.67553 
1000.0 0.13759 0.08129 0.13269 0.0 0.16983 0.08986 0.14832 0.06054 0.16949 0.17446 0.18231 0.0 0.08892 0.06941 0.13056 0.07502 0.06809 0.09624 0.16155 10.60799 0.16885 0.15012 0.10253 0.16717 0.06385 0.09759 0.15877 0.14341 0.0623 0.05446 
1000.0 12.74017 34.38012 16.38975 0.0 22.8141 11.43451 22.39671 15.49394 36.4501 30.7226 15.22094 0.0 43.52017 31.6976 32.09996 22.3096 19.6026 13.07755 31.15679 0.0112 28.14662 32.47176 25.3029 38.27967 43.04429 36.92495 41.15761 21.57902 20.73527 14.32234 
1000.0 30.58188 13.65484 11.16038 0.0 32.80101 17.87726 21.59631 12.69193 34.45653 19.747 9.39458 0.0 12.66512 9.318 24.19281 19.38577 29.39848 19.35402 26.88515 0.01245 38.51401 14.79236 13.15697 10.61094 16.11973 19.411 16.86777 44.17702 34.65596 11.21659 
1000.0 38.27241 26.79574 22.69094 0.0 30.08481 27.93552 22.7053 36.07684 23.0034 27.05849 43.6097 0.0 17.18651 36.08024 37.1005 13.57749 14.58146 24.182 16.55594 0.04519 43.48613 44.5578 35.67353 42.17031 40.81423 13.56571 23.96192 22.30445 44.73513 18.97364 
1000.0 22.631 10.95905 21.66352 0.0 27.01709 30.08297 35.94749 15.78598 17.13158 38.6498 25.93828 0.0 40.92211 15.94149 37.90654 20.4239 43.27662 26.76453 37.24555 0.04459 33.03883 25.02944 30.88896 25.94851 40.5549 42.09911 39.62774 37.11998 11.03383 12.52466 
1000.0 40.3391 11.49002 44.53683 0.0 41.33131 12.66685 41.78534 44.04114 19.5648 36.50734 9.18489 0.0 31.19921 29.85508 19.57812 43.21657 44.27128 11.60569 10.52838 0.02298 38.51958 25.23233 25.5617 22.87452 41.5951 14.7122 36.68857 29.04209 23.7874 24.07303 
1000.0 8.98486 29.17918 23.97665 0.0 30.16171 39.2818 16.12607 37.9866 28.00953 29.32126 34.63554 0.0 37.77475 31.18957 37.21936 23.51091 24.30489 24.60226 12.61047 0.03513 40.49898 35.61376 23.91625 12.22302 17.1249 39.40829 14.13117 16.00426 18.83578 10.16442 
1000.0 32.46604 30.78095 43.83649 0.0 31.40638 38.86704 40.41511 22.72102 28.65452 36.44569 24.14856 0.0 31.00272 32.87405 35.94023 43.86327 33.62015 10.54706 21.89106 0.03136 41.03398 30.6861 13.39927 36.18982 15.77335 36.61239 15.68458 28.63873 19.5308 24.20906 
1000.0 16.45181 34.50696 32.15878 0.0 44.10577 40.33873 38.28458 19.43455 21.93383 9.79158 38.8769 0.0 28.12515 29.04934 21.70036 38.21993 36.50398 24.1197 32.97428 0.01643 40.67024 25.60421 28.22043 26.7729 34.32825 33.87883 39.53933 41.34897 44.06888 18.28841 
1000.0 23.85642 29.02668 26.65722 0.0 15.46535 32.14233 27.30315 20.25285 10.28031 39.46527 39.55237 0.0 32.55202 11.41709 22.66813 39.69831 34.06674 37.3376 11.7084 0.02289 25.52375 28.83117 40.94182 41.61921 41.40408 28.41646 23.45091 11.62939 29.17114 11.70271 
1000.0 42.71475 44.16356 41.18453 0.0 20.27288 33.97232 25.85563 11.58039 40.51972 23.88994 21.37518 0.0 30.4746 39.99365 19.27831 36.02526 41.79936 31.65852 37.48746 0.03788 18.50081 35.04412 15.59633 41.76907 19.31609 21.3691 23.91203 18.58377 35.58188 42.83942 
