1000.0 1000.0 1000.0 1000.0 1000.0 1000.0 1000.0 1000.0 1000.0 1000.0 1000.0 1000.0 1000.0 1000.0 1000.0 1000.0 1000.0 1000.0 1000.0 1000.0 1000.0 1000.0 1000.0 1000.0 1000.0 1000.0 1000.0 1000.0 1000.0 1000.0 1000.0 
1000.0 11.02729 14.22528 33.74809 0.0 30.2267 17.50393 18.58688 14.15636 16.03507 33.55625 26.23074 0.0 28.21041 23.99424 18.44519 26.86608 7.60708 30.65484 27.71853 0.04177 17.51443 9.72752 17.77139 37.4701 31.66367 36.63562 23.24116 23.84298 22.2034 36.47803 
1000.0 34.74501 31.21979 10.78411 0.0 33.97801 22.29596 16.78207 34.69963 9.98166 28.35354 37.56082 0.0 18.24154 7.59184 34.09103 16.34667 14.24153 12.39307 32.41891 0.01567 22.84444 25.18292 23.37674 29.32408 12.83627 30.06304 21.11767 9.99313 31.02104 22.71577 
1000.0 36.79159 37.01592 26.94362 0.0 32.11766 26.67251 24.62806 13.6248 17.42325 20.52294 23.24544 0.0 31.52632 31.48194 19.13342 34.37999 35.01884 9.27772 33.54538 0.03999 21.53738 25.30663 15.89919 25.59288 20.86554 31.85896 28.13905 25.29455 15.70046 37.28212 
1000.0 0.0 0.0 0.0 28.71563 0.0 0.0 0.0 0.0 0.0 0.0 0.0 22.91064 0.0 0.0 0.0 0.0 0.0 0.0 0.0 0.0 0.0 0.0 0.0 0.0 0.0 0.0 0.0 0.0 0.0 0.0 
1000.0 18.72343 31.12522 18.93665 0.0 23.59076 25.64177 30.4455 13.93343 23.72666 27.84784 9.30692 0.0 12.9164 12.88988 14.43766 8.26462 24.33515 25.79512 32.02497 0.04042 28.1476 17.92094 31.8955 25.31198 19.80002 11.88594 19.54353 31.14002 27.4943 28.32944 
1000.0 16.40574 8.00305 34.62312 0.0 9.87889 20.98409 29.49876 37.28095 17.31977 18.79728 21.53785 0.0 26.01867 28.54484 18.40568 33.84373 14.72455 10.95747 24.29775 0.0273 8.52816 28.96979 27.96321 25.04602 10.12749 13.73919 19.484 19.50701 16.07733 37.14896 
1000.0 27.98756 28.19222 26.61076 0.0 13.05285 35.09739 28.28755 36.48046 23.29727 35.96677 29.74173 0.0 32.88622 16.78528 29.27858 26.95538 23.66404 29.35347 12.99183 0.03218 33.95296 34.07926 22.48928 22.30409 23.27592 14.62273 24.83834 37.28794 35.83241 9.11636 
1000.0 15.91354 30.06007 7.58881 0.0 34.23919 14.21183 19.26898 12.34771 32.30405 36.53235 37.11263 0.0 30.68155 12.35964 26.10426 15.66945 8.05782 34.59557 19.50616 0.01987 14.40956 26.34965 15.31975 23.35052 32.29788 22.20579 29.07452 33.23822 8.87201 13.54721 
1000.0 21.25809 26.1096 10.42731 0.0 16.2563 12.95498 27.96094 28.18039 21.88148 27.11123 37.43444 0.0 35.34421 35.1489 33.72047 29.4438 37.12623 32.27816 16.2079 0.01344 31.59069 28.51418 28.29719 24.98905 11.56581 28.47169 16.54413 10.8147 30.23016 8.4477 
1000.0 19.62216 18.67077 34.45923 0.0 23.98601 32.54196 14.24537 12.48198 26.05674 19.11785 12.62044 0.0 14.93982 17.62685 26.66742 14.46598 8.21425 8.62486 36.21117 0.03849 32.45868 8.98959 8.72458 8.68583 22.14309 11.74806 33.53287 25.89102 23.21479 12.76693 
1000.0 22.32823 9.15584 9.52543 0.0 9.02564 23.29807 22.66788 13.62589 24.63652 10.43585 33.70964 0.0 25.11607 7.66258 24.06138 11.92412 33.45689 19.13186 8.86875 0.02776 15.1795 15.74766 29.88368 15.03611 19.71518 35.80085 35.27219 33.71788 17.22458 33.38736 
1000.0 0.0 0.0 0.0 24.97027 0.0 0.0 0.0 0.0 0.0 0.0 0.0 14.37686 0.0 0.0 0.0 0.0 0.0 0.0 0.0 0.0 0.0 0.0 0.0 0.0 0.0 0.0 0.0 0.0 0.0 0.0 
1000.0 16.31489 28.09909 21.67308 0.0 36.87503 10.42155 18.86079 27.94745 7.70238 32.5602 28.24644 0.0 12.07387 13.62936 24.85277 11.13832 11.41902 11.68594 29.77908 0.02208 25.1939 20.00054 23.91163 26.71804 14.11815 10.38342 25.84603 36.49508 35.22805 28.57754 
1000.0 12.82501 13.70203 13.01544 0.0 27.43665 7.74242 8.88743 9.58275 10.76937 15.66761 9.77189 0.0 13.24329 28.94757 37.08599 8.40526 28.00399 20.81396 19.486 0.03525 7.57816 27.76537 12.83891 14.41871 21.87564 29.16979 28.37473 34.32452 10.38708 25.19254 
1000.0 11.76665 33.54604 36.73736 0.0 25.88316 33.73815 9.30613 16.67359 17.46756 10.05032 12.43114 0.0 37.08897 15.36537 35.58933 32.34564 18.53131 29.17571 20.27434 0.03913 18.63006 9.26359 10.25998 31.35552 27.45237 35.85237 13.72675 23.55383 25.11291 26.48855 
1000.0 34.19353 26.56908 22.81288 0.0 9.59233 22.87059 26.26138 24.92874 18.76493 23.73457 17.04164 0.0 17.87144 20.00942 16.60681 14.57456 37.24367 29.66268 26.68958 0.01967 11.32562 25.29521 16.73535 29.0543 10.95391 31.80845 25.48232 33.38707 15.8474 28.02706 
1000.0 34.00355 18.40507 34.80743 0.0 11.79105 19.96318 12.86968 32.5791 7.66742 30.78289 26.13209 0.0 12.09328 17.94052 10.25742 17.98919 33.64737 36.3277 21.12496 0.01132 31.12655 16.87533 10.77421 28.20852 36.81275 31.08655 13.0251 35.73714 10.17362 16.38472 
1000.0 37.53454 19.27944 15.19719 0.0 25.0932 20.31249 27.21361 25.64696 12.13619 18.62004 30.10574 0.0 12.87312 12.67665 18.31691 16.93483 23.35508 37.26886 23.92405 0.02553 32.74681 24.6196 34.72352 13.14761 21.74856 18.46941 23.07355 30.89788 29.49805 30.75734 
1000.0 19.15132 30.12233 31.02072 0.0 30.94934 24.17963 33.11443 10.14547 16.92 22.14937 36.65976 0.0 7.53579 9.94725 23.33335 30.31744 10.8593 32.94774 26.82278 0.03528 30.78401 29.67861 36.89277 28.52461 18.59165 9.48913 15.56248 29.57123 36.67436 14.30061 
1000.0 0.05682 0.15101 0.09355 0.0 0.06455 0.12882 0.07949 0.13187 0.07511 0.09821 0.1634 0.0 0.03946 0.08221 0.14137 0.05565 0.111 0.09063 0.09577 19.66412 0.09473 0.03873 0.10664 0.1297 0.07019 0.07215 0.05984 0.10012 0.15297 0.07824 
1000.0 27.42795 8.66019 16.78783 0.0 36.38475 11.84792 31.88216 10.10075 19.64351 26.2123 16.94478 0.0 22.90321 27.6836 27.02212 12.02297 22.54828 27.61134 14.2084 0.04082 19.41325 16.90463 32.43752 18.3051 22.53857 8.18911 18.76085 16.78357 36.05076 31.01003 
1000.0 36.28217 18.09207 22.06176 0.0 36.86239 32.60912 11.34583 28.24077 19.52105 26.42232 20.79687 0.0 20.14262 22.25905 26.62092 28.33105 7.69423 32.02246 26.24086 0.01919 26.13815 37.41727 26.57937 16.02213 14.99972 29.70298 25.57323 37.4974 16.22726 24.96627 
1000.0 7.5671 19.97408 12.32178 0.0 31.14493 17.11214 25.43992 34.02303 23.64985 20.82929 31.71018 0.0 8.86126 20.75434 14.74652 29.63015 15.50911 36.60591 18.93747 0.0217 27.21777 31.4099 31.11749 33.45975 17.28945 27.71844 23.43326 33.7353 12.62619 26.68131 
1000.0 14.31603 30.30508 31.63197 0.0 9.83753 18.11205 30.6265 32.20541 11.47707 11.59231 8.61634 0.0 10.88867 36.56082 26.55404 36.09888 17.14508 8.93257 31.87341 0.0256 18.312 15.45644 9.29599 27.66014 19.1631 16.73009 10.94587 18.66187 26.66181 35.36453 
1000.0 21.9029 10.63675 31.57779 0.0 9.77273 22.41626 14.44896 22.62138 18.70712 24.48313 17.2684 0.0 28.94836 13.71552 10.52871 16.74486 35.83832 14.6103 17.85075 0.04039 20.89633 17.02246 20.92931 14.77428 23.7866 22.25803 33.57832 19.84893 28.20783 32.26117 
1000.0 22.03427 24.01599 24.70604 0.0 10.47508 32.07167 25.19452 17.17846 11.21852 24.55862 15.81144 0.0 29.29761 10.92494 36.86337 24.57081 11.08004 27.94858 29.47824 0.02794 13.92112 28.0495 14.65369 30.83066 29.95236 26.31228 8.14546 16.0478 11.47521 11.72806 
1000.0 27.11393 35.18119 33.74363 0.0 28.18297 28.39826 28.94736 20.04062 8.78505 33.9764 14.93242 0.0 30.14668 17.9365 37.51707 14.90816 24.36946 26.9695 24.2836 0.0416 18.44345 28.26246 22.50021 22.02345 31.75986 10.078 7.97687 9.28045 24.25597 14.56533 
1000.0 24.4204 15.2212 36.24531 0.0 25.77853 31.26912 9.17894 33.2309 16.05661 23.60294 9.29066 0.0 29.82838 15.90717 32.16269 12.37865 34.33139 24.92234 20.83302 0.0321 15.91288 8.29963 19.80719 34.6116 32.23891 9.27598 19.88982 7.79937 26.79365 21.44005 
1000.0 21.96637 27.4101 32.19244 0.0 24.46565 25.94736 11.25458 19.33006 13.0971 18.17257 19.84553 0.0 13.47312 16.47237 15.29819 28.95528 35.6366 23.79652 19.13996 0.03172 7.57946 23.77588 34.26033 34.07857 31.43832 21.60383 16.76156 28.42532 23.90012 18.10309 
1000.0 23.8612 35.92711 18.15747 0.0 21.05602 33.59903 9.27533 12.37243 16.21524 36.59501 37.21159 0.0 21.90798 19.00525 19.38412 18.46034 16.39085 8.84337 25.40636 0.03858 7.8744 7.72189 8.80469 10.1243 22.91946 36.01033 12.64414 12.90626 25.37029 27.02016 
