1000.0 1000.0 1000.0 1000.0 1000.0 1000.0 1000.0 1000.0 1000.0 1000.0 1000.0 1000.0 1000.0 1000.0 1000.0 1000.0 1000.0 1000.0 1000.0 1000.0 1000.0 1000.0 1000.0 1000.0 1000.0 1000.0 1000.0 1000.0 1000.0 1000.0 1000.0 
1000.0 23.30866 16.57534 26.23649 0.0 31.73039 19.76033 15.71469 33.10217 16.77803 37.38731 22.96443 0.0 29.53431 17.5302 40.15559 33.27334 27.12726 23.25992 9.32975 0.02477 10.36065 19.051 38.20536 31.00099 26.66766 24.9928 16.43334 10.66733 32.96648 33.98561 
1000.0 17.72565 9.45427 19.60825 0.0 32.08998 18.93297 20.86179 27.26925 39.95502 33.51564 39.51085 0.0 9.39339 39.72449 34.00362 12.10576 17.60565 41.89437 16.50219 0.04063 35.03095 37.53462 26.60281 20.64353 38.77782 36.91384 21.74342 16.84875 34.14231 19.27544 
1000.0 12.73943 25.91177 14.79543 0.0 38.90157 36.04275 40.87491 37.42861 12.93424 33.75466 14.97702 0.0 31.75623 40.40898 38.14769 39.39541 23.78494 41.21509 23.1338 0.02823 9.54288 24.57018 16.76039 36.40422 12.6922 17.67983 36.51736 12.21576 24.53247 13.89597 
1000.0 0.0 0.0 0.0 26.71518 0.0 0.0 0.0 0.0 0.0 0.0 0.0 14.61215 0.0 0.0 0.0 0.0 0.0 0.0 0.0 0.0 0.0 0.0 0.0 0.0 0.0 0.0 0.0 0.0 0.0 0.0 
1000.0 8.96569 28.99458 14.32399 0.0 42.62901 28.28838 37.04181 29.05454 31.25415 26.97273 32.36201 0.0 15.1043 28.27682 32.01952 28.58448 38.69415 13.80261 17.38623 0.03179 21.59286 35.32648 23.59516 21.16277 41.72348 37.90914 11.92778 31.14748 9.90097 27.01135 
1000.0 39.33012 38.72196 28.95121 0.0 19.77626 37.61244 31.88401 18.5594 9.32882 12.50735 25.70047 0.0 24.47369 9.62135 27.78727 17.86494 27.80828 27.08135 19.6391 0.04293 33.93721 42.16267 9.19668 35.60917 8.56615 17.63137 16.10797 39.92935 38.18619 27.51442 
1000.0 38.04749 19.65806 34.2215 0.0 41.64985 16.14078 28.77321 24.21335 9.97436 34.66492 20.93883 0.0 31.74739 15.94632 30.40363 25.07842 10.40547 34.88292 35.45524 0.04484 9.87209 28.43123 26.02788 32.58166 24.13334 20.44294 18.372 29.19081 41.21247 29.07348 
1000.0 25.64103 13.53517 28.21998 0.0 40.41308 11.55017 35.98168 16.07882 15.86052 28.89999 27.60367 0.0 10.114 27.13297 11.12758 16.11335 14.35833 36.08641 33.87546 0.03303 18.14222 28.10373 19.44538 27.91219 15.2216 14.67593 34.83258 42.30373 21.69633 19.67017 
1000.0 22.80192 9.57366 24.38886 0.0 42.16881 30.72019 16.65664 15.8851 18.7864 35.25281 10.64592 0.0 30.93063 41.32232 39.22063 9.05012 13.406 36.94725 17.73904 0.02337 37.57767 36.27602 25.83913 17.95369 14.06911 35.34087 17.35409 18.3987 36.69117 26.52728 
1000.0 11.99322 36.26323 11.09484 0.0 19.87521 19.87769 25.02681 22.65937 30.83628 12.64123 29.79975 0.0 33.02845 28.7323 18.63798 32.30026 35.69746 11.89517 33.29046 0.04118 25.27445 9.43675 36.25728 13.17175 18.54057 33.19374 31.04339 13.95736 28.72049 34.98051 
1000.0 12.3067 17.09419 10.28485 0.0 10.49564 40.00907 39.91932 34.84211 26.19661 29.34035 22.75262 0.0 22.97159 30.78993 33.76121 40.9187 25.86078 29.80912 15.42727 0.03439 11.23416 41.24342 13.66728 12.96517 28.70506 40.98315 15.33991 39.20373 18.3912 12.30267 
1000.0 0.0 0.0 0.0 27.33111 0.0 0.0 0.0 0.0 0.0 0.0 0.0 36.77198 0.0 0.0 0.0 0.0 0.0 0.0 0.0 0.0 0.0 0.0 0.0 0.0 0.0 0.0 0.0 0.0 0.0 0.0 
1000.0 14.80337 23.16322 18.01079 0.0 18.85981 30.24886 40.73671 42.67579 37.10659 29.84883 25.64446 0.0 14.60553 33.08928 42.31719 21.55771 25.22382 14.91022 35.82292 0.02783 20.40888 22.6501 32.87041 22.62992 36.66656 21.2866 41.2273 39.93889 11.94919 40.00252 
1000.0 16.84186 36.6116 13.45618 0.0 14.27124 34.55057 35.25058 40.37666 36.34066 37.74604 25.80763 0.0 9.96878 41.66194 32.89317 36.21107 32.56234 14.78726 25.73714 0.0137 34.21487 31.41509 27.69417 36.05992 19.67425 23.91249 12.40689 38.19405 28.48999 41.72159 
1000.0 12.94745 34.22786 20.94515 0.0 38.72024 9.24175 25.14717 21.99039 39.00635 34.83474 23.56247 0.0 23.48534 35.06705 31.95802 31.10222 30.85296 22.93445 16.76547 0.02396 17.47139 23.08545 11.13544 9.87676 18.56006 32.63555 13.70181 18.30524 35.77748 33.78002 
1000.0 11.69083 33.06303 34.1022 0.0 34.87767 11.39794 9.67731 11.11145 39.9254 40.84697 11.50774 0.0 26.2774 36.33301 39.30619 9.42214 10.92538 12.513 28.42698 0.03955 30.25015 25.96924 42.58641 25.77429 25.06487 16.14684 19.74884 26.18236 23.75948 40.7681 
1000.0 26.44507 13.627 36.29103 0.0 28.07874 32.31353 22.06539 35.76234 35.94678 21.47698 14.16842 0.0 18.96113 17.74186 13.00422 26.86594 27.88522 35.79101 13.1368 0.02298 13.15911 41.72737 21.86484 21.34508 24.24287 15.12856 31.9136 28.51659 13.41824 14.01885 
1000.0 15.05682 42.09043 30.80464 0.0 32.574 29.31094 14.43135 22.93499 23.81025 40.08249 40.49919 0.0 23.82249 19.73792 31.66918 9.80605 22.84078 28.77917 37.6196 0.02809 24.0225 21.68719 32.39116 31.8256 20.82865 12.70893 37.97454 31.90503 10.6483 32.52054 
1000.0 38.78862 37.64976 14.00343 0.0 42.67689 40.45075 23.02678 11.27114 32.84472 27.18437 9.49826 0.0 9.11519 39.52086 28.31031 26.88423 12.73152 27.61815 11.55531 0.02153 42.42026 35.17669 27.76362 30.34091 36.03025 24.49483 10.84125 41.57786 11.58406 34.54315 
1000.0 0.17346 0.15072 0.1244 0.0 0.0722 0.10332 0.10476 0.07391 0.17073 0.16955 0.10639 0.0 0.15679 0.15002 0.122 0.04588 0.0794 0.08968 0.17172 36.89238 0.09571 0.08091 0.11264 0.11029 0.08114 0.13924 0.13893 0.15534 0.06811 0.11097 
1000.0 35.97925 30.68453 15.87333 0.0 23.72055 40.74698 16.13847 38.41733 35.86166 41.72253 16.51372 0.0 31.07028 30.4824 12.03894 39.11225 31.71734 23.34598 16.58399 0.0291 32.48336 25.16182 40.91795 23.1031 34.92875 20.31766 16.98592 29.40021 25.48248 19.41568 
1000.0 18.48941 24.95312 36.11524 0.0 35.4725 22.60942 13.65244 31.9261 12.73511 41.89837 12.89361 0.0 39.75332 11.10039 19.74149 8.73862 41.26099 13.91106 18.20508 0.02178 22.5218 25.19257 19.94568 26.52122 22.96149 17.58733 28.33146 41.04935 14.96081 21.20605 
1000.0 15.96489 17.64792 8.90793 0.0 21.15944 42.30025 34.61593 17.95855 35.21204 18.32098 31.91487 0.0 41.66248 19.82035 33.93005 13.94934 24.70505 17.40887 37.40997 0.03046 11.35882 35.95062 14.85761 29.84355 42.09061 12.39579 38.20091 37.0709 24.53692 9.7619 
1000.0 33.58504 35.96454 15.34955 0.0 35.71132 42.42724 23.16625 12.30757 38.85035 39.4091 10.97553 0.0 39.31737 14.98695 28.80953 27.94872 29.61747 25.86947 10.64343 0.02404 19.4891 17.9997 17.52972 42.20466 25.77403 21.22738 37.26843 31.82019 33.88453 28.23329 
1000.0 12.14148 29.41007 15.26171 0.0 26.05351 25.12124 16.22785 12.39126 14.55723 19.53682 19.61393 0.0 20.83341 30.30824 25.41186 15.88239 27.22919 23.9431 11.2658 0.04169 39.43922 31.58559 9.3717 26.91483 35.57447 32.35922 40.56376 18.9471 15.8586 17.63672 
1000.0 28.85395 41.91801 17.35481 0.0 26.16535 17.96742 36.62809 31.29302 14.22942 24.90599 19.65457 0.0 21.74558 13.55375 38.7954 37.41447 23.2071 40.57178 12.49679 0.03802 19.39093 30.14639 30.11512 10.26661 38.43323 8.74728 16.45785 33.22123 38.46176 20.0505 
1000.0 36.63325 38.75039 31.54028 0.0 36.12978 26.34368 17.17156 21.10877 28.16543 36.63736 37.19741 0.0 10.72205 10.33993 29.11991 35.79347 40.29643 14.2222 41.11756 0.04422 32.74401 14.47732 32.74149 23.65313 41.68748 11.29538 11.63103 31.50353 30.685 34.43699 
1000.0 38.1819 24.03777 39.70191 0.0 16.81024 39.83179 25.6903 10.85039 16.22754 21.20162 38.712 0.0 17.42033 41.45823 38.37501 12.48452 27.95338 14.26468 23.13359 0.03577 35.48669 19.96442 14.86624 31.2687 26.15665 40.08963 17.74775 23.11633 8.86442 25.86049 
1000.0 16.74428 28.53734 38.96632 0.0 14.62389 19.65104 14.97948 26.25079 10.64737 25.72227 15.4486 0.0 10.12816 20.29551 40.2721 30.02961 33.65928 34.12086 42.38288 0.02551 12.05236 18.73146 29.67685 10.43335 28.76496 41.68695 18.50614 19.17187 37.57168 24.47964 
1000.0 13.80158 37.7422 21.89479 0.0 31.0427 34.46662 19.40234 12.02488 15.84237 38.18337 34.93129 0.0 41.50739 31.55727 9.78083 30.01402 23.44235 39.40596 13.95814 0.04356 10.69313 15.09469 16.54732 14.27738 35.06753 20.22818 27.74436 34.30617 18.27505 26.23676 
