1000.0 1000.0 1000.0 1000.0 1000.0 1000.0 1000.0 1000.0 1000.0 1000.0 1000.0 1000.0 1000.0 1000.0 1000.0 1000.0 1000.0 1000.0 1000.0 1000.0 1000.0 1000.0 1000.0 1000.0 1000.0 1000.0 1000.0 1000.0 1000.0 1000.0 1000.0 
1000.0 22.48336 24.09596 20.05878 0.0 11.94636 21.22675 24.09589 32.51161 38.58383 22.03264 24.3927 0.0 26.05921 21.43169 12.29793 36.56652 37.22285 10.23529 25.84072 0.01014 13.57862 16.91078 33.34392 10.70287 27.66707 23.15068 30.33716 10.71049 33.97347 37.91509 
1000.0 41.77457 38.92214 8.54504 0.0 32.59341 22.28431 16.15813 24.34945 23.24583 18.01024 27.73818 0.0 29.82209 17.23005 38.945 23.09825 21.77984 19.18609 13.84441 0.03823 31.4595 27.92736 29.85736 12.72212 12.49301 15.82576 11.79763 38.65055 40.35847 41.89993 
1000.0 27.65338 27.57921 38.52723 0.0 11.20851 19.89773 11.38352 10.8407 38.18733 29.43849 15.73014 0.0 16.3041 18.55513 19.79399 19.59218 16.33211 24.45067 18.20838 0.03718 13.95846 23.65424 26.70644 26.57434 11.5525 30.83907 20.23769 18.58673 24.39697 23.1478 
1000.0 0.0 0.0 0.0 28.16846 0.0 0.0 0.0 0.0 0.0 0.0 0.0 32.89337 0.0 0.0 0.0 0.0 0.0 0.0 0.0 0.0 0.0 0.0 0.0 0.0 0.0 0.0 0.0 0.0 0.0 0.0 
1000.0 41.85213 18.18772 16.15176 0.0 25.88942 16.29567 12.14068 26.99749 9.04808 10.92554 25.91542 0.0 25.2352 15.87149 17.66942 22.17817 13.70112 25.62103 29.20366 0.02303 32.09983 13.07133 11.57222 18.4711 15.79634 8.73004 42.33342 40.30353 19.33478 39.99097 
1000.0 33.89289 23.43564 37.33548 0.0 39.48996 28.17554 35.49913 10.54358 41.60608 14.5217 33.4752 0.0 13.21712 36.98794 23.93944 41.37161 40.91173 25.06181 17.15943 0.03796 15.15913 17.35136 39.83275 24.6061 27.02177 13.78996 9.47637 16.50903 39.87665 9.52886 
1000.0 35.7062 22.62409 35.58593 0.0 33.13999 16.51803 36.74363 25.40164 20.00974 39.22679 27.8514 0.0 25.56553 25.94104 29.35806 17.88 33.655 26.04828 27.10647 0.03409 26.98161 8.76494 23.14763 36.01425 38.18047 15.82916 37.48962 19.04514 31.32524 38.04411 
1000.0 41.42614 38.93873 29.87007 0.0 36.44304 28.49365 18.96308 22.99216 25.25959 17.87999 41.18175 0.0 24.7295 28.55438 16.78673 22.76332 12.18673 24.32121 9.28219 0.02593 23.25638 33.42203 37.49353 41.61902 12.71357 15.56504 9.66689 11.49068 17.52049 39.86503 
1000.0 38.80801 30.29015 39.00771 0.0 9.07705 25.65516 38.50473 21.5235 30.51706 26.58547 14.81653 0.0 24.93441 38.80795 28.50788 22.89061 9.06367 34.76195 10.393 0.03576 14.45461 13.31869 40.29912 12.63332 36.61737 16.84722 37.14409 35.79211 27.8749 9.32853 
1000.0 30.22495 23.46753 33.00459 0.0 33.17751 12.68674 39.88854 33.57409 18.57893 35.25336 11.96567 0.0 42.05867 41.6568 13.97492 26.82446 27.74192 11.50318 22.86435 0.03737 37.88 22.09559 19.02135 28.2879 36.67142 22.83183 31.51809 10.93962 21.53735 19.53609 
1000.0 22.23223 31.49084 28.0723 0.0 33.47804 33.86654 16.41144 29.57631 36.50558 27.67357 16.97606 0.0 24.95244 15.84059 30.45981 11.14588 17.12201 23.7946 42.24983 0.01899 16.10021 16.84657 23.83238 31.51121 19.73823 38.04731 29.13773 20.8452 42.40398 16.07172 
1000.0 0.0 0.0 0.0 26.66461 0.0 0.0 0.0 0.0 0.0 0.0 0.0 39.11005 0.0 0.0 0.0 0.0 0.0 0.0 0.0 0.0 0.0 0.0 0.0 0.0 0.0 0.0 0.0 0.0 0.0 0.0 
1000.0 35.17933 40.32611 37.53551 0.0 26.33343 32.79395 32.67416 29.52261 9.82054 13.75059 18.05853 0.0 33.06474 25.18845 13.9972 24.17997 35.88782 35.21626 36.67739 0.02415 36.59514 37.59711 32.26127 30.78605 31.32213 24.65719 26.35379 24.30474 40.85293 31.37839 
1000.0 38.53209 30.7861 41.07647 0.0 15.08371 23.89726 27.6967 23.39057 17.29771 38.92577 23.22366 0.0 21.9891 19.94598 9.30517 15.75663 14.28973 33.56393 36.20284 0.03429 33.06533 23.37139 11.92773 30.65237 11.01127 40.87279 38.36951 20.58798 33.73254 30.3194 
1000.0 14.50273 16.77554 36.45459 0.0 11.48304 30.95657 11.75828 28.08349 10.18239 40.85699 37.97617 0.0 15.80755 24.35065 18.83185 15.97296 30.68491 40.68013 26.57718 0.03211 34.43621 34.47105 23.40753 34.9653 21.95359 40.69042 26.19227 39.74157 14.9131 36.37533 
1000.0 36.05443 26.20466 40.83067 0.0 34.49306 36.23374 10.54499 16.49242 27.15285 15.71021 28.26028 0.0 30.72382 30.61832 23.69199 31.85526 42.41029 30.62018 24.68365 0.01707 39.26971 25.78713 25.44324 41.30021 10.11312 27.77173 15.23625 38.22774 36.6375 26.51175 
1000.0 14.68299 24.91148 33.8147 0.0 13.68497 21.97161 32.87987 15.47969 22.07654 28.52487 18.39085 0.0 16.04428 8.97412 13.84211 14.29338 15.23213 42.38831 33.49439 0.03203 22.96853 38.02259 19.16375 18.30733 12.1978 17.73816 16.85902 27.83745 17.29561 41.21868 
1000.0 10.99349 18.91133 17.28892 0.0 26.22155 36.80878 31.37726 39.23187 19.29561 37.42605 20.47503 0.0 20.29294 39.60086 11.28052 31.93655 33.77988 21.68783 40.33554 0.01628 28.98899 40.72762 33.28035 20.35047 16.87516 33.30111 28.09081 42.28246 21.82795 36.25683 
1000.0 22.3853 40.93803 26.70552 0.0 22.37629 30.55549 10.71305 27.1771 9.26559 33.13275 34.84612 0.0 36.9385 29.16442 31.21754 37.09748 22.02074 37.76689 30.94639 0.03486 24.07805 11.5756 37.0966 26.73259 29.45562 38.17439 25.79087 32.21791 19.72319 14.12343 
1000.0 0.07863 0.03853 0.06869 0.0 0.08671 0.17587 0.15207 0.08711 0.10379 0.07921 0.11526 0.0 0.13496 0.14492 0.17144 0.04861 0.16722 0.17661 0.09929 29.80184 0.14219 0.13445 0.17652 0.07641 0.04869 0.14981 0.07791 0.09626 0.11784 0.10946 
1000.0 12.29486 18.2357 26.70461 0.0 28.44768 35.19193 16.60072 38.92088 26.13494 32.58602 12.86604 0.0 31.2285 40.89996 31.09972 34.54352 27.19209 16.54998 20.20574 0.02139 35.88851 22.66819 34.77843 28.65733 15.1157 39.6939 10.75894 36.77715 34.62169 11.6957 
1000.0 14.9233 20.48509 22.01587 0.0 31.63438 39.03941 40.60327 18.71533 20.75909 32.10862 16.93828 0.0 36.26723 31.26405 33.80489 20.44308 11.09002 32.5156 37.54548 0.02223 23.16064 17.97257 15.9011 31.05822 24.18433 27.99385 39.24791 36.78141 22.21813 24.65834 
1000.0 41.04521 21.73681 41.22568 0.0 20.26041 22.3759 22.95274 30.84313 9.33932 8.73218 20.91434 0.0 28.71078 12.11923 20.75166 22.41425 10.48752 37.37723 22.78985 0.04364 23.47422 35.5135 41.62145 16.42087 38.00969 22.12762 34.52524 18.89133 12.61246 36.24298 
1000.0 39.47595 23.00593 11.72169 0.0 35.39389 24.27142 10.64137 22.99214 8.65978 36.03556 39.64128 0.0 28.9462 29.98003 15.29942 31.0585 27.9335 34.50631 31.86179 0.04469 30.29889 10.73984 33.78263 25.26003 11.87859 22.94823 9.99203 27.73664 28.06875 42.56599 
1000.0 34.66058 27.51688 24.41903 0.0 26.59888 20.16313 17.47705 38.87927 30.08092 11.82919 23.79129 0.0 39.15553 11.40752 15.73097 31.45546 41.54698 25.21602 23.06584 0.04323 24.94416 26.28676 13.66167 32.19247 11.33375 26.61322 16.86626 18.91833 39.21771 11.86688 
1000.0 16.23275 40.65609 25.61147 0.0 24.43887 21.33932 33.38758 34.93738 23.04664 23.12766 9.0302 0.0 39.88242 22.02447 16.19567 11.46168 27.13326 13.28608 33.69317 0.04615 10.75557 22.12859 39.41971 41.5029 16.59128 33.18929 30.14651 10.08054 16.89858 19.07309 
1000.0 28.00718 35.79437 39.52343 0.0 22.98421 11.90172 9.97187 10.04234 35.5195 26.60478 36.25359 0.0 18.82657 38.51636 27.31053 18.2624 28.14235 27.70007 12.51533 0.03322 22.48388 34.89928 39.79282 24.2689 10.97087 38.33201 31.07813 31.82001 25.11838 29.07994 
1000.0 10.30459 31.06179 42.2109 0.0 35.00974 10.25662 13.31929 33.452 20.04186 42.59648 19.80791 0.0 38.81339 37.36737 32.52502 38.3876 31.57568 16.95715 30.35162 0.02251 33.19941 41.71164 41.37673 15.24446 41.6608 22.74946 19.74267 25.01378 25.49421 30.1055 
1000.0 9.77122 24.99475 36.24633 0.0 11.47411 20.4447 10.32317 42.20875 8.7098 40.10169 30.14998 0.0 18.14939 22.36808 35.83362 19.81188 34.2878 24.62181 28.02011 0.01691 30.93684 17.18916 10.67679 25.23196 14.08104 41.50957 11.76778 26.28805 36.58432 23.05992 
1000.0 28.93907 8.54146 23.23304 0.0 23.82256 34.80793 13.57232 26.24094 40.91828 15.48266 23.1581 0.0 36.32735 39.16932 33.96389 15.50292 21.21826 8.9844 35.11305 0.03044 20.28958 9.23597 19.95902 12.85631 19.47934 13.51994 24.95008 25.55278 33.74649 34.3883 
