1000.0 1000.0 1000.0 1000.0 1000.0 1000.0 1000.0 1000.0 1000.0 1000.0 1000.0 1000.0 1000.0 1000.0 1000.0 1000.0 1000.0 1000.0 1000.0 1000.0 1000.0 1000.0 1000.0 1000.0 1000.0 1000.0 1000.0 1000.0 1000.0 1000.0 1000.0 
1000.0 24.20522 11.43823 27.37193 0.0 43.43397 18.17344 29.12598 44.297 40.44149 43.84837 27.42734 0.0 14.29224 10.58325 22.50886 9.42153 39.25352 37.90284 14.43378 0.03514 14.00977 35.89264 15.52801 9.06069 30.7894 16.19549 22.70528 9.34018 11.49352 29.93892 
1000.0 16.53805 24.58493 28.15288 0.0 39.11597 34.49126 9.56863 43.21925 33.22085 32.30066 23.36195 0.0 24.49781 15.06523 37.7517 42.28613 41.16593 12.87785 29.14785 0.03361 22.30561 35.90535 31.85806 38.85999 27.88328 24.05322 10.37635 22.25959 35.48638 20.29942 
1000.0 35.73385 33.9555 9.04934 0.0 35.44196 40.39259 43.22574 29.87535 26.73443 26.70443 42.80733 0.0 10.50717 31.03623 9.03801 32.61472 23.90156 39.8324 36.76876 0.02292 14.33608 41.65437 38.77492 18.43169 40.68584 21.35151 41.27503 33.30619 16.26377 18.75603 
1000.0 0.0 0.0 0.0 22.43828 0.0 0.0 0.0 0.0 0.0 0.0 0.0 11.08696 0.0 0.0 0.0 0.0 0.0 0.0 0.0 0.0 0.0 0.0 0.0 0.0 0.0 0.0 0.0 0.0 0.0 0.0 
1000.0 25.08858 38.22958 35.11371 0.0 19.31236 21.54182 38.15413 43.24562 39.7972 23.32499 41.53448 0.0 42.32768 15.1264 13.11109 14.22246 13.74115 10.22416 12.01768 0.04333 32.52409 31.80542 27.8044 38.12889 16.95974 12.94991 9.70594 24.33273 16.57397 37.68779 
1000.0 29.57812 30.50331 38.10616 0.0 42.03931 12.86826 42.72985 15.14725 9.12888 25.12745 20.07175 0.0 31.19259 38.74858 39.65381 15.0443 34.90649 16.3496 9.66088 0.03169 17.73309 30.60599 24.5373 14.58444 44.13955 32.59779 12.91041 27.47235 27.60632 16.53668 
1000.0 10.72232 34.49964 30.17904 0.0 36.27073 36.05591 20.50134 11.37918 26.90894 39.32184 35.73976 0.0 36.49272 27.68262 15.94839 28.6396 44.09988 20.17759 32.02598 0.03888 23.42977 10.7691 20.29576 15.08205 19.78549 34.29779 11.83357 35.92788 14.34331 18.50906 
1000.0 21.80722 23.99092 10.44761 0.0 33.28003 14.80432 16.14187 41.21738 20.37444 41.02426 30.04503 0.0 18.97475 24.96532 41.30224 27.03595 10.12183 11.03574 40.15969 0.03006 13.3548 33.56533 41.27329 37.51069 39.74937 19.86659 20.46078 22.88794 17.63936 31.84709 
1000.0 12.68828 17.27611 17.54 0.0 40.86612 31.48372 23.4472 26.17925 16.5842 18.66814 16.71549 0.0 32.29115 44.00012 10.64853 23.23319 21.65206 43.97035 29.10119 0.02517 27.99292 21.347 29.83555 22.93623 35.0275 21.85826 20.54722 44.017 16.01711 29.65407 
1000.0 13.99237 18.90862 39.7025 0.0 15.12376 29.68516 21.58032 20.71851 31.96885 42.05952 44.0442 0.0 16.93155 38.03963 29.05172 26.94802 32.75962 15.40929 17.64006 0.0284 22.00216 41.42374 22.21069 19.26198 41.68328 30.45057 38.16558 43.69681 14.9549 19.1606 
1000.0 33.26356 11.14932 43.32574 0.0 30.33694 34.19766 34.72139 16.01877 38.35932 11.53566 23.90462 0.0 23.66637 39.92489 23.57 30.12874 44.09194 36.27009 41.96056 0.03139 21.95306 24.2615 39.85105 10.67965 38.33873 17.45873 28.78269 43.56746 31.49874 27.18007 
1000.0 0.0 0.0 0.0 41.42785 0.0 0.0 0.0 0.0 0.0 0.0 0.0 40.80061 0.0 0.0 0.0 0.0 0.0 0.0 0.0 0.0 0.0 0.0 0.0 0.0 0.0 0.0 0.0 0.0 0.0 0.0 
1000.0 43.60553 10.30476 28.95062 0.0 36.28354 21.6371 31.84666 27.77284 10.7144 21.76972 37.64612 0.0 19.03399 12.69809 40.49912 25.91499 19.93964 14.6923 20.98228 0.02498 16.42716 18.26293 15.22824 41.38992 19.14183 34.42401 20.1434 39.52368 19.90511 37.92346 
1000.0 14.91886 39.4337 14.78037 0.0 29.07965 41.19907 14.1589 44.37747 38.41343 23.21726 28.49578 0.0 14.88565 33.86086 32.67707 17.26043 17.38938 16.25359 31.78145 0.02804 9.87861 16.09296 31.86644 12.05265 36.92052 10.29358 41.77849 32.08701 30.31976 23.50042 
1000.0 29.87559 19.71203 26.90295 0.0 12.20716 27.06563 23.3092 36.47906 12.70571 43.76593 8.94868 0.0 34.04632 32.49259 22.43744 29.48074 8.98992 20.95188 23.1449 0.0404 34.4084 42.79779 20.22769 25.1255 17.89838 10.86726 13.83288 26.64236 12.90045 25.93154 
1000.0 34.81967 30.94167 20.76705 0.0 35.38545 9.73377 22.83026 14.83627 10.0477 10.41313 32.0538 0.0 11.05978 19.12072 13.55422 38.58987 40.99559 32.66302 25.10601 0.03331 14.81824 41.93462 11.73724 23.6814 44.09118 38.36324 35.02872 36.41426 35.38391 35.92118 
1000.0 24.40868 26.1826 26.5273 0.0 15.23115 38.10722 26.30772 12.78015 13.7636 43.75909 36.75428 0.0 16.32427 30.4149 11.55409 21.35464 12.18749 42.70748 16.10001 0.02298 18.31203 35.84557 35.77202 14.13602 42.93432 19.30565 11.00336 16.98658 41.60787 17.61121 
1000.0 23.48932 35.85896 17.75341 0.0 12.39143 31.31002 27.8051 32.96566 25.68055 31.80474 41.04261 0.0 26.98857 37.47476 33.57182 36.90165 41.5825 19.32884 15.15734 0.01452 15.51502 11.43806 10.62581 29.59231 26.18345 44.37311 30.8322 19.60205 11.77874 36.76637 
1000.0 12.64474 34.18868 31.04018 0.0 31.70357 31.99395 43.96551 19.29224 15.55346 27.07905 19.5264 0.0 38.28353 43.95672 18.61425 40.24857 31.77276 19.71665 42.34515 0.02685 17.00393 11.35278 28.95964 16.48709 40.2691 28.52954 36.67104 19.26091 31.01505 21.80264 
1000.0 0.14483 0.04592 0.15098 0.0 0.10641 0.18073 0.14643 0.15489 0.11361 0.12153 0.18337 0.0 0.03896 0.05937 0.08615 0.08167 0.09821 0.03804 0.1845 15.23339 0.11871 0.12291 0.08015 0.04769 0.17678 0.1505 0.03854 0.05056 0.08013 0.17502 
1000.0 22.62009 24.88034 17.47312 0.0 16.12799 25.16317 26.24194 22.47964 26.00892 44.10503 11.25553 0.0 33.10514 13.92167 29.16224 22.86237 11.15611 30.81088 14.86286 0.01208 12.3506 12.53584 36.38547 13.96978 15.61325 38.36985 34.71778 36.75259 33.03646 17.13613 
1000.0 20.86203 35.73177 28.4718 0.0 34.57912 24.18139 41.30576 11.22966 32.81961 12.6719 26.29757 0.0 33.51358 14.58388 40.83405 9.85603 40.56368 42.74789 15.39076 0.02191 34.89209 27.4804 19.21614 29.73416 25.08392 42.10382 15.23079 36.79242 16.92933 24.57404 
1000.0 23.37695 10.13799 33.89881 0.0 32.77437 21.09152 43.14525 21.72363 29.22517 21.28775 32.93433 0.0 14.35912 43.5729 27.77466 32.49146 26.10695 39.61884 23.82965 0.01258 13.93388 34.15687 42.08297 14.36118 38.41488 22.70723 27.75205 14.79679 34.70832 27.26513 
1000.0 30.77341 37.57838 10.65887 0.0 26.89653 30.92741 35.58955 35.88631 11.91328 43.85055 23.16272 0.0 32.47361 28.11694 40.49396 37.69278 34.49631 27.27265 33.66807 0.03198 42.14224 11.16063 40.32091 32.07874 22.86085 20.0423 31.65539 31.72999 20.46912 36.57779 
1000.0 19.96378 14.22437 38.77977 0.0 32.85219 18.26384 20.42806 17.73997 24.78634 38.16901 33.36724 0.0 35.54053 11.70421 26.61806 39.36058 23.03215 25.17926 36.54394 0.01121 10.21421 39.6362 43.01608 10.26075 21.52396 29.58635 14.07681 26.37907 40.04674 43.23083 
1000.0 35.57052 13.53362 43.29537 0.0 38.42365 27.40294 22.00138 29.66027 25.02753 39.85432 17.21611 0.0 31.85244 28.12998 9.24043 17.01014 42.06332 30.76513 26.34519 0.01048 17.93113 19.73635 31.34931 23.53023 20.42333 38.99955 34.57289 16.84921 13.14504 31.92802 
1000.0 15.20985 31.2846 26.26107 0.0 28.70357 20.11192 33.83916 35.6696 34.17076 28.96434 43.92299 0.0 11.13302 27.18905 41.6724 32.94887 44.18302 25.3819 30.39243 0.03313 31.26301 37.54923 33.73916 28.05962 30.30602 10.93127 27.78185 12.46656 23.27877 13.6381 
1000.0 26.73348 10.68134 28.88247 0.0 20.11587 40.79966 10.68293 32.63964 16.31371 11.09447 15.35955 0.0 28.00596 42.78785 28.24664 11.05239 18.2476 40.93282 13.43404 0.01719 31.81802 20.01293 22.80501 40.87751 36.61232 40.91102 26.733 21.51627 32.54271 36.37278 
1000.0 26.63273 28.89513 44.2082 0.0 16.57724 40.19345 35.8679 32.47828 19.36339 9.96976 22.57761 0.0 20.87577 38.48849 33.73601 22.78456 41.63649 21.89934 38.88359 0.01778 40.73219 40.78938 13.62909 16.43616 23.36126 42.64156 30.64839 42.25089 9.99138 43.12691 
1000.0 31.76967 21.00716 41.06653 0.0 12.53243 35.61298 31.96695 17.06449 41.47521 39.35968 29.88762 0.0 23.62785 40.3513 19.79655 43.87922 13.37823 34.65313 18.23601 0.03525 21.24778 32.86342 30.30325 41.55237 33.55028 38.62795 31.71518 26.55378 28.67147 15.78344 
