1000.0 1000.0 1000.0 1000.0 1000.0 1000.0 1000.0 1000.0 1000.0 1000.0 1000.0 1000.0 1000.0 1000.0 1000.0 1000.0 1000.0 1000.0 1000.0 1000.0 1000.0 1000.0 1000.0 1000.0 1000.0 1000.0 1000.0 1000.0 1000.0 1000.0 1000.0 
1000.0 23.18145 28.13091 39.10852 0.0 22.50304 39.53097 16.16703 39.65926 15.1176 40.99468 26.2245 0.0 21.0407 24.84086 22.27879 21.6557 27.11309 26.81411 41.0157 0.04568 35.30696 15.40173 14.14387 24.54827 11.30982 37.34399 35.96476 20.95049 26.80212 12.04356 
1000.0 11.86354 19.24645 13.49973 0.0 25.10235 43.15232 24.6494 42.84991 13.05615 45.61328 43.0918 0.0 26.51206 37.61628 41.74611 21.028 14.17328 14.70948 21.78138 0.0111 37.56957 16.57794 14.86658 11.23269 40.58208 38.23998 39.26273 14.82612 18.51582 11.05134 
1000.0 37.77049 29.19195 34.43115 0.0 33.11051 20.09337 32.78285 44.83162 42.10633 21.92258 23.54367 0.0 12.56878 20.13179 16.82589 29.87813 42.69393 14.34591 16.66872 0.04373 17.64869 17.07292 22.49102 34.75097 14.37491 44.51361 32.01297 9.77275 33.38922 33.88244 
1000.0 0.0 0.0 0.0 34.51353 0.0 0.0 0.0 0.0 0.0 0.0 0.0 23.70971 0.0 0.0 0.0 0.0 0.0 0.0 0.0 0.0 0.0 0.0 0.0 0.0 0.0 0.0 0.0 0.0 0.0 0.0 
1000.0 15.79217 17.02199 35.35848 0.0 23.79621 24.27906 29.91198 16.69108 34.63549 32.43585 45.03674 0.0 23.89016 16.24954 24.48901 11.70333 40.53505 23.50864 25.74138 0.01126 19.90444 12.04211 30.08531 15.28266 34.99916 10.3444 42.62342 39.97749 24.34519 21.12921 
1000.0 15.26334 9.80292 33.92175 0.0 12.02102 10.61998 33.10271 9.74686 26.26484 38.51777 19.62777 0.0 16.20156 23.55534 35.56981 26.23337 21.05515 9.41306 14.34111 0.03434 26.35022 42.1288 21.518 24.09048 28.89582 11.6123 32.76487 13.67631 20.85768 17.61782 
1000.0 28.84095 39.28583 9.65006 0.0 25.18958 24.22546 44.88686 27.4825 32.01879 11.90608 15.02479 0.0 20.60818 34.06472 19.27941 20.5289 23.69886 21.2515 38.88891 0.01771 20.01882 24.52862 16.67221 37.1319 33.35397 32.50786 11.91281 18.0188 26.00803 19.99296 
1000.0 34.70842 31.63294 23.49452 0.0 30.67744 34.03353 28.89969 28.29474 37.47382 23.30683 37.65892 0.0 35.66669 25.12239 14.34244 17.40449 20.85215 32.70393 23.99222 0.02234 21.61364 17.06815 16.93728 29.88882 18.3111 16.9981 23.69834 24.75227 11.55822 35.33654 
1000.0 32.08576 38.12365 33.95936 0.0 22.95025 19.88222 42.28459 11.50468 39.37979 21.53713 21.1981 0.0 41.1412 36.24855 18.40926 18.05072 26.52557 34.8579 25.97717 0.01335 20.28941 23.35234 15.38894 37.82484 36.17673 42.16424 24.90226 23.96929 30.25863 15.18819 
1000.0 12.54372 29.16597 42.27917 0.0 40.53783 44.93065 29.34554 30.52127 12.51111 27.61914 42.66442 0.0 14.36487 39.97517 34.44315 24.78238 26.35339 17.50226 36.61593 0.03661 41.8672 27.60813 19.32518 45.35597 40.80342 18.49156 15.69166 34.1513 33.63052 37.42049 
1000.0 21.47764 28.01807 33.50409 0.0 15.51538 25.86914 11.17752 24.20969 29.97015 24.10816 22.96027 0.0 9.14028 35.56115 25.39169 42.06122 16.62465 30.6701 12.27843 0.02424 21.65733 28.80937 22.70434 12.52187 26.61614 17.09396 38.11963 24.35199 28.36511 31.77781 
1000.0 0.0 0.0 0.0 42.16173 0.0 0.0 0.0 0.0 0.0 0.0 0.0 42.82698 0.0 0.0 0.0 0.0 0.0 0.0 0.0 0.0 0.0 0.0 0.0 0.0 0.0 0.0 0.0 0.0 0.0 0.0 
1000.0 20.12309 30.86259 41.36872 0.0 29.58046 27.66003 35.99617 17.09513 45.4441 17.63418 11.15048 0.0 15.163 14.18225 43.79693 21.63728 37.98596 40.68368 44.22598 0.03235 29.36235 20.45366 38.54959 44.97483 40.39156 13.8766 42.24743 20.02792 35.89243 15.30887 
1000.0 32.91817 37.80457 9.59151 0.0 15.73531 17.19525 29.01428 16.50905 27.85451 18.18923 40.59964 0.0 13.76495 27.96753 36.64185 16.46462 41.58026 26.79898 36.14876 0.04764 18.23784 30.32741 35.40004 38.00739 24.72897 45.43857 16.33833 45.09044 14.32788 41.73565 
1000.0 34.28362 29.24987 42.71947 0.0 28.89128 40.98308 35.46477 15.32672 37.84023 45.46126 35.50441 0.0 12.6479 32.27757 20.67417 30.53835 27.08371 21.60999 29.07881 0.01894 27.88242 44.67349 35.64357 42.45509 15.93229 45.16968 18.5872 30.27799 26.60351 12.95498 
1000.0 14.75228 15.06416 42.39883 0.0 41.76075 13.67418 19.96219 36.24155 41.81478 22.66904 29.74904 0.0 30.29885 14.15182 14.66642 42.4147 45.55251 15.56095 32.55313 0.02856 31.32288 35.97722 34.34455 32.69958 45.11142 31.71902 15.94875 27.56032 25.48138 12.6417 
1000.0 27.21943 14.46319 10.25408 0.0 30.08975 29.52814 44.31042 37.23738 40.32154 38.35588 10.04659 0.0 36.11667 32.03696 29.71919 9.90258 39.11065 35.13162 21.86071 0.02328 27.72207 33.0723 34.4804 30.91644 28.30014 44.69495 39.23555 20.30664 30.17073 18.52024 
1000.0 28.49873 23.91381 22.79013 0.0 26.0304 25.5404 44.90376 44.24338 16.46797 36.04348 32.54472 0.0 13.2718 18.97375 15.1156 26.32699 43.8245 15.0788 31.49897 0.02646 25.24926 36.93567 18.10083 18.36078 10.20199 27.11092 31.7472 14.36307 32.8795 10.07824 
1000.0 11.99413 18.77696 18.22317 0.0 19.86529 25.75895 38.88124 20.24779 40.86936 34.99061 43.10335 0.0 18.89245 38.7124 20.39898 31.47412 35.54921 17.64988 24.49594 0.02824 43.67803 11.15359 42.77099 45.33379 34.47913 32.84326 34.49334 15.9749 26.60898 28.19319 
1000.0 0.15343 0.10909 0.18388 0.0 0.04876 0.15724 0.06039 0.07929 0.13489 0.04361 0.18032 0.0 0.14576 0.05035 0.0484 0.18555 0.0627 0.17262 0.15215 23.94194 0.15646 0.1799 0.04773 0.08302 0.09339 0.15153 0.11375 0.18888 0.18284 0.1651 
1000.0 28.8399 9.34166 12.18752 0.0 26.30616 39.30848 42.34571 16.0097 21.77846 39.58075 14.69622 0.0 28.52589 28.98633 18.10312 10.06727 11.69687 39.35899 42.90339 0.03344 22.83498 14.56023 20.11772 29.30097 16.99782 9.5279 24.81117 16.01241 20.28077 40.04243 
1000.0 13.88463 29.08937 34.87098 0.0 41.67712 16.36513 22.48481 38.49542 19.12677 33.978 29.34982 0.0 30.06791 14.50606 19.3121 25.73402 13.08642 38.3314 10.05598 0.01188 21.48971 31.43525 44.6327 39.47566 30.37432 9.23838 23.76865 40.07816 29.78845 27.28187 
1000.0 33.32769 16.82429 24.74049 0.0 28.75194 24.58455 35.78281 28.57095 13.41807 18.85452 20.91414 0.0 13.93803 15.52994 29.69425 39.24623 11.44904 12.79308 42.57219 0.04765 43.28591 32.95383 45.36607 28.71362 12.86105 15.1339 26.64762 25.50963 10.1222 33.72471 
1000.0 23.55354 19.26684 30.89451 0.0 37.32346 21.99418 12.85689 14.73774 32.9225 44.09054 22.66816 0.0 43.9498 25.1464 18.88089 40.08855 41.4437 17.33794 26.01163 0.01866 9.64164 41.68969 10.292 13.20304 26.99163 33.61785 37.9939 23.57947 27.23588 21.72068 
1000.0 40.20619 11.71071 43.37952 0.0 39.9785 38.43964 17.91799 41.24705 12.76278 36.10876 24.9232 0.0 34.35115 37.08117 32.2915 30.94649 28.74311 28.20846 43.55175 0.03957 24.1478 42.23942 21.97921 36.37225 42.52127 12.43429 30.41822 40.67302 36.13256 12.08614 
1000.0 29.79921 12.36218 18.03352 0.0 41.64151 40.63806 25.70521 22.45971 24.29461 18.06337 31.01738 0.0 29.19249 10.58369 22.29085 22.9008 30.65572 14.16968 18.69881 0.03088 40.76674 19.30632 29.817 22.92535 31.84888 39.26663 14.43508 23.20013 29.95048 35.10328 
1000.0 43.44945 26.55303 24.54711 0.0 21.67656 9.5833 13.00484 24.95555 26.5234 33.74259 38.6157 0.0 35.36909 41.84003 32.36978 29.8722 11.86183 22.50891 41.70534 0.01222 40.2512 27.12915 36.49848 39.13296 20.50097 33.54109 16.58639 41.53004 42.76992 23.8376 
1000.0 43.25913 37.18178 24.09201 0.0 32.48584 18.8228 37.10066 38.14683 20.85722 25.95833 15.251 0.0 18.27919 30.23046 11.97652 45.07647 28.82458 33.03864 40.51196 0.02852 19.13691 18.77468 15.52517 22.40873 37.14078 15.76563 26.14036 10.12734 43.7355 14.65222 
1000.0 15.67908 26.17467 39.77454 0.0 12.43509 14.89096 24.43202 45.54595 26.52376 26.59643 15.57105 0.0 19.17082 15.08606 40.37602 31.68796 39.35918 42.19658 12.99228 0.02704 11.27476 33.56051 26.2357 26.70902 15.97815 27.85623 14.93942 35.9223 39.86402 15.94156 
1000.0 10.22783 10.3036 27.4825 0.0 37.05037 15.09564 22.39676 35.31227 37.85992 22.99499 34.20131 0.0 36.3526 41.29693 37.0359 23.2184 35.04746 9.25684 36.99586 0.04302 14.32377 16.60715 19.16849 21.07916 9.3361 31.32094 11.10893 11.91026 16.58452 35.67627 
