1000.0 1000.0 1000.0 1000.0 1000.0 1000.0 1000.0 1000.0 1000.0 1000.0 1000.0 1000.0 1000.0 1000.0 1000.0 1000.0 1000.0 1000.0 1000.0 1000.0 1000.0 1000.0 1000.0 1000.0 1000.0 1000.0 1000.0 1000.0 1000.0 1000.0 1000.0 
1000.0 17.16356 32.59041 20.6252 0.0 29.95862 25.87168 28.39245 15.48775 19.70877 12.54081 28.85766 0.0 31.27432 28.69108 15.49356 31.9993 19.21991 26.12679 11.53696 0.03561 15.4116 31.86793 19.35304 15.87935 8.57801 14.34989 19.07906 18.13008 24.32608 26.74686 
1000.0 24.96092 8.317 31.80494 0.0 15.10052 13.52409 15.32154 31.84205 21.7077 27.69813 29.37191 0.0 10.64122 32.11869 17.83402 17.82036 20.81749 14.63065 31.98965 0.03998 31.79527 14.62418 7.3684 27.39242 31.62785 11.05753 21.02483 21.50258 11.54641 18.33485 
1000.0 6.68548 11.81009 23.87517 0.0 9.70279 32.29747 9.23211 20.69407 24.22456 20.63594 12.79168 0.0 29.50474 16.85564 30.82613 17.42115 23.22773 9.67118 17.63887 0.03391 17.78546 26.82174 7.23332 22.8586 18.11224 6.79714 21.52793 7.85696 30.30465 10.26336 
1000.0 0.0 0.0 0.0 9.46808 0.0 0.0 0.0 0.0 0.0 0.0 0.0 12.72505 0.0 0.0 0.0 0.0 0.0 0.0 0.0 0.0 0.0 0.0 0.0 0.0 0.0 0.0 0.0 0.0 0.0 0.0 
1000.0 32.97488 11.44679 26.85729 0.0 12.91002 21.76088 27.52347 15.86377 28.40923 25.37355 23.44977 0.0 9.76964 18.90929 20.46054 31.00194 22.43591 25.05107 21.87319 0.02337 20.24345 17.40284 19.19734 14.77376 27.85206 10.08595 28.0462 21.21343 25.79351 12.92629 
1000.0 9.199 32.73183 17.36313 0.0 33.18703 18.95279 16.8676 23.76682 16.38563 8.40249 17.88867 0.0 7.50859 11.49179 26.99953 20.80293 7.35826 21.30109 22.71426 0.02148 27.7348 27.70871 33.18981 25.87744 15.55484 27.87271 15.34396 13.31854 7.13406 9.66671 
1000.0 21.97874 31.24001 29.99148 0.0 26.19731 16.40443 11.89864 25.64206 23.4697 14.50283 15.27299 0.0 32.23314 11.33463 29.36009 23.09234 7.00739 11.62916 28.43885 0.01101 22.8807 18.2923 27.73067 25.95275 32.77446 28.65321 13.67325 7.02773 22.80229 8.60054 
1000.0 31.73009 18.5477 27.62286 0.0 11.17021 16.16847 30.69993 26.76388 25.57794 25.66874 17.63127 0.0 32.32572 31.55723 9.51688 17.84754 13.77465 32.81148 26.58704 0.03995 27.64656 17.001 7.12727 25.76844 28.32044 29.85204 12.27481 32.17228 12.98252 31.67481 
1000.0 7.41076 21.82137 25.61512 0.0 15.81707 13.9007 23.02464 31.3891 17.46824 28.27824 25.74058 0.0 21.41011 28.64138 10.70616 22.25512 32.91894 18.52498 10.15556 0.0146 19.69832 21.46806 26.33544 26.68215 13.82275 8.94794 17.23351 19.51038 14.19852 32.26851 
1000.0 23.88118 30.20939 8.29797 0.0 16.49033 32.36387 24.80476 10.1983 29.06765 28.81251 20.24077 0.0 23.51572 26.89977 21.67083 9.23532 11.86882 29.83906 17.11342 0.01603 26.653 26.633 14.11819 15.43246 12.71877 14.99215 33.2933 6.8043 30.42687 16.66809 
1000.0 22.58448 25.91838 18.15677 0.0 16.92244 17.81511 26.4101 21.25398 12.89244 31.66271 13.76988 0.0 7.63078 32.54625 33.28863 31.93147 25.32786 30.69941 22.16982 0.02641 26.77888 15.43919 23.4736 7.79552 20.0287 32.27672 23.96597 26.14516 8.68191 24.53419 
1000.0 0.0 0.0 0.0 31.49787 0.0 0.0 0.0 0.0 0.0 0.0 0.0 19.71589 0.0 0.0 0.0 0.0 0.0 0.0 0.0 0.0 0.0 0.0 0.0 0.0 0.0 0.0 0.0 0.0 0.0 0.0 
1000.0 32.2342 11.5673 29.07053 0.0 15.04236 11.91901 7.90217 24.34141 16.28047 12.1557 18.84472 0.0 19.34338 18.66165 22.36072 21.07758 21.63735 10.80496 7.57671 0.03771 18.62072 9.4152 31.07406 9.1284 8.45534 21.73201 26.10025 30.69179 18.63294 9.13641 
1000.0 32.84008 23.87156 9.86666 0.0 29.45954 19.36714 31.58219 19.38682 14.63775 25.29157 32.81701 0.0 16.02311 32.13483 9.69524 18.17404 20.62227 17.70852 25.75052 0.02885 19.72329 22.39262 10.77657 20.9188 19.82563 30.29315 26.90851 9.34985 19.24377 33.07437 
1000.0 15.70935 29.45225 15.76965 0.0 13.37981 20.1052 14.88548 31.87048 10.42067 32.46689 22.27408 0.0 22.61299 15.39438 17.94602 29.64607 17.5422 20.59436 26.3984 0.03055 18.75418 16.04714 17.19363 32.83715 28.08769 26.09316 31.69327 30.13175 27.13978 23.02586 
1000.0 10.27495 23.05822 28.11475 0.0 26.39123 11.11027 15.09972 9.35583 30.44599 14.06171 26.51135 0.0 28.84796 30.25946 11.27359 17.14624 25.01607 7.54988 28.01085 0.03482 32.46924 13.32593 9.46718 31.98884 30.76413 28.97441 20.70948 19.70997 28.68711 10.49897 
1000.0 32.9899 24.45197 13.78281 0.0 28.77739 21.37144 22.30115 8.60361 12.69309 11.79753 28.66635 0.0 28.94683 24.07917 12.62711 30.22216 28.72924 15.77347 25.54481 0.02029 28.36718 9.92005 30.37405 6.89642 16.17059 18.47524 11.54515 28.20404 29.31425 11.13303 
1000.0 13.53588 31.69681 13.96679 0.0 24.45671 15.70311 21.21166 26.58895 17.39012 18.5271 28.1408 0.0 21.44219 26.49312 12.01999 22.3896 11.74012 12.78813 9.37265 0.01012 23.76776 31.74824 18.40917 32.89266 15.9271 32.72645 10.28943 21.46737 24.25509 18.30558 
1000.0 18.27936 13.50648 33.15315 0.0 33.01575 17.59693 14.83796 23.11712 18.91988 13.12133 23.25136 0.0 25.97032 18.63358 7.20498 25.5506 13.51684 22.88802 30.73341 0.02302 7.15007 7.17085 15.5902 19.13122 15.31051 9.09018 10.2855 15.80298 17.78033 20.52083 
1000.0 0.07523 0.10809 0.10062 0.0 0.08308 0.0918 0.06473 0.1624 0.08522 0.07797 0.03305 0.0 0.06156 0.11527 0.09132 0.03568 0.09665 0.10366 0.03565 15.39846 0.03378 0.12169 0.11014 0.15357 0.10667 0.03282 0.0356 0.05865 0.03946 0.13955 
1000.0 18.53206 7.91774 18.3477 0.0 26.84396 19.42676 26.59908 21.94293 18.79369 30.85887 31.43998 0.0 6.69241 28.48323 14.97603 25.47196 20.33141 12.16562 17.9406 0.03711 17.44355 21.56612 8.36315 29.68733 17.46309 31.19138 15.29315 32.35291 8.91133 7.9753 
1000.0 15.93514 11.86084 17.81617 0.0 18.53298 12.49284 23.79677 14.04207 21.89806 25.41639 22.63374 0.0 25.64423 17.5265 26.30882 18.66968 26.94651 9.13604 6.70552 0.02563 17.42517 21.39318 31.39045 17.52088 21.83351 13.90017 13.71205 7.34619 28.23254 7.61313 
1000.0 21.46911 12.43415 29.49642 0.0 24.6916 20.80072 17.71506 12.3485 27.97207 28.68113 18.01655 0.0 30.35442 24.30747 19.14544 10.04425 30.1563 28.07991 26.26209 0.01885 32.70334 14.82515 25.80699 19.23436 7.67266 22.18205 12.66504 22.59672 27.98823 19.73011 
1000.0 17.23635 32.51382 18.7657 0.0 18.42421 9.01322 32.00206 13.72616 13.79589 23.71406 24.76217 0.0 8.80963 18.18458 9.79062 11.17775 17.41944 13.38084 23.00978 0.0224 33.34813 20.72555 13.76128 29.2941 15.34204 15.42332 12.05289 15.1431 8.59772 9.34203 
1000.0 12.92517 10.86545 6.80993 0.0 16.12314 8.64973 9.06613 16.13066 12.90704 19.24267 7.7886 0.0 27.3569 17.04172 17.51609 22.13294 11.23395 11.70068 15.65989 0.0223 7.46786 11.10341 26.57772 20.35066 21.26287 24.97304 11.14826 18.57425 19.66523 33.27803 
1000.0 29.04738 19.12617 27.42517 0.0 32.65057 29.46762 30.25924 24.06062 20.41227 12.91119 20.75439 0.0 21.07115 16.51601 27.08374 31.94498 27.73777 21.3102 22.05668 0.0176 22.18792 9.7045 20.03351 23.67211 31.09942 6.7585 17.59606 11.1253 25.74483 7.58502 
1000.0 7.38757 22.81146 29.94894 0.0 24.93474 11.79388 10.1131 18.83435 32.59863 23.27207 8.33013 0.0 33.26529 25.81432 32.63768 30.227 8.97135 12.99937 16.67403 0.02918 13.82127 26.47313 8.58929 18.67442 30.58629 26.47653 18.4037 32.01696 19.52406 23.96326 
1000.0 32.77606 22.9888 24.82205 0.0 11.45779 29.86329 12.20157 25.89919 22.4855 28.22081 21.90508 0.0 17.14335 23.57862 24.425 8.31898 23.22345 25.52724 32.14335 0.02021 27.31573 19.35587 20.48718 19.71327 10.2673 15.54233 11.15882 7.78886 10.06194 21.16549 
1000.0 30.64313 32.29897 16.56444 0.0 14.45176 25.02942 12.37009 20.80627 22.59823 10.25604 26.4484 0.0 12.66661 22.45362 15.0067 29.46651 22.83812 13.42001 21.05251 0.03173 19.00532 17.39605 22.84995 28.66636 31.41099 13.125 9.60747 12.46717 7.56149 20.83434 
1000.0 14.05626 7.05775 18.46936 0.0 16.78814 26.86082 19.59927 24.61673 21.20317 25.90897 28.83304 0.0 12.76597 8.70443 24.74496 31.03669 14.87429 17.68053 13.78816 0.01733 18.54706 28.9399 24.18293 9.36499 27.20802 10.80748 26.88117 31.9346 24.54797 22.88217 
