1000.0 1000.0 1000.0 1000.0 1000.0 1000.0 1000.0 1000.0 1000.0 1000.0 1000.0 1000.0 1000.0 1000.0 1000.0 1000.0 1000.0 1000.0 1000.0 1000.0 1000.0 1000.0 1000.0 1000.0 1000.0 1000.0 1000.0 1000.0 1000.0 1000.0 1000.0 
1000.0 32.75353 45.60038 12.12191 0.0 26.70996 18.31874 22.29514 16.75331 30.93365 17.15876 28.86639 0.0 27.26356 30.19862 17.4523 11.4339 47.57458 12.11949 29.06191 0.017 17.87854 17.40006 19.94212 28.31683 26.40973 44.65172 12.56722 30.30692 19.92538 47.14068 
1000.0 25.16523 31.98241 10.65457 0.0 42.52903 33.34258 38.97632 20.27763 15.60113 27.90134 48.31919 0.0 29.87399 35.4758 42.56097 43.45851 26.29605 27.76442 39.50984 0.0181 16.80359 43.59845 23.59158 43.1504 19.79079 12.99472 45.11811 20.9662 16.38147 41.01428 
1000.0 35.40105 32.84515 27.78002 0.0 35.85825 18.46406 19.12268 37.46995 37.50756 42.24098 22.9007 0.0 45.92643 39.60297 20.09746 36.00298 30.82264 43.45276 39.93693 0.03084 19.43591 21.72085 47.38553 44.55362 27.93712 38.79525 14.57302 34.52196 39.33987 47.40647 
1000.0 0.0 0.0 0.0 42.80901 0.0 0.0 0.0 0.0 0.0 0.0 0.0 31.84636 0.0 0.0 0.0 0.0 0.0 0.0 0.0 0.0 0.0 0.0 0.0 0.0 0.0 0.0 0.0 0.0 0.0 0.0 
1000.0 46.94237 16.24605 28.68449 0.0 9.99222 24.33163 30.36289 35.84014 25.14801 25.54425 34.00315 0.0 44.37716 32.75569 41.02385 13.40474 26.86088 29.6139 10.44784 0.03646 43.92512 19.94114 31.87608 46.61664 36.92646 39.68617 18.42649 42.73695 22.32946 21.31356 
1000.0 39.82695 23.23221 25.16882 0.0 11.1093 18.66758 40.83823 23.19639 13.78118 16.53318 16.21224 0.0 38.63045 45.50604 29.95198 38.27363 16.97195 21.52104 24.50977 0.03172 20.27042 20.51375 48.71889 16.81927 47.55798 44.38003 15.73313 43.30484 30.21615 15.91755 
1000.0 45.05648 22.38028 29.40341 0.0 46.67794 15.47673 25.6758 44.83755 21.58599 13.07619 34.87888 0.0 20.48911 48.28494 10.9518 37.41183 26.49493 39.61927 32.6785 0.04853 39.79358 18.53722 18.58016 14.60142 46.98813 25.62993 19.76944 17.33687 39.83039 32.43734 
1000.0 18.90431 35.34742 32.74733 0.0 26.04634 26.05551 22.35125 16.38754 44.10932 47.54237 14.76299 0.0 30.2389 17.00874 45.32577 42.35192 34.8477 14.77175 23.83112 0.03437 19.36176 31.81367 35.28231 26.24479 40.13613 17.60472 42.93407 41.46554 18.60512 13.26047 
1000.0 10.04204 45.56368 19.52458 0.0 45.41224 21.41211 16.37066 46.95379 16.32149 42.97936 47.73741 0.0 40.85851 33.13279 29.97516 23.9808 34.50111 37.65856 44.06605 0.03097 41.02399 35.08289 20.10019 20.88101 48.27825 39.81154 33.9962 33.02019 11.5374 30.35452 
1000.0 40.89335 16.68816 41.33131 0.0 11.64579 10.94394 31.06493 39.53817 44.90276 19.75558 46.74163 0.0 10.40147 19.71391 45.86103 19.06604 22.5342 22.90009 39.08706 0.04368 28.81069 25.92806 45.38328 45.467 44.87837 32.04085 40.04141 18.89125 19.11817 16.85181 
1000.0 25.66192 11.03808 18.48433 0.0 32.32785 35.59761 44.10295 43.95943 14.86055 19.31801 23.54846 0.0 19.80016 11.63228 19.85888 29.21416 40.95437 20.49007 14.52288 0.03519 41.77595 36.70412 16.46296 26.04893 37.01997 17.18562 43.25886 45.74469 40.87101 47.51175 
1000.0 0.0 0.0 0.0 14.63405 0.0 0.0 0.0 0.0 0.0 0.0 0.0 31.90591 0.0 0.0 0.0 0.0 0.0 0.0 0.0 0.0 0.0 0.0 0.0 0.0 0.0 0.0 0.0 0.0 0.0 0.0 
1000.0 22.4757 34.20792 10.79644 0.0 16.6419 12.47049 44.37462 42.56546 46.85132 32.85654 28.66053 0.0 45.32282 22.45309 11.30674 31.86792 29.39125 37.24028 26.08195 0.04413 29.74004 24.91063 12.62257 29.19924 47.50591 37.41059 47.82804 24.20286 46.87474 21.47784 
1000.0 27.21449 27.31897 13.66422 0.0 11.55574 10.18751 15.17938 35.56437 39.12811 43.51148 28.7186 0.0 29.71936 23.62018 36.8274 41.48254 47.89181 25.51453 20.71029 0.04159 11.37153 26.01241 39.58069 24.31222 41.06004 31.30357 23.50311 28.64986 44.01963 31.01754 
1000.0 37.05212 16.66207 41.24783 0.0 20.40029 13.1681 21.35066 37.12394 40.73708 46.33007 12.51709 0.0 31.13551 12.69039 45.30553 17.47172 48.31686 47.85361 40.90587 0.04685 9.8745 40.69137 33.89271 29.41759 25.88152 34.89407 46.2051 47.52889 22.00484 46.96359 
1000.0 23.28062 15.43884 23.60555 0.0 11.9962 19.41786 46.09932 31.0349 11.06248 24.84663 47.33645 0.0 11.38567 41.99189 28.77307 43.03548 36.89641 31.25698 11.30706 0.0187 27.67248 21.49478 29.15232 33.03872 19.35641 34.42951 41.73792 33.43594 30.39905 35.58379 
1000.0 29.4847 16.48392 13.56014 0.0 30.02594 12.0449 9.95452 46.90481 32.32498 41.82172 37.80145 0.0 28.94271 41.5939 14.18874 18.24356 30.12993 16.87339 13.14813 0.01647 43.50822 38.39308 24.44131 48.26188 27.54073 17.2409 35.92995 9.84452 42.87293 29.91991 
1000.0 43.57191 34.30166 13.838 0.0 31.71004 47.722 18.33507 25.52515 45.2939 23.47516 11.0404 0.0 16.00579 37.83249 36.03555 41.59305 29.54327 35.7674 27.42508 0.03059 42.09497 35.97538 22.38611 29.87195 31.92533 42.6524 25.43502 19.16819 48.62043 38.68828 
1000.0 19.50305 40.95107 14.6331 0.0 13.64687 48.10627 25.0364 15.12212 33.66083 17.37197 48.45546 0.0 44.67738 43.18682 40.94653 11.58888 42.38989 19.91509 15.82466 0.02118 15.28031 29.50889 36.09771 12.4967 29.55751 46.0012 29.14362 19.81388 23.13451 47.56501 
1000.0 0.12154 0.18541 0.13508 0.0 0.12455 0.04423 0.12057 0.17769 0.05118 0.18612 0.04558 0.0 0.11863 0.07392 0.19782 0.12363 0.1292 0.09305 0.04733 10.91899 0.09903 0.06203 0.11818 0.10671 0.09913 0.14432 0.09424 0.03969 0.06211 0.17528 
1000.0 28.75353 26.61219 12.37775 0.0 37.78618 29.28175 43.46323 37.76799 19.87483 40.09939 33.60403 0.0 39.76439 41.95449 33.49358 27.29518 10.40665 29.65732 38.64005 0.03941 24.55036 34.4554 25.9743 48.91311 18.71812 38.73005 22.4833 40.0781 43.91961 35.72559 
1000.0 30.87329 24.81821 38.69219 0.0 42.55127 24.18557 48.72777 33.53465 12.90127 41.91944 42.59638 0.0 44.41109 36.11471 48.58935 37.67729 15.28275 14.31148 15.77109 0.03994 37.44106 33.52227 39.34901 11.76532 23.74934 45.48062 38.03859 27.29278 20.33166 13.3314 
1000.0 47.22683 47.97587 18.61674 0.0 48.8963 44.83943 45.29827 34.38537 41.46465 11.65652 20.72988 0.0 46.67676 43.9957 23.59404 35.22761 11.39068 11.10962 27.99119 0.03087 18.87379 22.23883 16.51102 29.41606 10.54938 26.95917 11.94097 33.44922 33.57522 10.4598 
1000.0 24.81039 44.60141 38.10474 0.0 30.95316 10.93658 32.7087 25.1522 40.74771 38.82537 35.40866 0.0 18.59032 45.67474 32.55918 26.98503 21.42848 15.6383 42.45166 0.02172 40.58531 11.05162 18.19166 11.27241 24.62074 27.70034 17.19124 20.34491 42.84425 19.35193 
1000.0 40.37856 35.19938 36.41766 0.0 31.88412 33.09008 23.46479 13.14559 28.97949 32.19341 39.24595 0.0 31.4225 45.42288 18.65665 17.05402 40.94755 16.5644 30.2568 0.0133 47.33129 32.66276 25.42578 19.94429 29.20413 15.15349 18.10366 19.31812 38.75834 38.73384 
1000.0 45.48663 15.64192 25.71099 0.0 25.85393 19.04653 27.96215 17.45154 42.30464 28.20978 19.52979 0.0 20.48953 10.77112 33.57914 38.0792 29.7859 34.61849 22.03228 0.04245 38.26062 11.71453 13.04484 44.22834 42.83059 27.35764 25.97519 32.77381 39.06049 38.63303 
1000.0 39.93441 19.39904 43.70188 0.0 43.2135 33.82775 43.3797 26.89195 23.78543 26.7334 17.88483 0.0 12.80658 40.94225 45.89214 18.44961 26.83084 16.84168 24.95553 0.02743 22.29227 25.57993 36.35359 35.31785 19.88584 47.67101 47.06954 34.57953 20.88587 12.24981 
1000.0 29.76399 33.95542 13.12376 0.0 12.17483 14.02784 11.85733 45.5957 31.79874 39.03657 48.32192 0.0 37.59397 22.3431 25.49343 46.6578 12.31794 10.54872 15.22906 0.01572 29.01954 20.84595 41.54823 9.9026 24.25372 26.09933 37.17586 40.63858 29.5648 22.13818 
1000.0 33.65965 36.94952 26.22967 0.0 12.32898 47.71702 28.99575 44.80961 19.26745 12.07204 26.37133 0.0 36.27865 13.98042 41.32795 31.92991 15.66327 39.86212 29.51306 0.02134 42.40673 32.53803 34.58197 24.75675 10.87324 36.35266 25.10688 12.39369 17.26985 35.34005 
1000.0 13.77155 13.6372 31.00504 0.0 26.70543 9.91059 13.3312 14.40825 11.5784 35.57985 11.22752 0.0 21.4926 41.27018 31.24626 37.27435 45.22513 25.82506 23.04909 0.02868 41.73662 16.69233 26.5041 42.27314 46.28983 47.67209 43.77595 40.5192 45.36784 19.56952 
