1000.0 1000.0 1000.0 1000.0 1000.0 1000.0 1000.0 1000.0 1000.0 1000.0 1000.0 1000.0 1000.0 1000.0 1000.0 1000.0 1000.0 1000.0 1000.0 1000.0 1000.0 1000.0 1000.0 1000.0 1000.0 1000.0 1000.0 1000.0 1000.0 1000.0 1000.0 
1000.0 23.87248 35.94746 38.35381 0.0 18.22251 8.82639 10.115 35.81017 26.49279 16.72333 21.89295 0.0 18.1474 19.35936 24.8576 34.86653 19.66335 28.02764 31.67144 0.01195 23.10654 41.19663 16.73852 30.216 9.1642 15.89216 11.80573 35.8498 39.8233 32.35068 
1000.0 9.1254 26.70856 31.91289 0.0 34.87717 25.85565 24.93956 9.44299 31.73572 21.59399 21.00727 0.0 19.6676 9.13472 31.90231 30.93246 8.40833 14.37726 16.84159 0.01291 38.16273 10.88298 40.68539 16.13475 31.77153 19.62785 33.43691 28.23621 12.05464 12.26491 
1000.0 32.66555 37.19524 11.69624 0.0 38.44074 21.13168 15.42534 9.42036 24.40117 10.65598 29.82725 0.0 15.94489 9.6427 41.12072 15.41213 8.66509 35.67265 18.72917 0.0156 31.60929 11.65213 23.50888 20.55072 27.81423 35.64294 38.17501 26.60506 31.32008 30.86542 
1000.0 0.0 0.0 0.0 18.65631 0.0 0.0 0.0 0.0 0.0 0.0 0.0 18.59004 0.0 0.0 0.0 0.0 0.0 0.0 0.0 0.0 0.0 0.0 0.0 0.0 0.0 0.0 0.0 0.0 0.0 0.0 
1000.0 20.27301 8.94868 36.97103 0.0 33.29522 40.131 41.03844 28.33786 8.3061 19.2924 16.225 0.0 34.0522 35.74422 11.74553 34.83382 28.49825 32.50575 30.56348 0.04182 36.09576 27.2895 16.63645 34.83846 15.20682 10.84352 9.28044 38.07802 25.54882 13.53992 
1000.0 30.90897 15.38718 36.1806 0.0 40.72986 21.44905 9.27428 35.58407 33.63163 28.18361 18.55204 0.0 35.84283 30.87539 14.99944 17.75511 14.39666 9.8105 12.1628 0.00982 18.7979 20.6466 34.02458 27.92684 34.00555 29.46065 40.89385 17.28748 13.7899 10.26716 
1000.0 16.78194 19.92148 20.52352 0.0 10.97624 27.37887 27.55849 13.54843 24.61205 40.96237 31.26824 0.0 9.04764 35.81797 18.28902 32.02948 29.38368 14.71083 19.49095 0.03192 35.51299 22.45075 28.82516 30.04854 11.19504 20.1268 27.4077 16.73253 12.97273 19.92666 
1000.0 13.6328 16.79732 35.11635 0.0 40.37033 9.34636 13.70761 26.24846 20.31158 28.83626 25.71872 0.0 34.96658 27.50133 8.63688 32.58381 24.6638 21.97969 32.96672 0.04265 30.57399 16.34701 14.00376 40.60623 23.78051 29.27443 23.43499 28.93666 15.26364 29.68719 
1000.0 22.38586 18.97691 12.04924 0.0 26.33739 13.8278 11.52177 33.12615 37.12848 35.61716 39.18543 0.0 31.78941 21.04182 21.26122 16.52951 15.33573 30.51368 40.97155 0.04493 35.65525 31.59498 31.89958 37.63778 20.83791 34.00788 14.59017 34.79272 19.35479 13.90284 
1000.0 27.09387 26.7872 37.95402 0.0 23.4492 29.50887 22.66794 35.08495 13.42543 30.30898 20.99234 0.0 20.0804 38.16931 34.06907 35.86268 22.69002 13.12759 15.14372 0.0239 13.54204 9.66244 15.09823 35.67645 34.07235 37.86344 33.10363 32.87621 37.19756 23.5747 
1000.0 20.1289 17.58558 28.664 0.0 21.10377 24.99383 37.62904 17.77214 24.14347 40.50917 39.83358 0.0 19.88809 16.33188 21.32507 22.62875 24.31383 16.14683 24.97792 0.04022 28.17492 40.21163 35.6596 22.3557 17.78966 14.25084 14.58631 19.12266 31.51981 35.5011 
1000.0 0.0 0.0 0.0 41.14113 0.0 0.0 0.0 0.0 0.0 0.0 0.0 23.46418 0.0 0.0 0.0 0.0 0.0 0.0 0.0 0.0 0.0 0.0 0.0 0.0 0.0 0.0 0.0 0.0 0.0 0.0 
1000.0 21.52531 14.26729 9.87406 0.0 8.65676 29.1135 19.01121 24.79752 25.90127 32.91038 31.2048 0.0 27.1554 20.00586 10.25658 17.23722 34.62968 18.2087 23.62884 0.03731 8.85086 28.19315 20.06477 41.04261 29.03516 25.69222 40.30781 17.02742 29.04879 12.98889 
1000.0 26.11297 14.95356 37.21958 0.0 16.42628 40.86662 14.63388 21.66199 17.92289 26.83891 11.3235 0.0 34.4904 28.1838 24.98774 29.90414 26.81813 13.05333 34.72299 0.01824 8.51583 21.29064 8.66587 8.8013 40.23204 17.12004 16.19067 29.96608 36.75089 27.38061 
1000.0 17.83816 36.25646 25.23145 0.0 39.84008 18.78645 12.04075 15.8152 31.09821 27.26595 34.95246 0.0 19.04411 37.18047 18.02528 27.60554 28.06677 33.54562 14.21297 0.01391 10.87534 20.98026 32.68145 15.27903 26.85145 12.95991 24.27874 13.2941 15.61358 20.01263 
1000.0 33.53731 28.02202 9.08121 0.0 36.39384 11.51908 30.374 26.46089 26.01166 23.89329 32.30525 0.0 14.41523 32.67991 23.61691 15.67305 18.33414 39.8833 8.94491 0.02897 39.22129 36.63891 31.00862 33.78724 17.2025 18.57884 16.64404 13.83078 10.63518 40.73804 
1000.0 13.39588 13.95391 35.73172 0.0 22.7786 15.89092 27.85991 21.38935 32.09927 39.78217 29.59486 0.0 20.5249 27.06872 9.98777 32.8543 10.31836 29.97576 20.74882 0.00942 13.2832 21.53888 40.22657 12.36214 27.73247 25.79888 11.3921 24.01565 8.37401 21.36817 
1000.0 21.2025 27.79118 23.07237 0.0 22.99847 27.68121 39.46858 22.26814 14.69545 32.79852 22.71483 0.0 32.0581 38.87293 30.31701 36.49953 30.98806 11.48652 15.56962 0.02828 38.67046 15.81198 38.67712 14.93524 19.02369 30.51684 18.58014 10.40795 15.44708 28.67212 
1000.0 13.5558 9.78007 24.55645 0.0 34.37265 27.40201 15.6191 31.46054 39.51355 28.49764 23.62087 0.0 34.49233 26.68884 32.30286 37.74442 37.12976 36.29074 23.40645 0.01188 9.89018 12.5017 12.39473 40.91611 9.97581 35.80102 35.17689 28.61046 32.82545 12.20825 
1000.0 0.0522 0.13423 0.13176 0.0 0.17043 0.03707 0.12028 0.13502 0.05855 0.06606 0.0893 0.0 0.11118 0.12777 0.17176 0.17627 0.1309 0.10979 0.07444 27.36538 0.17245 0.10751 0.16891 0.10198 0.17586 0.14229 0.16962 0.10089 0.09581 0.07545 
1000.0 36.12482 12.94711 10.8321 0.0 31.59002 20.30344 30.07617 30.66124 32.82766 15.62499 20.57579 0.0 35.06947 27.16024 9.3839 24.13965 32.1084 24.10742 22.73527 0.03005 19.79835 21.5281 21.45551 26.62091 8.48817 37.26977 38.44145 18.44748 38.21327 23.1366 
1000.0 35.5845 29.11187 11.13779 0.0 24.70459 21.41493 33.01937 33.76665 37.34827 33.10385 20.67814 0.0 23.67269 36.83036 23.00966 14.28857 20.1056 39.47123 40.38446 0.02307 26.04745 37.6264 16.47697 31.13856 27.92601 25.09737 39.7097 30.61724 37.05956 25.79744 
1000.0 40.3048 11.6271 37.34614 0.0 23.60907 17.68058 10.09219 19.95634 24.85923 22.30899 33.1011 0.0 33.80127 11.19755 8.31929 10.47703 10.51897 19.66358 19.32835 0.02943 22.90165 27.44756 33.84296 8.95351 25.61439 39.41838 34.79714 30.76157 9.21688 22.03262 
1000.0 40.57278 20.602 33.65555 0.0 19.70831 21.58895 32.34192 26.44482 13.00543 36.72435 9.77873 0.0 29.28459 32.09556 25.70576 25.03854 15.347 35.79784 29.06212 0.0242 35.49743 26.22485 37.36965 14.58273 12.25595 12.07023 21.97632 10.48958 33.94616 10.47963 
1000.0 31.62152 18.47997 28.04457 0.0 31.04908 19.50553 31.01886 10.80943 10.85645 27.3962 16.43965 0.0 24.22296 20.11598 33.39567 39.67686 29.38456 20.83253 20.20253 0.0406 26.9916 22.0208 41.03124 27.22597 13.5414 16.3224 40.51371 30.18839 29.58328 28.8961 
1000.0 31.90323 25.99582 33.61765 0.0 12.17906 30.9352 9.47637 26.45542 16.1874 13.52079 15.51508 0.0 23.58061 19.02175 38.64438 12.87875 23.05502 40.00899 30.75993 0.02877 32.27831 22.85985 32.51956 22.26342 18.59672 10.76953 16.59243 37.39552 8.70816 19.24197 
1000.0 24.67784 38.39431 33.75168 0.0 13.49867 19.57404 21.96585 27.19125 19.27216 29.95117 9.52796 0.0 25.0218 35.78679 40.22678 16.29891 35.73615 28.07726 16.74364 0.02362 11.59198 14.99602 23.69899 37.61388 18.6942 10.08553 34.35952 31.76705 32.26622 24.6475 
1000.0 31.44881 10.2137 12.22769 0.0 32.05427 17.14599 30.39594 33.84216 16.38317 30.57101 33.66938 0.0 32.66213 27.73254 23.29704 13.92226 12.58214 27.16543 14.22306 0.04437 23.4788 22.96341 27.45414 40.63739 33.03162 18.95042 8.8971 40.42654 20.21967 13.04493 
1000.0 14.51145 10.69065 29.91902 0.0 38.22914 32.99434 11.62102 23.60768 8.82243 29.44402 12.25266 0.0 8.5102 27.80574 24.50423 27.49613 25.85881 29.05778 21.44438 0.02891 34.83138 15.98529 10.17491 10.68238 23.91526 23.84938 23.60479 37.69372 29.56487 26.16298 
1000.0 20.00846 19.25737 40.56411 0.0 29.11239 8.36843 38.30283 21.95509 15.1278 20.73003 24.99054 0.0 19.63642 21.28738 36.17573 16.70308 30.96363 28.2075 34.27837 0.03587 12.62797 19.61346 22.96106 21.57454 29.18039 40.44605 33.99668 11.64975 30.29721 26.42482 
