1000.0 1000.0 1000.0 1000.0 1000.0 1000.0 1000.0 1000.0 1000.0 1000.0 1000.0 1000.0 1000.0 1000.0 1000.0 1000.0 1000.0 1000.0 1000.0 1000.0 1000.0 1000.0 1000.0 1000.0 1000.0 1000.0 1000.0 1000.0 1000.0 1000.0 1000.0 
1000.0 13.27157 11.38198 13.21928 0.0 29.48973 36.10068 38.27611 11.3338 27.51705 37.87002 26.96752 0.0 31.98377 27.4647 11.71435 19.13699 22.89385 13.62246 17.14703 0.03538 10.95595 34.36618 37.84636 12.90902 12.36576 32.65833 8.24518 34.58257 36.62292 35.56101 
1000.0 37.81294 34.53448 21.2522 0.0 13.03563 16.66256 33.89398 14.46859 21.45448 32.34525 14.6469 0.0 36.91224 20.88798 16.83858 30.6122 22.81945 35.69447 11.2778 0.03835 11.1282 36.68746 30.27095 12.56952 14.74091 24.66275 32.81216 21.03639 26.72957 16.73138 
1000.0 34.99236 25.641 20.47642 0.0 24.55817 26.49615 22.01448 24.2503 37.79096 22.88895 27.13982 0.0 9.29333 8.9376 19.90599 29.50068 10.39572 17.26399 21.62901 0.01018 30.44338 36.71008 35.60323 34.35837 26.54768 35.76725 21.21865 37.26918 34.3588 19.11601 
1000.0 0.0 0.0 0.0 9.40166 0.0 0.0 0.0 0.0 0.0 0.0 0.0 11.73657 0.0 0.0 0.0 0.0 0.0 0.0 0.0 0.0 0.0 0.0 0.0 0.0 0.0 0.0 0.0 0.0 0.0 0.0 
1000.0 32.56897 36.86077 37.49302 0.0 32.53822 18.73292 16.06365 27.33943 17.25051 22.90946 27.07145 0.0 23.60355 34.67269 29.95546 34.81567 14.46741 11.44819 28.04249 0.01299 20.60709 25.30885 12.29301 21.97681 33.43321 23.77379 17.39922 29.2849 30.08429 17.42256 
1000.0 22.29497 18.46681 9.64046 0.0 9.32121 31.20963 16.96948 18.35942 13.82527 16.30409 9.39368 0.0 14.09364 31.22807 34.68644 37.63319 30.25667 29.75847 22.68084 0.04246 7.91195 13.67869 26.3649 38.44027 37.88814 32.69006 24.96485 36.82962 24.86356 22.94286 
1000.0 11.89952 34.51041 32.68378 0.0 15.69576 24.07581 14.33102 8.84543 23.81076 26.99179 38.73181 0.0 35.78008 9.01755 11.63688 24.459 19.07396 24.59807 10.90621 0.01989 39.10769 24.14057 33.89559 9.73279 30.72129 11.28091 22.03635 26.56193 21.46534 32.62191 
1000.0 12.61049 12.94509 35.58536 0.0 24.55979 8.68344 15.87802 28.90004 17.19985 24.29703 8.72403 0.0 37.61739 34.30229 12.10535 9.53296 12.62211 26.4044 36.51016 0.02159 37.36371 23.97201 35.65474 22.15202 25.14087 22.0085 16.35285 13.0681 34.47346 14.24993 
1000.0 18.66665 16.34211 39.1951 0.0 14.46595 34.86329 12.5086 33.03872 10.19075 27.173 18.16456 0.0 31.76668 10.39228 17.54182 12.59799 37.10263 30.05509 13.97841 0.0156 28.54186 19.82261 16.59324 35.08139 37.63075 27.68354 31.50097 31.18989 18.30252 14.67683 
1000.0 25.53601 8.58148 10.77483 0.0 17.01655 14.96691 29.99024 14.38888 28.90344 31.26759 33.13125 0.0 24.03036 19.1149 33.47335 25.70712 37.49316 19.35132 26.93508 0.03771 33.84567 9.02989 28.86318 16.35456 34.12301 29.11377 16.89789 37.74656 34.23111 33.96034 
1000.0 21.52025 14.56897 27.17782 0.0 34.71659 14.69034 9.34726 10.50075 12.52355 29.80892 21.98136 0.0 30.36632 9.00097 8.2341 36.59369 17.65498 11.88685 22.02696 0.04361 18.41991 31.74798 22.49562 19.43895 34.52476 15.92445 31.63652 8.51748 36.24193 14.99222 
1000.0 0.0 0.0 0.0 12.94329 0.0 0.0 0.0 0.0 0.0 0.0 0.0 30.18142 0.0 0.0 0.0 0.0 0.0 0.0 0.0 0.0 0.0 0.0 0.0 0.0 0.0 0.0 0.0 0.0 0.0 0.0 
1000.0 27.62543 21.32129 18.62777 0.0 12.62481 28.14738 30.00582 8.11293 32.63868 19.46024 18.54951 0.0 14.08866 35.22579 15.8265 21.71154 12.11165 34.67792 31.97005 0.01852 13.60352 31.69527 33.11485 29.11423 29.27566 8.53418 16.19403 9.5522 28.48838 30.08389 
1000.0 17.96134 39.20983 12.37232 0.0 36.21454 12.8322 30.6546 37.55221 17.08211 26.1837 35.37995 0.0 14.65001 30.66916 36.6932 16.91254 12.16804 19.63358 36.63378 0.03451 11.29612 26.32299 26.15463 15.30852 28.79739 35.95295 37.52471 30.81728 8.80503 36.38699 
1000.0 12.67566 10.28435 26.53432 0.0 26.75796 27.76328 11.99258 10.10519 25.63662 30.19321 11.19224 0.0 9.68776 7.96334 19.05069 15.97496 33.4688 31.23895 14.39283 0.02317 21.04072 37.88045 11.86291 34.91074 29.32994 19.0365 25.6443 21.80505 19.823 38.85833 
1000.0 11.35125 34.9897 28.10962 0.0 14.17641 11.39506 37.4408 8.98773 32.9524 28.79312 38.46344 0.0 12.17538 33.91622 33.29807 20.44383 16.18529 15.55759 35.2293 0.03664 24.48696 15.05065 30.97703 11.6623 28.14942 12.90749 15.90129 16.16848 21.2524 18.68214 
1000.0 35.30297 23.69081 31.57333 0.0 34.44622 11.91789 19.9009 36.15044 20.26768 12.85602 20.53114 0.0 34.28684 34.37118 11.55081 38.20005 23.94416 38.49592 28.24724 0.03329 13.99395 17.72353 28.27069 15.05373 38.37775 17.6931 36.81346 24.20856 13.95078 22.04664 
1000.0 33.83143 15.37782 37.3762 0.0 35.37096 27.57986 31.90091 33.55776 35.67729 30.00187 12.15024 0.0 35.24581 25.53977 17.15594 8.21418 14.74874 27.44285 7.90274 0.0212 27.61335 29.86114 10.49856 29.7243 11.84847 15.23787 34.76381 29.25757 36.77479 13.46185 
1000.0 39.24459 36.71488 26.18223 0.0 9.71728 13.13608 37.72814 12.24563 32.14758 15.31332 16.33007 0.0 30.79216 28.73207 30.60285 15.75524 12.96571 31.93439 8.28795 0.02006 13.33255 21.914 16.69458 13.12967 38.94038 18.08703 37.62927 28.05903 28.77773 14.628 
1000.0 0.07293 0.1221 0.11986 0.0 0.07369 0.0409 0.09457 0.07285 0.07215 0.0474 0.10709 0.0 0.07743 0.15833 0.13287 0.0907 0.13769 0.0864 0.08517 32.67136 0.1628 0.07297 0.09846 0.15951 0.15514 0.04714 0.0932 0.09327 0.10155 0.08727 
1000.0 11.12289 21.85198 15.97271 0.0 27.47642 26.3922 31.05262 9.86725 21.74521 25.74869 18.95947 0.0 13.18336 9.45486 29.93906 10.6722 24.70531 34.24993 22.06867 0.02459 14.65138 22.28514 10.64389 23.01389 24.23124 9.61428 28.63136 34.65835 34.26633 15.46662 
1000.0 20.28303 24.73957 11.60123 0.0 14.06962 35.89106 9.20373 35.40963 33.75696 18.85578 19.14168 0.0 12.98828 19.36467 10.14393 24.62802 33.00472 12.37507 19.9763 0.01221 19.60494 23.50419 36.06435 27.2581 33.14555 12.2832 31.58713 29.17921 31.19602 16.71763 
1000.0 29.89209 25.08828 25.45496 0.0 28.36348 18.72825 15.66227 12.5033 20.30894 33.2446 28.01298 0.0 35.43262 21.6393 30.25121 30.93486 31.81091 28.59857 19.17636 0.0299 38.54895 30.70945 39.04602 15.65112 29.96172 21.03945 11.07308 23.79017 31.7426 10.78513 
1000.0 25.15459 23.47464 26.45986 0.0 22.64667 18.9553 31.51647 11.77002 18.76206 34.75864 32.29038 0.0 31.7838 15.08186 27.50944 14.47898 11.19165 8.69652 32.79452 0.03445 23.06356 20.74737 27.31303 33.61544 14.6964 24.68417 31.52602 18.4011 13.04087 34.60968 
1000.0 15.40434 25.86404 8.81904 0.0 8.07694 11.31929 13.86994 13.48079 32.14527 29.86743 23.04381 0.0 9.14495 30.09983 19.91479 34.99901 10.58517 20.95159 20.05137 0.0182 22.78252 27.24364 37.86382 24.89736 29.34395 25.79397 38.79733 27.63216 9.89986 27.3403 
1000.0 18.2086 16.50375 35.92403 0.0 11.8104 30.81008 16.88269 38.04643 28.79806 38.79542 19.94031 0.0 19.43032 30.46985 17.09972 38.16336 9.72528 8.48388 28.92562 0.03426 23.21692 31.4678 39.21164 38.66534 13.85002 9.99967 37.15965 24.57852 36.00227 19.43819 
1000.0 19.25644 19.19234 36.82349 0.0 26.13189 39.13873 17.10586 24.90164 14.09624 8.7143 17.8026 0.0 12.95348 36.5696 10.1004 16.14784 11.08943 10.50416 31.62444 0.0277 16.85631 39.18677 18.81274 30.11949 12.92275 37.86917 38.59418 37.84938 16.48155 15.88287 
1000.0 23.56324 8.46951 24.11924 0.0 28.78135 24.61613 37.32607 12.63582 37.43458 8.24375 33.02834 0.0 14.60142 20.5885 25.97423 21.5692 38.36641 29.76725 30.75318 0.02161 19.29346 9.36623 35.31905 11.80702 21.88814 36.83568 23.7876 26.71353 31.27634 13.42024 
1000.0 27.17252 24.02023 37.99287 0.0 33.71766 23.20739 28.24439 28.82717 9.15589 12.262 38.51201 0.0 31.94785 13.38827 8.93006 27.23979 18.41966 35.69941 25.64097 0.00958 29.29408 10.79625 18.24472 35.56672 23.66497 31.1032 8.39662 29.45122 27.90254 30.5426 
1000.0 8.83685 17.59754 19.76409 0.0 20.22242 23.50737 22.42035 22.00794 28.93408 31.92727 24.52824 0.0 25.81364 9.50003 12.49373 34.04764 12.72117 12.81583 32.28866 0.01945 9.01155 28.43635 32.04376 35.68785 36.7142 29.58173 24.59257 38.71411 20.62732 29.89161 
