1000.0 1000.0 1000.0 1000.0 1000.0 1000.0 1000.0 1000.0 1000.0 1000.0 1000.0 1000.0 1000.0 1000.0 1000.0 1000.0 1000.0 1000.0 1000.0 1000.0 1000.0 1000.0 1000.0 1000.0 1000.0 1000.0 1000.0 1000.0 1000.0 1000.0 1000.0 
1000.0 7.39868 23.74115 20.14074 0.0 20.66514 23.07514 12.95481 31.76281 17.26162 20.33958 25.17588 0.0 25.29418 19.34082 30.41032 31.99871 11.88358 24.18675 22.70624 0.01604 24.61443 28.64405 28.32894 25.4342 11.84159 7.22371 9.00487 11.62176 23.11914 30.96565 
1000.0 28.88748 18.9482 13.72828 0.0 19.02994 30.66055 32.28137 25.21149 12.99206 8.62314 11.51509 0.0 31.93117 32.06179 21.25547 15.38465 17.5169 22.44622 7.80514 0.02881 20.89287 18.96875 19.23236 19.82769 11.33461 16.32729 24.56143 28.96063 13.95356 10.50209 
1000.0 21.11078 16.82767 15.91332 0.0 18.18851 11.09417 25.44445 12.61285 20.40948 7.88402 12.61929 0.0 21.66373 19.73764 26.57769 13.59428 27.94045 27.367 9.09885 0.03605 19.50605 11.90763 18.93145 20.00943 32.15494 19.40861 20.68141 11.33675 8.24012 13.39314 
1000.0 0.0 0.0 0.0 14.75876 0.0 0.0 0.0 0.0 0.0 0.0 0.0 26.45754 0.0 0.0 0.0 0.0 0.0 0.0 0.0 0.0 0.0 0.0 0.0 0.0 0.0 0.0 0.0 0.0 0.0 0.0 
1000.0 22.9494 7.33399 13.88519 0.0 19.19342 27.57501 6.52039 29.72813 28.42763 28.17866 27.7589 0.0 20.6183 28.4398 24.00064 20.64834 21.48478 26.94448 30.06877 0.02191 17.15243 11.41345 15.11943 18.05168 20.64442 18.44151 26.76482 18.07988 23.77691 9.30122 
1000.0 30.54336 27.06535 22.42915 0.0 6.89572 22.50296 29.68411 28.80285 30.14837 30.96311 12.59088 0.0 14.79614 26.76755 21.1415 16.15966 31.24459 9.66646 10.75164 0.02578 7.9844 17.74747 7.44543 24.5973 20.9317 29.18294 12.73238 12.67209 19.79388 6.69877 
1000.0 10.63928 28.88104 12.06167 0.0 15.58424 13.88821 26.94054 28.46521 7.70281 16.85667 26.32984 0.0 12.98261 12.17067 23.88779 10.65331 10.77048 30.32679 17.77374 0.02952 20.74825 30.86482 12.57771 21.038 18.31679 24.42771 21.13843 21.59302 8.08217 18.9965 
1000.0 19.97222 6.63273 20.74952 0.0 20.29907 22.46368 19.52736 27.56193 29.42664 7.30352 15.98598 0.0 15.46132 30.50041 17.32468 8.63929 29.10217 22.9 21.13565 0.00937 31.00158 7.78077 30.92939 10.19446 11.23519 27.02924 7.37372 27.76128 18.59142 8.28149 
1000.0 9.01589 22.1438 15.03108 0.0 19.95065 22.50152 7.3859 26.71268 12.91773 20.5044 8.97005 0.0 23.43051 27.63891 18.73698 20.5607 6.54726 23.83169 27.51995 0.03459 18.98385 18.34524 32.46566 17.28797 28.85482 17.95526 17.98933 13.20703 16.83763 28.11074 
1000.0 19.99362 8.35692 22.82006 0.0 9.20325 8.56796 27.28783 26.29986 22.85859 28.94951 23.38805 0.0 16.08772 25.77455 24.63689 20.19267 25.42796 15.76385 8.62073 0.02037 29.61142 15.80703 16.85214 30.87056 29.56109 15.7635 7.50902 28.68409 8.93824 26.12745 
1000.0 20.43364 31.31659 27.00874 0.0 14.08091 25.69048 7.25161 28.42287 18.62392 17.05546 25.1287 0.0 11.21622 27.55821 6.81818 22.38299 24.49084 27.1558 11.56684 0.03557 18.55576 28.57501 15.57962 27.53426 15.84986 16.31169 24.2723 18.31772 22.70855 19.20939 
1000.0 0.0 0.0 0.0 14.52917 0.0 0.0 0.0 0.0 0.0 0.0 0.0 27.65236 0.0 0.0 0.0 0.0 0.0 0.0 0.0 0.0 0.0 0.0 0.0 0.0 0.0 0.0 0.0 0.0 0.0 0.0 
1000.0 27.28793 31.43729 25.94307 0.0 24.88151 22.37949 15.11979 27.96162 9.50172 15.86127 25.44052 0.0 13.25852 18.584 9.41121 31.42756 17.38336 12.47894 25.85929 0.02101 23.62951 15.27035 21.05085 10.76088 16.95764 16.94715 30.36952 13.63225 28.14444 12.21978 
1000.0 6.65133 32.1692 14.48882 0.0 26.49204 31.88219 13.5099 7.88373 21.87061 20.73943 20.33572 0.0 21.74347 15.75407 16.28789 30.12011 9.59828 11.22061 20.29916 0.02847 9.89752 13.39603 23.01017 14.66585 8.46509 28.29509 15.94096 7.71176 31.72302 23.68741 
1000.0 30.37633 26.69842 9.96924 0.0 25.3516 6.74798 10.9832 28.56638 22.46463 6.67385 15.31642 0.0 11.91217 14.47371 17.46975 15.36413 9.04288 27.83911 26.12456 0.0298 24.59454 9.41695 27.23201 21.81183 22.73398 31.49142 12.32686 18.47651 18.46943 29.71816 
1000.0 28.79502 14.2253 30.42098 0.0 27.03328 16.07211 23.16379 26.35222 10.77653 22.29728 27.21682 0.0 17.50432 31.30001 22.97167 27.50011 17.70891 19.63577 20.43972 0.02176 8.23266 30.08682 26.11099 7.0385 20.28767 8.09689 19.38467 15.62189 24.14873 10.36387 
1000.0 32.21763 8.81609 21.8588 0.0 32.27771 18.23736 19.9553 32.05908 11.72259 14.93799 6.51872 0.0 16.40467 9.19159 25.89568 14.89945 14.56155 7.05687 22.64644 0.03113 18.38644 9.91119 29.08486 29.93832 10.539 26.78991 6.77072 16.57023 17.37987 19.03656 
1000.0 8.27311 7.58549 24.76199 0.0 12.78764 18.87841 8.11266 12.44692 24.31499 9.80761 14.55524 0.0 17.69973 25.98924 18.55667 31.17413 31.37193 23.5184 21.49955 0.02651 25.57541 31.90869 25.16077 11.81929 22.78141 28.32045 31.2941 29.2751 7.98959 12.56246 
1000.0 25.67555 16.52675 12.50514 0.0 13.63672 16.64227 15.75925 10.32944 12.27626 25.48174 6.95439 0.0 16.00384 9.8528 9.24134 19.39309 10.62929 22.88736 22.26604 0.01416 20.45936 19.95604 26.42479 14.77013 25.2636 13.46529 21.53384 18.07893 6.57791 20.41709 
1000.0 0.04046 0.12593 0.07245 0.0 0.09266 0.07551 0.07117 0.1602 0.04836 0.14969 0.0581 0.0 0.11039 0.09946 0.07527 0.11085 0.094 0.15268 0.03633 11.21033 0.03972 0.15156 0.13519 0.05885 0.11096 0.13726 0.0865 0.12941 0.15592 0.04734 
1000.0 16.64433 28.1285 26.92033 0.0 11.20796 30.47473 17.68721 31.16795 19.43558 31.06029 28.19015 0.0 20.90167 22.17877 20.49004 31.34567 28.07119 26.85973 12.85753 0.01879 16.44744 19.17528 9.79919 25.38542 25.58595 12.17419 8.11189 8.17264 30.82207 18.2122 
1000.0 13.7924 14.69661 23.81335 0.0 18.93834 23.38005 12.66294 10.3919 30.75999 7.33267 9.30751 0.0 19.84228 20.12233 21.53652 21.73161 25.53941 28.11036 15.92511 0.01955 13.07676 26.25226 23.93467 25.39395 22.96905 14.02409 23.35803 22.05292 23.67925 19.20079 
1000.0 16.93339 11.33587 7.24673 0.0 14.96895 14.4405 20.4331 27.12335 29.53291 30.58428 30.25171 0.0 22.75595 19.38836 32.52037 18.99469 23.18047 15.29746 26.48045 0.01192 25.88529 15.48523 10.21784 32.51686 28.75124 6.6673 14.37535 26.36216 17.00233 31.36492 
1000.0 19.46299 20.34953 19.9803 0.0 11.25692 27.81315 18.82755 21.90268 26.43467 30.50548 26.08119 0.0 24.34156 8.06584 24.92037 25.58728 24.65617 16.67277 31.85672 0.01511 28.87732 12.00902 18.77955 15.16227 12.76807 21.95474 13.04357 31.2097 17.71776 16.33437 
1000.0 11.24235 30.65307 17.39789 0.0 24.3597 6.85403 26.99898 16.97105 8.15778 19.88847 14.04896 0.0 7.48777 19.97138 29.5791 29.99625 30.08555 24.16879 10.92029 0.02301 18.33937 13.96931 14.16878 26.32353 24.20642 24.89468 14.48514 29.9366 32.31622 20.88943 
1000.0 16.11224 17.16887 13.61412 0.0 12.9106 31.05105 25.67276 11.14047 28.8031 19.96494 15.27166 0.0 23.45085 22.18672 12.94866 9.99453 14.90025 14.70163 23.4136 0.02948 12.61119 18.19214 12.57799 26.39519 21.7123 12.94401 15.34025 13.30714 25.8423 24.57347 
1000.0 22.61402 22.67912 11.08079 0.0 20.12477 10.36624 18.29483 23.67162 22.31362 20.40567 29.08762 0.0 30.42376 22.86453 14.79287 9.39654 19.03729 14.02464 27.57082 0.00888 25.24396 23.6129 20.64463 8.63116 24.59062 19.91849 18.37618 12.63348 16.26175 18.08448 
1000.0 14.40778 24.20618 24.32472 0.0 14.88649 7.17392 29.29959 20.07516 10.4657 27.8021 7.03091 0.0 21.45149 7.83611 21.97408 27.31875 11.49367 14.56094 8.21121 0.01774 6.57026 24.04919 6.89601 14.16194 12.45788 26.16496 28.90454 10.27133 25.95706 17.68888 
1000.0 23.46311 21.95174 12.41395 0.0 28.27302 6.93973 23.64043 19.52143 21.12643 8.81684 30.86818 0.0 14.09682 11.44077 30.02508 29.8537 26.03047 22.00012 14.14229 0.03426 29.95612 30.05241 15.68896 24.49907 15.88103 29.65268 15.27358 14.24784 9.12267 23.57651 
1000.0 12.66974 8.4929 20.88433 0.0 30.20687 30.3181 21.29522 19.0258 12.00963 9.09028 21.20268 0.0 29.77298 29.70604 27.12364 18.64181 11.35209 17.88927 15.33831 0.02553 24.97922 28.2454 25.86101 8.68214 28.58808 18.35641 13.28428 6.61189 15.89301 22.49363 
