1000.0 1000.0 1000.0 1000.0 1000.0 1000.0 1000.0 1000.0 1000.0 1000.0 1000.0 1000.0 1000.0 1000.0 1000.0 1000.0 
1000.0 0.00338 0.00527 0.01025 0.00058 0.01169 0.00079 0.00674 0.00066 0.00799 0.00721 0.01385 0.00686 0.01246 0.00917 0.00107 
1000.0 0.00355 0.07416 0.00807 0.01519 0.07435 0.03265 0.12451 0.05519 0.01058 0.14486 0.11086 0.0155 0.00785 0.08366 0.08163 
1000.0 0.00769 0.02614 0.07954 0.05597 0.15048 0.05313 0.13397 0.09407 0.10443 0.1018 0.16579 0.10076 0.05148 0.15658 0.16431 
1000.0 0.01773 0.00443 0.04252 0.00863 0.03463 0.03061 0.03662 0.01253 0.02861 0.01366 0.0358 0.00878 0.00653 0.03061 0.02285 
1000.0 0.09388 0.02405 0.08407 0.02577 0.09804 0.03941 0.02093 0.08566 0.06159 0.01411 0.05037 0.00495 0.08783 0.07526 0.04673 
1000.0 0.03748 0.03768 0.01569 0.01427 0.05806 0.06004 0.06519 0.03411 0.04912 0.01261 0.06553 0.05285 0.05019 0.05436 0.06552 
1000.0 0.00229 0.00086 0.00677 0.00569 0.00639 0.00024 0.00189 0.00169 0.00657 0.00167 0.00216 0.00033 0.00025 0.00109 0.00205 
1000.0 0.2179 0.14876 0.11396 0.11962 0.12167 0.09905 0.1818 0.21476 0.15931 0.13314 0.215 0.00658 0.06544 0.00435 0.1866 
1000.0 0.01066 0.02964 0.02432 0.01483 0.02778 0.02416 0.00998 0.01872 0.01487 0.0053 0.00481 0.00084 0.01968 0.01772 0.00132 
1000.0 0.01026 0.00073 0.01824 0.04003 0.01929 0.02283 0.02651 0.03202 0.03784 0.00316 0.04438 0.02335 0.01963 0.00189 0.04235 
1000.0 0.11019 0.30617 0.30113 0.09537 0.28157 0.05185 0.26331 0.40674 0.22509 0.2906 0.06512 0.22878 0.40998 0.00739 0.29121 
1000.0 0.02732 0.04815 0.0427 0.04056 0.02818 0.03962 0.02079 0.0394 0.0302 0.06769 0.06757 0.00776 0.02692 0.02173 0.0049 
1000.0 0.0118 0.09833 0.07725 0.0324 0.10163 0.03331 0.055 0.06738 0.10729 0.08437 0.05808 0.03592 0.10664 0.05843 0.01858 
1000.0 0.13422 0.03394 0.0034 0.02308 0.01229 0.08937 0.06669 0.07658 0.11244 0.00712 0.10402 0.08035 0.13653 0.02486 0.1416 
1000.0 0.01202 0.00347 0.00339 0.00512 0.01775 0.02394 0.00511 0.02076 0.01249 0.00214 0.01058 0.01729 0.02373 0.01418 0.00037 
1000.0 0.00806 0.01516 0.0045 0.01906 0.01054 0.01825 0.01194 0.02006 0.0194 0.01297 0.01235 0.0199 0.02316 0.00713 0.01817 
1000.0 0.02419 0.02852 0.0202 0.01402 0.01125 0.02365 0.0022 0.00176 0.03216 0.01458 0.02872 0.03556 0.0152 0.03502 0.00422 
1000.0 0.02352 0.01015 0.02303 0.00374 0.00237 0.02067 0.01988 0.02463 0.01604 0.01096 0.00572 0.02519 0.00639 0.00265 0.02845 
1000.0 0.01205 0.06073 0.01175 0.02526 0.01681 0.01057 0.05188 0.04917 0.01992 0.00984 0.04171 0.04375 0.05444 0.00269 0.041 
1000.0 0.01229 0.02008 0.00739 0.01869 0.00932 0.00459 0.00459 0.0144 0.01148 0.01338 0.01941 0.00646 0.00067 0.01402 0.00778 
1000.0 0.01456 2e-05 0.01463 0.01492 0.00484 0.00391 0.0149 0.00959 0.00549 0.00243 0.01386 0.01224 0.0008 0.00801 0.01482 
1000.0 0.01002 0.04733 0.03795 0.02903 0.00778 0.01698 0.01156 0.03273 0.01242 0.0017 0.02885 0.03337 0.02596 0.03399 0.02444 
1000.0 0.00227 0.00188 0.00153 0.00326 0.00175 0.00223 0.00265 0.00412 0.00334 0.00069 0.00289 0.00374 0.00177 0.00094 0.00248 
1000.0 0.07715 0.06886 0.0481 0.0908 0.09255 0.08247 0.03732 0.09461 0.02392 0.08038 0.04273 0.04011 0.02731 0.01735 0.10014 
1000.0 0.09905 0.08952 0.08317 0.04625 0.08783 0.06394 0.08617 0.02557 0.10131 0.10622 0.0231 0.10631 0.09505 0.00062 0.02251 
1000.0 0.00856 0.01918 0.02317 0.00737 0.03194 0.03307 0.0077 0.01691 0.01545 0.00821 0.01677 0.00689 0.00557 0.0271 0.02652 
1000.0 0.01516 0.01905 0.02361 0.00029 5e-05 0.00752 0.01712 0.00342 0.00149 0.02299 0.00499 0.00325 0.02127 0.00125 0.00646 
1000.0 0.01267 0.0416 0.04368 0.03333 0.01253 0.02433 0.03627 0.03656 0.03178 0.00754 0.01113 0.01792 0.01638 0.01487 0.00738 
1000.0 0.00395 0.04728 0.0377 0.02336 0.04333 0.00258 0.03999 0.01635 0.02995 0.01531 0.03886 0.00591 0.0164 0.04204 0.0471 
1000.0 0.00854 0.01732 0.0194 0.01542 0.01205 0.01721 0.00078 0.01233 0.0046 0.0201 0.0115 0.00844 0.01816 0.01067 0.01897 
1000.0 0.0167 0.01225 0.01375 0.00191 0.00136 0.00876 0.0244 0.00872 0.00342 0.0003 0.01235 0.02801 0.00438 0.02765 0.01546 
1000.0 0.0367 0.01019 0.01939 0.02284 0.01929 0.02638 0.0037 0.01662 0.02429 0.01527 0.0306 0.02025 0.02882 0.03974 0.01914 
1000.0 0.01415 0.00077 0.00126 0.01492 0.00421 0.01508 0.00237 0.00325 0.00849 0.01537 0.00915 0.00186 0.01585 0.00702 0.01136 
1000.0 0.01349 0.0171 0.00576 0.01091 0.00147 0.01962 0.01999 0.00521 0.00435 0.00443 0.01753 0.02134 0.02078 0.02325 0.00567 
1000.0 0.02437 0.03352 0.01017 0.04359 0.04393 0.03448 0.02734 0.03594 0.0224 0.03058 0.0131 0.01883 0.03099 0.01117 0.0277 
1000.0 0.01152 0.04652 0.04493 0.00306 0.03712 0.04273 0.03593 5e-05 0.00499 0.03735 0.02914 0.03193 0.01383 0.02552 0.01641 
1000.0 0.06654 0.00898 0.10866 0.07217 0.18407 0.0541 0.00769 0.1025 0.11128 0.08104 0.20598 0.13982 0.17727 0.10351 0.18873 
1000.0 0.02488 0.02571 0.02188 0.00513 0.02597 0.01302 0.01743 0.0278 0.02224 0.00961 0.02216 0.00695 0.00538 0.0181 0.01608 
1000.0 0.0398 0.04674 0.01992 0.04435 0.05664 0.01282 0.04258 0.01961 0.00355 0.03292 0.01582 0.01233 0.00661 0.00975 0.04388 
1000.0 0.04913 0.01668 0.04281 0.02096 0.02462 0.0846 0.07779 0.01182 0.03946 0.08116 0.02783 0.0525 0.02477 0.0811 0.05571 
1000.0 0.09727 0.04165 0.0536 0.0852 0.00882 0.02979 0.08382 0.02548 0.04666 0.06962 0.00236 0.0109 0.04647 0.03259 0.02071 
1000.0 0.01198 0.01301 0.01241 0.01091 0.00516 0.00788 0.00761 0.01293 0.00952 0.0109 0.0082 0.00392 0.01236 0.01458 0.01114 
1000.0 0.00916 0.00741 0.02792 0.00542 0.00394 0.01628 0.0019 0.0186 0.02404 0.00168 0.00406 0.01296 0.01149 0.02045 0.02335 
1000.0 0.01316 0.00559 0.00893 0.00493 0.00467 0.00341 0.00791 0.00702 0.01254 0.01046 0.01017 0.00851 0.00796 0.00603 0.0111 
1000.0 0.06331 0.00369 0.06649 0.06201 0.05978 0.05937 0.00144 0.05539 0.00084 0.02696 0.0505 0.06648 0.05723 0.0203 0.05292 
1000.0 0.03267 0.0083 0.02894 0.02247 0.01325 0.00344 0.02074 0.00787 0.03493 0.03199 0.01007 0.00607 0.00281 0.01005 0.04011 
1000.0 0.01002 0.00401 0.01258 0.01096 0.01253 0.00671 0.01363 0.00157 0.01366 0.01284 0.00659 0.0013 0.01363 0.00447 0.00972 
1000.0 0.03774 0.02205 0.1006 0.04035 0.04977 0.02571 0.0405 0.04244 0.03478 0.05603 0.09781 0.06827 0.04966 0.08866 0.04694 
1000.0 0.00076 0.01941 0.00765 0.02248 0.01754 0.0164 0.02598 0.00454 0.02517 0.00352 0.00205 0.01725 0.01683 0.00965 0.03024 
1000.0 0.00041 0.00605 0.01344 0.00834 0.01103 0.01234 0.00408 0.00918 0.01165 0.00474 0.01282 0.00697 0.00578 0.01376 0.01163 
1000.0 0.01161 0.00612 0.00826 0.01681 0.00208 0.01128 0.02119 0.02033 0.00753 0.01091 0.00898 0.0165 0.01315 0.00803 0.01259 
1000.0 0.08992 0.03235 0.01677 0.02099 0.05601 0.04594 0.077 0.08592 0.08884 0.01632 0.00381 0.07736 0.00283 0.08761 0.06789 
1000.0 0.02327 0.02379 0.01611 0.01213 0.00256 0.01781 0.0235 0.01911 0.01374 0.00498 0.02186 0.02399 0.00998 0.01101 0.01214 
1000.0 0.08785 0.04428 0.00744 0.05761 0.06856 0.03145 0.07559 0.03874 0.03789 0.07107 0.07509 0.03245 0.03291 0.0932 0.02256 
1000.0 0.01104 0.00356 0.00187 0.00035 0.0064 0.0031 0.00023 7e-05 0.00304 0.00746 0.0088 0.00212 0.00019 0.00191 0.00354 
1000.0 0.00201 0.06402 0.0658 0.01745 0.05699 0.07033 0.02441 0.01239 0.03412 0.05826 0.04977 0.0607 0.00732 0.05922 0.0508 
1000.0 0.02217 0.00547 0.0044 0.00639 0.02248 0.01598 0.01648 0.00056 0.01653 0.02271 0.02018 0.00814 0.00227 0.0056 0.00895 
1000.0 0.00759 0.00907 0.0077 0.00289 0.00858 0.00642 0.00478 0.00198 0.00708 0.00878 0.00592 0.00143 0.00865 0.00669 0.0075 
1000.0 0.02571 0.03223 0.00752 0.00835 0.00073 0.03009 0.00191 0.03112 0.03142 0.04233 0.02147 0.00337 0.00906 0.02974 0.01198 
1000.0 0.00784 0.08983 0.07723 0.04046 0.07904 0.06393 0.00654 0.06849 0.01597 0.04904 0.08498 0.06486 0.0256 0.02042 0.05566 
1000.0 0.01997 0.01486 0.01598 0.00172 0.01594 0.00488 0.03295 0.02021 0.01959 0.00098 0.02375 0.03083 0.03378 0.01052 0.02005 
1000.0 0.03123 0.027 0.02316 0.01338 0.04479 0.00938 0.02282 0.00253 0.0448 0.0008 0.05012 0.05073 0.03001 0.04903 0.02987 
1000.0 0.05363 0.16281 0.03119 0.10574 0.20594 0.00378 0.08643 0.0867 0.21463 0.09298 0.07971 0.13911 0.16567 0.13379 0.11427 
1000.0 0.0188 0.0364 0.06317 0.03792 0.06844 0.06634 0.0096 0.00758 0.01379 0.03006 0.03676 0.07184 0.02916 0.01964 0.0338 
1000.0 0.02236 0.01725 0.00064 0.00786 0.01578 0.02796 0.00778 0.00953 0.01433 0.01095 0.00974 0.00097 0.01943 0.003 0.02996 
1000.0 0.07658 0.03438 0.06066 0.01053 0.01745 0.0418 0.10024 0.05016 0.03153 0.01201 0.11812 0.11694 0.07801 0.09827 0.05474 
1000.0 0.04774 0.03496 0.0311 0.04114 0.0434 0.00275 0.0084 0.01032 0.02027 0.02055 0.02917 0.01423 0.04808 0.01359 0.01799 
1000.0 0.01753 0.01905 0.04179 0.03332 0.00077 0.01891 0.04062 0.04261 0.03752 0.03827 0.03333 0.04208 0.0131 0.00713 0.00407 
1000.0 0.00626 0.03716 0.04352 0.0225 0.00607 0.02021 0.02975 0.01343 0.00258 0.0284 0.00416 0.03615 0.03462 0.00031 0.02443 
1000.0 0.00064 0.00314 0.00192 0.00092 0.00071 0.00085 0.00164 0.00252 0.0042 0.00399 0.00342 0.00307 0.00015 0.00363 0.00384 
1000.0 0.03866 0.02204 0.01722 0.01381 0.02689 0.03104 0.04317 0.05219 0.05315 0.01362 0.0459 0.03076 0.01018 0.00543 0.02152 
1000.0 0.00709 0.0697 0.01233 0.02563 0.07026 0.00993 0.02882 0.00725 0.01619 0.02782 0.01077 0.03715 0.00786 0.05134 0.01628 
1000.0 0.02112 0.00364 0.01212 0.00548 0.01172 0.00405 0.00266 0.01539 0.014 0.0027 0.00808 0.01554 0.00422 0.02569 0.00588 
1000.0 0.02322 0.04363 0.01692 0.00294 0.02039 0.03596 0.01195 0.03056 0.02896 0.02877 0.00044 0.00344 0.03315 0.0325 0.02257 
1000.0 0.01147 0.11828 0.16664 0.10451 0.20681 0.0097 0.21145 0.138 0.10358 0.14961 0.0699 0.17028 0.17514 0.11965 0.18139 
1000.0 0.04253 0.03011 0.00982 0.04046 0.04045 0.03831 0.00951 0.02523 0.00676 0.03941 0.00723 0.00792 0.03873 0.0234 0.01133 
1000.0 0.0191 0.00324 0.0019 0.02665 0.00503 0.00799 0.01101 0.02857 0.02132 0.00577 0.02014 0.01866 0.02548 0.03472 0.00848 
1000.0 0.00814 0.01356 0.02351 0.00629 0.0161 0.01283 0.02151 0.01182 0.0136 0.0098 0.02126 0.02045 0.01887 0.02183 0.00784 
1000.0 0.00098 0.00506 0.00247 0.00779 0.00215 0.00151 0.00109 0.00934 0.00507 0.00437 0.00442 0.00611 0.00211 0.00096 0.00508 
1000.0 0.00558 0.0172 0.0067 0.00436 0.02003 0.0202 0.02095 0.00607 0.02064 0.00107 0.00563 0.01277 0.01795 0.02066 0.0176 
1000.0 0.01 0.00476 0.02389 0.02792 0.03696 0.02 0.04325 0.01778 0.04556 0.04349 0.02546 0.031 0.04371 0.03006 0.0237 
1000.0 0.04886 0.05893 0.02177 0.01907 0.06378 0.02129 0.03427 0.01927 0.01217 0.01438 0.04921 0.03474 0.03254 0.05012 0.04166 
1000.0 0.05711 0.04087 0.01233 0.02389 0.04679 0.02666 0.05406 0.00365 0.04071 0.04983 0.00131 0.01342 0.05005 0.0073 0.04222 
1000.0 0.06607 0.06896 0.04057 0.11291 0.09308 0.07663 0.10732 0.11088 0.09767 0.07601 0.06469 0.07361 0.1219 0.08925 0.09516 
1000.0 0.00427 0.00421 0.01242 0.01805 0.01624 0.01393 0.02016 0.00749 0.01319 0.00735 0.01003 0.0205 0.01842 0.01347 0.01536 
1000.0 0.00075 0.00921 0.00315 0.00636 0.00502 0.00389 0.00061 0.0069 0.00485 0.00295 0.00488 0.00889 0.00443 0.00014 0.00522 
1000.0 0.00739 0.01083 0.03719 0.01238 0.03877 0.01624 0.02446 0.02634 0.02946 0.01222 0.04096 0.02077 0.02986 0.019 0.04512 
1000.0 0.02065 0.06353 0.0456 0.03288 0.00396 0.04266 0.04797 0.036 0.01736 0.0393 0.01303 0.01634 0.02782 0.04954 0.01502 
1000.0 0.1404 0.12577 0.10373 0.01103 0.00975 0.14375 0.16757 0.18264 0.054 0.10336 0.16759 0.14072 0.11578 0.06214 0.18011 
1000.0 0.01311 0.02443 0.00205 0.03439 0.005 0.00979 0.02855 0.03567 0.02196 0.02025 0.00055 0.02922 0.00292 0.01919 0.03206 
1000.0 0.03406 0.06299 0.00635 0.05775 0.02411 0.05491 0.06786 0.06933 0.01451 0.0352 0.01368 0.06052 0.02795 0.0164 0.05979 
1000.0 0.00772 0.00191 0.02797 0.05484 0.0853 0.02993 0.01459 0.04975 0.07495 0.02409 0.04447 0.00168 0.07989 0.02427 0.07275 
1000.0 0.01362 0.01713 0.00483 0.0008 0.02322 0.0178 0.02237 0.00782 0.00954 0.01509 0.02373 0.01507 0.02196 0.00614 0.02077 
1000.0 0.01058 0.15878 0.09358 0.14678 0.09236 0.18979 0.18039 0.00531 0.00995 0.04614 0.09832 0.19144 0.21456 0.15539 0.11352 
1000.0 0.02711 0.0074 0.07225 0.01109 0.07241 0.09561 0.09888 0.09201 0.01542 0.02869 0.00217 0.02569 0.04882 0.07035 0.06724 
1000.0 0.02245 0.01878 0.00174 0.01666 1e-05 0.00488 0.00392 0.00265 0.00136 0.00901 0.01545 0.02015 0.02328 0.02481 0.03453 
1000.0 0.00276 0.02528 0.02165 0.03963 0.03077 0.04365 0.02479 0.04632 0.00083 0.01152 0.03404 0.01098 0.03005 0.03216 0.03697 
1000.0 0.00449 0.00701 0.00242 0.00328 0.00414 0.00248 0.00377 0.01117 0.013 0.01219 0.01262 0.00176 0.00723 0.00711 0.00646 
1000.0 0.0975 0.00923 0.06583 0.07341 0.04459 0.06494 0.07696 0.05638 0.0798 0.09279 0.0897 0.01708 0.07179 0.085 0.07499 
1000.0 0.03801 0.01436 0.03768 0.03453 0.05815 0.01071 0.02871 0.05102 0.03149 0.04353 0.05526 0.06009 0.02465 0.00839 0.01703 
1000.0 0.01382 0.00903 0.01097 0.00014 0.00538 0.00807 0.01307 0.00113 0.00236 0.01315 0.00983 0.01384 0.01072 0.01107 0.00873 
1000.0 0.17552 0.10823 0.10019 0.08341 0.10836 0.08292 0.09133 0.19618 0.10004 0.20805 0.06969 0.01742 0.09065 0.05142 0.18868 
1000.0 0.0046 0.00306 0.0093 0.00145 0.00084 0.0103 0.00782 0.00911 0.00395 0.0111 0.01167 0.00337 0.00776 0.0038 0.00962 
1000.0 0.0836 0.05465 0.06951 0.12349 0.12548 0.08164 0.05301 0.01723 0.08221 0.05447 0.09561 0.11055 0.10837 0.01287 0.00662 
1000.0 0.02201 0.00274 0.00574 0.02189 0.016 0.02057 0.01097 0.01004 0.0191 0.02386 0.00158 0.01089 0.0149 0.01702 0.01354 
1000.0 0.02472 0.02734 0.01959 0.02565 0.01396 0.02362 0.0334 0.00334 0.03957 0.03281 0.03238 0.03518 0.0076 0.00885 0.01395 
1000.0 0.01571 0.0124 0.02854 0.03528 0.03582 0.04547 0.03479 0.02084 0.00729 0.02085 0.04102 0.00294 0.0119 0.00405 0.03243 
1000.0 0.01433 0.00591 0.01162 0.01261 0.01405 0.01216 0.0028 0.00232 0.00299 0.00387 0.01182 0.00106 0.01403 0.00035 0.00204 
1000.0 0.00287 0.04759 0.0138 0.02996 0.03288 0.01784 0.01328 0.01463 0.04005 0.01401 0.00914 0.04647 0.04486 0.03244 0.04129 
1000.0 0.00304 0.00533 0.0039 0.00079 0.00547 0.00247 0.00288 0.00261 0.00109 0.00242 0.00056 0.00446 0.00313 0.00144 0.00291 
1000.0 0.01615 0.00911 0.00618 0.00437 0.00135 0.00547 0.00391 0.00159 0.0108 0.01223 0.00217 0.01309 0.0173 0.01558 0.00494 
1000.0 0.13248 0.14562 0.13402 0.09573 0.17499 0.02784 0.12766 0.01702 0.01807 0.00974 0.09158 0.02731 0.03018 0.10871 0.02134 
1000.0 0.00547 0.00167 0.00681 0.00649 0.00872 0.00744 0.00679 0.00223 0.00576 0.00043 0.00748 0.0077 0.00784 0.00863 0.00416 
1000.0 0.00904 0.00999 0.02248 0.00027 0.02053 0.00315 0.01473 0.0161 0.01004 0.02256 0.01504 0.01685 0.01942 0.02049 0.01049 
1000.0 0.00165 0.0103 0.01222 0.01062 0.00238 0.01148 0.00916 0.00079 0.00838 0.00266 0.01094 0.01054 0.00955 0.00913 0.00986 
1000.0 0.05475 0.0031 0.0773 0.04783 0.02847 0.09343 0.03771 0.04209 0.02819 0.00631 0.09836 0.1025 0.05436 0.0827 0.03855 
1000.0 0.03304 0.0482 0.11077 0.02003 0.13314 0.15862 0.15078 0.13638 0.11373 0.11595 0.01511 0.18131 0.08527 0.11417 0.06918 
1000.0 0.08004 0.0832 0.00293 0.07403 0.06355 0.07766 0.04458 0.0836 0.02585 0.07541 0.07582 0.04728 0.06126 0.03654 0.03553 
1000.0 0.0367 0.00877 0.03074 0.00205 0.01295 0.0776 0.06981 0.08144 0.08562 0.04602 0.0072 0.00969 0.08099 0.02569 0.03626 
1000.0 0.03138 0.01086 0.01508 0.04109 0.00905 0.02216 0.04646 0.04123 0.04636 0.03548 0.01348 0.01383 0.02369 0.01316 0.0048 
1000.0 0.01109 0.03811 0.02452 0.0029 0.01398 0.04133 0.00222 0.00037 0.00126 0.04099 0.03442 0.0389 0.04638 0.01938 0.01009 
1000.0 0.01385 0.00876 0.00768 0.02745 0.00179 0.00739 0.02576 0.00148 0.02045 0.00492 0.00787 0.00207 0.01064 0.01145 0.02211 
1000.0 0.00112 0.00139 0.00948 0.01322 0.00971 0.01128 0.00285 0.00402 0.00809 0.00855 0.00636 0.00452 0.0057 0.00369 0.01207 
1000.0 0.00816 0.04207 0.01364 0.00546 0.02339 0.01995 0.028 0.0188 0.02018 0.02002 0.03701 0.01216 0.00278 0.03621 0.0415 
1000.0 0.08112 0.20508 0.08796 0.15427 0.03263 0.02482 0.21037 0.01741 0.16108 0.02401 0.00232 0.01632 0.08491 0.15265 0.19789 
1000.0 0.01331 0.0032 0.00965 0.00072 0.00321 0.00535 0.0026 0.00923 0.01267 0.01228 0.00013 0.01014 0.00392 0.0005 0.00959 
1000.0 0.0162 0.00588 0.00026 0.00399 0.01516 0.01084 0.00529 0.0155 0.00803 0.01632 0.00614 0.01511 0.01785 0.00199 0.00411 
1000.0 0.00517 0.00082 0.00197 0.00358 0.00221 0.00374 0.00511 2e-05 0.00173 0.00456 0.00626 0.00101 0.00141 0.0058 0.00117 
1000.0 0.00601 0.01527 0.01625 0.04529 0.03713 0.00384 0.04535 0.01184 0.03468 0.00159 0.03381 0.00161 0.04759 0.03792 0.04307 
1000.0 0.09798 0.05085 0.00028 0.05165 0.06957 0.09862 0.07597 0.07434 0.05808 0.0075 0.01004 0.0707 0.0564 0.06008 0.04638 
1000.0 0.01156 0.00905 0.01062 0.00818 0.0075 0.00502 0.00268 0.00291 0.00102 0.00053 0.00624 0.00799 0.00488 0.00694 0.00483 
1000.0 0.00029 0.00895 0.00076 0.00658 0.00271 0.00397 0.00362 0.00037 0.00623 0.00305 0.00416 0.00963 0.00289 0.00997 0.00536 
1000.0 0.00478 0.01091 0.00753 0.01086 0.01115 0.0004 0.00448 0.01106 0.00997 0.00595 0.01059 0.005 0.0111 0.00487 0.00973 
1000.0 0.00366 0.00094 0.00988 0.00908 0.00683 0.00954 0.007 0.01149 0.00786 0.00853 0.00716 0.00091 0.00856 0.01142 0.00615 
1000.0 0.01333 0.01693 0.01435 0.00571 0.01048 0.01109 0.01463 0.00553 0.00552 0.00561 0.00172 0.00938 0.01811 0.00982 0.01628 
1000.0 0.0232 0.10627 0.00096 0.01569 0.07835 0.0351 0.05445 0.08979 0.05518 0.03966 0.08082 0.09712 0.01081 0.10587 0.10671 
1000.0 0.03452 0.01568 0.01821 0.00693 0.03325 0.01571 0.01476 0.03487 0.02413 0.01426 0.02771 0.01749 0.00787 0.00421 0.00816 
1000.0 0.0018 0.04 0.03414 0.02479 0.01026 0.00262 0.03174 0.02036 0.03862 0.04019 0.0361 0.0377 0.0316 0.0335 0.00622 
1000.0 0.02947 0.0205 0.03025 0.03968 0.04823 0.00563 0.02829 0.02199 0.00699 0.00069 0.01233 0.04812 0.00875 0.03232 0.00366 
1000.0 0.07021 0.04006 0.04176 0.07065 0.0553 0.01799 0.07118 0.0044 0.01292 0.01019 0.03375 0.03185 0.03998 0.03916 0.00871 
1000.0 0.13797 0.07672 0.15179 0.11574 0.01176 0.11651 0.12229 0.09106 0.02149 0.07416 0.0399 0.08142 0.13259 0.14074 0.04959 
1000.0 0.20454 0.06057 0.06535 0.07334 0.03002 0.15027 0.1798 0.08485 0.23598 0.23066 0.05539 0.17368 0.06158 0.11148 0.23339 
1000.0 0.01257 0.00062 0.00432 0.02543 0.00307 0.0122 0.00373 0.00037 0.02312 0.00479 0.01082 0.00268 0.00823 0.01904 0.00603 
1000.0 0.01805 0.02148 0.01715 0.02182 0.03425 0.01854 0.01672 0.01657 0.02188 0.02066 0.0228 0.02772 0.02625 0.03776 0.01938 
1000.0 0.02832 0.00488 0.0036 0.03067 0.02908 0.03532 0.00754 0.00892 0.02264 0.01894 0.00349 0.03272 0.01689 0.00478 0.01319 
1000.0 0.01115 0.02759 0.00337 0.00856 0.02024 0.02211 0.01933 0.01671 0.02348 0.00714 0.02966 0.00967 0.02246 0.01866 0.01732 
1000.0 0.00251 0.00156 0.00186 0.00319 0.00044 0.00293 0.00062 4e-05 0.00254 0.00253 0.00319 0.00192 0.00126 0.00245 0.00076 
1000.0 0.00603 0.02542 0.00183 0.00191 0.02917 0.02184 0.01657 0.00981 0.00804 0.00194 0.01393 0.01156 0.01199 0.0272 0.02325 
1000.0 0.03352 0.0202 0.00939 0.00248 0.04519 0.04054 0.00421 0.03526 0.03847 0.00757 0.01634 0.03108 0.03622 0.012 0.02041 
1000.0 0.01168 0.00258 0.0502 0.04558 0.0375 0.01805 0.04797 0.04967 0.00235 0.01235 0.02671 0.02195 0.04853 0.03098 0.03376 
