1000.0 1000.0 1000.0 1000.0 1000.0 1000.0 1000.0 1000.0 1000.0 1000.0 1000.0 1000.0 1000.0 1000.0 1000.0 1000.0 
1000.0 0.00632 0.00323 0.0113 0.00561 0.00998 0.0083 0.00388 0.0001 0.0128 0.01045 0.00044 0.01393 0.01107 0.00739 0.00727 
1000.0 0.08777 0.01079 0.13165 0.12912 0.01294 0.00196 0.01358 0.07758 0.13709 0.00629 0.1187 0.00951 0.14529 0.08829 0.1468 
1000.0 0.18919 0.02968 0.09053 0.16137 0.13139 0.18951 0.14072 0.06078 0.17243 0.0584 0.01774 0.18 0.05602 0.04411 0.09738 
1000.0 0.03178 0.00653 0.04061 0.00978 0.02915 0.02137 0.02098 0.00582 0.01881 0.00406 0.01298 0.0005 0.02892 0.02098 0.01928 
1000.0 0.08894 0.0601 0.04971 0.08907 0.05425 0.0272 0.00919 0.02538 0.01875 0.07562 0.08182 0.01317 0.01348 0.02119 0.0715 
1000.0 0.0079 0.00952 0.01217 0.03805 0.03454 0.00638 0.06765 0.00797 0.03814 0.0642 0.06061 0.03183 0.00702 0.06208 0.02751 
1000.0 0.00067 0.00333 0.00371 0.00228 0.00382 0.00171 0.00212 0.00365 0.00268 0.0017 0.00349 0.0045 0.00548 0.00491 0.00677 
1000.0 0.17117 0.07517 0.18962 0.1291 0.04156 0.12224 0.14073 0.077 0.04211 0.21412 0.15095 0.05806 0.10758 0.12078 0.12086 
1000.0 0.01567 0.00801 0.02672 0.02412 0.02317 0.00966 0.02497 0.01765 0.02821 0.02588 0.00466 0.00801 0.02219 0.00312 0.00506 
1000.0 0.02564 0.01842 0.04476 0.02748 0.02796 0.01612 0.0082 0.02854 0.01689 0.04595 0.0368 0.03187 0.01802 0.00354 0.00085 
1000.0 0.09898 0.0071 0.42593 0.02607 0.39177 0.23784 0.18073 0.04423 0.36544 0.01594 0.12896 0.39314 0.24168 0.0501 0.11845 
1000.0 0.02707 0.00987 0.00569 0.01096 0.03772 0.02393 0.04388 0.01912 0.01266 0.06472 0.00959 0.0595 0.00365 0.05481 0.00287 
1000.0 0.07337 0.05881 0.04896 0.0338 0.01113 0.09706 0.04313 0.10269 0.03689 0.00186 0.03042 0.07571 0.0031 0.09469 0.10321 
1000.0 0.1371 0.06699 0.04517 0.04279 0.07152 0.04337 0.07786 0.04854 0.0902 0.11861 0.06913 0.04348 0.08007 0.05174 0.13034 
1000.0 0.00512 0.01651 0.01562 0.00955 0.01838 0.00882 0.00016 0.00484 0.02332 0.02209 0.01925 0.02078 0.01762 0.00777 0.01362 
1000.0 0.023 0.0078 0.01842 0.01553 0.00549 0.00434 0.02093 0.01559 0.0161 0.00821 0.00223 0.01964 0.0015 0.00217 0.00831 
1000.0 0.00848 0.01212 0.00509 0.01089 0.02493 0.0309 0.03579 0.02665 0.00202 0.02166 0.03554 0.00632 0.02362 0.03435 0.00342 
1000.0 0.02987 0.02356 0.0051 0.00796 0.00137 0.02588 0.00184 0.03061 0.02779 0.02661 0.00133 0.03038 0.02248 0.01989 0.0235 
1000.0 0.00684 0.00357 0.04647 0.03014 0.04737 0.0142 0.04944 0.06146 0.0172 0.06103 0.04095 0.01256 0.00676 0.04241 0.02303 
1000.0 0.01616 0.01813 0.01656 0.00956 0.01998 0.0094 0.01151 0.01903 0.00787 0.00948 0.01358 0.00334 0.00834 0.00397 0.01271 
1000.0 0.00855 0.00766 0.0028 0.00841 0.00799 0.01134 0.00856 0.0103 0.01018 0.00532 0.01063 0.01149 0.00807 0.00132 0.00749 
1000.0 0.0138 0.00342 0.0378 0.02886 0.0053 0.00486 0.0217 0.02837 0.03731 0.01574 0.01659 0.01082 0.03938 0.02431 0.04477 
1000.0 0.00089 0.00252 0.00068 0.00334 0.00191 0.00026 0.00284 0.00238 0.00378 0.00306 0.00316 0.00304 0.00226 0.00358 0.0014 
1000.0 0.07743 0.04771 0.03582 0.02514 0.1045 0.03551 0.02551 0.061 0.07468 0.09177 0.10653 0.00162 0.0809 0.00458 0.08075 
1000.0 0.00736 0.02663 0.09488 0.08512 0.01327 0.08659 0.00337 0.07369 0.00956 0.07022 0.03421 0.10198 0.03989 0.00998 0.06062 
1000.0 0.00234 0.02672 0.02706 0.0331 0.0291 0.00861 0.02463 0.0092 0.00631 0.01734 0.0286 0.02556 0.00317 0.00105 0.02818 
1000.0 0.00578 0.00366 0.02112 0.01822 0.00895 0.00414 0.02387 0.00535 0.0209 0.00138 0.00758 0.00519 0.00574 0.00954 0.01862 
1000.0 0.02467 0.02615 0.03365 0.01755 0.00817 0.01011 0.00161 0.00856 0.03142 0.00948 0.02273 0.03018 0.04261 0.05255 0.01283 
1000.0 0.00805 0.01456 0.01704 0.04659 0.04106 0.03723 0.0384 0.00602 0.04169 0.01072 0.03029 0.00178 0.02425 0.01768 0.0393 
1000.0 0.01972 0.01502 0.00449 0.01659 0.0119 0.02116 0.00082 0.02004 0.01884 0.01434 0.01191 0.00362 0.01401 0.01005 0.01844 
1000.0 0.01903 0.01939 0.01748 0.02618 0.00349 0.00251 0.00163 0.00498 0.02882 0.02343 0.02493 0.00779 0.01609 0.01831 0.02696 
1000.0 0.04294 0.01728 0.02164 0.00626 0.00126 0.01441 0.00529 0.03192 0.0142 0.0304 0.01208 0.02649 0.03436 0.01696 0.02128 
1000.0 0.00293 0.01196 0.00863 0.00884 0.01384 0.0014 0.01488 0.00547 0.00531 0.00452 0.00935 0.00365 0.01572 0.01285 0.01274 
1000.0 0.02386 0.01677 0.01604 0.016 0.00282 0.02254 0.01258 0.01803 0.00981 0.00055 0.00054 0.00637 0.01197 0.02071 0.01715 
1000.0 0.01806 0.007 0.04552 0.00182 0.01719 0.00111 0.03859 0.02863 0.02605 0.02353 0.01413 0.02687 0.00628 0.0442 0.00162 
1000.0 0.04626 0.04008 0.02708 0.04672 0.00395 0.01977 0.02003 0.00754 0.02089 0.0282 0.03896 0.01366 0.03356 0.01001 0.03387 
1000.0 0.01494 0.03171 0.12886 0.18613 0.20697 0.03456 0.18004 0.16061 0.19922 0.06594 0.08951 0.00552 0.15273 0.19389 0.00725 
1000.0 0.00352 0.00835 0.0188 0.01485 0.00281 0.00405 0.00032 0.02101 0.00738 0.0028 0.00501 0.00538 0.00264 0.02856 0.01202 
1000.0 0.00393 0.0024 0.01198 0.04517 0.00964 0.0521 0.04486 0.03577 0.0239 0.02684 0.01465 0.03321 0.03874 0.02977 0.00426 
1000.0 0.00116 0.09661 0.09005 0.07968 0.09425 0.06215 0.00922 0.06481 0.05242 0.01921 0.0524 0.03915 0.08612 0.01151 0.02526 
1000.0 0.04976 0.0907 0.08877 0.09522 0.09823 0.00734 0.02473 0.04265 0.0628 0.09227 0.02113 0.06911 0.06914 0.02911 0.0701 
1000.0 0.014 0.00802 0.01401 0.01169 0.00957 0.01544 0.00586 0.01034 0.00635 0.01545 0.00161 0.01144 0.00808 0.01601 0.01549 
1000.0 0.01365 0.02283 0.02709 0.01207 0.00668 0.02695 0.00339 0.02634 0.01506 0.0026 0.00434 0.01156 0.01423 0.02715 0.02086 
1000.0 0.00563 0.00618 0.00769 0.00814 0.00644 0.01408 0.01344 0.00665 0.0112 0.01188 0.00398 0.00461 0.01263 0.00081 0.00511 
1000.0 0.06394 0.04436 0.05868 0.04611 0.02986 0.04824 0.00609 0.00907 0.0469 0.00863 0.05917 0.00471 0.02942 0.03046 0.02084 
1000.0 0.03262 0.00789 0.04012 0.01853 0.01736 0.02396 0.03599 0.01401 0.03673 0.01103 0.03264 0.04031 0.03674 0.0363 0.02661 
1000.0 0.01236 0.00723 0.00445 0.00556 0.00086 0.01299 0.00698 0.0113 0.00292 0.00024 0.01361 0.00064 0.00532 0.0071 0.0039 
1000.0 0.08979 0.10565 0.07961 0.02187 0.099 0.098 0.08775 0.06773 0.02939 0.08954 0.0702 0.04529 0.04205 0.00715 0.05714 
1000.0 0.02474 0.02056 0.02575 0.02584 0.00689 0.01034 0.00267 0.00267 0.02716 0.00718 0.00436 0.00258 0.00599 0.02115 0.01688 
1000.0 0.0148 0.00142 0.00094 0.00606 0.00396 0.0117 0.00861 0.00972 0.00085 0.00751 0.00738 0.00031 0.00201 0.00738 0.01414 
1000.0 0.0022 0.01279 0.01388 0.01541 0.02228 0.01276 0.01914 0.00434 0.00939 0.00444 0.01746 0.00766 0.01041 0.01578 0.00391 
1000.0 0.06214 0.05652 0.02345 0.05664 0.08879 0.00384 0.09662 0.00034 0.02002 0.04392 0.04475 0.08893 0.01378 0.0701 0.0353 
1000.0 0.00027 0.01803 0.01566 0.0171 0.01952 0.01595 0.01413 0.01262 0.0048 0.00938 0.00334 0.02213 0.00128 0.01383 0.01019 
1000.0 0.07015 0.06919 0.08216 0.06813 0.01501 0.07631 0.02851 0.04398 0.00758 0.09888 0.0467 0.09941 0.0815 0.01731 0.00908 
1000.0 0.01041 0.00661 0.00811 0.00493 0.00456 0.00709 0.00551 0.0055 0.01155 0.00173 0.0071 0.00656 0.01149 0.00508 0.00843 
1000.0 0.04751 0.0456 0.0603 0.0163 0.02164 0.06204 0.05875 0.00174 0.01216 0.0246 0.069 0.05019 0.05101 0.01663 0.06029 
1000.0 0.01364 0.00313 0.02058 0.00154 0.00184 0.01522 0.02346 0.00137 0.01465 0.01841 0.01628 0.00297 0.01901 0.01149 0.0013 
1000.0 0.00261 0.00719 0.00202 0.00547 0.00029 0.0059 0.00491 0.00792 0.00554 0.00782 0.00507 0.00448 0.00162 0.00666 0.00267 
1000.0 0.04548 0.0002 0.04914 0.04525 0.02963 0.02297 0.0457 0.03667 0.0219 0.00039 0.0007 0.04496 0.04651 0.03395 0.0389 
1000.0 0.02682 0.02051 0.03553 0.05641 0.04648 0.05094 0.04087 0.02206 0.03656 0.00329 0.05543 0.05018 0.07543 0.04619 0.00394 
1000.0 0.02939 0.00269 0.03087 0.03514 0.01325 0.00252 0.001 0.02565 0.00853 0.00983 0.02906 0.01946 0.03162 0.02483 0.03128 
1000.0 0.03215 0.05007 0.04776 0.05178 0.0554 0.00411 0.01971 0.02417 0.01365 0.04845 0.01145 0.0079 0.02764 0.00621 0.00453 
1000.0 0.12167 0.18324 0.04062 0.09479 0.01317 0.01583 0.01712 0.10724 0.072 0.08908 0.20666 0.10093 0.17492 0.02774 0.06282 
1000.0 0.05225 0.07292 0.00147 0.05306 0.05896 0.03857 0.00329 0.04765 0.00622 0.02902 0.0348 0.0699 0.06021 0.06203 0.0227 
1000.0 0.00342 0.00144 0.03256 0.0307 0.00712 0.02471 0.01244 0.02632 0.02374 0.01597 0.02192 0.01748 0.00977 0.00614 0.00378 
1000.0 0.09229 0.06769 0.07437 0.01942 0.07987 0.04568 0.08432 0.03934 0.00143 0.07954 0.06609 0.06425 0.08957 0.14125 0.0833 
1000.0 0.05099 0.00806 0.0383 0.04716 0.00425 0.0327 0.0154 0.01799 0.01018 0.05321 0.0381 0.01179 0.01994 0.03556 0.04808 
1000.0 0.02259 0.006 0.00624 0.02846 0.00366 0.02998 0.00322 0.03141 0.04212 0.03323 0.00145 0.0122 0.00951 0.00185 0.00381 
1000.0 0.03766 0.02402 0.02925 0.01647 0.02598 0.03112 0.02768 0.01688 0.03537 0.04335 0.02703 0.02912 0.04046 0.04138 0.02421 
1000.0 0.00251 0.00155 0.00167 0.00398 0.00191 0.00143 0.0026 0.00481 0.00026 0.00287 0.00063 0.00069 0.00586 0.00271 0.00533 
1000.0 0.01265 0.04702 0.05202 0.03675 0.04215 0.05089 0.00978 0.00965 0.03252 0.02077 0.02676 0.04767 0.03605 0.03317 0.02021 
1000.0 0.0083 0.02017 0.06706 0.00387 0.01955 0.05355 0.00183 0.01484 0.02239 0.00441 0.03892 0.06549 0.04511 0.0438 0.00481 
1000.0 0.02604 0.00814 0.00861 0.01706 0.00399 0.00766 0.02413 0.00904 0.01515 0.01014 0.02091 0.01211 0.01273 0.00359 0.014 
1000.0 0.03303 0.0206 0.01291 0.04171 0.00379 0.04284 0.00225 0.00344 0.04266 0.02263 0.02095 0.00493 0.04232 0.04347 0.01258 
1000.0 0.17816 0.13868 0.07285 0.13317 0.00116 0.17562 0.19814 0.04311 0.15677 0.10409 0.19289 0.11136 0.20676 0.19812 0.01831 
1000.0 0.01666 0.0293 0.03739 0.01508 0.04043 0.02837 0.00712 0.04429 0.03313 0.008 0.02242 0.04549 0.03162 0.01968 0.02156 
1000.0 0.02486 0.00797 0.03154 0.01785 0.01388 0.02995 0.0369 0.03824 0.02433 0.04182 0.01923 0.02915 0.00273 0.0259 0.03595 
1000.0 0.0162 0.01672 0.00035 0.01053 0.00638 0.00635 0.0005 0.02323 0.00564 0.02335 0.02314 0.0209 0.01574 0.00574 0.01647 
1000.0 0.0034 0.00056 0.00328 0.0017 0.00818 0.00856 0.00601 0.00699 0.00552 0.00399 0.00325 0.0021 0.00789 0.00299 0.00048 
1000.0 0.02119 0.01258 0.00927 0.01083 0.02054 0.01413 0.00454 0.01913 0.01468 0.01937 0.00427 0.00067 0.00104 0.00964 0.00667 
1000.0 0.01626 0.03689 0.04547 0.00326 0.03326 0.01751 0.00751 0.02344 0.03405 0.0428 0.04639 0.00089 0.02115 0.02757 0.03144 
1000.0 0.00665 0.04659 0.04215 0.02224 0.04496 0.00269 0.02766 0.03702 0.05324 0.04757 0.01907 0.00369 0.03878 0.00129 0.04216 
1000.0 0.01208 0.01015 0.03663 0.02478 0.01388 0.05504 0.03666 0.04491 0.03028 0.03073 0.02629 0.00802 0.05858 0.0603 0.03807 
1000.0 0.12053 0.05225 0.08862 0.03794 0.00466 0.04257 0.08922 0.00034 0.08109 0.08351 0.06425 0.06756 0.04044 0.02623 0.03513 
1000.0 0.01907 0.01227 0.0129 0.01113 0.02144 0.00533 0.00751 0.01352 0.00775 0.02192 0.00308 0.01656 0.00023 0.02293 0.01051 
1000.0 0.00888 0.00823 0.00228 0.00457 0.00024 0.0018 0.00272 0.00077 0.00632 0.00258 0.00611 0.00366 0.00787 0.00343 0.00449 
1000.0 0.01128 0.04196 0.00365 0.02709 0.00952 0.00139 0.0377 0.04416 0.03219 0.0212 0.03997 0.03797 0.03768 0.03857 0.00662 
1000.0 0.05341 0.0648 0.03617 0.03196 0.07144 0.07074 0.0497 0.01573 0.06983 0.04938 0.03616 0.01959 0.0679 0.04759 0.05194 
1000.0 0.13719 0.14755 0.08893 0.14567 0.16404 0.13048 0.05541 0.12675 0.01576 0.18275 0.05793 0.17984 0.07243 0.17198 0.12067 
1000.0 0.02809 0.00438 0.02786 0.00498 0.01779 0.0161 0.01014 0.02843 0.01466 0.01472 0.02495 0.03164 0.0276 0.02822 0.01895 
1000.0 0.02912 0.02808 0.03904 0.04868 0.06771 0.06132 0.03399 0.06152 0.00457 0.03382 0.02617 0.01374 0.02488 0.04005 0.02691 
1000.0 0.06536 0.09911 0.032 0.00829 0.01261 0.0765 0.05456 0.0021 0.05074 0.03435 0.00795 0.08418 0.04634 0.00188 0.01931 
1000.0 0.00424 0.00888 0.00057 0.02138 0.01022 0.00928 0.01734 0.02198 0.01924 0.01098 0.01683 0.01629 0.00011 0.01375 0.00504 
1000.0 0.01527 0.12021 0.15683 0.10418 0.132 0.07969 0.17275 0.12601 0.08611 0.21381 0.01173 0.08733 0.1988 0.12753 0.15582 
1000.0 0.04532 0.03046 0.05515 0.07739 0.04373 0.08883 0.09901 0.02314 0.00222 0.09464 0.08972 0.02011 0.03055 0.09268 0.01685 
1000.0 0.03154 0.00919 0.02049 0.02743 0.03079 0.00636 0.02724 0.01228 0.0345 0.03061 0.01421 0.03138 0.02385 0.03152 0.01789 
1000.0 0.05299 0.03596 0.0504 0.04518 0.03766 0.00057 0.00943 0.01434 0.003 0.006 0.03678 0.0307 0.00883 0.00218 0.03505 
1000.0 0.00745 0.01058 0.01026 0.00846 0.00019 0.00383 0.0081 0.01151 0.00286 0.01086 0.01294 0.00306 0.00637 0.00181 0.0059 
1000.0 0.05102 0.00917 0.08297 0.04958 0.0241 0.09675 0.05435 0.02161 0.03916 0.0725 0.05518 0.06816 0.0532 0.02954 0.04766 
1000.0 0.02538 0.03358 0.0306 0.02826 0.0251 0.02561 0.02017 0.0098 0.01704 0.02269 0.05514 0.01164 0.02155 0.05402 0.03413 
1000.0 0.00209 0.01334 0.00449 0.0008 0.00047 0.00265 0.00035 0.00492 0.01423 0.01294 0.00164 0.0078 0.00272 0.00361 0.00032 
1000.0 0.16009 0.18873 0.0402 0.02966 0.08712 0.18691 0.10488 0.09537 0.17996 0.12328 0.19039 0.06379 0.19643 0.03753 0.15434 
1000.0 0.00029 0.00909 0.00156 0.00177 0.00514 0.00069 0.01078 0.005 0.01181 0.00305 0.00413 0.01139 0.00811 0.00268 0.00808 
1000.0 0.09644 0.11797 0.05621 0.03942 0.03744 0.01035 0.02713 0.04843 0.08533 0.04011 0.10501 0.12927 0.02448 0.06798 0.10157 
1000.0 0.01688 0.01047 0.00436 0.00252 0.00778 0.02045 0.00727 0.01306 0.00276 0.00071 0.02117 0.00261 0.0074 0.01363 0.01307 
1000.0 0.01437 0.01965 0.02751 0.03428 0.03299 0.00015 0.02927 0.0146 0.00133 0.02544 0.03171 0.03157 0.01173 0.02033 0.01875 
1000.0 0.04595 0.01663 0.02155 0.00199 0.04168 2e-05 3e-05 0.0037 0.03837 0.02346 0.03684 0.02757 0.02086 0.02441 0.02499 
1000.0 0.01144 0.0106 0.00768 0.00841 0.01376 0.00334 0.00176 0.01075 0.00587 0.00436 0.00714 0.01172 0.01348 0.01295 0.00554 
1000.0 0.0215 0.04228 0.03435 0.01251 0.03537 0.00945 0.03475 0.02936 0.03387 0.01694 0.00918 0.05083 0.02842 0.02975 0.01347 
1000.0 0.00212 0.00257 0.00373 0.00442 0.0044 0.00397 0.00277 0.00372 0.0057 0.0041 0.00043 0.00131 0.00423 0.00418 0.00247 
1000.0 0.00163 0.00165 0.0049 0.00481 0.01728 0.01055 0.01719 0.01703 0.00305 0.01714 0.00218 0.00156 0.00353 0.01292 0.01594 
1000.0 0.16853 0.0904 0.05056 0.0237 0.0186 0.00598 0.15829 0.09991 0.00202 0.04683 0.10595 0.13046 0.00088 0.16445 0.14631 
1000.0 0.00883 0.00326 0.00401 0.00529 0.0075 0.00248 0.0007 0.00547 0.00076 0.00095 0.00514 0.00675 0.00657 0.00443 0.00778 
1000.0 0.0158 0.01878 0.01583 0.00284 0.00711 0.00304 0.01173 0.01206 0.01049 0.01869 0.02241 0.01783 0.02123 0.02253 0.00496 
1000.0 0.00453 0.00443 0.00335 0.00581 0.00838 0.0075 0.01216 0.0005 0.00478 0.00952 0.00423 0.00165 0.00873 0.00673 0.00197 
1000.0 0.07312 0.03789 0.04358 0.02009 0.04964 0.03718 0.07724 0.07396 0.02126 0.00383 0.01253 0.06385 0.02458 0.07968 0.07562 
1000.0 0.1715 0.12275 0.0835 0.06549 0.10826 0.19006 0.10253 0.1108 0.08281 0.19142 0.18592 0.03889 0.1975 0.06295 0.05127 
1000.0 0.00511 0.07653 0.0842 0.00027 0.09098 0.01958 1e-05 0.05021 0.02409 0.03138 0.00919 0.02197 0.07654 0.0517 0.02395 
1000.0 0.06007 0.03259 0.09501 0.04998 0.03651 0.09159 0.07131 0.08619 0.02965 0.02101 0.02202 0.083 0.06203 0.00401 0.04488 
1000.0 0.04705 0.04112 0.028 0.0112 0.00358 0.02276 0.02543 0.04096 0.0015 0.04497 0.00939 0.0305 0.024 0.01191 0.01132 
1000.0 0.00588 0.01632 0.00198 0.02935 0.02328 0.02993 0.04427 0.04693 0.03903 0.00216 0.03422 0.00251 0.04593 0.04066 0.01894 
1000.0 0.02131 0.00299 0.01973 0.00144 0.02043 0.02778 0.02402 0.01368 0.02643 0.00283 0.00752 0.01422 0.02354 0.02632 0.01795 
1000.0 0.00438 0.00469 0.0085 0.00026 0.0063 0.00578 0.00856 0.00316 0.00924 0.00657 0.00549 0.00719 0.00113 0.00405 0.00496 
1000.0 0.01441 0.01539 0.01664 0.01767 0.0355 0.01864 0.0038 0.01634 0.03894 0.03175 0.03684 0.00173 0.00393 0.00607 0.01112 
1000.0 0.01326 0.20836 0.08894 0.16044 0.00344 0.03205 0.07501 0.15263 0.11513 0.17816 0.16844 0.18855 0.15494 0.08757 0.10618 
1000.0 0.00624 0.00946 0.00927 0.00119 0.00674 0.00275 0.00831 0.00451 0.00983 0.01353 0.0083 0.01116 0.00802 0.01186 0.0048 
1000.0 0.00089 0.00438 0.01241 0.0118 0.0018 0.01311 0.00464 0.00427 0.01236 0.00539 0.00873 0.01593 0.00364 0.01661 0.01724 
1000.0 0.0045 0.00166 0.00622 0.00594 0.00042 0.00541 0.00077 0.005 0.00176 0.0011 0.00346 0.00274 0.00399 0.00252 0.00257 
1000.0 0.01615 0.01382 0.04122 0.04661 0.02318 0.00837 0.04032 0.00267 0.04542 0.00121 0.01865 0.0417 0.0243 0.02264 0.01041 
1000.0 0.08692 0.00938 0.02903 0.06544 0.09331 0.06415 0.00868 0.05593 0.03039 0.01791 0.08536 0.07628 0.10114 0.00144 0.04034 
1000.0 0.0058 0.00663 0.00664 0.01146 0.0077 0.00228 0.00285 0.00837 0.00153 0.01009 0.00434 0.00788 0.00521 0.00091 0.0069 
1000.0 0.00356 0.01002 0.01091 0.00016 0.00217 0.00802 0.01108 0.00179 0.00701 0.00535 0.0051 0.00674 0.00787 0.0109 0.0036 
1000.0 0.00599 0.00925 0.01068 0.00789 0.00028 0.00129 0.0018 0.00232 0.00037 0.00086 0.00274 0.00531 0.00093 0.00094 0.00689 
1000.0 0.00592 0.01076 0.00412 0.00242 0.00041 0.01155 0.00718 0.00244 0.00022 0.00394 0.00215 0.00879 0.00725 0.00415 0.00566 
1000.0 0.00782 0.01189 0.0169 0.00451 0.01555 0.00082 0.00076 0.00921 0.01091 0.01828 0.00253 0.00427 0.01664 0.01122 0.01644 
1000.0 0.01702 0.09155 0.04803 0.03339 0.02826 0.07203 0.00657 0.03916 0.09929 0.04813 0.04091 0.02049 0.04002 0.04592 0.00507 
1000.0 0.01161 0.02898 0.01851 0.00941 0.02313 0.03682 0.02137 0.03251 0.0074 0.02441 0.03265 0.02112 0.02476 0.00642 0.02513 
1000.0 0.00327 0.03759 0.00763 0.02333 0.03636 0.02692 0.03944 0.0304 0.0215 0.03069 0.01109 0.02047 0.00598 0.03155 0.02657 
1000.0 0.01002 0.01177 0.00177 0.01869 0.02973 0.0171 0.02482 0.03668 0.00506 0.00091 0.00733 0.04484 0.04675 0.01836 0.04386 
1000.0 0.01192 0.02257 0.0659 0.05259 0.00126 0.01054 0.02771 0.05204 0.06309 0.04338 0.02458 0.0235 0.05524 0.03503 0.0682 
1000.0 0.04338 0.08494 0.13073 0.14742 0.03873 0.17081 0.14478 0.12333 0.17283 0.02302 0.0316 0.15752 0.07211 0.13856 0.15466 
1000.0 0.0873 0.03056 0.07757 0.14542 0.09499 0.17783 0.12222 0.23565 0.03989 0.24075 0.03577 0.05059 0.24975 0.1084 0.07938 
1000.0 0.02588 0.00397 0.03036 0.0295 0.01549 0.01204 0.0033 0.03008 0.01759 0.00979 0.01405 0.00677 0.01524 0.02748 0.0057 
1000.0 0.04279 0.02356 0.03606 0.00784 0.02848 0.02091 0.03612 0.02643 0.01457 0.00575 0.00808 0.01607 0.02283 0.02434 0.00343 
1000.0 0.02021 0.00902 0.01246 0.01746 0.01378 0.01439 0.02965 0.01584 0.0239 0.00114 0.00574 0.01041 0.03244 0.00455 0.0335 
1000.0 0.00823 0.01997 0.01006 0.02458 0.0038 0.02896 0.00715 0.02348 0.00129 0.00257 0.01371 0.02809 0.0212 0.01153 0.0244 
1000.0 0.0009 0.00247 0.00331 0.00309 0.00014 0.00227 0.00087 0.00205 0.00017 0.00205 0.00197 0.00083 0.00225 0.00339 0.0017 
1000.0 0.0283 0.02467 0.00532 0.01278 0.02524 0.00176 0.00776 0.00371 0.00097 0.01415 0.00486 0.00257 0.01776 0.02784 0.02282 
1000.0 0.01876 0.04767 0.02705 0.03487 0.00497 0.02634 0.04656 0.03892 0.00836 0.0381 0.02095 0.03927 0.00088 0.03925 0.02569 
1000.0 0.00594 0.0331 0.00383 0.02793 0.03755 0.04772 0.0437 0.05246 0.01925 0.01596 0.03214 0.00065 0.05254 0.02034 0.00837 
