1000.0 1000.0 1000.0 1000.0 1000.0 1000.0 1000.0 1000.0 1000.0 1000.0 1000.0 1000.0 1000.0 1000.0 1000.0 1000.0 
1000.0 0.0002 0.00986 0.00836 0.00375 0.00732 0.00046 0.00163 0.00421 0.00692 0.0078 0.00947 0.00456 0.00725 0.01242 0.01214 
1000.0 0.11443 0.01644 0.02007 0.04715 0.09313 0.07633 0.074 0.03409 0.05286 0.02246 0.13572 0.06805 0.01731 0.1106 0.00408 
1000.0 0.17561 0.19496 0.17954 0.09914 0.1683 0.00215 0.05654 0.0366 0.09135 0.16536 0.16967 0.01082 0.12834 0.1833 0.12081 
1000.0 0.02541 0.00079 0.03494 0.0029 0.04128 0.04002 0.03266 0.00649 0.01564 0.03523 0.01444 0.0237 0.0425 0.02075 0.00769 
1000.0 0.0951 0.06085 0.0038 0.08748 0.10473 0.05595 0.08765 0.01798 0.10341 0.00662 0.08862 0.06698 0.08497 0.06921 0.04271 
1000.0 0.04066 0.07134 0.00295 0.04226 0.05408 0.04399 0.00601 0.04044 0.04364 0.068 0.07085 0.06333 0.01325 0.05214 0.04618 
1000.0 0.00599 0.00069 0.0043 0.0054 0.00488 0.00359 0.00484 0.00157 0.00594 0.0053 0.00672 0.00175 0.0034 0.00265 0.00191 
1000.0 0.0039 0.06057 0.0276 0.17823 0.03364 0.17876 0.15804 0.1646 0.00498 0.01022 0.0553 0.0945 0.02594 0.01113 0.06044 
1000.0 0.0039 0.00811 0.00863 0.0219 0.00026 0.00503 0.00756 0.01062 0.02762 0.00057 0.00592 0.01866 0.00565 0.00839 0.02935 
1000.0 0.03427 0.03153 0.0425 0.03733 0.01001 0.03897 0.00579 0.01168 0.02842 0.03729 0.01527 0.03605 0.03118 0.03404 0.02773 
1000.0 0.41653 0.1152 0.15952 0.35242 0.08814 0.23178 0.22775 0.45683 0.31126 0.34868 0.40571 0.45237 0.21611 0.23317 0.18367 
1000.0 0.00092 0.0347 0.02119 0.05776 0.01161 0.00431 0.02408 0.01022 0.00435 0.0654 0.06805 0.00158 0.05446 0.01052 0.00541 
1000.0 0.02056 0.03309 0.0654 0.01114 0.04086 0.07452 0.10221 0.01143 0.04617 0.01591 0.08456 0.06949 0.06604 0.07684 0.0112 
1000.0 0.10008 0.05942 0.11991 0.02847 0.11787 0.02393 0.12747 0.0076 0.14485 0.03333 0.06491 0.07722 0.09691 0.11468 0.10123 
1000.0 0.02035 0.02304 0.0043 0.01635 0.00716 0.00775 0.01542 0.01187 0.01255 0.01238 0.01537 0.0238 0.01598 9e-05 0.02172 
1000.0 0.00741 0.01844 0.01227 0.00109 0.02086 0.01049 0.01098 0.00348 0.02226 0.01698 0.01929 0.00649 0.00161 0.01048 0.00985 
1000.0 0.01792 0.03384 0.00641 0.00478 0.02368 0.03315 0.0296 0.03557 0.00819 0.01188 0.01362 0.03169 0.00513 0.0007 0.03474 
1000.0 0.01992 0.01626 0.02736 0.01915 0.0056 0.00216 0.01952 0.01614 0.02106 0.02755 0.02149 0.00434 0.01579 0.03034 0.02997 
1000.0 0.05099 0.01041 0.04946 0.05292 0.04475 0.01412 0.03177 0.01088 0.05289 0.01542 0.03312 0.03131 0.00142 0.02063 0.01183 
1000.0 0.01696 0.01031 0.00401 0.02375 0.00717 0.012 0.0033 0.00026 0.02169 0.01828 0.00141 0.01163 0.01246 0.012 0.00976 
1000.0 0.00812 0.00796 0.00318 0.00631 0.007 0.00672 0.01295 0.01537 0.00197 0.01001 0.00767 0.00038 0.00059 0.00969 0.00078 
1000.0 0.03384 0.02499 0.00139 0.04519 0.02726 0.01516 0.03984 0.02325 0.00161 0.0489 0.01729 0.01961 0.01547 0.03755 0.00327 
1000.0 0.00203 0.00033 0.00135 0.004 0.00293 0.00066 0.00351 0.00098 0.00392 0.00312 0.00419 0.00338 0.00405 0.00107 0.00124 
1000.0 0.05919 0.00015 0.03454 0.06418 0.09254 0.08881 0.03247 0.02923 0.10042 0.09133 0.03863 0.04453 0.07231 0.09613 0.05673 
1000.0 0.06201 0.04786 0.06306 0.06083 0.09109 0.06139 0.06622 0.07116 0.07955 0.08368 0.0626 0.07178 0.02206 0.04789 0.05745 
1000.0 0.03503 0.03412 0.00337 0.0248 0.02351 0.03227 0.00662 0.01533 0.01185 0.01858 0.02535 0.0162 0.00249 0.02237 0.02995 
1000.0 0.02169 0.01352 0.00511 0.0022 0.00021 0.00999 0.00434 0.01552 0.00418 0.00089 0.00587 0.01818 0.0174 0.01421 0.0138 
1000.0 0.00013 0.01925 0.03261 0.01293 0.01706 0.0339 0.04061 0.00657 0.00547 0.0124 0.04848 0.02224 0.04795 0.03718 0.05208 
1000.0 0.02369 0.00663 0.00461 0.00116 0.0101 0.00722 0.00755 0.04723 0.00213 0.03851 0.04627 0.03656 0.03613 0.02598 0.02098 
1000.0 0.01037 0.01794 0.01249 0.00288 0.006 0.00099 0.01565 0.0237 0.00464 0.00636 0.00716 0.0167 0.00155 0.02225 0.02204 
1000.0 0.02793 0.01933 0.02303 0.02009 0.00989 0.00832 0.00275 0.01025 0.01265 0.00984 0.00748 0.02705 0.02181 0.00955 0.02722 
1000.0 0.0264 0.02025 0.01499 0.03864 0.01449 0.01483 0.01053 0.02403 0.01871 0.00445 0.04008 0.02946 0.00227 0.02762 0.03041 
1000.0 0.00623 0.01042 0.01557 0.00792 0.00433 0.01559 0.01435 0.00941 0.00199 0.00753 0.01309 0.00972 0.00168 0.00841 0.00077 
1000.0 0.00695 0.00399 0.01174 0.00506 0.02393 0.01983 0.01986 0.01982 0.01074 0.02131 0.01386 0.00113 0.0094 0.01549 0.00434 
1000.0 0.03469 0.01134 0.04559 0.04312 0.03298 0.00997 0.02515 0.04073 0.02565 0.03559 0.02954 0.03606 0.03212 0.00539 0.04364 
1000.0 0.03223 0.01842 0.03303 0.00907 0.01765 0.04718 0.0204 0.00877 0.0273 0.01538 0.02367 0.00329 0.04276 0.0015 0.02038 
1000.0 0.14766 0.08972 0.08397 0.08482 0.06941 0.17172 0.12472 0.06063 0.08644 0.08796 0.02118 0.17682 0.11515 0.19748 0.08799 
1000.0 0.01097 0.00924 0.01153 0.01976 0.0272 0.00516 0.01189 0.00378 0.01188 0.01098 0.00801 0.02899 0.02475 0.01803 0.01938 
1000.0 0.04731 0.03818 0.01012 0.0466 0.053 0.03498 0.02247 0.00673 0.0405 0.05054 0.0096 0.03125 0.05024 0.01802 0.00984 
1000.0 0.04208 0.06119 0.01339 0.02931 0.07252 0.07724 0.03507 0.06245 0.04569 0.09896 0.07616 0.04023 0.07651 0.07927 0.04579 
1000.0 0.01074 0.06105 0.00431 0.08486 0.0687 0.05817 0.04529 0.0253 0.00821 0.09585 0.02477 0.00085 0.09143 0.0041 0.05725 
1000.0 0.00081 0.01637 0.00707 0.01642 0.0034 0.01321 0.01313 0.01266 0.01169 0.01359 0.01022 0.01614 0.00464 0.00626 0.01206 
1000.0 0.00531 0.025 0.00032 0.01783 0.01901 0.00125 0.0283 0.01186 0.01673 0.00416 0.00463 0.00799 0.00481 0.00533 0.01777 
1000.0 0.00252 0.0031 0.00483 0.00071 0.00075 0.00058 0.0042 0.01254 0.01232 0.00971 0.01448 0.00353 0.01471 0.01504 0.01118 
1000.0 0.04949 0.01097 0.06278 0.06922 0.02963 0.06035 0.04553 0.01836 0.04814 0.06742 0.03003 0.00919 0.03301 0.05349 0.06215 
1000.0 0.02575 0.02601 0.0334 0.00496 0.01618 0.02496 0.0103 0.02201 5e-05 0.002 0.00119 0.02367 0.03375 0.03978 0.01298 
1000.0 9e-05 0.01291 0.01003 0.01057 0.01207 0.00791 0.01174 0.01261 0.01193 0.00384 0.00986 0.00063 0.01388 0.00091 0.00674 
1000.0 0.02482 0.06261 0.10318 0.07217 0.03298 0.0324 0.07141 0.06271 0.00117 0.08179 0.0208 0.00049 0.09355 0.05987 0.03568 
1000.0 0.01742 0.01094 0.01614 0.02261 0.00262 0.03018 0.00014 0.01373 0.02385 0.01785 0.01118 0.00851 0.00952 0.00068 0.03136 
1000.0 6e-05 0.00816 0.01073 0.00661 0.0064 0.00233 0.00592 0.00255 0.00384 0.01087 0.00621 0.00451 8e-05 0.01314 0.005 
1000.0 0.00691 0.01596 0.00328 0.00525 0.01033 0.00647 0.01246 0.00922 0.0099 0.01838 0.02073 0.00559 0.0086 0.01547 0.02304 
1000.0 0.02824 0.08642 0.02214 0.07722 0.00375 0.01043 0.07424 0.0789 0.07119 0.08225 0.09059 0.06349 0.09111 0.00318 0.00393 
1000.0 0.00703 0.02119 0.0026 0.00531 0.02047 0.00837 0.00592 0.01546 0.02156 0.01276 0.01525 0.00153 0.02132 0.01475 0.0016 
1000.0 0.10385 0.03599 0.10363 0.08385 0.01635 0.10358 0.07695 0.06173 0.04342 0.03291 0.10274 0.09801 0.10285 0.08081 0.04362 
1000.0 0.00715 0.00637 0.01205 0.00687 0.00392 0.01188 0.00601 0.00492 0.00446 0.00801 0.01023 0.00371 0.00796 0.01059 0.00154 
1000.0 0.0149 0.0693 0.06482 0.03387 0.06696 0.01188 0.0319 0.01165 0.01254 0.06056 0.00971 0.04234 0.02113 0.02107 0.02063 
1000.0 0.0168 0.00287 0.02225 0.00671 0.01639 0.00311 0.00842 0.00207 0.01481 0.02318 0.00035 0.02316 0.00495 0.018 0.01661 
1000.0 0.00395 0.00335 0.00115 0.00817 0.00591 0.00471 0.00175 0.0079 0.00492 0.00502 0.00725 0.00228 0.00627 0.00249 0.00761 
1000.0 0.02783 0.02976 0.03989 0.01981 0.00528 0.02636 0.03727 0.03651 0.03631 0.01604 0.04638 0.01371 0.01469 0.03332 0.00434 
1000.0 0.0796 0.03873 0.01587 0.01497 0.06481 0.03936 0.00061 0.05161 0.07514 0.03347 0.00585 0.02832 0.06698 0.05265 0.0903 
1000.0 0.01148 0.03161 0.01998 0.00025 0.01677 0.0287 0.01021 0.02315 0.00417 0.02594 0.02995 0.01624 0.03058 0.02937 0.00153 
1000.0 0.00654 0.04278 0.01815 0.04035 0.01652 0.05079 0.03463 0.02413 0.00643 0.03345 0.03378 0.02358 0.03402 0.01916 0.03798 
1000.0 0.13494 0.00473 0.00428 0.10157 0.11937 0.09432 0.20993 0.01316 0.03122 0.1744 0.15679 0.15738 0.00032 0.20673 0.21302 
1000.0 0.01493 0.0251 0.03668 0.07148 0.03806 0.02041 0.03676 0.01593 0.02528 0.03956 0.01109 0.03917 0.04181 0.04616 0.07295 
1000.0 0.00547 0.00092 0.01295 0.00399 0.01835 0.01015 0.00548 0.01472 6e-05 0.02056 0.02585 0.031 0.02763 0.00996 0.00019 
1000.0 0.05698 0.07617 0.12661 0.11756 0.09408 0.13152 0.02822 0.00051 1e-05 0.02402 0.09937 0.10278 0.08515 0.05676 0.08884 
1000.0 0.00637 0.00675 0.04088 0.00298 0.02575 0.00286 0.02011 0.02121 0.03774 2e-05 0.03406 0.02632 0.03074 0.01815 0.04521 
1000.0 0.04103 0.04177 0.02241 0.02845 0.02432 0.01653 0.03649 0.04029 0.03425 0.00361 0.02209 0.00888 0.00751 0.00551 0.01203 
1000.0 0.0261 0.02193 0.01142 0.02443 0.01057 0.00873 0.01701 0.01613 0.0297 0.03173 0.02017 0.01779 0.00236 0.01289 0.0315 
1000.0 0.00061 0.00568 0.00603 0.00544 0.00065 0.00468 0.00134 0.00503 0.0041 0.00595 0.0055 6e-05 0.00039 0.00034 0.00364 
1000.0 0.041 0.05039 0.01028 0.04546 0.02363 0.03888 0.01182 0.03648 0.00231 0.03238 0.05394 0.04919 0.00571 0.0057 0.00751 
1000.0 0.01332 0.04983 0.05029 0.02697 0.03648 0.04581 0.06043 0.0625 0.00156 0.01172 0.02946 0.01224 0.04202 0.04915 0.05992 
1000.0 0.02515 0.00346 0.0051 0.01072 0.02436 0.00568 0.0187 0.01187 0.02575 0.02155 0.018 0.00038 0.02029 0.01221 0.01683 
1000.0 0.02157 0.03938 0.00025 0.04519 0.00758 0.04763 0.04189 0.02903 0.01718 0.03885 0.03686 0.01229 0.04563 0.00342 0.02447 
1000.0 0.1303 0.04197 0.18681 0.03209 0.07328 0.1739 0.02179 0.00873 0.17562 0.14647 0.11627 0.18969 0.13006 0.01206 0.01739 
1000.0 0.03712 0.03445 0.02079 0.04062 0.02231 0.02273 0.04762 0.05245 0.03901 0.01118 0.00345 0.04227 0.02323 0.01276 0.04532 
1000.0 0.00534 0.01264 0.03485 0.03923 0.03729 0.01554 0.02505 0.02546 0.01516 0.04085 0.01539 0.03931 0.01536 0.00515 0.0057 
1000.0 0.01136 0.00284 0.01243 0.02381 0.01767 0.01194 0.00783 0.01686 0.00508 0.0051 0.00827 0.00657 0.017 0.02111 0.01754 
1000.0 0.00785 7e-05 0.00413 0.00033 0.00158 0.00488 0.00389 0.00684 0.00806 0.0048 0.00433 0.00655 0.00147 0.00673 0.00499 
1000.0 0.00486 0.01596 0.02104 0.01291 0.02223 0.01614 0.00839 0.01592 0.01906 0.01932 0.02055 0.01554 0.01489 0.00469 0.01939 
1000.0 0.0402 0.00896 0.02411 0.04657 0.04248 0.0173 0.01549 0.02761 0.01289 0.00545 0.04341 0.02234 0.01109 0.03729 0.03362 
1000.0 0.04167 0.01712 0.02718 0.00196 0.03421 0.03049 0.06072 0.04306 0.02379 0.02978 0.01593 0.00824 0.00543 0.02649 0.00398 
1000.0 0.00679 0.0461 0.02003 0.06247 0.06188 0.01993 0.02648 0.04452 0.00019 0.05614 0.05919 0.02305 0.04664 0.02011 0.00235 
1000.0 0.01821 0.04016 0.11373 0.0688 0.02742 0.11909 0.06946 0.0307 0.00727 0.1225 0.00997 0.02503 0.0576 0.01828 0.02222 
1000.0 0.01338 0.00953 0.01601 0.0133 0.0122 0.01874 0.0015 0.00579 0.0218 0.00138 0.01032 0.01014 0.00193 0.00161 0.01749 
1000.0 0.00439 0.00371 0.00831 0.0059 0.00277 0.00908 0.0064 0.00773 0.0 0.00168 0.00036 0.00812 0.00503 0.00011 0.0091 
1000.0 0.02088 0.00189 0.0086 0.01983 0.02384 0.02172 0.02937 0.01474 0.0191 0.00022 0.04504 0.0266 0.04186 0.00207 0.04043 
1000.0 0.0571 0.07188 0.00578 0.04764 0.03454 0.03157 0.03514 0.05395 0.04057 0.04637 0.00406 0.02403 0.04752 0.03575 0.05278 
1000.0 0.11286 0.0853 0.15258 0.17341 0.01613 0.07208 0.11496 0.19682 0.04185 0.1609 0.10933 0.03615 0.15578 0.16853 0.07504 
1000.0 0.02297 0.00226 0.00904 0.02692 0.00591 0.02971 0.0008 0.0021 0.0273 0.0062 0.02749 0.01952 0.02187 0.02633 0.01079 
1000.0 0.05462 0.0219 0.0316 0.05471 0.01903 0.05508 0.0666 0.03492 0.05705 0.00645 0.05861 0.03141 0.04473 0.04284 0.06705 
1000.0 0.01855 0.03982 0.00931 0.0305 0.08536 0.07661 0.00223 0.04411 0.08496 0.06753 0.0347 0.09871 0.09858 0.06261 0.04769 
1000.0 0.00454 0.00263 0.00469 0.0085 0.00438 0.02193 0.00669 0.00312 0.02064 0.01788 0.01984 0.0174 0.01272 0.00094 0.0173 
1000.0 0.19897 0.07962 0.20265 0.03595 0.16324 0.17669 0.20488 0.03938 0.17054 0.11919 0.11714 0.11676 0.19436 0.16555 0.01057 
1000.0 0.07426 0.03571 0.07596 0.00727 0.06221 0.09543 0.07772 0.07882 0.06269 0.10728 0.03575 0.10386 0.04848 0.10315 0.05276 
1000.0 0.00055 0.01337 0.02769 0.02258 0.03272 0.03277 0.01111 0.02564 0.01365 0.01278 0.03112 0.03489 0.00471 0.01341 0.02589 
1000.0 0.02411 0.04597 0.00236 0.04074 0.03848 0.0314 0.03215 0.027 0.01046 0.02555 0.04504 0.04601 0.04842 0.03626 0.01901 
1000.0 0.00989 0.00762 0.00299 0.00604 0.007 0.00377 0.00708 0.00824 0.00405 0.00493 0.01394 0.01373 0.0014 0.01006 0.01202 
1000.0 0.05872 0.10306 0.02011 0.0972 0.05221 0.03914 0.07307 0.10161 0.06778 0.0032 0.04311 0.07532 0.07377 0.03861 0.07592 
1000.0 0.01794 0.03777 0.03993 0.0134 0.02199 0.00385 0.03183 0.04029 0.03174 0.05901 0.05894 0.04563 0.01565 0.02839 0.00895 
1000.0 2e-05 0.00985 0.00467 0.00738 0.01346 0.00186 0.00859 0.00051 0.00348 0.00838 0.00945 0.0017 0.01138 0.00213 0.00624 
1000.0 0.04816 0.10314 0.18976 0.06162 0.19893 0.19087 0.13479 0.19579 0.16085 0.02742 0.07458 0.15536 0.06266 0.17282 0.20454 
1000.0 0.00964 0.00668 0.00755 0.00862 0.00074 0.00406 0.00755 0.00801 0.00977 0.00464 0.00708 0.00239 0.00621 0.01079 0.00942 
1000.0 0.12545 0.04486 0.07428 0.00927 0.08317 0.03964 0.02139 0.03951 0.10731 0.0481 0.02855 0.12405 0.05663 0.06627 0.12622 
1000.0 0.01449 0.00719 0.00118 0.01698 0.00231 0.01243 0.01712 0.00614 0.01184 0.00892 0.01153 0.0141 0.00083 0.00703 0.01038 
1000.0 0.00384 0.03274 0.03949 0.00777 0.03546 0.0038 0.02213 0.01015 0.01264 0.01634 0.01329 0.01822 0.00395 0.01279 0.02437 
1000.0 0.03583 0.04491 0.02602 0.00142 0.04059 0.00844 0.03733 0.01582 0.0111 0.04302 0.04711 0.04131 0.04471 0.02728 0.03268 
1000.0 0.01082 0.00647 0.00671 0.00516 0.01277 0.01033 0.00829 0.00276 0.00635 0.00683 0.01295 0.01134 0.01117 0.00978 0.01125 
1000.0 0.00686 0.03969 0.04628 0.05776 0.05197 0.03803 0.04653 0.05446 0.02688 0.05437 0.03436 0.0519 0.00101 0.03145 0.04738 
1000.0 0.0034 0.00359 0.00242 0.00449 0.00045 0.00529 0.00314 0.00143 0.00042 0.00365 0.00415 0.00512 0.00087 0.00549 0.00021 
1000.0 0.01555 0.01065 0.01586 0.01432 0.00481 0.00064 0.01458 0.01332 0.00331 0.00599 0.0066 0.00376 0.0174 0.00579 0.01083 
1000.0 0.08894 0.05748 0.01209 0.11954 0.12567 0.17836 0.01391 0.00936 0.11561 0.14865 0.04484 0.17006 0.03151 0.06587 0.07037 
1000.0 0.00855 0.00195 0.00856 0.0009 0.00396 0.00785 0.00306 0.00579 0.00465 0.00678 0.00502 0.00308 0.00387 0.00522 0.00668 
1000.0 0.02401 0.01519 0.0027 0.02324 0.01287 0.02242 0.01678 0.02141 0.02324 0.01591 0.00264 0.01594 0.01554 0.01194 0.00252 
1000.0 0.00205 0.00875 0.00833 0.01073 0.0013 0.00573 0.00177 0.01101 0.00594 0.00516 0.00672 0.00639 0.00649 0.01243 0.00149 
1000.0 0.0676 0.04644 0.02979 0.02464 0.0615 0.03021 0.02508 0.08463 0.01182 0.04538 0.04075 0.09712 0.05924 0.02068 0.08888 
1000.0 0.00543 0.1443 0.13964 0.05536 0.1648 0.0719 0.0233 0.00654 0.06225 0.19125 0.15432 0.11286 0.0803 0.1432 0.02427 
1000.0 0.09011 0.07099 0.02438 0.03595 0.04273 0.06789 0.06697 0.04909 0.04405 0.033 0.06419 0.0539 0.09188 0.03566 0.04511 
1000.0 0.03037 0.0113 0.02712 0.08802 0.01127 0.03966 0.07351 0.07778 0.00322 0.02846 0.05272 0.06239 0.01299 0.01984 0.03883 
1000.0 0.04276 0.03221 0.04705 0.0154 0.00785 0.02359 0.03739 0.00639 0.01784 0.04743 0.03014 0.01864 0.04728 0.02551 0.04599 
1000.0 0.03636 0.03786 0.02512 0.02136 0.02327 0.03371 0.01206 0.00704 0.01679 0.03377 0.01307 0.04735 0.03649 0.01146 0.04245 
1000.0 0.02736 0.01189 0.0015 0.02112 0.01172 0.00805 0.00928 0.02048 0.00034 0.00276 0.02681 0.02681 0.00514 0.02248 0.02166 
1000.0 0.00764 0.01442 0.00042 6e-05 0.00625 0.00244 0.01393 0.01086 0.01093 0.01062 0.00959 0.01345 0.00232 0.00147 0.01311 
1000.0 0.01611 0.03876 0.01375 0.00421 0.00344 0.00563 0.01086 0.01296 0.0166 0.03414 0.00116 0.0294 0.00395 0.03369 0.01894 
1000.0 0.20059 0.08451 0.16021 0.10099 0.00247 0.13376 0.08811 0.19042 0.20664 0.09909 0.17111 0.15755 0.02618 0.19422 0.01063 
1000.0 0.00965 0.0111 0.01013 0.00788 0.00608 0.01043 0.01085 0.00101 0.00044 0.00941 0.00852 0.00765 0.00017 0.0034 0.01158 
1000.0 0.01621 0.01021 0.00242 0.01502 0.01042 0.01386 0.01779 5e-05 0.00736 0.0152 0.01327 0.00084 0.01137 0.01124 0.01275 
1000.0 0.00474 0.00087 0.00509 0.00323 0.00339 0.00394 0.00519 0.00067 0.00387 0.00267 0.00065 0.0035 0.00282 0.00241 0.00205 
1000.0 0.03631 0.00738 0.02391 0.00419 0.04592 0.03914 0.00208 0.02254 0.00906 0.04162 0.02083 0.0344 0.01072 0.03976 0.03828 
1000.0 0.03145 0.09235 0.09312 0.03203 0.05255 0.02246 0.01671 0.07597 0.09377 0.05365 0.06651 0.03819 0.06974 0.10066 0.03575 
1000.0 0.00461 0.0034 0.00109 0.00697 0.00652 0.01084 0.00049 0.00795 0.00261 0.00049 0.00185 0.00268 0.00281 0.00463 0.00028 
1000.0 0.00253 0.0072 0.00649 0.00843 9e-05 0.00154 0.00044 0.0103 0.00087 0.00573 0.00914 0.00146 0.01082 0.00534 0.00292 
1000.0 0.01129 0.00962 0.00473 0.00462 0.00525 0.00673 0.00972 0.01054 0.00799 0.00239 0.00938 0.00112 0.00781 0.0028 0.00385 
1000.0 0.00996 0.0075 0.00781 0.00915 0.00523 0.01172 0.00683 0.00987 0.01115 0.00174 0.00112 0.00323 0.00892 0.00641 0.01067 
1000.0 0.00794 0.00075 0.00276 0.00856 0.01057 0.00851 0.00489 0.01252 0.01257 0.00075 0.00352 0.011 0.01905 0.00024 0.00206 
1000.0 0.0276 0.06027 0.04114 0.09657 0.05023 0.05737 0.10534 0.05767 0.0576 0.02071 0.06071 0.06515 0.07271 0.01614 0.0782 
1000.0 0.02379 0.02784 0.02897 0.02366 0.01713 0.0028 0.026 0.01051 0.00346 0.04162 0.0019 0.00826 0.00758 0.00817 0.00425 
1000.0 0.01978 0.00918 0.01629 0.01529 0.0263 0.04596 0.03932 0.01205 0.02673 0.03184 0.02869 0.02524 0.02255 0.00011 0.03506 
1000.0 0.02158 0.04006 0.01278 0.00399 0.02297 0.02711 0.02944 0.00661 0.03439 0.00235 0.03703 0.02017 0.01359 0.04695 0.00727 
1000.0 0.05067 0.04972 0.00711 0.01546 0.01634 0.05587 0.02669 0.00274 0.03812 0.01899 0.04025 0.04163 0.054 0.01151 0.03787 
1000.0 0.04544 0.07771 0.14866 0.1403 0.1602 0.15088 0.05097 0.05743 0.1616 0.13365 0.0699 0.09393 0.12345 0.11645 0.05595 
1000.0 0.12646 0.20935 0.25619 0.04409 0.18097 0.22732 0.25962 0.10871 0.01903 0.20161 0.04882 0.19259 0.01988 0.22904 0.12015 
1000.0 0.01731 0.00462 0.01779 0.01682 0.0081 0.02875 0.01809 0.01701 0.01987 0.02909 0.02339 0.02001 0.0212 0.00639 0.00781 
1000.0 0.03723 0.04002 0.03973 0.03582 0.02345 0.04283 0.01517 0.01228 0.03083 0.00601 0.03017 0.02303 0.0332 0.01656 0.02222 
1000.0 0.02067 0.0191 0.00782 0.008 0.03239 0.00771 0.03112 0.02967 0.01498 0.03381 0.01213 0.02831 0.02064 0.00086 0.01474 
1000.0 0.00734 0.01059 0.01317 0.00337 0.00443 0.02823 0.02473 0.02179 0.01688 0.02491 0.02206 0.02357 0.00783 0.00581 0.02055 
1000.0 0.00336 0.00291 0.00262 0.00269 0.00178 0.00298 0.0028 0.00189 0.00016 0.0021 0.00227 0.00033 0.00311 0.00133 0.00276 
1000.0 0.0047 0.03047 0.01077 0.02204 0.01084 0.00901 0.02688 0.02558 0.00526 0.0158 0.00305 0.024 0.02092 0.00197 0.0155 
1000.0 0.03964 0.00986 0.0025 0.00056 0.02663 0.00624 0.03978 0.01345 0.00893 0.00298 0.03155 0.04516 0.03224 0.03575 0.03678 
1000.0 0.00623 0.01826 0.00705 0.02664 0.05124 0.03631 0.01569 0.04494 0.00573 0.04261 0.04707 0.01973 0.03083 0.00579 0.01775 
