1000.0 1000.0 1000.0 1000.0 1000.0 1000.0 1000.0 1000.0 1000.0 1000.0 1000.0 1000.0 1000.0 1000.0 1000.0 1000.0 
1000.0 0.00466 0.00127 0.01112 0.01109 0.00551 0.00834 0.01443 0.00319 0.01084 0.00751 0.01512 0.00586 0.01115 0.01121 0.0135 
1000.0 0.03257 0.08816 0.00463 0.02882 0.01912 0.0874 0.08599 0.08635 0.13226 0.03695 0.0825 0.0337 0.05133 0.11287 0.13851 
1000.0 0.16846 0.03388 0.15987 0.01907 0.18755 0.16478 0.02182 0.07746 0.17987 0.14932 0.06535 0.17185 0.19477 0.05498 0.13218 
1000.0 0.034 0.02899 0.03892 0.04002 0.00927 0.0327 0.00171 0.00581 0.02726 0.0279 0.02035 0.02511 0.02826 0.00169 0.03596 
1000.0 0.02414 0.0344 0.07602 0.03391 0.08985 0.0904 0.01101 0.09541 0.09295 0.04766 0.0204 0.0912 0.07237 0.0391 0.05005 
1000.0 0.02002 0.02165 0.00291 0.05519 0.0044 0.04398 0.03619 0.00426 0.01759 0.01048 0.06437 0.07076 0.04107 0.01962 0.03181 
1000.0 0.00296 0.0039 0.002 0.00473 0.00229 0.00627 0.00464 0.00484 0.0028 0.00529 0.00307 0.0011 0.00043 0.00031 0.00386 
1000.0 0.13144 0.18413 0.16801 0.17782 0.21843 0.03873 0.07845 0.18833 0.01815 0.0188 0.0546 0.19747 0.00903 0.12056 0.00428 
1000.0 0.0236 0.01277 0.00691 0.02368 0.00102 0.02113 0.02472 0.02492 0.00672 0.00142 0.00754 0.01519 0.00818 0.00592 0.02423 
1000.0 0.0339 0.047 0.0433 0.01602 0.04117 0.03941 0.01911 0.00464 0.02331 0.03578 0.00131 0.04259 0.01041 0.00164 0.02543 
1000.0 0.00077 0.45339 0.05353 0.32123 0.06841 0.30205 0.0284 0.35034 0.45946 0.36337 0.38913 0.15447 0.24938 0.41132 0.16941 
1000.0 0.04275 0.05175 0.05806 0.04226 0.05247 0.00368 0.01663 0.01853 0.03269 0.02521 0.02113 0.00057 0.03098 0.00211 0.01759 
1000.0 0.04759 0.08939 0.06155 0.00639 0.06353 0.08264 0.06413 0.0642 0.03621 0.0569 0.02643 0.09827 0.0276 0.05191 0.04289 
1000.0 0.10763 0.00105 0.11031 0.06815 0.13361 0.13733 0.02764 0.02584 0.08497 0.11078 0.01867 0.12999 0.11204 0.11646 0.07976 
1000.0 0.02326 0.00981 0.02157 0.00949 0.00565 0.02043 0.01719 0.01415 9e-05 0.00548 0.0226 0.01904 0.01403 0.02339 0.00653 
1000.0 0.00894 0.00585 0.0126 0.02317 0.01142 0.02285 0.00801 0.00853 0.0075 0.01978 0.02239 0.00844 0.01686 0.00208 0.01365 
1000.0 0.01202 0.01669 0.0076 0.00832 0.03034 0.02579 0.0248 0.00131 0.01528 0.00574 0.02286 0.03036 0.00564 0.00119 0.021 
1000.0 0.0263 0.02657 0.01083 0.01987 0.01653 0.01613 0.00386 0.03003 0.01067 0.01349 0.01686 0.0284 0.00292 0.00197 0.00722 
1000.0 0.03468 0.04188 0.05434 0.01443 0.01857 0.0169 0.04315 0.05232 0.03401 0.03332 0.05791 0.03155 0.01467 0.05375 0.02766 
1000.0 0.00606 0.01588 0.00076 0.00734 0.01962 0.00536 0.01302 0.0001 0.01207 0.01169 0.0213 0.01355 0.0108 0.00862 0.0101 
1000.0 0.00687 0.00581 0.00943 0.01269 0.00321 0.01101 0.01022 0.00713 0.01341 0.00793 0.00232 0.00731 0.00298 0.00065 0.01284 
1000.0 0.04135 0.04276 0.02471 0.01032 0.03814 0.02075 0.01347 0.01564 0.04565 0.01549 0.03736 0.03262 0.01358 0.0384 0.01351 
1000.0 0.00032 0.00097 4e-05 0.00151 0.00042 0.00405 0.0014 0.00143 0.0023 0.00364 0.00276 0.00265 0.00072 0.00204 0.00253 
1000.0 0.00928 0.08287 0.0277 0.10305 0.03429 0.06577 0.06712 0.07103 0.07696 0.02049 0.04674 0.04404 0.07001 0.01283 0.08356 
1000.0 0.08564 0.07634 0.08465 0.0396 0.06914 0.02757 0.076 0.08854 0.09547 0.09082 0.01997 0.02873 0.00611 0.02147 0.00731 
1000.0 0.01642 0.02757 0.00633 0.00729 0.01615 0.01406 0.02183 0.01949 0.01705 0.00796 0.0154 0.00911 0.01073 0.03177 0.00628 
1000.0 0.00819 0.0146 0.02174 0.00874 0.0016 0.01547 0.01333 0.00534 0.02143 0.01398 0.00111 0.01671 0.00019 0.01284 0.01322 
1000.0 0.01309 0.01514 0.01327 0.01809 0.01701 0.00807 0.05253 0.01933 0.03338 0.03546 0.01844 0.03813 0.01253 0.0399 0.0296 
1000.0 0.02435 0.00385 0.04195 0.04419 0.03102 0.01866 0.03152 0.01636 0.0472 0.04441 0.02527 0.02242 0.02261 0.03471 0.02036 
1000.0 0.02356 0.00342 0.00612 0.02093 0.01143 0.01731 0.02025 0.00282 0.00839 0.0005 0.00062 0.01087 0.02244 0.0233 0.02175 
1000.0 0.01954 0.02501 0.00262 0.01817 0.02348 0.01683 0.00863 0.02289 0.01635 0.00847 0.00237 0.02401 0.02295 0.00694 0.02043 
1000.0 0.04213 0.04077 0.02651 0.03094 0.03497 0.02401 0.02213 0.01422 0.0273 0.04055 0.03007 0.00665 0.00452 0.02398 0.02371 
1000.0 0.01106 0.01458 0.01427 0.01347 0.00866 0.01031 0.00518 0.00626 0.00619 0.00067 0.00327 0.01014 0.00776 0.00782 0.00505 
1000.0 0.00818 0.01026 0.00148 0.00169 0.00781 0.01834 0.01623 0.01796 0.01766 0.00111 0.00871 0.02294 0.0029 0.01433 0.01146 
1000.0 0.01865 0.04428 0.03844 0.02214 0.03479 0.0337 0.04499 0.04262 0.00424 0.02387 0.02961 0.0262 0.04824 0.00206 0.03086 
1000.0 0.04034 0.02258 0.03416 0.02356 0.03299 0.03977 0.02454 0.03726 0.04362 0.01274 0.02622 0.03626 0.00499 0.01629 0.00856 
1000.0 0.17226 0.02977 0.11533 0.07898 0.12336 0.09739 0.03831 0.16758 0.18886 0.17276 0.07251 0.12703 0.03171 0.10551 0.07578 
1000.0 0.02298 0.02374 0.02903 0.02584 0.02128 0.02204 0.00836 0.00864 0.02717 0.01102 0.02715 0.01856 0.0102 0.01829 0.02231 
1000.0 0.05163 0.02448 0.02514 0.02118 0.0488 0.01655 0.02779 0.0524 0.01929 0.04206 0.03466 0.00534 0.02913 0.02437 0.05772 
1000.0 0.03506 0.06913 0.04964 0.06579 0.06625 0.01576 0.09383 0.08807 0.07123 0.03249 0.05013 0.05254 0.0112 0.02098 0.07623 
1000.0 0.06222 0.05913 0.02111 0.01753 0.05708 0.07892 0.06873 0.0095 0.07865 0.0794 0.02177 0.0826 0.09459 0.08188 0.0071 
1000.0 0.01526 0.00223 0.01201 0.00756 0.01256 0.01503 0.01313 0.0139 0.00477 0.00208 0.01617 0.00858 0.01109 0.01591 0.00219 
1000.0 0.00567 0.00642 0.0037 0.00736 0.02736 0.00467 0.02645 0.01713 0.0088 0.02709 0.00548 0.01711 0.00285 0.00436 0.01147 
1000.0 0.01314 0.00259 0.00385 0.00947 0.01198 0.0109 0.00402 0.0014 0.00286 0.00092 0.00182 0.00808 0.0142 0.0147 0.01461 
1000.0 0.01276 0.03083 0.06443 0.04079 0.00246 0.03407 0.01997 0.03283 0.00102 0.02315 0.06205 0.04586 0.02465 0.01966 0.02645 
1000.0 0.02554 0.02251 0.01353 0.01523 0.0365 0.02883 0.02692 0.02112 0.03403 0.00273 0.00672 0.02787 0.00429 0.0022 0.02487 
1000.0 0.00524 0.00134 0.00137 0.00748 0.01265 0.00092 0.00044 0.0143 0.00512 0.0007 0.01195 0.01057 0.01137 0.00225 0.00634 
1000.0 0.02943 0.06909 0.1054 0.07541 0.06375 0.05398 0.0777 0.0573 0.01361 0.01537 0.08043 0.04486 0.01456 0.01815 0.07808 
1000.0 0.03162 0.00582 0.01426 0.0309 0.02476 0.00189 0.00823 0.01757 0.03235 0.00567 0.00099 0.02874 0.02477 0.00317 0.03254 
1000.0 0.01308 0.00509 0.01411 0.0138 0.00567 0.01523 0.00016 0.00429 0.01338 0.00381 0.00676 0.0021 0.00112 0.00237 0.0038 
1000.0 0.00204 0.01384 0.00803 0.00497 0.00846 0.02275 0.02279 0.00373 0.01725 0.00542 0.00483 0.0023 0.01313 0.00692 0.01019 
1000.0 0.0317 0.06309 0.08402 0.06402 0.04126 0.06742 0.04327 0.00319 0.07522 0.03759 0.00676 0.05557 0.00331 0.01056 0.06065 
1000.0 0.00378 0.01271 0.01208 0.02343 0.01926 0.01512 0.0007 0.01759 0.00213 0.00376 0.02145 0.01519 0.01556 0.02119 0.00403 
1000.0 0.06686 0.05299 0.08226 0.06086 0.04791 0.03562 0.07717 0.08869 0.09838 0.00273 0.05127 0.06812 0.05689 0.00375 0.07036 
1000.0 0.00549 0.00571 0.01136 0.00096 0.00636 0.0085 0.01192 0.00367 0.00139 0.00587 0.00321 0.01055 0.00312 0.00013 0.01188 
1000.0 0.06349 0.05428 0.06045 0.01722 0.02623 0.0521 0.06652 0.0674 0.05965 0.07129 0.05117 0.05032 0.04242 0.05962 0.03712 
1000.0 0.00351 0.02339 0.02077 0.00427 0.02058 0.02217 0.02104 0.02151 0.01362 0.00672 0.01978 0.00744 0.00287 0.00511 0.00503 
1000.0 0.00534 0.00129 0.00662 0.00504 0.00204 0.00679 0.00046 0.00609 0.00493 0.00107 0.00299 0.00839 0.00829 0.0067 0.00514 
1000.0 0.04672 0.04375 0.04417 0.01389 0.0073 0.00614 0.01497 0.00084 0.02782 0.04114 0.0083 0.0219 0.04901 0.04385 0.00643 
1000.0 0.01635 0.03866 0.05679 0.02061 0.04987 0.04419 0.00482 0.00503 0.08322 0.00279 0.00937 0.02918 0.08559 0.03046 0.07948 
1000.0 0.01295 0.03428 0.01483 0.00311 0.02293 0.02689 0.03402 0.00963 0.01016 0.02635 0.02988 0.00555 0.01007 0.01412 0.03071 
1000.0 0.03975 0.02696 0.03956 0.01155 0.04395 0.04472 0.02797 0.04583 0.0068 0.05743 0.04762 0.04239 0.03661 0.00393 0.01175 
1000.0 0.17567 0.18312 0.11742 0.13305 0.17872 0.11129 0.15428 0.20256 0.05971 0.06611 0.16681 0.13426 0.05992 0.06677 0.11226 
1000.0 0.00945 0.05881 0.0566 0.05305 0.04862 0.06337 0.03263 0.00757 0.0218 0.02788 0.01065 0.02635 0.0284 0.04508 0.00731 
1000.0 0.01657 0.00078 0.00513 0.00199 0.00508 0.03082 0.00312 0.00663 0.01311 0.01279 0.02082 0.00356 0.00056 0.01263 0.01637 
1000.0 0.06393 0.01941 0.07913 0.00837 0.00838 0.13881 0.06257 0.08246 0.13873 0.12253 0.00608 0.0245 0.12415 0.1175 0.08789 
1000.0 0.00093 0.01158 0.01797 0.04791 0.05001 0.01922 0.04948 0.04063 0.02556 0.00533 0.03151 0.04737 0.01942 0.05066 0.00441 
1000.0 0.03 0.01859 0.03178 0.0033 0.01564 0.0297 0.02034 0.0017 0.01896 0.03096 0.01067 0.02677 0.03446 0.02235 0.03733 
1000.0 0.02008 0.01325 0.00377 0.02308 0.03746 0.00899 0.03764 0.0046 0.03673 0.01536 0.01206 0.01426 0.01369 0.00095 0.03806 
1000.0 0.00255 0.00343 0.00407 0.00103 0.00549 8e-05 0.00413 0.00288 0.00441 0.00179 0.00423 2e-05 0.00402 0.00571 0.00055 
1000.0 0.05234 0.05006 0.03549 0.03523 0.02133 0.00067 0.05515 0.01283 0.0091 0.02343 0.02768 0.02239 0.03786 0.00666 0.01973 
1000.0 0.04761 0.03126 0.01183 0.04088 0.06677 0.04572 0.03502 0.00641 0.04263 0.06327 0.05611 0.00845 0.015 0.06831 0.05038 
1000.0 0.00963 0.01391 0.00706 0.00535 0.02146 0.02579 0.01805 0.02383 0.0004 0.02236 0.02668 0.01453 0.00196 0.01763 0.01067 
1000.0 0.02035 0.0116 0.01126 0.00523 0.02762 0.01967 0.03616 0.03673 0.00421 0.01998 0.03485 0.0458 0.02203 0.01895 0.03647 
1000.0 0.17732 0.04974 0.1256 0.16445 0.00997 0.16824 0.05228 0.14738 0.0666 0.21363 0.06933 0.19547 0.05484 0.12898 0.12754 
1000.0 0.00315 0.02484 0.0155 0.01064 0.00582 0.01657 0.01624 0.02583 0.03901 0.00529 0.01291 0.04806 0.0322 0.03273 0.0161 
1000.0 0.02977 0.00553 0.03389 0.0126 0.01643 0.02659 0.03983 0.00595 0.01345 0.02687 0.01346 0.01102 0.04075 0.01787 0.02242 
1000.0 0.02285 0.00468 0.01232 0.01122 0.01161 0.01059 0.00929 0.01271 0.00823 0.00445 0.01999 0.01628 0.02094 0.00764 0.0214 
1000.0 0.00681 0.00274 0.00607 0.00147 0.00125 0.00736 0.00496 0.00895 0.00351 0.00628 0.00119 0.00549 0.00125 0.00302 0.00157 
1000.0 0.01207 0.00166 0.01966 0.00204 0.02306 0.01202 0.00344 0.01478 0.01259 0.01515 0.0083 0.00827 0.0108 0.00832 0.02286 
1000.0 0.04191 0.00379 0.04588 0.01343 0.03056 0.03463 0.04546 0.04605 0.02468 0.00122 0.03788 0.03086 0.01772 0.00816 0.00047 
1000.0 0.056 0.02052 0.0068 0.00696 0.0563 0.04346 0.06434 0.05349 0.05115 0.05831 0.00388 0.06364 0.03512 0.05278 0.03597 
1000.0 0.01832 0.01302 0.04849 0.00708 0.0551 0.02915 0.02137 0.04518 0.02239 0.06238 0.00778 0.06233 0.00401 0.02723 0.04896 
1000.0 0.07716 0.09142 0.05926 0.09633 0.10797 0.11602 0.10357 0.02629 0.00266 0.09527 0.03567 0.10288 0.09392 0.01746 0.00179 
1000.0 0.01133 0.0214 0.0161 0.02358 0.00271 0.02224 0.011 0.00877 0.00422 0.01262 0.01256 0.00482 0.00346 0.02349 0.00974 
1000.0 0.00456 0.00706 0.00766 0.00509 0.00186 0.00844 0.00667 0.00912 0.00624 0.00842 0.00449 0.00504 0.00303 0.00148 0.0069 
1000.0 0.03866 0.02829 0.01855 0.01571 0.02856 0.02888 0.01145 0.00718 0.00067 0.02542 0.04019 0.01177 0.0276 0.01831 0.02202 
1000.0 0.01502 0.0471 0.04197 0.05944 0.0659 0.06833 0.04144 0.07034 0.07188 0.05675 0.04901 0.00177 0.04141 0.02394 0.07187 
1000.0 0.09685 0.0367 0.0935 0.19957 0.06434 0.01973 0.13545 0.02618 0.10309 0.1305 0.02965 0.19505 0.1263 0.04267 0.14383 
1000.0 0.0274 0.02673 0.03189 0.03337 0.03021 0.0127 0.02727 0.02835 0.01454 0.01771 0.00998 0.0262 0.02955 0.0176 0.00295 
1000.0 0.06412 0.00463 0.0354 0.03661 0.02026 0.06688 0.0416 0.04991 0.0422 0.00245 0.05285 0.05926 0.05451 0.00093 0.02684 
1000.0 0.03374 0.02248 0.05486 0.05771 0.08399 0.08966 0.00435 0.07886 0.05074 0.03096 0.01987 0.04246 0.0918 0.09299 0.09062 
1000.0 0.01505 0.01794 0.02311 0.02305 0.00655 0.00824 0.0145 0.01946 0.00186 0.01962 0.00031 0.02398 0.01567 0.01954 0.02135 
1000.0 0.21481 0.06035 0.11668 0.15779 0.03651 0.00876 0.03201 0.03993 0.05656 0.0308 0.06564 0.02718 0.07274 0.14252 0.06729 
1000.0 0.01141 0.03073 0.06984 0.0946 0.08771 0.04624 0.01199 0.09001 0.10323 0.02025 0.00023 0.02842 0.03613 0.09554 0.06214 
1000.0 0.02755 0.03039 0.00951 0.03276 0.03004 0.01772 0.03091 0.01596 0.02519 0.00807 0.02571 0.03222 0.02687 0.02844 0.01523 
1000.0 0.02983 0.04139 0.03567 0.02596 0.02202 0.02429 0.05225 0.05003 0.01922 0.01868 0.04562 0.02857 0.0377 0.04411 0.03324 
1000.0 0.00419 0.00575 0.00087 0.00428 0.00248 0.00029 0.01219 0.0071 0.00137 0.01033 0.0043 0.00482 0.00804 0.01374 0.0065 
1000.0 0.04722 0.01203 0.01417 0.02233 0.03624 0.00585 0.01711 0.06056 0.05108 0.05596 0.06283 0.03068 0.10159 0.10131 0.04876 
1000.0 0.03838 0.05005 0.02769 0.00363 0.03978 0.0305 0.05681 0.04533 0.01684 0.02678 0.05454 0.00477 0.01614 0.01824 0.0361 
1000.0 0.00055 0.00827 0.00032 0.00712 0.01338 0.00648 0.00699 0.01149 0.00995 0.00072 0.00038 0.00325 0.01296 0.0015 0.00801 
1000.0 0.1558 0.07862 0.00734 0.1885 0.09946 0.19274 0.10092 0.04176 0.20907 0.05607 0.05137 0.20643 0.0391 0.04151 0.07401 
1000.0 0.00657 0.00659 0.00874 0.00409 0.00509 0.00837 0.00455 0.01158 0.0037 0.00361 0.0 6e-05 0.00455 0.00986 0.01219 
1000.0 0.11146 0.09995 0.05406 0.11485 0.08934 0.03271 0.11216 0.06012 0.07746 0.07534 0.03838 0.07847 0.06554 0.07418 0.04503 
1000.0 0.01372 0.01149 0.01604 0.01603 0.02299 0.02283 0.01532 0.0174 0.01495 0.01173 0.00208 0.01464 0.0108 0.00973 0.02165 
1000.0 0.01577 0.03477 0.00018 0.0138 0.00854 0.00739 0.00995 0.0091 0.00803 0.00523 0.02358 0.01841 0.02067 0.03644 0.02615 
1000.0 0.03068 0.00251 0.01965 0.04153 0.03069 0.02479 0.04751 0.01502 0.02477 0.00994 0.0331 0.00579 0.01337 0.03947 0.00307 
1000.0 0.01276 0.01418 0.0023 0.0016 0.00697 0.00655 0.00163 0.00745 0.00488 0.0047 0.00809 0.0003 0.00255 0.00483 0.01032 
1000.0 0.05128 0.00174 0.01474 0.05331 0.00287 0.02234 0.03805 0.03057 0.04803 0.03496 0.0474 0.00164 0.00822 0.01732 0.05155 
1000.0 0.0046 0.00257 0.00536 0.0013 0.0028 0.00077 0.0046 0.00245 0.00276 0.00501 0.00433 0.00412 0.00401 0.00253 0.0002 
1000.0 0.01781 0.01362 0.0156 0.01405 0.00105 0.006 0.0065 0.01304 0.01317 0.00215 0.01687 0.00475 0.00631 0.00113 0.00816 
1000.0 0.14766 0.04737 0.17398 0.08447 0.02426 0.06575 0.16846 0.15552 0.13308 0.16197 0.09359 0.01757 0.00305 0.05686 0.1398 
1000.0 0.00399 0.00771 0.00244 0.00761 0.00201 0.00803 0.00265 0.00498 0.00583 0.00882 0.00603 0.0062 0.00241 0.00526 0.00293 
1000.0 0.00633 0.00299 0.02477 0.00091 0.01092 0.02444 0.00999 0.00995 0.008 0.02205 0.01718 0.01791 0.01314 0.00016 0.02393 
1000.0 0.01086 0.01149 0.01193 0.01182 0.00496 0.00376 0.00142 0.00046 0.00554 0.00248 0.01128 0.00752 0.00657 0.01189 0.01211 
1000.0 0.06947 0.05677 0.04135 0.00613 0.01217 0.0143 0.04787 0.02685 0.01342 0.0186 0.05896 0.09003 0.03426 0.06295 0.10191 
1000.0 0.08739 0.11922 0.04226 0.18429 0.08924 0.09783 0.18692 0.12634 0.18676 0.18529 0.05542 0.12948 0.13877 0.14235 0.04172 
1000.0 0.00632 0.00132 0.00714 0.0031 0.05291 0.03172 0.01032 0.06908 0.06682 0.05072 0.07129 0.01868 0.0669 0.04676 0.0939 
1000.0 0.00474 0.02518 0.01313 0.04579 0.04172 0.04967 0.07045 0.08393 0.08792 0.06548 0.03941 0.04052 0.09332 0.02382 0.07527 
1000.0 0.00691 0.01013 0.02169 0.03293 0.03328 0.02819 0.04109 0.00701 0.02074 0.0032 0.02812 0.0009 0.04562 0.00571 0.01456 
1000.0 0.03336 0.03984 0.00463 0.00015 0.02744 0.02385 0.00519 0.00764 0.00962 0.00998 0.04404 0.0098 0.00616 0.01266 0.00468 
1000.0 0.00735 0.01251 0.00382 0.01685 0.02846 0.01982 0.02383 0.02395 0.02401 0.0012 0.0155 0.01261 0.02557 0.01948 0.01827 
1000.0 0.0048 0.00031 0.00267 0.01132 0.00621 0.00471 0.00934 0.00753 0.00887 0.00974 0.00823 0.01466 0.00492 0.00199 0.01025 
1000.0 0.03352 0.01744 0.04246 0.0181 0.02575 0.03477 0.03787 0.03837 0.00908 0.0157 0.0065 0.00561 0.01865 0.01332 0.02361 
1000.0 0.13124 0.04638 0.03895 0.01202 0.0717 0.07691 0.12854 0.19417 0.13058 0.14562 0.01643 0.04933 0.06475 0.09717 0.07469 
1000.0 0.00753 0.00492 0.0038 0.01117 0.0055 0.00743 0.01247 0.00838 0.00944 0.0036 0.00289 0.00168 0.00554 0.00977 3e-05 
1000.0 0.00295 0.01642 0.00723 0.00289 0.01118 0.0077 0.01377 0.01249 0.01752 0.00846 0.00136 0.00081 0.00186 0.01327 0.00927 
1000.0 0.00493 0.00401 0.00103 0.00575 0.00628 0.00614 0.00503 0.00559 0.00224 0.00524 0.0064 0.00518 0.00268 0.00562 0.00149 
1000.0 0.02938 0.04691 0.0207 0.00304 0.03509 0.04181 0.03042 0.03966 0.03585 0.00926 0.01034 0.04035 0.03249 0.02541 0.02213 
1000.0 0.01761 0.04178 0.0997 0.07367 0.07465 0.07439 0.07824 0.05511 0.07261 0.02171 0.09689 0.05015 0.05128 0.00513 0.05798 
1000.0 0.01083 0.0035 0.01105 0.00788 0.00391 0.01124 0.01119 0.01181 0.00155 0.01035 0.00603 0.01077 0.01021 0.0079 0.00933 
1000.0 0.01012 0.00836 0.00166 0.00462 0.00073 0.00738 0.00739 0.0118 0.00913 0.00121 0.01038 0.00541 0.00587 0.00304 0.01048 
1000.0 0.00677 0.00731 0.00074 0.00986 0.00733 0.00261 0.00943 0.00944 0.01113 0.00813 0.00706 0.00952 0.0108 0.01031 0.00568 
1000.0 0.00982 0.01115 0.01195 0.0103 0.00772 0.00313 0.00913 0.00671 0.00134 0.00631 0.00849 0.00736 0.00432 0.00755 0.00974 
1000.0 0.00854 0.01221 0.00288 0.01831 0.01686 0.01793 0.00598 0.00946 0.01621 0.01451 0.011 0.00239 0.00484 0.01579 0.01081 
1000.0 0.02845 0.03641 0.01975 0.02834 0.02639 0.0358 0.06693 0.10347 0.04523 0.0931 0.02641 0.05244 0.01902 0.01885 0.03821 
1000.0 0.03184 0.01414 0.00805 0.02441 0.01201 0.03268 0.0229 0.03392 0.00167 0.02263 0.01935 0.01081 0.02615 0.03685 0.00541 
1000.0 0.00694 0.00836 0.03373 0.01335 0.01744 0.00894 0.0108 0.01371 0.01407 0.00014 0.03658 0.03877 0.00334 0.0234 0.03124 
1000.0 0.0322 0.04109 0.03128 0.03022 0.04291 0.03852 0.04086 0.01598 0.00226 0.00222 0.04141 0.04727 0.0242 0.03336 0.01713 
1000.0 0.06224 0.05789 0.06727 0.04633 0.04132 0.00803 0.00172 0.01425 0.01091 0.06922 0.05683 0.0428 0.04255 0.03289 0.0353 
1000.0 0.06365 0.00913 0.14517 0.14503 0.01907 0.02411 0.10643 0.05276 0.14959 0.1687 0.08424 0.16438 0.02398 0.07588 0.06365 
1000.0 0.15297 0.15726 0.18277 0.03575 0.15548 0.19636 0.05296 0.19375 0.1327 0.24742 0.0062 0.0878 0.11008 0.04243 0.14533 
1000.0 0.01175 0.0058 0.02068 0.01326 0.0019 0.00196 0.00574 0.01613 0.00765 0.03006 0.00999 0.00954 0.02597 0.00433 0.01128 
1000.0 0.00674 0.02116 0.00935 0.03665 0.03462 0.01619 0.03294 0.0124 0.03156 0.01267 0.00824 0.00203 0.02177 0.02694 0.0037 
1000.0 0.03439 0.02908 0.0093 0.03481 0.01229 0.00702 0.02248 0.00756 0.0085 0.03222 0.01097 0.02314 0.01717 0.0195 0.00453 
1000.0 0.01235 0.01309 0.02828 0.01478 0.01368 0.02943 0.02707 0.02659 0.00797 0.011 0.02508 0.01695 0.00597 0.01558 0.01505 
1000.0 0.00104 0.0021 0.00162 0.00225 0.0005 0.00205 0.00221 0.0008 0.00286 0.00056 0.00088 0.00205 0.00033 0.00158 0.00242 
1000.0 0.02093 0.00727 0.00274 0.01279 0.02677 0.01564 0.018 0.0229 0.01078 0.00722 0.02147 0.0133 0.02544 0.01054 0.03216 
1000.0 0.02082 0.02577 0.00223 0.01111 0.04569 0.02614 0.03419 0.04469 0.01213 0.02757 0.01046 0.01345 0.03192 0.0365 0.01172 
1000.0 0.0346 0.05111 0.02972 0.01821 0.05211 0.03438 0.01952 0.03758 0.03113 0.01392 0.00033 0.0158 0.02925 0.0267 0.05273 
