1000.0 1000.0 1000.0 1000.0 1000.0 1000.0 1000.0 1000.0 1000.0 1000.0 1000.0 1000.0 1000.0 1000.0 1000.0 1000.0 
1000.0 0.00533 0.00412 0.01309 0.01283 0.00238 0.00398 0.00437 0.00834 0.01115 0.00435 0.01453 0.01134 0.0017 0.00546 0.01391 
1000.0 0.02691 0.09409 0.0179 0.03693 0.11296 0.13483 0.03756 0.04551 0.00392 0.12778 0.03041 0.11464 0.14551 0.05382 0.017 
1000.0 0.16142 0.14223 0.053 0.0817 0.17072 0.10819 0.04354 0.16267 0.02793 0.03561 0.00361 0.09592 0.18274 0.01381 0.09887 
1000.0 0.02011 0.01519 0.02704 0.01902 0.0008 0.01756 0.01816 0.00806 0.01224 0.00078 0.01976 0.03783 0.0151 0.02916 0.03395 
1000.0 0.03635 0.10268 0.02734 0.0091 0.02888 0.00298 0.05573 0.00145 0.05571 0.014 0.07989 0.05125 0.04738 0.09701 0.01818 
1000.0 0.04711 0.02264 0.00941 0.05164 0.05694 0.07151 0.03258 0.0041 0.00619 0.06926 0.02683 0.06586 0.00223 0.07018 0.04283 
1000.0 3e-05 0.00443 0.00045 0.00142 0.00047 0.00214 0.00035 0.0036 0.00522 0.00632 0.00198 0.00217 0.00242 0.00049 0.00229 
1000.0 0.11716 0.02232 0.08949 0.22304 0.00571 0.128 0.01009 0.1943 0.0552 0.13451 0.06118 0.22114 0.01082 0.15337 0.0998 
1000.0 0.00535 0.00631 0.02448 0.00049 0.0121 0.02036 0.0295 0.01587 0.00237 0.01637 0.00543 0.00439 0.01008 0.01148 0.00404 
1000.0 0.02019 0.00518 0.04662 0.02687 0.00385 0.00803 0.01837 0.00057 0.04829 0.04603 0.00422 0.00523 0.01016 0.00685 0.01532 
1000.0 0.25717 0.43329 0.26048 0.21646 0.298 0.09793 0.31226 0.23072 0.22075 0.07364 0.3386 0.14321 0.40871 0.25458 0.44052 
1000.0 0.07121 0.01757 0.02832 0.02429 0.0682 0.06026 0.04055 0.05441 0.01435 0.00364 0.04619 0.01199 0.00212 0.03345 0.06796 
1000.0 0.02645 0.05158 0.02341 0.06961 0.00033 0.02218 0.06384 0.02403 0.06713 0.06896 0.08145 0.03385 0.04919 0.10117 0.05711 
1000.0 0.10531 0.13321 0.04265 0.06305 0.08822 0.1042 0.10754 0.13324 0.00953 0.02991 0.1038 0.06946 0.11887 0.06833 0.08301 
1000.0 0.00999 0.01557 0.00523 0.00061 0.00785 0.0041 0.02237 0.0111 0.00249 0.01046 0.00642 0.01588 0.01953 0.01841 0.02372 
1000.0 0.00812 0.01602 0.01399 0.01553 0.00046 0.00537 0.01629 0.00343 0.02365 0.00146 0.02318 0.0077 0.02123 0.00494 0.01737 
1000.0 0.02336 0.03358 0.02189 0.01246 0.01381 0.00586 0.01187 0.02812 0.02015 0.03241 0.03528 0.01466 0.02677 0.01935 0.02932 
1000.0 0.01791 0.02338 0.02104 0.02839 0.01957 0.0238 0.0274 0.02044 0.03046 0.0079 0.0019 0.0132 0.02376 0.02105 0.01775 
1000.0 0.01861 0.05548 0.0197 0.02193 0.00387 0.03124 0.01375 0.06021 0.00827 0.04566 0.00094 0.00334 0.04876 0.0268 0.00023 
1000.0 0.00534 0.02313 0.02035 0.02117 0.02039 0.01789 0.01688 0.01021 0.00048 0.02156 0.00626 0.01038 0.01324 0.01831 0.00474 
1000.0 0.00586 0.00097 0.0095 0.00444 0.01515 0.01108 0.00565 0.00478 0.00426 0.00679 0.01143 0.00212 0.00671 0.00016 0.00931 
1000.0 0.0372 0.03791 0.03603 0.02123 0.03427 0.04696 0.00543 0.02623 0.03263 0.04634 0.04423 0.00868 0.03784 0.02473 0.02254 
1000.0 0.00265 0.00061 9e-05 0.00338 0.00208 7e-05 0.00405 0.00025 0.00234 0.00156 0.00067 0.00012 0.00407 0.00412 0.00085 
1000.0 0.02194 0.08331 0.07745 0.07157 0.08043 0.05256 0.03839 0.02084 0.07901 0.01108 0.08066 0.04647 0.08732 0.08944 0.08148 
1000.0 0.06579 0.10513 0.06724 0.04426 0.10095 0.01227 0.07443 0.10085 0.05242 0.02195 0.01284 0.09185 0.01274 0.0656 0.04999 
1000.0 0.0333 0.0166 0.00107 0.0071 0.00743 0.02627 0.03089 0.03199 0.02127 0.02983 0.01498 0.01912 0.02869 0.0314 0.02552 
1000.0 0.02311 0.0025 0.01485 0.00722 0.00306 0.00764 0.01617 0.02049 0.0097 0.01772 0.0066 0.01502 0.01453 0.00746 0.01506 
1000.0 0.03709 0.03451 0.01834 0.00371 0.00485 0.03021 0.02598 0.03156 0.00385 0.01979 0.00787 0.00761 0.04868 0.03084 0.02237 
1000.0 0.01643 0.03772 0.0125 0.012 0.02091 0.02223 0.04612 0.03095 0.02717 0.02636 0.00295 0.0208 0.0362 0.00283 0.04217 
1000.0 0.0142 0.0105 0.00089 0.0129 0.01283 0.00794 0.02265 0.00646 0.0106 0.02293 0.01521 0.00454 0.02395 0.00587 0.01192 
1000.0 0.02539 0.00123 0.02459 0.01311 0.00147 0.02515 0.01295 0.01603 0.01001 0.01797 0.01924 0.00394 0.00354 0.00131 0.02511 
1000.0 0.0154 0.03169 0.00128 0.02026 0.01742 0.01084 0.0038 0.02487 0.03381 0.00187 0.00055 0.02186 0.01451 0.02901 0.03596 
1000.0 8e-05 0.00606 0.0056 0.0096 0.00454 0.00924 0.00427 0.0099 0.00139 0.00706 0.00467 0.01563 0.00606 0.01319 0.00845 
1000.0 0.00776 0.00497 0.00073 0.01317 0.01979 0.00441 0.02163 0.01225 0.01451 0.00056 0.02189 0.01226 0.01475 0.00089 0.02228 
1000.0 0.044 0.03729 0.04008 0.03195 0.00974 0.02629 0.00342 0.04355 0.02957 0.03603 0.01196 0.02349 0.03545 0.00054 0.02465 
1000.0 0.03576 0.03683 0.004 0.01216 0.01248 0.0195 0.00053 0.01342 0.01366 0.00651 0.03887 0.03094 0.02565 0.04455 0.03623 
1000.0 0.04698 0.13571 0.05688 0.03085 0.13562 0.19026 0.14031 0.05892 0.07896 0.07331 0.00379 0.05568 0.01975 0.18131 0.11137 
1000.0 0.00349 0.01065 0.02584 0.01175 0.00868 0.00245 0.00845 0.00181 0.00554 0.01289 0.00104 0.0278 0.019 0.00028 0.01585 
1000.0 0.02114 0.05266 0.00821 0.04658 0.00954 0.04534 0.02793 0.02848 0.05544 0.02593 0.03591 0.04158 0.04912 0.05168 0.02198 
1000.0 0.02812 0.03668 0.01705 0.04253 0.09316 0.0065 0.0526 0.05198 0.1005 0.02439 0.06539 0.05397 0.07057 0.02439 0.04141 
1000.0 0.08073 0.01315 0.0527 0.09732 0.01979 0.00061 0.03819 0.07542 0.02704 0.02297 0.04411 0.06242 0.02284 0.05551 0.05447 
1000.0 0.01378 0.00307 0.01502 0.01209 0.00332 0.00961 0.00951 0.0096 0.0151 0.00633 0.01344 0.01049 0.00351 0.0143 0.01351 
1000.0 0.02355 0.00139 0.01846 0.00326 0.0232 0.02866 0.0227 0.02883 0.01303 0.01346 0.01584 0.02523 0.01693 0.01829 0.01961 
1000.0 0.00258 0.00215 0.00133 0.01194 0.0069 0.01098 0.00702 0.01094 0.01294 0.01031 0.00035 0.00908 0.0012 0.00737 0.00365 
1000.0 0.00443 0.02498 0.0026 0.06756 0.06234 0.01464 0.01697 0.00081 0.06655 0.01311 0.03911 0.00952 0.04325 0.05938 0.06443 
1000.0 0.03654 0.03615 0.00782 0.02497 0.03895 0.01054 0.03439 0.01141 0.02511 0.03454 0.00201 0.03664 0.03931 0.01316 0.02452 
1000.0 0.00201 0.00842 0.0032 0.00139 0.01291 0.00376 0.00481 0.00616 0.00857 0.00858 0.01395 0.00466 0.01426 0.00543 0.00538 
1000.0 0.00661 0.02166 0.00353 0.09461 0.04578 0.07 0.06573 0.08093 0.02477 0.07285 0.04468 0.00805 0.03867 0.06998 0.06915 
1000.0 0.01974 0.01737 0.03163 0.02377 0.0136 0.03047 0.02307 0.03027 0.02344 0.02973 0.01467 0.0059 0.00993 0.01878 0.01659 
1000.0 0.00262 0.00301 0.00637 0.00421 0.01398 0.01509 0.01564 0.01548 0.0101 0.01194 0.00305 0.00957 0.00573 0.01423 0.00081 
1000.0 0.0054 0.00899 0.00681 0.00054 0.00957 0.00307 0.00227 0.023 0.01438 0.00572 0.01181 0.01873 0.01494 0.02134 0.0172 
1000.0 0.01827 0.01889 0.03113 0.04175 0.01176 0.03313 0.0505 0.06154 0.08298 0.08108 0.08442 0.06809 0.09498 0.04314 0.00997 
1000.0 0.02275 0.01862 0.011 0.00474 0.02097 0.00806 0.01274 0.01488 0.01617 0.00754 0.0238 0.00451 0.01207 0.01477 0.01815 
1000.0 0.05676 0.10101 0.02216 0.08253 0.08769 0.02849 0.01421 0.05414 0.01872 0.09602 0.104 0.03212 0.06039 0.0598 0.00869 
1000.0 0.00765 0.01041 0.00937 0.00052 0.00704 0.00208 0.00089 0.006 0.00722 0.00901 0.00149 0.00436 0.00613 0.00863 0.00786 
1000.0 0.06357 0.03666 0.07125 0.02768 0.05803 0.07076 0.01346 0.05183 0.03787 0.04882 0.04022 0.00598 0.04323 0.01346 0.01815 
1000.0 0.01221 0.01077 0.00369 0.02205 0.00072 0.01354 0.01279 0.01973 0.00558 0.0147 0.01237 0.00972 0.01927 0.00213 0.01815 
1000.0 0.0073 0.00518 0.002 0.006 0.00796 0.00571 0.00752 0.00742 0.00037 0.00258 0.00714 0.00626 0.009 0.00209 0.0056 
1000.0 0.01719 0.00214 0.02231 0.03309 0.03547 0.01722 0.03335 0.04735 0.02275 0.00661 0.02142 0.03334 0.03713 0.00108 0.01438 
1000.0 0.04794 0.06785 0.04086 0.02373 0.01489 0.04336 0.04794 0.00647 0.02044 0.00439 0.00185 0.02907 0.08175 0.05893 0.08664 
1000.0 0.01216 0.03063 0.01907 0.0223 0.00402 0.03412 0.0079 0.003 0.02541 0.02937 0.02219 0.03021 0.00926 0.03114 0.01495 
1000.0 0.00776 0.01536 0.03154 0.0475 0.05236 0.03448 0.00543 0.03849 0.05231 0.04681 0.00403 0.02704 0.05355 0.03809 0.00379 
1000.0 0.06959 0.01211 0.13915 0.20918 0.07047 0.05598 0.15326 0.01271 0.13503 0.2049 0.20719 0.19654 0.10138 0.00132 0.06829 
1000.0 0.00971 0.05442 0.04351 0.02789 0.00011 0.05784 0.06845 0.00874 0.0005 0.00255 0.01519 0.00813 0.04436 0.00885 0.00781 
1000.0 0.01417 0.03177 0.02669 0.01763 0.01153 0.01929 0.02389 0.01115 0.01959 0.00156 0.00199 0.01401 0.01372 0.02982 0.00641 
1000.0 0.07566 0.13439 0.09492 0.10856 0.10791 0.13252 0.01082 0.01156 0.09861 0.08733 0.0173 0.14096 0.02919 0.08752 0.06972 
1000.0 0.0033 0.03189 0.03741 0.05372 0.04066 0.05187 0.01641 0.03235 0.04774 0.04861 0.04378 0.03615 0.0209 0.00656 0.0226 
1000.0 0.03187 0.04221 0.01159 0.01315 0.02084 0.03832 0.0018 0.02431 0.01809 0.02968 0.0426 0.03949 0.0112 0.03968 0.02156 
1000.0 0.02766 0.01504 0.04076 0.01909 0.02063 0.01861 0.03709 0.01449 0.04365 0.00399 0.0112 0.02015 0.03707 0.01226 0.01175 
1000.0 0.00315 0.00071 6e-05 0.00203 0.00128 0.00013 0.00423 0.00413 0.00113 0.00301 0.00203 0.00309 0.00046 0.00403 0.00145 
1000.0 0.02703 0.02521 0.05297 0.04818 0.02982 0.00859 0.0018 0.03582 0.01191 0.02429 0.04069 0.01824 0.00407 0.01916 0.01058 
1000.0 0.03431 0.06511 0.06848 0.02625 0.06463 0.01486 0.04933 0.01029 0.02433 0.04109 0.04023 0.02768 0.04439 0.01829 0.05802 
1000.0 0.01736 0.01972 0.00405 0.01331 0.01743 0.00381 0.00422 0.02532 0.02516 0.01001 0.01023 0.00507 0.00597 0.00637 0.00213 
1000.0 0.01539 0.01993 0.01534 0.00743 0.01145 0.00083 0.00461 0.04008 0.03464 0.00063 0.00173 0.01114 0.02087 0.0347 0.00508 
1000.0 0.1874 0.03269 0.02692 0.08183 0.15812 0.02141 0.10919 0.21226 0.20351 0.06734 0.15664 0.21222 0.03837 0.09822 0.17398 
1000.0 0.01582 0.03533 0.02231 0.00496 0.01752 0.04379 0.04951 0.04367 0.00874 0.05274 0.0142 0.00385 0.03042 0.05031 0.01335 
1000.0 0.00439 0.0079 0.00433 0.03665 0.00099 0.00301 0.02246 0.00609 0.01895 0.03924 0.00783 0.03039 0.00904 0.03807 0.03104 
1000.0 0.00166 0.01277 0.01967 0.01022 0.02173 0.00881 0.00302 0.02193 0.0126 0.00875 0.0134 0.00762 0.00131 0.00048 0.01284 
1000.0 0.00589 0.00809 0.00551 0.0052 0.00651 0.00206 0.00466 0.00064 0.00196 0.00913 0.00482 0.00329 0.00379 0.00629 0.00016 
1000.0 0.01662 0.01534 0.02284 0.01051 0.0048 0.00765 0.01728 0.02357 0.00932 0.01389 0.00231 0.00663 0.02327 0.00892 0.01315 
1000.0 0.02515 0.04143 0.02164 0.02874 0.03442 0.04508 0.03373 0.00735 0.0265 0.03411 0.01045 0.0405 0.02194 0.01206 0.02859 
1000.0 0.01413 0.04908 0.00025 0.05656 0.0627 0.03018 0.02199 0.05753 0.03797 0.01776 0.04511 0.05581 0.02352 0.05782 0.05547 
1000.0 0.04668 0.02373 0.00772 0.05482 0.05297 0.02586 0.02122 0.01501 0.01891 0.00226 0.04509 0.02083 0.02668 0.02184 0.05427 
1000.0 0.10698 0.00104 0.03196 0.09043 0.04114 0.00989 0.01026 0.1016 0.0365 0.09556 0.06603 0.11156 0.01628 0.08022 0.09498 
1000.0 0.01385 0.0148 0.00822 0.01187 0.00682 0.00376 0.00311 0.0211 0.0073 0.01544 0.01579 0.02034 0.02176 0.02103 0.00417 
1000.0 0.00384 0.00263 0.00277 0.008 0.00837 0.00707 0.00107 0.00176 0.0026 0.00838 0.0094 0.00376 0.00868 0.00639 0.00238 
1000.0 0.02253 0.04061 0.01641 0.03932 0.02202 0.00929 0.01673 0.00195 0.04459 0.02785 0.03803 0.01272 0.03982 0.04521 0.02166 
1000.0 0.01067 0.05518 0.0139 0.02775 0.01483 0.06311 0.01808 0.02874 0.02526 0.0181 0.04081 0.0206 0.03258 0.00875 0.00851 
1000.0 0.044 0.10241 0.02369 0.20543 0.1009 0.16704 0.12823 0.20266 0.05623 0.09122 0.16822 0.20635 0.20732 0.00726 0.08575 
1000.0 0.01541 0.00979 0.00815 0.0205 0.0321 0.00966 0.01192 0.01057 0.00339 0.01016 0.01723 0.03071 0.00751 0.02041 0.023 
1000.0 0.04508 0.00464 0.04823 0.06569 0.01638 0.06653 0.03458 0.0485 0.04871 0.01843 0.01863 0.01589 0.01675 0.03851 0.01394 
1000.0 0.04756 0.01639 0.07351 0.00875 0.06324 0.03903 0.04418 0.02125 0.01915 0.04129 0.08256 0.05215 0.01812 0.01591 0.10092 
1000.0 0.01893 0.01147 0.02225 0.01933 0.01827 0.0195 0.01797 0.00799 0.00393 0.01219 0.01934 0.00038 0.00455 0.00371 0.01974 
1000.0 0.11784 0.1498 0.13894 0.19384 0.06677 0.21101 0.16759 0.07643 0.00085 0.14457 0.18806 0.21458 0.19912 0.17827 0.17104 
1000.0 0.01045 0.01807 0.06517 0.06354 0.0567 0.04067 0.07977 0.05656 0.09556 0.09254 0.00014 0.03876 0.10573 0.0825 0.10555 
1000.0 0.02967 0.01727 0.00351 0.02188 0.03083 0.00173 0.00146 0.02944 0.01189 0.02159 0.00388 0.03512 0.02103 0.03292 0.02595 
1000.0 0.02832 0.00881 0.02072 0.0304 0.01701 0.03774 0.05028 0.00313 0.02132 0.04576 0.02866 0.04152 0.04974 0.01369 0.03271 
1000.0 0.00301 0.00919 0.00395 0.00636 0.00812 0.00882 0.01031 0.0073 0.00344 0.00294 0.00958 0.00167 0.00265 0.00619 0.0101 
1000.0 0.01919 0.07339 0.04845 0.01617 0.1047 0.06029 0.09702 0.01803 0.10089 0.09446 0.09217 0.07941 0.06939 0.0139 0.05723 
1000.0 0.00629 0.0201 0.05844 0.03383 0.03517 0.04132 0.03797 0.04614 0.02977 0.02722 0.00872 0.02803 0.03306 0.05538 0.03253 
1000.0 0.00042 0.00871 0.00303 0.0122 0.01147 0.00077 0.0133 0.01224 0.00283 0.00138 0.01336 0.01288 0.01227 0.01267 0.01189 
1000.0 0.12745 0.0656 0.0497 0.0676 0.15414 0.07016 0.19942 0.07052 0.12275 0.01774 0.12696 0.18402 0.01715 0.11241 0.02558 
1000.0 0.01109 0.00961 0.00396 0.0038 0.00095 0.00387 0.00433 0.00585 0.01168 0.00816 0.00961 0.00512 0.00918 0.00189 0.0044 
1000.0 0.03175 0.1077 0.04509 0.12904 0.11983 0.07216 0.0951 0.01025 0.08808 0.10108 0.01281 0.02486 0.025 0.07753 0.02018 
1000.0 0.00192 0.01229 0.00915 0.01828 0.01741 0.00727 0.01542 0.00303 0.01524 0.02293 0.00262 0.01667 0.02349 0.01739 0.00968 
1000.0 0.03887 0.03331 0.02638 0.03473 0.03351 0.03355 0.01199 0.01322 0.00664 0.01208 0.01753 0.00857 0.01291 0.02929 0.02892 
1000.0 0.02342 0.04015 0.01283 0.0061 0.02088 0.03083 0.01838 0.00933 0.02563 0.03102 0.02875 0.02318 0.02669 0.03487 0.01599 
1000.0 0.01039 0.01287 0.01169 0.00112 0.01331 0.00556 0.00837 0.01024 0.00904 0.00733 0.0123 0.01184 0.00761 0.01162 0.00537 
1000.0 0.02734 0.04206 0.02706 0.03492 0.00226 0.05697 0.05712 0.02604 0.02832 0.04825 0.02307 0.01326 0.05287 0.01425 0.01891 
1000.0 0.00203 0.00348 0.00242 0.00267 0.00332 0.00066 0.00415 0.00203 3e-05 0.00501 0.00321 0.00108 0.00346 0.00305 0.00487 
1000.0 0.00905 0.00552 0.01101 0.00404 0.00479 0.00264 0.01245 0.00052 0.0177 0.01182 0.00545 0.01364 0.00875 0.00545 0.00949 
1000.0 0.02335 0.04846 0.16302 0.04248 0.03824 0.02643 0.12374 0.02091 0.04201 0.12016 0.00024 0.11331 0.16983 0.16645 0.02255 
1000.0 0.00018 0.00469 0.00414 0.00859 0.00809 0.00135 0.00216 0.00624 0.00732 0.00803 0.00447 0.0048 0.00573 0.00207 0.0069 
1000.0 0.00365 0.01142 0.02405 0.02373 0.00071 0.01606 0.00806 0.01716 0.00254 0.01604 0.02285 0.02339 0.00685 0.02013 0.00518 
1000.0 7e-05 0.00986 0.01103 0.00281 0.00568 0.00595 0.01108 0.00591 0.00887 0.00558 0.00289 0.00775 0.00414 0.00399 0.00506 
1000.0 0.01844 0.07521 0.01834 0.02762 0.02617 0.10053 0.03006 0.04983 0.03126 0.05594 0.03653 0.02934 0.03012 0.08914 0.00312 
1000.0 0.14032 0.03892 0.06453 0.04063 0.02189 0.18607 0.00744 0.09746 0.04175 0.1031 0.04581 0.05102 0.03267 0.07247 0.06628 
1000.0 0.03058 0.06904 0.06685 0.06217 0.01498 0.02337 0.07672 0.0638 0.08269 0.02643 0.09399 0.00165 0.0472 0.09366 0.04919 
1000.0 0.01595 0.01766 0.02016 0.05414 0.0102 0.04249 0.00809 0.01899 0.0222 0.07539 0.07104 0.02105 0.03458 0.05988 0.03359 
1000.0 0.01265 0.03118 0.00685 0.0069 0.00488 0.04468 0.03671 0.0151 0.00567 0.02954 0.02356 0.03172 0.01558 0.00217 0.01458 
1000.0 0.03669 0.01926 0.03386 0.02378 0.00363 0.01941 0.04551 0.02421 0.00919 0.00535 0.01518 0.0355 0.01213 0.04151 0.00162 
1000.0 0.00549 0.01334 0.00311 0.00291 0.0199 0.00193 0.02082 0.02098 0.01879 0.02391 0.02566 0.01863 0.02598 0.02204 0.02034 
1000.0 0.00306 0.01228 0.007 0.01338 0.01224 0.00318 0.00959 0.01522 0.00623 0.01178 0.00654 0.0152 0.00358 0.01488 0.0007 
1000.0 0.01623 0.0167 0.03645 0.01273 0.02529 0.02742 0.0059 0.01205 0.03945 0.0382 0.03366 0.03794 0.00459 0.04224 0.01693 
1000.0 0.09712 0.13218 0.07655 0.07151 0.09789 0.07606 0.00774 0.12641 0.14 0.15109 0.00654 0.12566 0.10398 0.03319 0.18888 
1000.0 0.0108 0.00382 0.00662 0.00348 0.01094 0.01193 0.00462 0.00651 0.01147 0.00557 0.00429 0.00792 0.01307 0.00208 0.01082 
1000.0 0.00735 0.0175 0.00873 0.00299 0.00786 0.01502 0.00601 0.01746 0.00744 0.01716 0.00726 0.0078 0.01039 0.00489 0.00343 
1000.0 0.00418 0.00333 0.00652 0.0015 0.00424 0.00408 0.00438 0.00536 0.00489 0.00248 0.00569 0.00016 0.00052 0.00275 0.00191 
1000.0 0.04461 0.0301 0.01908 0.0326 0.04499 0.0348 0.0159 0.00805 0.0064 0.04756 0.00762 0.04009 0.00822 0.01171 0.00081 
1000.0 0.02805 0.00988 0.05877 0.0966 0.0232 0.10177 0.06121 0.09737 0.07032 0.04284 0.05372 0.09281 0.03513 0.09667 0.07051 
1000.0 0.00715 0.0088 0.01054 0.00689 0.00652 0.00412 0.00914 0.00081 0.00095 0.01036 0.00664 0.00541 0.00178 0.0066 0.0009 
1000.0 0.01178 0.00617 0.0016 0.00445 0.00774 0.00676 0.00414 0.0025 0.00895 0.00936 0.0023 0.00972 0.00686 0.00106 0.0116 
1000.0 0.00348 0.00934 0.00261 0.00132 0.00561 5e-05 0.00789 0.00913 0.00709 0.00207 0.00239 0.00711 0.00911 0.00512 0.00631 
1000.0 0.00828 0.01077 0.00091 0.01102 0.01195 0.00295 0.00691 0.00745 0.00395 0.00434 0.0053 0.00543 0.00428 0.00469 0.01063 
1000.0 0.0132 0.01514 0.01666 0.0087 0.01327 0.0192 0.00893 0.01946 0.00609 0.00623 0.00336 0.01203 0.01846 0.00088 0.01377 
1000.0 0.01718 0.05515 0.05753 0.04147 0.09933 0.00182 0.10466 0.08211 0.00645 0.00244 0.00632 0.07648 0.02208 0.00094 0.01187 
1000.0 0.01781 0.01468 0.02513 0.0016 0.01149 0.01151 0.01085 0.02644 0.02047 0.02825 0.02571 0.03666 0.0179 0.03412 0.02586 
1000.0 0.04316 0.03513 0.04515 0.00198 0.04305 0.03105 0.04773 0.02691 0.04572 0.00448 0.00436 0.04009 0.01321 0.0357 0.00697 
1000.0 0.00177 0.02552 0.01919 0.02452 0.02623 0.02015 0.03047 0.02924 0.00584 0.01535 0.03325 0.01698 0.03787 0.02704 0.04212 
1000.0 0.00977 0.00702 0.01125 0.0542 0.05667 0.03551 0.01608 0.02032 0.01901 0.01412 0.03644 0.02723 0.07043 0.0013 0.03714 
1000.0 0.09817 0.08487 0.0544 0.00542 0.09252 0.11093 0.0693 0.09222 0.15938 0.01678 0.04732 0.008 0.12115 0.12299 0.11099 
1000.0 0.13218 0.0758 0.17844 0.00439 0.17668 0.19109 0.19443 0.11767 0.21039 0.04713 0.23038 0.19336 0.16197 0.16691 0.0021 
1000.0 0.0206 0.00408 0.02153 0.01294 0.00782 0.02548 0.02775 0.0126 0.02663 0.0193 0.00276 0.01487 0.02975 0.01686 0.0226 
1000.0 0.00546 0.02535 0.01902 0.00334 0.02095 0.02909 0.02774 0.01871 0.03749 0.03304 0.03619 0.01339 0.03003 0.00109 0.03338 
1000.0 0.03482 0.02175 0.03299 0.00505 0.00852 0.00528 0.00417 0.01987 0.01732 0.03534 0.03375 0.017 0.00813 0.02331 0.02873 
1000.0 0.00222 0.00294 0.00995 0.02085 0.01356 0.02658 0.00698 0.01036 0.02653 0.02054 0.01806 0.01554 0.01275 0.01264 0.02364 
1000.0 0.00328 0.00132 0.00225 0.00143 0.0034 0.00317 0.00213 0.00132 0.00153 0.00247 0.00129 2e-05 0.00063 0.00312 0.00045 
1000.0 0.02275 0.02578 0.00575 0.03151 0.00694 0.01748 0.01812 0.0062 0.02554 0.00221 0.03089 0.00665 0.01841 0.02526 0.02492 
1000.0 0.02536 0.00878 0.03601 0.00234 0.03938 0.01117 0.04118 0.01572 0.04252 0.04347 0.01815 0.00346 0.01438 0.01553 0.0477 
1000.0 0.00222 0.05136 0.00551 0.03901 0.02506 0.01352 0.0036 0.03128 0.01229 0.01935 0.0109 0.03813 0.01906 0.01312 0.05272 
