1000.0 1000.0 1000.0 1000.0 1000.0 1000.0 1000.0 1000.0 1000.0 1000.0 1000.0 1000.0 1000.0 1000.0 1000.0 1000.0 
1000.0 0.01499 0.00555 0.01455 0.01499 0.00335 0.01284 6e-05 0.00794 0.00483 0.00679 0.00871 0.00214 0.00966 0.00714 0.0112 
1000.0 0.00456 0.13272 0.03151 0.07351 0.12841 0.12789 0.02475 0.02498 0.14365 0.09213 0.09346 0.06987 0.05889 0.05628 0.13338 
1000.0 0.11382 0.12433 0.09403 0.02645 0.13981 0.06137 0.06569 0.06864 0.04798 0.07589 0.07617 0.12865 0.10889 0.00377 0.16606 
1000.0 0.00333 0.01069 0.01969 0.01793 0.03055 0.03834 0.03184 0.01143 0.01735 0.02965 0.03858 0.0181 0.03363 0.00575 0.00247 
1000.0 0.01636 0.02394 0.03464 0.1032 0.00117 0.0726 0.06611 0.02175 0.01109 0.03408 0.00625 0.02713 0.1042 0.00067 0.02088 
1000.0 0.01039 0.0251 0.05974 0.06201 0.04307 0.04052 0.00411 0.02061 0.03527 0.06544 0.01884 0.05694 0.02849 0.03334 0.04505 
1000.0 0.00336 0.00222 0.0034 0.00532 0.00445 0.0033 0.00364 0.0016 0.00013 0.00655 0.00143 0.0068 0.00498 0.00573 0.00479 
1000.0 0.1238 0.03644 0.15764 0.09247 0.19431 0.18461 0.12185 0.11996 0.14531 0.03386 0.16099 0.0041 0.15593 0.18942 0.02764 
1000.0 0.00789 0.00487 0.02622 0.01055 0.01496 0.01632 0.00885 0.02439 0.01109 0.01045 0.02978 0.02035 0.03066 0.01144 0.0061 
1000.0 0.04757 0.03419 0.03478 0.03458 0.01768 0.0203 0.03833 0.02014 0.03981 0.02171 0.02804 0.02579 0.03728 0.0183 0.03808 
1000.0 0.43841 0.22472 0.14345 0.0164 0.04331 0.22709 0.45819 0.41217 0.44246 0.24681 0.30906 0.28178 0.00337 0.06934 0.25347 
1000.0 0.05653 0.04872 0.02647 0.04313 0.00131 0.00039 0.05476 0.01833 0.03409 0.06198 0.0365 0.05227 0.06314 0.00818 0.03075 
1000.0 0.0048 0.09709 0.07184 0.05391 0.04658 0.0724 0.08477 0.03547 0.00223 0.05912 0.03657 0.09094 0.06585 0.03214 0.10195 
1000.0 0.10339 0.06912 0.09651 0.04819 0.11021 0.07327 0.12826 0.14245 0.12639 0.03499 0.04228 0.03698 0.01011 0.11052 0.10974 
1000.0 0.00085 0.02255 0.01046 0.0163 0.01264 0.02213 0.00067 0.00214 0.02104 0.01102 0.01291 0.02042 0.0069 0.02166 0.00585 
1000.0 0.00491 0.00252 0.01982 0.01651 0.01079 0.01135 0.01268 0.01958 0.02083 0.01238 0.02099 0.01841 0.01107 0.02177 0.00493 
1000.0 0.00496 0.01274 0.01244 0.03034 0.00437 0.02193 0.02902 0.0181 0.02755 0.00287 0.02739 0.03466 0.01067 0.01245 0.0022 
1000.0 0.01967 0.00569 0.01616 0.01891 0.01838 0.01582 0.02536 0.00823 0.01636 0.00784 0.01963 0.02146 0.00448 0.00278 0.01983 
1000.0 0.00866 0.0565 0.04142 0.04347 0.01554 0.05077 0.05518 0.03059 0.01983 0.0206 0.06173 0.03788 0.03672 0.03893 0.0156 
1000.0 0.01974 0.00702 0.02247 0.02149 0.02134 0.00566 0.02368 0.00355 0.01294 0.01292 0.00924 0.01718 0.02248 0.01486 0.00378 
1000.0 0.00993 0.0035 0.00376 0.00624 0.01083 0.01434 0.00448 0.01032 0.0076 0.00702 0.00622 0.00806 0.00112 0.01446 0.00294 
1000.0 0.00673 0.04751 0.01466 0.00839 0.04308 0.03227 0.02944 0.04182 0.02003 0.04129 0.02808 0.01581 0.01935 0.00274 0.0122 
1000.0 0.00235 0.00039 0.00314 0.00161 0.00217 0.00147 0.00171 0.00047 0.004 0.00058 0.00312 0.00357 0.00256 0.00264 0.00025 
1000.0 0.07617 0.08341 0.01444 0.0217 0.00069 0.01001 0.01249 0.06457 0.00507 0.00677 0.01658 0.06163 0.07363 0.02296 0.09432 
1000.0 0.0627 0.04973 0.09028 0.08132 0.10621 0.05312 0.08148 0.07499 0.08948 0.0444 0.0036 0.00429 0.04241 0.03948 0.04438 
1000.0 0.00406 0.02332 0.01937 0.01759 0.0267 0.0101 0.0063 0.02907 0.01553 0.02162 0.00656 0.02395 0.0009 0.00182 0.02045 
1000.0 0.00849 0.00271 0.00447 0.02362 0.02157 0.01992 0.02271 0.02222 0.00829 0.00526 0.00868 0.0137 0.01705 0.00605 0.01374 
1000.0 0.01902 0.03878 0.03179 0.0071 0.01761 0.04264 0.02721 0.01125 0.04971 0.04356 0.02671 0.01105 0.04495 0.0252 0.02332 
1000.0 0.02632 0.03792 0.02736 0.00218 0.04107 0.01905 0.03073 0.04848 0.03476 0.00595 0.03696 0.03394 0.00065 0.01874 0.01253 
1000.0 0.02331 0.00418 0.00565 0.00233 0.00251 0.0073 0.01846 0.00384 0.01607 0.00867 0.00452 5e-05 0.01086 0.01688 0.02188 
1000.0 0.00973 0.02754 0.02637 0.02587 0.02182 0.01351 0.02145 0.01782 0.00096 0.00799 0.01786 0.01797 0.01947 0.01834 0.00666 
1000.0 0.03638 0.03398 0.0137 0.01048 0.00593 0.01667 0.00718 0.00132 0.02689 0.01395 0.02088 0.01569 0.03821 0.00145 0.03236 
1000.0 0.01562 0.01181 0.01228 0.00895 0.00507 0.0005 0.01203 0.00312 0.01402 0.00047 0.0099 0.01223 0.00288 3e-05 0.00487 
1000.0 0.00413 0.01525 0.01325 0.00888 0.00347 0.01958 0.0241 0.01275 0.01833 0.02011 0.00925 0.02342 0.00458 0.00717 0.00502 
1000.0 0.01808 0.03365 0.04196 0.00767 0.04382 0.00072 0.01657 0.02115 0.01296 0.01618 0.00266 0.03618 0.02361 0.02268 0.00661 
1000.0 0.0048 0.0244 0.02774 0.03269 0.0333 0.04572 0.02433 0.00695 0.02162 0.01091 0.01829 0.02504 0.03062 0.04623 0.02132 
1000.0 0.04889 0.028 0.13408 0.16474 0.07306 0.12403 0.08692 0.00985 0.17136 0.06218 0.1281 0.12355 0.01049 0.08768 0.05532 
1000.0 0.01002 0.01393 0.01421 0.02172 0.02877 0.01473 0.02223 0.00586 0.0188 0.02895 0.00734 0.0229 0.02855 0.00253 0.00429 
1000.0 0.05405 0.05821 0.0077 0.02077 0.0012 0.04272 0.04793 0.03331 0.05508 0.05321 0.04913 0.05776 0.03919 0.05038 0.01957 
1000.0 0.0119 0.00908 0.06172 0.08723 0.08835 0.08695 0.0271 0.09344 0.04569 0.09318 0.01684 0.09153 0.09336 0.09415 0.02465 
1000.0 0.08043 0.01914 0.00441 0.00185 0.06274 0.09635 0.04307 0.08994 0.09386 0.0772 0.02165 0.05588 0.06986 0.01605 0.08661 
1000.0 0.00288 0.00228 0.00088 0.00374 0.01084 0.00273 0.01611 0.0024 0.00472 0.0118 0.00762 0.00447 0.0095 0.00745 0.01172 
1000.0 0.022 0.00256 0.0166 0.02696 0.00824 0.02846 0.02812 0.0272 0.01009 0.02775 0.0111 0.02065 0.02705 0.02244 0.02472 
1000.0 0.01165 0.00798 0.01023 0.01073 0.01478 0.0143 0.01086 0.00494 0.01422 0.01306 0.00642 0.00946 0.00343 0.01309 0.00556 
1000.0 0.01981 0.00096 0.00487 0.05968 0.04484 0.02566 0.01902 0.04108 0.0416 0.02489 0.04529 0.04793 0.05179 0.06429 0.0515 
1000.0 0.02549 0.02284 0.0267 0.03012 0.00468 0.01599 0.02944 0.0074 0.03783 0.00426 0.00285 0.01165 0.00676 0.00666 0.04055 
1000.0 0.00509 0.0089 0.00325 7e-05 0.00485 0.00038 0.00793 0.00984 0.01209 0.0084 0.00411 0.01369 0.01291 0.005 0.01031 
1000.0 0.03412 0.10059 0.10611 0.09166 0.05862 0.06615 0.03613 0.03072 0.00704 0.09727 0.05785 0.04656 0.08422 0.01415 0.02869 
1000.0 0.00602 0.00323 0.01647 0.01023 0.03183 0.0201 0.01711 0.02627 0.00509 0.01285 0.0092 0.00637 0.00297 0.009 0.01526 
1000.0 0.0125 0.00067 0.01132 0.01003 0.0119 0.01493 0.01514 0.0123 0.01188 0.01513 0.00168 0.00119 0.01544 0.00439 0.00687 
1000.0 0.00592 0.01469 0.02171 0.01206 0.0023 0.01328 0.0113 0.00165 0.00304 0.01233 0.02231 0.00235 0.00832 0.01205 0.0113 
1000.0 0.05619 0.09493 0.06088 0.06118 0.00315 0.01137 0.00703 0.09374 0.03417 0.08986 0.01961 0.02169 0.03391 0.04503 0.0397 
1000.0 0.00182 0.00219 0.01943 0.02149 0.00383 0.02092 0.01109 0.01889 0.00573 0.0083 0.01848 0.02232 0.0222 0.02115 0.01414 
1000.0 0.03653 0.10156 0.00311 0.10164 0.07302 0.00027 0.00609 0.07515 0.08806 0.06505 0.02334 0.09419 0.09535 0.04055 0.10192 
1000.0 0.00893 0.00529 0.00196 0.0093 0.00897 0.0109 0.00843 0.00055 0.0054 0.00578 0.00859 0.0034 0.00456 0.00138 0.00125 
1000.0 0.06382 0.06408 0.06513 0.02893 0.05242 0.00373 0.04477 0.04785 0.00282 0.00426 0.05592 0.02757 0.02057 0.06742 0.04391 
1000.0 0.0007 0.00582 0.00054 0.01502 0.01101 0.01815 0.01849 0.00011 0.01853 0.02324 0.02296 0.01376 0.012 0.01998 0.00034 
1000.0 0.00505 0.00228 0.00361 0.00595 0.00201 0.00444 0.00424 0.00589 0.00662 0.00016 0.00391 0.00579 0.00555 0.00693 0.00313 
1000.0 0.02609 0.00703 0.00785 0.047 0.01916 0.01782 0.00016 0.01489 0.03961 0.01491 0.02045 0.04885 0.00966 0.031 0.04305 
1000.0 0.07528 0.03467 0.08008 0.05275 0.03542 0.08717 0.04582 0.06091 0.06574 0.04266 0.01387 0.01867 0.05041 0.08801 0.04955 
1000.0 0.01712 0.03164 0.0344 0.00049 0.02219 0.01206 0.01264 0.02333 0.00997 0.01304 0.03039 0.01139 0.03203 0.03233 0.00435 
1000.0 0.03864 0.02696 0.05396 0.02424 0.0482 0.04843 0.04791 0.02612 0.00643 0.01915 0.04359 0.04714 0.02202 0.01765 0.0006 
1000.0 0.0061 0.07605 0.01855 0.05787 0.12331 0.18627 0.10832 0.17466 0.14323 0.11321 0.14849 0.12279 0.16928 0.02898 0.19005 
1000.0 0.0008 0.01095 0.04087 0.01789 0.02081 0.01294 0.03132 0.05214 0.05912 0.02614 0.0627 0.02545 0.05677 0.01051 0.02784 
1000.0 0.01516 0.01684 0.01582 0.02667 0.01048 0.00202 0.01224 0.00526 0.01632 0.03116 0.01806 0.00718 0.00664 0.0004 0.00952 
1000.0 0.10479 0.0517 0.03451 0.05396 0.01948 0.13651 0.08537 0.04291 0.06202 0.04827 0.09937 0.05403 0.03159 0.05183 0.08005 
1000.0 0.02827 0.0069 0.04564 0.01305 0.001 0.01761 0.01762 0.01583 0.00012 0.01386 0.02216 0.01851 0.00994 0.00082 0.04915 
1000.0 0.00447 0.00244 0.02453 0.00602 0.04027 0.01739 0.02105 0.02054 0.01525 0.03328 0.0285 0.00353 0.02386 0.0161 0.02498 
1000.0 0.03095 0.00446 0.01322 0.03261 0.00682 0.0011 0.03603 9e-05 0.03868 0.03843 0.03661 0.04172 0.0046 0.0045 0.02943 
1000.0 0.00568 0.00531 0.00046 0.00308 0.00213 0.0018 0.00251 0.00548 0.00114 0.00249 0.00142 0.00224 0.00213 0.00283 0.00558 
1000.0 0.03828 0.0341 0.04657 0.05522 0.05076 0.03741 0.02348 0.0034 0.04295 0.01381 0.0065 0.04143 0.05705 0.03206 0.01452 
1000.0 0.04998 0.07132 0.05736 0.03903 0.00787 0.03001 0.04338 0.06283 0.02448 0.05126 0.00369 0.03986 0.06482 0.05856 0.0464 
1000.0 0.01943 0.01284 0.01595 0.01336 0.00428 0.0085 0.01746 0.01001 0.01356 0.02025 0.00695 0.02542 0.00014 0.02141 0.02505 
1000.0 0.03329 0.03581 0.00235 0.04424 0.03819 0.01317 0.01279 0.03674 0.04135 0.02233 0.03704 0.03702 0.01814 0.00118 0.03476 
1000.0 0.03346 0.0708 0.1126 0.18559 0.03605 0.06964 0.19656 0.06846 0.10739 0.12302 0.19259 0.03896 0.20239 0.00055 0.17769 
1000.0 0.02749 0.02386 0.03186 0.02439 0.05123 0.03016 0.02043 0.02048 0.0465 0.00854 0.00849 0.0471 0.04797 0.00734 0.03973 
1000.0 0.0011 0.02773 0.03727 0.03247 0.01854 0.03513 0.00125 0.00488 0.02644 0.0289 0.01496 0.02956 0.02693 0.01046 0.02409 
1000.0 0.02329 0.02142 0.00913 0.01864 0.02134 0.0027 0.02069 0.00341 0.00683 0.0063 0.00492 0.00222 0.01475 0.00335 0.00488 
1000.0 0.00679 0.00757 0.00285 0.00165 0.00714 0.00657 3e-05 0.00618 0.00397 0.00794 0.00479 0.00297 0.00766 0.00081 0.0088 
1000.0 0.01048 0.00254 0.00673 0.02292 0.00717 0.01685 0.01387 0.00035 0.01738 0.00834 0.01916 0.01022 0.02121 0.01102 0.02304 
1000.0 0.04444 0.03464 0.03542 0.01506 0.04245 0.01611 0.00849 0.01568 0.01577 0.0012 0.01373 0.02974 0.02691 0.02112 0.01391 
1000.0 0.04354 0.01213 0.04806 0.01128 0.05375 0.04637 0.0515 0.05105 0.04797 0.00506 0.05924 0.00034 0.04616 0.00231 0.00551 
1000.0 0.00368 0.05125 0.04689 0.0583 0.0179 0.03904 0.03344 0.06026 0.03978 0.0019 0.02771 0.00568 0.03476 0.04087 0.00286 
1000.0 0.0795 0.10726 0.0201 0.05336 0.01337 0.02692 0.0257 0.00867 0.11416 0.03519 0.0384 0.04013 0.09384 0.10227 0.12455 
1000.0 0.00958 0.02164 0.00897 0.01901 0.01549 0.01074 0.01935 0.00246 0.00727 0.0011 0.00081 0.00197 0.00904 0.0202 0.00583 
1000.0 0.00439 0.00628 0.00161 0.00447 0.00724 0.00216 0.00217 0.0059 0.00711 0.00336 0.00084 0.00873 0.00426 0.00845 0.00187 
1000.0 0.00104 0.00695 0.00094 0.02545 0.01713 0.01155 0.04345 0.01514 0.00341 0.00495 0.03552 0.0358 0.02797 0.02207 0.00033 
1000.0 0.0576 0.04992 0.02851 0.01402 0.06423 0.05149 0.00562 0.0591 0.04216 0.02349 0.02368 0.05835 0.0309 0.03531 0.01808 
1000.0 0.18867 0.06736 0.08293 0.16533 0.03005 0.03031 0.01352 0.00818 0.05596 0.19967 0.01034 0.0206 0.06925 0.13828 0.03128 
1000.0 0.02578 0.02861 6e-05 0.02966 0.02584 0.0307 0.00973 0.02211 0.01051 0.02123 0.00461 0.00986 0.03308 0.00038 0.02011 
1000.0 0.04241 0.05069 0.06488 0.05088 0.00055 0.06444 0.06005 0.0284 0.02962 0.04638 0.00836 0.00153 0.00979 0.06061 0.06154 
1000.0 0.0885 0.03973 0.02102 0.09008 0.05424 0.03417 0.07089 0.01421 0.01614 0.06006 0.06115 0.09666 0.06686 0.09265 0.02493 
1000.0 0.00978 0.01205 0.00053 0.01728 0.01396 0.00073 0.01048 0.0175 0.02326 0.0182 0.00583 0.00636 0.01114 0.0209 0.00131 
1000.0 0.05746 0.09402 0.1229 0.14553 0.15712 0.153 0.09256 0.18094 0.12838 0.07343 0.09802 0.08097 0.11925 0.09017 0.14157 
1000.0 0.05761 0.07571 0.04474 0.04833 0.03591 0.03813 0.04794 0.0806 0.0116 0.03812 0.07132 0.08779 0.03535 0.0064 0.08065 
1000.0 0.0151 0.0023 0.03057 0.00905 0.02814 0.00827 0.01325 0.03281 0.00618 0.02128 0.03099 0.01807 0.01672 0.02614 0.0227 
1000.0 0.0111 0.02515 0.0392 0.02235 0.01479 0.04923 0.0041 0.01543 0.017 0.05299 0.01534 0.02067 0.03096 0.02014 0.04342 
1000.0 0.01052 0.00076 0.0033 0.00342 0.0133 0.00747 0.00136 0.01065 0.00038 0.00975 0.01072 0.00454 0.01 0.00422 0.01382 
1000.0 0.06984 0.08954 0.09409 0.08363 0.01173 0.08879 0.03631 0.01947 0.01704 0.09276 0.09935 0.04495 0.04524 0.04092 0.00176 
1000.0 0.04619 0.00766 0.02898 0.0407 0.0337 0.03 0.00922 0.01895 0.02632 0.05972 0.04204 0.02217 3e-05 0.0418 0.0073 
1000.0 0.00963 0.00156 0.01172 0.01154 0.00729 0.00658 5e-05 0.0131 0.00839 0.00989 0.00714 0.00752 0.00588 0.01198 0.01345 
1000.0 0.08014 0.09481 0.15916 0.2023 0.18231 0.0878 0.17066 0.08748 0.0778 0.10271 0.18438 0.12133 0.1534 0.01577 0.15643 
1000.0 0.00944 0.00262 0.00134 0.00486 0.01014 0.00476 0.00535 0.00554 0.0043 0.01036 0.00949 0.00587 0.01165 0.00121 0.0089 
1000.0 0.00011 0.00226 0.12775 0.02256 0.08584 0.0945 0.04769 0.08193 0.02917 0.04638 0.04455 0.11432 0.10048 0.09674 0.01894 
1000.0 0.00029 0.01417 0.01176 0.00048 0.01015 0.00562 0.0065 0.00752 0.0024 0.02237 0.01999 0.02 0.01944 0.00136 0.01962 
1000.0 0.00938 0.01213 0.03253 0.03979 0.01789 0.02875 0.03658 0.00593 0.02096 0.03338 0.01228 0.00692 0.00886 0.03083 0.02136 
1000.0 0.04311 0.03982 0.0337 0.00835 0.03733 0.02587 0.04059 0.00412 0.03549 0.00915 0.01392 0.00265 0.01859 0.00227 0.01193 
1000.0 0.00343 0.00378 0.00376 0.0073 0.01212 0.00432 0.00524 0.0003 0.01161 0.01383 0.01196 0.01372 0.00934 0.00251 0.0113 
1000.0 0.05028 0.02711 0.05283 0.04957 0.02029 0.04595 0.03313 0.03237 0.01882 0.00972 0.02431 0.00817 0.02273 0.04442 0.05812 
1000.0 0.00355 0.00472 0.00139 0.00217 5e-05 0.00282 0.00134 0.00083 0.00521 0.00445 0.00541 0.00052 0.00522 0.00024 0.00443 
1000.0 0.00328 0.01739 0.00455 0.01199 0.0002 0.0123 0.00522 0.00221 0.00907 0.01538 0.01265 0.01468 0.01674 0.01004 0.01478 
1000.0 0.0525 0.07352 0.17669 0.14341 0.01092 0.07459 0.08582 0.13214 0.13196 0.04541 0.17612 0.05763 0.07153 0.06313 0.02593 
1000.0 0.00029 0.0087 0.00261 0.00706 0.00478 0.00716 0.00563 0.00107 0.00224 0.00117 0.00556 0.00339 0.00783 0.00848 0.00341 
1000.0 0.02075 0.01958 0.01843 0.01509 0.01136 0.01398 0.01113 0.01569 0.00887 0.00748 0.00801 0.00377 0.01768 0.02377 0.01994 
1000.0 0.0093 0.01063 0.01175 0.00505 0.00656 0.00259 0.0026 0.00841 0.00227 0.01126 0.00677 0.0082 3e-05 0.00768 0.0063 
1000.0 0.03986 0.00486 0.09875 0.06541 0.04273 0.07639 0.02321 0.0364 0.07568 0.01412 0.02708 0.08269 0.02262 0.10154 0.00291 
1000.0 0.11576 0.00018 0.0819 0.07472 0.19271 0.02964 0.15767 0.06356 0.14818 0.14965 0.0638 0.13219 0.04382 0.18907 0.00918 
1000.0 0.09406 0.09268 0.03241 0.0059 0.03154 0.04687 0.09428 0.03439 0.08414 0.01371 0.08682 0.02827 0.00096 0.04488 0.08254 
1000.0 0.03426 0.04456 0.03226 0.01927 0.07087 0.0872 0.07267 0.06581 0.02217 0.039 0.09218 0.00938 0.04119 0.06765 0.03039 
1000.0 0.00297 0.01935 0.03678 0.03695 0.02339 0.03398 0.01211 0.041 0.04567 0.00479 0.01919 0.0325 0.04134 0.02817 0.02718 
1000.0 0.04491 0.01686 0.01461 0.01515 0.03514 0.0419 0.04492 0.02437 0.01712 0.00441 0.04494 0.01531 0.01587 0.00982 0.00381 
1000.0 0.0063 0.01141 0.0202 0.02437 0.02282 0.00262 0.00012 0.01421 0.02004 0.02472 0.00886 0.0077 0.01739 0.01358 0.02302 
1000.0 0.01428 0.00415 0.00709 0.00246 0.00923 0.00914 0.01371 0.01072 0.004 0.01301 0.0067 0.01087 0.01342 0.01517 0.01514 
1000.0 0.03975 0.03574 0.00189 0.04171 0.03765 0.03024 0.02546 0.04076 3e-05 0.01444 0.03222 0.03085 0.03772 0.01141 0.00982 
1000.0 0.18419 0.02497 0.00562 0.08948 0.13381 0.08294 0.16991 0.03347 0.10969 0.14114 0.17436 0.09587 0.18449 0.19923 0.10003 
1000.0 0.00827 0.00383 0.00621 0.00891 0.01294 0.00235 0.00437 0.00689 0.00705 0.0092 0.00872 0.0088 0.01317 0.01227 0.00246 
1000.0 0.00257 0.01205 0.00498 0.01422 0.01423 0.01177 0.00974 0.01143 0.00931 0.00483 0.0032 0.01132 0.00226 0.01744 0.00126 
1000.0 0.00069 0.00226 0.00592 0.0046 0.00629 0.00607 0.0007 0.0023 0.00254 0.00016 0.00013 0.00143 0.00056 0.00014 0.00559 
1000.0 0.04027 0.01096 0.04057 0.0134 0.02591 0.00965 0.01446 0.00956 0.00377 0.0076 0.03564 0.04387 0.03698 0.01756 0.04699 
1000.0 0.08134 0.0812 0.06437 0.02776 0.08186 0.06889 0.01998 0.0132 0.10179 0.01014 0.05225 0.06274 0.07711 0.0801 0.03142 
1000.0 0.00855 0.00962 0.00175 0.00401 0.00448 0.00938 0.00252 0.00877 0.00356 0.00087 0.00572 0.00632 0.00068 0.00319 0.0048 
1000.0 0.00572 0.00487 0.00471 0.00758 0.00265 0.0012 0.01113 0.00562 0.00844 0.00969 0.00599 0.00348 0.00951 0.01118 0.01098 
1000.0 0.00811 0.00093 0.00443 0.00529 0.00699 0.0033 0.00392 0.01144 0.01011 0.00533 0.00795 0.0005 0.00961 0.00665 0.01136 
1000.0 0.00689 0.00293 0.00562 0.00131 0.00844 0.00705 4e-05 0.01108 0.01028 0.00824 0.0055 0.00087 0.00564 0.0081 0.00424 
1000.0 0.00124 0.01568 0.01658 0.01202 0.0088 0.01811 0.00192 0.00606 0.00246 0.00322 0.00912 0.00032 0.00498 0.01854 0.01225 
1000.0 0.01445 0.06739 0.10645 0.04001 0.10463 0.06373 0.01929 0.10447 0.00243 0.08313 0.06296 0.02371 0.06945 0.09126 0.00802 
1000.0 0.02951 0.01739 0.03058 0.012 0.00315 0.01171 0.02558 0.01425 0.01172 0.01994 0.0146 0.02981 0.03572 0.02687 0.01149 
1000.0 0.00406 0.02974 0.01597 0.00781 0.04968 0.04848 0.00108 0.02992 0.03622 0.02295 0.01655 0.01468 0.04842 0.04369 0.02513 
1000.0 0.02846 0.02625 0.0184 0.03235 0.048 0.03331 0.01314 0.01495 0.01651 0.03151 0.00389 0.03947 0.03344 0.03326 0.02029 
1000.0 0.03326 0.01682 0.00407 0.00483 0.00798 0.0637 0.03117 0.00148 0.06716 0.04315 0.00221 0.05597 0.03277 0.05076 0.0713 
1000.0 0.17208 0.14148 0.14257 0.04979 0.07753 0.12168 0.10879 0.14742 0.11468 0.1431 0.08365 0.06715 0.08429 0.01716 0.06719 
1000.0 0.10101 0.18572 0.1179 0.25385 0.07784 0.19754 0.04857 0.26688 0.08241 0.23932 0.21238 0.08105 0.06482 0.19966 0.0609 
1000.0 0.01924 0.01669 0.00298 0.0088 0.00092 0.00883 0.02072 0.01969 0.01067 0.01184 0.02631 0.01269 0.0255 0.01672 0.01802 
1000.0 0.00957 0.00695 0.02739 0.03353 0.01825 0.0109 0.00656 0.00686 0.0373 0.02701 0.0238 0.0033 0.03602 0.00943 0.03056 
1000.0 0.03068 0.00521 0.02009 0.01048 0.0054 0.00849 0.02021 0.01926 0.01827 0.01516 0.02311 0.02844 0.01179 0.01725 0.01984 
1000.0 0.00214 0.02329 0.02952 0.0274 0.01877 0.02796 0.02709 0.02506 0.01239 0.02586 0.01748 0.00175 0.01974 0.00362 0.0126 
1000.0 0.00063 0.001 0.00322 0.00189 0.00275 0.0004 0.00092 0.00299 0.00242 0.00234 0.00166 0.00329 0.00172 0.00102 0.00211 
1000.0 0.00807 0.02994 0.02884 0.005 0.01648 0.02797 0.01833 0.03242 0.02716 0.01479 0.00369 0.0274 0.01706 0.02882 0.00793 
1000.0 0.01704 0.00445 0.01414 0.04114 0.01399 0.03875 0.00603 0.0298 0.00656 0.02653 0.0024 0.04145 0.01355 0.0374 0.04766 
1000.0 0.05062 0.04372 0.02147 0.03436 0.02933 0.03003 0.04408 0.01717 0.04245 0.01669 0.00413 0.01312 0.03132 0.00254 0.02945 
