1000.0 1000.0 1000.0 1000.0 1000.0 1000.0 1000.0 1000.0 1000.0 1000.0 1000.0 1000.0 1000.0 1000.0 1000.0 1000.0 
1000.0 0.00706 0.01277 0.0096 0.00495 0.00562 0.00072 0.013 0.01059 0.0023 0.00732 0.00858 0.0023 0.00931 0.01123 0.00488 
1000.0 0.11527 0.09707 0.10898 0.11256 0.1072 0.11765 0.07394 0.02792 0.05043 0.12705 0.04674 0.11395 0.11195 0.02177 0.13183 
1000.0 0.1683 0.1735 0.07753 0.02685 0.07349 0.0657 0.08776 0.09739 0.09825 0.04028 0.1538 0.04366 0.03167 0.14141 0.09868 
1000.0 0.03303 0.03808 0.02802 0.03824 0.01661 0.02293 0.00511 0.03376 0.02878 0.03507 0.0392 0.04061 0.00032 0.02542 0.00639 
1000.0 0.01886 0.00614 0.05771 0.09783 0.07671 0.07527 0.10647 0.08573 0.0597 0.05739 0.08925 0.09427 0.06 0.0223 0.04245 
1000.0 0.06269 0.06903 0.00152 0.00777 0.06101 0.02021 0.01869 0.01199 0.05077 0.03337 0.05946 0.02237 0.06132 0.03134 0.04955 
1000.0 0.0004 0.00293 0.00412 0.00126 0.00238 0.0028 0.00462 0.0052 0.00034 0.00675 4e-05 0.00503 0.00455 0.00334 0.00204 
1000.0 0.08388 0.0281 0.22077 0.02672 0.07664 0.05742 0.08234 0.04434 0.15224 0.10619 0.1569 0.07558 0.06732 0.09546 0.11224 
1000.0 0.00992 0.01305 0.02059 0.01009 0.02974 0.00553 0.00369 0.00799 0.01127 0.02863 0.0205 0.01782 0.0176 0.02622 0.01744 
1000.0 0.00901 0.0279 0.0261 0.03969 0.02169 0.01794 0.02969 0.0375 0.00861 0.03379 0.02135 0.04252 0.01235 0.0024 0.0399 
1000.0 0.31226 0.09505 0.37247 0.14521 0.3426 0.02206 0.10546 0.18525 0.18012 0.36224 0.34214 0.11206 0.33946 0.31086 0.10927 
1000.0 0.03587 0.05342 0.03669 0.05525 0.04216 0.03604 0.05642 0.05844 0.05583 0.00494 0.01051 0.02937 0.03406 0.05966 0.03143 
1000.0 0.00821 0.06973 0.089 0.08843 0.03284 0.03768 0.10727 0.03479 0.05065 0.02291 0.09588 0.04432 0.05862 0.00191 0.03001 
1000.0 0.04251 0.02716 0.09737 0.12433 0.13002 0.02902 0.11749 0.05596 0.02834 0.13324 0.11038 0.06884 0.03326 0.06427 0.02287 
1000.0 0.00804 0.02113 0.01591 0.02291 0.01709 0.00886 0.01927 0.01212 0.01766 0.00029 0.00195 0.02054 0.01212 0.01838 0.01376 
1000.0 0.01527 0.00411 0.02226 0.01198 0.0167 0.02351 0.01958 0.00088 0.00811 0.01254 0.00986 0.00873 0.0184 0.00023 0.00609 
1000.0 0.0273 0.01667 0.02316 0.02822 0.00024 0.01284 0.0109 0.00435 0.01236 0.00313 0.01201 0.00132 0.00278 0.02636 0.00053 
1000.0 0.01714 0.01132 0.01566 0.01141 0.00162 0.01276 0.01684 0.00675 0.016 0.02437 0.02414 0.02139 0.02366 0.02867 0.01173 
1000.0 0.05961 0.00101 0.02291 0.00738 0.02917 0.0372 0.03395 0.03923 0.01753 0.06129 0.02557 0.04753 0.02851 0.04505 0.04818 
1000.0 0.00217 0.01168 0.01169 0.01901 0.01397 0.02061 0.00424 0.02365 0.00266 0.02301 0.01085 0.01766 0.0156 0.00986 0.00059 
1000.0 0.00903 0.00125 0.01081 0.00948 0.00722 0.01069 0.01495 0.00629 0.01308 0.00031 0.00438 0.00478 0.00683 0.00776 0.00067 
1000.0 0.04831 0.01428 0.00783 0.00318 0.00108 0.02164 0.00543 0.02867 0.02577 0.01649 0.03922 0.02721 0.04008 0.02839 0.0131 
1000.0 0.00061 0.00152 0.00034 0.00014 0.0012 0.00012 0.00159 0.00114 0.00415 0.00393 0.00225 0.00357 0.00154 0.00012 0.00056 
1000.0 0.10621 0.00085 0.08724 0.00646 0.00969 0.00092 0.10452 0.02776 0.02133 0.02719 0.05035 0.00955 0.00816 0.05844 0.03415 
1000.0 0.0715 0.07303 0.00294 0.06656 0.0189 0.06672 0.1026 0.09657 0.00204 0.06062 0.03672 0.05623 0.0536 0.10594 0.04681 
1000.0 0.02377 0.01545 0.00138 0.03451 0.02126 0.00878 0.032 0.02731 0.02442 0.01734 0.02297 0.02497 0.02736 0.00808 0.01141 
1000.0 0.00239 0.01691 0.01199 0.0165 0.01908 0.00366 0.00128 0.01763 0.00073 0.01903 0.0161 0.01431 0.00309 0.01098 0.00616 
1000.0 0.00193 0.01006 0.00551 0.00788 0.00148 0.05167 0.03252 0.00803 0.01933 0.04157 0.04513 0.02255 0.05239 0.00578 0.03491 
1000.0 0.0114 0.00374 0.01679 0.02273 0.04366 0.01814 0.04525 0.04566 0.01543 0.00436 0.01677 0.01409 0.00058 0.03382 0.03765 
1000.0 0.01634 0.01073 0.01521 0.01592 0.01189 0.00661 0.01218 0.00314 0.01615 0.00299 0.01187 0.02065 0.00496 0.01728 0.00342 
1000.0 0.02548 0.00073 0.00574 0.02239 0.02225 0.02257 0.02651 0.02043 0.00888 0.01232 0.00376 0.02274 0.00877 0.02868 0.02127 
1000.0 0.00641 0.02002 0.01584 0.01897 0.03646 0.01091 0.01996 0.00815 0.004 0.0048 0.00959 0.02622 0.01589 0.01425 0.00599 
1000.0 0.00143 0.01341 0.00216 0.0043 0.00254 0.01243 0.00678 4e-05 0.00526 0.0021 0.004 0.00188 0.0042 0.00127 0.00825 
1000.0 0.00683 0.01657 0.00142 0.0068 0.02248 0.01422 0.01664 0.01151 0.01252 0.00083 0.01344 0.01491 0.0238 0.0013 0.002 
1000.0 0.01914 0.02329 0.00087 0.00839 0.04228 0.04807 0.04028 0.0127 0.04242 0.01837 0.02489 0.00855 0.0262 0.03617 0.02872 
1000.0 0.00728 0.03167 0.01836 0.02059 0.0226 0.01861 0.01515 0.04092 0.03268 0.04776 0.03416 0.00059 4e-05 0.01207 0.04772 
1000.0 0.20116 0.1131 0.18488 0.04167 0.04781 0.18091 0.21396 0.10149 0.1731 0.07967 0.14823 0.03239 0.09946 0.04798 0.00998 
1000.0 0.00162 0.00456 0.01329 0.00217 0.02188 0.00767 0.02078 0.01811 0.02753 0.00125 0.01037 0.02391 0.02365 0.02814 0.01332 
1000.0 0.04177 0.01798 0.04042 0.01013 0.04662 0.03947 0.05677 0.05848 0.0527 0.0385 0.03984 0.05308 0.01232 0.05409 0.00309 
1000.0 0.10384 0.08999 0.04967 0.07749 0.09309 0.00685 0.09927 0.08697 0.05364 0.05923 0.05497 0.05541 0.07585 0.0548 0.05105 
1000.0 0.0022 0.08197 0.08144 0.0478 0.05462 0.04184 0.04948 0.02405 0.01661 0.00441 0.03627 0.06195 0.01108 0.05362 0.00598 
1000.0 0.00113 0.00771 0.00304 0.00786 0.01096 0.01437 0.01284 0.01171 0.00373 0.0034 0.00858 0.00323 0.01189 0.01654 0.00279 
1000.0 0.01172 0.01708 0.01992 0.00022 0.01297 0.0139 0.02583 0.00464 0.00312 0.00727 0.01378 0.02511 0.01363 0.02614 0.00885 
1000.0 0.01172 0.01067 0.00589 0.01328 0.00426 0.00837 0.0015 0.0082 0.00721 0.01171 0.01258 0.00168 0.0137 0.0048 0.00164 
1000.0 0.06086 0.0373 0.01987 0.04009 0.01383 0.02425 0.01416 0.00673 0.05286 0.02263 0.01464 0.06541 0.01558 0.03584 0.0287 
1000.0 0.01803 0.00648 0.03686 0.02675 0.01603 0.00917 0.02369 0.01757 0.01669 0.02809 0.02665 0.02847 0.02292 0.03074 0.02324 
1000.0 0.00393 0.00046 0.00014 0.00826 0.00256 0.0004 0.00426 0.00608 0.00961 0.00637 0.01197 0.00326 0.00248 0.0026 0.01076 
1000.0 0.07872 0.03052 0.09174 0.02907 0.08386 0.06152 0.04099 0.10226 0.07958 0.08756 0.03962 0.04949 0.03601 0.03868 0.02288 
1000.0 0.01165 0.0085 0.0131 0.0233 0.02306 0.02981 0.00208 0.01178 0.02693 0.00437 0.01489 0.02175 0.00277 0.00437 0.02962 
1000.0 0.00401 0.00829 0.0084 0.01328 0.00284 0.01484 0.00492 0.00954 0.00226 0.00509 0.00017 0.01502 0.00545 0.00133 0.01406 
1000.0 0.02261 0.0067 0.01445 0.00614 0.01251 0.00412 0.00414 0.0079 0.00059 0.02042 0.02052 0.01868 0.012 0.00349 0.0097 
1000.0 0.09518 0.0267 0.05603 0.00265 0.03721 0.03573 0.05003 0.04817 0.06754 0.01272 0.06484 0.04283 0.01364 0.03312 0.04998 
1000.0 0.0076 0.01899 0.01424 0.01877 0.0209 0.02359 0.02202 0.02078 0.01137 0.00645 0.02289 0.02008 0.02167 0.00132 0.00989 
1000.0 0.00751 0.00771 0.01084 0.00055 0.00769 0.05848 0.0362 0.06131 0.05804 0.09556 0.00833 0.00805 0.07942 0.07562 0.03841 
1000.0 0.00538 0.00427 0.00484 0.00846 0.00195 0.01047 0.00072 0.00265 0.00025 0.00854 0.00882 0.00782 0.00143 0.01167 0.00222 
1000.0 0.02791 0.01176 0.06999 0.00897 0.07163 0.06202 0.05832 0.04037 0.03152 0.00206 0.04992 0.01211 0.05205 0.02953 0.00497 
1000.0 0.02188 0.00262 0.00076 0.01872 0.01165 0.00785 0.01959 0.0052 0.01112 0.01803 0.01324 0.02331 0.02076 0.01779 0.00237 
1000.0 0.00505 0.00856 0.00347 0.0002 0.00264 0.00072 0.00523 0.00655 0.00445 0.00688 0.00666 0.00684 0.00049 8e-05 0.00678 
1000.0 0.03441 0.02778 0.0036 0.04852 0.02078 0.03864 0.01968 0.03672 0.03222 0.01831 0.00409 0.01849 0.04951 0.04655 0.03018 
1000.0 0.037 0.04359 0.01911 0.08324 0.07965 0.02245 0.06506 0.03316 0.03949 0.0863 0.0246 0.05143 0.07886 0.08957 0.01395 
1000.0 0.01912 0.00793 0.01749 0.02678 0.01265 0.02144 0.0246 0.00161 0.00465 0.00261 0.01387 0.02738 0.0276 0.01586 0.00283 
1000.0 0.02594 0.00361 0.03159 0.01138 0.02328 0.00493 0.03899 0.04897 0.02403 0.04446 0.04058 0.04376 0.03537 0.01044 0.03988 
1000.0 0.1469 0.2117 0.00753 0.14397 0.01121 0.2057 0.13117 0.11777 0.1908 0.0384 0.07406 0.19057 0.14082 0.0543 0.16442 
1000.0 0.05007 0.03415 0.06985 0.03353 0.0719 0.0108 0.04088 0.02308 0.00973 0.07245 0.02017 0.00925 0.03555 0.0392 0.03877 
1000.0 0.02639 0.01798 0.02558 0.00801 0.03022 0.00329 0.02759 0.031 0.01397 0.01458 0.0066 0.01006 0.01123 0.02617 0.00711 
1000.0 0.06809 0.02586 0.05206 0.00191 0.07929 0.06768 0.01291 0.07851 0.04265 0.02671 0.10933 0.13841 0.04736 0.1153 0.03696 
1000.0 0.0071 0.02937 0.02285 0.02381 0.00033 0.01083 0.0299 0.04499 0.00595 0.0222 0.05163 0.03692 0.01143 0.00605 0.02112 
1000.0 0.00917 0.02126 0.04056 0.02075 0.01771 0.04089 0.032 0.03106 0.00555 0.02185 0.01012 0.03566 0.0403 0.01257 0.01448 
1000.0 0.02021 0.01609 0.03546 0.01893 0.01407 0.02716 0.00105 0.00402 0.03462 0.01793 0.02989 0.01116 0.02091 0.01253 0.01992 
1000.0 0.00036 0.00212 0.00266 0.00098 2e-05 0.00116 0.00157 0.00133 0.00489 0.0044 0.0029 0.00471 0.00539 0.00543 0.00532 
1000.0 0.05254 0.0566 0.03621 0.03612 0.0443 0.00412 0.00784 0.05031 0.03573 0.02806 0.02012 0.03768 0.01595 0.0104 0.00447 
1000.0 0.03642 0.05788 0.02331 0.00472 0.04197 0.02493 0.04083 0.069 0.05511 0.04989 0.02271 0.016 0.06828 0.06055 0.04045 
1000.0 0.0207 0.02559 0.0244 0.01602 0.01757 0.01394 0.01813 0.00819 0.00564 0.0048 0.00922 0.00608 0.01157 0.00231 0.01189 
1000.0 0.02658 0.03683 0.03157 0.03911 0.01896 0.01194 0.00349 0.03594 0.0396 0.00533 0.00966 0.0249 0.01655 0.04275 0.03942 
1000.0 0.16609 0.06052 0.20937 0.09407 0.15786 0.15803 0.12904 0.08947 0.05226 0.01877 0.16226 0.06939 0.1549 0.0787 0.1425 
1000.0 0.03697 0.02706 0.03575 0.05174 0.01796 0.02278 0.01409 0.03335 0.02682 0.0226 0.02048 0.01232 0.00767 0.04186 0.01698 
1000.0 0.03024 0.00534 0.01857 0.03926 0.01549 0.02426 0.00363 0.04175 0.01299 0.03778 0.00455 0.00539 0.03163 0.03199 0.00816 
1000.0 0.02063 0.01288 0.01089 0.02333 0.0103 0.01427 0.01278 0.01459 0.01263 0.01843 0.00783 0.00415 0.02067 0.00132 0.00116 
1000.0 0.00116 0.00897 0.00655 0.00268 0.0036 0.00201 0.00911 0.00591 0.00379 0.00317 0.00025 0.00186 0.0021 0.0018 0.00863 
1000.0 0.01753 0.01779 0.01981 0.02178 0.00415 0.01306 0.00752 0.01224 0.01664 0.01676 0.00222 0.01028 0.00961 0.00965 0.00944 
1000.0 0.01842 0.03756 0.01419 0.01026 0.04274 0.04015 0.01191 0.00941 0.03361 0.01914 0.01803 0.02171 0.04477 0.03728 0.0409 
1000.0 0.04456 0.05294 0.04335 0.00466 0.01947 0.01415 0.01198 0.0022 0.04519 0.05847 0.05356 0.00754 0.02674 0.01119 0.00168 
1000.0 0.03351 0.05798 0.04367 0.02051 0.01146 0.05162 0.0218 0.02868 0.03389 0.00194 0.02782 0.06157 0.03044 0.01043 0.03241 
1000.0 0.03571 0.1215 0.07796 0.07256 0.09484 0.0227 0.05686 0.11728 0.11743 0.07277 0.05285 0.01227 0.09847 0.10871 0.05098 
1000.0 0.016 0.00684 0.01057 0.01389 0.00052 0.00689 0.01604 0.0049 0.00315 0.02088 0.01465 0.00303 0.01839 0.01165 0.01634 
1000.0 0.0028 0.00555 0.00058 0.00723 0.00536 0.00719 0.00351 0.00457 0.00756 0.00526 0.00242 0.00796 0.00929 0.00843 3e-05 
1000.0 0.00722 0.00448 0.03032 0.03666 0.02965 0.02401 4e-05 0.03241 0.02204 0.01542 0.02561 0.04334 0.00791 0.00597 0.01791 
1000.0 0.05283 0.05259 0.0141 0.07165 0.01311 0.00948 0.06041 0.00847 0.02744 0.00671 0.02787 0.05717 0.07124 0.07144 0.00808 
1000.0 0.18581 0.12184 0.03468 0.00306 0.02637 0.14372 0.17046 0.1775 0.1954 0.15243 0.09301 0.08332 0.05281 0.17411 0.05809 
1000.0 0.00141 0.01124 0.03478 0.00039 0.0194 0.02629 0.02591 0.00051 0.0166 0.01535 0.01279 0.0098 0.01808 0.00873 0.01557 
1000.0 0.02779 0.04833 0.01172 0.04385 0.01547 0.07124 0.01228 0.06414 0.0675 0.02847 0.04342 0.01159 0.00958 0.0209 0.01632 
1000.0 0.0538 0.08899 0.04782 0.04011 0.02514 0.02953 0.004 0.0412 0.08219 0.03509 0.07171 0.03337 0.09703 0.00604 0.06054 
1000.0 0.01475 0.01774 0.00114 0.02373 0.0106 0.02217 0.00131 0.00047 0.0211 0.0078 0.01574 0.00437 0.01637 0.01468 0.02247 
1000.0 0.19864 0.04828 0.0916 0.01832 0.18012 0.05344 0.0326 0.17918 0.09676 0.19026 0.01131 0.13945 0.16186 0.12495 0.16768 
1000.0 0.03999 0.00467 0.04881 0.05346 0.04251 0.08115 0.06432 0.05792 0.05359 0.0561 0.08032 0.05219 0.00032 0.0817 0.08935 
1000.0 0.03185 0.01166 0.01121 0.01813 0.00305 0.00721 0.00868 0.01081 0.02588 0.02772 0.02199 0.03241 0.0183 0.03002 0.00385 
1000.0 0.05161 0.0479 0.03345 0.04721 0.00243 0.04665 0.00201 0.02787 0.04496 0.04386 0.04237 0.00937 0.02292 0.0306 0.0329 
1000.0 0.01373 0.00995 0.01289 0.01003 0.00081 0.01408 0.0027 0.00249 0.00248 0.01342 0.00709 0.01121 0.00974 0.0103 0.00927 
1000.0 0.0741 0.02228 0.06157 0.02194 0.088 0.0376 0.00295 0.00519 0.09298 0.08576 0.06747 0.01829 0.04951 0.09495 0.07822 
1000.0 0.04079 0.00918 0.00271 0.05503 0.01022 0.04037 0.03945 0.02166 0.01022 0.05783 0.05126 0.06087 0.04058 0.01955 0.01447 
1000.0 0.00222 0.01419 0.0137 0.00965 0.00476 0.01014 0.00651 0.00908 0.00825 0.00288 0.00816 0.00372 0.00026 0.00841 0.01407 
1000.0 0.02055 0.18827 0.17528 0.18881 0.015 0.10938 0.13829 0.104 0.12287 0.07132 0.16156 0.01317 0.03733 0.19448 0.01501 
1000.0 0.00816 0.00619 0.01058 0.0033 0.01043 0.00307 0.0111 0.00969 0.00805 0.00359 0.00364 0.00507 0.00972 0.00076 0.01123 
1000.0 0.0661 0.04299 0.1002 0.03517 0.0583 0.08074 0.02409 0.00554 0.07846 0.05019 0.04212 0.04725 0.04899 0.11621 0.0482 
1000.0 0.02348 0.0139 0.00304 0.00513 0.00619 0.0154 0.02377 0.00769 0.00035 0.02377 0.00456 0.0152 0.021 0.00599 0.01556 
1000.0 0.02279 0.0293 0.02502 0.03843 0.03931 0.00596 0.01259 0.00873 0.03496 0.0328 0.01478 0.02543 0.03676 0.0333 0.01896 
1000.0 0.03359 0.00678 0.02571 0.04403 0.04564 0.0451 0.03826 0.00253 0.02086 0.02167 0.01211 0.0329 0.01855 0.04601 0.02418 
1000.0 0.01419 0.01085 0.01133 0.01345 0.00457 0.00424 0.00604 0.0136 0.01327 0.00734 0.0012 0.00998 0.00643 0.00311 0.00662 
1000.0 0.02273 0.03966 0.01731 0.05447 0.05841 0.00608 0.01022 0.03001 0.01748 0.01657 0.05431 0.03734 0.00256 0.04186 0.00243 
1000.0 0.00332 0.00453 0.00353 0.00225 0.00308 0.00253 0.00489 0.00316 0.00557 0.00356 0.00282 0.00423 0.00023 0.00242 0.0012 
1000.0 0.00856 0.00285 0.00269 0.00246 0.01139 0.01378 0.00471 0.01671 0.00523 0.00862 0.0167 0.00087 0.00037 0.00107 0.01573 
1000.0 0.00545 0.05321 0.17076 0.04636 0.01005 0.05327 0.14772 0.01414 0.04937 0.03956 0.1516 0.11745 0.13193 0.09688 0.10679 
1000.0 0.00211 0.00691 0.00554 0.00757 0.00681 5e-05 0.00545 0.0063 0.00684 0.00212 0.00461 0.00837 0.00418 0.0049 0.00604 
1000.0 0.00373 0.01841 0.00603 0.01005 0.005 0.01406 0.01446 0.00176 0.00726 0.01611 0.00779 0.00594 0.00448 0.00501 0.00329 
1000.0 0.01128 0.00298 0.00277 0.0071 0.00744 0.01025 0.00908 0.00475 0.00315 0.01052 0.00262 0.00216 0.00272 0.00621 0.00414 
1000.0 0.08803 0.09601 0.03698 0.05689 0.06327 0.03718 0.06654 0.05068 0.09646 0.0563 0.03358 0.04817 0.01308 0.08477 0.10311 
1000.0 0.08328 0.01973 0.17529 0.01757 0.1695 0.07618 0.11076 0.16059 0.07649 0.15856 0.01447 0.02244 0.10646 0.14406 0.06327 
1000.0 0.04852 0.00513 0.0141 0.04445 0.05818 0.03825 0.02781 0.05539 0.07084 0.06748 0.04714 0.07872 0.00214 0.04632 0.09167 
1000.0 0.00397 0.03535 0.01835 0.08321 0.00805 0.04226 0.01988 0.06514 0.02577 0.00321 0.07484 0.0638 0.08938 0.03752 0.07621 
1000.0 0.0155 0.01001 0.04339 0.01215 0.03343 0.01188 0.0379 0.02962 0.00745 0.01659 0.04327 0.03381 0.04568 0.03527 0.03527 
1000.0 0.02897 0.01632 0.02989 0.01563 0.03811 0.04698 0.01533 0.01086 0.01029 0.04731 0.01393 0.02222 0.01672 0.019 0.01797 
1000.0 0.00362 0.00968 0.0205 0.01613 0.00852 0.02085 0.02242 0.01529 0.00627 0.02025 0.01913 0.02061 0.01997 0.00558 0.02264 
1000.0 0.01454 0.01454 0.01475 0.01053 0.00716 0.01249 0.00328 0.01385 0.00778 0.00241 0.00905 0.00098 0.00224 0.00992 0.00669 
1000.0 0.02719 0.03875 0.00549 0.04196 0.0382 0.04219 0.03762 0.00512 0.02871 0.04096 0.0297 0.01337 0.03621 0.01218 0.01895 
1000.0 0.20105 0.02855 0.0202 0.18349 0.03083 0.02382 0.07479 0.02292 0.10792 0.20915 0.02529 0.11696 0.17665 0.14389 0.14853 
1000.0 0.0007 0.00828 0.00555 0.00279 0.0027 0.00031 0.00315 0.0086 0.00649 0.01214 0.00772 0.01227 0.00881 0.00288 0.01054 
1000.0 0.01362 0.0101 0.00119 0.00642 0.00486 0.01227 0.00617 0.01188 0.00532 0.01335 0.00855 0.0128 0.00818 0.00584 0.00633 
1000.0 0.00197 0.00636 0.00139 0.00633 0.00223 0.00148 0.00028 0.00362 0.00528 0.00036 0.00516 0.00317 0.00368 0.00161 0.0027 
1000.0 0.00244 0.02758 0.03632 0.03101 0.01716 0.01823 0.03686 0.01606 0.01583 0.0398 0.04171 0.04487 0.00282 0.04011 0.0373 
1000.0 0.027 0.06902 0.08506 0.08035 0.04743 0.01141 0.08915 0.0191 0.06512 0.0112 0.06413 0.07379 0.08122 0.07947 0.05633 
1000.0 0.00861 0.00096 0.0029 0.00873 0.00932 0.00337 0.01045 0.00507 0.01142 0.00347 0.01005 0.00882 0.00277 0.00778 0.00164 
1000.0 9e-05 0.00331 0.00706 0.00099 0.00025 0.00327 0.0089 0.00693 0.0064 0.00608 0.00587 0.01027 1e-05 0.009 0.00011 
1000.0 0.00525 0.00103 0.00299 0.01066 0.00886 0.01051 0.00067 0.00988 0.003 0.00371 0.00137 0.01101 0.00266 0.00899 0.01119 
1000.0 0.00172 0.00771 0.00704 0.01098 0.00612 0.00364 0.01128 0.00345 0.00118 0.00255 0.00318 0.00546 0.00136 0.00332 0.01188 
1000.0 0.0127 0.00998 0.01903 0.00888 0.00876 0.0016 0.00293 0.01841 0.00923 0.01221 0.01457 0.01921 0.01845 0.01714 0.01065 
1000.0 0.06083 0.07903 0.04766 0.00827 0.00168 0.07249 0.05181 0.05216 0.05645 0.02929 0.01353 0.08136 0.02703 0.08319 0.05548 
1000.0 0.03248 0.02664 0.00124 0.0403 0.01286 0.03368 0.01295 0.02156 0.0222 0.01306 0.01457 0.00774 0.00509 0.00905 0.03012 
1000.0 0.0187 0.00149 0.00368 0.01481 0.04959 0.00286 0.0143 0.03893 0.02129 0.0347 0.02621 0.04259 0.04533 0.02388 0.01783 
1000.0 0.00082 0.03301 0.01534 0.00934 0.02293 0.02005 0.0156 0.01518 0.01091 0.03404 0.02282 0.00167 0.03033 0.01737 0.00407 
1000.0 0.01852 0.01393 0.02986 0.03839 0.02886 0.05878 0.02183 0.00839 0.04875 0.01816 0.0161 0.0454 0.0375 0.0502 0.05386 
1000.0 0.0064 0.15825 0.00557 0.1434 0.11528 0.14605 0.04146 0.09529 0.08171 0.13312 0.06599 0.07047 0.0172 0.07304 0.1281 
1000.0 0.05899 0.13549 0.08201 0.06151 0.241 0.20383 0.13706 0.20006 0.26256 0.25602 0.07078 0.13846 0.00901 0.26639 0.16157 
1000.0 0.02959 0.02527 0.00695 0.0172 0.0079 0.01974 0.028 0.00032 0.01701 0.02771 0.02518 0.02155 0.00912 0.02969 0.0123 
1000.0 0.01227 0.03285 0.04021 0.02607 0.0359 0.00429 0.02314 0.01637 0.03805 0.01679 0.04244 0.01292 0.02555 0.01294 0.01961 
1000.0 0.00488 0.01044 0.00986 0.00269 0.00098 0.02576 0.02297 0.0041 0.0079 0.00127 0.01285 0.02034 0.03237 0.03048 0.00558 
1000.0 0.01127 0.02958 0.00353 0.00266 0.02395 0.0136 0.02026 0.01541 0.01202 0.00276 0.02013 0.00957 0.01381 0.00741 0.0198 
1000.0 0.00271 0.00084 0.00072 0.00215 0.00222 0.00182 0.00185 0.00333 0.00338 0.00272 0.00154 0.00196 0.00232 0.00138 0.00325 
1000.0 0.02785 0.01591 0.01551 0.03043 0.00652 0.00671 0.03121 0.01438 0.0269 0.02726 0.0321 0.00512 0.02178 0.01693 0.00875 
1000.0 0.01047 0.04778 0.03725 0.02442 0.0101 0.04722 0.00906 0.02687 0.02322 0.00804 0.04798 0.01863 0.04662 0.03586 0.01053 
1000.0 0.00659 0.03856 0.01861 0.00056 0.01861 0.05131 0.04424 0.00242 0.05153 0.00697 0.04722 0.0271 0.04158 0.00378 0.03552 
