1000.0 1000.0 1000.0 1000.0 1000.0 1000.0 1000.0 1000.0 1000.0 1000.0 1000.0 1000.0 1000.0 1000.0 1000.0 1000.0 
1000.0 0.00301 0.00892 0.00318 0.00815 0.00848 0.0075 0.00131 0.01488 0.00029 0.01373 0.00378 0.00374 0.00582 0.0003 0.01174 
1000.0 0.02562 0.07363 0.06957 0.11508 0.02003 0.09541 0.04715 0.04974 0.13098 0.04355 0.10316 0.05713 0.01848 0.11636 0.10815 
1000.0 0.19058 0.00174 0.04092 0.0766 0.06697 0.16604 0.01393 0.16584 0.01827 0.10728 0.07061 0.05595 0.10036 0.01514 0.07663 
1000.0 0.01396 0.00039 0.01841 0.01129 0.01322 0.01529 0.03591 0.02301 0.00514 0.01589 0.03598 0.03291 0.01577 0.01977 0.04173 
1000.0 0.07301 0.10549 0.0372 0.00107 0.03907 0.03932 0.0752 0.05108 0.0097 0.01853 0.09464 0.07273 0.00533 0.00208 0.02716 
1000.0 0.05105 0.06289 0.03519 0.0303 0.04512 0.04568 0.01781 0.03241 0.03531 0.01857 0.00729 0.06618 0.00376 0.01522 0.04675 
1000.0 0.00663 0.00351 0.0049 0.00048 0.0055 0.00235 0.00361 0.00318 0.00614 0.00212 0.00564 0.00277 0.00323 0.00433 0.00432 
1000.0 0.07582 0.22809 0.17385 0.16948 0.07371 0.03573 0.08052 0.15785 0.18538 0.13022 0.18843 0.1797 0.09707 0.10921 0.18538 
1000.0 0.00576 0.02981 0.00063 0.00952 0.0267 0.00739 0.02713 0.00012 0.0292 0.01223 0.02636 0.01752 0.01827 0.02869 0.01612 
1000.0 0.0478 0.01658 0.04137 0.02229 0.01127 0.03082 0.02923 0.01643 0.03778 0.02218 0.04558 0.04155 0.01206 0.03116 0.03368 
1000.0 0.20066 0.28334 0.04698 0.27927 0.42272 0.3866 0.00619 0.35971 0.27857 0.24795 0.14942 0.46644 0.41147 0.4334 0.37164 
1000.0 0.05247 0.02815 0.00712 0.0258 0.05488 0.01417 0.00774 0.01428 0.04844 0.02917 0.05915 0.04294 0.01978 0.05977 0.01012 
1000.0 0.01842 0.07744 0.05371 0.04751 0.08737 0.01409 0.07212 0.06888 0.07253 0.07984 0.07846 0.04996 0.05693 0.01566 0.01909 
1000.0 0.14703 0.02031 0.12196 0.07936 0.00119 0.06606 0.13833 0.0203 0.03787 0.07874 0.11685 0.14472 0.04232 0.11936 0.09404 
1000.0 0.01258 0.01469 0.00516 0.02335 0.00493 0.00794 0.01012 0.00444 0.01984 0.00307 0.00305 0.00218 0.0148 0.01721 0.00762 
1000.0 0.0054 0.02134 0.01006 0.02082 0.01286 0.01163 0.00255 0.00869 0.00057 0.01763 0.0004 0.00891 0.02399 0.01636 0.02135 
1000.0 0.02694 0.02199 0.01897 0.0355 0.03518 0.00322 0.00926 0.01723 0.03538 0.01073 0.02258 0.02055 0.03472 0.00539 0.01754 
1000.0 0.02645 0.02266 0.00787 0.00683 0.02363 0.01921 0.02826 0.00305 0.02359 0.02223 0.01883 0.02092 0.02236 0.02403 0.01315 
1000.0 0.02266 0.04894 0.00266 0.05957 0.05255 0.04074 0.04839 0.06126 0.04787 0.00902 0.002 0.00158 0.0593 0.03704 0.05777 
1000.0 0.01126 0.01913 0.01444 0.01334 0.01672 0.00968 0.01122 0.00302 0.00768 0.02059 0.00327 0.0121 0.01459 0.01336 0.01975 
1000.0 0.01261 0.00034 0.00672 0.00144 0.00063 0.00166 0.00992 0.01108 0.00954 0.01071 0.00648 0.00116 0.00961 0.00507 0.01081 
1000.0 0.01453 0.01611 0.01693 0.04933 0.01288 0.01366 0.04638 0.04416 0.03586 0.04783 0.04184 0.03807 0.02448 0.04941 0.00656 
1000.0 0.00318 0.00417 0.00354 0.00355 0.00364 4e-05 0.00227 0.00049 0.00391 0.002 0.00035 0.00339 0.00089 0.0024 0.00154 
1000.0 0.01018 0.03298 0.09978 0.0263 0.00324 0.04197 0.09464 0.01766 0.00049 0.04577 0.00133 0.09058 0.09209 0.05445 0.0266 
1000.0 0.04504 0.04765 0.02396 0.05591 0.00428 0.04468 0.00392 0.00289 0.05601 0.04515 0.08957 0.01056 0.02966 0.09965 0.03788 
1000.0 0.02654 0.02412 0.01928 0.00158 0.02891 0.007 0.00059 0.01772 0.02183 0.01635 0.00856 0.03196 0.0144 0.01172 0.01146 
1000.0 0.01659 0.01826 0.00251 0.00253 0.00809 0.00912 0.01983 0.02154 0.01604 0.01687 0.00731 0.00161 0.01031 0.00246 0.00313 
1000.0 0.04754 0.03282 0.01706 0.05153 0.02624 0.04354 0.03749 0.02823 0.04919 0.03554 0.03393 0.03122 0.03287 0.02052 0.01209 
1000.0 0.04193 0.0424 0.04486 0.0287 0.04417 0.03381 0.04928 0.03574 0.00857 0.01186 0.00259 0.01949 0.01043 0.03016 0.01557 
1000.0 0.01819 0.01757 0.00103 0.01338 0.01286 0.00911 0.00592 0.01484 0.02093 0.00263 0.00604 0.0198 0.0147 0.00371 0.01639 
1000.0 0.0177 0.01851 0.00126 0.02899 0.00194 0.02365 0.01245 0.02643 0.02477 0.00765 0.01165 0.00675 0.01823 0.00907 0.00561 
1000.0 0.00809 0.03179 0.03561 0.03589 0.03565 0.00353 0.03469 0.03392 0.02845 0.01188 0.03636 0.00897 0.00311 0.0031 0.01825 
1000.0 0.01577 0.00943 0.00427 0.01255 0.01126 0.01126 0.01444 0.00902 0.01506 0.00572 0.00795 0.01385 0.00829 0.00468 0.01264 
1000.0 0.01399 0.01911 0.00672 0.01448 0.02061 0.01358 0.01249 0.00128 0.01217 0.01237 0.01369 0.01909 0.01678 0.00582 0.02369 
1000.0 0.02837 0.04857 0.0217 0.02701 0.04804 0.04507 0.03893 0.02354 0.0407 0.04512 0.04281 0.03964 0.00573 0.04735 0.0437 
1000.0 0.03408 0.00256 0.02249 0.01947 0.02408 0.03115 0.01671 0.04776 0.00762 0.03643 0.04687 0.04765 0.03926 0.02032 0.04242 
1000.0 0.19244 0.12555 0.20799 0.02559 0.18084 0.18067 0.11855 0.07996 0.16631 0.08163 0.16525 0.1409 0.04426 0.13423 0.11778 
1000.0 0.0291 0.0192 0.00535 0.00617 0.002 0.01349 0.01495 0.00885 0.00031 0.02014 0.02047 0.02896 0.00233 0.0044 0.02029 
1000.0 0.03065 0.0313 0.03236 0.01679 0.05261 0.00735 0.05032 0.02932 0.01394 0.04573 0.02429 0.05181 0.04114 0.01095 0.03735 
1000.0 0.05063 0.07736 0.05375 0.09285 0.08299 0.09812 0.10199 0.10253 0.0333 0.04832 0.03637 0.01895 0.07277 0.03977 0.08283 
1000.0 0.03759 0.05169 0.06385 0.01941 0.03022 0.06473 0.03062 0.08817 0.01308 0.06265 0.04725 0.02112 0.04647 0.02493 0.0853 
1000.0 0.00521 0.0074 0.00485 0.00561 0.01071 0.00509 0.00672 0.01556 0.01554 0.01083 0.01375 0.0054 0.01538 0.00211 0.00779 
1000.0 0.01148 0.02677 0.02053 0.02135 0.00018 0.02329 0.01152 0.01834 0.00758 0.01231 0.00868 0.00792 0.00613 0.00045 0.02653 
1000.0 0.00044 0.01269 0.01156 0.00622 0.01094 0.00464 0.01512 0.01458 0.00611 0.00552 0.01486 0.00066 0.00762 0.00372 0.01291 
1000.0 0.03873 0.03216 0.02764 0.06106 0.00526 0.038 0.00315 0.02536 0.00084 0.06498 0.01584 0.05514 0.06834 0.02036 0.06864 
1000.0 0.02026 0.03349 0.01036 0.0295 0.02528 0.01493 0.02139 0.02802 0.01207 0.01935 0.00983 0.0078 0.00299 0.00462 0.0288 
1000.0 0.0054 0.01257 0.00787 0.00692 0.00897 0.01074 0.0118 0.01007 0.0063 0.00745 0.01461 0.00308 0.0123 0.0062 0.00433 
1000.0 0.09424 0.04031 0.0671 0.06694 0.10536 0.02502 0.04641 0.07904 0.03777 0.10589 0.09061 0.09651 0.02592 0.09187 0.05213 
1000.0 0.00183 0.0085 0.03279 0.00917 0.01249 0.02355 0.01309 0.00105 0.03349 0.00013 0.02752 0.00086 0.00489 0.00286 0.03302 
1000.0 0.01393 0.00525 0.01558 0.0014 0.00086 0.00023 0.011 0.01285 0.00439 0.01121 0.01096 0.01401 0.00807 0.0131 0.00138 
1000.0 0.01941 0.0213 0.00815 0.00769 0.00054 0.02029 0.01891 0.02163 0.00246 0.00755 0.01939 0.00135 0.00181 0.0179 0.00563 
1000.0 0.04723 0.04081 0.07735 0.07057 0.01919 0.07827 0.09259 0.03899 0.0337 0.01502 0.05845 0.0395 0.00672 0.05599 0.08103 
1000.0 0.01394 0.00286 0.00412 0.00618 0.00936 0.01154 0.0016 0.00913 0.02151 0.01329 0.01331 0.00839 0.00453 0.0202 0.00335 
1000.0 0.0699 0.09621 0.05458 0.0399 0.08607 0.09612 0.01736 0.00925 0.06884 0.04503 0.03897 0.05836 0.04494 0.02169 0.10352 
1000.0 0.01103 0.00687 0.00548 0.0034 0.00539 0.00639 0.00013 0.00224 0.00946 0.00179 0.00665 0.00767 0.00559 0.00913 0.00994 
1000.0 0.04879 0.04653 0.00777 0.06371 0.04183 0.00388 0.02096 0.00303 0.0668 0.05593 0.00637 0.02382 0.06549 0.04576 0.04306 
1000.0 0.00251 0.01265 0.01089 0.01883 0.0133 0.01506 0.01664 0.01376 0.0053 0.01659 0.00175 0.02148 0.01033 0.01809 0.0078 
1000.0 0.00917 0.00895 0.00389 0.00338 0.00216 0.00835 0.00176 0.0001 0.00455 0.00374 0.00109 0.00323 0.00782 0.0002 0.00495 
1000.0 0.04935 0.04769 0.01437 0.02907 0.03174 0.02969 0.01173 0.03479 0.02453 0.03554 0.04295 0.02668 0.02192 0.00639 0.01446 
1000.0 0.03995 0.04517 0.04867 0.01474 0.00616 0.089 0.06764 0.00237 0.064 0.0283 0.08395 0.0864 0.01701 0.06208 0.00967 
1000.0 0.02296 0.00277 0.00467 0.00287 0.00972 0.02867 0.02869 0.00737 0.02842 0.00209 0.0031 0.00735 0.03399 0.02637 0.00697 
1000.0 0.03785 0.0068 0.00191 0.05223 0.02479 0.04567 0.01268 0.05636 0.02793 0.00815 0.05549 0.05739 0.0097 0.03628 0.03727 
1000.0 0.20409 0.04988 0.13136 0.01324 0.19656 0.16052 0.0449 0.13477 0.005 0.01502 0.05652 0.14241 0.19426 0.16236 0.11487 
1000.0 0.04808 0.0371 0.07463 0.02733 0.05115 0.06021 0.03673 0.02948 0.03187 0.0712 0.06368 0.04901 0.03442 0.04005 0.07098 
1000.0 0.02983 0.01833 0.02296 0.03138 0.01176 0.01107 0.01158 0.01842 0.01204 0.00908 0.03144 0.02738 0.01716 0.03043 0.01208 
1000.0 0.1363 0.11696 0.00437 0.08522 0.08141 0.05337 0.12155 0.10527 0.12439 0.00132 0.07179 0.12617 0.01962 0.00958 0.1156 
1000.0 0.01325 0.04521 0.01454 0.04509 0.01967 0.04255 0.05268 0.03743 0.05093 0.00327 0.02835 0.05094 0.01902 0.03092 0.02834 
1000.0 0.03332 0.02308 0.02464 0.022 0.02959 0.04208 0.03859 0.04065 0.01062 0.02307 0.03155 0.02784 0.02009 0.01436 0.00286 
1000.0 0.00177 0.03162 0.00286 0.04092 0.04017 0.03282 0.01404 0.00138 0.01904 0.01606 0.00499 0.02812 0.01647 0.00685 0.02324 
1000.0 0.00027 0.00449 0.00264 0.00198 0.00354 0.00593 0.00098 0.0035 0.00036 0.00316 0.00202 0.00562 0.00356 0.00247 0.00545 
1000.0 0.0104 0.04253 0.05503 0.04945 0.05186 0.05504 0.0357 0.02511 0.01939 0.02834 0.03846 0.02318 0.03924 0.04263 0.03981 
1000.0 0.03715 0.0306 0.00078 0.06857 0.01255 0.03087 0.03563 0.00889 0.06682 0.04141 0.04597 0.04986 0.0663 0.03638 0.02159 
1000.0 0.01245 0.0244 0.01749 0.00574 0.02435 0.00039 0.01027 0.00109 0.02643 0.02635 0.00493 0.01357 0.00187 0.01835 0.01354 
1000.0 0.04797 0.00299 0.01736 0.02685 0.02936 0.01776 0.00113 0.03056 0.03313 0.04778 0.04396 0.02236 0.0289 0.02447 0.02341 
1000.0 0.1179 0.09056 0.1939 0.00738 0.09456 0.17023 0.05316 0.14632 0.13078 0.09021 0.05512 0.00156 0.05458 0.14659 0.105 
1000.0 0.01698 0.0037 0.04157 0.0363 0.03416 0.00331 0.01846 0.00042 0.03743 0.04905 0.05211 0.01343 0.01505 0.0103 0.00822 
1000.0 0.04194 0.02814 0.0186 0.01907 0.01102 0.02196 0.01001 0.04206 0.03891 0.00669 0.01255 0.01411 0.02743 0.04241 0.01015 
1000.0 0.02319 0.01142 0.00527 0.01347 0.01155 0.00245 0.00678 0.01333 0.00056 0.00777 0.01812 0.00183 0.01179 0.0194 0.00043 
1000.0 0.00753 0.00524 0.00365 0.00671 0.00469 0.0054 0.00071 0.00486 0.00892 0.00321 0.00891 0.00339 0.00851 0.00887 0.00297 
1000.0 0.01862 0.01246 0.00314 0.01251 0.01726 0.01986 0.02284 0.01797 0.02246 0.01844 0.01368 0.02078 0.001 0.02025 0.01106 
1000.0 0.00097 0.03717 0.02092 0.04507 0.01587 0.00832 0.03635 0.04635 0.02783 0.02658 0.03125 0.03482 0.02607 0.0233 0.04066 
1000.0 0.03632 0.01078 0.05344 0.04041 0.02389 0.01487 0.05683 0.00581 0.06631 0.01766 0.03626 0.00134 0.03972 0.04221 0.01777 
1000.0 0.02303 0.02676 0.01072 0.05927 0.02156 0.04071 0.03925 0.05382 0.05635 0.02173 0.03702 0.02496 0.061 0.04361 0.01399 
1000.0 0.06044 0.10578 0.12431 0.066 0.09126 0.10466 0.09768 0.11463 0.08937 0.01147 0.11521 0.11377 0.03794 0.05404 0.06581 
1000.0 0.01714 0.01894 0.01077 0.02075 0.0035 0.01051 0.01782 0.02326 0.02253 0.01012 0.01689 0.0212 0.01575 0.00753 0.01219 
1000.0 0.00217 0.00459 0.00727 0.00422 0.00599 0.00534 0.00471 0.0093 0.00227 0.00282 0.00734 0.00196 0.00546 0.00114 0.00807 
1000.0 0.01877 0.02732 0.0102 0.01866 0.00851 0.0339 0.02562 0.02894 0.0278 0.02785 0.03927 0.03413 0.02421 0.02245 0.02002 
1000.0 0.02306 0.00724 0.0166 0.00117 0.02208 0.06325 0.06017 0.05736 0.03536 0.03891 0.01925 0.06752 0.04232 0.04026 0.01635 
1000.0 0.13723 0.02116 0.16138 0.15844 0.07822 0.09576 0.04755 0.04641 0.00855 0.02143 0.10335 0.0731 0.09544 0.02287 0.02854 
1000.0 0.02054 0.01083 0.03121 0.03465 0.01799 0.00911 0.01976 0.02532 0.03217 0.00896 0.00163 0.02248 0.01775 0.03291 9e-05 
1000.0 0.02156 0.06126 0.02071 0.02836 0.05362 0.06309 0.05379 0.0641 0.03553 0.02271 0.03641 0.02482 0.06167 0.00537 0.00976 
1000.0 0.03459 0.09454 0.00356 0.08043 0.07297 0.00786 0.03996 0.08806 0.03522 0.03199 0.08955 0.06451 0.00113 0.07591 0.008 
1000.0 0.00508 0.0125 0.01979 0.00539 0.00479 0.02247 0.0083 0.00526 0.02325 0.00634 0.01714 0.02167 0.00454 0.00581 0.0046 
1000.0 0.03043 0.13765 0.05152 0.06593 0.05248 0.11318 0.03418 0.20593 0.13448 0.2109 0.18812 0.12027 0.07427 0.17206 0.20485 
1000.0 0.04779 0.07725 0.09226 0.02004 0.07957 0.03783 0.02847 0.05455 0.06865 0.06146 0.06618 0.10492 0.03574 0.01908 0.07285 
1000.0 0.03104 0.03438 0.01979 0.009 0.0137 0.0232 0.00453 0.00886 0.03381 0.03277 0.02143 0.01664 0.02828 0.0321 0.0014 
1000.0 0.00996 0.03231 0.02382 0.04321 0.01096 0.03566 0.02956 0.04569 0.02068 0.02135 0.02967 0.04354 0.00734 0.00161 0.02481 
1000.0 0.00474 0.00012 0.01145 0.01243 0.0038 0.00704 0.01234 0.00686 0.01086 0.0102 0.00127 0.01275 0.00297 0.01167 0.00583 
1000.0 0.09023 0.00738 0.00085 0.02351 0.08435 0.02256 0.07901 0.02902 0.05178 0.0057 0.03204 0.06023 0.03684 0.05366 0.01209 
1000.0 0.0034 0.01685 0.03211 0.05158 0.06046 0.026 0.03193 0.03487 0.02797 0.03139 0.05033 0.01512 0.01337 0.05952 0.02889 
1000.0 0.01111 0.00265 0.00265 0.00732 0.00475 0.00795 0.00497 0.01014 0.01034 0.01385 0.0023 0.00073 0.01315 0.00263 0.00151 
1000.0 0.1889 0.02211 0.16916 0.01754 0.18026 0.09915 0.04332 0.11255 0.09683 0.00066 0.19556 0.20514 0.13251 0.14319 0.11837 
1000.0 0.00747 0.01088 0.00013 0.00825 0.01133 3e-05 0.00988 0.00175 0.00096 0.00487 0.00356 0.00833 0.00399 0.00616 0.00616 
1000.0 0.03807 0.07254 0.01242 0.10183 0.00434 0.1215 0.08223 0.07056 0.00084 0.05579 0.01963 0.02281 0.0064 0.07006 0.04726 
1000.0 0.00143 0.00099 0.00987 0.0072 0.00276 0.01772 0.00787 0.01257 0.0225 0.02018 0.01998 0.00247 0.00055 0.02175 0.00986 
1000.0 0.00844 0.00616 0.03942 0.00366 0.02928 0.00312 0.0148 0.01405 0.03313 0.0208 0.03473 0.01711 0.01751 0.01173 0.00305 
1000.0 0.0437 0.04603 0.03518 0.01064 0.013 0.03968 0.03926 0.01432 0.04767 0.03852 0.02076 0.04631 0.00282 0.04789 0.02009 
1000.0 0.00061 0.01045 0.0077 0.00705 0.01213 0.00212 0.00148 0.00859 0.01374 0.0142 0.00619 0.01114 0.01012 0.00638 0.00957 
1000.0 0.0093 0.03601 0.01253 0.03798 0.00177 0.00177 0.00946 0.05793 0.03724 0.0459 0.01053 0.01757 0.05164 0.01797 0.0556 
1000.0 0.00101 0.0008 0.00304 0.00451 0.00551 0.00509 0.00534 0.00296 0.00328 0.0041 0.00384 0.00421 0.00406 0.0028 0.00304 
1000.0 0.00406 0.00216 0.01767 0.01188 0.01063 0.01689 0.003 0.00201 0.00135 0.00949 0.00296 0.00426 0.00323 0.01494 0.01692 
1000.0 0.10741 0.07414 0.04862 0.14358 0.05236 0.02813 0.03507 0.12698 0.15386 0.0806 0.10186 0.1278 0.08724 0.07808 0.09463 
1000.0 0.00513 0.00713 0.00847 0.00026 0.00788 0.00664 0.00049 0.00318 0.006 0.00442 0.00857 0.00537 0.00035 0.00247 0.00238 
1000.0 0.02396 0.01123 0.00992 0.00622 0.01039 0.01112 0.00916 7e-05 0.01858 0.01921 0.00943 0.017 0.0117 0.02253 0.01957 
1000.0 0.01038 0.00527 0.00431 0.01171 0.01066 0.00843 0.00114 0.01028 0.00498 0.00616 0.00983 0.0044 0.00595 0.00734 0.00373 
1000.0 0.09037 0.01438 0.08465 0.03678 0.08167 0.01705 0.08094 0.05409 0.09447 0.05664 0.10237 0.01105 0.04836 0.02825 0.02014 
1000.0 0.0409 0.19608 0.12423 0.04852 0.00308 0.15266 0.07586 0.18374 0.07233 0.04181 0.19841 0.09405 0.0766 0.09985 0.12688 
1000.0 0.0005 0.00303 0.03454 0.08301 0.08215 0.03948 0.06596 0.0664 0.05657 0.00023 0.00805 0.04322 0.02291 0.01256 0.065 
1000.0 0.02636 0.09312 0.09054 0.03342 0.03948 0.05135 0.04706 0.02686 0.03604 0.00332 0.0106 0.05973 0.05998 0.0585 0.06523 
1000.0 0.02261 0.01239 0.00959 0.00787 0.03706 0.00649 0.01255 0.04583 0.03768 0.02317 0.02869 0.03508 0.00226 0.03015 0.03878 
1000.0 0.01827 0.02379 0.00418 0.03255 0.04464 0.00544 0.01417 0.0449 0.00842 0.01007 0.02437 0.0433 0.04453 0.03683 0.0243 
1000.0 0.0114 0.02106 0.00844 0.01511 0.00114 0.00662 0.0234 0.0273 0.0198 0.01409 0.01008 0.00359 0.02826 0.01994 0.00952 
1000.0 0.00838 0.01285 0.00457 0.00483 0.00072 0.01207 0.00511 0.01392 0.00482 0.01452 0.01489 0.00075 0.01262 0.01205 0.01035 
1000.0 0.03239 0.00118 0.03342 0.01879 0.01016 0.03358 0.0112 0.01842 0.00777 0.01178 0.00503 0.0314 0.00909 0.01702 0.00207 
1000.0 0.01852 0.00795 0.17085 0.05587 0.17331 0.04435 0.19827 0.01494 0.19567 0.02302 0.08302 0.08223 0.06532 0.00631 0.05161 
1000.0 0.00823 0.00235 0.00027 0.00434 0.00705 0.01314 0.01162 0.00835 0.00711 0.00218 0.00341 0.00182 0.00895 0.0016 0.01247 
1000.0 0.00486 0.00112 0.01603 0.01715 0.00532 0.01692 0.00115 0.00835 0.00534 0.00377 0.00783 0.01722 0.00717 0.00428 0.01561 
1000.0 0.00065 0.00163 0.00125 0.00254 0.0013 0.00552 0.00563 0.00351 0.00562 0.00109 0.00194 0.00588 0.0004 0.003 0.00629 
1000.0 0.03121 0.04699 0.00417 0.04139 0.00554 0.00872 0.04171 0.03922 0.02297 0.02833 0.04404 0.02572 0.00281 0.0352 0.01776 
1000.0 0.01513 0.05147 0.02009 0.05467 0.06811 0.00317 0.00033 0.02187 0.05532 0.09943 0.05972 0.10151 0.04509 0.02516 0.05779 
1000.0 0.01078 0.01021 0.00259 0.0014 0.00056 0.00665 0.00433 0.00098 4e-05 0.0103 0.00195 0.0075 0.00173 0.00658 0.00137 
1000.0 0.00564 0.00181 0.00609 0.00667 0.00455 0.0062 0.00766 0.00544 0.01075 0.00332 0.00541 0.00412 0.00703 0.00104 0.00649 
1000.0 0.00444 0.00247 0.0103 0.00616 0.00117 0.00484 0.0011 0.01164 0.01121 0.0119 0.0064 0.00173 0.00241 0.01056 0.00889 
1000.0 0.00246 0.01089 0.00091 0.0064 0.01009 0.00489 0.0113 0.01124 0.01065 0.00636 0.00599 0.0118 0.00814 0.0034 0.01133 
1000.0 0.00825 0.00611 0.00214 0.01127 0.00978 0.01584 0.01389 0.01469 0.01704 0.00957 0.00061 0.00583 0.00548 0.00415 0.01811 
1000.0 0.02103 0.03816 0.04753 0.0628 0.10725 0.10221 0.0355 0.04301 0.01918 0.05135 0.02314 0.05679 0.00641 0.01115 0.08286 
1000.0 0.03924 0.00474 0.03523 0.03152 0.00501 0.02058 0.0138 0.01168 0.00445 0.04122 0.01622 0.00144 0.00867 0.00897 0.01603 
1000.0 0.02377 0.01038 0.04399 0.02239 0.03946 0.04534 0.02735 0.04723 0.0411 0.00165 0.02318 0.04834 0.02762 0.04533 0.03392 
1000.0 0.00726 0.00442 0.02433 0.0026 0.00357 0.0327 0.02287 0.01532 0.04062 0.0108 0.01344 0.02835 0.03329 0.01486 0.03887 
1000.0 0.03946 0.02202 0.02719 0.00555 0.05121 0.06089 0.05573 0.0662 0.01242 0.04036 0.05799 0.06684 0.0599 0.06976 0.02598 
1000.0 0.03461 0.04415 0.00984 0.02957 0.06358 0.10925 0.05467 0.00596 0.04969 0.09881 0.11842 0.14301 0.1134 0.06186 0.13001 
1000.0 0.22024 0.15855 0.22073 0.03302 0.21931 0.26693 0.07373 0.22224 0.24124 0.00691 0.21246 0.19733 0.12764 0.02395 0.14627 
1000.0 0.03063 0.02329 0.0028 0.01959 0.00869 0.02917 0.00829 0.02187 0.00672 0.01064 0.00058 0.02829 0.01513 0.02988 0.02842 
1000.0 0.01266 0.00032 0.04163 0.00078 0.00453 0.02473 0.01198 0.00655 0.0049 0.00982 0.01877 0.03507 0.0416 0.01175 0.00546 
1000.0 0.01449 0.00593 0.01812 0.01398 0.03229 0.00261 0.01616 0.00696 0.02734 0.00755 0.02673 0.02856 0.02916 0.01782 0.00854 
1000.0 0.01421 0.00274 0.00716 0.0279 0.00679 0.00102 0.0288 0.01109 0.02236 0.01262 0.02961 0.01967 0.01612 0.02301 0.0288 
1000.0 0.00327 0.00278 0.00126 0.00085 0.00074 0.00211 0.00084 0.0002 0.0026 0.00098 0.00281 0.00316 0.00315 0.00321 0.0022 
1000.0 0.01425 0.02446 0.02061 0.02432 0.00665 0.03133 0.02969 0.01526 0.02422 0.02498 0.02627 0.03141 0.01887 0.01376 0.01663 
1000.0 0.04105 0.02119 0.0081 0.01582 0.00941 0.00029 0.00384 0.0264 0.04124 0.02967 0.00973 0.00195 0.00468 0.02558 0.03319 
1000.0 0.05256 0.03255 0.04857 0.04732 0.03656 0.01219 0.05077 0.02668 0.01687 0.0293 0.04441 0.00036 0.05052 0.00655 0.03305 
