1000.0 1000.0 1000.0 1000.0 1000.0 1000.0 1000.0 1000.0 1000.0 1000.0 1000.0 
1000.0 14.559 19.67193 39.74905 0.0 13.93917 27.98648 22.60968 20.33282 35.97062 32.67856 
1000.0 18.02095 9.46287 24.76159 0.0 28.7432 41.25181 17.22815 34.60604 27.26465 12.5097 
1000.0 21.65089 13.96775 38.36195 0.0 40.02798 35.73637 11.20346 18.14352 23.49817 41.25293 
1000.0 0.0 0.0 0.0 36.49555 0.0 0.0 0.0 0.0 0.0 0.0 
1000.0 41.1912 41.75002 13.30391 0.0 36.83088 16.32648 16.84449 16.00261 39.87404 28.86389 
1000.0 42.28748 21.31801 13.50276 0.0 38.95067 29.17541 38.99592 28.22824 15.31704 25.18474 
1000.0 20.45478 19.14764 26.78194 0.0 39.82004 34.11349 31.91407 15.51965 28.37799 41.29863 
1000.0 10.92036 20.71748 34.21414 0.0 23.25479 32.04461 22.15073 27.21863 33.09611 39.3651 
1000.0 29.08827 15.69358 31.35771 0.0 14.37056 37.70003 32.01137 30.85714 24.66891 26.95526 
1000.0 8.84558 40.79035 33.0355 0.0 22.29604 42.18932 38.72039 20.32052 19.64713 26.31774 
