1000.0 1000.0 1000.0 1000.0 1000.0 1000.0 1000.0 1000.0 1000.0 1000.0 1000.0 
1000.0 23.77609 12.34398 11.91384 0.0 34.22007 36.09772 31.71889 22.43543 29.07215 23.8064 
1000.0 19.31866 10.84599 29.43204 0.0 32.13505 21.06211 35.59471 26.61813 27.70215 15.2703 
1000.0 16.57839 15.52813 18.38042 0.0 14.42963 16.70456 8.98945 33.11131 36.61488 26.52987 
1000.0 0.0 0.0 0.0 14.87633 0.0 0.0 0.0 0.0 0.0 0.0 
1000.0 10.27097 35.61422 30.64153 0.0 10.79732 27.08791 15.28349 28.31024 23.78142 26.38448 
1000.0 17.57442 24.55633 12.03039 0.0 14.04608 35.29191 32.63577 33.46585 20.58063 11.58918 
1000.0 25.5063 27.55888 36.68998 0.0 25.17363 26.49553 33.91178 18.3827 18.56808 11.553 
1000.0 29.49552 35.50374 33.20159 0.0 13.22147 16.74139 37.15647 8.97954 27.56965 15.50998 
1000.0 37.12867 14.74164 17.91247 0.0 28.58684 23.16193 36.19324 37.2787 34.81286 36.57516 
1000.0 9.47351 22.31099 20.25585 0.0 8.65635 20.66219 31.55434 11.33001 24.30791 17.28427 
