1000.0 1000.0 1000.0 1000.0 1000.0 1000.0 1000.0 1000.0 1000.0 1000.0 1000.0 
1000.0 24.06035 24.6895 14.05915 0.0 8.60532 23.57109 20.82464 24.02049 18.76347 25.29945 
1000.0 33.30178 12.22505 29.96585 0.0 13.15111 13.21834 24.82195 29.81437 28.07686 31.83816 
1000.0 11.91544 10.06767 23.70871 0.0 10.67837 33.72001 15.9705 24.00764 23.81608 21.85497 
1000.0 0.0 0.0 0.0 12.3885 0.0 0.0 0.0 0.0 0.0 0.0 
1000.0 20.67012 27.49647 19.71296 0.0 32.0928 24.24513 19.84174 28.01246 20.63704 33.14874 
1000.0 7.3373 20.69275 28.44282 0.0 30.74456 26.16702 22.13147 18.47336 18.38674 34.77932 
1000.0 31.16155 10.58523 7.48259 0.0 11.02481 28.53812 22.40452 20.538 34.57631 32.04806 
1000.0 7.79929 32.51596 7.60913 0.0 8.7499 34.6462 12.68485 10.0553 25.89441 12.07075 
1000.0 12.3694 14.21156 11.24965 0.0 27.70873 30.58455 28.76915 18.39806 33.88594 33.26376 
1000.0 17.73779 18.04031 24.18931 0.0 22.81854 22.32215 11.70335 11.69525 30.59822 30.84988 
