1000.0 1000.0 1000.0 1000.0 1000.0 1000.0 1000.0 1000.0 1000.0 1000.0 1000.0 
1000.0 19.43916 19.01607 20.44794 0.0 37.4725 34.33655 9.39348 43.36119 21.86569 37.03703 
1000.0 12.23839 21.88052 38.92134 0.0 24.55978 17.1231 25.44577 19.02008 40.2323 28.58698 
1000.0 33.75706 20.24151 22.07377 0.0 39.21513 44.90871 24.03125 41.89671 28.6467 11.28008 
1000.0 0.0 0.0 0.0 26.96821 0.0 0.0 0.0 0.0 0.0 0.0 
1000.0 31.49933 34.01064 11.82583 0.0 14.02394 24.39763 29.64173 25.90073 24.81443 40.71645 
1000.0 19.58901 20.16293 20.89608 0.0 17.01148 14.46194 45.53864 33.74511 44.88141 40.32597 
1000.0 31.46487 24.30623 45.76733 0.0 40.29449 9.72389 10.88223 18.38995 25.81 16.99385 
1000.0 23.68741 42.34947 28.20626 0.0 24.65932 39.89721 37.03295 28.61027 19.34407 11.47849 
1000.0 23.97807 10.12579 22.19559 0.0 37.47313 18.49647 16.0219 25.97483 39.80553 46.47606 
1000.0 13.98764 26.86151 19.46381 0.0 39.41296 15.36258 26.6772 33.86495 21.38144 37.75663 
