1000.0 1000.0 1000.0 1000.0 1000.0 1000.0 1000.0 1000.0 1000.0 1000.0 1000.0 
1000.0 19.47972 16.8062 28.33228 0.0 11.2146 28.51419 12.24311 33.7574 27.25839 8.27999 
1000.0 28.88119 16.66152 28.6465 0.0 24.15396 17.03499 16.28509 24.90356 29.58914 28.43999 
1000.0 25.3091 26.33809 32.62644 0.0 31.26775 26.06073 7.20257 19.57172 19.56866 15.52557 
1000.0 0.0 0.0 0.0 18.14794 0.0 0.0 0.0 0.0 0.0 0.0 
1000.0 9.0619 30.54653 32.91785 0.0 9.88923 7.45104 22.78284 26.00004 23.31289 17.7806 
1000.0 28.34913 25.30669 28.976 0.0 14.35728 27.69469 12.39774 24.54075 33.2346 26.70848 
1000.0 23.59997 25.31607 17.54708 0.0 32.73356 8.60496 19.82192 17.71075 15.14919 7.62911 
1000.0 31.54246 15.61525 23.41449 0.0 26.27004 33.08889 15.8447 21.38006 25.10747 18.34729 
1000.0 32.19751 10.16714 30.32921 0.0 32.34217 18.2219 32.06658 23.41064 12.73353 29.0202 
1000.0 14.67926 23.20079 34.0711 0.0 33.68042 11.90718 17.49939 18.54873 16.1901 32.66419 
