1000.0 1000.0 1000.0 1000.0 1000.0 1000.0 1000.0 1000.0 1000.0 1000.0 1000.0 
1000.0 28.16751 27.33429 21.21263 0.0 19.95705 14.4923 10.63227 20.62347 24.4499 20.17244 
1000.0 23.35637 23.70977 9.35443 0.0 32.70195 11.72907 10.79075 28.62418 33.60761 23.6402 
1000.0 22.74759 7.57426 14.52068 0.0 26.29179 18.25875 16.62383 14.61395 9.26974 21.1147 
1000.0 0.0 0.0 0.0 33.75824 0.0 0.0 0.0 0.0 0.0 0.0 
1000.0 31.43669 31.97732 30.30984 0.0 23.91837 24.853 9.69549 14.26204 20.68794 23.97373 
1000.0 7.82665 7.62902 13.42858 0.0 24.37881 7.32709 30.21583 30.57847 7.56261 10.12119 
1000.0 20.30139 32.36807 7.75526 0.0 18.39912 9.25355 11.38693 24.18437 32.44975 26.04536 
1000.0 32.42637 27.82416 33.68611 0.0 12.31017 11.55787 34.57846 34.10938 32.08047 29.88311 
1000.0 23.54173 20.93542 7.18365 0.0 12.43536 27.7639 18.52947 31.16273 26.07087 33.06559 
1000.0 22.50007 8.26647 29.77028 0.0 9.97117 17.46612 7.63372 17.15273 14.39624 27.85251 
