1000.0 1000.0 1000.0 1000.0 1000.0 1000.0 1000.0 1000.0 1000.0 1000.0 1000.0 
1000.0 38.72266 29.1074 28.9461 0.0 25.4869 34.7196 12.01335 23.75681 8.09636 21.00734 
1000.0 26.95315 25.90272 29.82833 0.0 32.06085 21.85254 25.6045 15.04396 16.09712 34.87351 
1000.0 33.62339 35.72252 24.68584 0.0 22.74128 38.63689 29.19875 13.39911 20.89413 15.03794 
1000.0 0.0 0.0 0.0 30.424 0.0 0.0 0.0 0.0 0.0 0.0 
1000.0 36.50647 35.58909 36.66926 0.0 32.27532 30.1361 21.34532 23.15945 39.14992 23.01474 
1000.0 22.35116 10.04302 9.15234 0.0 8.46959 23.40324 23.73096 30.94769 22.52036 33.01252 
1000.0 36.38368 27.15239 18.43656 0.0 12.15111 22.80472 28.9626 32.23702 18.18762 9.50891 
1000.0 12.72634 31.12969 9.69144 0.0 19.86654 25.35804 26.07451 16.00252 27.66715 20.95302 
1000.0 21.93559 36.24571 15.54495 0.0 21.10418 38.70882 31.55308 10.22684 12.93887 35.69841 
1000.0 11.98003 8.51962 19.9356 0.0 31.42959 13.80396 33.48231 23.47274 35.55176 27.09144 
