1000.0 1000.0 1000.0 1000.0 1000.0 1000.0 1000.0 1000.0 1000.0 1000.0 1000.0 
1000.0 19.50986 26.43378 22.01238 0.0 24.05061 18.78068 25.15394 31.0735 29.46997 8.3553 
1000.0 15.9494 30.51302 25.68108 0.0 24.64381 25.87115 21.29533 7.99609 33.99594 25.30672 
1000.0 7.58428 22.0209 19.1324 0.0 27.06598 28.05356 24.29368 20.92035 31.84458 22.57162 
1000.0 0.0 0.0 0.0 27.07462 0.0 0.0 0.0 0.0 0.0 0.0 
1000.0 32.88201 31.48271 31.83961 0.0 9.51782 18.30163 13.66704 13.30782 24.14745 27.58728 
1000.0 17.37416 11.53505 12.74671 0.0 14.1876 23.98859 25.90102 22.06453 16.80563 21.95126 
1000.0 9.59778 14.86336 9.78944 0.0 14.85875 14.14499 32.11589 32.68986 15.52122 10.22221 
1000.0 26.8833 20.22374 23.18362 0.0 27.22564 13.15179 33.79336 11.89039 28.01313 18.34313 
1000.0 32.82032 22.39092 16.93331 0.0 8.5378 13.48666 12.18901 29.67976 23.33524 26.58525 
1000.0 14.16402 7.89541 25.2443 0.0 12.76554 33.87006 9.79669 12.35016 15.49222 31.15183 
