1000.0 1000.0 1000.0 1000.0 1000.0 1000.0 1000.0 1000.0 1000.0 1000.0 1000.0 
1000.0 18.44735 37.14688 37.94835 0.0 35.95213 33.78535 11.5718 32.54277 8.98551 27.3268 
1000.0 14.09523 21.9798 13.18044 0.0 9.79218 12.17053 23.56593 14.92777 28.8043 23.45611 
1000.0 17.80298 13.01997 8.39552 0.0 13.73078 34.04707 26.34536 31.16101 12.46456 24.2564 
1000.0 0.0 0.0 0.0 18.1721 0.0 0.0 0.0 0.0 0.0 0.0 
1000.0 19.90569 7.61416 36.41377 0.0 13.11311 10.73382 20.77026 34.46023 35.15083 11.12967 
1000.0 33.75885 36.3251 8.43097 0.0 36.14812 28.14237 17.76849 33.71239 34.58356 23.09633 
1000.0 21.14972 28.3029 33.00472 0.0 16.87551 9.44794 8.07265 32.23355 33.95231 34.28626 
1000.0 32.91657 35.10995 33.49104 0.0 37.24191 34.10896 25.5672 35.98815 32.85152 15.96848 
1000.0 11.3323 37.8868 35.17267 0.0 20.93262 20.49676 22.58793 23.15345 16.00861 15.49274 
1000.0 28.17009 9.91545 21.01316 0.0 10.00336 30.25872 25.98132 9.02399 35.10116 29.88268 
