1000.0 1000.0 1000.0 1000.0 1000.0 1000.0 1000.0 1000.0 1000.0 1000.0 1000.0 
1000.0 27.28925 18.72766 15.6083 0.0 12.88475 11.77571 35.00305 28.92272 17.04383 25.84465 
1000.0 32.07404 12.4728 28.43311 0.0 16.02008 14.11099 34.49082 20.02062 15.59394 19.19378 
1000.0 28.94958 13.99678 15.55961 0.0 34.50046 22.42796 25.63782 15.35965 12.6293 29.32319 
1000.0 0.0 0.0 0.0 25.96249 0.0 0.0 0.0 0.0 0.0 0.0 
1000.0 18.90326 18.37063 25.9707 0.0 36.09598 10.06779 26.31572 29.35671 28.26347 11.97537 
1000.0 24.38411 19.55815 11.84162 0.0 32.08247 11.23406 23.2627 15.09909 29.26555 22.91171 
1000.0 17.44773 12.05926 15.39985 0.0 31.32848 7.56338 35.78931 32.50701 31.97001 8.31491 
1000.0 27.1067 24.80449 32.42 0.0 25.76391 19.04167 35.07719 15.39893 19.23042 19.01732 
1000.0 23.9072 21.8347 25.27982 0.0 33.31329 22.07921 13.61117 34.21451 31.1483 16.16285 
1000.0 9.27962 22.56533 19.91055 0.0 22.30766 14.57997 28.72147 31.99571 14.04594 17.42904 
