1000.0 1000.0 1000.0 1000.0 1000.0 1000.0 1000.0 1000.0 1000.0 1000.0 1000.0 
1000.0 27.3742 11.01243 22.80344 0.0 14.11676 8.4509 16.63274 10.38556 24.26701 19.11093 
1000.0 15.09905 33.40267 25.01433 0.0 27.45389 31.58619 25.32898 8.31409 29.43164 20.81615 
1000.0 31.51368 23.85362 18.95674 0.0 35.83391 34.14609 18.94496 25.23807 22.46591 29.81989 
1000.0 0.0 0.0 0.0 24.33374 0.0 0.0 0.0 0.0 0.0 0.0 
1000.0 28.75587 21.78067 10.33495 0.0 34.96869 28.40966 21.7146 32.35548 30.84266 29.34904 
1000.0 28.47306 32.40552 10.03021 0.0 14.13575 22.57473 24.29378 11.82252 20.7289 17.13353 
1000.0 10.41776 13.60969 27.49851 0.0 11.01723 34.49852 35.57051 8.09496 21.24702 14.69976 
1000.0 17.47621 37.42757 33.48637 0.0 9.19285 28.76152 24.10311 25.6518 29.72516 21.83805 
1000.0 24.819 22.11386 35.91803 0.0 35.80203 26.27157 36.14053 36.72588 35.36868 33.90521 
1000.0 35.33337 25.35203 34.80386 0.0 12.38219 35.1656 25.97688 9.63485 8.82609 10.40024 
