1000.0 1000.0 1000.0 1000.0 1000.0 1000.0 1000.0 1000.0 1000.0 1000.0 1000.0 
1000.0 11.48487 41.00815 28.02974 0.0 39.19992 34.54904 10.30846 10.01975 13.95565 19.24334 
1000.0 36.95976 24.63232 32.78422 0.0 24.61942 34.31435 10.76123 20.81352 35.91992 30.68673 
1000.0 33.15752 31.13074 16.64805 0.0 41.67377 38.54721 14.07945 25.39615 40.71898 23.88066 
1000.0 0.0 0.0 0.0 40.47587 0.0 0.0 0.0 0.0 0.0 0.0 
1000.0 42.64675 16.36072 41.21078 0.0 15.91262 23.34466 42.87762 15.3535 38.97222 29.08882 
1000.0 22.24349 33.08637 30.26091 0.0 41.55151 33.872 18.16265 9.09582 33.24572 12.36576 
1000.0 22.94058 34.49758 25.3553 0.0 30.44822 29.92865 28.24833 32.95029 24.09635 15.61118 
1000.0 28.91717 18.3069 28.10806 0.0 13.39753 14.56656 22.5809 22.34339 27.1852 36.75669 
1000.0 14.72593 29.86254 18.5781 0.0 25.20255 37.69485 23.96677 33.69065 22.83543 39.5073 
1000.0 30.11916 40.93071 23.56802 0.0 32.73136 42.78981 31.29102 11.76127 14.175 33.30748 
