1000.0 1000.0 1000.0 1000.0 1000.0 1000.0 1000.0 1000.0 1000.0 1000.0 1000.0 
1000.0 22.6168 37.06635 17.05294 0.0 31.08581 16.89321 16.83624 30.73905 26.13273 20.93122 
1000.0 22.91445 15.92414 40.87513 0.0 9.45153 41.95609 39.84144 34.00831 12.27902 13.8318 
1000.0 11.20511 12.22829 26.47297 0.0 18.85997 18.53202 23.80604 21.37167 9.17913 22.8398 
1000.0 0.0 0.0 0.0 30.58685 0.0 0.0 0.0 0.0 0.0 0.0 
1000.0 16.8648 38.79024 25.78763 0.0 23.25172 38.25633 35.82442 34.71626 12.97559 30.94287 
1000.0 39.61931 43.51329 12.96651 0.0 32.24772 37.80631 26.2362 19.15016 31.28419 43.31432 
1000.0 12.39874 35.85406 19.87266 0.0 26.94516 24.95194 13.35059 39.31736 18.93929 16.55597 
1000.0 19.05703 22.54337 31.80976 0.0 30.99899 23.94775 36.23059 16.05405 24.53204 25.21957 
1000.0 41.98181 32.31173 9.2359 0.0 28.74964 12.16652 10.66977 38.57068 20.31041 31.59527 
1000.0 26.65352 19.66148 23.15471 0.0 43.599 20.97502 41.42589 41.10943 38.32466 20.9888 
