1000.0 1000.0 1000.0 1000.0 1000.0 1000.0 1000.0 1000.0 1000.0 1000.0 1000.0 
1000.0 17.53886 12.91111 11.51723 0.0 8.98589 9.99298 8.16654 16.84217 33.28995 38.03789 
1000.0 30.88481 35.86778 14.97418 0.0 10.10592 35.06552 13.03985 24.58446 28.35051 38.7387 
1000.0 16.75983 38.99248 24.51357 0.0 39.54501 18.35697 23.93288 25.14989 38.67556 22.0669 
1000.0 0.0 0.0 0.0 16.18506 0.0 0.0 0.0 0.0 0.0 0.0 
1000.0 35.72213 16.32773 21.3967 0.0 33.88113 22.82035 28.00975 38.63758 33.77568 27.92504 
1000.0 31.515 27.10172 33.21593 0.0 18.62248 31.50187 25.99882 27.28782 36.03723 26.99421 
1000.0 12.33841 31.83479 26.79885 0.0 37.40876 19.89103 36.30711 30.14889 11.65712 8.03929 
1000.0 29.13794 31.64321 13.02458 0.0 25.04602 21.22469 37.19807 26.7903 12.71065 8.01257 
1000.0 33.56933 17.89086 12.54088 0.0 27.48904 27.17303 33.46642 33.79489 27.44677 18.04792 
1000.0 34.59343 25.00817 34.15874 0.0 22.71506 29.07969 16.42186 19.02626 15.85377 39.74658 
