1000.0 1000.0 1000.0 1000.0 1000.0 1000.0 1000.0 1000.0 1000.0 1000.0 1000.0 
1000.0 30.37861 29.51008 26.49119 0.0 9.62981 21.22755 15.77141 11.45015 20.69123 31.6074 
1000.0 26.95028 12.95819 17.09142 0.0 7.17102 9.95527 17.70624 10.98083 22.13039 8.57766 
1000.0 17.359 24.88321 31.97279 0.0 33.91409 23.45001 17.04652 17.42717 11.99443 10.18406 
1000.0 0.0 0.0 0.0 24.3016 0.0 0.0 0.0 0.0 0.0 0.0 
1000.0 18.71014 19.77415 25.6311 0.0 13.96598 27.338 17.43418 12.38359 22.58064 12.29846 
1000.0 9.30664 29.56911 22.6476 0.0 16.25874 10.96383 13.68895 25.97476 9.85812 9.68687 
1000.0 15.05061 33.56482 7.68769 0.0 11.36924 8.13482 31.90506 29.54165 33.47655 21.03947 
1000.0 12.9415 19.24481 7.58843 0.0 19.68416 17.52235 17.32021 26.27598 12.23892 22.71867 
1000.0 20.49423 31.79318 23.01618 0.0 15.53337 8.40439 14.25888 14.68324 15.65214 23.17391 
1000.0 8.96442 13.81716 15.1507 0.0 16.55379 15.63578 30.0615 21.75866 9.38911 25.10346 
