1000.0 1000.0 1000.0 1000.0 1000.0 1000.0 1000.0 1000.0 1000.0 1000.0 1000.0 
1000.0 29.47626 43.32927 10.20348 0.0 44.9872 25.25508 28.14125 23.32084 12.13837 31.31559 
1000.0 32.07191 20.41164 45.82634 0.0 39.85595 17.55128 17.4741 35.22048 42.39366 45.50612 
1000.0 19.62682 17.52394 18.73396 0.0 41.53101 30.25375 22.03055 25.76845 24.68486 37.13878 
1000.0 0.0 0.0 0.0 11.57191 0.0 0.0 0.0 0.0 0.0 0.0 
1000.0 45.76977 25.22727 37.5264 0.0 22.20931 40.45792 25.04826 15.3431 15.27329 47.86429 
1000.0 29.55483 27.71241 35.13845 0.0 39.59167 9.7411 17.26598 23.31445 16.60552 13.70119 
1000.0 36.76387 16.10907 14.812 0.0 16.06484 34.88398 33.48166 30.72151 14.21886 20.82578 
1000.0 17.67267 47.50658 41.43682 0.0 39.2167 28.00007 26.15774 43.14594 20.13434 47.44998 
1000.0 17.17769 23.90728 41.02263 0.0 25.46123 24.45426 38.05294 46.94016 19.5854 28.20721 
1000.0 16.21889 10.23478 36.59257 0.0 43.00282 21.20593 34.31775 46.80592 31.41391 15.21622 
