1000.0 1000.0 1000.0 1000.0 1000.0 1000.0 1000.0 1000.0 1000.0 1000.0 1000.0 
1000.0 10.57219 27.53842 35.43929 0.0 24.19981 33.17612 9.65729 32.91058 15.97232 11.99043 
1000.0 27.84566 27.3805 30.16465 0.0 27.0038 14.23552 22.48505 21.52143 26.66801 13.80434 
1000.0 27.52024 27.72621 8.36622 0.0 30.50934 19.71115 11.03388 19.04096 16.45913 10.10332 
1000.0 0.0 0.0 0.0 20.19304 0.0 0.0 0.0 0.0 0.0 0.0 
1000.0 19.0185 15.21884 33.32806 0.0 29.76427 9.79855 31.10601 25.25798 33.10569 26.63415 
1000.0 10.24288 26.25363 11.13814 0.0 35.17393 35.98357 11.48482 21.05139 29.63475 19.44761 
1000.0 16.09541 9.24022 23.74536 0.0 26.51312 8.84333 8.39496 14.68646 16.45977 23.98212 
1000.0 9.33872 20.54732 31.90069 0.0 19.12577 13.35318 29.27523 35.8312 22.78924 16.52496 
1000.0 31.32121 27.002 15.72932 0.0 27.64055 17.82259 34.81232 32.27525 13.52922 15.24787 
1000.0 21.00748 17.21297 22.9193 0.0 22.95142 25.48102 28.70958 12.36578 7.45191 12.92197 
