1000.0 1000.0 1000.0 1000.0 
1000.0 0.01477 0.00715 0.01519 
1000.0 0.07607 0.00771 0.07324 
1000.0 0.06254 0.13452 0.19677 
1000.0 0.01378 0.00551 0.04113 
1000.0 0.10669 0.1021 0.05648 
1000.0 0.02443 0.01246 0.02512 
1000.0 0.00072 0.00683 0.00269 
1000.0 0.19901 0.12822 0.08941 
1000.0 0.00082 0.03039 0.00564 
1000.0 0.04721 0.04078 0.02164 
1000.0 0.40731 0.41379 0.09618 
1000.0 0.04696 0.06526 0.04244 
1000.0 0.04533 0.09446 0.08851 
1000.0 0.09459 0.07216 0.08798 
1000.0 0.01438 0.01561 0.00987 
1000.0 0.00835 0.00283 0.00148 
1000.0 0.01468 0.0181 0.0034 
1000.0 0.00566 0.0157 0.00659 
1000.0 0.01568 0.00207 0.01952 
1000.0 0.01243 0.01747 0.00047 
