1000.0 1000.0 1000.0 1000.0 
1000.0 0.00306 0.01272 0.01038 
1000.0 0.00241 0.135 0.07032 
1000.0 0.18097 0.17662 0.13388 
1000.0 0.04138 0.02802 0.01198 
1000.0 0.00496 0.09515 0.01621 
1000.0 0.02403 0.00064 0.05319 
1000.0 0.00635 0.00096 0.00253 
1000.0 0.0157 0.14956 0.00022 
1000.0 0.02732 0.02131 0.00836 
1000.0 0.04446 0.0391 0.01246 
1000.0 0.40695 0.16822 0.15086 
1000.0 0.06019 0.01914 0.02779 
1000.0 0.07924 0.05669 0.03322 
1000.0 0.11624 0.10402 0.00595 
1000.0 0.00225 0.01722 0.02382 
1000.0 0.00903 0.00991 0.01969 
1000.0 0.00348 0.03513 0.01176 
1000.0 0.01098 0.00994 0.02828 
1000.0 0.04904 0.03728 0.03268 
1000.0 0.01944 0.02306 0.00236 
