1000.0 1000.0 1000.0 1000.0 
1000.0 0.01123 0.01272 0.00165 
1000.0 0.13485 0.06929 0.12285 
1000.0 0.053 0.17499 0.02986 
1000.0 0.01642 0.0205 0.01594 
1000.0 0.0679 0.08319 0.00295 
1000.0 0.0423 0.06163 0.05064 
1000.0 0.00196 0.00307 0.00021 
1000.0 0.04796 0.01051 0.15963 
1000.0 0.00367 0.02135 0.00483 
1000.0 0.0343 0.02013 0.03895 
1000.0 0.14368 0.27588 0.31719 
1000.0 0.00527 0.01012 0.02169 
1000.0 0.08768 0.10237 0.0881 
1000.0 0.05879 0.05203 0.09351 
1000.0 0.01908 0.00352 0.00787 
1000.0 0.02386 0.00931 0.00638 
1000.0 0.03553 0.01952 0.00968 
1000.0 0.02751 0.0011 0.02777 
1000.0 0.03871 0.03535 0.04047 
1000.0 0.01231 0.01857 0.00829 
