1000.0 1000.0 1000.0 1000.0 
1000.0 0.00954 0.00931 0.00307 
1000.0 0.11936 0.06331 0.11666 
1000.0 0.11191 0.08823 0.11259 
1000.0 0.00169 0.02294 0.00745 
1000.0 0.02595 0.03279 0.01683 
1000.0 0.05215 0.03458 0.05583 
1000.0 0.00344 0.00657 0.00423 
1000.0 0.16948 0.016 0.14489 
1000.0 0.00823 0.00868 0.01161 
1000.0 0.00624 0.04017 0.04043 
1000.0 0.27706 0.28097 0.27536 
1000.0 0.06187 0.00465 0.04155 
1000.0 0.04372 0.08904 0.02689 
1000.0 0.11689 0.03312 0.0856 
1000.0 0.00182 0.00782 0.02382 
1000.0 0.0025 0.01298 0.00254 
1000.0 0.02142 0.0203 0.01473 
1000.0 0.0305 0.01099 0.00236 
1000.0 0.02531 0.03459 0.03028 
1000.0 0.00039 0.00974 0.0039 
