1000.0 1000.0 1000.0 1000.0 
1000.0 0.00642 0.00667 0.00593 
1000.0 0.01544 0.03342 0.09804 
1000.0 0.13858 0.11018 0.03259 
1000.0 0.04137 0.03564 0.00948 
1000.0 0.1055 0.07807 0.08288 
1000.0 0.06283 0.01029 0.06925 
1000.0 0.00011 0.00272 0.00433 
1000.0 0.03513 0.21197 0.09916 
1000.0 0.03032 0.01687 0.02911 
1000.0 0.02216 0.00427 0.03607 
1000.0 0.06812 0.0931 0.19589 
1000.0 0.02487 0.06918 0.01816 
1000.0 0.08103 0.10524 0.09304 
1000.0 0.01015 0.05383 0.06203 
1000.0 0.01573 0.01764 0.0041 
1000.0 0.00867 0.00845 0.02309 
1000.0 0.0223 0.01413 0.00799 
1000.0 0.0012 0.01961 0.02078 
1000.0 0.02493 0.02563 0.0316 
1000.0 0.01698 0.00287 0.02194 
