1000.0 1000.0 1000.0 1000.0 
1000.0 0.0005 0.00837 0.00848 
1000.0 0.10552 0.02514 0.03879 
1000.0 0.18821 0.08091 0.11087 
1000.0 0.03785 0.01536 0.03463 
1000.0 0.04628 0.0996 0.0475 
1000.0 0.04281 0.03231 0.05953 
1000.0 0.00575 0.0037 0.00251 
1000.0 0.01384 0.14087 0.08846 
1000.0 0.01177 0.02603 0.01778 
1000.0 0.0405 0.01409 0.04565 
1000.0 0.34347 0.45775 0.28168 
1000.0 0.03792 0.02788 0.07056 
1000.0 0.03839 0.05406 0.05338 
1000.0 0.05601 0.07605 0.03471 
1000.0 0.02265 0.01803 0.01617 
1000.0 0.00314 0.01726 0.02326 
1000.0 0.00697 0.01743 0.0357 
1000.0 0.01626 0.02799 0.00829 
1000.0 0.02042 0.05162 0.05878 
1000.0 0.0095 0.00576 0.01812 
