1000.0 1000.0 1000.0 1000.0 
1000.0 0.00686 0.00764 0.01112 
1000.0 0.12416 0.10808 0.07184 
1000.0 0.13405 0.09256 0.08687 
1000.0 0.02588 0.00491 0.02713 
1000.0 0.07142 0.05921 0.0119 
1000.0 0.02718 0.0694 0.04836 
1000.0 0.00123 0.00149 0.00568 
1000.0 0.07162 0.2162 0.04876 
1000.0 0.02373 0.00066 0.02889 
1000.0 0.00643 0.03596 0.00597 
1000.0 0.05491 0.10441 0.13978 
1000.0 0.06042 0.03233 0.01578 
1000.0 0.05993 0.04994 0.01091 
1000.0 0.02046 0.08496 0.01961 
1000.0 4e-05 0.00344 0.01017 
1000.0 0.01505 0.00293 0.00888 
1000.0 0.02081 0.0194 0.00451 
1000.0 0.00841 0.02459 0.01716 
1000.0 0.00161 0.03141 0.04221 
1000.0 0.02042 0.02178 0.00027 
