1000.0 1000.0 1000.0 1000.0 1000.0 1000.0 1000.0 1000.0 1000.0 1000.0 1000.0 1000.0 1000.0 1000.0 1000.0 1000.0 1000.0 1000.0 1000.0 1000.0 1000.0 
1000.0 28.01975 20.96497 11.6118 0.0 22.29106 8.31769 25.75282 28.9421 31.69474 23.43172 19.43865 0.0 16.79223 32.28101 30.2196 28.72755 11.13526 28.95277 31.06206 0.03253 
1000.0 27.80875 6.53072 22.68449 0.0 9.38278 9.25987 20.18869 10.83775 9.68675 13.18183 28.91921 0.0 21.65292 17.13042 19.137 12.62809 21.40739 23.95991 8.89513 0.02522 
1000.0 15.18736 12.99191 25.82012 0.0 12.93106 24.43366 9.40398 31.97417 10.2298 31.68824 22.02949 0.0 6.97732 12.42689 13.75564 26.21817 28.14422 15.07746 28.46564 0.00885 
1000.0 0.0 0.0 0.0 9.68562 0.0 0.0 0.0 0.0 0.0 0.0 0.0 16.18534 0.0 0.0 0.0 0.0 0.0 0.0 0.0 0.0 
1000.0 13.26431 9.00892 26.43013 0.0 24.49488 9.59865 16.44156 14.26351 20.70246 13.26078 10.75219 0.0 29.60144 18.80778 12.44734 25.60492 12.46223 16.58038 13.25515 0.0142 
1000.0 12.96057 9.27516 31.46337 0.0 12.43369 20.85466 17.7683 12.57598 20.82513 21.11722 29.50686 0.0 8.55454 20.48344 7.25088 25.816 15.92403 30.49071 10.99259 0.01617 
1000.0 18.07493 16.60415 6.54921 0.0 18.63519 26.37402 20.62361 25.45676 14.67367 19.80528 8.48807 0.0 30.81709 7.26832 12.81696 13.77112 17.46589 31.47442 23.78799 0.01321 
1000.0 26.29693 20.83736 19.87064 0.0 25.10239 31.34057 22.92567 10.73512 17.76345 21.84285 21.18378 0.0 20.93603 18.42271 17.27718 11.59627 21.80715 19.19122 28.35951 0.01593 
1000.0 17.57362 30.92462 31.27689 0.0 15.38599 6.52087 20.76799 13.5068 18.5772 26.94095 21.45416 0.0 25.8848 14.72926 24.12237 27.19269 20.40974 26.87385 14.77999 0.02933 
1000.0 17.23014 28.98906 13.62307 0.0 26.73194 31.13904 21.03662 24.27545 29.0308 15.39171 17.32483 0.0 17.90106 29.63179 27.18461 11.54539 16.45824 17.94981 10.36732 0.00817 
1000.0 13.46456 31.51387 31.15987 0.0 6.48507 20.91845 17.45099 16.54 31.60944 20.97816 19.17485 0.0 14.6801 6.66463 14.89301 13.0997 13.28982 27.69435 30.28972 0.02535 
1000.0 0.0 0.0 0.0 16.80667 0.0 0.0 0.0 0.0 0.0 0.0 0.0 13.387 0.0 0.0 0.0 0.0 0.0 0.0 0.0 0.0 
1000.0 8.8473 21.20597 15.60227 0.0 31.83642 30.87282 15.42494 14.5362 28.35787 11.04621 20.36634 0.0 16.37421 16.53276 10.95411 11.75655 14.99492 22.70415 10.38671 0.02302 
1000.0 26.10589 14.72371 29.14773 0.0 31.65126 24.11833 27.99263 19.64042 16.55145 21.61211 22.05883 0.0 13.1479 21.2476 19.62648 21.95339 29.77801 20.28702 31.58653 0.01208 
1000.0 31.40867 20.04065 9.34277 0.0 8.04157 16.07525 16.01389 12.94381 15.58248 20.5954 17.51662 0.0 13.59246 32.1473 12.34034 25.84962 13.56719 19.58931 22.51379 0.00818 
1000.0 23.246 10.80761 27.68539 0.0 8.81305 8.45484 16.66391 6.73047 20.43839 29.02083 23.67286 0.0 24.46111 10.49031 9.73435 31.41835 32.04447 27.7099 25.08443 0.02405 
1000.0 10.09879 23.28279 21.98655 0.0 13.20371 28.05652 20.59357 29.50872 10.53792 9.96956 29.20078 0.0 30.25752 15.35157 14.18355 13.14803 16.52864 15.65859 6.82646 0.01197 
1000.0 10.69638 23.01957 20.22671 0.0 19.47189 25.11574 11.48866 32.16797 30.65118 15.55544 19.28913 0.0 19.51281 12.00923 26.45142 12.34653 23.28322 12.25888 23.23374 0.01244 
1000.0 13.72081 7.11343 17.81794 0.0 16.78101 21.32236 7.91717 8.96663 31.93597 18.86587 30.31044 0.0 10.20165 19.71223 15.14081 18.65297 18.83799 32.27637 22.44752 0.02448 
1000.0 0.09656 0.10701 0.12394 0.0 0.03389 0.07904 0.15799 0.0354 0.14947 0.10717 0.11038 0.0 0.08155 0.05822 0.03757 0.06844 0.0694 0.10767 0.09381 11.3808 
