1000.0 1000.0 1000.0 1000.0 1000.0 1000.0 1000.0 1000.0 1000.0 1000.0 1000.0 1000.0 1000.0 1000.0 1000.0 1000.0 1000.0 1000.0 1000.0 1000.0 1000.0 
1000.0 19.86538 20.36266 13.1361 0.0 17.92442 18.16513 29.12846 31.38775 33.96682 14.9892 18.3175 0.0 27.17522 36.38175 37.52061 14.15321 40.05458 32.97163 31.89045 0.01589 
1000.0 16.53324 14.47287 17.7602 0.0 8.55315 36.71785 17.08993 40.21625 11.85804 27.60948 11.56816 0.0 14.36998 33.97636 9.51583 28.80922 14.58942 29.85478 9.00377 0.03986 
1000.0 32.61229 32.69416 32.5551 0.0 12.23826 20.3776 26.59229 20.81402 36.09838 12.61616 22.85712 0.0 31.73205 33.93136 10.16624 22.47375 37.54425 37.88625 13.05453 0.04433 
1000.0 0.0 0.0 0.0 32.55365 0.0 0.0 0.0 0.0 0.0 0.0 0.0 27.84925 0.0 0.0 0.0 0.0 0.0 0.0 0.0 0.0 
1000.0 9.46201 10.87088 17.89054 0.0 38.65546 33.18315 31.05565 14.40312 25.03238 20.45012 38.38316 0.0 37.80479 39.28858 32.95322 36.43885 15.69872 8.95395 16.29766 0.03235 
1000.0 17.29655 19.21783 13.0746 0.0 18.40706 14.79257 32.79436 19.16131 19.86611 38.50333 39.4818 0.0 30.76636 34.53328 21.37137 26.10077 25.63727 24.96399 23.51209 0.01108 
1000.0 17.53687 29.50575 38.36748 0.0 12.36218 13.90583 29.59712 38.33396 37.14677 10.11111 28.17316 0.0 35.81801 12.24868 31.8701 30.26189 39.82962 10.93164 37.16396 0.03184 
1000.0 9.32097 19.77307 26.40651 0.0 10.19765 9.87912 36.67708 31.5506 14.02485 9.05128 12.57527 0.0 8.81978 16.24003 14.26173 36.85918 20.3402 35.8587 22.26417 0.02468 
1000.0 31.04531 8.62953 33.89493 0.0 39.9816 38.19459 36.10399 37.44309 15.76529 31.89214 13.94804 0.0 9.45077 11.38217 36.72228 25.34297 40.33101 39.58177 18.37186 0.03313 
1000.0 35.3333 38.57621 11.49054 0.0 39.02785 18.97927 36.81818 37.77693 38.18338 26.17426 9.30033 0.0 10.80461 12.65955 15.64339 18.98869 37.17942 15.5758 31.89246 0.01528 
1000.0 9.66014 32.13575 38.22131 0.0 15.57715 9.35739 27.37897 26.1397 36.20784 36.05087 28.61088 0.0 14.62618 38.8779 21.57688 38.98685 31.37589 34.66253 24.91656 0.03422 
1000.0 0.0 0.0 0.0 17.72191 0.0 0.0 0.0 0.0 0.0 0.0 0.0 16.0308 0.0 0.0 0.0 0.0 0.0 0.0 0.0 0.0 
1000.0 36.59047 37.96955 15.95842 0.0 10.93113 24.45688 33.55775 39.89252 9.34836 34.48264 19.02022 0.0 10.75152 21.54652 33.30092 8.59415 24.35218 28.32181 37.9795 0.01633 
1000.0 28.949 22.11065 21.20932 0.0 23.18418 36.45908 26.61833 33.49865 19.20801 16.0814 10.67322 0.0 16.21254 26.941 27.77275 28.38462 9.76975 40.04144 23.73067 0.0154 
1000.0 31.13485 39.40541 28.59655 0.0 26.82272 22.3182 18.9941 39.66848 17.58362 39.93671 12.84766 0.0 33.69033 24.27533 15.44531 22.50661 37.96823 35.29755 8.83526 0.02183 
1000.0 28.23499 26.03665 27.2074 0.0 10.33687 17.28234 29.83935 25.85109 26.71269 15.85789 39.5545 0.0 26.36741 12.60067 23.27319 30.95742 16.92337 26.58983 8.26563 0.04265 
1000.0 37.22489 24.31479 28.61456 0.0 16.10584 23.10324 31.85894 8.29716 33.76767 34.19196 25.84326 0.0 34.63289 30.79657 15.82095 9.97951 20.39493 29.16438 10.42931 0.03655 
1000.0 24.70573 28.41468 14.27473 0.0 33.66324 31.42462 30.39776 21.20747 19.6032 36.49683 18.76725 0.0 25.00165 29.29442 15.59737 18.4431 32.22481 32.90026 16.03807 0.01155 
1000.0 28.68105 19.59229 40.15348 0.0 16.91951 14.94253 39.24907 11.21802 39.42004 23.6782 31.07176 0.0 14.65379 15.75169 9.24951 35.94908 10.04189 22.88632 25.59667 0.01031 
1000.0 0.155 0.12995 0.05598 0.0 0.05279 0.07497 0.09689 0.03891 0.14697 0.05318 0.06333 0.0 0.12707 0.12274 0.11126 0.09458 0.076 0.12439 0.14404 20.49536 
