1000.0 1000.0 1000.0 1000.0 1000.0 1000.0 1000.0 1000.0 1000.0 1000.0 1000.0 1000.0 1000.0 1000.0 1000.0 1000.0 1000.0 1000.0 1000.0 1000.0 1000.0 
1000.0 31.50759 12.35481 15.00878 0.0 20.24244 22.7619 15.95806 18.45628 12.95937 21.37574 18.32881 0.0 35.65453 34.58062 10.41958 25.82878 8.06205 34.07648 26.50993 0.02939 
1000.0 16.96111 27.31349 21.53585 0.0 36.77644 25.99209 24.03831 29.74253 22.0008 12.20032 25.21739 0.0 35.59935 9.33706 22.14933 18.14251 8.51818 19.26747 19.4681 0.02536 
1000.0 21.04545 12.59732 7.93668 0.0 21.79036 31.73329 9.98338 10.25699 36.4156 18.71524 35.01732 0.0 26.85409 22.19754 38.22974 21.66056 9.65203 20.8824 11.29799 0.02697 
1000.0 0.0 0.0 0.0 24.35383 0.0 0.0 0.0 0.0 0.0 0.0 0.0 13.78999 0.0 0.0 0.0 0.0 0.0 0.0 0.0 0.0 
1000.0 23.95949 26.44684 19.76872 0.0 12.50705 35.38583 17.73224 23.96538 18.77853 34.89625 26.78309 0.0 16.74365 20.32726 25.14274 19.91778 30.8006 10.34455 9.3815 0.01273 
1000.0 17.28761 12.27132 9.94335 0.0 9.39648 24.14992 17.54797 30.38425 15.63743 17.31183 27.47067 0.0 10.68108 27.45729 15.21859 13.99336 38.27 29.21883 16.46481 0.01693 
1000.0 9.24241 26.73611 28.93399 0.0 9.00234 21.87624 28.80417 31.38469 26.57109 10.79354 8.77975 0.0 29.60393 20.73546 12.19297 33.83262 17.31167 35.65515 19.26475 0.02415 
1000.0 38.30843 11.99142 24.4273 0.0 20.06086 14.78864 30.48065 19.26222 28.92854 18.62928 13.18437 0.0 30.59334 32.76895 26.54427 29.25285 13.71452 16.84849 35.062 0.01843 
1000.0 17.17722 10.71785 16.07462 0.0 21.36587 28.23428 21.30545 25.81385 20.11066 34.7151 8.5021 0.0 24.17584 35.15779 32.9452 27.17243 33.85958 21.80459 24.61668 0.03546 
1000.0 35.06272 33.51079 20.46836 0.0 33.87225 38.07135 22.45132 30.80085 28.03528 20.00007 30.70849 0.0 35.08705 35.585 33.74409 36.06687 32.47944 11.26158 12.98065 0.02897 
1000.0 14.56213 14.21375 26.30353 0.0 27.13248 19.798 33.93131 12.59137 10.02323 29.09469 36.93706 0.0 25.93217 21.87807 20.39179 34.06033 31.3356 25.72912 14.22961 0.03627 
1000.0 0.0 0.0 0.0 10.77111 0.0 0.0 0.0 0.0 0.0 0.0 0.0 33.09749 0.0 0.0 0.0 0.0 0.0 0.0 0.0 0.0 
1000.0 16.9467 30.73105 22.34764 0.0 27.79653 18.76192 18.89612 10.54127 17.51526 11.26688 23.30648 0.0 28.85712 27.79719 9.93987 19.62457 20.80368 20.26421 15.57933 0.00966 
1000.0 34.52244 24.56063 24.65614 0.0 15.78119 9.95172 35.97092 22.64333 23.35197 22.01631 21.9591 0.0 20.72135 28.60798 34.54922 34.21648 8.12613 15.62947 10.73128 0.04134 
1000.0 13.27193 13.3574 30.33869 0.0 26.898 33.19474 21.61984 8.56509 29.11411 34.60555 19.8883 0.0 32.22542 15.55026 15.25106 35.96675 13.90493 32.6973 34.0679 0.04041 
1000.0 28.29272 10.05952 17.55194 0.0 29.13658 18.60911 21.26644 32.43083 30.01058 17.31797 21.34629 0.0 30.84865 11.53114 8.286 18.95958 15.25115 21.14699 10.25039 0.03423 
1000.0 16.26392 29.55992 36.00299 0.0 28.82808 8.46262 34.44234 9.14717 22.42171 9.0858 10.6819 0.0 10.63424 29.96961 29.86862 19.17609 13.5541 38.28206 13.25514 0.01206 
1000.0 24.22507 12.88045 17.27495 0.0 32.95735 26.27343 28.59565 28.55288 15.50401 36.9101 38.25888 0.0 9.99851 20.65908 34.48937 30.59445 22.30882 19.20213 25.15386 0.0144 
1000.0 15.65512 35.69449 32.37723 0.0 11.0075 26.96447 12.88019 37.05043 36.33627 14.0453 21.38111 0.0 8.01304 23.08586 9.32096 26.75735 32.72928 19.45761 33.75078 0.01427 
1000.0 0.1228 0.1111 0.05028 0.0 0.05311 0.0592 0.04541 0.16371 0.04584 0.07713 0.06397 0.0 0.04393 0.11873 0.14875 0.07901 0.03867 0.16275 0.0666 26.00978 
