1000.0 1000.0 1000.0 1000.0 1000.0 1000.0 1000.0 1000.0 1000.0 1000.0 1000.0 1000.0 1000.0 1000.0 1000.0 1000.0 1000.0 1000.0 1000.0 1000.0 1000.0 
1000.0 13.3059 23.60004 12.07283 0.0 9.74831 10.17583 9.14932 32.51974 25.79075 20.52309 10.40567 0.0 33.26521 17.44921 18.55449 18.43778 16.68871 34.19248 24.12705 0.01806 
1000.0 15.61621 26.52629 18.28716 0.0 17.03658 13.03034 18.06096 30.47269 15.15001 34.89833 33.61153 0.0 31.70434 17.76742 22.07629 12.57989 22.62347 16.7877 14.34777 0.0312 
1000.0 25.62 27.63856 20.74054 0.0 36.54115 34.03274 14.15078 24.15346 26.96612 22.42188 22.49947 0.0 17.16126 20.0225 32.77912 8.45396 34.76339 19.44454 28.08699 0.0249 
1000.0 0.0 0.0 0.0 21.3916 0.0 0.0 0.0 0.0 0.0 0.0 0.0 15.3621 0.0 0.0 0.0 0.0 0.0 0.0 0.0 0.0 
1000.0 34.05198 37.01544 20.17451 0.0 24.80849 34.08386 7.84398 27.8068 26.68428 13.05668 17.88728 0.0 38.30423 15.38225 34.60452 28.84975 24.72649 8.73672 11.77228 0.02886 
1000.0 36.99344 27.48529 16.9564 0.0 16.06794 15.73824 13.1073 15.13857 38.07293 16.57714 26.94974 0.0 17.74476 10.21032 10.62023 17.06321 35.42382 14.0836 36.67746 0.03424 
1000.0 32.96389 21.33319 14.2904 0.0 38.43676 10.54249 30.1097 8.73785 12.6694 16.00495 18.76236 0.0 26.35002 31.83512 15.71336 29.58591 26.08296 36.42176 26.44999 0.01018 
1000.0 8.0524 16.13907 37.4491 0.0 32.27801 15.35544 24.59205 14.0322 8.23203 23.47315 34.13761 0.0 33.15714 31.31829 16.52677 13.97481 27.17959 11.99461 27.20709 0.03964 
1000.0 32.40483 23.06312 30.69715 0.0 30.579 10.05473 35.4792 13.43933 36.37711 15.76479 27.51193 0.0 11.46421 34.37119 8.05318 14.48645 27.52142 8.64937 21.01255 0.02398 
1000.0 24.39887 16.41004 22.91456 0.0 10.44292 30.1574 26.53601 31.91531 25.43682 12.83214 23.76994 0.0 12.52949 13.21833 15.36192 9.35681 14.90492 33.56692 16.37691 0.01555 
1000.0 18.30067 31.20748 30.14963 0.0 12.8162 33.44636 19.90372 26.10946 30.76128 17.21152 34.69444 0.0 28.74374 24.35156 9.68608 25.21013 20.50165 8.93061 30.13972 0.02347 
1000.0 0.0 0.0 0.0 9.31264 0.0 0.0 0.0 0.0 0.0 0.0 0.0 19.3665 0.0 0.0 0.0 0.0 0.0 0.0 0.0 0.0 
1000.0 9.64896 18.39714 27.69599 0.0 25.99133 14.89703 35.76066 12.56454 31.18791 10.15468 11.45741 0.0 28.64363 9.18718 28.85284 23.81954 30.47814 17.16543 15.34952 0.01199 
1000.0 11.78179 18.0275 27.95572 0.0 21.87548 14.20498 17.63691 32.77723 31.11551 34.27473 18.61805 0.0 10.26768 29.00217 10.56843 33.0919 35.48 33.62027 11.3758 0.04057 
1000.0 32.87173 15.22392 15.76753 0.0 32.21315 14.10168 9.48171 33.41165 8.12795 33.74385 9.22374 0.0 17.57509 19.90409 34.17335 11.72529 22.69648 29.16695 20.96237 0.03757 
1000.0 27.99569 26.41368 35.7931 0.0 16.35436 13.52602 13.56024 21.49178 20.69297 23.01064 33.68663 0.0 36.01496 30.22908 9.57784 8.42987 23.93323 17.88475 9.49687 0.03352 
1000.0 28.86143 12.88089 19.9906 0.0 14.67989 13.08219 18.99452 29.09841 9.94094 17.37821 33.82093 0.0 36.8692 10.00747 27.25886 8.1665 22.55701 25.58514 37.65733 0.04102 
1000.0 27.05333 17.93522 33.09476 0.0 27.8917 31.79332 9.74409 27.81952 25.43699 14.6564 33.96208 0.0 8.67597 19.26837 36.17749 26.59189 13.72794 17.27342 17.02034 0.02792 
1000.0 25.2933 22.75139 10.43393 0.0 14.08245 25.83191 21.09865 17.26366 29.42588 26.32399 28.24551 0.0 31.23793 33.10123 24.87241 31.80523 29.56716 19.23466 20.20081 0.01181 
1000.0 0.15585 0.14541 0.17223 0.0 0.13432 0.09172 0.09801 0.09644 0.155 0.05702 0.04258 0.0 0.03647 0.13088 0.17257 0.14338 0.14939 0.06821 0.07966 7.82649 
