1000.0 1000.0 1000.0 1000.0 1000.0 1000.0 1000.0 1000.0 1000.0 1000.0 1000.0 1000.0 1000.0 1000.0 1000.0 1000.0 1000.0 1000.0 1000.0 1000.0 1000.0 
1000.0 19.33276 22.00089 9.78096 0.0 25.48046 22.0445 21.01196 29.75527 31.02214 18.79084 24.74572 0.0 30.27772 32.10992 9.43707 10.99568 18.75254 21.10516 20.65931 0.04167 
1000.0 34.74724 32.24018 17.4676 0.0 19.4768 33.92551 27.02564 16.07602 28.62511 17.50532 24.09304 0.0 15.25237 22.05432 23.60858 10.42521 9.58375 19.234 35.84952 0.01004 
1000.0 18.40314 32.34782 12.52128 0.0 22.45096 21.14583 21.26709 13.77569 27.72761 31.29831 19.44707 0.0 21.80986 29.72353 32.91954 14.85753 25.45403 7.69206 33.1288 0.04222 
1000.0 0.0 0.0 0.0 17.44958 0.0 0.0 0.0 0.0 0.0 0.0 0.0 16.91511 0.0 0.0 0.0 0.0 0.0 0.0 0.0 0.0 
1000.0 25.68514 17.86191 26.91278 0.0 27.36596 14.9141 27.65528 19.91858 29.7651 26.38805 24.99455 0.0 12.63176 22.73054 7.71279 27.00466 9.47592 28.07163 33.59084 0.02545 
1000.0 13.37957 32.38746 29.08726 0.0 28.55256 32.02606 28.12845 22.13794 21.51512 25.7171 20.52292 0.0 19.01698 30.85434 12.76699 17.67534 31.35709 18.60155 9.80274 0.02636 
1000.0 12.48096 14.68535 36.56851 0.0 18.70969 21.54727 34.13598 7.62564 24.3453 34.19458 27.48702 0.0 12.46985 24.12999 32.91814 12.06047 16.42329 29.94623 33.12218 0.01758 
1000.0 11.36986 14.64595 32.05485 0.0 13.26892 27.50797 22.39923 25.27017 35.11807 10.07497 36.28083 0.0 32.10944 28.29943 19.24616 31.9275 31.56867 19.27267 27.73978 0.03752 
1000.0 35.87379 30.13972 32.25282 0.0 35.8245 11.58024 9.31356 23.54355 27.27494 36.63786 12.48633 0.0 11.25209 36.18255 35.8141 28.45565 12.03494 21.06341 22.51485 0.03523 
1000.0 22.99393 24.70326 31.66416 0.0 27.00551 15.84375 32.23274 15.29662 12.42789 13.00631 9.18759 0.0 12.16092 24.50774 27.97593 11.82506 14.32193 35.31696 10.94328 0.0285 
1000.0 29.33101 11.5691 12.73048 0.0 19.51533 31.71873 12.69316 11.18087 33.73947 32.07022 31.85342 0.0 25.82229 13.54929 11.71376 14.21487 26.02178 28.37844 25.85644 0.02005 
1000.0 0.0 0.0 0.0 8.45179 0.0 0.0 0.0 0.0 0.0 0.0 0.0 29.4719 0.0 0.0 0.0 0.0 0.0 0.0 0.0 0.0 
1000.0 12.42547 18.87711 10.74659 0.0 21.04835 34.81969 7.40554 15.94568 20.73294 23.73278 28.38375 0.0 10.2055 9.54161 35.92446 28.4493 14.86049 10.55489 32.92282 0.02729 
1000.0 12.41879 7.73901 21.92065 0.0 27.20458 17.31448 11.19189 7.49324 17.4733 32.75391 22.44859 0.0 23.51767 15.20739 21.21248 13.48958 19.19311 28.45981 15.12433 0.04065 
1000.0 34.55622 15.78345 11.45675 0.0 32.03436 27.94349 19.74352 22.44686 26.20745 23.55416 11.26387 0.0 23.25174 22.85116 16.49646 32.14553 30.80844 28.87531 11.83057 0.0385 
1000.0 20.6631 17.50978 26.28146 0.0 24.71245 10.71882 23.86447 31.33703 16.54339 12.03176 25.79539 0.0 23.7485 19.59714 36.63774 20.17143 8.90645 10.51938 23.54891 0.01066 
1000.0 9.91478 21.36163 16.69816 0.0 19.9108 24.07298 8.30592 33.27012 7.37268 23.11923 8.07128 0.0 34.92584 25.54056 16.46759 16.12433 26.68468 25.37184 30.23773 0.03127 
1000.0 31.62582 26.41893 22.08919 0.0 21.60268 33.79866 15.56873 20.94733 9.5272 32.68554 17.52592 0.0 27.3939 14.37466 36.32493 31.37106 23.39561 18.76612 35.57975 0.02791 
1000.0 20.26106 31.5124 35.42853 0.0 11.13918 28.92833 35.9034 10.97372 32.33775 33.11248 36.48745 0.0 26.4923 17.43141 21.18057 16.56355 14.8803 26.52914 20.33975 0.01726 
1000.0 0.07236 0.0387 0.12017 0.0 0.14005 0.13992 0.11255 0.08686 0.05949 0.13306 0.15033 0.0 0.05785 0.16977 0.09132 0.10003 0.15036 0.17027 0.15693 35.32608 
