1000.0 1000.0 1000.0 1000.0 1000.0 1000.0 1000.0 1000.0 1000.0 1000.0 1000.0 1000.0 1000.0 1000.0 1000.0 1000.0 1000.0 1000.0 1000.0 1000.0 1000.0 
1000.0 14.6639 22.64049 18.37148 0.0 24.67186 15.40131 36.18953 14.99686 8.95529 21.35504 12.02751 0.0 20.70523 35.71735 38.02103 12.7637 30.58708 30.21074 10.02583 0.04437 
1000.0 38.62552 16.81305 8.77027 0.0 18.13222 20.31809 18.46895 12.52856 15.36829 25.57796 37.99448 0.0 31.43369 23.30976 37.84101 36.11034 8.23469 19.23663 36.71803 0.01497 
1000.0 38.4424 35.29246 38.36371 0.0 13.51947 31.48476 10.00912 15.01587 14.23313 37.26717 12.1732 0.0 35.71639 32.26683 27.88572 27.72349 22.44002 36.62464 38.88792 0.02989 
1000.0 0.0 0.0 0.0 35.23534 0.0 0.0 0.0 0.0 0.0 0.0 0.0 34.80781 0.0 0.0 0.0 0.0 0.0 0.0 0.0 0.0 
1000.0 38.84309 11.3225 13.23783 0.0 37.07328 32.62922 11.07001 16.55625 26.81493 17.9321 31.34106 0.0 12.13825 35.79607 15.8306 28.60351 33.14786 13.69354 25.89478 0.00922 
1000.0 37.77841 33.51569 30.02521 0.0 13.60026 20.61072 34.69495 23.28515 34.91984 29.28529 14.61661 0.0 13.67911 15.94246 33.45716 14.24593 14.48816 14.94458 14.65881 0.02692 
1000.0 14.34261 28.07059 10.53381 0.0 37.05203 38.2303 15.478 14.74363 15.00552 21.77093 25.52514 0.0 11.42725 31.85868 32.74942 38.9215 14.50247 39.50193 26.0572 0.03936 
1000.0 38.4587 37.71772 37.9733 0.0 19.06115 37.55083 31.47775 35.93177 18.07467 13.05505 35.32598 0.0 14.32375 34.1226 22.85909 11.27817 16.73076 30.6008 32.52927 0.02793 
1000.0 10.18568 25.34428 14.88647 0.0 22.90363 17.00785 19.26097 38.45344 22.24275 8.70632 31.95728 0.0 16.22885 21.51515 15.43728 30.14177 38.56846 28.01376 21.05495 0.01357 
1000.0 22.81081 13.43953 31.52706 0.0 10.16277 35.44452 21.18465 29.70623 38.23984 21.87633 37.05162 0.0 14.99552 29.10554 29.40835 25.69486 17.60339 8.47697 34.15857 0.01454 
1000.0 29.66889 11.96346 26.11759 0.0 12.32022 9.87424 36.18982 9.97915 34.38918 10.02226 18.28135 0.0 27.42899 33.62585 38.37422 31.05138 14.74436 22.7403 14.52225 0.04384 
1000.0 0.0 0.0 0.0 23.99064 0.0 0.0 0.0 0.0 0.0 0.0 0.0 26.30264 0.0 0.0 0.0 0.0 0.0 0.0 0.0 0.0 
1000.0 34.40261 33.34018 29.08595 0.0 25.67249 20.36086 12.43262 26.9259 20.1647 12.98203 12.18149 0.0 27.87957 37.32572 18.52842 27.07246 34.80582 10.17406 17.36297 0.03153 
1000.0 27.271 33.72553 38.61262 0.0 12.12983 35.51853 33.94629 15.09059 20.31683 30.94093 23.7588 0.0 26.366 18.2007 16.69031 35.10352 19.78635 23.93402 30.71809 0.03756 
1000.0 14.42219 20.29656 12.50667 0.0 9.45949 34.39046 14.04031 12.7406 26.52548 16.32545 20.19583 0.0 21.82001 8.35434 35.56766 34.30906 35.075 22.27407 28.67955 0.04283 
1000.0 28.92341 12.02102 31.003 0.0 26.33914 27.86463 32.90537 33.87 30.0989 31.83163 16.04866 0.0 12.02215 14.65261 22.51046 25.7354 37.05487 21.48883 18.37084 0.02234 
1000.0 35.83422 13.06595 27.38907 0.0 21.4028 30.11733 22.16785 36.58 15.36445 21.2552 38.81685 0.0 18.50568 33.85013 11.38756 23.47054 27.9764 36.04135 33.66335 0.01324 
1000.0 34.25527 16.15191 25.87608 0.0 38.14898 39.37605 12.96846 8.6922 35.70209 20.46615 37.9399 0.0 18.87586 21.43399 27.18187 26.33232 31.24935 22.67742 24.87728 0.04176 
1000.0 23.73912 12.88872 25.20309 0.0 23.95658 8.45707 16.51983 10.22386 39.10834 18.74502 14.31001 0.0 18.26962 34.73215 29.9165 16.72651 23.90545 29.19613 22.73287 0.01554 
1000.0 0.09167 0.0837 0.07639 0.0 0.08478 0.08312 0.08683 0.09302 0.11307 0.12434 0.1245 0.0 0.08939 0.0942 0.07633 0.10385 0.05901 0.10925 0.11041 11.1326 
