1000.0 1000.0 1000.0 1000.0 1000.0 1000.0 1000.0 1000.0 1000.0 1000.0 1000.0 1000.0 1000.0 1000.0 1000.0 1000.0 1000.0 1000.0 1000.0 1000.0 1000.0 
1000.0 36.11721 45.432 24.98491 0.0 45.09906 14.32274 32.19668 15.8036 32.871 21.48657 36.73799 0.0 36.43006 28.4829 19.5225 27.10831 23.74124 22.94552 20.05705 0.03988 
1000.0 39.23085 12.43564 25.13832 0.0 23.72392 10.52012 24.10948 13.2714 23.6414 19.23585 14.01971 0.0 42.09925 20.60443 18.37147 33.74482 31.50851 48.04486 43.4785 0.0402 
1000.0 42.5617 14.70589 41.92681 0.0 11.19184 42.17434 47.74901 21.57378 42.45637 43.00404 43.36642 0.0 24.21802 44.41523 32.35516 20.02947 11.84811 21.12615 18.94945 0.02225 
1000.0 0.0 0.0 0.0 27.78345 0.0 0.0 0.0 0.0 0.0 0.0 0.0 46.40048 0.0 0.0 0.0 0.0 0.0 0.0 0.0 0.0 
1000.0 37.59535 20.84321 28.56335 0.0 17.15631 37.51921 13.72395 21.39257 44.69448 22.91596 17.62572 0.0 45.66166 16.55756 30.96634 33.40417 39.30661 11.94776 19.35629 0.04289 
1000.0 46.21867 16.42248 30.15813 0.0 29.893 19.60698 41.52523 17.26567 29.78802 39.31944 29.874 0.0 31.95224 19.0926 43.71705 10.89284 33.17907 29.01067 44.5465 0.0278 
1000.0 16.63173 11.77988 16.50667 0.0 20.81867 41.63295 34.84625 31.92357 33.50337 16.05451 21.52627 0.0 46.6605 18.52487 23.32429 44.38591 18.6658 17.41694 36.1168 0.02014 
1000.0 25.3148 15.68535 11.19578 0.0 31.45166 47.41452 12.46418 11.55144 46.23804 31.64407 17.59093 0.0 38.59547 25.28434 37.06952 35.20676 31.13818 32.34152 22.76695 0.01939 
1000.0 47.12247 34.7835 27.02562 0.0 27.24005 38.31667 31.5288 47.69395 19.20847 41.30011 34.61 0.0 25.40709 29.95825 43.79524 22.1576 46.05931 29.40468 15.88474 0.03073 
1000.0 34.40091 30.24151 45.02267 0.0 30.83061 11.6639 14.82135 46.95923 11.25486 18.919 29.95809 0.0 26.08858 27.58216 28.42789 25.06791 35.33406 19.30311 18.21766 0.03511 
1000.0 16.88084 44.88348 23.71793 0.0 24.9016 23.79974 31.05817 40.52385 41.09615 11.7679 43.75085 0.0 28.73836 27.01023 10.33407 45.04897 42.3118 17.98414 33.39461 0.01068 
1000.0 0.0 0.0 0.0 41.70652 0.0 0.0 0.0 0.0 0.0 0.0 0.0 47.25898 0.0 0.0 0.0 0.0 0.0 0.0 0.0 0.0 
1000.0 12.50072 20.22373 32.01022 0.0 41.06276 22.1584 32.64849 25.2793 44.32617 38.6342 31.35544 0.0 28.68675 24.01726 21.4466 46.56173 16.20357 16.88552 47.35192 0.03309 
1000.0 29.74362 42.47618 27.67081 0.0 40.81684 14.11305 24.52897 45.63742 21.36265 10.83763 19.75948 0.0 24.40403 27.21072 31.007 44.35992 33.26103 10.89425 16.52638 0.03101 
1000.0 31.99151 22.98812 39.89905 0.0 12.13371 13.86918 10.96728 29.70843 25.8018 14.54026 27.69145 0.0 39.57422 47.63428 12.10272 20.27299 36.55451 28.35909 19.50996 0.02648 
1000.0 17.19968 28.58518 28.57056 0.0 14.00543 13.84537 17.21286 12.84187 30.00075 25.85953 12.92061 0.0 33.57883 46.7227 46.56433 29.99001 38.98797 39.42572 47.50565 0.03851 
1000.0 13.08392 19.13483 26.10959 0.0 16.46288 9.9636 30.14098 19.06116 9.64654 17.02635 35.44864 0.0 16.39215 40.44297 47.65479 43.58228 32.78686 16.49366 30.52245 0.01658 
1000.0 33.94227 26.51432 13.5307 0.0 18.90151 40.15905 25.82718 29.28863 22.64915 38.90928 31.35989 0.0 42.22071 10.90042 34.9915 16.15465 42.92627 45.16403 44.72754 0.01099 
1000.0 45.20795 18.0591 19.06139 0.0 18.15483 31.34301 47.65925 14.68965 26.5372 37.1462 28.93372 0.0 25.60785 31.71108 17.18848 37.17642 19.82099 12.2574 42.50263 0.03568 
1000.0 0.17605 0.04233 0.07791 0.0 0.17647 0.13953 0.18969 0.04778 0.1259 0.1648 0.16988 0.0 0.11931 0.16275 0.16998 0.04344 0.14043 0.11423 0.12216 37.90073 
