1000.0 1000.0 1000.0 1000.0 1000.0 1000.0 1000.0 1000.0 1000.0 1000.0 1000.0 1000.0 1000.0 1000.0 1000.0 1000.0 1000.0 1000.0 1000.0 1000.0 1000.0 
1000.0 18.05115 38.8274 12.00103 0.0 39.09681 11.25552 18.43225 39.10409 12.27588 10.23783 40.32368 0.0 26.29081 19.24639 26.10568 32.46517 39.26567 36.91461 24.47814 0.02485 
1000.0 22.50318 42.88842 24.24182 0.0 19.49935 24.67542 38.69841 12.65548 35.88422 12.74182 42.4101 0.0 17.65573 47.77209 13.75613 18.29059 31.67437 27.58706 31.77064 0.02056 
1000.0 18.06374 46.91929 33.65273 0.0 24.71503 35.26987 20.03092 41.87347 46.94035 28.52898 27.76679 0.0 34.28054 10.92593 36.59834 15.59913 34.46184 41.10909 28.82206 0.01423 
1000.0 0.0 0.0 0.0 28.33452 0.0 0.0 0.0 0.0 0.0 0.0 0.0 40.32761 0.0 0.0 0.0 0.0 0.0 0.0 0.0 0.0 
1000.0 41.31514 36.78435 36.68826 0.0 29.8432 30.60468 47.20681 44.64106 22.74234 15.46939 39.83814 0.0 23.57555 40.4927 28.74866 19.91446 35.3499 17.72441 19.49105 0.02321 
1000.0 35.34131 42.29961 44.74309 0.0 26.72782 47.03742 45.74898 30.41352 46.25572 15.26237 38.83104 0.0 22.70639 16.22529 46.36878 13.6799 32.95042 23.01581 42.22321 0.01887 
1000.0 29.33046 25.95652 10.92675 0.0 34.47967 33.22793 34.52933 41.74072 33.62622 35.17805 28.5768 0.0 47.08499 45.63549 24.64202 45.52843 11.86774 40.96255 13.69562 0.0372 
1000.0 11.46863 26.21915 45.32061 0.0 10.14308 12.1833 30.71853 33.214 36.02496 20.07859 24.23134 0.0 41.63379 20.50641 14.16034 36.06045 46.57457 15.45399 26.34501 0.02188 
1000.0 25.7094 28.74204 20.52961 0.0 12.19661 20.52485 34.14369 17.52896 19.19938 27.71072 18.03143 0.0 44.75103 20.39051 18.9836 29.15833 18.61401 24.86996 25.4426 0.042 
1000.0 43.62749 24.25609 19.82415 0.0 37.82521 37.12996 26.02368 30.18594 41.37862 31.28034 19.65636 0.0 19.16785 30.55056 14.21051 41.5339 25.07022 42.57548 34.39229 0.03686 
1000.0 10.78561 27.08274 45.65295 0.0 46.81252 19.53331 10.3224 39.19621 42.87497 27.94379 17.09844 0.0 31.40153 32.24769 29.79731 35.72183 29.14788 17.06559 20.33657 0.04794 
1000.0 0.0 0.0 0.0 24.85993 0.0 0.0 0.0 0.0 0.0 0.0 0.0 42.40899 0.0 0.0 0.0 0.0 0.0 0.0 0.0 0.0 
1000.0 24.58841 37.87762 13.01391 0.0 46.49164 25.75799 24.43111 35.36016 21.82126 32.16958 24.46245 0.0 32.80015 39.04957 17.79812 31.77998 11.83264 29.72154 12.87395 0.01729 
1000.0 46.93168 46.38802 42.32652 0.0 13.94287 45.90927 24.09887 18.49479 30.9379 43.93222 41.52423 0.0 13.37098 21.53801 37.51103 35.79071 15.77625 43.79641 20.72737 0.03097 
1000.0 13.05306 39.77238 16.42663 0.0 22.88818 46.98876 15.2096 13.45085 30.21119 30.7224 24.07883 0.0 19.68265 41.71183 38.83193 30.78178 19.68984 35.64914 43.20049 0.04382 
1000.0 33.82802 46.58783 30.13261 0.0 30.91371 36.02518 10.0069 22.74531 43.23153 29.10638 33.58839 0.0 17.28099 26.98962 27.96915 34.85022 37.89729 34.02137 17.55934 0.0146 
1000.0 41.71788 30.60837 44.50333 0.0 25.92243 36.54454 39.83083 19.0982 23.57255 11.17742 41.257 0.0 29.47718 19.02085 14.58024 10.77554 20.46322 39.00876 16.86883 0.01209 
1000.0 10.44151 46.54613 12.61372 0.0 22.9254 13.37309 47.04956 12.77144 12.28822 47.20889 43.82966 0.0 23.2902 9.61874 47.61514 39.85662 21.04751 27.50844 44.62816 0.03079 
1000.0 13.62616 33.25132 32.31816 0.0 33.3521 22.56825 23.5283 45.28791 9.63291 34.54758 17.11369 0.0 34.99604 29.31386 23.22015 16.22472 45.5922 33.37285 36.18762 0.04532 
1000.0 0.15809 0.1863 0.06989 0.0 0.08878 0.07181 0.06127 0.11785 0.19039 0.11524 0.08405 0.0 0.10456 0.09394 0.12826 0.0528 0.09946 0.18729 0.14266 35.27503 
