1000.0 1000.0 1000.0 1000.0 1000.0 1000.0 1000.0 1000.0 1000.0 1000.0 1000.0 1000.0 1000.0 1000.0 1000.0 1000.0 1000.0 1000.0 1000.0 1000.0 1000.0 
1000.0 36.05382 37.69279 36.29976 0.0 25.75824 37.13135 43.07384 44.88295 14.94618 9.55986 18.16685 0.0 44.62458 15.67931 29.88557 23.57733 36.25902 39.6813 16.61245 0.03411 
1000.0 38.97502 36.00151 33.15129 0.0 27.36809 46.26091 29.32715 29.98102 43.84291 35.87801 41.73872 0.0 21.75997 45.23592 17.92873 37.34168 21.8713 10.50887 43.24449 0.01739 
1000.0 11.80909 11.15821 40.4826 0.0 42.08241 42.25045 36.65931 18.34191 36.92228 39.52 30.74672 0.0 15.16405 37.2188 21.21799 18.20224 29.78352 21.05578 42.88712 0.04753 
1000.0 0.0 0.0 0.0 22.03963 0.0 0.0 0.0 0.0 0.0 0.0 0.0 21.55802 0.0 0.0 0.0 0.0 0.0 0.0 0.0 0.0 
1000.0 23.22251 43.78664 18.33686 0.0 27.93193 22.08566 41.65576 20.77068 23.31985 33.85497 38.38805 0.0 21.11032 31.63228 10.1527 46.15154 36.60066 39.5479 27.06502 0.0423 
1000.0 34.96752 42.00327 14.8771 0.0 32.96569 33.05702 27.39284 26.20378 19.20249 17.09898 33.80808 0.0 22.33937 28.91025 34.74871 18.80965 29.05852 30.249 19.29127 0.04476 
1000.0 42.82822 32.57117 35.91678 0.0 46.47289 31.61422 24.46828 17.72536 20.75097 22.4425 25.777 0.0 18.29839 45.56793 10.05786 33.29119 29.96908 9.92071 41.41402 0.02396 
1000.0 44.2758 36.00725 22.68755 0.0 14.92086 31.45476 24.14046 38.72341 37.49618 15.98408 35.37104 0.0 34.92345 22.45395 42.74283 41.39374 25.38044 17.12691 22.27323 0.02697 
1000.0 30.26734 31.24661 35.40621 0.0 39.40491 28.95378 20.36403 40.43674 29.50099 14.42776 42.06769 0.0 15.86948 37.35195 45.06259 17.5998 20.55698 29.86127 21.17785 0.04347 
1000.0 44.43166 19.94686 39.1478 0.0 45.04816 10.65628 46.34661 35.70272 42.43738 32.93337 9.85758 0.0 13.32714 29.43426 29.15982 23.39984 27.71023 41.91806 45.85843 0.01463 
1000.0 31.32326 25.00364 13.05571 0.0 15.95388 22.60606 20.30793 41.2145 9.5407 44.90901 40.14212 0.0 30.439 29.55326 43.45994 26.30861 34.42664 9.57447 45.42998 0.02965 
1000.0 0.0 0.0 0.0 28.2836 0.0 0.0 0.0 0.0 0.0 0.0 0.0 22.39486 0.0 0.0 0.0 0.0 0.0 0.0 0.0 0.0 
1000.0 40.31261 17.81876 25.0014 0.0 17.44633 42.14451 29.51891 31.67499 36.6106 11.23547 22.02198 0.0 11.13203 34.72764 42.56816 15.14535 46.46703 39.60701 29.38182 0.01699 
1000.0 16.79084 38.36701 22.41161 0.0 45.25076 39.95498 34.50326 24.57236 42.79088 34.24287 12.83538 0.0 21.30516 23.72187 15.90499 46.5882 9.54155 35.94785 12.08082 0.03509 
1000.0 30.40994 17.8625 28.10866 0.0 44.59189 25.49772 39.56127 30.07285 23.14968 13.68075 23.15559 0.0 21.30811 46.42428 22.59004 17.53756 18.74857 30.76021 12.76624 0.02815 
1000.0 23.58263 29.46247 20.19074 0.0 13.25067 17.84974 42.57979 16.59678 29.38826 21.64851 16.74791 0.0 12.0973 14.43063 15.69306 43.7143 10.41302 46.3604 18.76273 0.0225 
1000.0 22.10711 26.24816 9.65985 0.0 13.83159 22.57255 29.26885 19.96561 36.72955 18.72812 12.95744 0.0 19.66247 24.86566 33.09743 44.47995 31.33025 15.22142 40.13966 0.03201 
1000.0 38.35741 16.7644 38.73487 0.0 13.75067 30.74829 36.45872 44.40359 16.07199 22.54066 23.9097 0.0 29.67078 23.05578 34.13068 10.60806 13.1508 42.58839 29.55888 0.01805 
1000.0 22.96177 37.55883 21.67895 0.0 41.55222 44.68656 19.09373 24.38771 46.75329 33.21023 42.91517 0.0 19.37801 21.82924 41.55723 14.20401 11.10712 19.80494 22.77808 0.02145 
1000.0 0.15015 0.11962 0.18261 0.0 0.17561 0.06863 0.04617 0.08845 0.11832 0.1187 0.10855 0.0 0.08017 0.12072 0.09857 0.14545 0.08678 0.16842 0.15433 13.54809 
