1000.0 1000.0 1000.0 1000.0 1000.0 1000.0 1000.0 1000.0 1000.0 1000.0 1000.0 1000.0 1000.0 1000.0 1000.0 1000.0 1000.0 1000.0 1000.0 1000.0 1000.0 
1000.0 12.87867 14.76229 23.39516 0.0 25.25933 37.63276 16.83472 13.60171 19.08874 37.2005 22.78157 0.0 27.20427 27.46592 26.17938 26.1181 25.70241 34.20016 23.54761 0.01113 
1000.0 32.87179 31.02715 23.3241 0.0 29.85396 20.02182 20.10733 17.97744 24.098 14.81306 24.06588 0.0 36.65249 28.51698 10.57001 36.08908 10.8384 12.02702 26.18592 0.02498 
1000.0 37.23885 34.62157 23.98092 0.0 17.67909 23.94225 27.64888 26.1944 37.44646 32.48523 22.02293 0.0 26.62171 36.13292 19.21774 30.8969 18.92774 10.43091 19.72874 0.01316 
1000.0 0.0 0.0 0.0 36.49103 0.0 0.0 0.0 0.0 0.0 0.0 0.0 31.59342 0.0 0.0 0.0 0.0 0.0 0.0 0.0 0.0 
1000.0 31.88303 23.74648 36.34617 0.0 18.19209 19.22422 26.22033 8.47477 34.02018 32.23903 10.7423 0.0 31.56643 21.44168 36.12451 36.58746 20.5466 28.46953 17.81236 0.01725 
1000.0 32.70937 20.82019 18.9938 0.0 10.4592 24.57268 8.37262 33.29453 15.23333 17.65446 10.45473 0.0 31.98555 27.64096 27.09317 32.11819 36.16133 33.45241 8.28578 0.02929 
1000.0 20.42878 20.94297 12.10982 0.0 14.27829 36.17864 34.98907 22.65651 16.44568 32.54126 8.09136 0.0 12.44643 16.72339 28.88261 13.56776 8.72586 8.30915 23.60144 0.02431 
1000.0 13.6057 26.39457 14.25339 0.0 36.70627 16.36656 37.74925 16.70696 37.46069 12.14243 34.32664 0.0 33.92165 14.6277 30.85217 33.38682 33.22107 18.58727 17.10444 0.01339 
1000.0 18.11051 29.07198 8.86093 0.0 23.99825 14.20053 29.76829 19.13976 19.67584 29.55896 14.18312 0.0 24.16909 35.88827 15.14114 7.82299 21.11941 15.19689 31.13675 0.03248 
1000.0 34.60012 29.38219 18.11122 0.0 20.74925 16.25255 21.87336 14.6232 20.51985 16.53853 31.20443 0.0 18.85592 33.9757 18.87425 26.32272 33.64481 33.02461 37.89311 0.02143 
1000.0 28.58195 7.898 22.19802 0.0 17.01715 37.92783 15.47825 16.54747 26.10325 29.89543 32.98795 0.0 33.32724 20.94389 26.52578 20.46288 35.83247 9.64628 30.61464 0.02628 
1000.0 0.0 0.0 0.0 29.77909 0.0 0.0 0.0 0.0 0.0 0.0 0.0 14.6391 0.0 0.0 0.0 0.0 0.0 0.0 0.0 0.0 
1000.0 32.15548 10.25309 26.42942 0.0 15.5272 14.36494 12.6517 19.46767 13.72761 11.01168 16.10936 0.0 36.7251 22.80386 22.18202 18.94854 15.52993 31.25387 35.63053 0.01203 
1000.0 34.66118 25.87058 27.34517 0.0 24.9646 18.4709 32.18619 16.1024 26.26487 35.63822 26.23072 0.0 10.06626 8.83285 21.28136 18.09498 8.58513 16.78391 32.17605 0.03814 
1000.0 11.06398 31.19648 21.21599 0.0 17.64275 30.98706 20.35737 15.16067 23.54043 29.03246 30.20178 0.0 11.37014 28.926 16.4914 37.53561 25.63063 36.5921 24.53821 0.02937 
1000.0 20.73156 32.4846 24.70273 0.0 28.88926 32.41253 35.45225 13.10091 13.90794 17.62599 7.96529 0.0 11.35422 25.47124 28.27094 25.69855 7.78921 32.27446 23.62724 0.0322 
1000.0 32.57855 34.59696 28.08084 0.0 24.75309 15.22013 25.5087 22.85278 30.77184 20.6164 36.78896 0.0 34.80586 13.5031 11.68242 37.90028 12.87654 27.14354 34.0655 0.03841 
1000.0 9.31958 18.57326 34.62736 0.0 27.99621 31.08575 15.12433 13.74981 18.90606 36.41766 36.51598 0.0 13.76513 14.98416 10.5255 17.06691 36.05988 37.6546 35.35451 0.04091 
1000.0 29.83576 33.05566 21.04652 0.0 30.40727 31.71468 34.88959 33.64686 26.87923 23.41477 23.37154 0.0 31.11965 37.45176 32.165 18.40331 21.49358 32.88495 26.61215 0.01711 
1000.0 0.16492 0.05055 0.17263 0.0 0.13409 0.12146 0.14375 0.15814 0.13953 0.05713 0.09402 0.0 0.05693 0.03556 0.16033 0.12007 0.15837 0.0448 0.08991 30.83582 
