1000.0 1000.0 1000.0 1000.0 1000.0 1000.0 1000.0 1000.0 1000.0 1000.0 1000.0 1000.0 1000.0 1000.0 1000.0 1000.0 1000.0 1000.0 1000.0 1000.0 1000.0 
1000.0 24.51981 11.32868 19.65485 0.0 8.54838 21.5506 39.70915 29.4113 15.99492 27.90405 36.02361 0.0 9.56417 24.36031 19.39916 25.80067 24.82146 36.33338 10.51252 0.01841 
1000.0 12.29987 40.90852 28.96876 0.0 10.80277 17.77743 12.89381 16.4947 22.58949 16.12238 9.60996 0.0 21.66403 26.24739 33.05762 40.42425 31.3908 26.9875 27.28863 0.01739 
1000.0 18.23943 31.19301 30.00032 0.0 13.80833 31.37465 10.00271 27.1514 29.11433 23.28331 27.33214 0.0 39.08143 34.717 26.96379 22.26794 26.64128 38.43418 39.70724 0.0399 
1000.0 0.0 0.0 0.0 38.82719 0.0 0.0 0.0 0.0 0.0 0.0 0.0 20.48387 0.0 0.0 0.0 0.0 0.0 0.0 0.0 0.0 
1000.0 19.53305 24.85817 36.4567 0.0 12.75648 24.37967 32.28388 24.50008 25.18064 19.27796 17.42387 0.0 23.61723 15.72837 22.97175 36.90187 15.61818 10.52344 25.40096 0.03574 
1000.0 13.70941 29.48364 20.24385 0.0 24.83192 36.67606 23.54162 27.74261 19.17068 21.68692 24.75001 0.0 41.35359 26.89007 29.15658 18.12333 40.48173 13.8671 11.72049 0.04334 
1000.0 23.54474 33.49944 28.85597 0.0 26.01134 34.9695 33.08425 22.06983 40.12685 21.14108 34.20039 0.0 13.32452 27.09744 28.32289 12.47871 13.03801 8.34172 25.63486 0.02532 
1000.0 17.92464 37.8352 39.22373 0.0 32.56965 18.95087 31.30233 8.80412 32.95667 33.51553 18.24501 0.0 37.11714 40.76678 19.51928 19.28451 39.21274 34.54286 33.84906 0.0284 
1000.0 26.47987 30.69768 35.99714 0.0 33.61948 38.8752 23.6524 19.96586 29.59452 33.95798 38.55338 0.0 15.35537 12.12411 30.21311 28.94748 22.41617 24.0379 23.03921 0.0294 
1000.0 10.01089 13.76664 15.34996 0.0 15.98787 11.73607 36.08141 41.23327 37.70152 28.41037 22.93784 0.0 32.50942 25.73215 16.1562 16.53138 17.66807 25.82216 39.20127 0.01075 
1000.0 21.20454 31.78586 14.85097 0.0 17.88693 21.23934 18.7937 41.33742 16.00551 36.87649 19.70969 0.0 16.76971 33.84489 31.05723 8.78882 39.20562 11.20202 30.34756 0.02163 
1000.0 0.0 0.0 0.0 28.60486 0.0 0.0 0.0 0.0 0.0 0.0 0.0 21.20752 0.0 0.0 0.0 0.0 0.0 0.0 0.0 0.0 
1000.0 31.25513 15.24072 41.12985 0.0 10.50055 16.75556 19.1161 33.3559 16.09492 18.28047 29.55031 0.0 30.73289 31.75698 18.13522 15.29151 37.17473 14.64918 9.36342 0.03907 
1000.0 14.91593 21.43213 14.94684 0.0 17.04854 33.78974 13.1473 13.55939 41.24647 8.40608 39.70032 0.0 39.96683 14.58131 14.81789 41.04731 21.75009 22.96859 41.1722 0.04154 
1000.0 31.66233 23.12672 27.05836 0.0 28.69909 20.84837 16.4686 34.34435 19.85499 11.44493 29.73435 0.0 24.44326 33.3487 31.91525 17.56059 28.07692 35.83383 33.85976 0.04453 
1000.0 25.48865 39.83156 28.58039 0.0 16.36172 18.61671 17.92985 20.16065 32.56987 41.33582 29.94197 0.0 27.22682 32.90361 12.47813 38.0597 29.76882 29.01724 33.10266 0.03998 
1000.0 39.79839 20.8422 29.24775 0.0 21.04313 39.4467 22.56393 35.35087 25.49668 41.53835 20.33558 0.0 34.9648 17.40784 28.49863 8.72201 35.28492 21.40166 39.80779 0.01376 
1000.0 15.31849 32.52763 16.13863 0.0 11.86335 37.80411 35.67113 34.54528 18.54431 32.44139 30.75499 0.0 40.11212 28.04236 17.8481 21.62509 15.87962 12.49501 35.56484 0.01272 
1000.0 27.11196 12.64079 19.22017 0.0 21.94154 24.17563 31.59256 17.74747 21.4942 37.38392 13.5655 0.0 22.50144 41.23581 18.16726 14.42451 29.75864 17.88882 25.14442 0.02061 
1000.0 0.0597 0.10486 0.17412 0.0 0.1553 0.10311 0.07049 0.09225 0.16745 0.16297 0.16205 0.0 0.05403 0.15205 0.13334 0.07242 0.12439 0.05578 0.08549 23.49311 
