1000.0 1000.0 1000.0 1000.0 1000.0 1000.0 1000.0 1000.0 1000.0 1000.0 1000.0 1000.0 1000.0 1000.0 1000.0 1000.0 1000.0 1000.0 1000.0 1000.0 1000.0 
1000.0 25.00495 33.0735 26.72788 0.0 23.43019 17.88631 22.39433 18.70821 32.73914 20.73087 32.40739 0.0 30.85307 7.30776 18.1906 32.09963 14.9761 20.4533 20.05311 0.0385 
1000.0 15.11339 19.9309 14.08058 0.0 8.29456 9.55395 23.18754 22.13461 28.69695 26.47833 22.22759 0.0 16.89796 20.9234 11.18787 23.43596 7.22022 19.93098 28.27888 0.02461 
1000.0 7.0396 19.98254 14.06782 0.0 23.13126 10.13543 21.14617 11.72904 26.59982 23.86524 21.9468 0.0 30.09739 22.02384 18.36218 23.04427 24.88148 27.80995 31.61271 0.04111 
1000.0 0.0 0.0 0.0 14.68117 0.0 0.0 0.0 0.0 0.0 0.0 0.0 31.1313 0.0 0.0 0.0 0.0 0.0 0.0 0.0 0.0 
1000.0 19.5121 9.57682 14.57736 0.0 32.05598 20.80314 21.23036 22.46259 17.84722 28.04571 14.59958 0.0 8.89413 21.96642 22.70833 22.60054 23.78995 29.41276 12.02885 0.02411 
1000.0 11.29605 23.72524 17.9465 0.0 8.59861 11.33305 15.29206 22.14909 12.06651 14.14899 28.76102 0.0 31.98921 27.44971 19.49987 19.98438 12.10126 28.47104 19.38218 0.03867 
1000.0 26.17618 8.74629 25.37167 0.0 24.29143 13.94628 32.95698 31.3219 27.12654 22.86336 20.60657 0.0 7.85315 10.20211 26.8978 19.12867 20.6373 28.40695 14.3085 0.03139 
1000.0 29.8929 22.24351 19.28335 0.0 24.14107 23.95661 30.40259 21.26583 32.48483 15.80659 22.7035 0.0 14.11777 13.84612 29.01919 23.54784 12.99466 21.77142 17.39659 0.02075 
1000.0 20.12036 8.02935 17.04277 0.0 30.13134 26.97098 10.82193 17.38171 22.59221 12.65701 17.06518 0.0 23.23092 21.74153 7.54675 27.82874 21.02023 8.93943 10.12164 0.00999 
1000.0 22.33983 32.85244 23.20466 0.0 16.41454 8.84768 30.97784 15.83914 14.3829 9.64778 29.14928 0.0 31.24547 29.64495 13.10968 11.4324 21.7138 26.38941 18.68302 0.02034 
1000.0 19.85683 19.43399 33.05518 0.0 10.3723 7.82263 16.16432 15.08031 30.07604 10.86081 19.55478 0.0 8.58471 9.25798 22.79395 17.76141 19.77043 30.81923 27.46375 0.02928 
1000.0 0.0 0.0 0.0 24.62741 0.0 0.0 0.0 0.0 0.0 0.0 0.0 25.13642 0.0 0.0 0.0 0.0 0.0 0.0 0.0 0.0 
1000.0 20.74403 20.25955 33.6286 0.0 25.43171 22.57657 18.48771 27.01323 8.50658 27.85306 30.99127 0.0 27.03852 30.38816 31.7174 20.56164 12.94665 26.258 21.76042 0.03936 
1000.0 15.41744 23.35804 14.35068 0.0 26.56133 17.33765 19.70725 8.44825 11.21728 20.51928 16.35543 0.0 27.98973 15.00221 34.09846 13.14408 31.88384 21.61253 12.48406 0.03494 
1000.0 23.42972 18.66749 11.27473 0.0 29.84978 23.26381 12.60692 30.25682 21.86826 9.63909 27.29594 0.0 19.16602 20.31783 30.19523 15.50782 31.26464 10.03118 9.75612 0.01756 
1000.0 32.89031 13.02589 18.94353 0.0 13.10844 27.10623 16.16263 15.06598 33.34259 29.1863 15.34965 0.0 22.9481 30.67352 19.15469 12.21857 22.19352 13.04336 12.38505 0.02084 
1000.0 32.41212 19.01843 9.7992 0.0 21.82066 11.70863 16.3752 21.66016 11.82695 7.16013 31.74675 0.0 20.13665 14.51331 18.92806 16.64061 7.85442 30.17419 7.41678 0.01937 
1000.0 22.15447 20.67785 14.78998 0.0 16.8376 19.63805 11.11853 13.3022 29.97149 31.24863 8.25472 0.0 12.11738 33.21084 19.61168 14.42462 12.31219 15.34879 9.93445 0.03032 
1000.0 32.82773 12.12905 13.22267 0.0 20.25415 31.26316 26.9208 22.52375 17.79381 15.54255 12.86481 0.0 33.31223 32.81742 32.38005 14.61607 13.52308 23.95944 14.03367 0.03234 
1000.0 0.15208 0.15076 0.15929 0.0 0.14299 0.04326 0.09055 0.13452 0.09045 0.07155 0.11015 0.0 0.05604 0.1645 0.07841 0.04416 0.04646 0.15155 0.04888 25.40767 
