1000.0 1000.0 1000.0 1000.0 1000.0 1000.0 1000.0 1000.0 1000.0 1000.0 1000.0 1000.0 1000.0 1000.0 1000.0 1000.0 1000.0 1000.0 1000.0 1000.0 1000.0 
1000.0 11.21633 33.27149 22.71098 0.0 13.07257 42.0889 30.87117 31.60261 13.15669 29.96325 9.52021 0.0 15.25809 13.37744 18.12096 9.5368 43.07885 43.51594 22.89555 0.03837 
1000.0 23.45641 33.61884 39.11609 0.0 19.48082 36.92362 20.72094 27.26875 43.79092 42.39537 26.39971 0.0 18.34931 24.10437 29.2618 25.52202 29.54003 14.21023 41.4748 0.02152 
1000.0 23.87908 36.33544 40.14924 0.0 31.24066 38.90646 13.5282 38.7946 13.19888 22.5025 13.80324 0.0 33.18207 40.97675 30.29974 39.17627 38.13248 12.55252 43.38221 0.02018 
1000.0 0.0 0.0 0.0 29.91763 0.0 0.0 0.0 0.0 0.0 0.0 0.0 41.02094 0.0 0.0 0.0 0.0 0.0 0.0 0.0 0.0 
1000.0 11.57083 43.20142 22.79005 0.0 9.65921 23.69675 26.47709 29.82406 41.65564 20.19633 42.13025 0.0 18.02584 41.64084 15.6225 32.52201 12.04891 32.23518 26.65074 0.04126 
1000.0 12.21666 40.97199 43.55441 0.0 35.28081 44.93006 35.50756 45.3307 32.05063 27.71835 23.75579 0.0 44.4264 42.24197 23.15272 25.56487 10.1218 35.47222 32.22956 0.04416 
1000.0 43.28232 25.16488 26.84392 0.0 27.44446 29.10855 42.88253 43.65179 17.66222 22.96545 42.21368 0.0 33.80447 23.45108 10.2461 39.14515 21.01101 13.73067 19.93196 0.01194 
1000.0 34.40813 11.21672 25.97629 0.0 26.1727 12.97076 21.27251 24.17085 15.58717 22.69236 14.77624 0.0 36.6467 17.87797 36.8823 38.85474 34.75344 18.08528 39.01403 0.02472 
1000.0 15.4146 30.53491 10.87667 0.0 11.0424 44.51693 11.80283 20.94497 39.7319 34.02748 36.07108 0.0 22.44905 29.75079 12.24703 35.81926 20.042 14.43143 10.80119 0.03844 
1000.0 14.65954 18.92013 12.73165 0.0 17.75883 25.3261 17.10814 10.76604 12.85233 41.50864 35.60253 0.0 41.98984 31.11829 21.38237 32.75531 17.66479 32.85381 18.04941 0.03828 
1000.0 25.3095 12.1416 32.11937 0.0 29.24669 32.54852 17.34578 25.84036 19.69032 36.31995 12.19128 0.0 37.03034 11.56223 23.45148 15.515 40.5793 22.51578 33.76607 0.04199 
1000.0 0.0 0.0 0.0 37.78559 0.0 0.0 0.0 0.0 0.0 0.0 0.0 14.22044 0.0 0.0 0.0 0.0 0.0 0.0 0.0 0.0 
1000.0 13.59001 33.91754 18.47667 0.0 21.76651 28.29456 14.52781 9.55453 22.05919 44.67137 30.24489 0.0 17.08027 33.80271 33.89439 41.1079 14.29531 17.16438 19.57368 0.04162 
1000.0 22.31051 31.6393 23.71228 0.0 24.96738 24.47233 23.94981 13.35857 19.05412 39.46104 30.76451 0.0 23.20701 27.57655 25.8277 17.23822 27.18748 19.14472 19.11183 0.01071 
1000.0 35.89299 26.22552 43.17643 0.0 20.95662 11.79392 23.55791 32.33693 28.42596 12.67318 39.43815 0.0 21.45917 43.36305 39.80935 11.04864 10.75009 10.29892 16.15376 0.02517 
1000.0 10.81636 32.74736 42.17973 0.0 24.38463 15.35244 33.66194 28.97788 31.56752 23.09757 13.59338 0.0 45.36735 31.26477 23.99602 38.06357 20.98035 28.69823 32.94701 0.0125 
1000.0 19.1337 43.96322 23.78697 0.0 38.83225 15.96615 29.27342 43.67432 36.22872 20.93066 13.77021 0.0 15.23563 15.686 19.8019 41.14768 11.0084 25.0121 21.01414 0.01538 
1000.0 44.88743 12.73121 19.85619 0.0 12.88355 14.0991 27.46776 18.28962 15.50869 31.96771 21.82362 0.0 31.09835 19.25552 39.51595 40.92723 33.96208 29.47076 40.57445 0.03582 
1000.0 30.27339 24.68324 13.99048 0.0 44.79297 23.26057 33.69507 34.56156 41.70721 37.76962 23.54921 0.0 14.13847 36.54566 40.60246 26.61423 15.5921 15.539 10.19567 0.03861 
1000.0 0.05419 0.08631 0.08908 0.0 0.11444 0.1609 0.12776 0.1391 0.05132 0.11668 0.06263 0.0 0.17453 0.07023 0.04564 0.18405 0.18479 0.121 0.17276 17.79466 
