1000.0 1000.0 1000.0 1000.0 1000.0 1000.0 1000.0 1000.0 1000.0 1000.0 1000.0 1000.0 1000.0 1000.0 1000.0 1000.0 1000.0 1000.0 1000.0 1000.0 1000.0 
1000.0 17.85127 22.00346 15.65546 0.0 36.1031 7.62444 29.80174 26.88384 24.11162 12.48503 13.14624 0.0 27.40936 18.1213 12.98063 16.59946 31.31857 15.99835 13.84011 0.04334 
1000.0 15.4413 25.71318 32.16632 0.0 9.25713 9.14679 28.08591 25.84019 35.98893 28.67127 31.6298 0.0 28.35827 21.68945 10.91439 11.58039 13.84333 33.27193 29.71761 0.02358 
1000.0 31.83883 7.57416 14.53143 0.0 17.30855 26.6018 11.5155 34.37427 25.23099 12.54178 15.61415 0.0 26.6022 33.88724 26.12417 17.68684 14.84459 14.89739 36.56579 0.03719 
1000.0 0.0 0.0 0.0 28.31473 0.0 0.0 0.0 0.0 0.0 0.0 0.0 32.7385 0.0 0.0 0.0 0.0 0.0 0.0 0.0 0.0 
1000.0 14.1878 17.70396 17.9922 0.0 12.61462 19.54492 22.08289 19.21341 29.48659 36.54093 27.13807 0.0 22.56419 14.29004 18.96954 9.23838 12.54596 10.3626 35.89607 0.0208 
1000.0 35.32596 29.22838 18.09034 0.0 17.94308 12.55306 7.62517 17.22905 25.02169 26.40554 27.73861 0.0 32.85266 16.45334 33.99805 33.97008 27.64667 17.07865 12.84928 0.03934 
1000.0 22.55003 23.42661 32.13311 0.0 11.97694 10.772 30.5782 26.40381 33.5572 10.12811 21.11132 0.0 27.47714 25.91112 25.96863 19.63416 37.47163 16.57539 20.77785 0.02144 
1000.0 24.84517 15.37524 11.31441 0.0 25.02207 28.92666 9.88778 31.16155 36.66358 17.48515 19.26153 0.0 33.13602 26.7136 8.70028 33.53094 11.21807 35.04428 7.80658 0.02478 
1000.0 22.49674 27.94432 33.79681 0.0 36.87335 17.907 24.70526 36.35989 15.20901 27.66769 19.01605 0.0 20.47069 29.48639 20.97672 15.03077 13.68247 30.68875 15.97004 0.01556 
1000.0 22.01229 28.61509 24.52098 0.0 26.89451 31.56498 29.7753 21.78268 15.85248 33.10373 33.83085 0.0 21.9539 25.68944 34.2352 18.31188 25.32142 8.19552 31.02339 0.03017 
1000.0 30.00458 23.38079 14.15351 0.0 36.13644 15.96834 17.88528 16.3142 26.63813 20.66717 8.28221 0.0 7.56211 33.91195 13.73292 24.41292 10.24486 29.31381 33.02584 0.04026 
1000.0 0.0 0.0 0.0 10.23081 0.0 0.0 0.0 0.0 0.0 0.0 0.0 29.97873 0.0 0.0 0.0 0.0 0.0 0.0 0.0 0.0 
1000.0 22.13785 30.94511 33.11413 0.0 25.04015 17.71414 24.26753 27.96935 19.11797 29.17541 8.74337 0.0 21.68886 35.82117 13.91075 9.76206 13.4388 22.27799 23.6297 0.01014 
1000.0 17.46505 20.94192 24.66981 0.0 31.77903 31.45425 9.20253 10.98745 32.42285 26.96263 17.11585 0.0 10.47178 13.41629 15.87897 24.08639 14.15489 11.96244 33.87815 0.04141 
1000.0 21.01396 19.93803 28.86241 0.0 35.51097 18.09077 36.63088 32.87659 27.44663 9.4585 30.76461 0.0 33.75082 18.03263 11.73089 22.97798 29.51936 20.14121 36.48539 0.03517 
1000.0 24.17281 32.48747 9.66535 0.0 28.7698 37.44047 22.26121 28.72061 16.73871 11.15012 24.43739 0.0 37.36788 7.59508 26.89191 11.94097 22.38742 8.67525 31.61012 0.01903 
1000.0 30.7043 27.55422 16.33184 0.0 19.10486 35.90939 15.54803 25.56315 7.90035 21.97128 27.55521 0.0 30.39955 35.6028 33.35121 25.94137 20.33748 13.0651 8.66308 0.01095 
1000.0 29.73474 27.44677 12.6881 0.0 37.02091 11.255 17.56139 32.22142 8.94398 15.1758 28.43518 0.0 37.12088 14.80012 12.65556 7.91561 24.03165 16.26769 17.67744 0.03041 
1000.0 34.5999 34.55021 13.65874 0.0 13.08933 31.03416 8.94919 16.95762 21.78412 17.09238 34.02886 0.0 10.48686 24.76805 9.46201 34.48055 35.33656 12.98594 15.36864 0.01428 
1000.0 0.04015 0.09806 0.15045 0.0 0.1533 0.14829 0.07487 0.12864 0.04819 0.12846 0.13079 0.0 0.12125 0.12074 0.07371 0.14667 0.11066 0.0787 0.13314 32.53724 
