1000.0 1000.0 1000.0 1000.0 1000.0 1000.0 1000.0 1000.0 1000.0 1000.0 1000.0 1000.0 1000.0 1000.0 1000.0 1000.0 1000.0 1000.0 1000.0 1000.0 1000.0 
1000.0 35.93651 18.71886 9.07645 0.0 23.17148 29.54619 21.81131 39.85593 13.62088 16.17251 40.1106 0.0 28.34071 12.39147 29.71359 11.75548 20.66244 35.69485 12.57831 0.03086 
1000.0 34.57682 42.56445 38.28005 0.0 29.10978 12.52444 40.62191 23.40935 17.80638 27.45242 26.27759 0.0 18.29911 16.1929 12.60895 15.82476 18.19457 24.97063 31.85348 0.03266 
1000.0 18.7915 11.14931 37.99705 0.0 35.98449 32.0299 28.51609 23.43422 38.1225 27.90568 32.53113 0.0 12.19448 28.92451 13.90738 28.63903 15.56142 13.87241 9.56107 0.02076 
1000.0 0.0 0.0 0.0 41.88675 0.0 0.0 0.0 0.0 0.0 0.0 0.0 27.5641 0.0 0.0 0.0 0.0 0.0 0.0 0.0 0.0 
1000.0 13.66857 39.34351 17.18207 0.0 36.40216 30.95029 20.47259 40.84667 14.39076 16.34642 16.85605 0.0 34.37168 36.72254 33.43238 38.25066 16.55691 43.64894 31.10037 0.01931 
1000.0 14.1081 37.58691 23.94798 0.0 13.32664 42.42987 21.9987 12.59233 19.32722 37.94092 17.38606 0.0 19.30686 29.54008 20.23387 30.34421 42.977 15.90338 19.58812 0.02525 
1000.0 25.3142 42.34656 40.4053 0.0 18.78733 17.79267 11.09155 37.16636 14.10369 21.685 40.86291 0.0 24.18567 13.19927 14.5814 16.68033 32.60276 28.15156 12.96124 0.03298 
1000.0 21.09253 17.89425 32.35573 0.0 14.76582 14.8807 27.47627 15.32604 15.76923 43.12639 32.05082 0.0 40.31632 28.56929 35.57448 26.04513 15.19655 23.1108 13.26874 0.02837 
1000.0 37.29374 10.55977 35.32091 0.0 31.91956 18.76797 31.00649 18.46214 31.26826 34.80007 17.12347 0.0 26.00759 19.81719 8.85574 39.73899 27.52069 24.25712 15.86396 0.01496 
1000.0 10.80111 19.89271 16.78112 0.0 11.22463 18.67305 37.69006 27.09179 14.13968 32.00158 30.58247 0.0 20.02894 14.09007 29.78677 12.84886 41.68755 14.40247 34.30276 0.01413 
1000.0 21.74846 35.90305 38.67633 0.0 41.66803 31.81066 40.30845 17.21552 13.25636 16.99047 40.97809 0.0 30.04419 15.73502 40.70015 41.32638 10.505 12.80832 39.34581 0.03067 
1000.0 0.0 0.0 0.0 18.37613 0.0 0.0 0.0 0.0 0.0 0.0 0.0 18.21253 0.0 0.0 0.0 0.0 0.0 0.0 0.0 0.0 
1000.0 30.84041 31.99184 15.56085 0.0 26.85915 10.88646 29.30368 30.22363 42.08859 31.49947 15.22782 0.0 15.01487 23.24943 36.67923 42.20882 33.54719 18.95088 14.97503 0.03023 
1000.0 18.51874 18.91005 37.09803 0.0 33.81422 30.23722 27.06329 42.16965 25.70445 14.71761 26.25862 0.0 21.81559 43.29033 28.49329 17.43082 38.07982 20.96649 20.39787 0.04069 
1000.0 11.58778 30.85331 17.46021 0.0 28.86038 9.1243 9.57417 11.81439 43.44651 39.83128 19.42429 0.0 20.73883 28.75462 40.71976 22.97813 23.48217 38.99961 42.64786 0.02777 
1000.0 26.02073 30.37539 19.92363 0.0 9.40538 39.06686 40.6744 12.94794 20.22961 41.42258 17.79924 0.0 32.09842 24.35328 16.29104 20.8243 14.10941 37.01823 39.18963 0.03674 
1000.0 16.2211 19.77287 40.02571 0.0 15.89844 37.41189 38.35771 22.11109 29.92275 25.01234 39.48682 0.0 22.86715 30.97007 35.95169 28.52801 23.12985 18.64088 20.03071 0.04054 
1000.0 11.66642 29.06384 41.34018 0.0 34.8583 18.60846 42.65693 36.48335 28.98349 43.11764 21.20989 0.0 13.42498 29.65017 10.20112 26.83623 10.67478 22.3932 22.18504 0.04513 
1000.0 27.00285 38.69978 14.06668 0.0 19.40956 42.96328 18.66399 27.03662 41.13149 34.82325 30.63133 0.0 18.44015 39.87533 38.27235 27.48276 32.42359 30.5537 20.28547 0.01277 
1000.0 0.08548 0.10428 0.18106 0.0 0.16557 0.06494 0.12426 0.12414 0.11206 0.15241 0.05531 0.0 0.05954 0.07633 0.06523 0.16592 0.03823 0.1796 0.09002 20.38639 
