1000.0 1000.0 1000.0 1000.0 1000.0 1000.0 1000.0 1000.0 1000.0 1000.0 1000.0 1000.0 1000.0 1000.0 1000.0 1000.0 1000.0 1000.0 1000.0 1000.0 1000.0 
1000.0 14.37295 23.12311 35.67492 0.0 30.55392 27.08492 27.66559 38.68446 9.36363 17.07586 23.36766 0.0 15.62071 28.70757 20.82413 43.8324 10.45356 30.25187 26.18714 0.02425 
1000.0 21.7497 41.53477 13.36626 0.0 24.56896 39.37825 43.88832 14.03618 39.59659 41.76552 14.84095 0.0 27.55305 9.39604 37.35166 30.55328 20.62657 15.62034 22.90958 0.01924 
1000.0 16.12091 11.73514 28.24919 0.0 28.53608 28.85232 27.01524 34.85784 21.79392 11.68595 18.09895 0.0 43.84181 28.77918 33.4476 17.63713 24.52444 13.70025 15.61091 0.01824 
1000.0 0.0 0.0 0.0 29.55049 0.0 0.0 0.0 0.0 0.0 0.0 0.0 29.74208 0.0 0.0 0.0 0.0 0.0 0.0 0.0 0.0 
1000.0 20.95243 33.95804 28.21827 0.0 22.11792 15.84134 13.16966 10.40666 24.03203 30.37178 41.87087 0.0 43.74368 22.04593 28.34439 43.23971 13.78456 11.87571 23.72966 0.04448 
1000.0 44.14311 21.00947 31.72176 0.0 19.09176 9.82452 43.2164 24.19974 27.04107 34.8336 43.18279 0.0 38.81172 21.27664 18.014 18.43614 14.40705 9.04973 9.85737 0.04065 
1000.0 43.77446 8.87235 36.12102 0.0 39.69054 29.13046 34.69998 37.53512 13.07285 18.69109 24.57803 0.0 31.29397 18.62743 22.28056 20.2392 26.60025 36.24612 30.23017 0.01059 
1000.0 41.25126 42.63389 26.02243 0.0 14.08098 26.36791 35.58286 12.27405 43.34847 23.92378 25.45855 0.0 14.75807 19.14589 22.31226 34.65757 42.80527 21.62101 12.33085 0.03092 
1000.0 24.64177 14.56403 40.93932 0.0 38.29941 31.59941 11.91686 19.33534 17.87442 30.6048 30.44835 0.0 25.08338 25.15183 27.92868 9.60196 37.92664 12.81527 33.29137 0.0365 
1000.0 42.233 42.13598 27.12328 0.0 21.26139 13.90886 9.5297 39.87782 32.92709 24.08761 30.28273 0.0 34.22461 36.8239 26.5084 26.21685 35.17536 12.01622 39.33714 0.03921 
1000.0 29.30934 27.71574 17.55776 0.0 33.32651 42.85593 36.55972 36.13579 37.91617 22.18931 14.73521 0.0 32.61391 37.41947 19.55911 34.57668 9.97524 36.3216 20.38047 0.03591 
1000.0 0.0 0.0 0.0 37.72074 0.0 0.0 0.0 0.0 0.0 0.0 0.0 10.22097 0.0 0.0 0.0 0.0 0.0 0.0 0.0 0.0 
1000.0 32.66345 43.37294 41.89103 0.0 37.63831 16.97849 34.72886 32.69184 33.06303 13.90038 12.59507 0.0 30.44453 34.19977 25.42656 23.68731 17.10952 17.37952 30.55964 0.0394 
1000.0 22.7129 36.11554 42.40778 0.0 30.94973 37.04023 27.15963 32.35239 20.10737 28.02134 37.41006 0.0 37.85646 37.83028 40.59087 29.07446 30.37837 12.40472 18.99757 0.04297 
1000.0 37.94654 27.72954 18.82227 0.0 39.37561 41.52257 28.31146 43.373 28.49041 24.16816 32.22525 0.0 21.00104 31.41411 26.62432 31.19238 20.0695 42.36115 16.12352 0.02745 
1000.0 39.1738 15.75199 20.70819 0.0 13.65977 13.57062 10.35178 37.14296 43.07716 14.58457 34.0235 0.0 23.68741 39.19114 16.2674 33.04157 24.23464 21.09524 30.95857 0.01193 
1000.0 35.63368 34.46041 42.10043 0.0 28.89682 43.41337 31.52899 15.98645 30.41358 13.24124 39.69203 0.0 37.39448 29.12478 40.82031 44.20739 30.56748 28.11187 19.04742 0.02169 
1000.0 12.23911 39.43685 11.34306 0.0 9.8902 31.52604 11.54369 15.83505 30.60661 29.44564 42.46368 0.0 14.8245 40.12065 9.89927 30.30728 38.79042 36.18365 26.76871 0.03187 
1000.0 14.5876 16.17912 34.66837 0.0 22.15475 24.48337 24.44511 9.48511 34.18692 38.0551 17.46201 0.0 38.38317 42.49584 36.88196 13.9519 32.02235 25.19557 19.8494 0.03638 
1000.0 0.04241 0.14251 0.06436 0.0 0.066 0.06283 0.06845 0.09857 0.08726 0.08519 0.13342 0.0 0.10661 0.18595 0.15493 0.14587 0.18723 0.07549 0.17779 29.78294 
