1000.0 1000.0 1000.0 1000.0 1000.0 1000.0 1000.0 1000.0 1000.0 1000.0 1000.0 1000.0 1000.0 1000.0 1000.0 1000.0 1000.0 1000.0 1000.0 1000.0 1000.0 
1000.0 41.52363 14.34583 14.90421 0.0 32.72717 35.2353 21.34823 20.55155 43.93946 14.52107 22.68441 0.0 32.55109 33.26612 9.11769 24.89093 17.43355 9.96739 40.15853 0.01443 
1000.0 25.25837 41.23198 31.29884 0.0 30.06509 32.03278 41.21024 37.9353 28.59521 13.58346 34.86714 0.0 28.99926 29.50894 18.47094 36.57384 25.85712 39.04889 43.7005 0.04121 
1000.0 42.50203 38.14896 41.18453 0.0 22.37911 31.19523 44.07882 10.25515 30.16553 23.94133 11.92029 0.0 20.69741 13.60552 17.08556 39.7297 37.25058 34.11034 36.19932 0.03086 
1000.0 0.0 0.0 0.0 10.21941 0.0 0.0 0.0 0.0 0.0 0.0 0.0 38.06224 0.0 0.0 0.0 0.0 0.0 0.0 0.0 0.0 
1000.0 9.48213 30.33491 39.43941 0.0 42.1527 16.2502 35.73813 28.30876 21.1568 33.98286 12.94306 0.0 41.22829 15.82347 25.13556 23.15196 20.39969 24.48112 16.85022 0.01275 
1000.0 44.48524 34.05153 35.25084 0.0 27.80484 33.28402 31.56638 20.60792 43.18665 17.82298 35.19338 0.0 13.7314 32.63408 24.78843 24.07539 9.66376 39.60095 38.48882 0.02554 
1000.0 20.61199 23.92327 23.99779 0.0 35.854 11.35279 30.07518 22.80165 19.75923 27.45921 11.36718 0.0 8.97989 11.6095 33.82965 12.54999 31.50325 25.85764 28.6578 0.01848 
1000.0 37.2634 13.13315 35.63471 0.0 32.62515 24.9373 17.15168 35.225 26.02425 10.85585 42.89753 0.0 30.54253 32.29867 14.4431 16.04582 19.9915 18.27913 16.09583 0.0402 
1000.0 19.46504 11.55587 23.72246 0.0 32.47207 16.43385 13.03752 25.19449 14.66273 28.76604 16.62213 0.0 15.5528 44.0286 29.24632 38.17444 22.77609 36.49124 43.94458 0.02029 
1000.0 35.24575 31.12308 19.7359 0.0 9.41013 27.30093 14.0136 17.721 23.01808 26.92792 21.97211 0.0 19.39654 18.29933 37.92633 30.76684 23.62926 28.0681 16.5681 0.01629 
1000.0 28.2428 42.06612 39.72759 0.0 17.86783 13.27017 21.25384 27.02501 44.48071 25.03369 39.65166 0.0 14.85453 13.81328 37.10214 18.91906 31.4657 33.49409 35.40289 0.03512 
1000.0 0.0 0.0 0.0 39.11289 0.0 0.0 0.0 0.0 0.0 0.0 0.0 42.56727 0.0 0.0 0.0 0.0 0.0 0.0 0.0 0.0 
1000.0 16.8097 22.39933 13.86487 0.0 10.82508 28.4928 19.51386 33.65602 27.74349 37.10657 9.52587 0.0 42.65851 17.58703 42.26094 41.61998 29.18246 24.80494 31.319 0.01621 
1000.0 13.47935 40.59922 37.25175 0.0 10.72533 13.09829 13.97547 15.59239 33.31906 18.86992 38.34201 0.0 43.78637 44.72541 41.57199 15.71722 22.06672 29.19066 20.64392 0.01175 
1000.0 12.44075 25.84783 11.49229 0.0 13.0786 23.95533 30.40253 39.78147 22.96221 27.84673 23.23847 0.0 36.07991 30.31386 23.56146 42.28473 39.2258 34.17789 10.36341 0.03846 
1000.0 39.74233 25.91288 30.7223 0.0 30.61159 18.77878 31.04668 41.58552 36.39349 34.47071 17.41479 0.0 19.07972 13.98316 40.71278 36.70145 23.19986 18.35849 19.09868 0.02398 
1000.0 32.59389 33.82075 33.60245 0.0 32.26893 21.47884 23.24754 40.70745 24.48521 17.09815 16.23527 0.0 16.14349 13.0698 26.67717 27.66703 20.37667 40.52308 41.73021 0.03694 
1000.0 12.90347 32.10776 23.55647 0.0 34.9584 10.48157 29.95282 18.42873 17.32537 26.70094 28.40916 0.0 32.92886 34.59725 37.49897 32.69956 13.03861 33.44129 13.16878 0.02171 
1000.0 42.07017 24.20626 11.22835 0.0 12.17221 34.71759 41.15615 29.99232 40.93575 30.00653 32.25763 0.0 29.30702 25.52491 20.05557 41.58142 40.20441 30.5059 26.59454 0.02137 
1000.0 0.16947 0.14324 0.17629 0.0 0.11734 0.11655 0.14618 0.05466 0.16611 0.07824 0.04768 0.0 0.12445 0.18849 0.0934 0.09928 0.0728 0.11869 0.07166 22.02518 
