1000.0 1000.0 1000.0 1000.0 1000.0 1000.0 1000.0 1000.0 1000.0 1000.0 1000.0 1000.0 1000.0 1000.0 1000.0 1000.0 1000.0 1000.0 1000.0 1000.0 1000.0 
1000.0 8.72479 41.96839 41.58678 0.0 19.82033 21.24169 32.97685 25.83445 25.53495 30.43692 24.45546 0.0 30.87535 14.38559 30.50972 21.01057 30.33832 15.78343 20.58207 0.04181 
1000.0 28.72164 32.34786 39.93097 0.0 10.52062 36.78653 17.78283 19.07324 40.67847 11.1178 25.07317 0.0 19.06762 34.99547 36.19281 23.84878 26.63956 28.01944 11.8942 0.02317 
1000.0 14.91457 28.25539 17.40475 0.0 26.75504 12.44886 31.71607 17.73248 34.59253 34.11895 20.44958 0.0 36.25132 35.87531 14.51529 33.49767 11.69131 30.78354 36.74796 0.02632 
1000.0 0.0 0.0 0.0 21.93256 0.0 0.0 0.0 0.0 0.0 0.0 0.0 14.79079 0.0 0.0 0.0 0.0 0.0 0.0 0.0 0.0 
1000.0 34.00598 16.04501 13.17874 0.0 25.07393 20.88002 40.99808 29.72503 41.92755 12.07663 35.05793 0.0 22.67696 11.03423 33.89617 39.01467 15.60787 13.17177 37.64554 0.03158 
1000.0 23.84296 12.05659 30.08901 0.0 10.28715 37.67223 38.09067 40.75207 25.61402 37.99293 18.04294 0.0 11.11604 21.55694 24.8772 26.92109 14.15349 15.92547 30.40693 0.03604 
1000.0 23.31946 24.22608 24.62458 0.0 9.60926 38.3574 25.68881 38.64575 12.36353 16.24374 42.04345 0.0 26.2715 17.07107 22.61733 24.16643 19.5793 36.48664 24.63126 0.02875 
1000.0 11.2889 13.82141 37.50882 0.0 27.09397 15.62236 21.17186 36.21328 36.87238 11.75486 23.20432 0.0 29.91258 15.72035 30.68767 37.71541 38.58859 26.66987 26.45243 0.0265 
1000.0 40.77315 12.14849 15.6857 0.0 30.27851 11.3934 34.52067 21.30834 8.85642 18.09723 15.7602 0.0 40.20724 15.23926 10.19013 23.16235 24.11594 31.11154 9.40158 0.01935 
1000.0 22.73558 37.53932 31.21826 0.0 13.33032 11.94067 22.14617 24.46409 14.43299 19.13632 12.42708 0.0 26.39022 19.90638 19.52757 19.27807 41.17601 41.6951 16.18754 0.04386 
1000.0 40.45232 40.15535 19.6019 0.0 34.7831 39.10041 37.8326 40.10402 35.44997 35.48792 8.55759 0.0 17.26343 23.60533 24.46465 20.5697 18.361 19.92526 19.49438 0.01058 
1000.0 0.0 0.0 0.0 37.73609 0.0 0.0 0.0 0.0 0.0 0.0 0.0 21.61576 0.0 0.0 0.0 0.0 0.0 0.0 0.0 0.0 
1000.0 29.02089 14.73801 9.73977 0.0 34.54078 23.52803 37.31697 40.46578 28.69157 33.00023 35.05346 0.0 33.35483 19.86852 23.76277 17.16978 36.75311 16.2779 34.94047 0.03413 
1000.0 22.58219 37.50242 9.85949 0.0 16.76619 14.26216 35.9247 29.86139 29.48334 23.68534 26.62309 0.0 24.09646 38.27926 15.64815 16.55153 30.42654 25.72606 28.42587 0.03158 
1000.0 17.03419 9.64814 34.25204 0.0 16.82524 24.31647 35.02811 30.3698 39.77059 12.65353 41.1855 0.0 34.23098 14.75535 30.41395 31.20363 41.29759 28.53011 28.93117 0.04431 
1000.0 30.69815 10.46728 36.99575 0.0 40.64368 15.86541 19.90274 40.34354 18.30357 36.88341 20.21413 0.0 15.84743 17.63425 24.93697 9.5123 40.65006 35.95235 37.56727 0.01282 
1000.0 14.62344 41.7915 10.37865 0.0 13.9443 20.38366 33.88279 11.27902 36.1165 20.69763 32.38636 0.0 14.81294 30.28418 13.53882 21.71689 18.94946 11.25809 31.16457 0.02875 
1000.0 25.74367 32.95015 11.82108 0.0 40.15139 39.73713 14.01684 22.12677 11.34622 26.17304 33.38704 0.0 37.53545 21.59161 20.98662 10.02437 11.97504 18.11085 14.04324 0.01508 
1000.0 23.36506 36.83959 20.85622 0.0 18.46567 28.56678 20.06906 38.71423 22.73905 35.92146 14.30682 0.0 12.85597 12.96811 17.45435 11.11541 20.51572 41.78907 41.38549 0.01566 
1000.0 0.16878 0.10707 0.0987 0.0 0.09951 0.1211 0.09756 0.06983 0.04448 0.1078 0.04816 0.0 0.16988 0.17211 0.07937 0.13133 0.13737 0.15496 0.14475 20.39348 
