1000.0 1000.0 1000.0 1000.0 1000.0 1000.0 1000.0 1000.0 1000.0 1000.0 1000.0 1000.0 1000.0 1000.0 1000.0 1000.0 1000.0 1000.0 1000.0 1000.0 1000.0 
1000.0 42.5099 48.12675 39.65406 0.0 25.64997 18.10632 16.90887 19.85696 33.7843 41.70522 24.37787 0.0 41.16935 23.70675 10.88605 35.76879 36.37962 32.29358 47.55761 0.03492 
1000.0 20.96909 15.47907 20.64193 0.0 32.61328 37.89681 23.39933 26.90861 44.90628 47.01513 12.61896 0.0 40.4762 31.34017 11.97946 30.85773 20.56106 32.5671 35.00672 0.04133 
1000.0 27.99346 43.45504 25.72452 0.0 22.39813 24.69092 33.29834 18.79168 38.62533 20.88662 25.27896 0.0 33.17695 36.86748 25.89507 12.59597 25.48197 18.83909 30.89209 0.01692 
1000.0 0.0 0.0 0.0 32.97245 0.0 0.0 0.0 0.0 0.0 0.0 0.0 32.06002 0.0 0.0 0.0 0.0 0.0 0.0 0.0 0.0 
1000.0 14.68406 39.9726 31.9902 0.0 15.84736 40.83153 42.62993 30.80889 11.68817 42.71509 11.89388 0.0 19.45287 18.0827 12.18931 37.52492 13.81138 31.19249 30.72615 0.02837 
1000.0 27.78843 16.46975 12.13411 0.0 34.9379 25.53077 38.12704 27.5542 44.72266 32.81984 35.39336 0.0 10.73341 29.95364 30.95989 47.90533 45.77016 18.09522 16.14636 0.02241 
1000.0 13.65128 32.77569 35.05649 0.0 14.34262 32.46413 35.1629 38.25448 44.03879 13.13237 32.4676 0.0 47.81253 48.20031 46.13102 28.32313 34.71175 37.56819 32.81122 0.02167 
1000.0 11.68018 19.08734 9.9101 0.0 40.9789 33.59748 17.85925 28.4061 12.7945 41.36967 36.62914 0.0 25.78732 46.4004 28.5558 31.79282 23.80358 40.47208 11.09111 0.02427 
1000.0 12.61128 23.35054 37.02511 0.0 39.31246 21.49824 35.50861 34.37333 20.15615 33.49877 26.67634 0.0 31.06985 45.87818 15.92746 23.34164 47.75218 40.34646 34.24932 0.04313 
1000.0 41.55015 30.48908 40.43672 0.0 11.27148 38.85888 43.19763 20.43595 46.76163 13.54591 23.24444 0.0 15.86742 27.4823 30.15201 43.5046 31.40362 41.07389 25.17204 0.03249 
1000.0 25.11898 22.11562 12.315 0.0 23.34807 14.74256 44.80304 36.32758 41.33326 41.99495 22.10027 0.0 33.83657 12.38497 14.2757 12.27119 27.34359 31.92529 43.83104 0.0456 
1000.0 0.0 0.0 0.0 44.07575 0.0 0.0 0.0 0.0 0.0 0.0 0.0 22.14267 0.0 0.0 0.0 0.0 0.0 0.0 0.0 0.0 
1000.0 45.5839 33.99619 28.03895 0.0 16.57862 27.14035 41.89673 39.48781 15.61406 21.33428 12.29771 0.0 38.89166 16.46095 47.74404 35.82764 38.97456 13.87659 16.10296 0.01639 
1000.0 27.72708 34.36061 29.47092 0.0 31.13967 13.59854 18.81493 36.94829 45.39528 23.28345 32.05316 0.0 46.08343 17.33821 35.81558 31.30705 9.89817 23.93203 15.91069 0.03659 
1000.0 25.6609 12.48271 42.90175 0.0 28.33034 11.18992 25.83017 35.91248 13.48273 34.98766 16.04754 0.0 47.30532 33.17052 32.63934 23.13775 13.28158 32.31332 15.42092 0.01493 
1000.0 19.14047 14.52014 13.62697 0.0 45.74501 25.60204 36.72961 14.28752 40.27135 47.07841 38.55993 0.0 15.09293 32.71128 40.89965 32.39511 32.54508 36.0333 16.1791 0.03849 
1000.0 23.24357 29.08682 42.05746 0.0 17.85345 20.94929 38.71686 41.706 17.59544 25.36145 29.47442 0.0 14.35037 11.62876 23.31871 9.77629 26.1733 24.2507 25.61816 0.02341 
1000.0 40.76004 12.92349 30.63361 0.0 23.69945 18.73824 23.00653 24.12461 27.60367 35.04792 17.20511 0.0 37.49643 36.42165 34.99584 25.70396 18.32781 26.36971 28.47464 0.01001 
1000.0 40.0774 32.22192 17.08301 0.0 22.31365 18.9143 19.8996 19.51432 15.57543 20.8725 30.052 0.0 43.9585 32.85821 23.0116 39.83615 45.92272 45.64392 25.31999 0.01684 
1000.0 0.07121 0.18475 0.09135 0.0 0.19119 0.15066 0.1254 0.05736 0.12442 0.10685 0.09775 0.0 0.13036 0.08031 0.06096 0.15065 0.07128 0.10908 0.13035 47.05303 
