1000.0 1000.0 1000.0 1000.0 1000.0 1000.0 1000.0 1000.0 1000.0 1000.0 1000.0 1000.0 1000.0 1000.0 1000.0 1000.0 1000.0 1000.0 1000.0 1000.0 1000.0 
1000.0 9.47069 32.15169 8.38454 0.0 14.24987 12.00251 10.28295 24.63668 36.63657 21.70667 33.13042 0.0 28.42669 23.01608 17.03924 39.21502 39.82918 24.73123 16.28049 0.00932 
1000.0 31.28012 40.58675 36.06301 0.0 9.34673 13.46809 12.59531 32.62878 19.80858 21.64249 16.09356 0.0 20.60384 32.35157 17.33532 34.36703 8.89958 32.97306 20.39718 0.00968 
1000.0 21.6743 40.87198 30.97197 0.0 14.83246 13.23266 14.48444 11.08774 40.80026 21.96923 19.38355 0.0 35.06891 31.30878 22.55862 27.07746 24.93307 10.65597 24.0839 0.02999 
1000.0 0.0 0.0 0.0 19.93256 0.0 0.0 0.0 0.0 0.0 0.0 0.0 25.40506 0.0 0.0 0.0 0.0 0.0 0.0 0.0 0.0 
1000.0 36.2002 18.08954 20.48216 0.0 26.65959 11.75534 26.52792 10.18024 9.04591 9.66444 28.99375 0.0 19.03879 39.74046 34.91369 24.75494 13.07958 13.94743 18.02304 0.01101 
1000.0 13.65266 12.0903 19.27605 0.0 8.95908 37.64211 22.52129 18.48192 15.71261 17.43156 33.11477 0.0 13.45883 19.03606 37.27664 30.86969 25.44343 19.43497 30.44292 0.02478 
1000.0 31.16693 27.95369 27.04032 0.0 28.68107 16.53675 22.30122 16.31075 39.98202 18.40374 33.46821 0.0 36.73435 33.32844 29.78664 31.22581 30.74123 38.87473 12.02862 0.00931 
1000.0 12.54746 16.42189 36.02631 0.0 23.06499 36.81804 17.53425 31.55162 13.74247 32.48316 10.05729 0.0 37.37948 9.46488 30.83667 24.58981 37.1152 31.47012 39.91861 0.03824 
1000.0 18.54546 13.41271 10.63271 0.0 30.2744 19.74835 10.93852 25.06263 40.50604 34.50526 32.25232 0.0 35.31015 37.89529 39.23091 40.30474 12.45501 36.61556 40.12172 0.02625 
1000.0 29.70711 20.39184 12.1592 0.0 22.91931 15.18499 9.40717 35.9354 9.53724 14.91744 32.73699 0.0 19.47673 10.7621 28.32331 11.96651 38.38073 19.58344 37.36479 0.01572 
1000.0 27.57192 37.43784 30.36153 0.0 17.89275 37.19618 28.88658 16.7646 34.77544 24.00137 28.82572 0.0 31.31924 32.56436 38.2372 40.85534 23.18213 25.95046 17.84567 0.02887 
1000.0 0.0 0.0 0.0 25.59449 0.0 0.0 0.0 0.0 0.0 0.0 0.0 34.65659 0.0 0.0 0.0 0.0 0.0 0.0 0.0 0.0 
1000.0 22.202 41.33384 16.27933 0.0 8.40555 11.21338 13.79909 38.59309 38.75537 38.63264 33.99515 0.0 26.93016 38.21814 14.29721 20.68351 31.09604 18.77641 14.83943 0.01838 
1000.0 39.16856 12.09104 16.38379 0.0 37.21033 13.84982 36.43834 37.09726 37.8213 38.0169 24.39055 0.0 10.87062 27.36856 40.88548 24.8727 23.50535 28.37187 23.7935 0.03501 
1000.0 31.43654 25.84456 39.23506 0.0 39.46218 14.86527 35.02267 24.05415 25.78223 36.6495 20.91039 0.0 35.48977 8.69357 37.70937 11.13413 24.80308 27.17367 36.85901 0.01041 
1000.0 30.60338 30.24688 21.88947 0.0 23.58499 19.85089 29.89978 15.93748 14.14348 28.3753 40.76256 0.0 34.86889 37.1007 16.01617 29.17372 29.88259 40.41159 32.19696 0.02538 
1000.0 37.34782 40.72372 13.87611 0.0 33.40121 36.02079 40.25363 39.15969 20.90394 16.4861 23.00016 0.0 13.01648 40.81054 19.70188 35.73479 20.91897 12.34131 22.80864 0.03899 
1000.0 10.70617 12.8475 31.40201 0.0 38.68408 12.13997 27.43866 10.64595 25.03204 29.35062 32.49552 0.0 8.60054 33.91103 10.93323 25.48456 13.16838 30.07096 26.38978 0.03416 
1000.0 15.40321 25.72092 25.62844 0.0 40.18817 38.99991 32.12421 17.93808 19.67735 39.25426 37.37859 0.0 36.92307 27.4727 36.23069 26.99373 21.93696 31.90024 13.46746 0.02216 
1000.0 0.03997 0.13992 0.08423 0.0 0.13528 0.16684 0.07659 0.094 0.11493 0.17042 0.17862 0.0 0.12735 0.04203 0.1346 0.17233 0.17877 0.08479 0.04873 15.47586 
