1000.0 1000.0 1000.0 1000.0 1000.0 1000.0 1000.0 1000.0 1000.0 1000.0 1000.0 1000.0 1000.0 1000.0 1000.0 1000.0 1000.0 1000.0 1000.0 1000.0 1000.0 
1000.0 33.31373 16.12181 10.23446 0.0 29.18367 21.60075 17.30437 25.15373 15.76441 43.26892 32.30645 0.0 14.96226 42.75028 16.87308 19.66526 44.52066 29.00755 45.59023 0.04306 
1000.0 15.1032 28.07543 13.9155 0.0 21.35649 26.97245 20.52982 11.55629 21.24814 30.16284 32.13457 0.0 45.14952 22.03165 22.10165 39.3268 9.31349 9.52689 44.5299 0.03607 
1000.0 18.46041 17.58702 40.51486 0.0 36.52401 21.04369 37.8784 21.38628 21.03832 16.03691 15.89538 0.0 29.82693 42.25987 33.70059 42.65356 42.59272 34.15606 43.03106 0.04022 
1000.0 0.0 0.0 0.0 20.41161 0.0 0.0 0.0 0.0 0.0 0.0 0.0 27.59036 0.0 0.0 0.0 0.0 0.0 0.0 0.0 0.0 
1000.0 36.67917 15.98159 18.44631 0.0 33.84352 38.75308 22.3177 18.56236 17.22113 33.29966 17.8048 0.0 30.92321 17.46896 12.58762 16.17637 43.7019 39.65519 26.46596 0.04368 
1000.0 32.77897 25.08126 42.21398 0.0 9.84298 17.81294 25.13793 16.58085 26.59752 21.38416 16.85579 0.0 42.6857 37.71343 38.70686 29.86716 24.29419 24.22566 10.3356 0.01543 
1000.0 36.95947 27.64045 29.92354 0.0 24.71684 28.96114 35.95727 36.9971 24.05896 26.57774 18.6174 0.0 33.90975 31.13658 30.03924 19.41783 13.43019 34.69467 31.7188 0.02399 
1000.0 41.07354 20.3956 18.38104 0.0 42.43829 23.30767 37.93245 23.05538 36.70937 30.52268 32.42644 0.0 19.79509 26.22399 43.05493 15.06545 23.24631 32.91714 19.46078 0.01235 
1000.0 26.31449 43.02243 41.84801 0.0 34.176 28.14905 43.91914 28.26154 20.66182 16.68009 13.34779 0.0 19.06631 40.30465 29.47488 35.92238 27.68863 14.5687 19.06034 0.02532 
1000.0 38.9767 42.72678 37.28787 0.0 9.53065 14.1802 35.43982 43.15508 43.80468 24.65335 21.52656 0.0 31.46621 22.92802 31.52024 10.04277 41.80447 32.79642 33.52207 0.0105 
1000.0 28.70035 32.21606 14.00873 0.0 29.01717 20.19066 23.34145 23.12226 15.67075 13.3783 22.91648 0.0 37.92103 45.49715 16.82068 12.43397 28.84075 42.43747 23.42904 0.03782 
1000.0 0.0 0.0 0.0 12.84447 0.0 0.0 0.0 0.0 0.0 0.0 0.0 43.31209 0.0 0.0 0.0 0.0 0.0 0.0 0.0 0.0 
1000.0 38.48713 36.02816 29.66735 0.0 32.98401 15.26968 32.68709 36.02886 28.20687 15.72096 20.92566 0.0 33.90719 24.03693 14.68085 22.49052 29.34809 32.84679 31.20462 0.03166 
1000.0 39.469 36.12519 43.32607 0.0 36.09469 26.99212 16.15845 10.21862 12.18389 14.95907 33.48495 0.0 40.46676 43.98746 10.63916 34.06749 21.38398 15.81265 39.87357 0.0417 
1000.0 37.68542 31.01844 37.74582 0.0 13.57396 25.04301 32.18972 19.24954 33.61801 42.92169 25.73184 0.0 37.77777 34.18369 12.25304 11.12562 21.99641 15.97506 42.17223 0.04106 
1000.0 25.67415 45.40883 32.67895 0.0 14.02418 23.96577 43.97772 32.57679 37.31612 23.72767 10.65253 0.0 18.08158 12.84392 11.72028 12.74674 11.16388 39.91654 30.20589 0.01909 
1000.0 25.55608 44.05561 36.19557 0.0 12.56568 21.70107 33.9887 20.44693 24.18388 9.6238 19.40753 0.0 30.84874 25.9557 19.91268 21.68533 30.98371 30.97385 35.59178 0.0369 
1000.0 37.96267 36.72989 31.64556 0.0 43.48988 44.48162 9.93627 44.26377 9.4976 29.86382 13.65411 0.0 22.28454 26.04747 30.23793 40.68892 32.32624 43.91884 41.36406 0.04607 
1000.0 21.00348 20.3987 22.04194 0.0 11.78908 28.84337 24.24465 10.3276 38.70257 31.78857 12.51925 0.0 40.42238 11.24032 17.43131 35.94161 12.72123 10.22356 18.81328 0.04531 
1000.0 0.14633 0.06649 0.15809 0.0 0.13788 0.0667 0.09974 0.0657 0.09823 0.11245 0.11884 0.0 0.11968 0.07907 0.1884 0.16652 0.18022 0.10309 0.18143 39.76117 
