1000.0 1000.0 1000.0 1000.0 1000.0 1000.0 1000.0 1000.0 1000.0 1000.0 1000.0 1000.0 1000.0 1000.0 1000.0 1000.0 1000.0 1000.0 1000.0 1000.0 1000.0 
1000.0 32.88214 16.99256 11.57822 0.0 18.70882 12.96532 29.67309 22.43874 12.73639 20.08329 17.61531 0.0 30.05547 32.88429 30.43255 15.10388 22.97534 20.7936 21.64663 0.01127 
1000.0 19.0969 9.54115 9.05252 0.0 27.93927 13.7082 29.9097 30.73698 11.24161 20.76276 27.9709 0.0 22.13606 28.67753 15.37207 16.18966 28.23257 30.07944 24.36036 0.01997 
1000.0 27.7107 20.51152 21.05857 0.0 24.54201 25.65589 14.70598 12.67714 15.95866 12.86886 28.50605 0.0 23.85406 19.86497 19.74389 9.07187 30.06397 28.83947 18.85789 0.02573 
1000.0 0.0 0.0 0.0 17.91682 0.0 0.0 0.0 0.0 0.0 0.0 0.0 25.8016 0.0 0.0 0.0 0.0 0.0 0.0 0.0 0.0 
1000.0 23.24841 10.74741 20.72027 0.0 22.11694 27.97034 24.40083 17.82877 28.43368 18.18445 7.40355 0.0 30.919 16.16649 17.34137 31.97084 12.19526 29.15101 23.24539 0.01234 
1000.0 16.36862 13.36287 7.30976 0.0 19.32673 6.84592 25.31125 8.75057 8.4456 26.56593 19.22961 0.0 13.82478 28.1154 27.49365 24.50274 23.54682 27.90849 28.87567 0.0098 
1000.0 11.76998 7.59481 15.97205 0.0 31.2449 26.89391 24.04437 30.99603 17.9327 11.8283 10.42959 0.0 8.62143 16.25343 14.37336 14.14825 23.82232 31.49655 21.86821 0.02076 
1000.0 25.07177 7.9744 12.84086 0.0 22.84368 13.15696 31.86523 32.37716 17.82276 12.61233 33.25469 0.0 7.84739 16.76067 13.39894 17.26982 26.11141 9.77685 28.68228 0.00873 
1000.0 25.06357 28.65676 6.72616 0.0 22.72586 28.31375 18.82493 27.21517 24.43964 29.22096 11.89277 0.0 25.94184 8.85366 26.23224 11.06319 23.38909 6.78363 25.60671 0.04034 
1000.0 9.27944 23.52779 30.91943 0.0 25.94817 21.42131 7.39472 10.88876 11.64041 25.94016 10.87337 0.0 30.60204 9.40329 28.54864 20.99555 21.90627 15.46749 26.02207 0.02983 
1000.0 23.35923 16.04657 28.7748 0.0 10.3738 21.44823 20.85899 22.52503 26.32106 27.36698 31.81888 0.0 15.94967 24.00922 19.79199 22.33274 21.30217 21.03894 22.35376 0.03281 
1000.0 0.0 0.0 0.0 11.73165 0.0 0.0 0.0 0.0 0.0 0.0 0.0 19.00741 0.0 0.0 0.0 0.0 0.0 0.0 0.0 0.0 
1000.0 15.92861 9.43155 7.49679 0.0 24.39751 14.35847 9.49041 17.73144 14.86335 19.5717 32.27862 0.0 25.04124 17.6868 29.56627 10.80902 19.10496 26.9814 25.11602 0.02035 
1000.0 22.46157 28.76619 16.91033 0.0 19.31065 20.30519 28.70782 26.1282 30.18189 9.63779 20.20902 0.0 22.51315 24.90339 9.43915 20.0878 24.73725 24.47693 26.42211 0.03773 
1000.0 19.29898 9.68184 9.54467 0.0 20.82679 31.98658 32.35438 31.02111 29.8784 18.68632 21.0085 0.0 22.30655 26.29347 32.62447 9.55929 19.75855 30.16968 24.27673 0.03361 
1000.0 32.12636 33.15983 16.21474 0.0 16.76089 24.55151 10.93083 9.13158 12.30111 18.59088 7.52309 0.0 14.03499 11.25949 21.92421 22.26397 14.42972 10.38872 12.98916 0.02028 
1000.0 29.06529 23.78909 15.74706 0.0 18.1996 27.94371 14.96238 15.83786 19.94175 9.24855 22.97095 0.0 18.19548 9.71031 24.84494 27.2153 13.3728 27.76506 6.99669 0.02483 
1000.0 18.06682 12.9736 27.88118 0.0 31.65733 27.8184 17.48104 20.82971 24.00893 11.10382 16.86948 0.0 9.3774 12.95769 14.2147 27.5598 16.92605 7.59269 6.74953 0.02304 
1000.0 23.45095 18.424 24.29951 0.0 17.37175 23.14371 14.28783 25.48253 21.51484 31.90219 30.52209 0.0 15.90067 18.57018 7.69655 15.55409 14.76042 30.19291 9.7038 0.01456 
1000.0 0.04184 0.15564 0.0422 0.0 0.13627 0.04917 0.07992 0.08526 0.12297 0.10179 0.15411 0.0 0.10294 0.13326 0.13424 0.14545 0.0464 0.08887 0.08997 22.7758 
