1000.0 1000.0 1000.0 1000.0 1000.0 1000.0 1000.0 1000.0 1000.0 1000.0 1000.0 1000.0 1000.0 1000.0 1000.0 1000.0 1000.0 1000.0 1000.0 1000.0 1000.0 
1000.0 11.8768 42.21428 48.2815 0.0 40.00717 45.59744 28.62186 30.45688 16.59732 32.23913 45.09145 0.0 10.10404 24.20959 40.25215 35.83064 12.34763 13.45012 33.25313 0.04644 
1000.0 28.59733 27.60686 13.5115 0.0 17.42831 31.68764 16.26814 19.87054 11.71058 25.7613 32.36898 0.0 30.59416 44.53574 34.66169 14.80007 19.01749 47.52359 14.34235 0.04928 
1000.0 20.55801 44.3666 42.74741 0.0 27.13442 12.18671 20.12618 14.69068 34.74664 16.87108 44.69914 0.0 23.18814 42.44323 17.97627 22.87213 31.23545 10.58187 44.94646 0.03658 
1000.0 0.0 0.0 0.0 33.6651 0.0 0.0 0.0 0.0 0.0 0.0 0.0 31.13152 0.0 0.0 0.0 0.0 0.0 0.0 0.0 0.0 
1000.0 14.91776 36.27482 24.85424 0.0 11.31536 23.77565 46.26584 31.37199 13.26572 30.74111 34.67923 0.0 33.22626 17.9674 21.85954 22.70972 43.34622 44.4059 19.18209 0.01147 
1000.0 13.25213 11.64056 26.88972 0.0 17.99345 24.77176 40.55227 26.64593 19.5232 29.18354 46.20769 0.0 41.25429 13.88932 44.07244 44.77356 48.61997 17.26909 25.03681 0.04924 
1000.0 45.86242 22.16164 28.51578 0.0 16.74302 43.39859 42.01785 43.60542 28.5608 39.07669 49.28536 0.0 36.74924 14.61519 22.30929 42.75931 39.01954 24.9379 23.896 0.03094 
1000.0 13.14661 21.0587 23.54725 0.0 41.87964 41.04461 14.02581 36.57944 44.77036 31.17667 35.40254 0.0 16.0867 42.72544 11.20206 16.48524 31.39088 37.19403 36.01237 0.02152 
1000.0 42.79323 11.21685 11.64542 0.0 29.53459 47.1385 35.34533 22.00262 33.13808 42.28245 25.95606 0.0 22.07326 32.26878 17.48287 37.79451 46.34441 27.47155 41.30735 0.03219 
1000.0 43.05703 25.90239 19.97447 0.0 32.97011 41.63045 16.46864 34.60726 45.69577 48.06067 22.04345 0.0 33.0317 38.84072 16.01672 39.29241 34.15492 48.18344 33.66018 0.03621 
1000.0 35.86096 40.0045 41.34345 0.0 10.86069 34.26076 25.1547 47.3625 12.00309 10.5972 36.45005 0.0 30.57589 36.32524 45.75463 43.58217 10.73345 24.63514 15.48956 0.03738 
1000.0 0.0 0.0 0.0 14.90039 0.0 0.0 0.0 0.0 0.0 0.0 0.0 33.88289 0.0 0.0 0.0 0.0 0.0 0.0 0.0 0.0 
1000.0 38.59679 23.14835 33.83021 0.0 48.77877 36.16015 41.07553 21.54801 43.82009 19.35035 48.8426 0.0 11.7804 17.08729 12.00539 16.93366 41.2774 28.74258 45.43526 0.03153 
1000.0 23.61933 41.07179 13.84629 0.0 22.20053 13.03791 36.6341 42.48365 47.41903 31.50921 26.02307 0.0 29.6569 15.73766 12.27553 39.75734 46.80831 16.22418 27.1923 0.04899 
1000.0 49.01115 29.14574 27.71121 0.0 16.68026 38.51366 27.92575 38.72294 43.79705 36.8984 40.54271 0.0 24.64214 13.83765 46.78239 12.39862 37.60961 44.94183 13.18209 0.0371 
1000.0 17.80747 30.47281 23.51205 0.0 13.4364 31.21275 15.94071 23.1538 37.47259 19.7442 10.8375 0.0 43.73474 29.40398 17.8579 32.11619 20.83178 42.59 22.05861 0.04667 
1000.0 16.44969 42.99828 42.16472 0.0 46.53098 16.78606 20.07408 11.89357 15.15572 41.2224 38.61849 0.0 32.36752 13.87448 44.4725 28.72728 43.78529 12.47636 23.28744 0.0231 
1000.0 42.66712 41.08085 28.81294 0.0 15.25201 48.93446 15.18837 16.83416 17.75417 29.84113 37.67355 0.0 41.57703 31.10368 37.99599 16.29729 10.77253 41.16239 18.63774 0.04355 
1000.0 11.06581 44.52633 13.03986 0.0 43.65665 10.61889 25.61608 47.09304 18.01656 13.16862 39.46511 0.0 44.03793 17.37179 18.21071 48.43658 11.09503 28.99747 37.22522 0.04159 
1000.0 0.18367 0.04836 0.18199 0.0 0.13409 0.16235 0.10082 0.08061 0.13823 0.06272 0.12445 0.0 0.053 0.1264 0.08998 0.05903 0.16666 0.07362 0.05523 20.69122 
