1000.0 1000.0 1000.0 1000.0 1000.0 1000.0 1000.0 1000.0 1000.0 1000.0 1000.0 1000.0 1000.0 1000.0 1000.0 1000.0 1000.0 1000.0 1000.0 1000.0 1000.0 
1000.0 25.53668 15.31103 18.91413 0.0 26.8039 9.33435 10.40336 23.58898 11.73776 19.72741 16.4521 0.0 9.57129 8.00944 34.09182 19.32164 15.47716 32.97957 27.9776 0.01107 
1000.0 28.6486 31.26152 18.57925 0.0 31.94281 17.66748 20.95732 16.83394 22.7041 21.39675 32.72943 0.0 23.91078 21.13596 9.17579 15.63559 11.90751 18.71494 29.70967 0.01818 
1000.0 29.15882 23.29105 21.04046 0.0 17.54815 29.75046 23.64052 16.80804 11.11597 10.71533 16.00069 0.0 19.48514 22.70239 21.78152 16.98879 27.51826 8.9554 7.69702 0.02787 
1000.0 0.0 0.0 0.0 8.06859 0.0 0.0 0.0 0.0 0.0 0.0 0.0 19.17116 0.0 0.0 0.0 0.0 0.0 0.0 0.0 0.0 
1000.0 24.14449 17.25283 27.44914 0.0 9.79623 23.43395 32.57601 9.36486 33.62699 10.44526 15.63544 0.0 23.91961 7.31593 18.55526 15.65584 29.01243 32.70153 9.67192 0.03935 
1000.0 32.71447 20.66211 8.82525 0.0 30.83796 22.62884 19.15918 8.35647 24.79439 9.56875 26.76844 0.0 16.28032 8.62736 29.4066 28.15824 25.99703 12.16934 21.8079 0.01264 
1000.0 33.27151 18.26687 14.61937 0.0 12.64721 19.67242 28.27077 18.86214 29.86705 21.63574 27.19873 0.0 16.12188 31.96119 8.63163 23.69274 14.99774 20.94015 18.61107 0.03422 
1000.0 19.77857 7.71838 15.84185 0.0 13.9617 20.9709 20.03019 10.71595 34.62421 18.51643 29.01497 0.0 16.4631 16.78119 7.87503 22.96628 9.6502 8.9433 7.94324 0.01332 
1000.0 13.49143 10.50722 9.42548 0.0 32.01422 16.21997 32.56092 10.4842 34.88523 17.59312 24.51773 0.0 33.93828 18.02069 24.5363 18.42432 31.82031 27.73085 29.91818 0.02011 
1000.0 29.96337 18.48672 15.36237 0.0 28.61937 28.80162 13.80156 11.95634 15.35412 30.30162 24.53191 0.0 27.24141 25.74835 10.59403 16.93818 21.76789 24.16567 7.69333 0.03529 
1000.0 16.28894 24.04315 18.01918 0.0 19.89547 7.44762 10.66139 31.06469 19.22009 12.16707 10.10248 0.0 34.87103 8.99097 28.63589 33.51559 19.08083 9.72334 16.56962 0.0321 
1000.0 0.0 0.0 0.0 9.37152 0.0 0.0 0.0 0.0 0.0 0.0 0.0 15.04447 0.0 0.0 0.0 0.0 0.0 0.0 0.0 0.0 
1000.0 7.43101 16.96346 12.30061 0.0 26.21968 20.16234 28.93086 22.50594 20.4284 21.15375 18.02902 0.0 13.18668 17.43054 24.20534 29.61293 30.88661 14.70764 8.29216 0.00901 
1000.0 30.93611 22.31975 24.79901 0.0 24.56321 15.64204 8.14339 9.08957 33.19591 32.44778 27.02218 0.0 8.91096 12.13318 31.32831 23.81254 10.01825 31.01546 30.69113 0.0294 
1000.0 9.7141 19.03966 11.8579 0.0 32.69695 24.67122 14.15109 33.34154 14.31448 18.35918 15.53845 0.0 19.18932 13.1516 30.94699 8.44502 20.97213 13.78132 30.28514 0.02193 
1000.0 29.98302 30.45323 11.5191 0.0 21.5343 21.46625 32.63756 8.64348 22.30721 29.50822 19.12939 0.0 25.06041 10.1802 14.9712 17.74401 32.66928 22.72113 10.38021 0.01241 
1000.0 26.20902 27.24054 13.52276 0.0 27.24506 7.48603 31.01549 32.10181 26.09459 25.80887 28.84185 0.0 10.62007 20.14892 27.18791 24.74622 33.99762 34.45875 18.91025 0.012 
1000.0 8.27208 29.14211 10.51528 0.0 28.59069 18.10131 21.5793 25.76815 21.23202 34.24863 11.2945 0.0 14.56214 8.20683 11.61936 9.97647 7.49069 22.43674 8.21556 0.03729 
1000.0 11.52526 26.25828 30.24047 0.0 18.30525 10.53559 25.8785 8.17967 25.53568 28.79078 17.58457 0.0 26.74945 9.95384 30.93912 29.21555 24.28143 8.57024 25.51509 0.03201 
1000.0 0.0838 0.10275 0.0453 0.0 0.13922 0.08876 0.06032 0.087 0.10194 0.09054 0.14699 0.0 0.0506 0.06003 0.11709 0.1652 0.0979 0.11114 0.04726 11.6078 
