1000.0 1000.0 1000.0 1000.0 1000.0 1000.0 1000.0 1000.0 1000.0 1000.0 1000.0 1000.0 1000.0 1000.0 1000.0 1000.0 1000.0 1000.0 1000.0 1000.0 1000.0 
1000.0 18.725 18.01504 16.84914 0.0 14.85893 33.5359 22.6175 17.75361 13.21555 21.94043 17.16135 0.0 14.64879 10.48715 10.93026 29.81342 26.46227 9.47012 17.50257 0.03376 
1000.0 16.30132 28.3064 32.13821 0.0 32.30008 30.19038 12.23764 11.25611 36.43258 11.76503 31.38956 0.0 8.77524 9.02248 20.22104 8.14932 19.39691 29.04503 9.61872 0.01957 
1000.0 15.01439 9.2886 25.86996 0.0 11.68054 16.91128 26.49257 15.73668 16.35452 10.81968 7.48905 0.0 22.58508 17.46831 35.77824 8.70447 15.80609 34.53558 19.4735 0.04016 
1000.0 0.0 0.0 0.0 15.39514 0.0 0.0 0.0 0.0 0.0 0.0 0.0 34.13434 0.0 0.0 0.0 0.0 0.0 0.0 0.0 0.0 
1000.0 22.29742 11.13697 12.95699 0.0 32.52861 10.72115 8.42825 19.59353 20.82316 9.33256 33.76002 0.0 31.26832 37.21818 14.5215 25.07419 16.67898 8.10633 32.8584 0.02759 
1000.0 26.53121 28.82072 30.32606 0.0 18.69444 16.52361 26.7369 29.46243 17.27272 29.24658 11.91709 0.0 30.59741 29.90755 28.82625 8.27256 35.13944 20.63238 21.27224 0.02071 
1000.0 8.165 36.21097 16.10905 0.0 11.0594 16.73464 21.23172 20.90702 8.51825 21.86767 23.14478 0.0 36.18205 24.14444 34.90023 17.85333 19.81867 24.3672 20.0485 0.03229 
1000.0 36.35081 18.38199 13.5494 0.0 32.12382 23.70973 27.50707 28.95638 17.71882 9.54412 30.37598 0.0 11.34852 11.02262 13.29736 22.72221 32.79765 18.83183 11.40526 0.01782 
1000.0 17.72253 13.80157 14.58433 0.0 20.51838 20.27655 18.13372 14.98761 17.11086 13.43808 15.93623 0.0 32.02542 11.16377 19.81974 11.18191 36.31478 29.4549 10.71223 0.02086 
1000.0 21.64454 36.04366 15.2147 0.0 12.79797 7.90962 25.64095 26.98436 16.49518 22.45575 35.28835 0.0 32.67029 20.09994 19.01409 30.642 29.52022 8.19368 29.09189 0.03801 
1000.0 18.61911 11.23118 12.21566 0.0 29.71429 11.89715 14.07753 26.41921 11.97613 27.5767 27.04076 0.0 23.71272 14.28931 22.36633 22.30716 30.1362 17.26923 35.24667 0.01503 
1000.0 0.0 0.0 0.0 33.46059 0.0 0.0 0.0 0.0 0.0 0.0 0.0 14.62202 0.0 0.0 0.0 0.0 0.0 0.0 0.0 0.0 
1000.0 19.95258 23.9769 26.94044 0.0 34.51721 7.65198 7.67967 19.20098 34.44569 30.27365 16.98902 0.0 14.24406 7.49599 33.86151 33.50893 14.74413 22.51686 31.55286 0.04191 
1000.0 22.23491 26.27696 12.90235 0.0 28.27203 11.32115 20.53285 8.18516 15.27784 25.13937 12.36448 0.0 17.51376 13.51849 27.71931 12.02619 13.21639 24.32289 11.47156 0.03531 
1000.0 33.91664 17.18912 34.07239 0.0 32.00756 18.57785 20.46427 21.19658 9.06543 31.28713 34.99236 0.0 29.98113 15.3314 18.45337 15.87046 20.70177 9.13298 36.38646 0.01178 
1000.0 22.44614 30.82045 22.49976 0.0 34.52499 13.15476 9.46502 36.20106 30.69471 31.21194 13.49527 0.0 10.85563 35.15227 12.49575 23.29681 31.63072 36.03154 14.41141 0.02244 
1000.0 20.21473 12.64754 33.20431 0.0 11.13549 35.68157 8.31086 15.66069 25.60433 19.53975 35.45984 0.0 20.21277 35.72539 16.55256 35.11715 13.55202 32.43735 7.91778 0.02646 
1000.0 7.63105 27.47169 24.02168 0.0 34.64661 18.9338 26.2018 18.20627 17.8755 13.27187 7.52526 0.0 19.72873 21.07067 28.74374 22.37247 33.75102 12.26474 12.16344 0.02629 
1000.0 26.93774 18.58364 26.10027 0.0 15.53775 12.22821 14.4128 25.51592 26.43055 13.79102 32.14745 0.0 16.59442 30.58764 35.12323 16.19174 19.49595 10.83345 11.62874 0.02355 
1000.0 0.0649 0.15049 0.13493 0.0 0.16333 0.09899 0.06262 0.10836 0.04204 0.07905 0.13356 0.0 0.12483 0.08046 0.06667 0.06426 0.09725 0.0875 0.09756 21.65183 
