1000.0 1000.0 1000.0 1000.0 1000.0 1000.0 1000.0 1000.0 1000.0 1000.0 1000.0 1000.0 1000.0 1000.0 1000.0 1000.0 1000.0 1000.0 1000.0 1000.0 1000.0 
1000.0 44.19932 15.96736 31.57943 0.0 42.43513 26.23389 30.48352 17.15555 28.28277 41.33272 34.79589 0.0 44.20628 39.91621 13.30281 20.89465 9.62421 28.99744 17.32937 0.04414 
1000.0 40.17297 38.16168 43.35682 0.0 9.29556 26.25254 38.71815 30.0167 44.30809 43.84337 35.02007 0.0 22.55144 38.9197 38.06466 30.9341 23.91366 32.83573 28.64699 0.02684 
1000.0 17.65595 18.03948 11.72589 0.0 43.43204 14.57041 41.37508 39.45473 10.7487 18.46677 43.73569 0.0 24.00045 21.7786 36.10887 30.99532 29.89194 23.30143 40.98279 0.01318 
1000.0 0.0 0.0 0.0 33.5975 0.0 0.0 0.0 0.0 0.0 0.0 0.0 38.76593 0.0 0.0 0.0 0.0 0.0 0.0 0.0 0.0 
1000.0 17.65087 41.59705 9.15883 0.0 23.56002 19.44749 34.42367 24.52098 11.10455 36.61604 27.59504 0.0 20.83563 39.79258 21.27984 12.16133 25.50272 32.5589 9.09319 0.0379 
1000.0 14.32376 24.36044 30.82031 0.0 42.85509 31.7604 10.39047 21.01988 37.60917 29.34717 11.75309 0.0 29.47407 39.63798 14.60358 41.08081 39.38093 31.80861 24.81139 0.0157 
1000.0 16.46057 36.7353 26.10663 0.0 26.295 38.45463 39.53749 20.11056 42.87498 10.94566 42.48605 0.0 38.88557 12.96316 19.55113 19.35575 21.25106 23.18955 25.70214 0.03648 
1000.0 42.90099 19.77295 28.97125 0.0 32.15861 40.15371 23.28821 17.38874 28.89836 15.55645 42.39478 0.0 35.60034 41.32857 11.88603 20.70591 11.48821 34.45403 42.27023 0.04404 
1000.0 31.01936 21.58453 32.98099 0.0 42.15142 30.74865 12.47395 24.28273 27.9447 28.53584 19.93481 0.0 14.36568 14.91044 21.60839 21.18426 41.02229 32.50449 22.78771 0.00991 
1000.0 17.07108 36.90121 43.8876 0.0 35.56929 13.66319 28.72106 14.91796 43.96203 14.83328 34.28048 0.0 14.98882 28.5217 36.91603 39.90327 29.99789 20.72843 13.82063 0.0391 
1000.0 34.83651 38.56314 28.02235 0.0 43.19685 26.27751 38.26104 37.73249 18.86464 39.27119 33.10931 0.0 32.81634 35.9941 34.64127 29.31691 20.89026 23.8829 42.28917 0.04662 
1000.0 0.0 0.0 0.0 38.71857 0.0 0.0 0.0 0.0 0.0 0.0 0.0 21.07271 0.0 0.0 0.0 0.0 0.0 0.0 0.0 0.0 
1000.0 40.09013 43.08246 31.96562 0.0 16.87126 39.05463 39.01379 39.1141 11.58745 13.25602 44.10971 0.0 32.29808 9.43457 20.84192 22.09152 10.75559 22.98953 43.92576 0.02503 
1000.0 26.59105 21.51654 15.627 0.0 41.82831 28.98251 31.87807 21.92692 41.68457 28.05228 12.33806 0.0 24.714 29.2529 17.27476 16.99431 9.85936 17.85141 12.79935 0.0372 
1000.0 13.32115 13.82725 11.54559 0.0 16.05545 29.30817 31.64831 25.18984 16.30105 27.66283 43.69651 0.0 13.17692 24.3548 31.00346 16.3954 9.49796 32.75255 14.70965 0.02581 
1000.0 24.47002 22.29697 39.05387 0.0 37.50268 35.38368 42.83191 35.14061 12.69064 30.50613 40.33888 0.0 17.24977 11.8703 13.13737 40.34961 37.92139 32.36016 37.16391 0.02698 
1000.0 32.74034 22.51943 37.09449 0.0 17.33771 25.75058 27.408 22.46746 11.69174 27.59602 34.90733 0.0 15.48649 31.99374 43.4377 21.07671 16.49915 13.97628 12.6306 0.00993 
1000.0 38.80219 20.12282 38.21041 0.0 43.78176 27.83895 14.64571 28.39599 29.0217 43.47018 43.7026 0.0 36.87562 25.42839 22.71087 12.33998 9.89445 37.98144 37.94266 0.01477 
1000.0 10.51301 38.80118 16.92772 0.0 33.07091 14.21817 15.27328 31.27478 13.79534 10.00282 26.21304 0.0 13.24799 40.19708 13.50836 20.27777 40.8855 39.07039 24.74785 0.00984 
1000.0 0.17323 0.18396 0.07467 0.0 0.06905 0.17444 0.11814 0.09003 0.15672 0.08859 0.12875 0.0 0.05944 0.04346 0.07203 0.06095 0.08691 0.10588 0.18022 15.1707 
