1000.0 1000.0 1000.0 1000.0 1000.0 1000.0 1000.0 1000.0 1000.0 1000.0 1000.0 1000.0 1000.0 1000.0 1000.0 1000.0 1000.0 1000.0 1000.0 1000.0 1000.0 
1000.0 41.72332 22.03827 42.98072 0.0 32.15013 23.59215 29.83917 36.05066 39.49113 32.85489 30.75203 0.0 29.04709 34.53206 34.59813 29.02276 31.67797 16.81014 24.54014 0.04617 
1000.0 14.08339 19.388 17.53075 0.0 36.01159 41.70292 8.97513 9.21688 42.46162 39.90799 11.22355 0.0 20.73338 22.76933 19.38666 18.69947 28.27311 41.50513 38.12606 0.03717 
1000.0 26.75065 10.10905 13.60864 0.0 15.76193 11.9449 11.65279 18.83386 23.33488 14.99766 33.79867 0.0 36.12132 24.40868 13.45391 28.58272 34.21788 25.60665 29.06025 0.01867 
1000.0 0.0 0.0 0.0 13.04892 0.0 0.0 0.0 0.0 0.0 0.0 0.0 41.01257 0.0 0.0 0.0 0.0 0.0 0.0 0.0 0.0 
1000.0 39.46511 12.00195 14.29628 0.0 33.02694 43.78907 25.36074 10.14728 38.89565 29.56751 41.61847 0.0 18.48079 23.79383 41.60971 26.74636 9.56067 30.49739 27.45828 0.02123 
1000.0 40.48865 19.98299 13.40552 0.0 31.31268 9.85739 36.49783 36.91356 34.89237 25.92395 37.19932 0.0 35.34535 43.4508 36.07032 37.44825 43.78756 38.2809 10.0133 0.03775 
1000.0 25.75482 9.90138 15.01253 0.0 16.33711 35.81224 18.95557 10.33924 32.30071 40.31181 13.20407 0.0 12.02748 13.14295 31.0503 23.56182 17.19071 23.77679 27.12354 0.03107 
1000.0 34.31679 14.93424 31.18424 0.0 15.99506 19.98836 41.25172 14.10848 42.59514 17.48107 14.81909 0.0 14.50239 21.53185 38.73022 9.80745 34.17528 35.28552 22.11124 0.03036 
1000.0 19.85028 40.3211 11.23871 0.0 29.59571 41.90412 18.69065 18.47168 30.69548 36.84211 14.55378 0.0 31.32953 18.59713 19.20134 43.56355 16.50567 30.64552 29.07531 0.04282 
1000.0 38.03568 9.65706 10.12299 0.0 27.69636 37.6087 9.43165 9.26148 20.34614 12.63335 29.48469 0.0 25.81345 41.46058 38.67568 43.49701 22.68698 28.25021 30.86913 0.04371 
1000.0 12.79358 17.88047 23.46063 0.0 13.06875 25.71714 24.23108 36.24651 19.05942 43.46792 42.3715 0.0 24.13601 25.20718 33.02673 9.14945 35.39636 17.0968 21.57491 0.03138 
1000.0 0.0 0.0 0.0 17.86701 0.0 0.0 0.0 0.0 0.0 0.0 0.0 14.77559 0.0 0.0 0.0 0.0 0.0 0.0 0.0 0.0 
1000.0 26.30365 43.50581 27.4164 0.0 27.93485 41.11492 28.85736 18.69078 14.73045 9.88501 11.80949 0.0 23.24018 30.98798 40.13786 28.85691 19.75926 16.09025 18.86056 0.01007 
1000.0 29.79235 31.90096 34.21411 0.0 35.34108 38.5542 42.50142 15.6678 16.51193 24.30079 14.95617 0.0 19.04471 21.0725 28.40355 19.36052 11.39966 8.78424 9.58698 0.0428 
1000.0 40.55662 9.44417 36.71257 0.0 28.21998 15.82249 24.24624 36.12156 24.74243 30.57015 41.48751 0.0 22.40005 25.05649 37.28941 35.19528 42.378 23.27642 14.63767 0.03018 
1000.0 26.2355 20.2809 27.66781 0.0 39.79097 21.32052 12.12349 28.91504 10.37944 18.84288 25.36718 0.0 12.72075 38.06204 30.57489 22.64204 36.1097 20.35476 39.62072 0.03018 
1000.0 26.42861 27.06152 26.42189 0.0 15.47114 21.5645 39.83165 16.54816 19.8994 43.33219 26.92847 0.0 39.72009 38.16024 32.26914 22.32585 33.92892 32.96557 39.65922 0.01184 
1000.0 43.16232 40.08828 12.94841 0.0 8.86301 8.80766 13.43169 41.74478 9.80394 15.89942 16.05237 0.0 16.59799 21.55641 12.52998 40.52543 8.97358 15.36418 17.15002 0.04564 
1000.0 35.71223 24.71263 23.28699 0.0 38.99629 15.24651 12.26618 16.36289 26.48808 35.13941 28.54238 0.0 22.67277 11.9421 26.18185 31.98104 26.57418 39.18652 42.51263 0.01743 
1000.0 0.16269 0.04839 0.04577 0.0 0.17995 0.11675 0.18675 0.16733 0.05323 0.11876 0.04556 0.0 0.13579 0.13745 0.0592 0.09204 0.0541 0.1192 0.18398 25.34667 
