1000.0 1000.0 1000.0 1000.0 1000.0 1000.0 1000.0 1000.0 1000.0 1000.0 1000.0 1000.0 1000.0 1000.0 1000.0 1000.0 1000.0 1000.0 1000.0 1000.0 1000.0 
1000.0 35.51836 35.06949 29.18215 0.0 10.02436 24.21252 40.50002 31.72935 28.43274 23.0193 39.07097 0.0 14.15944 21.82175 37.36555 19.40638 45.96572 27.23735 42.28206 0.0467 
1000.0 10.03724 9.62347 10.71481 0.0 34.11476 34.55756 12.53677 41.90573 27.85394 23.60458 18.76066 0.0 10.75895 42.99662 13.29091 46.41239 30.67296 39.07636 30.96744 0.01029 
1000.0 20.16775 36.22467 13.37511 0.0 36.44401 34.10609 13.72813 34.50248 45.20762 14.05567 17.79894 0.0 37.56707 16.90147 35.19376 21.98236 10.50044 14.84634 40.50959 0.01544 
1000.0 0.0 0.0 0.0 34.41014 0.0 0.0 0.0 0.0 0.0 0.0 0.0 25.61301 0.0 0.0 0.0 0.0 0.0 0.0 0.0 0.0 
1000.0 45.3263 28.06793 45.00777 0.0 27.43329 34.62078 40.75573 41.49316 20.72226 39.57414 19.34687 0.0 30.48994 16.62676 32.6517 15.70487 32.28082 34.77925 23.14609 0.0445 
1000.0 45.51053 30.6369 25.5202 0.0 27.28736 33.40333 27.84075 9.61945 10.54972 27.94785 10.15135 0.0 45.7392 43.99756 33.73908 16.63306 24.11691 24.34958 23.8808 0.0425 
1000.0 9.88673 39.31397 38.72563 0.0 32.76135 21.8825 44.00241 23.722 19.79055 20.80061 15.33886 0.0 24.9939 40.98443 25.88316 45.78432 40.27076 26.05724 26.00398 0.02923 
1000.0 26.93137 17.83257 18.63553 0.0 21.0114 28.66028 24.6049 40.16094 30.76396 37.18985 22.13391 0.0 44.64049 22.49068 40.68537 37.83559 28.33274 36.42783 24.53106 0.04296 
1000.0 45.03451 23.41452 11.72653 0.0 20.88464 19.68101 32.61459 31.54689 18.98177 17.04282 26.29769 0.0 31.68919 30.0264 18.56498 29.62654 42.7865 15.55635 22.23005 0.03263 
1000.0 15.26259 28.49774 33.58229 0.0 28.10664 23.28185 17.94366 28.98617 36.10003 25.39717 22.25132 0.0 27.35523 9.74206 13.09573 41.34252 27.7904 44.97141 30.15203 0.03355 
1000.0 27.43583 39.12674 29.0156 0.0 45.10045 42.67436 26.10756 45.11085 10.28139 20.14657 24.85454 0.0 36.586 14.95888 31.24204 39.55685 41.08545 40.56424 27.89875 0.01676 
1000.0 0.0 0.0 0.0 44.90093 0.0 0.0 0.0 0.0 0.0 0.0 0.0 26.92781 0.0 0.0 0.0 0.0 0.0 0.0 0.0 0.0 
1000.0 15.7407 24.833 35.99844 0.0 24.02378 17.02885 40.08036 41.4959 20.64589 35.58138 31.9352 0.0 37.12787 35.57978 20.53064 10.93995 17.33936 44.0665 43.17228 0.0113 
1000.0 14.97238 10.39196 30.24631 0.0 31.02491 27.00486 26.15125 31.48026 11.31514 19.968 29.68105 0.0 44.69309 10.94123 16.64231 45.48388 21.41486 24.54803 34.8325 0.0197 
1000.0 23.42749 16.09989 41.68913 0.0 41.34404 45.52934 34.85126 39.2875 41.97005 42.54172 32.07516 0.0 15.58008 27.93808 22.92578 12.5395 41.74639 11.77925 35.46361 0.02239 
1000.0 32.75784 13.34114 14.123 0.0 29.69742 12.06399 21.61141 22.75409 17.31523 11.74547 43.31632 0.0 39.4501 39.53222 11.75506 38.12909 23.36545 24.91782 25.60157 0.01932 
1000.0 46.39744 42.13605 29.10845 0.0 20.27393 9.96424 41.34833 17.8442 29.02379 27.69913 27.90305 0.0 20.27872 13.03783 37.0479 32.48323 18.55526 25.37318 22.61134 0.04669 
1000.0 38.0883 36.70407 33.75895 0.0 19.18737 10.72514 20.42653 42.65825 44.13126 20.01186 28.96944 0.0 17.97338 45.02757 20.44615 37.519 21.13476 22.5363 12.92984 0.01414 
1000.0 23.72775 12.9283 24.74072 0.0 43.24801 31.80787 43.96613 17.85378 9.96402 42.37356 44.51644 0.0 35.34482 10.04489 31.18118 31.00185 34.17156 31.47553 19.91848 0.03621 
1000.0 0.10503 0.04722 0.14943 0.0 0.09587 0.19103 0.04574 0.13751 0.12558 0.05449 0.15223 0.0 0.083 0.09181 0.18947 0.14033 0.09866 0.10392 0.13501 17.81587 
