1000.0 1000.0 1000.0 1000.0 1000.0 1000.0 
1000.0 0.00986 0.01369 0.01206 0.01263 0.00156 
1000.0 0.02317 0.13173 0.01869 0.04064 0.12964 
1000.0 0.10688 0.11316 0.0311 0.09336 0.02786 
1000.0 0.0284 0.03283 0.02779 0.01167 0.00596 
1000.0 0.01936 0.10316 0.00767 0.10605 0.01139 
1000.0 0.001 0.06918 0.00271 0.03548 0.06732 
1000.0 0.00389 0.00522 0.00371 0.00383 0.00661 
1000.0 0.1825 0.05441 0.02578 0.00252 0.14749 
1000.0 0.0121 0.02529 0.00832 0.02196 0.01413 
1000.0 0.04222 0.04606 0.03499 0.04761 0.04272 
1000.0 0.39369 0.16851 0.19111 0.13177 0.27411 
1000.0 0.06242 0.00627 0.04799 0.02875 0.02305 
1000.0 0.0905 0.0649 0.04597 0.03409 0.0506 
1000.0 0.01948 0.04915 0.10086 0.05885 0.11167 
1000.0 0.01008 0.0165 0.00688 0.00713 0.00456 
1000.0 0.01144 0.01233 0.00255 0.01595 0.00991 
1000.0 0.01635 0.03349 0.00856 0.02036 0.02938 
1000.0 0.02996 0.01426 0.00392 0.00027 0.02865 
1000.0 0.02628 0.00562 0.02824 0.04831 0.03441 
1000.0 0.00447 0.00341 0.02075 0.02206 0.00864 
1000.0 0.00471 0.0034 0.01202 0.00046 0.00097 
1000.0 0.01986 0.02098 0.02062 0.02825 0.0175 
1000.0 0.00295 0.00214 0.00148 0.00136 0.00143 
1000.0 0.04053 0.03338 0.09002 0.10591 0.02223 
1000.0 0.09646 0.05053 0.01906 0.08246 0.03772 
1000.0 0.01331 0.00447 0.0137 0.01462 0.02473 
1000.0 0.00095 0.02113 0.00755 0.00132 0.00077 
1000.0 0.03448 0.04123 0.0207 0.01127 0.04564 
1000.0 0.02687 0.01941 0.0167 0.02419 0.03047 
1000.0 0.00501 0.00032 0.0007 0.01942 0.01294 
1000.0 0.00159 0.02632 0.01999 0.00698 0.02039 
1000.0 0.0256 0.00182 0.02997 0.02962 0.04083 
1000.0 4e-05 0.00677 0.00977 0.01134 0.00835 
1000.0 0.00278 0.01621 0.01303 0.00843 0.00459 
1000.0 0.04651 0.00664 0.03916 0.04327 0.02575 
1000.0 0.02397 0.04047 0.03941 0.03352 0.02553 
1000.0 0.17065 0.09375 0.12777 0.11771 0.19419 
1000.0 0.01087 0.02879 0.02271 0.02507 0.02469 
1000.0 0.0167 0.04709 0.01582 0.05244 0.01613 
1000.0 0.06541 0.06759 0.00406 0.08116 0.09105 
1000.0 0.06238 0.06939 0.02167 0.07704 0.04187 
1000.0 0.00999 0.01141 0.0018 0.00118 0.00205 
1000.0 0.00966 0.01201 0.01404 0.02217 0.00844 
1000.0 0.01199 0.00859 0.01349 0.01115 0.00387 
1000.0 0.00269 0.06868 0.04881 0.05703 0.07065 
1000.0 0.03917 0.00696 0.01248 0.03071 0.00581 
1000.0 0.00773 0.01217 0.00632 0.01076 0.00366 
1000.0 0.03352 0.00275 0.1031 0.08929 0.04786 
1000.0 0.01257 0.03309 0.00989 0.02933 0.02155 
1000.0 0.00076 0.00105 0.00542 0.01154 0.00498 
