1000.0 1000.0 1000.0 1000.0 1000.0 1000.0 
1000.0 0.01015 0.00447 0.00077 0.00161 0.00424 
1000.0 0.14269 0.06526 0.09391 0.03448 0.05802 
1000.0 0.15878 0.12808 0.17034 0.16006 0.03944 
1000.0 0.00739 0.03377 0.03572 0.03549 0.02638 
1000.0 0.00523 0.04358 0.07837 0.0672 0.06035 
1000.0 0.04731 0.04327 0.00143 0.06577 0.04564 
1000.0 0.00263 0.00394 0.00022 0.00029 0.00621 
1000.0 0.17586 0.06205 0.02383 0.06409 0.19469 
1000.0 0.02444 0.00775 0.0112 0.0193 0.02962 
1000.0 0.01737 0.0119 0.004 0.01183 0.02242 
1000.0 0.22469 0.05313 0.14006 0.29883 0.31711 
1000.0 0.01153 0.05628 0.06452 0.04035 0.02231 
1000.0 0.04272 0.00451 0.06186 0.03028 0.0634 
1000.0 0.08186 0.02502 0.10505 0.11101 0.13513 
1000.0 0.00502 0.00529 0.00363 0.00567 0.00431 
1000.0 0.00898 0.01356 0.00062 0.00804 0.00578 
1000.0 0.02885 0.02228 0.03363 0.02372 0.02551 
1000.0 0.02822 0.02192 0.0159 0.01725 0.01011 
1000.0 0.05752 0.05416 0.00295 0.04889 0.03373 
1000.0 0.01796 0.01357 0.01949 0.00783 0.00102 
1000.0 0.00903 0.00039 0.01422 0.00495 0.01091 
1000.0 0.00161 0.00822 0.03244 0.02594 0.04023 
1000.0 0.00177 0.00268 0.00251 0.003 0.00143 
1000.0 0.06034 0.09636 0.07715 0.09348 0.03593 
1000.0 0.01559 0.08845 0.02699 0.10553 0.03579 
1000.0 0.03085 0.01685 0.03213 0.01932 0.01506 
1000.0 0.02014 0.0046 0.01488 0.02161 0.01086 
1000.0 0.03915 0.03995 0.01478 0.03818 0.03843 
1000.0 0.04939 0.00221 0.00194 0.02976 0.0114 
1000.0 0.01327 0.0089 0.02115 0.00554 0.01204 
1000.0 0.00115 0.024 0.01383 0.00011 0.01372 
1000.0 0.02977 0.02196 0.03251 0.01786 0.02278 
1000.0 0.01269 0.00669 0.00413 0.00924 0.00506 
1000.0 0.02125 0.00546 0.00822 0.0098 0.01968 
1000.0 0.04614 0.00292 0.02623 0.00266 0.02799 
1000.0 0.03425 0.00691 0.01039 0.0332 0.02355 
1000.0 0.02443 0.11442 0.0889 0.07056 0.20163 
1000.0 0.02524 0.00742 0.0226 0.01779 0.00554 
1000.0 0.02839 0.00281 0.05542 0.02387 0.04548 
1000.0 0.08358 0.00353 0.07895 0.04988 0.08843 
1000.0 0.05566 0.0435 0.03908 0.05269 0.00113 
1000.0 0.00832 0.01463 0.00114 0.0012 0.01207 
1000.0 0.01647 0.02004 0.01086 0.02464 0.01725 
1000.0 0.00568 0.0116 0.0003 0.01315 0.01291 
1000.0 0.01529 0.05666 0.0093 0.01894 0.02903 
1000.0 0.00646 0.01505 0.0123 0.03893 0.01385 
1000.0 0.00102 0.00471 0.00794 0.00626 0.00666 
1000.0 0.08215 0.02946 0.05355 0.00531 0.04942 
1000.0 0.01989 0.02957 0.0128 0.00161 0.00883 
1000.0 0.0083 0.00542 0.00556 0.01289 0.00868 
