1000.0 1000.0 1000.0 1000.0 1000.0 1000.0 
1000.0 0.00589 0.01496 0.00776 0.01481 0.00917 
1000.0 0.06054 0.00806 0.01968 0.10709 0.00239 
1000.0 0.12735 0.14356 0.19025 0.18286 0.02503 
1000.0 0.00338 0.02347 0.03157 0.01311 0.02782 
1000.0 0.07391 0.0338 0.0919 0.09021 0.09933 
1000.0 0.04538 0.05602 0.06982 0.05972 0.0176 
1000.0 0.00174 0.00408 8e-05 0.00052 0.00438 
1000.0 0.21276 0.14256 0.0105 0.12829 0.13621 
1000.0 0.00208 0.03061 0.00175 0.00907 0.01987 
1000.0 0.04555 0.02744 0.03558 0.0469 0.01278 
1000.0 0.29099 0.04546 0.4626 0.24963 0.02303 
1000.0 0.03883 0.05074 0.06781 0.06761 0.01513 
1000.0 0.05788 0.06457 0.06081 0.02207 0.03734 
1000.0 0.0843 0.031 0.08163 0.1264 0.04314 
1000.0 0.01814 0.02342 0.0068 0.01772 0.00816 
1000.0 0.00136 0.0159 0.01446 0.02142 0.02169 
1000.0 0.01155 0.01567 0.01981 0.00161 0.01416 
1000.0 0.00286 0.02025 0.02833 0.00024 0.02921 
1000.0 0.03898 0.05116 0.00766 0.02135 0.03956 
1000.0 0.0024 0.01572 0.01274 0.00045 0.00574 
1000.0 0.00805 0.00974 0.00581 0.01228 0.00454 
1000.0 0.02838 0.0265 0.04558 0.01798 0.00711 
1000.0 0.00264 0.00032 9e-05 0.00124 0.00398 
1000.0 0.05487 0.02102 0.01083 0.08454 0.07229 
1000.0 0.02263 0.10222 0.05659 0.06472 0.08826 
1000.0 0.03219 0.01872 0.02535 0.03194 0.00507 
1000.0 0.00115 0.00373 0.01122 0.02085 0.01068 
1000.0 0.01104 0.01702 0.00591 0.03087 0.02188 
1000.0 0.01144 0.02354 0.01289 0.03783 0.04945 
1000.0 0.0016 0.00074 0.01899 0.02265 0.01576 
1000.0 0.01445 0.02227 0.01414 0.0114 0.02514 
1000.0 0.01092 0.02856 0.00222 0.00121 0.03316 
1000.0 0.01463 0.00895 0.01344 0.00635 0.01508 
1000.0 0.00791 0.01353 0.00826 0.02064 0.01107 
1000.0 0.00561 0.03503 0.03041 0.03762 0.0224 
1000.0 0.02515 0.04099 0.04448 0.04188 0.00745 
1000.0 0.12702 0.15318 0.09009 0.17967 0.04687 
1000.0 0.02765 0.01691 0.0061 0.01117 0.01302 
1000.0 0.0007 0.05338 0.04299 0.03999 0.02985 
1000.0 0.01934 0.05558 0.06537 0.05156 0.02127 
1000.0 0.01208 0.01177 0.08493 0.09314 0.04504 
1000.0 0.00569 0.00878 0.00942 0.00952 0.00073 
1000.0 0.00253 0.00018 0.00114 0.00883 0.02842 
1000.0 0.00267 0.00028 0.00236 0.00787 0.01114 
1000.0 0.06794 0.05438 0.06602 0.02791 0.00786 
1000.0 0.02619 0.02949 0.04042 0.00333 0.02597 
1000.0 0.00265 0.00151 0.00688 0.0063 0.0063 
1000.0 0.01134 0.05546 0.10043 0.05978 0.03431 
1000.0 0.00888 0.03272 0.01307 0.0111 0.01986 
1000.0 0.00747 0.01483 0.00334 0.01548 0.00283 
