1000.0 1000.0 1000.0 1000.0 1000.0 1000.0 
1000.0 0.0076 0.01487 0.00562 0.01292 0.01309 
1000.0 0.14277 0.13368 0.0943 0.1451 0.10552 
1000.0 0.19542 0.07681 0.18429 0.19333 0.17636 
1000.0 0.02565 0.00337 0.03048 0.0334 0.02101 
1000.0 0.03292 0.07086 0.05963 0.01711 0.04765 
1000.0 0.01405 0.05462 0.04341 0.05338 0.01923 
1000.0 0.00362 0.00416 0.00037 0.00099 0.00084 
1000.0 0.11071 0.118 0.11706 0.06603 0.17082 
1000.0 0.00602 0.01244 0.02941 0.02702 0.02193 
1000.0 0.03597 0.01825 0.04577 0.03587 0.04669 
1000.0 0.05076 0.14165 0.4527 0.4371 0.33677 
1000.0 0.04732 0.05345 0.0511 0.04037 0.0367 
1000.0 0.02977 0.01277 0.02689 0.07435 0.02836 
1000.0 0.13904 0.00422 0.0542 0.11699 0.08313 
1000.0 0.02396 0.01448 0.0109 0.01272 0.01741 
1000.0 0.02385 0.01852 0.00515 0.00036 0.02295 
1000.0 0.00815 0.01625 0.02064 0.02255 0.02802 
1000.0 0.02095 0.02867 0.00479 0.00449 0.01147 
1000.0 0.05226 0.05035 0.03761 0.03775 0.04779 
1000.0 0.00257 0.00615 0.00025 0.0201 0.01531 
1000.0 0.00317 0.00225 0.00019 0.01305 0.0132 
1000.0 0.02656 0.01058 0.01913 0.0162 0.0461 
1000.0 0.00383 0.00075 0.00022 0.00032 0.00315 
1000.0 0.03349 0.08755 0.09817 0.01726 0.02502 
1000.0 0.07504 0.08154 0.03692 0.08265 0.02097 
1000.0 0.01881 0.01257 0.00052 0.01227 0.00909 
1000.0 5e-05 9e-05 0.00568 0.01452 0.0205 
1000.0 0.04394 0.02863 0.05123 0.0321 0.01275 
1000.0 0.03698 0.01982 0.03446 0.02696 0.02575 
1000.0 0.00923 0.00283 0.01541 0.01718 0.00418 
1000.0 0.00588 0.00909 0.01981 0.02667 0.0271 
1000.0 0.04247 0.03723 0.01811 0.02752 0.01957 
1000.0 0.00797 0.00915 0.00486 0.00764 0.0152 
1000.0 0.0194 0.02347 0.01413 0.01048 0.00082 
1000.0 0.01122 0.01519 0.01604 0.04842 0.04552 
1000.0 0.00929 0.00242 0.0219 0.02159 0.01874 
1000.0 0.14791 0.16743 0.04759 0.20995 0.21215 
1000.0 0.01757 0.02866 0.02631 0.00392 0.00087 
1000.0 0.04952 0.05445 0.03666 0.01138 0.03018 
1000.0 0.04969 0.03729 0.05845 0.08722 0.05591 
1000.0 0.0744 0.06652 0.0974 0.00082 0.06575 
1000.0 0.01019 0.00616 0.00339 0.01312 0.00724 
1000.0 0.01645 0.00727 0.02736 0.012 0.00637 
1000.0 0.00734 0.00075 0.01081 0.00245 0.00111 
1000.0 0.02183 0.04368 0.01371 0.04022 0.01859 
1000.0 0.00814 0.00536 0.00553 0.01817 0.03198 
1000.0 0.00638 0.01127 0.00578 0.001 0.00809 
1000.0 0.0226 0.05281 0.00158 0.09592 0.10007 
1000.0 0.01552 0.03294 0.00126 0.01523 0.0098 
1000.0 0.00848 0.00886 0.00388 0.01025 0.00412 
