1000.0 1000.0 1000.0 1000.0 1000.0 1000.0 
1000.0 0.00558 0.00165 0.00153 0.00733 0.01107 
1000.0 0.08049 0.00205 0.01017 0.00799 0.10956 
1000.0 0.14598 0.03882 0.11064 0.07455 0.08167 
1000.0 0.03569 0.0071 0.0277 0.02535 0.002 
1000.0 0.06217 0.00539 0.04743 0.04767 0.03089 
1000.0 0.00247 0.03596 0.01874 0.04079 0.0076 
1000.0 0.00165 0.00539 0.00562 0.00073 0.00047 
1000.0 0.20023 0.06143 0.00294 0.13966 0.06273 
1000.0 0.01805 0.02159 0.00642 0.02149 0.02168 
1000.0 0.02004 0.01339 0.04209 0.04701 0.04227 
1000.0 0.13316 0.3654 0.18977 0.02664 0.3177 
1000.0 0.0664 0.06104 0.04499 0.0019 0.05548 
1000.0 0.08048 0.06988 0.0132 0.07678 0.06168 
1000.0 0.01143 0.1467 0.11483 0.00213 0.07887 
1000.0 0.00651 0.01669 0.00119 0.00832 0.02275 
1000.0 0.00282 0.00573 0.02249 0.00753 0.00589 
1000.0 0.00482 0.01378 0.021 0.00368 0.00452 
1000.0 0.0302 0.02792 0.02086 0.01703 0.02615 
1000.0 0.02555 0.00594 0.03491 0.06174 0.05521 
1000.0 0.00197 0.01342 0.00316 0.00038 0.00691 
1000.0 0.01032 0.006 0.01065 0.01144 0.00609 
1000.0 0.03516 0.01494 0.03319 0.01727 0.03337 
1000.0 0.00353 0.00139 0.00392 0.00207 8e-05 
1000.0 0.06822 0.02603 0.02741 0.05102 0.02143 
1000.0 0.1023 0.02295 0.05093 0.09821 0.00759 
1000.0 0.03495 0.03046 0.03335 0.01851 0.03072 
1000.0 0.01034 0.00798 0.00593 0.02131 0.00266 
1000.0 0.02136 0.01929 0.02118 0.01645 0.05319 
1000.0 0.0242 0.00052 0.0333 0.02161 0.00024 
1000.0 0.00478 0.00272 0.00747 0.01872 0.00375 
1000.0 0.01346 0.00899 0.02299 0.01321 0.01694 
1000.0 0.02878 0.01509 0.03495 0.01124 0.01562 
1000.0 0.01103 0.00338 0.0038 0.00664 0.01054 
1000.0 0.01222 0.02004 0.01498 0.01756 0.02251 
1000.0 0.04184 0.03318 0.01611 0.0355 0.02384 
1000.0 0.04028 0.03634 0.03086 0.02361 0.03742 
1000.0 0.15263 0.20028 0.05597 0.07787 0.07409 
1000.0 0.02888 0.02427 0.02453 0.0155 0.00662 
1000.0 0.00144 0.03976 0.00254 0.00424 0.05795 
1000.0 0.05837 0.00673 0.10393 0.05726 0.09828 
1000.0 0.06778 0.02868 0.09792 0.06651 0.01528 
1000.0 0.00079 0.0154 0.00872 0.01453 0.00272 
1000.0 0.02681 0.00106 0.01002 0.02298 0.01285 
1000.0 0.00169 0.0135 0.00158 0.0002 0.00332 
1000.0 0.00923 0.01119 0.02417 0.04768 0.05701 
1000.0 0.00742 0.00136 0.00604 0.0129 0.00915 
1000.0 0.00784 0.00116 0.00314 0.00887 0.00217 
1000.0 0.09738 0.0553 0.0647 0.09426 0.10125 
1000.0 0.00239 0.02021 0.00405 0.02416 0.01072 
1000.0 0.00223 0.01388 0.01145 0.00588 0.00457 
