1000.0 1000.0 1000.0 1000.0 1000.0 1000.0 
1000.0 0.00128 0.00141 0.00476 0.0089 0.00114 
1000.0 0.11246 0.05437 0.03696 0.05522 0.05161 
1000.0 0.17658 0.00962 0.06509 0.07735 0.1768 
1000.0 0.00118 0.01968 0.02035 0.03424 0.02343 
1000.0 0.03209 0.02924 0.06129 0.0984 0.10193 
1000.0 0.00782 0.05919 0.0288 0.05157 0.03196 
1000.0 0.00677 0.00039 0.00196 0.0019 0.00442 
1000.0 0.2182 0.10196 0.22317 0.01931 0.01709 
1000.0 0.02861 0.00385 0.02003 0.02014 0.00578 
1000.0 0.04692 0.04446 0.02607 0.00502 0.01366 
1000.0 0.10666 0.10748 0.2331 0.4672 0.45115 
1000.0 0.00875 0.00663 0.07087 0.02321 0.05193 
1000.0 0.09579 0.05097 0.04805 0.06594 0.10485 
1000.0 0.14261 0.13621 0.03156 0.07521 0.02024 
1000.0 0.00231 0.02195 0.01264 0.00425 0.01126 
1000.0 0.00831 0.00063 0.01151 0.01841 0.01226 
1000.0 0.00032 0.02166 0.0225 0.01597 0.02654 
1000.0 0.02379 0.00491 0.01409 0.01947 0.02207 
1000.0 0.05073 0.01381 0.04681 0.03997 0.05788 
1000.0 0.01096 0.00571 0.01607 0.01366 0.01663 
1000.0 0.01481 0.01138 0.00797 0.00426 0.00755 
1000.0 0.04559 0.0389 0.03351 0.01168 0.01338 
1000.0 0.00342 0.00196 0.00298 0.00147 0.0014 
1000.0 0.06454 0.09446 0.05064 0.0589 0.06732 
1000.0 0.04927 0.04054 0.07551 0.06744 0.08261 
1000.0 0.01132 0.00443 0.00661 0.0112 0.02756 
1000.0 0.02342 0.00589 0.00266 0.00198 0.00342 
1000.0 0.02883 0.00439 0.04243 0.00652 0.02589 
1000.0 0.01824 0.01417 0.02819 0.0222 0.0058 
1000.0 0.02391 0.01897 0.01353 0.00293 0.01288 
1000.0 0.00086 0.00486 0.00892 0.0129 0.02052 
1000.0 0.04175 0.00757 0.01921 0.02959 0.03322 
1000.0 0.0022 0.00347 0.0034 0.01508 0.01067 
1000.0 0.01656 0.01934 0.00505 0.00655 0.00321 
1000.0 0.00171 0.0357 0.02457 0.03911 0.01484 
1000.0 0.04537 0.01581 0.04664 0.02509 0.04343 
1000.0 0.06998 0.15592 0.11217 0.05126 0.00142 
1000.0 0.0171 0.02026 0.01007 0.02029 0.00452 
1000.0 0.04647 0.00012 0.0218 0.04034 0.02411 
1000.0 0.0706 0.02733 0.09063 0.05497 0.04939 
1000.0 0.05712 0.09952 0.08366 0.08992 0.09035 
1000.0 0.01361 0.00418 0.00668 0.01655 0.0165 
1000.0 0.02584 0.01601 0.00832 0.02269 0.0045 
1000.0 0.00415 0.00608 0.0042 0.00166 0.00264 
1000.0 0.0663 0.01319 0.00764 0.01968 0.00716 
1000.0 0.00366 0.00085 0.0143 0.03238 0.0105 
1000.0 0.00912 0.01073 0.00356 0.00126 0.00305 
1000.0 0.00015 0.09307 0.01677 0.01439 0.08904 
1000.0 0.01472 0.0101 0.03244 0.00898 0.01629 
1000.0 0.01109 0.00529 0.0137 0.01002 0.01177 
