1000.0 1000.0 1000.0 1000.0 1000.0 1000.0 
1000.0 0.01196 0.009 0.01017 0.01487 0.00223 
1000.0 0.09508 0.01899 0.03865 0.00256 0.03207 
1000.0 0.10301 0.01074 0.17518 0.02283 0.11647 
1000.0 0.00499 0.00069 0.0162 0.02334 0.0421 
1000.0 0.07859 0.072 0.01327 0.09527 0.00021 
1000.0 0.0269 0.00442 0.05351 0.00661 0.00103 
1000.0 0.00473 0.00634 0.00078 0.00068 0.00422 
1000.0 0.21587 0.1915 0.02616 0.18516 0.15334 
1000.0 0.02371 0.02192 0.00073 0.02645 0.00362 
1000.0 0.02885 0.04788 0.02778 0.03097 0.01736 
1000.0 0.39242 0.38664 0.45144 0.36149 0.21085 
1000.0 0.03659 0.01048 0.04002 0.06033 0.00093 
1000.0 0.02581 0.02514 0.07695 0.08339 0.09295 
1000.0 0.10083 0.14007 0.04939 0.10296 0.13863 
1000.0 0.00933 0.01913 0.0072 0.00306 0.01492 
1000.0 0.01051 0.01862 0.01908 0.00492 0.01836 
1000.0 0.0259 0.01665 0.01015 0.01172 0.00119 
1000.0 0.00463 0.00497 0.00283 0.00336 0.00667 
1000.0 0.00393 0.04239 0.05602 0.06149 0.05181 
1000.0 0.01819 0.01203 0.00367 0.02196 0.01438 
1000.0 0.00789 0.01209 0.00119 0.00875 0.00091 
1000.0 0.03778 0.00173 0.0428 0.04868 0.00249 
1000.0 0.00181 0.00209 0.0015 0.00027 0.00044 
1000.0 0.07808 0.03919 0.04615 0.03352 0.09512 
1000.0 0.09297 0.00867 0.07891 0.04848 0.10041 
1000.0 0.02413 0.01027 0.02419 0.00435 0.00568 
1000.0 0.02144 0.01231 0.00392 0.0127 0.0076 
1000.0 0.00124 0.00558 0.03875 0.00017 0.03546 
1000.0 0.03748 0.02211 0.02621 0.04124 0.00314 
1000.0 0.01962 0.0078 0.00014 0.00563 0.00699 
1000.0 0.01919 0.01427 0.01489 0.01826 0.0077 
1000.0 0.00757 0.03299 0.0152 0.00895 0.03985 
1000.0 0.0127 0.00095 0.007 0.01386 0.01498 
1000.0 0.02314 0.01299 0.0192 0.00851 0.00599 
1000.0 0.01097 0.02235 0.03829 0.03303 0.03384 
1000.0 0.03872 0.02993 0.02178 0.04008 0.02097 
1000.0 0.02222 0.10718 0.20245 0.14163 0.0487 
1000.0 0.01755 0.00864 0.01844 0.00789 0.01796 
1000.0 0.00693 0.0205 0.01004 0.02375 0.01493 
1000.0 0.00061 0.10027 0.04827 0.05256 0.01764 
1000.0 0.02938 0.00936 0.09232 0.08566 0.03094 
1000.0 0.0101 0.00624 0.00485 0.00638 0.00418 
1000.0 0.00025 0.00905 0.00904 0.01764 0.00969 
1000.0 0.00214 0.00455 0.01007 0.01114 0.01104 
1000.0 0.04158 0.02055 0.03089 0.02111 0.06013 
1000.0 0.01376 0.02189 0.01538 0.00247 0.02586 
1000.0 0.0087 0.00174 0.00252 0.00012 0.01386 
1000.0 0.05194 0.06441 0.02697 0.09437 0.02655 
1000.0 0.00766 0.02061 0.01525 0.02854 0.01479 
1000.0 0.0035 0.00218 0.00976 0.00512 0.01193 
