1000.0 1000.0 1000.0 1000.0 1000.0 1000.0 1000.0 1000.0 1000.0 1000.0 1000.0 1000.0 1000.0 1000.0 1000.0 1000.0 1000.0 1000.0 1000.0 1000.0 1000.0 1000.0 1000.0 1000.0 1000.0 1000.0 1000.0 1000.0 1000.0 1000.0 1000.0 1000.0 1000.0 1000.0 1000.0 1000.0 1000.0 1000.0 1000.0 1000.0 1000.0 1000.0 1000.0 1000.0 1000.0 1000.0 1000.0 1000.0 1000.0 1000.0 1000.0 
1000.0 35.3035 27.46232 33.63584 0.0 22.19869 34.91266 24.30423 29.93757 16.85162 7.87108 8.70531 0.0 28.43048 12.19842 31.2444 9.32032 36.9065 28.51383 28.16277 0.02982 10.26107 11.42237 8.16148 18.62191 34.47313 38.21628 28.0861 38.76305 13.30663 13.87723 35.05369 9.2876 31.95915 22.87496 30.98614 24.2908 12.53234 23.53743 29.83828 16.67523 38.43995 29.14452 31.24372 31.96778 18.3796 14.88004 0.0 28.98534 0.0 21.40238 
1000.0 20.00909 23.18687 24.85993 0.0 27.91057 35.75947 13.76283 21.21398 10.59894 10.48977 14.63211 0.0 24.1338 7.98287 32.43671 38.72389 35.95276 28.51129 16.47017 0.02699 38.30378 26.09493 31.83773 36.38987 32.38878 10.57672 34.01517 36.33707 35.38879 30.64149 37.55297 23.34826 11.06884 23.66747 37.56531 30.01575 12.49975 13.86369 24.596 27.54404 31.91124 10.90903 21.5156 30.74306 13.41589 21.90997 0.0 15.4381 0.0 20.6583 
1000.0 23.91172 34.15745 27.87413 0.0 33.61325 24.61582 11.38635 26.91154 12.98824 33.73112 19.44213 0.0 33.44373 30.90913 14.40936 28.54193 33.29214 10.71598 38.13465 0.04126 32.98329 30.7083 15.06699 35.99263 14.5817 24.79556 19.21309 30.77181 22.54046 19.83946 37.98064 33.02693 25.15235 28.9221 22.29438 10.41158 14.47804 28.29217 22.99493 27.28511 15.85834 21.62469 17.77133 36.78141 17.13336 15.2154 0.0 27.91363 0.0 20.55437 
1000.0 0.0 0.0 0.0 29.92895 0.0 0.0 0.0 0.0 0.0 0.0 0.0 31.2562 0.0 0.0 0.0 0.0 0.0 0.0 0.0 0.0 0.0 0.0 0.0 0.0 0.0 0.0 0.0 0.0 0.0 0.0 0.0 0.0 0.0 0.0 0.0 0.0 0.0 0.0 0.0 0.0 0.0 0.0 0.0 0.0 0.0 0.0 9.44021 0.0 32.74426 0.0 
1000.0 36.40319 23.03746 8.12436 0.0 21.83403 20.42687 17.52977 10.58558 26.67643 18.48723 8.00623 0.0 20.99385 18.32531 16.70167 23.20908 36.91842 23.2523 11.43777 0.03394 18.48552 31.59722 31.56557 15.98449 25.00316 23.51536 29.95848 32.50144 36.30078 24.7782 19.36794 7.98935 36.78343 24.64544 27.30683 9.25047 16.40444 19.89784 21.38646 20.89289 37.29545 19.32271 17.68773 21.14612 15.81086 25.27068 0.0 9.90457 0.0 14.31541 
1000.0 28.3977 26.63533 26.68137 0.0 9.97568 34.68055 34.23016 33.47795 22.70911 21.14934 37.28746 0.0 36.95628 32.82297 17.6326 11.70658 23.12177 14.73377 27.69676 0.02627 22.95629 24.40271 31.16003 17.27204 21.02013 23.64822 15.29827 22.23551 9.99832 31.51709 34.81199 14.4943 8.51504 26.14962 18.72076 28.87144 21.63638 35.23027 8.70626 22.42517 30.12368 23.59642 32.71418 9.12032 20.11345 26.73906 0.0 23.85554 0.0 20.72623 
1000.0 25.1011 14.0963 34.65726 0.0 32.99859 17.58831 23.83924 38.67447 19.27551 15.70753 33.10393 0.0 11.90936 32.50753 14.961 33.30577 24.53265 24.87849 13.30118 0.03815 26.28485 10.39815 26.1196 15.50374 17.44096 32.84547 25.65612 24.76464 35.94309 34.00398 34.8897 8.4197 26.82984 36.78587 27.16376 35.99567 7.85829 22.39506 37.41373 22.50404 23.28219 38.00947 30.53462 17.11968 15.07821 8.94952 0.0 26.70352 0.0 19.68393 
1000.0 30.38197 19.39786 20.07345 0.0 14.54199 30.35443 20.27179 33.2725 31.47642 25.97678 36.51978 0.0 32.74788 21.40925 22.59705 10.92158 38.37584 31.51068 38.60451 0.01383 7.87372 28.14558 27.63697 13.65281 16.65521 34.95037 13.64738 37.52923 28.60577 31.82309 12.29759 37.35084 30.76541 29.87129 35.1915 8.63654 27.21984 31.33817 8.35847 31.47678 16.75979 38.93311 25.68557 36.98552 32.80341 35.06248 0.0 8.89891 0.0 17.36606 
1000.0 26.67193 9.80235 14.84966 0.0 24.86125 37.5972 15.36427 13.43827 22.3067 13.59038 29.74737 0.0 14.71906 17.06465 28.39539 14.3969 10.58811 18.4951 8.29889 0.01723 25.14822 18.13513 21.92754 22.87583 30.29697 18.23059 26.31731 21.56897 31.44929 20.93871 28.5139 31.49519 10.08955 31.00401 36.66749 11.49179 37.75137 36.88222 32.54862 30.54943 36.9672 27.5973 29.75586 21.7937 24.01883 39.11169 0.0 17.93739 0.0 36.97111 
1000.0 33.53556 31.04408 21.05698 0.0 38.20713 10.42794 23.62456 39.13515 33.75133 38.30572 27.8941 0.0 12.97556 24.92846 31.69741 18.99214 25.52975 29.57019 20.33377 0.03259 34.08544 28.72488 38.31526 31.17095 8.69838 38.52149 13.50255 32.3988 20.32855 25.32532 24.07889 30.37672 26.6536 29.48953 8.23799 19.28556 25.43871 22.32516 16.98323 13.63323 16.64946 25.68953 34.78216 29.52323 27.75139 13.5527 0.0 29.47484 0.0 23.38756 
1000.0 28.17081 31.55969 28.58385 0.0 16.89015 20.73458 21.06586 16.27357 21.50466 30.4805 22.62897 0.0 27.26442 8.46015 8.96927 31.27848 9.10206 8.081 38.41221 0.04104 33.6329 24.92471 18.63681 16.94862 35.32015 32.74399 29.92766 26.64754 28.29209 34.93997 25.76979 11.52262 19.2639 28.90173 23.53113 21.21062 19.18838 19.24248 15.04433 35.41511 30.29567 14.20564 32.28378 18.59238 32.70895 36.55952 0.0 23.62477 0.0 10.15756 
1000.0 0.0 0.0 0.0 22.93856 0.0 0.0 0.0 0.0 0.0 0.0 0.0 18.99626 0.0 0.0 0.0 0.0 0.0 0.0 0.0 0.0 0.0 0.0 0.0 0.0 0.0 0.0 0.0 0.0 0.0 0.0 0.0 0.0 0.0 0.0 0.0 0.0 0.0 0.0 0.0 0.0 0.0 0.0 0.0 0.0 0.0 0.0 35.72201 0.0 37.58421 0.0 
1000.0 38.52414 10.94592 37.37643 0.0 34.10715 25.33924 26.67062 18.88534 14.75648 22.36674 9.44888 0.0 18.27497 27.38196 24.44178 35.72291 12.53479 32.40259 21.0309 0.01985 20.27834 8.09382 22.8202 33.93148 31.18859 18.98573 10.56678 9.86615 36.06354 37.37415 14.65119 10.57873 9.90118 21.65009 20.24111 36.62315 10.50225 21.76211 33.10573 35.23356 23.9383 12.31311 12.57485 38.57496 14.47668 19.14913 0.0 25.02983 0.0 26.29153 
1000.0 24.17428 35.46185 24.03709 0.0 39.08182 18.31484 37.69872 11.06704 10.90127 18.20817 15.20756 0.0 36.98143 29.79171 22.94784 32.44839 19.93664 8.82976 34.34675 0.0188 36.21786 13.70603 17.61639 29.39215 12.24046 35.72535 13.33365 25.95139 32.65195 19.90265 9.60101 30.44257 17.05895 31.24375 28.58937 8.27805 23.04269 37.49171 16.96703 11.23038 33.48199 10.24114 34.25557 31.67075 26.89318 31.15692 0.0 28.11064 0.0 37.45422 
1000.0 12.32915 17.119 21.63968 0.0 22.64339 22.40831 27.6966 34.64584 15.11042 18.58912 19.0981 0.0 9.18554 14.06805 13.80462 8.42382 11.12666 36.71902 30.93873 0.02839 35.45692 10.6578 34.27083 34.24973 29.90473 10.66687 28.0859 20.72757 36.65471 21.39794 28.72187 25.37681 20.41765 32.8134 18.91992 35.25727 14.10879 10.7229 21.87833 9.48983 20.77996 12.41273 29.94092 26.50108 38.36074 30.57659 0.0 32.83816 0.0 38.68548 
1000.0 14.42712 33.74305 23.50303 0.0 20.69829 26.64675 32.01952 9.33949 13.81531 32.06767 15.71951 0.0 15.01215 32.46528 18.29363 16.91354 19.86587 34.27444 36.35195 0.0106 31.39441 23.13947 39.17424 23.2767 10.85931 37.86228 34.88888 24.31973 25.93932 18.70875 12.77077 17.50928 14.66084 18.44537 15.67137 26.36004 17.44962 19.59429 33.72345 16.77965 25.55239 20.08332 24.69935 17.13596 22.95926 9.81618 0.0 20.54715 0.0 13.8977 
1000.0 32.08461 25.54223 16.25533 0.0 16.19641 34.09756 18.96019 28.99427 15.12378 26.67822 29.57729 0.0 38.76642 19.71146 20.29028 22.53283 36.64135 34.09913 37.55288 0.02745 13.54346 13.03075 15.3886 15.74948 20.82433 29.87516 28.10283 22.05666 28.31202 32.17664 7.91633 37.23915 20.11432 17.73711 22.76075 9.43189 9.71582 8.82932 27.70036 38.73767 19.83921 20.61432 17.22112 34.64477 28.76719 21.86842 0.0 12.92545 0.0 26.13509 
1000.0 32.15997 32.94669 7.87623 0.0 13.36111 37.63113 19.59842 10.90007 37.41302 19.87424 18.6459 0.0 15.18174 23.2542 38.32261 19.17519 34.8092 20.09878 14.3808 0.03063 22.46584 24.51447 10.5875 26.79059 16.77412 34.32403 26.92977 19.04822 9.62148 14.32974 21.45354 15.18485 12.69237 8.36834 19.84846 23.43382 38.91463 20.46 37.20968 16.58093 33.90247 12.48745 29.15087 34.44449 38.26989 36.95448 0.0 16.39296 0.0 19.61901 
1000.0 15.17593 11.69367 24.94568 0.0 9.7549 26.63994 36.42944 14.74244 19.00068 12.27468 21.47648 0.0 38.4248 21.73086 27.52908 11.81293 9.48014 35.63777 37.50395 0.0307 29.1245 25.67868 28.81458 18.8067 19.16826 32.11284 31.72854 36.8464 15.25125 17.49238 35.16881 12.92581 38.60419 17.20033 9.26943 26.67922 8.34706 25.91037 20.14092 17.24874 31.42761 16.05782 32.76569 16.79999 19.84362 34.90296 0.0 33.90446 0.0 13.58714 
1000.0 0.1455 0.08117 0.11612 0.0 0.04993 0.10918 0.10274 0.13014 0.05417 0.06589 0.14992 0.0 0.12766 0.04926 0.08466 0.04325 0.08548 0.10797 0.05087 19.88114 0.16856 0.05959 0.13395 0.17704 0.11014 0.10891 0.09448 0.06099 0.14955 0.15382 0.0826 0.11444 0.09588 0.04849 0.15156 0.06041 0.06484 0.0666 0.14028 0.14672 0.14454 0.05354 0.13221 0.13599 0.03646 0.06391 0.0 0.12112 0.0 0.09235 
1000.0 23.12006 17.56479 18.19161 0.0 13.33343 13.35879 11.14159 26.68893 11.66937 36.80093 22.85347 0.0 11.62063 14.24182 17.6336 30.38688 37.32341 19.54586 32.69564 0.03543 18.61248 19.96528 20.78907 22.7513 28.48 13.30245 28.55473 33.94286 29.87373 24.97234 28.72556 25.47806 34.85236 28.3257 24.40821 11.01846 35.52539 20.88471 25.584 11.47792 13.58246 10.67916 37.29988 11.25745 34.30589 27.8063 0.0 8.74419 0.0 10.07178 
1000.0 37.70845 12.02069 35.76575 0.0 11.14181 8.37773 34.38053 11.6796 32.29558 19.12547 23.64306 0.0 22.23787 16.58568 23.12016 19.90538 32.82813 28.21596 23.75936 0.01315 38.04277 8.21684 9.13184 28.93986 17.95637 8.18918 12.48566 22.75951 9.64964 33.39141 26.83556 36.74022 22.20481 8.58985 31.14958 19.44985 29.57574 28.377 15.85742 16.75341 10.43791 32.0655 18.70135 33.99626 24.45647 21.15817 0.0 17.46593 0.0 32.13084 
1000.0 28.38151 9.95346 24.24445 0.0 25.34673 34.79752 19.23558 18.86419 10.75012 34.78099 20.94322 0.0 29.32068 8.12392 26.7649 37.78847 23.17894 28.37339 13.18084 0.0379 9.33464 32.06442 33.1438 14.57844 35.19163 36.94391 30.48826 38.22928 11.77136 11.00793 23.10295 34.23263 20.10053 28.56223 9.86315 17.79763 33.28539 27.34289 10.44147 37.7907 36.56511 33.58905 22.71964 8.73247 36.33679 18.36046 0.0 15.09082 0.0 25.50354 
1000.0 36.83688 30.33606 33.78141 0.0 27.9678 26.53229 24.60641 18.38178 18.53909 35.97219 35.52822 0.0 12.19266 19.70402 8.11638 16.25509 24.59954 31.32446 13.70423 0.01982 36.71009 15.17113 34.09426 8.33581 7.98784 13.53454 13.42223 32.00781 17.92421 16.58327 10.83202 19.07475 19.69725 30.17511 37.51657 26.65369 24.92029 37.26498 13.87329 21.59765 34.67362 31.3907 10.08644 20.11807 8.06089 19.723 0.0 10.63639 0.0 16.02274 
1000.0 38.91487 17.22714 34.4082 0.0 14.3715 37.73993 30.50332 36.46818 29.6962 33.19815 39.09864 0.0 21.97822 20.81558 21.82137 26.93885 22.01766 35.91944 22.22591 0.01481 25.07526 11.10367 32.67822 37.76563 36.35923 11.87299 15.27049 35.47234 8.24138 29.11336 9.05966 31.49321 19.39665 12.65341 12.17452 12.1757 10.89909 14.31461 16.6147 31.67944 13.06817 20.01566 21.13258 38.937 36.15642 23.13319 0.0 34.50202 0.0 16.02946 
1000.0 28.20376 8.57554 14.53539 0.0 8.8138 31.34579 35.58603 37.30966 17.9214 31.7236 13.10368 0.0 29.84179 34.78256 14.81118 35.31073 17.52615 17.84752 33.54621 0.01758 21.95343 18.10779 17.6879 11.48356 26.22179 21.22442 10.99961 25.32255 14.00001 32.06546 24.46607 19.66564 27.02394 27.00827 23.20973 23.19429 33.31946 36.85804 22.69886 28.50379 34.53518 26.47576 30.43716 11.18003 16.4228 26.43244 0.0 25.59094 0.0 12.85636 
1000.0 28.23448 15.84431 21.81541 0.0 31.26052 15.5376 25.89441 39.1873 24.87162 12.01146 28.36755 0.0 7.91168 21.3368 20.63474 16.31482 23.55686 33.54443 35.90248 0.02183 10.44319 31.74029 21.15411 12.28847 32.79679 31.15902 25.57857 30.4679 31.08556 30.08815 10.66649 24.42973 23.02201 13.86865 15.67663 33.75775 35.43048 30.69372 35.54515 24.63412 20.65143 28.92327 18.30017 35.30839 34.35984 30.36871 0.0 8.06873 0.0 22.74576 
1000.0 35.73711 12.39837 17.98174 0.0 24.52349 21.44709 28.79604 35.85557 39.02731 23.76616 9.4366 0.0 23.54147 21.33564 37.35947 23.1821 17.0284 11.68221 14.85112 0.03071 27.51865 17.96813 27.08053 23.044 9.48329 20.96882 28.04288 22.02897 16.0285 24.07525 22.99548 34.83532 38.26384 33.06878 22.81396 36.50339 37.79267 29.74855 23.72002 14.64741 10.1207 31.90476 27.72246 32.71 9.74222 10.32921 0.0 14.87531 0.0 21.52536 
1000.0 19.79322 9.86944 17.07411 0.0 22.24827 10.69103 8.53952 15.71845 15.40411 25.58352 22.27267 0.0 30.85329 27.47557 9.92551 15.59619 33.87477 27.90856 12.97626 0.01849 31.65822 34.41955 19.6501 14.74546 25.10085 16.17868 13.35431 36.05923 17.48107 14.65264 21.23037 33.68487 37.29816 15.26235 34.612 21.74893 35.39719 38.89075 20.52078 15.21964 11.48845 17.59891 28.7662 32.56488 21.639 19.5156 0.0 29.84409 0.0 28.2819 
1000.0 26.42905 16.30626 11.94279 0.0 11.24979 17.47176 25.53318 17.03909 36.30698 32.34709 30.67251 0.0 24.06784 8.0521 36.5695 12.2461 24.23484 13.87782 37.99525 0.01432 27.45851 18.07463 14.35119 16.22013 13.69413 21.73705 11.97762 11.55759 37.67514 37.70229 8.60947 30.2095 20.68238 19.24677 17.85328 25.07525 33.13791 28.95799 32.27031 36.88048 26.35155 36.68753 26.21991 36.85044 25.7679 14.12561 0.0 16.24076 0.0 17.3069 
1000.0 12.21331 12.81357 35.50162 0.0 24.16835 31.31248 30.62227 38.85549 15.88398 15.78558 29.6463 0.0 31.18788 14.09486 30.7975 29.50436 18.02483 35.84864 32.41001 0.02045 33.9768 30.97535 23.04986 19.45959 25.24022 21.7411 26.5639 26.4762 37.4368 27.53219 22.77502 12.07898 36.93436 13.8446 16.33771 17.30272 10.80839 29.15828 13.9346 27.93828 16.12104 23.65019 34.17303 30.51816 22.6401 37.22395 0.0 22.86465 0.0 27.34591 
1000.0 27.56172 15.12228 12.33106 0.0 14.03625 13.63014 19.33533 31.17135 20.14172 21.77034 18.84867 0.0 27.16963 36.80778 27.80952 22.73513 27.35946 13.63292 38.48471 0.04017 20.00077 30.64696 16.8631 39.13039 14.34406 37.949 20.75376 11.59055 32.98187 8.1664 15.90201 33.33455 33.13256 36.68649 10.42743 35.58494 14.933 29.36805 26.20202 22.58602 33.40803 18.45901 38.0101 10.03048 24.89435 34.74561 0.0 32.38761 0.0 8.71026 
1000.0 8.10723 19.23998 18.64665 0.0 19.11064 30.84131 21.79603 36.15952 22.49027 37.10979 27.7851 0.0 13.00374 13.70749 31.88414 29.96509 17.05393 13.32535 34.59185 0.02949 10.2369 19.80975 29.33555 19.60175 26.64473 22.45885 10.8282 36.16999 22.40938 21.4883 30.65058 29.09175 35.073 7.93892 25.0172 24.74943 13.79232 19.32885 30.31423 37.7197 30.90115 38.59116 16.52897 13.27165 35.03836 21.23246 0.0 30.40099 0.0 9.33665 
1000.0 16.96709 34.95393 24.89901 0.0 12.00645 31.28966 19.40097 23.88337 15.8879 12.16436 10.66798 0.0 32.53629 38.25617 15.53565 22.75711 35.32243 34.97909 15.27634 0.04101 23.5138 29.49497 13.25376 8.11165 16.44 29.78663 29.30061 11.37835 36.00383 24.43755 17.7249 30.64392 35.19373 31.72234 17.71108 19.03187 18.96602 26.05309 24.73637 19.56414 28.35356 31.34306 23.61618 10.83457 13.09095 33.5366 0.0 11.85494 0.0 8.47854 
1000.0 15.03665 37.63668 32.94674 0.0 18.71355 28.50036 22.77241 22.35403 23.47097 14.23782 19.74858 0.0 37.9907 29.42575 32.12695 33.55022 22.0547 37.83678 32.32509 0.01195 24.69593 22.83685 9.18705 16.25242 11.07268 16.057 32.59034 23.8338 7.97131 31.24004 33.57168 32.67247 12.46854 9.20631 8.47626 11.47215 26.57696 34.30098 25.90108 16.56309 19.64159 16.34572 20.48763 38.22341 38.52651 28.93382 0.0 20.01181 0.0 32.39031 
1000.0 15.21045 36.72298 10.8689 0.0 20.48492 34.62235 27.52533 25.64808 17.14114 28.74728 29.9232 0.0 10.88738 8.20301 25.90777 13.06321 34.49012 25.49901 38.93791 0.02661 14.75382 15.59029 23.56188 38.15837 14.71214 36.57709 24.83436 27.63856 22.97358 28.21823 23.43857 23.83101 35.14539 24.48285 31.7192 34.05837 14.39733 10.69095 28.21753 16.62689 38.54869 23.25899 37.74444 16.02215 26.13441 33.06959 0.0 11.64721 0.0 23.67126 
1000.0 27.45499 35.35062 36.62476 0.0 11.5314 13.26271 10.55282 24.70127 28.58536 23.02752 12.7385 0.0 21.75087 16.84141 28.28787 22.79442 36.833 12.22365 29.07619 0.01945 30.20975 34.58289 21.2892 19.63288 24.87852 9.59342 20.19795 35.16785 10.57937 12.34386 18.59055 17.84292 28.04221 35.61307 25.77946 22.35185 35.70814 19.89129 30.03093 10.88861 29.46359 38.5217 20.63689 29.53663 13.1524 20.7207 0.0 13.5843 0.0 15.83563 
1000.0 9.33194 35.66888 10.0028 0.0 28.99757 26.34864 25.3828 22.50001 34.76382 11.47233 8.76853 0.0 36.35369 33.8185 7.88049 36.82865 7.88008 16.43245 24.76706 0.02137 31.01733 16.62587 35.103 37.64966 25.50543 12.65754 10.73273 28.01504 20.25154 11.67972 9.68583 19.29636 12.46791 35.56903 36.99158 13.6345 38.56407 31.67035 30.24658 10.33961 35.18146 26.83938 35.22167 27.29002 25.51699 22.53911 0.0 12.17956 0.0 30.54638 
1000.0 16.39157 31.19486 25.15363 0.0 34.83145 21.31057 9.92499 21.26692 14.5971 13.30001 18.31759 0.0 18.59343 37.85152 28.73927 20.98414 22.49008 24.36529 21.94554 0.03842 36.7751 26.26273 26.87621 38.90607 22.93344 37.07717 19.09161 27.97661 36.46024 13.92597 15.63331 20.19547 33.71875 25.30092 28.85135 31.593 12.354 21.57473 30.18773 32.78504 35.68628 14.18075 32.2319 25.93864 22.0177 33.31732 0.0 20.07581 0.0 19.42354 
1000.0 21.32876 32.95383 14.61129 0.0 28.62013 34.93824 22.97828 20.75261 23.86156 31.79164 38.74719 0.0 12.93739 16.13355 29.54769 36.65473 31.89997 29.54453 23.77712 0.02445 10.47554 36.51529 23.15788 16.54045 27.0615 25.23389 28.44453 27.96398 14.00185 26.70425 32.56079 17.37244 19.22269 33.24332 29.56492 36.47901 32.94694 17.65149 35.27975 33.46867 11.56699 11.71347 36.90924 22.93781 13.56961 13.06493 0.0 15.70589 0.0 8.173 
1000.0 10.32516 10.98024 34.19232 0.0 10.0932 13.82517 16.85996 10.77275 36.30716 21.43643 11.47429 0.0 9.21667 17.04635 34.30723 14.65651 18.24098 20.90486 33.58945 0.0154 29.46889 23.75134 22.83126 34.69418 28.9713 26.55024 17.28142 13.38306 16.41125 12.19973 22.64201 19.68087 17.56819 23.63339 15.00979 21.08386 21.84479 37.79223 18.79786 27.27354 31.13457 17.17149 9.28747 24.29719 11.99036 20.49756 0.0 27.84631 0.0 16.77107 
1000.0 34.64308 17.44618 14.61932 0.0 29.02245 17.59431 38.76783 19.35982 12.06564 15.20031 36.34565 0.0 23.64317 16.7249 35.12959 24.25347 19.04739 32.09813 28.06454 0.01519 27.31198 24.52002 36.09034 27.32688 26.50238 10.86823 28.56219 12.8063 32.3634 12.9502 34.63152 33.01321 18.12248 21.07884 28.45197 32.82502 25.3634 31.25675 27.16663 38.73393 32.5883 33.6655 17.60271 34.28868 25.56129 36.35527 0.0 24.41795 0.0 13.4143 
1000.0 35.18542 27.72313 37.88707 0.0 14.48474 20.03217 24.74681 35.56923 13.65153 33.88272 18.10004 0.0 31.38855 13.39976 21.81739 21.0561 19.17698 36.13228 33.04011 0.00894 34.66837 35.20942 20.468 27.02089 27.86612 23.05839 34.0198 22.17642 34.7779 12.95392 20.6956 8.25714 19.60608 31.23073 36.64378 27.38558 38.31066 30.24599 15.35019 28.17765 36.39287 24.86909 30.33785 31.13127 32.00346 32.44094 0.0 22.72286 0.0 36.28971 
1000.0 25.04563 26.53834 30.00428 0.0 27.5293 9.59534 21.1524 19.32773 34.2251 33.94428 12.6327 0.0 26.32052 9.31141 15.82297 23.421 29.47833 20.07546 36.57864 0.01397 31.80868 15.01414 30.35471 25.20176 22.84878 10.15107 9.48339 10.80294 21.22232 11.13721 17.53691 28.88936 23.57512 35.50921 30.46799 29.80903 32.55129 30.63271 20.02431 24.86617 33.32566 28.64202 35.01954 21.93064 27.23213 21.04222 0.0 31.54489 0.0 22.679 
1000.0 10.15967 10.75511 25.43882 0.0 13.45914 22.09981 14.99631 29.30852 25.78009 21.79265 12.72921 0.0 32.7697 19.23086 20.35944 28.30493 9.35301 21.61832 13.70698 0.0188 33.26987 13.26442 15.58455 38.43675 12.8193 38.97105 29.78851 19.71819 32.10281 37.68308 19.92203 22.62874 20.63931 12.70551 12.06599 14.89857 11.20972 27.49471 23.59705 33.26059 9.65544 36.56666 17.12978 10.26264 38.98004 20.14609 0.0 30.40434 0.0 33.10153 
1000.0 9.99063 23.96733 33.62926 0.0 22.62548 15.12749 15.56123 38.35975 12.32846 23.30921 29.16766 0.0 12.89566 10.47931 22.64281 22.97507 30.01772 10.22294 8.78246 0.04196 26.30887 8.47459 28.08863 21.07876 32.7423 12.61502 11.04431 12.96774 32.14113 23.27868 17.83442 33.85322 15.12171 18.88678 16.18341 20.40791 15.6439 16.47605 36.44918 32.56135 19.89655 31.51685 33.79843 34.03205 9.72757 27.642 0.0 20.4628 0.0 19.55116 
1000.0 0.0 0.0 0.0 36.44108 0.0 0.0 0.0 0.0 0.0 0.0 0.0 31.43065 0.0 0.0 0.0 0.0 0.0 0.0 0.0 0.0 0.0 0.0 0.0 0.0 0.0 0.0 0.0 0.0 0.0 0.0 0.0 0.0 0.0 0.0 0.0 0.0 0.0 0.0 0.0 0.0 0.0 0.0 0.0 0.0 0.0 0.0 20.16074 0.0 17.33606 0.0 
1000.0 18.56549 24.49484 30.41033 0.0 12.26181 34.84081 16.25984 23.17787 39.01802 33.79679 16.53667 0.0 30.76671 9.4664 33.48783 25.33182 28.27344 34.20956 12.83407 0.04355 16.85433 26.81309 28.2831 18.16264 16.4567 8.16964 38.23399 21.13944 36.10981 24.5985 33.95414 37.00684 23.29956 29.14347 33.04998 20.14291 15.69038 32.1613 14.38986 31.97596 15.59903 19.08802 14.3822 16.66243 11.18825 18.6636 0.0 34.32503 0.0 15.79758 
1000.0 0.0 0.0 0.0 36.54717 0.0 0.0 0.0 0.0 0.0 0.0 0.0 11.15874 0.0 0.0 0.0 0.0 0.0 0.0 0.0 0.0 0.0 0.0 0.0 0.0 0.0 0.0 0.0 0.0 0.0 0.0 0.0 0.0 0.0 0.0 0.0 0.0 0.0 0.0 0.0 0.0 0.0 0.0 0.0 0.0 0.0 0.0 18.67282 0.0 35.52528 0.0 
1000.0 9.21195 25.77714 34.92506 0.0 14.76515 27.33149 38.79839 33.47204 10.38945 19.21248 11.41785 0.0 10.81418 24.39883 15.83597 15.21522 31.77116 25.15452 19.51071 0.02143 16.74127 24.41676 17.20667 30.23089 30.8106 35.70894 14.23357 17.21252 12.19859 9.49683 11.76461 37.37978 26.78038 30.9028 38.87697 20.65756 13.10935 26.43179 21.04967 21.90347 35.94368 35.15097 36.95058 24.38649 25.16674 14.07947 0.0 17.5966 0.0 26.04943 
