1000.0 1000.0 1000.0 1000.0 1000.0 1000.0 1000.0 1000.0 1000.0 1000.0 1000.0 1000.0 1000.0 1000.0 1000.0 1000.0 1000.0 1000.0 1000.0 1000.0 1000.0 1000.0 1000.0 1000.0 1000.0 1000.0 1000.0 1000.0 1000.0 1000.0 1000.0 1000.0 1000.0 1000.0 1000.0 1000.0 1000.0 1000.0 1000.0 1000.0 1000.0 1000.0 1000.0 1000.0 1000.0 1000.0 1000.0 1000.0 1000.0 1000.0 1000.0 
1000.0 31.24216 29.47446 27.41921 0.0 24.41095 41.82577 23.79866 11.68281 20.79067 37.16759 31.29291 0.0 41.80779 38.87506 26.83585 26.64984 37.71576 36.97278 21.86503 0.02482 45.43445 27.42435 27.23412 9.60986 29.68255 34.33744 16.29733 18.7439 38.2098 25.1209 12.20227 34.16413 18.69606 15.47742 33.52327 45.16278 44.12568 37.35571 19.34246 20.42741 27.06674 33.60524 33.82912 37.66837 28.78688 37.97201 0.0 21.2323 0.0 16.12269 
1000.0 35.75303 37.18835 37.02632 0.0 9.74441 11.39255 33.74158 17.34001 32.65992 21.23926 33.9712 0.0 36.72971 22.02904 29.94835 20.56781 40.92745 36.51194 30.63415 0.03396 32.00223 30.91678 24.3828 21.94737 29.94759 29.30209 26.75348 45.39314 43.94793 18.03572 13.67481 11.53214 15.99304 42.03381 24.45541 33.73778 11.23492 26.64653 13.84841 25.18465 26.56269 46.00314 30.47967 16.67499 28.28051 9.71851 0.0 19.38336 0.0 39.11682 
1000.0 45.07729 32.86884 22.95868 0.0 43.36669 20.11466 43.50031 14.88014 18.03156 41.7421 22.28105 0.0 16.81618 45.57255 41.44501 17.73448 12.62833 23.98816 39.22618 0.03195 31.44669 43.80526 20.5748 12.61949 28.27365 23.00539 12.07462 38.45363 45.49251 18.4661 15.22972 27.91476 29.68746 31.39994 37.1532 28.356 30.73099 31.18639 17.68948 14.26696 15.76628 45.83744 41.22719 42.28942 43.22834 9.64824 0.0 32.25356 0.0 23.72613 
1000.0 0.0 0.0 0.0 15.72993 0.0 0.0 0.0 0.0 0.0 0.0 0.0 29.18934 0.0 0.0 0.0 0.0 0.0 0.0 0.0 0.0 0.0 0.0 0.0 0.0 0.0 0.0 0.0 0.0 0.0 0.0 0.0 0.0 0.0 0.0 0.0 0.0 0.0 0.0 0.0 0.0 0.0 0.0 0.0 0.0 0.0 0.0 10.00671 0.0 39.96211 0.0 
1000.0 23.62839 14.26032 13.0581 0.0 28.04369 35.96811 16.79373 38.43507 32.09721 27.09197 41.35239 0.0 14.54941 11.84195 16.36331 14.54657 28.244 31.81387 26.04478 0.02378 28.75962 15.09287 22.77542 34.1303 15.87313 33.69373 34.98366 18.57261 33.17179 10.39602 22.86675 37.64138 12.89792 46.1189 29.16064 38.26597 16.95824 38.18251 41.94669 24.78227 43.26401 25.92141 41.37268 35.86048 28.60082 25.23141 0.0 45.29329 0.0 16.81563 
1000.0 40.75228 44.09513 39.16461 0.0 13.09891 23.64878 39.63743 16.44017 12.80268 20.32653 36.87002 0.0 44.55973 20.26582 44.35326 34.66986 35.38505 36.60473 43.23724 0.01484 11.2976 24.11091 44.55313 39.36108 16.33648 28.56642 31.4336 11.3807 17.38585 12.34858 40.31082 16.16665 21.03606 31.36243 20.87342 41.20325 38.61848 25.89534 14.63108 16.06881 9.61659 22.19484 23.76191 19.46883 23.93562 23.75941 0.0 44.58029 0.0 33.05113 
1000.0 15.66734 32.40465 22.87655 0.0 31.42388 21.29777 30.6269 31.75969 43.51503 27.16558 28.06106 0.0 12.49095 38.63216 40.28257 13.04492 39.372 19.90184 36.9383 0.03942 25.01311 34.81886 28.69437 39.98126 41.00073 24.1219 39.77853 10.82507 35.96787 31.28869 27.6325 38.0167 44.89763 29.8134 35.79749 30.07144 25.51013 10.47916 37.00346 39.91261 33.78435 25.55278 25.07261 39.65117 14.36522 13.68341 0.0 13.15332 0.0 36.12617 
1000.0 12.62534 40.42447 13.53602 0.0 45.34977 43.47254 35.13379 11.45065 23.80147 35.84146 12.0403 0.0 40.75926 37.0009 13.24591 40.18846 35.55555 11.54609 34.72436 0.04425 14.59167 16.06768 24.06254 31.03941 38.45374 30.04804 39.83175 20.29523 32.98209 26.9524 38.31702 36.5074 27.3319 16.91622 12.00461 14.75758 26.88031 9.24223 32.00373 38.62449 17.86252 36.69866 31.38186 37.56768 34.90971 17.30992 0.0 15.58188 0.0 24.61371 
1000.0 30.44478 12.55432 18.92299 0.0 35.89231 15.4654 33.12007 20.45628 10.91421 29.73134 12.36347 0.0 18.95108 31.12782 40.45875 32.42234 16.91199 17.7868 26.39002 0.04792 11.12534 26.96951 20.9629 10.22999 15.10318 16.66452 37.31772 43.67725 41.64511 37.61135 15.04603 34.32739 39.09317 39.52424 10.1723 23.23553 23.972 19.63414 17.50752 34.62693 22.94189 45.77795 27.45106 16.1915 43.58034 21.15041 0.0 10.79874 0.0 12.75377 
1000.0 33.6804 13.34098 23.46496 0.0 30.13271 42.81669 31.8987 35.48737 22.10396 39.05883 42.84894 0.0 13.52434 11.02422 15.73991 20.20607 31.485 31.08368 32.81329 0.01887 10.80691 35.81429 31.5832 44.93339 34.70616 35.81323 41.36273 9.7953 9.25653 38.11806 27.05354 36.44828 25.09643 26.85467 16.49821 14.27764 16.89568 45.3122 17.01699 27.03989 21.18005 28.37736 45.44656 17.62849 27.65533 24.22233 0.0 37.98016 0.0 15.56086 
1000.0 37.39753 9.724 22.55445 0.0 36.47938 44.64136 41.19871 44.20529 45.38628 41.77799 22.25837 0.0 27.38631 41.72585 38.14681 38.22844 25.98332 37.05682 39.19974 0.03019 19.13228 41.12082 21.52819 34.69942 44.3545 27.9794 39.39713 15.31522 33.01857 29.62612 17.20871 32.59009 15.79283 43.73501 14.36385 45.69841 37.36892 29.55601 27.32631 18.72661 11.65255 29.89908 45.96592 34.42154 37.82287 14.3558 0.0 35.35415 0.0 17.22776 
1000.0 0.0 0.0 0.0 29.26214 0.0 0.0 0.0 0.0 0.0 0.0 0.0 40.9763 0.0 0.0 0.0 0.0 0.0 0.0 0.0 0.0 0.0 0.0 0.0 0.0 0.0 0.0 0.0 0.0 0.0 0.0 0.0 0.0 0.0 0.0 0.0 0.0 0.0 0.0 0.0 0.0 0.0 0.0 0.0 0.0 0.0 0.0 34.65407 0.0 12.90646 0.0 
1000.0 15.03736 24.41751 30.25722 0.0 23.6179 17.25386 36.15111 17.67778 37.8342 28.01584 13.30234 0.0 14.20062 37.86045 14.6502 15.76546 18.67805 24.64401 35.53255 0.04627 12.16852 17.77585 23.43491 16.77392 24.70295 24.14413 37.85366 40.54788 35.62991 31.57329 18.32623 28.73434 15.15619 43.44052 20.03758 26.85118 16.62194 21.05537 13.90497 16.24605 24.16116 36.69968 40.73625 27.43913 31.905 35.25266 0.0 11.30894 0.0 26.90126 
1000.0 25.21817 25.82056 16.33024 0.0 26.38132 22.45624 31.51875 36.64417 15.54912 35.48294 22.45502 0.0 37.67418 42.06483 33.74875 20.32399 18.12456 24.94769 30.46601 0.03592 27.89744 34.4133 17.79783 33.12451 10.89279 36.10375 38.91969 44.61381 45.69776 20.73418 29.40777 26.1983 40.8305 21.8941 17.13176 25.92981 14.22561 27.71348 32.31898 31.60853 13.58417 34.56121 46.14768 16.96629 39.34867 38.7071 0.0 22.73473 0.0 17.45645 
1000.0 36.78283 35.85757 15.50368 0.0 44.69002 25.1219 40.33758 44.905 18.9338 19.40267 33.74931 0.0 20.62116 33.33866 39.87961 40.98355 21.15713 10.85302 29.50903 0.02824 15.56474 22.32645 26.1555 32.27352 18.99692 28.3335 24.76039 24.16168 30.68799 13.91227 19.15102 11.44808 39.41702 17.53757 40.00354 45.5677 39.06463 39.52571 27.56072 41.37227 28.57524 20.70271 45.41097 40.70906 41.0165 40.96565 0.0 37.9475 0.0 10.04946 
1000.0 41.83882 10.16937 33.00006 0.0 32.61417 14.32053 10.14848 27.65517 10.53035 12.45653 41.01311 0.0 22.14496 9.76566 34.8352 36.12979 26.66595 36.21328 24.55762 0.04659 42.45601 16.14159 44.05013 31.58956 26.6347 30.93102 21.55591 32.61197 22.93009 34.0174 34.89268 30.36361 45.27303 24.19658 45.67916 34.46362 32.67921 44.47452 37.54928 30.48428 29.36344 31.46884 19.53226 14.50338 31.9728 29.98035 0.0 26.83069 0.0 32.10542 
1000.0 26.49472 27.90114 20.97413 0.0 34.61049 32.81728 21.94776 14.83396 42.22341 9.32616 32.48708 0.0 40.36539 28.76195 44.8671 39.1703 42.87765 15.34297 25.20054 0.02506 39.2691 32.5886 19.16627 29.79782 35.23758 37.03264 28.74067 25.02541 41.63598 16.19047 34.13408 34.9652 26.19932 39.98161 32.58276 26.32704 23.8722 40.0815 38.01218 39.47995 33.12193 45.37641 28.60312 26.30339 12.63938 12.56652 0.0 19.21821 0.0 10.79337 
1000.0 39.4247 31.32816 11.48688 0.0 27.14401 21.06202 36.83563 33.21154 10.41586 28.56086 43.22788 0.0 40.20162 10.27335 35.95085 36.46808 23.23818 39.67051 24.3815 0.02336 40.99617 32.5372 13.95385 16.48444 41.05113 11.07065 37.80034 45.76727 19.11239 18.16006 13.38233 41.31127 42.92076 23.52054 27.62571 10.4165 36.16126 38.87561 29.16733 39.4768 24.35941 41.05333 17.63362 39.0277 17.55057 38.62325 0.0 46.18903 0.0 27.86753 
1000.0 11.42645 30.24176 16.87905 0.0 24.8228 40.76003 12.93658 37.06069 37.10813 11.20816 20.51043 0.0 14.11538 38.47429 46.00077 38.93036 21.90415 26.24661 29.17018 0.01022 42.61641 42.32382 10.10619 17.54317 18.99431 32.49779 34.21631 31.63995 42.44216 31.06214 18.73902 45.01361 20.59067 12.79464 15.02606 13.11115 17.74141 18.7677 27.50544 17.53564 44.44964 35.04196 13.68854 11.48849 18.22152 10.1651 0.0 20.8446 0.0 43.82814 
1000.0 0.16288 0.18877 0.07999 0.0 0.05652 0.05767 0.09378 0.04027 0.04093 0.16528 0.09693 0.0 0.08092 0.0576 0.10527 0.13425 0.08756 0.14684 0.14856 12.22347 0.15464 0.0572 0.18533 0.19074 0.06457 0.10919 0.10516 0.06013 0.10093 0.04567 0.18625 0.0506 0.07788 0.12831 0.13571 0.16493 0.14672 0.12518 0.05594 0.15164 0.18516 0.09131 0.10012 0.14327 0.16678 0.05628 0.0 0.13934 0.0 0.16737 
1000.0 41.7979 25.25583 38.61199 0.0 14.19056 25.65539 23.69818 16.35665 19.90843 35.10601 16.63932 0.0 28.53068 42.57982 11.8117 26.6674 33.4959 22.2594 26.24479 0.02287 35.5973 13.27662 22.43493 42.76037 35.79289 14.52953 32.74436 17.59437 38.90817 42.03584 14.56955 19.42435 31.00825 28.29362 42.59783 10.33174 25.50418 19.63784 28.90766 9.28471 12.85446 30.22306 30.77274 36.33745 10.98947 22.4295 0.0 31.23611 0.0 41.29919 
1000.0 13.96655 22.55066 16.99839 0.0 42.69236 36.81241 42.08226 29.35432 34.35485 35.70344 25.49595 0.0 14.79916 13.82544 31.03679 37.0819 46.04931 21.8267 45.91002 0.04661 30.2219 27.9841 11.04592 21.64679 44.61514 10.44342 37.48925 42.70952 18.60925 27.86027 29.56681 36.76695 29.3452 15.83298 17.42926 12.90502 35.72216 35.12425 12.79067 10.17344 36.50022 22.49154 9.90074 31.32746 12.10639 19.74576 0.0 17.72736 0.0 17.42724 
1000.0 42.45622 22.02117 41.15327 0.0 21.73413 45.30521 45.79169 45.06201 27.06942 23.65487 24.51582 0.0 43.3021 34.98899 10.82048 41.84715 39.51051 15.29694 12.40097 0.0301 44.27299 21.19418 30.51064 35.02417 22.39525 15.15593 37.2866 31.36269 23.7348 29.50056 40.47156 27.26076 38.10352 28.44344 26.97832 28.6129 42.1554 45.09877 36.01691 21.91036 18.26755 14.20636 17.2005 13.16843 34.12014 23.88163 0.0 9.62491 0.0 38.62618 
1000.0 38.53109 28.19577 14.88792 0.0 42.39181 10.48713 29.57622 15.87362 36.66238 21.40357 43.01436 0.0 20.66884 39.609 44.27053 28.51784 33.09421 18.14597 44.19171 0.0474 22.90026 31.98269 30.69337 32.66154 18.43008 35.12741 17.92974 31.96162 35.76188 26.43657 32.82364 16.88054 45.60573 30.43895 41.68726 15.7109 9.45837 23.07534 39.21362 44.87169 43.97368 15.29992 28.27551 38.774 16.12024 18.02097 0.0 42.0446 0.0 28.13244 
1000.0 18.84488 16.96285 24.26183 0.0 16.45022 30.36967 37.15641 30.97239 37.77658 33.20683 20.05601 0.0 27.3433 42.22026 29.1328 28.09805 11.6976 29.11149 34.73549 0.03534 33.11985 19.11837 13.95108 15.39912 37.7433 35.7077 34.9569 28.25107 32.19832 21.57787 34.79519 14.99388 23.61006 25.50047 46.06968 14.00299 17.90279 11.16824 22.47042 19.91406 26.79487 33.93299 31.84318 38.06941 44.03614 12.88606 0.0 26.71968 0.0 43.33538 
1000.0 15.89778 31.68672 39.43367 0.0 17.95797 10.49439 38.32956 10.02738 14.17763 45.08642 14.84549 0.0 27.75424 21.47428 28.80315 40.10248 9.39895 13.8978 29.7597 0.025 25.77871 31.37563 33.65711 30.04303 36.19879 28.97883 28.18746 28.94458 14.12614 18.82512 19.92161 12.77043 31.39217 35.73886 42.57801 12.31524 23.97862 14.31601 28.77405 31.32712 25.78254 16.4741 39.12888 26.79498 37.98323 23.36471 0.0 39.80202 0.0 21.00956 
1000.0 45.62918 13.42124 38.76333 0.0 39.2731 25.13071 10.36452 43.83738 9.31002 20.72206 44.06936 0.0 31.64548 26.13358 13.20806 33.70806 10.94043 45.05208 10.6397 0.04712 36.14002 27.71953 39.42237 13.26396 45.27462 38.46411 12.97431 28.30407 41.61155 40.40752 39.15345 9.38971 18.05277 32.11982 28.27298 22.14264 12.90396 38.37942 16.55488 25.91643 23.40115 21.95336 23.44673 39.98101 25.59894 37.34833 0.0 10.77074 0.0 36.07266 
1000.0 21.983 19.99209 24.2976 0.0 23.21908 12.16571 37.03275 43.97938 18.61077 16.28489 36.34132 0.0 22.38535 24.43172 42.32745 31.40441 36.05241 45.79481 45.94748 0.03508 28.22676 37.51938 38.35007 42.48208 20.87178 22.49405 40.58811 46.14185 45.1702 29.34015 21.16014 31.58802 33.25496 43.22353 43.58156 41.06904 32.61703 21.72343 31.26255 13.69312 37.17602 40.59921 31.26456 35.31604 9.95496 21.64366 0.0 22.94144 0.0 38.90515 
1000.0 15.31458 25.92437 35.56397 0.0 37.28005 36.30803 11.43553 19.01938 26.28707 43.1236 33.38552 0.0 9.81209 13.73552 20.52315 20.81581 22.81422 24.96942 27.12243 0.02876 37.71901 10.71452 11.79486 44.52157 20.53709 14.20104 26.16701 15.69795 45.24803 28.31904 44.25203 19.52071 37.66878 19.74909 13.33052 40.91474 42.4376 15.95509 41.51384 29.97075 23.79392 20.91901 36.63312 12.09836 31.49534 29.51127 0.0 14.10843 0.0 22.40116 
1000.0 22.57987 13.92041 19.69622 0.0 37.523 29.81646 27.03104 14.11403 16.65763 23.47339 39.66356 0.0 22.99331 28.70404 21.69893 38.66721 12.15928 22.98602 22.08409 0.03831 15.22068 17.80138 18.15008 31.9704 23.11351 44.21068 10.4931 24.96523 21.616 27.02369 22.6653 9.78421 18.36372 36.57279 44.0453 30.5453 40.86112 13.27214 44.70723 31.18559 28.10788 23.36355 32.66432 14.17491 31.76237 26.53892 0.0 16.63355 0.0 26.18446 
1000.0 16.79099 12.87113 25.34239 0.0 12.06517 11.66168 27.63056 40.91849 31.24084 23.04801 25.72694 0.0 26.26092 42.66136 29.993 16.87496 45.26262 18.13742 30.62591 0.02374 15.87286 19.82214 41.07429 22.21194 29.12909 17.58426 14.83458 24.51959 44.35855 44.33753 23.2255 11.9397 35.56494 10.1501 9.64003 11.35906 44.98829 12.17244 16.181 14.36776 32.67438 46.11814 27.05023 21.51688 21.40788 35.47728 0.0 38.78522 0.0 20.62425 
1000.0 41.43454 34.77958 46.08216 0.0 14.44981 27.51389 31.10318 41.6624 28.5558 26.9892 17.29937 0.0 40.22102 44.64742 16.98565 41.92973 32.95516 29.75507 45.28471 0.04527 42.81015 20.15921 44.48271 29.02461 15.23097 24.17013 44.42953 24.48363 38.61548 33.33285 23.12503 44.01083 11.26053 24.21473 25.09509 45.53928 36.50435 39.97418 28.76558 13.62672 18.14101 21.66975 27.58361 12.46942 24.69306 41.81241 0.0 15.93742 0.0 24.41903 
1000.0 39.05985 29.18815 41.21515 0.0 36.2376 27.45552 30.68672 32.66526 22.02451 40.89556 30.88762 0.0 45.40844 19.22814 38.02649 15.02438 25.69278 22.11299 19.60615 0.02598 14.47088 27.99863 14.45769 27.99034 19.94736 29.97525 34.87729 20.88933 41.79047 21.55996 37.85204 15.90555 34.48333 42.66852 14.93742 30.18768 17.323 24.26499 41.15239 16.45301 24.09617 45.20938 34.60059 24.57283 9.88469 32.04183 0.0 22.77412 0.0 46.0848 
1000.0 18.40413 33.90322 25.83796 0.0 32.36045 17.01894 28.98803 16.1269 17.93343 13.35815 18.53193 0.0 31.33331 42.87322 22.42914 37.95311 25.69511 41.19127 19.48498 0.04222 45.59488 29.84587 10.02265 42.77937 41.83606 34.05884 34.14011 42.0774 44.51967 13.98624 14.515 44.44379 10.19827 15.53664 33.01757 33.93188 13.84754 23.50847 32.19363 22.40256 43.36643 16.53185 10.66564 40.17365 30.05667 46.13558 0.0 40.48542 0.0 25.75393 
1000.0 15.18337 44.35657 42.5832 0.0 15.19961 34.23874 34.40043 10.79757 14.73338 30.67402 43.07218 0.0 42.24575 18.62471 41.08107 16.61545 36.4621 18.78343 25.26391 0.02084 24.33822 38.30967 23.22334 32.72801 10.70929 43.59847 33.97243 33.83214 16.60281 39.54688 10.45002 34.97472 23.09437 26.83654 25.52776 44.46546 42.88428 11.34389 40.2005 16.23094 44.1167 39.86176 28.23887 22.57329 21.61159 14.64652 0.0 30.06288 0.0 30.99968 
1000.0 35.25326 17.81557 27.09397 0.0 11.21574 18.14836 29.1792 44.09539 25.89761 40.62793 31.10218 0.0 33.76699 11.32785 9.81457 37.22394 39.88906 22.42143 21.11243 0.01444 26.80747 15.01442 22.6731 40.90556 28.04241 25.26451 19.4656 35.432 28.83518 43.87445 9.91324 25.88667 9.60467 14.17915 42.30057 19.5811 15.91998 41.10619 14.77085 38.03576 34.39745 36.21115 23.76026 40.4015 25.24069 44.59815 0.0 29.12434 0.0 43.35732 
1000.0 14.06179 27.54743 25.49977 0.0 12.77683 40.80955 36.27452 30.09698 32.00142 38.279 10.33077 0.0 38.20826 10.13686 34.39111 20.48765 37.3472 24.3722 40.39502 0.0324 34.90708 38.61541 12.77583 25.12515 30.01028 36.95803 32.58976 37.0097 26.85629 29.40462 24.23828 10.98179 25.15476 30.58067 10.20902 17.53737 20.63976 40.18201 24.9818 14.09138 27.31193 13.11068 13.45204 26.42647 23.73031 15.3179 0.0 13.88135 0.0 40.98882 
1000.0 26.59008 19.8919 13.29245 0.0 37.22314 31.53762 9.73472 43.55227 20.63754 44.9726 32.56992 0.0 36.4868 25.09624 38.50103 25.39533 22.22482 44.16928 16.04198 0.01744 34.44826 36.09065 32.96006 14.49679 26.05981 18.07504 35.91652 17.50871 37.01567 15.92414 31.64251 42.40451 41.0732 30.43946 43.64286 36.38749 31.1034 34.5773 15.81993 25.96525 45.97758 15.7174 35.40968 39.68342 10.68921 12.19165 0.0 33.94165 0.0 45.23747 
1000.0 12.30383 31.2122 14.34829 0.0 19.33801 34.3132 27.1418 12.66485 42.42474 11.12038 26.90809 0.0 36.0364 18.22124 40.23626 31.43238 22.97072 29.46047 29.35403 0.0106 44.46215 10.0899 29.05881 23.61869 33.7679 19.83962 36.36348 37.22475 17.6173 23.65831 24.77718 35.41725 42.34581 14.79074 42.94195 9.24456 16.35551 28.19682 26.49885 44.60127 39.16847 32.38807 23.99222 33.70585 33.84295 22.20786 0.0 19.29908 0.0 16.49929 
1000.0 21.09164 26.40747 37.25702 0.0 26.5877 38.9027 34.35366 39.31005 22.64278 10.30522 13.29772 0.0 11.09535 18.22858 38.38602 15.94871 24.028 17.31135 41.98942 0.03043 45.15791 43.83558 38.97404 39.1529 38.15357 18.48296 29.47606 14.81802 40.38655 27.13443 28.54264 39.61547 21.97768 10.22273 31.92042 10.03292 16.15609 13.99874 21.34677 36.27172 39.746 43.70889 38.41338 22.6547 40.04394 24.48489 0.0 31.83774 0.0 38.45649 
1000.0 26.53036 17.4016 14.59016 0.0 32.76528 19.33039 25.98617 30.63215 30.67356 45.10431 21.18919 0.0 18.04626 27.29164 15.44136 28.04183 16.40362 42.63851 24.33714 0.03616 25.38683 28.12869 39.01875 12.60224 20.47187 36.49315 36.41118 31.41141 12.53554 27.18144 25.88076 27.73993 38.85008 44.26908 29.56879 25.51987 38.3942 27.87775 26.35907 14.09332 33.62595 32.69007 16.3295 12.53546 19.1949 10.57239 0.0 41.69196 0.0 21.31464 
1000.0 42.30349 44.35704 20.72305 0.0 24.38474 28.78193 42.2324 11.42092 37.33066 18.4942 34.91247 0.0 23.48096 35.32078 46.04344 34.42336 41.09317 28.15173 19.46046 0.03675 45.33504 22.45136 26.2864 21.2454 33.51451 42.93505 30.80653 10.54495 22.77326 43.06086 35.27617 18.38162 40.76192 24.54052 29.13596 27.18985 45.02818 22.55371 30.20873 29.47629 20.42407 32.13034 17.15823 32.64151 13.49458 10.91413 0.0 18.37312 0.0 41.04999 
1000.0 35.20902 30.44655 42.58571 0.0 18.66996 43.91958 42.59771 27.56147 31.20602 17.91013 35.97883 0.0 25.5313 32.46933 27.9801 41.34418 12.21821 29.46969 24.72648 0.01839 38.83283 20.48809 39.43006 12.81686 44.57101 28.98551 26.39694 32.44559 45.50863 41.66417 17.67463 9.38477 34.9763 14.68906 41.08091 34.8575 20.83569 42.58853 20.54165 21.29495 32.59724 45.34837 29.25289 17.83946 18.44449 43.37294 0.0 32.2189 0.0 32.99635 
1000.0 28.19569 44.90958 12.29534 0.0 26.12453 10.15289 20.87647 18.49881 24.60194 42.10519 12.91125 0.0 30.07728 40.39682 28.85534 12.84366 26.10921 17.3119 30.62613 0.04234 36.31597 13.83362 45.50899 34.78459 37.97257 13.19013 30.63795 18.62557 24.42365 23.55075 32.4781 11.91633 36.21675 38.02799 24.74778 20.14783 33.15162 36.62223 43.39169 18.37294 38.22649 12.60004 16.33004 12.91522 16.99958 10.50105 0.0 39.55503 0.0 44.3836 
1000.0 36.8875 22.64291 43.34508 0.0 43.29217 35.57715 43.11728 22.20104 39.29419 45.29704 30.78831 0.0 23.9883 38.3303 20.3097 18.29347 43.20893 33.27116 14.29602 0.03595 14.72334 30.55535 21.78156 39.5114 18.89111 31.31785 9.691 16.00961 38.29903 33.45142 36.06584 16.55636 21.5779 42.60503 24.92443 28.80266 13.6179 44.55289 29.73457 33.16396 28.19453 32.71219 27.34944 17.57516 10.5852 14.18237 0.0 18.0859 0.0 40.25868 
1000.0 38.03071 24.42158 29.30799 0.0 17.05326 20.40563 31.73408 39.79966 14.40026 41.12411 39.42966 0.0 39.39937 33.85249 11.66423 21.39435 14.58085 43.53615 26.434 0.0263 46.03276 29.11933 10.43334 14.12282 15.90357 17.11335 19.08117 45.09373 28.31382 40.50885 20.68239 14.00054 44.28496 21.54548 40.29426 41.94663 39.42907 41.99204 37.8546 13.50285 23.82543 32.59167 41.79919 11.83779 43.5268 20.85491 0.0 26.09753 0.0 29.60607 
1000.0 0.0 0.0 0.0 17.65492 0.0 0.0 0.0 0.0 0.0 0.0 0.0 21.31233 0.0 0.0 0.0 0.0 0.0 0.0 0.0 0.0 0.0 0.0 0.0 0.0 0.0 0.0 0.0 0.0 0.0 0.0 0.0 0.0 0.0 0.0 0.0 0.0 0.0 0.0 0.0 0.0 0.0 0.0 0.0 0.0 0.0 0.0 18.23903 0.0 28.2394 0.0 
1000.0 33.28853 40.04928 15.18326 0.0 25.00797 38.37275 41.73178 17.03267 26.76068 33.68216 17.90823 0.0 40.30873 30.61668 18.27387 39.8849 26.87096 12.11026 19.84204 0.04222 19.85068 17.14253 25.78743 42.94001 23.21722 20.46351 46.12736 21.0726 15.08346 44.00476 34.05718 23.91483 16.94146 41.21291 16.17881 19.98308 35.3103 11.83182 9.92571 45.99891 35.42707 43.60181 26.57702 24.04858 45.93592 40.04929 0.0 15.62351 0.0 9.46348 
1000.0 0.0 0.0 0.0 13.56546 0.0 0.0 0.0 0.0 0.0 0.0 0.0 17.98054 0.0 0.0 0.0 0.0 0.0 0.0 0.0 0.0 0.0 0.0 0.0 0.0 0.0 0.0 0.0 0.0 0.0 0.0 0.0 0.0 0.0 0.0 0.0 0.0 0.0 0.0 0.0 0.0 0.0 0.0 0.0 0.0 0.0 0.0 22.09274 0.0 9.60164 0.0 
1000.0 30.18363 26.99619 41.37017 0.0 45.19034 35.66163 46.16036 20.32732 21.51217 41.71227 20.88713 0.0 27.9338 22.70652 22.9239 22.74476 28.30535 17.33548 23.44437 0.01318 30.51062 15.4499 45.01677 16.5942 23.55033 17.84835 29.86722 44.20318 12.74676 32.94658 11.83006 26.69496 25.53276 25.3633 16.92888 16.46503 35.13082 43.41224 25.30415 22.97187 30.7532 9.45547 38.81168 30.4057 24.05744 13.55863 0.0 9.37158 0.0 34.46959 
