1000.0 1000.0 1000.0 1000.0 1000.0 1000.0 1000.0 1000.0 1000.0 1000.0 1000.0 1000.0 1000.0 1000.0 1000.0 1000.0 1000.0 1000.0 1000.0 1000.0 1000.0 1000.0 1000.0 1000.0 1000.0 1000.0 1000.0 1000.0 1000.0 1000.0 1000.0 1000.0 1000.0 1000.0 1000.0 1000.0 1000.0 1000.0 1000.0 1000.0 1000.0 1000.0 1000.0 1000.0 1000.0 1000.0 1000.0 1000.0 1000.0 1000.0 1000.0 
1000.0 22.62995 46.49744 37.51161 0.0 11.39306 23.17441 17.87207 21.86079 42.01022 11.15023 16.46508 0.0 26.33264 19.29599 44.7898 27.33852 19.46204 46.29453 46.08588 0.04492 19.48837 25.04381 39.00736 17.53627 46.8813 39.47436 24.60465 39.30717 18.04532 23.60051 35.23273 35.95571 19.2001 32.8543 38.16359 17.89016 22.44769 36.28978 19.63466 40.29635 36.71887 11.85277 12.29944 15.19843 33.76711 34.75966 0.0 44.32664 0.0 22.72189 
1000.0 23.73892 27.62518 30.08212 0.0 24.68268 13.98838 20.78605 34.47847 14.21987 45.06195 43.63088 0.0 46.10747 38.67306 46.69872 32.24043 43.6772 36.06523 24.89591 0.01955 18.92408 24.94448 27.29613 11.27272 48.10196 19.12401 24.91472 28.6049 28.87454 47.03474 33.10956 10.40146 46.92715 42.11087 47.15998 41.68066 31.30764 31.2244 36.32214 30.06887 40.01327 31.36594 18.69654 18.22989 18.89769 36.45373 0.0 46.04436 0.0 40.42412 
1000.0 24.61824 22.69981 19.41659 0.0 38.11817 19.00432 31.45371 42.49473 37.24698 47.96922 36.59524 0.0 39.35392 33.95232 11.87991 10.62663 44.41939 27.58784 18.68477 0.03724 30.82681 11.36552 27.54451 41.33141 32.56281 22.18983 37.30635 43.55631 12.04823 30.47666 48.16122 14.09842 17.11582 48.09546 40.48606 41.35333 37.89286 33.27243 35.83561 13.76999 38.98411 29.56008 19.12658 42.32698 45.93166 39.6921 0.0 31.65734 0.0 36.47375 
1000.0 0.0 0.0 0.0 14.30262 0.0 0.0 0.0 0.0 0.0 0.0 0.0 20.00017 0.0 0.0 0.0 0.0 0.0 0.0 0.0 0.0 0.0 0.0 0.0 0.0 0.0 0.0 0.0 0.0 0.0 0.0 0.0 0.0 0.0 0.0 0.0 0.0 0.0 0.0 0.0 0.0 0.0 0.0 0.0 0.0 0.0 0.0 36.70485 0.0 32.03674 0.0 
1000.0 42.49981 22.09843 30.52308 0.0 36.81105 17.46435 32.96927 30.37923 37.03485 19.8182 37.56885 0.0 17.45724 14.91408 47.11856 22.30843 10.28911 21.87326 17.61688 0.01514 15.32898 38.22877 37.08027 34.1798 17.6327 24.63429 48.16451 42.11757 46.48781 42.97168 34.78537 10.70497 12.93498 43.52515 25.61514 21.66304 35.73073 22.75125 28.63842 38.62705 15.02913 43.86167 18.47284 36.8722 45.71715 43.4324 0.0 33.49902 0.0 42.74266 
1000.0 40.3356 16.36322 36.18287 0.0 38.78381 11.19353 28.04371 28.01667 19.02095 19.22003 41.83532 0.0 22.24735 32.29628 44.00124 36.10662 44.41879 30.1117 30.50853 0.0336 24.54692 34.64408 19.53809 45.23839 27.65671 10.18218 37.09949 38.39057 23.96748 27.66371 45.77615 21.15443 23.71081 19.26279 36.65997 38.74839 39.17959 27.41527 46.20946 29.19183 16.51288 21.08797 25.95222 14.5486 35.84864 30.96314 0.0 44.31143 0.0 20.16052 
1000.0 26.40414 39.09392 20.57713 0.0 37.00375 9.98842 38.76786 26.77079 15.4651 36.56994 10.2931 0.0 27.94101 36.37027 33.67923 26.18312 25.38445 43.03072 37.5416 0.02264 30.45091 32.38175 41.8373 41.80328 40.47665 30.10984 31.28834 27.09601 37.05109 21.50203 42.32208 39.29217 48.19876 32.77196 41.34872 35.24631 15.36353 16.93521 24.7189 26.18027 33.9333 25.38605 46.22487 26.99353 19.8672 23.38835 0.0 39.17764 0.0 9.869 
1000.0 45.07143 45.19421 23.45426 0.0 43.17911 38.52778 30.05283 24.20073 21.81836 27.33111 27.46132 0.0 29.20186 24.97186 35.65236 35.5036 35.62657 34.38509 32.74555 0.02445 35.34948 46.38558 27.10947 46.88974 23.948 10.66591 42.56446 23.43257 45.19533 36.78296 26.23351 20.80264 10.87485 22.70126 35.46544 27.90961 46.52212 35.34787 38.81325 25.02232 17.69049 11.11897 15.78968 40.2953 42.12281 36.13485 0.0 34.80782 0.0 38.44844 
1000.0 30.59404 34.09689 25.64675 0.0 22.8611 23.11891 23.6081 24.38024 28.72795 10.24966 17.66512 0.0 14.4372 30.0496 42.01663 46.0644 34.16568 36.72147 21.26434 0.02165 33.83181 38.2604 41.03804 21.92944 19.82354 26.21988 31.17924 38.88829 26.08205 10.87227 28.23238 39.98924 15.26969 24.90387 34.58212 46.35604 18.1921 12.36712 47.3902 15.81125 45.3113 35.81092 25.60683 42.42974 19.54636 36.72732 0.0 14.35264 0.0 10.00448 
1000.0 20.88761 27.73511 18.72335 0.0 43.57079 46.43147 27.231 36.38429 40.58422 16.42178 10.41415 0.0 40.9776 23.62059 10.9571 23.87069 34.06772 33.44977 40.55257 0.01325 21.75134 23.16871 42.69556 28.3782 17.91554 44.12783 34.61794 28.04351 14.40468 20.71758 44.78913 43.52861 9.82295 25.15965 29.0059 17.09 16.70714 30.0306 42.37454 36.58228 30.79826 36.01688 35.18075 27.38276 37.34247 35.48254 0.0 32.0868 0.0 26.76725 
1000.0 37.45234 12.6653 11.78908 0.0 29.1151 30.14154 39.67982 40.75811 13.48448 42.47821 42.50196 0.0 37.517 20.38808 23.09642 26.31641 21.74005 37.70106 39.3848 0.0191 29.51841 45.04824 14.33976 41.71477 14.76393 27.18778 10.17397 13.63482 14.03177 20.80498 16.24284 12.01888 33.64327 29.99379 19.33424 40.32821 20.22437 36.18783 13.54184 15.52921 17.59334 20.47612 30.73392 41.39109 16.63814 17.85478 0.0 27.40751 0.0 12.08552 
1000.0 0.0 0.0 0.0 24.55892 0.0 0.0 0.0 0.0 0.0 0.0 0.0 45.53095 0.0 0.0 0.0 0.0 0.0 0.0 0.0 0.0 0.0 0.0 0.0 0.0 0.0 0.0 0.0 0.0 0.0 0.0 0.0 0.0 0.0 0.0 0.0 0.0 0.0 0.0 0.0 0.0 0.0 0.0 0.0 0.0 0.0 0.0 28.58014 0.0 35.46327 0.0 
1000.0 40.12516 14.33703 48.14978 0.0 44.85218 34.0794 38.72195 32.0785 20.40863 45.61355 16.95054 0.0 10.00953 15.88358 47.57782 22.26425 21.24424 21.08312 14.72526 0.01236 9.77214 28.21967 11.31516 44.40465 39.26603 10.82873 29.08435 11.06183 14.78404 40.77301 16.57422 14.02257 30.34545 26.64606 20.9257 19.41542 15.04986 43.70029 44.46249 30.88035 24.62841 14.15558 25.1335 25.03553 47.9856 16.81439 0.0 13.82059 0.0 19.55329 
1000.0 33.37987 42.16932 29.5062 0.0 30.06279 18.8043 33.84645 32.02749 16.1662 39.06419 25.25181 0.0 31.35652 36.96315 41.67399 24.8702 38.5548 20.33325 46.18458 0.04095 12.70923 32.11581 34.52105 24.09772 35.40765 20.24968 47.39329 31.53086 26.99398 11.6038 16.18007 18.64125 34.2785 42.07669 48.07707 47.06591 25.05148 39.70273 34.39753 28.41934 35.41886 39.47681 44.48252 47.2444 36.70072 45.76903 0.0 36.81947 0.0 48.02382 
1000.0 39.61724 14.75821 16.56581 0.0 42.65528 30.01631 36.644 16.30678 35.69472 12.83096 15.76126 0.0 29.61489 14.38313 37.43667 39.98291 10.89497 37.24778 40.49862 0.01362 41.99087 46.46006 28.37405 19.20588 35.33391 40.77401 24.87039 17.28989 43.61371 38.01528 35.23978 25.53916 13.92725 19.56784 30.93278 30.56853 37.32667 13.20705 10.93536 32.80677 42.17282 33.3797 14.27084 14.72002 37.97844 10.87601 0.0 16.33557 0.0 10.85174 
1000.0 20.5118 38.77373 40.56109 0.0 11.2948 36.64964 33.9934 18.85962 29.67363 47.50586 10.56499 0.0 24.64413 20.28569 45.1741 43.48832 36.38499 19.81996 13.06823 0.02579 30.75862 20.98464 40.20884 35.868 23.81585 16.78588 37.2839 34.52942 30.81765 34.47053 13.55807 42.73537 10.56573 15.06448 13.2957 21.09994 13.31452 36.94701 37.24714 33.4741 30.15794 46.59345 9.79849 47.56178 33.639 31.58856 0.0 17.5517 0.0 38.81951 
1000.0 41.97713 29.68464 33.1056 0.0 38.1247 43.05833 28.7866 43.83246 17.66878 39.92741 31.88171 0.0 44.45549 48.17679 17.77421 23.49718 33.23913 16.54692 38.92949 0.02526 25.78919 20.37071 39.9367 15.86 12.83618 45.53492 28.30482 39.44696 25.89435 42.22143 39.3858 12.46456 27.49414 42.164 18.42182 45.17338 16.29093 39.20261 33.71288 32.60914 41.99494 24.68139 20.56571 30.53061 17.99833 34.65816 0.0 22.267 0.0 43.80691 
1000.0 23.86666 28.55596 22.54306 0.0 11.60446 37.87652 34.1504 18.23548 36.72666 21.11415 32.54558 0.0 46.77135 18.93564 24.84864 22.00024 41.24854 44.29874 35.18774 0.04561 27.71816 12.87787 17.89287 24.64779 37.78576 48.04755 42.95104 36.17183 20.895 23.7019 30.26131 37.32437 29.17371 15.95934 42.23002 26.33041 12.85794 17.28523 41.40706 27.68064 32.99 22.21179 11.54071 45.97193 45.52464 11.37714 0.0 14.57722 0.0 15.27823 
1000.0 34.06083 19.32447 32.41285 0.0 46.05798 34.08316 15.38279 39.81726 43.01053 33.32137 11.84976 0.0 36.6937 10.32676 11.88966 44.927 11.55644 10.74987 31.25261 0.0246 20.01586 14.30074 45.98354 23.56207 11.89677 10.47544 20.76956 21.01792 16.7201 10.3947 39.93495 10.94219 24.43948 40.87118 12.94735 16.55892 43.37453 39.06367 34.15806 37.88663 35.64601 27.11096 27.75599 23.39068 12.88257 47.99504 0.0 26.10141 0.0 26.37168 
1000.0 0.08377 0.14597 0.14114 0.0 0.18027 0.19611 0.07753 0.04728 0.07355 0.14962 0.18962 0.0 0.05629 0.1091 0.12583 0.19253 0.07082 0.10476 0.12107 45.90563 0.07871 0.12236 0.10754 0.07595 0.17932 0.10873 0.07444 0.15485 0.08176 0.05312 0.16879 0.12207 0.13482 0.14005 0.18618 0.06484 0.06013 0.04568 0.15955 0.14291 0.17255 0.15874 0.17536 0.12376 0.16114 0.08691 0.0 0.05247 0.0 0.17736 
1000.0 43.86317 27.01866 30.15103 0.0 27.48053 37.44055 35.58506 34.73223 23.88214 21.83041 14.05926 0.0 36.41606 12.81509 42.20719 43.04982 21.27684 44.30544 34.94615 0.04781 22.16109 45.51564 9.90254 35.25444 29.19892 23.07742 13.08608 35.98773 45.42989 43.35074 45.53359 10.18117 39.17076 47.52857 27.77227 29.30581 11.35086 27.52496 18.68871 31.72803 12.47856 38.68187 15.01327 12.38972 32.37976 13.26344 0.0 46.10736 0.0 27.9432 
1000.0 24.26783 30.81272 45.12793 0.0 41.83384 33.85452 11.36059 27.80173 18.40083 21.28591 12.67914 0.0 29.32329 9.86011 26.88945 35.59411 22.03017 14.92063 21.93158 0.01127 13.80614 47.35684 25.14676 29.51186 46.90873 22.13099 17.51722 40.23069 38.36582 22.13473 22.16575 29.48175 14.45958 39.94325 27.80117 26.29402 18.52935 32.12108 19.35264 23.5021 34.51344 15.72316 35.47182 28.01316 31.33485 20.39087 0.0 34.0138 0.0 10.44489 
1000.0 33.68414 17.67355 32.64273 0.0 40.56671 10.09072 17.13555 38.52146 39.45522 46.13242 37.04171 0.0 34.48334 22.62175 45.16823 33.12978 43.07853 37.78123 35.12982 0.04606 30.90537 19.26354 20.40499 40.49576 16.1906 41.19124 16.27666 47.75601 34.52349 42.35518 37.96514 24.72759 31.32304 21.49074 34.81788 31.88693 26.82661 32.83611 24.52107 27.8282 18.05944 13.34453 32.13789 26.9272 12.54782 40.47306 0.0 13.88905 0.0 31.78461 
1000.0 39.66761 42.28334 23.58345 0.0 31.05198 13.83969 44.57005 34.86426 11.51703 43.97364 43.43528 0.0 39.03749 22.08969 16.62835 26.1347 29.15817 45.04925 40.40676 0.04415 36.29809 25.16521 29.74283 27.03377 26.26149 36.2712 47.3253 23.89651 17.32654 42.09616 13.72082 22.21894 13.21705 25.72178 39.14287 40.20189 12.67628 11.30189 28.34413 30.1204 46.07365 29.43701 31.13471 47.96256 12.4559 14.27749 0.0 40.01151 0.0 22.82884 
1000.0 37.07458 21.40475 11.59953 0.0 27.46851 40.46934 12.79069 15.96979 26.73492 25.3098 30.31471 0.0 12.38022 10.05902 42.02426 20.56607 46.66729 11.27577 21.67613 0.02803 28.08765 18.71306 25.52647 22.48986 10.63681 45.94901 37.2067 13.11217 22.53182 48.10738 47.67215 47.69863 23.20559 12.06068 45.2441 18.78718 27.38246 25.15679 20.62968 45.46137 34.52831 34.19136 12.98748 37.9596 10.34994 45.59125 0.0 39.32849 0.0 18.11258 
1000.0 32.37928 47.70107 30.11394 0.0 34.86106 15.51461 31.74271 39.89619 10.22806 15.26519 33.29785 0.0 10.84279 41.96551 37.30371 29.99423 15.679 15.46088 30.09861 0.02136 26.07383 17.04012 44.60498 25.991 12.23544 25.68688 14.0729 14.64276 27.52982 36.24261 14.73166 28.88228 20.03561 12.97753 12.48826 27.50047 39.85348 21.43499 13.97366 41.41175 38.08732 19.48387 36.37896 43.22775 15.20017 37.08934 0.0 17.82852 0.0 46.00983 
1000.0 41.84521 30.56047 18.14351 0.0 39.98781 26.63904 22.93171 42.57984 15.08987 10.63843 45.59908 0.0 19.35684 10.06852 14.15973 17.09825 12.11556 44.63205 34.42082 0.03448 44.92791 15.25734 24.34938 37.6402 31.76016 16.59765 14.11744 10.05161 30.92052 24.0287 34.60755 14.00971 22.73395 25.53482 35.90736 20.83345 38.94691 16.49662 21.30458 18.25441 44.26238 34.55626 35.1915 10.70167 46.17672 26.05525 0.0 45.84318 0.0 43.01292 
1000.0 23.25482 36.23832 24.85325 0.0 23.08551 45.50667 40.19369 37.7872 21.58415 42.98048 13.05854 0.0 29.5136 12.3073 31.84037 21.0752 26.94244 26.18703 46.92788 0.04619 30.16184 39.20581 32.77397 47.79914 44.38662 29.61188 37.74652 27.46365 28.7973 11.05424 27.789 24.53773 47.52799 42.62855 25.03384 11.89131 16.80042 31.92166 16.26597 19.54326 43.28552 23.61153 33.81782 19.30359 19.13794 38.15024 0.0 32.27324 0.0 17.59708 
1000.0 21.02773 12.78665 41.59136 0.0 47.61587 42.9151 17.89432 12.76803 11.74652 45.57085 33.23811 0.0 10.88025 42.85951 27.81831 14.50281 41.1559 15.30204 21.96188 0.03986 21.94802 31.5847 39.76785 13.18295 44.06037 36.29414 37.32027 13.28162 11.71949 14.02211 28.55008 37.61716 17.76923 24.83901 22.96169 15.99737 34.22441 44.73957 24.53698 21.83396 35.48901 31.98041 35.05683 25.19311 38.64001 29.65113 0.0 12.07197 0.0 24.73614 
1000.0 15.08502 14.23184 18.39058 0.0 25.4335 11.26854 15.59391 38.01315 27.94324 27.60126 41.7016 0.0 44.85278 13.19579 26.67207 46.3229 26.15252 37.40312 16.6438 0.04714 26.35362 24.79641 46.5453 45.92629 25.29516 14.90821 27.35985 25.528 29.72596 41.03507 18.23725 23.56506 18.60822 25.38812 16.74255 34.50127 38.71346 19.58218 41.99823 13.42014 23.21161 19.33496 18.3348 31.98965 21.6455 42.67979 0.0 41.08534 0.0 20.91025 
1000.0 23.78607 23.18999 29.33884 0.0 24.0456 41.47779 30.72814 14.6391 33.21306 47.23043 13.03469 0.0 17.07559 22.21489 11.73117 38.23929 32.93827 40.40581 42.72012 0.0449 33.19392 46.29191 12.87032 44.84174 47.14783 42.83783 46.35074 17.27524 46.47357 26.06772 43.85221 22.50661 10.78325 21.06056 16.32643 17.89798 34.00645 22.89037 9.69708 45.84675 15.62495 34.03962 36.21278 43.06749 31.51506 19.11198 0.0 23.47929 0.0 24.91993 
1000.0 42.69661 42.60942 31.37578 0.0 16.1136 31.45312 18.46262 29.97843 31.02972 19.14783 40.76942 0.0 34.60407 31.18922 39.21216 45.5847 47.39851 35.13387 23.26812 0.04425 21.34787 22.02581 37.43623 32.14616 10.3146 22.48636 26.62818 47.86292 47.44368 33.12693 32.01322 36.29775 43.76056 16.28116 20.14225 26.75613 13.84592 17.69941 45.51095 14.5917 47.84194 38.46103 30.17359 11.93365 29.93925 42.52141 0.0 40.21097 0.0 46.98198 
1000.0 25.51691 21.97534 37.04726 0.0 40.46177 18.96109 36.8251 44.07891 36.57949 35.81981 14.75566 0.0 47.56911 9.93144 27.12736 17.37588 10.65849 43.01521 23.60999 0.02227 35.22829 38.1573 24.41267 45.31907 19.48434 10.94825 12.37374 21.10071 26.59674 19.59668 40.80501 45.28533 26.26679 23.99725 11.03601 36.51921 28.07499 27.08089 12.42172 26.07011 30.5296 24.41608 12.64818 22.16123 39.97307 16.50688 0.0 30.15638 0.0 33.48942 
1000.0 21.2745 47.47067 32.59002 0.0 14.82927 23.52916 11.16551 12.83281 38.90125 27.48207 37.56961 0.0 46.46277 20.20017 43.13747 37.13804 9.87559 38.28466 44.01819 0.02407 12.76466 34.60656 15.99007 28.25119 11.755 10.20685 48.03732 19.90045 26.17191 16.76231 39.70398 21.98889 25.57482 12.17746 41.07334 29.19315 35.24941 45.99586 33.95513 37.61857 12.64936 18.95534 41.1711 15.65892 17.03822 13.10438 0.0 25.67984 0.0 38.36804 
1000.0 44.89861 23.9575 36.05106 0.0 40.53331 34.24041 43.52443 36.88681 38.07964 28.20321 37.7789 0.0 23.31898 29.58341 46.41016 38.15432 30.60364 32.99008 20.62679 0.01276 26.2841 18.40342 34.95846 34.38631 22.90038 29.16757 34.44885 32.57638 19.08068 23.58187 10.42169 18.97092 24.44603 25.61676 18.65906 16.09177 29.68869 39.24571 47.69236 36.50858 21.09759 36.59433 40.58327 15.81502 38.44649 44.41828 0.0 34.81237 0.0 33.06619 
1000.0 34.39804 34.99837 47.6029 0.0 27.32518 14.64432 28.50538 31.22367 26.87153 24.76746 46.08896 0.0 20.0198 46.34873 36.50926 47.86993 45.28412 15.17517 33.76886 0.0475 32.64105 47.44347 9.89266 28.76487 12.58537 32.6412 40.23732 15.50554 31.40632 37.45217 28.52139 47.64749 34.23935 21.92518 47.72302 12.37839 13.35583 43.08706 28.69798 40.54343 13.46061 12.17603 40.78372 42.77811 12.14643 28.47365 0.0 29.97315 0.0 44.44409 
1000.0 30.5998 13.97158 45.26135 0.0 28.95581 40.90324 17.18766 26.26681 38.94162 28.35374 21.3232 0.0 34.40458 13.39871 23.54988 40.59846 31.48832 36.78519 38.94608 0.02263 19.93719 29.09095 43.18205 29.75133 32.91017 47.30394 34.5329 22.07028 41.32368 22.64317 12.5161 15.65855 21.20318 18.5807 31.16132 15.25757 12.16975 15.78798 30.68588 15.54098 36.59069 9.67568 45.75489 9.8729 30.81158 14.76441 0.0 27.98337 0.0 10.63876 
1000.0 22.21451 11.04454 17.85122 0.0 37.91977 28.49361 30.66384 28.37451 29.86125 43.48997 45.72394 0.0 37.3839 43.93963 25.91516 40.7697 24.81149 22.40353 42.87746 0.04414 23.03787 32.68707 25.83213 37.3669 44.55952 14.96362 14.88125 15.69566 21.9555 39.38367 43.62386 19.62798 42.81647 13.78959 36.77291 27.73777 24.25728 20.91714 18.09968 16.03584 31.28599 31.13327 41.50537 45.05983 12.77562 29.05368 0.0 38.97097 0.0 22.85128 
1000.0 27.236 32.55286 10.05398 0.0 37.67649 21.54475 11.82145 13.49291 25.74016 10.08043 22.59869 0.0 24.59701 33.5312 21.28876 20.10587 34.78662 32.81446 13.56285 0.03888 20.73974 37.65386 22.39544 10.11709 28.16838 20.66014 46.89508 26.23629 10.3126 47.87585 47.14136 41.79543 10.94617 29.62977 15.95047 32.30597 10.61581 46.51303 37.97315 29.40569 21.63844 46.42745 34.433 10.15169 37.12267 13.39444 0.0 42.74779 0.0 21.81761 
1000.0 39.09016 11.42193 34.26053 0.0 20.42439 32.56951 46.58215 40.01103 11.27272 21.52672 43.26082 0.0 45.34813 25.66345 17.17647 26.77411 39.57708 26.2114 36.94823 0.01247 47.07483 45.10332 33.19242 13.86714 19.86241 30.48479 44.19346 26.3779 35.69223 40.20471 32.91021 10.84094 18.17951 22.36219 18.0508 26.24048 27.08094 40.13732 16.94706 41.85263 19.19475 30.05608 46.76069 10.23933 16.84238 26.15151 0.0 38.13326 0.0 17.98861 
1000.0 39.59308 31.06342 13.31489 0.0 38.76519 33.93726 46.86349 11.504 38.78509 10.63864 24.37313 0.0 30.82048 27.39264 47.54458 31.46694 19.62792 29.50927 41.43078 0.03811 35.46351 28.40649 15.38064 21.58326 45.56096 9.89832 35.22494 26.64807 42.01785 13.0183 35.0987 41.26511 16.47955 42.27655 14.30702 31.12746 42.48312 19.6151 36.75033 34.40172 11.28917 23.44732 32.34879 14.90975 16.88123 33.75089 0.0 31.83675 0.0 35.39256 
1000.0 25.88203 20.24559 31.48325 0.0 27.56957 21.06895 18.82709 32.88658 38.71315 23.49886 39.76444 0.0 11.65836 38.80235 29.42376 36.33504 16.35557 14.45695 25.06077 0.04504 13.32102 20.37947 25.38707 11.94809 11.94078 23.87387 24.91783 10.75366 14.63489 39.90269 29.05258 42.86993 31.52772 47.21532 31.19007 39.74835 29.19775 36.17537 21.51273 37.20661 20.81319 12.51369 34.92604 47.74365 47.94006 22.91885 0.0 15.90066 0.0 30.25168 
1000.0 45.22372 22.69172 25.55526 0.0 35.29631 35.45621 26.1723 10.91579 10.27968 25.93086 48.1855 0.0 10.82942 18.1681 42.94749 28.44718 25.46142 22.41775 13.30118 0.02971 28.74262 37.43744 45.15022 12.90194 44.3332 20.49801 38.34826 14.49488 46.69391 26.13974 26.55953 46.87953 45.3021 16.28553 33.89484 11.75387 21.85753 40.18418 41.7211 31.70012 42.61604 17.04085 33.29552 13.62296 28.84108 13.3373 0.0 32.25332 0.0 34.94349 
1000.0 27.96874 20.13061 20.70176 0.0 15.78244 31.2314 10.54829 13.0053 47.96491 37.59688 24.3381 0.0 40.73004 30.50258 31.63228 32.01632 15.7705 45.63751 18.44321 0.02039 35.42577 21.62233 13.68601 18.14246 43.87475 30.87794 37.77653 34.56959 43.18639 23.29861 30.73592 12.07996 22.47499 27.83607 46.21814 45.83094 10.64708 41.86566 35.81855 43.49327 33.34652 13.25943 43.9138 31.58866 40.72548 34.45309 0.0 26.65544 0.0 17.4799 
1000.0 24.92795 41.27242 36.54466 0.0 35.04354 30.40296 41.48409 14.12912 20.48662 21.91041 34.59214 0.0 11.21386 30.60729 33.13337 29.87648 24.75699 10.06993 39.66417 0.01404 14.25136 11.89649 39.98381 29.59113 13.76892 42.21369 37.63434 20.57255 44.6464 22.25354 34.95676 14.76731 11.90141 25.04823 13.47547 33.36625 33.64926 21.13038 11.8702 34.4225 23.84003 46.61993 22.34366 41.8923 46.29142 48.07606 0.0 17.45929 0.0 40.84205 
1000.0 13.33053 12.10337 36.04005 0.0 16.48816 37.08051 11.97326 39.66961 25.72904 18.0722 25.16516 0.0 41.04055 39.40333 40.73418 17.50845 43.01307 39.00221 35.1966 0.01407 29.92168 27.51161 10.37557 14.68572 36.03679 21.36028 30.08875 42.55489 18.91682 28.76806 15.50517 27.27218 40.7255 45.67728 37.9773 24.19872 43.48879 47.72045 19.51377 47.58679 17.01224 35.87385 33.83354 17.48133 30.17996 46.71833 0.0 12.59083 0.0 23.34757 
1000.0 0.0 0.0 0.0 13.76677 0.0 0.0 0.0 0.0 0.0 0.0 0.0 28.35775 0.0 0.0 0.0 0.0 0.0 0.0 0.0 0.0 0.0 0.0 0.0 0.0 0.0 0.0 0.0 0.0 0.0 0.0 0.0 0.0 0.0 0.0 0.0 0.0 0.0 0.0 0.0 0.0 0.0 0.0 0.0 0.0 0.0 0.0 16.91569 0.0 41.93509 0.0 
1000.0 29.49504 36.07435 48.21224 0.0 18.84454 34.91846 15.84296 35.8969 28.01469 21.43622 35.14483 0.0 31.59979 29.3768 12.25348 30.12354 21.74051 28.72173 20.79016 0.01184 16.39544 45.47684 26.90481 43.4804 32.67254 38.98227 37.95431 26.93204 17.80616 40.22287 34.9106 23.0895 22.16046 45.02649 20.30628 17.08797 12.67389 40.17708 14.44849 19.28846 38.27349 23.36214 19.96485 24.91162 17.76665 10.86471 0.0 29.99305 0.0 44.22123 
1000.0 0.0 0.0 0.0 30.68985 0.0 0.0 0.0 0.0 0.0 0.0 0.0 34.42691 0.0 0.0 0.0 0.0 0.0 0.0 0.0 0.0 0.0 0.0 0.0 0.0 0.0 0.0 0.0 0.0 0.0 0.0 0.0 0.0 0.0 0.0 0.0 0.0 0.0 0.0 0.0 0.0 0.0 0.0 0.0 0.0 0.0 0.0 27.31037 0.0 12.54282 0.0 
1000.0 31.61181 10.83436 18.70262 0.0 26.67451 35.89744 46.31676 45.78243 12.15667 37.15917 41.84135 0.0 22.39332 38.19947 36.20701 47.77648 33.03613 46.00333 47.82835 0.01523 21.36931 42.04036 21.98198 35.44637 44.74313 18.34086 30.91653 28.40542 43.02002 37.88659 36.09604 47.14301 35.31109 44.57455 10.76948 32.50995 37.74064 29.22574 10.68359 35.70132 43.30458 28.49929 12.11289 28.60656 45.3118 42.50402 0.0 11.46089 0.0 15.63859 
