1000.0 1000.0 1000.0 1000.0 1000.0 1000.0 1000.0 1000.0 1000.0 1000.0 1000.0 1000.0 1000.0 1000.0 1000.0 1000.0 1000.0 1000.0 1000.0 1000.0 1000.0 1000.0 1000.0 1000.0 1000.0 1000.0 1000.0 1000.0 1000.0 1000.0 1000.0 1000.0 1000.0 1000.0 1000.0 1000.0 1000.0 1000.0 1000.0 1000.0 1000.0 1000.0 1000.0 1000.0 1000.0 1000.0 1000.0 1000.0 1000.0 1000.0 1000.0 
1000.0 18.55083 39.98021 41.09553 0.0 39.62263 21.83043 31.9904 14.0941 26.5818 35.91531 21.52425 0.0 32.36434 10.45086 42.13084 36.11841 42.34925 28.95753 31.92133 0.02939 35.62223 40.49773 41.29992 22.83797 22.8709 32.8477 38.25083 29.76495 42.45915 35.59392 19.08958 15.97008 36.04777 25.75433 28.35034 36.21709 42.48868 28.19295 20.5841 42.79775 26.44619 14.99497 20.51581 28.15817 41.59965 22.47385 0.0 36.20691 0.0 33.89809 
1000.0 39.22166 8.67633 11.47063 0.0 41.76082 19.90568 28.06546 35.59173 19.27018 30.60831 18.21603 0.0 16.83343 42.20168 19.53192 26.32164 36.52968 33.5193 30.54016 0.01162 36.25139 32.90188 24.03403 12.18324 31.47669 42.70489 14.70596 36.45402 35.91766 9.64768 12.46483 9.96766 38.64388 31.52178 8.85095 42.8549 9.55403 39.54554 36.88174 12.40954 32.6465 13.4679 38.85745 31.74721 33.29701 21.6291 0.0 12.20522 0.0 38.11307 
1000.0 27.84728 14.77384 34.00546 0.0 31.23708 25.25045 15.21436 40.22781 27.49823 42.17025 32.44637 0.0 13.86879 39.4248 15.12761 24.74139 41.24957 38.55659 32.37792 0.04638 9.5041 12.08803 25.54669 28.26585 26.69548 24.94644 30.03493 13.72101 11.28942 18.55508 30.57903 37.32599 19.41445 20.20618 16.02292 20.70699 15.16721 16.24948 33.57868 20.82619 31.09142 24.21045 15.71109 29.35457 9.50877 12.42932 0.0 41.88705 0.0 19.65256 
1000.0 0.0 0.0 0.0 15.96051 0.0 0.0 0.0 0.0 0.0 0.0 0.0 31.79189 0.0 0.0 0.0 0.0 0.0 0.0 0.0 0.0 0.0 0.0 0.0 0.0 0.0 0.0 0.0 0.0 0.0 0.0 0.0 0.0 0.0 0.0 0.0 0.0 0.0 0.0 0.0 0.0 0.0 0.0 0.0 0.0 0.0 0.0 24.86991 0.0 25.4787 0.0 
1000.0 18.27369 39.60874 30.05362 0.0 17.91792 31.30968 22.84451 15.82984 19.32637 18.16462 40.80879 0.0 20.48738 30.09432 40.31369 22.72557 42.02583 34.59101 11.36545 0.0173 32.64267 8.87306 19.86469 16.45034 18.61177 41.00374 37.55619 11.69389 42.89116 11.15685 21.53767 9.22558 39.31702 41.84118 11.52495 25.59375 10.37973 17.2225 19.42092 38.08905 30.60838 22.3355 16.86568 15.07775 35.34945 17.97001 0.0 26.47639 0.0 9.79516 
1000.0 20.22621 29.91204 10.23307 0.0 18.57301 19.36349 23.61976 35.59077 32.67581 37.12988 23.96238 0.0 26.2119 10.05673 21.92942 13.80161 27.26611 41.51117 28.84034 0.02067 24.66035 24.19707 10.64721 15.32003 19.28744 35.43112 40.67189 29.35375 20.66972 35.21775 25.60112 21.68838 12.21712 29.21108 18.69399 26.19315 43.18137 42.48991 34.54517 31.49676 22.58114 40.37029 36.95198 9.65029 11.30965 24.33514 0.0 25.70278 0.0 28.79806 
1000.0 18.01799 35.28182 36.18846 0.0 34.01595 15.68398 12.10275 42.67192 26.61546 22.36188 18.68403 0.0 19.5277 30.16124 35.4607 24.15789 41.65774 27.99488 29.2679 0.01683 13.22324 25.87702 26.6943 27.99437 19.90434 9.61059 35.0186 37.3955 11.32216 25.29254 27.82845 31.72774 22.58285 29.05931 15.83614 15.91023 19.0253 11.22471 17.65811 25.39409 41.97632 9.9846 26.6913 32.05008 28.62662 27.83307 0.0 14.6135 0.0 15.22364 
1000.0 10.83024 9.06172 27.64229 0.0 14.99607 39.71067 12.78921 39.35017 42.86284 32.65832 34.24767 0.0 33.05906 19.60353 26.7416 31.46774 42.68312 15.33402 17.45649 0.03357 38.50307 41.19897 18.69226 21.40101 23.29812 40.7222 11.08895 17.29117 37.90926 30.00204 41.81964 31.86967 37.44863 26.17371 23.57077 39.79841 41.00056 22.17498 35.42656 36.64765 43.18337 18.16016 30.75184 33.47369 36.71036 14.84233 0.0 24.55252 0.0 41.78321 
1000.0 10.9686 14.87759 9.72395 0.0 14.68435 23.91238 16.30291 33.64161 43.13777 13.78699 21.07839 0.0 32.42569 36.47767 39.237 39.12075 23.09244 30.02469 35.36463 0.04022 39.81516 40.76713 20.32132 40.66167 19.7146 37.83867 41.24396 16.75848 41.29273 42.29481 37.30259 21.01641 23.0267 24.64325 9.4192 9.0421 23.78115 31.54269 13.35641 29.12691 26.22906 31.31401 29.12785 14.85295 21.24405 19.70034 0.0 9.97409 0.0 13.5449 
1000.0 39.61036 13.77978 20.26611 0.0 37.45288 18.3141 32.73243 39.11399 37.53664 26.40436 41.77789 0.0 38.67548 33.60339 29.95728 36.09991 16.78494 14.5045 38.05972 0.01487 12.24817 33.97948 15.70492 35.54802 41.48511 35.49762 30.50704 21.29159 30.11859 29.72672 30.91277 14.48996 21.92703 41.02621 19.09576 37.31892 14.18594 22.18969 26.81685 36.42973 20.83151 30.94884 28.69642 14.84708 41.46785 26.55222 0.0 38.64122 0.0 29.27659 
1000.0 37.10425 11.95323 33.44842 0.0 29.99451 21.79183 36.39914 11.09249 35.24757 26.60623 14.47739 0.0 27.10305 39.31871 20.35947 18.11302 14.34127 28.96497 12.72878 0.03007 39.09749 16.94121 40.01799 21.25644 32.96307 34.24974 40.87034 29.52394 42.0125 31.79878 12.05908 25.40549 17.65502 20.15728 15.76547 33.95883 26.32107 43.09127 30.62023 11.25148 26.28055 12.88071 31.69646 12.60515 36.95862 15.16735 0.0 33.50641 0.0 10.06971 
1000.0 0.0 0.0 0.0 42.67119 0.0 0.0 0.0 0.0 0.0 0.0 0.0 12.90343 0.0 0.0 0.0 0.0 0.0 0.0 0.0 0.0 0.0 0.0 0.0 0.0 0.0 0.0 0.0 0.0 0.0 0.0 0.0 0.0 0.0 0.0 0.0 0.0 0.0 0.0 0.0 0.0 0.0 0.0 0.0 0.0 0.0 0.0 10.13528 0.0 10.46841 0.0 
1000.0 9.57554 23.55388 37.13277 0.0 24.9704 19.20266 18.31191 42.01355 41.87668 17.59029 16.16364 0.0 12.9583 31.68535 34.78613 22.31615 43.18024 19.89609 12.32369 0.02565 21.22314 15.5227 40.62368 14.57514 42.42791 33.59902 30.65142 25.20637 26.4067 41.71197 9.9803 8.72299 14.3051 10.36888 34.92642 8.84526 16.8926 22.52689 21.0138 20.59993 21.62035 39.1356 14.12809 35.0955 13.49172 18.41551 0.0 19.11982 0.0 27.34093 
1000.0 13.66271 36.70715 18.08655 0.0 39.92704 39.02633 13.25591 31.53586 33.94541 10.25949 31.34369 0.0 41.75523 23.85939 25.42309 40.13599 17.03047 39.79657 37.6841 0.0171 32.42425 21.82532 39.47233 36.02475 18.18047 40.17459 9.4375 31.08925 27.09045 15.04613 40.77208 41.38679 40.56226 27.6151 21.29767 33.22427 30.07685 22.80341 30.2081 30.32626 33.91261 27.01952 29.84646 34.1046 17.63498 25.96455 0.0 43.14127 0.0 29.98592 
1000.0 33.55141 26.12102 18.62946 0.0 23.78379 41.18053 36.48163 9.6203 24.09606 38.23788 41.36584 0.0 25.33008 41.8695 12.73722 18.19652 41.58646 30.06376 8.79737 0.03549 40.93901 9.4349 33.52076 9.78555 27.57054 31.42556 8.99589 26.12237 20.87934 18.91553 40.40693 37.02583 28.15876 14.75556 29.64336 39.43098 13.64421 34.87342 21.84079 16.30925 27.75965 27.54537 12.21583 41.98962 20.14319 39.42019 0.0 19.1115 0.0 40.43024 
1000.0 11.52146 17.05472 20.85401 0.0 20.68667 24.26953 10.94985 28.90627 40.1206 17.5434 34.31226 0.0 38.22921 12.22507 38.35821 22.13831 42.91652 22.96831 24.50844 0.01399 30.86004 9.80816 27.62406 27.13017 11.89749 13.45904 36.21691 37.88619 17.68425 37.69992 16.99713 24.3459 36.34612 13.36469 33.09227 13.07081 43.19101 21.17945 34.11272 15.93523 27.27954 28.29474 26.82729 16.47478 23.29363 14.90608 0.0 34.0513 0.0 30.5975 
1000.0 9.64716 26.17467 21.58294 0.0 36.04544 32.8012 20.90325 9.29462 22.52259 12.38444 19.68709 0.0 26.14619 17.01872 19.9741 14.46062 18.81745 29.31037 22.14706 0.03251 24.86335 40.57224 25.30728 33.20374 41.67002 13.16631 19.0868 16.89183 35.48559 23.51659 12.12438 22.86338 21.66242 13.95596 22.18039 28.62637 24.61356 25.79427 21.22658 32.71633 18.68811 39.65431 35.15406 22.50611 34.73801 32.90799 0.0 8.9641 0.0 16.29151 
1000.0 20.76807 31.47416 11.11652 0.0 24.66057 29.77174 35.24675 34.25795 35.28533 15.70331 30.13173 0.0 35.43859 22.78354 32.56595 23.68345 14.82623 20.52922 9.45808 0.03167 33.15714 13.1357 39.09821 10.97405 31.04954 33.55228 26.36569 28.385 30.40655 33.77773 31.91769 11.58288 15.60016 29.34488 9.55675 32.59132 36.24008 13.19389 9.61158 33.68405 35.76038 43.1965 19.21908 40.1069 24.80987 32.1553 0.0 17.97169 0.0 40.63723 
1000.0 10.22434 24.02059 13.21855 0.0 26.77996 30.13175 27.06804 14.96106 31.16229 12.87735 24.17272 0.0 31.578 17.48931 42.02104 33.91001 29.96518 23.46113 26.31609 0.03984 35.82489 37.23063 39.48417 8.70137 15.33196 34.88176 41.77691 15.92421 39.82912 10.79335 24.81806 39.72941 34.52647 37.07506 11.63408 30.56316 16.92108 42.39109 9.32549 24.15851 24.63708 9.92142 27.80164 17.26753 34.18458 22.96283 0.0 29.44433 0.0 29.29971 
1000.0 0.09995 0.09162 0.13774 0.0 0.0694 0.18101 0.14451 0.09477 0.07618 0.09601 0.14968 0.0 0.15584 0.14861 0.08221 0.05875 0.05269 0.15536 0.12775 24.0284 0.07239 0.18062 0.17597 0.10751 0.0708 0.13423 0.10281 0.10433 0.04843 0.15924 0.0853 0.17254 0.05703 0.14817 0.06856 0.15235 0.17654 0.04441 0.17274 0.09306 0.1606 0.04344 0.0674 0.16792 0.04332 0.17675 0.0 0.16833 0.0 0.12599 
1000.0 38.92308 31.34976 32.53007 0.0 39.7487 19.28499 8.69724 29.89683 40.78082 37.63828 10.24367 0.0 24.74156 38.8915 9.98214 42.54037 18.00605 38.09419 20.36769 0.02258 9.2182 35.58089 28.98811 8.73949 33.32313 29.42852 9.34924 9.94935 29.94647 13.87673 11.78071 24.71142 33.63987 42.47956 36.49662 23.84001 12.31662 21.04141 11.89722 40.51273 10.20337 21.22304 35.75665 13.03037 13.17003 13.45817 0.0 29.54177 0.0 35.01065 
1000.0 40.70462 31.93743 32.46499 0.0 24.11962 34.10706 13.14725 33.07727 20.99816 19.51979 37.24363 0.0 37.73376 24.32859 30.39522 26.15615 40.62511 34.80068 23.52856 0.04053 37.88911 26.01062 40.53249 34.33697 25.8612 16.33602 35.85023 41.71898 23.09553 39.14202 28.80046 17.64419 39.28689 14.11945 8.91904 33.2863 34.16654 18.05366 9.49288 18.70302 29.81728 19.55973 11.34376 18.22603 31.94596 29.87879 0.0 31.17125 0.0 31.98904 
1000.0 13.21054 27.47705 27.03591 0.0 16.43863 18.89737 21.33194 22.13565 12.02389 36.70524 13.35124 0.0 22.99743 26.02513 12.14282 17.00784 25.05736 29.04665 24.18945 0.01788 11.72553 26.31051 42.73775 36.06409 42.47829 18.5308 20.63385 30.55261 39.66905 12.29686 12.80911 9.63573 12.47722 37.06568 40.68616 30.01965 19.62034 29.54195 25.7562 16.51066 35.4902 19.8944 28.07829 21.07037 32.02435 10.76833 0.0 14.59057 0.0 42.1929 
1000.0 12.61395 36.41393 35.63781 0.0 12.99231 13.50142 12.71961 18.9891 36.41175 40.38643 8.77077 0.0 36.62316 35.14985 8.86734 22.4616 14.62877 39.21543 40.55534 0.03431 12.31978 26.5606 30.77256 25.16433 40.11861 26.01674 33.42153 34.25015 26.02722 22.54094 36.13967 20.4122 8.89037 12.78456 8.93571 31.78203 22.57625 26.12539 15.32481 20.726 15.99762 41.78507 41.90405 38.51586 40.93167 27.30854 0.0 20.8719 0.0 42.02318 
1000.0 25.65014 31.47708 42.65745 0.0 36.34592 37.31613 22.52365 41.33379 20.01045 12.8283 40.58582 0.0 38.75347 16.60033 10.17443 38.9318 32.36389 23.26101 35.5412 0.01613 37.0808 16.21496 28.46505 23.50057 39.53986 19.41132 39.84825 19.38309 15.66642 21.13084 22.65588 18.4933 39.81949 16.62255 23.92837 21.02108 21.68224 13.80167 39.67158 24.64431 20.56477 37.48079 13.41425 36.01876 14.09533 30.01427 0.0 38.34797 0.0 19.2568 
1000.0 15.72936 39.27515 11.82656 0.0 22.55474 28.23468 28.47331 34.59794 43.09128 26.28094 17.99121 0.0 38.63015 33.3931 10.96218 42.72529 26.81848 21.5818 14.82921 0.02474 13.25886 19.75793 18.59418 29.86332 36.4721 22.70092 27.50702 39.99552 11.09848 20.99722 34.68302 22.13207 8.93215 34.8589 29.94459 17.43005 22.41134 9.71684 18.28681 19.87889 14.21039 24.94144 39.49391 21.93572 36.52487 39.94017 0.0 40.6032 0.0 30.03567 
1000.0 30.59212 21.32057 43.11349 0.0 40.28627 28.47173 19.73939 27.96282 43.04397 16.57757 35.19444 0.0 27.98619 34.40903 38.3653 34.86051 21.16867 33.74683 42.21041 0.01396 39.56899 22.58114 13.95069 26.53647 27.44443 9.16515 13.83911 31.22585 32.37657 10.45994 23.15626 32.1802 38.53847 41.08672 12.43247 22.60715 42.39392 16.23333 8.69534 19.15341 22.92189 13.43922 33.23811 20.70737 12.49825 26.01702 0.0 38.54389 0.0 13.71402 
1000.0 35.73508 23.18683 31.84025 0.0 32.4854 32.58621 18.45805 41.34663 13.88237 43.16165 32.08447 0.0 21.05176 19.78476 39.08917 19.53143 24.00243 38.6766 17.19643 0.01074 40.11225 39.19692 10.04727 14.16838 19.59713 38.11429 25.44683 13.78712 11.03712 32.34663 34.04533 41.63501 10.60946 8.93436 9.56925 42.45243 13.07242 34.44697 14.06381 15.48929 37.55855 27.30187 33.5019 42.661 33.26431 10.80672 0.0 14.59183 0.0 36.99926 
1000.0 15.07926 26.46739 29.67209 0.0 42.05296 8.88469 40.33745 18.81155 38.67005 25.38298 34.25049 0.0 9.6978 24.18149 22.1062 13.99923 11.56314 39.73713 33.7359 0.02475 35.60947 18.29393 40.86183 37.1333 36.74357 32.04842 31.35023 18.1166 11.15232 33.87013 14.09714 33.70044 19.05891 13.58068 22.35599 27.00268 25.56167 18.92526 18.58248 41.10764 40.03428 30.39762 23.49032 36.34264 29.71724 32.40957 0.0 12.67431 0.0 29.40716 
1000.0 11.14673 19.85763 14.79312 0.0 38.19806 23.13818 16.62086 39.20805 18.0917 15.77081 22.64434 0.0 41.40422 29.87482 26.80241 32.74696 42.34765 38.93022 22.54606 0.02253 24.10234 29.77498 10.17039 14.65674 16.96151 24.9393 13.03005 35.66299 38.34454 19.96354 11.18184 35.60013 32.8267 32.08998 30.79702 30.55273 32.01386 27.42236 35.66225 33.2374 16.9348 26.13779 39.81486 16.08656 28.28214 20.88198 0.0 40.56704 0.0 15.49857 
1000.0 39.80168 32.86991 21.09541 0.0 35.1548 9.33201 25.34292 11.53196 23.23229 13.73661 21.20767 0.0 32.88419 8.78305 34.97216 34.76059 26.30046 32.66808 23.5674 0.03965 11.36034 13.6355 36.52064 24.25631 22.30416 11.15936 39.69955 29.07751 34.19281 18.18599 22.2 33.40897 24.91067 27.3594 38.31293 10.57552 33.84919 30.32272 27.51043 14.91267 36.88214 39.72233 41.2886 19.66035 36.65181 29.01222 0.0 16.18374 0.0 27.38407 
1000.0 23.57376 12.41858 11.47389 0.0 10.59178 20.41466 10.83203 28.83497 26.63395 11.06892 13.31883 0.0 39.0798 26.2061 38.58685 31.09196 21.13082 12.76424 36.97713 0.0435 28.00367 14.17938 27.83476 22.90736 41.9396 34.40183 36.46897 16.30456 41.39421 33.01528 32.61339 23.71893 18.51238 27.25761 39.47944 32.10429 9.55325 31.38418 34.84695 42.45331 12.86908 10.8312 17.85856 14.18669 21.37163 28.06913 0.0 28.96571 0.0 42.60101 
1000.0 28.08425 39.87092 29.36546 0.0 19.33323 42.647 18.33134 31.74619 33.98117 18.30573 29.67892 0.0 20.35166 39.88495 22.37048 31.52564 21.14973 16.03575 41.38145 0.03069 39.67187 37.54406 24.72841 20.29755 33.24832 17.53549 32.31439 41.92593 15.0535 35.82154 27.09597 42.08689 29.41544 24.90126 38.69586 29.75403 22.24481 33.49503 34.38025 30.47188 40.24184 28.83953 16.1409 20.90626 14.74711 22.37011 0.0 24.00897 0.0 19.47574 
1000.0 14.23175 30.73395 11.56474 0.0 20.2418 42.6293 42.97929 34.38105 18.87281 23.83136 26.73964 0.0 11.30497 31.76807 33.45894 32.83805 11.79626 9.05813 26.98092 0.02995 40.46643 39.69071 27.12779 38.87909 37.71289 22.87028 22.53081 17.28724 35.54415 40.90642 37.5914 32.90544 37.50348 37.11824 19.94441 33.29114 13.35975 42.45552 22.32816 21.2087 21.10718 24.10141 39.64058 8.64396 18.01541 14.98331 0.0 34.62718 0.0 11.78226 
1000.0 39.52035 40.16596 31.59981 0.0 16.85435 18.966 22.94163 15.30577 16.71869 22.76222 30.65717 0.0 39.27243 36.53802 17.03788 15.5434 14.7022 34.82512 18.96567 0.02191 11.682 22.73808 15.85975 13.71218 32.99613 18.75967 14.8915 36.98199 16.07607 28.2851 39.16084 43.03272 18.11786 18.25285 31.29692 18.02488 24.70798 41.71215 24.52824 29.20822 37.91796 35.41718 34.01329 18.2552 17.98467 32.82858 0.0 35.18546 0.0 24.1688 
1000.0 41.65649 37.80005 35.86573 0.0 40.37588 23.9956 40.71212 39.38793 38.95516 28.61635 21.58923 0.0 9.5029 29.36461 41.88093 29.50901 14.92813 36.91862 38.30749 0.03734 9.74173 16.30188 42.65537 23.73498 36.13974 32.395 42.24337 23.8031 25.62418 15.88683 23.79658 26.91903 29.42819 21.66342 38.78827 13.34481 21.47156 36.67755 35.38114 10.33691 26.08351 11.181 36.14692 21.13037 30.76317 29.43258 0.0 18.16985 0.0 27.36374 
1000.0 30.56958 37.44303 25.46469 0.0 33.37873 18.45077 35.03596 9.06413 37.01877 17.39106 40.54171 0.0 37.42252 33.92275 28.37652 10.39712 21.55605 21.01958 20.59871 0.02344 40.2264 20.56136 22.23583 39.87925 27.34596 11.6242 10.64904 39.68799 23.3172 21.95371 43.1192 29.25418 28.23032 17.85928 33.63213 40.97784 34.0291 21.55847 12.86398 22.51327 15.00399 24.21734 20.34089 35.30116 35.2479 36.25701 0.0 13.29746 0.0 33.02225 
1000.0 11.51769 32.51764 31.67581 0.0 23.16387 20.06524 40.27593 30.74374 36.72099 28.79665 14.95115 0.0 17.95608 27.22601 42.86113 9.96604 28.58802 30.76631 29.9383 0.04327 31.04433 17.36929 9.17598 37.55135 24.03113 31.43056 25.37838 36.17212 20.54527 19.17692 12.93568 40.26533 38.0752 19.57211 22.79652 22.30575 20.68084 16.58662 31.20727 22.55658 29.94002 28.25713 12.95224 42.21902 31.00221 21.18725 0.0 26.7814 0.0 28.99373 
1000.0 35.0893 14.05769 41.03434 0.0 34.55712 38.79002 35.53966 38.37521 33.62706 28.28234 24.61556 0.0 20.64833 29.16045 32.00857 13.16368 17.07701 9.18853 35.15997 0.0332 37.28791 10.85755 13.88266 40.00118 18.24982 40.34578 29.59684 33.80807 21.17784 24.08479 26.74646 9.60808 12.16928 14.59802 9.05865 22.11391 42.09972 16.06324 21.30091 32.62019 25.49502 35.35492 20.47976 33.97343 30.44502 28.44319 0.0 38.15812 0.0 23.44251 
1000.0 8.88855 29.44612 39.70518 0.0 24.57428 20.1909 34.66735 28.70519 25.45024 40.46486 26.70676 0.0 21.27726 31.45007 25.54986 36.30618 39.04382 37.92364 33.70567 0.00993 15.81799 35.43943 10.92721 24.12346 20.49628 39.82365 37.26504 32.97179 15.93135 19.68093 21.08735 28.18867 40.95733 15.74979 38.87584 8.67917 27.75755 43.0187 23.8447 21.04501 22.42281 24.67208 35.90281 18.25857 21.28407 12.60711 0.0 38.00186 0.0 22.39513 
1000.0 28.70551 19.0584 15.30044 0.0 10.65281 10.02045 39.90532 41.58412 14.63172 9.73839 11.03379 0.0 18.3605 40.28067 17.59282 19.12077 23.39549 26.40233 22.62884 0.02025 18.19108 40.77139 42.2666 16.81527 15.94597 31.83376 9.72216 29.06412 10.08827 32.42119 42.32678 42.9551 19.35867 22.51848 12.72035 39.6214 37.02153 9.56052 26.16824 38.53334 10.34776 39.43269 25.70181 11.79434 19.72492 32.37363 0.0 9.15012 0.0 23.23431 
1000.0 34.5998 20.45168 28.19441 0.0 27.5998 40.00895 31.03219 39.94159 21.47058 18.62907 18.27846 0.0 29.28502 27.34114 37.78543 26.89264 33.45697 21.27237 18.9431 0.01235 25.85874 26.8576 30.18016 37.64299 15.58124 37.0727 11.58618 19.10401 34.06301 22.61211 26.88271 36.45199 25.90961 12.63954 15.99642 23.00862 16.26928 37.68804 39.84468 25.15151 38.30726 33.78347 36.86139 12.45265 19.16411 16.53733 0.0 26.96511 0.0 18.63421 
1000.0 19.21625 20.20702 34.6411 0.0 14.85885 33.86749 36.83204 22.82958 15.36731 30.10538 40.49818 0.0 40.69594 12.44852 28.76784 28.96983 9.52162 18.19436 31.3626 0.02569 22.15969 20.19298 10.54958 19.59245 23.14592 26.58483 25.09899 25.10817 30.05223 21.6279 37.80027 18.09995 40.67066 18.64653 21.67809 39.93089 38.64426 36.56851 11.13942 23.51857 37.21624 19.95391 12.74037 23.71001 23.54396 18.58185 0.0 30.32392 0.0 23.49749 
1000.0 21.16441 17.25686 30.51888 0.0 33.92518 11.73355 10.2051 25.5241 37.12138 22.85037 39.01357 0.0 29.23427 20.90604 32.89474 25.68818 13.91373 14.25398 11.073 0.04175 40.8797 17.74091 34.94253 23.33659 19.2061 42.50457 8.83074 10.48416 29.27611 14.36403 23.24416 32.29631 42.77474 36.85073 22.62761 22.72752 32.88807 27.96744 39.88135 28.61826 26.02639 21.58848 11.26224 32.30924 35.66451 25.88092 0.0 23.49402 0.0 31.49149 
1000.0 34.21743 19.52653 30.08358 0.0 35.74346 14.44768 17.74163 18.67629 39.57353 20.30822 15.36244 0.0 35.95189 31.22514 40.18354 35.24145 8.96466 21.008 15.33742 0.01651 9.15368 33.53129 40.82756 9.32496 38.19807 39.65897 9.93275 13.0728 35.72285 14.70453 38.44304 42.95642 16.19637 41.97752 12.09213 37.12698 15.82926 42.1907 41.03175 13.68132 9.50593 11.02935 21.87001 33.10254 34.58164 16.87993 0.0 28.8656 0.0 15.6224 
1000.0 18.03294 22.26297 32.44916 0.0 37.09484 14.79183 35.1237 37.51116 11.49809 28.54877 12.93133 0.0 11.09832 16.75449 20.41557 27.53296 35.33462 30.22011 31.34274 0.02815 31.32799 14.70486 29.9395 31.1744 35.5826 27.87089 22.58716 16.60262 26.55621 22.63929 23.03024 32.18863 31.37621 13.50348 17.43765 40.51341 34.04575 20.88102 26.19065 14.13915 31.42987 22.13293 39.85609 32.76076 22.59686 35.80338 0.0 10.76462 0.0 25.89932 
1000.0 0.0 0.0 0.0 31.47595 0.0 0.0 0.0 0.0 0.0 0.0 0.0 17.0 0.0 0.0 0.0 0.0 0.0 0.0 0.0 0.0 0.0 0.0 0.0 0.0 0.0 0.0 0.0 0.0 0.0 0.0 0.0 0.0 0.0 0.0 0.0 0.0 0.0 0.0 0.0 0.0 0.0 0.0 0.0 0.0 0.0 0.0 34.01526 0.0 9.01996 0.0 
1000.0 41.28876 29.34759 9.79725 0.0 23.85557 24.37092 26.42446 19.80108 27.55637 14.92457 26.0369 0.0 12.0064 19.2179 22.16724 20.75393 39.29814 15.00668 14.76695 0.04083 36.66822 35.42962 30.51177 10.18493 34.25178 28.36908 41.05319 15.87554 37.74152 37.08873 32.10657 15.99661 27.03718 32.93615 37.56845 39.13654 27.16323 27.97985 32.48258 25.01384 22.97577 33.66108 22.50508 18.19559 24.17427 38.00729 0.0 34.64299 0.0 9.87224 
1000.0 0.0 0.0 0.0 29.92684 0.0 0.0 0.0 0.0 0.0 0.0 0.0 37.8541 0.0 0.0 0.0 0.0 0.0 0.0 0.0 0.0 0.0 0.0 0.0 0.0 0.0 0.0 0.0 0.0 0.0 0.0 0.0 0.0 0.0 0.0 0.0 0.0 0.0 0.0 0.0 0.0 0.0 0.0 0.0 0.0 0.0 0.0 35.77403 0.0 21.23056 0.0 
1000.0 28.43017 35.96892 11.19549 0.0 36.30889 14.92169 23.72167 10.04554 12.35618 35.60876 25.39864 0.0 17.15123 34.21782 24.60909 19.35649 12.32338 16.9501 10.54914 0.0193 9.04479 38.80623 19.14942 9.6439 30.99079 15.11819 30.07711 9.85753 18.88406 20.38174 14.10048 30.93952 33.42962 36.93367 24.2634 25.3172 36.85349 20.88168 16.35223 20.86505 26.39869 39.57039 42.20205 34.85518 19.54553 42.0807 0.0 9.12114 0.0 17.8403 
