1000.0 1000.0 1000.0 1000.0 1000.0 1000.0 1000.0 1000.0 1000.0 1000.0 1000.0 1000.0 1000.0 1000.0 1000.0 1000.0 1000.0 1000.0 1000.0 1000.0 1000.0 1000.0 1000.0 1000.0 1000.0 1000.0 1000.0 1000.0 1000.0 1000.0 1000.0 1000.0 1000.0 1000.0 1000.0 1000.0 1000.0 1000.0 1000.0 1000.0 1000.0 1000.0 1000.0 1000.0 1000.0 1000.0 1000.0 1000.0 1000.0 1000.0 1000.0 
1000.0 31.07835 30.94899 16.66563 0.0 19.42729 10.41788 27.42069 12.47103 20.38545 10.72568 38.35114 0.0 22.52204 9.51706 18.21546 28.84802 12.43319 20.22319 21.91598 0.01432 31.41963 19.4374 28.09682 32.60399 16.9266 15.11295 18.62741 30.84069 15.37129 20.81421 35.5951 8.81508 18.90024 27.23457 39.26402 28.01194 22.15191 27.9257 28.14784 32.89317 21.53371 20.30524 10.44618 18.0402 26.96519 23.41758 0.0 38.7658 0.0 26.61564 
1000.0 39.35797 14.18728 15.95892 0.0 15.67982 20.80704 20.75403 29.59417 16.93479 38.52827 22.15299 0.0 35.89567 10.9982 24.04502 12.78896 11.05294 30.50521 15.71615 0.03425 14.7151 33.02038 8.68985 35.45506 17.93411 12.15323 20.34298 15.71582 15.61121 24.02994 10.9424 25.11259 26.09372 17.89605 34.65797 31.09241 36.12281 35.64055 27.77055 33.21163 19.49161 31.96964 21.23644 29.2177 27.21734 13.45508 0.0 25.87362 0.0 37.3209 
1000.0 10.65534 31.15782 26.23938 0.0 31.237 31.4775 29.35264 37.86335 9.19667 11.95885 35.42572 0.0 20.70374 36.08377 25.4842 10.39103 37.29047 14.99861 37.55 0.01873 38.43981 29.32198 9.88107 32.09572 21.97815 18.08621 29.6793 14.14956 24.26685 14.26605 25.9921 30.23752 19.06247 16.33494 14.50164 14.06568 32.49564 19.66857 28.75854 26.64787 35.72648 30.70495 12.03933 37.98635 20.40328 21.00494 0.0 35.08101 0.0 37.73974 
1000.0 0.0 0.0 0.0 22.51133 0.0 0.0 0.0 0.0 0.0 0.0 0.0 21.7915 0.0 0.0 0.0 0.0 0.0 0.0 0.0 0.0 0.0 0.0 0.0 0.0 0.0 0.0 0.0 0.0 0.0 0.0 0.0 0.0 0.0 0.0 0.0 0.0 0.0 0.0 0.0 0.0 0.0 0.0 0.0 0.0 0.0 0.0 33.6374 0.0 33.81102 0.0 
1000.0 29.50098 29.79984 11.02058 0.0 16.81644 20.02929 19.24138 16.4136 32.52371 12.67983 35.25825 0.0 39.04914 26.28716 19.9494 18.69303 39.16051 13.07326 16.96649 0.04135 26.0359 39.18374 14.66758 10.96251 36.73395 21.34183 37.93511 23.06654 28.34483 11.25397 9.4178 33.46989 8.97832 21.32867 24.17198 20.6283 12.68154 9.96242 26.59983 21.79499 13.9343 34.01287 39.15027 28.3235 32.75113 21.92038 0.0 7.98281 0.0 25.35704 
1000.0 21.32888 9.14437 17.41631 0.0 18.05511 25.52969 38.49577 24.84292 10.57482 26.0958 23.14101 0.0 29.97171 25.99144 32.26947 17.71739 36.45376 13.33121 34.22236 0.03332 24.67043 29.52706 37.65064 32.16043 18.46846 26.80287 16.63049 16.37935 37.9354 33.91836 14.42427 27.09006 27.63133 36.75499 36.1795 20.50012 34.32427 28.94592 9.61557 20.95751 30.26893 20.18635 15.58192 33.61268 30.87997 29.68343 0.0 24.13257 0.0 22.26722 
1000.0 37.46742 12.37823 31.67044 0.0 35.53268 16.48912 31.69631 38.00215 9.81635 10.84279 36.42854 0.0 19.64034 30.25358 26.55343 22.87564 9.29379 31.75568 19.00933 0.01221 21.44542 25.60667 18.98652 25.16657 28.34075 30.86998 23.00226 19.99737 11.05306 16.98782 35.11413 18.40777 30.45343 11.93613 38.45487 18.6097 9.30049 28.70818 12.20031 20.74986 9.53254 21.05049 30.32209 15.62829 30.41298 15.82762 0.0 8.00784 0.0 28.35844 
1000.0 36.29547 24.29728 26.47824 0.0 38.49845 25.09547 17.79417 13.58026 38.60266 12.75982 29.44212 0.0 18.50842 37.85876 29.06507 11.06084 20.01495 13.01081 34.34998 0.03591 25.00528 35.50968 16.30482 22.45595 15.65605 28.41773 29.05708 10.96322 32.761 26.47998 24.40632 38.94231 12.88335 33.15702 39.23245 28.60594 21.87645 15.45592 33.7316 20.85652 36.54742 13.14929 27.1777 25.48497 22.44686 19.23273 0.0 20.28228 0.0 21.27631 
1000.0 22.86682 26.89057 16.30578 0.0 17.12017 37.42831 12.9886 29.53087 34.34399 17.58033 22.13344 0.0 32.68397 16.07546 13.95117 8.4972 26.18746 24.16032 15.04485 0.02105 23.90112 23.25686 21.55226 14.45156 27.52928 37.99138 35.78186 18.86909 15.33905 12.93057 31.21742 37.2043 29.45728 22.04319 18.19829 10.47944 37.75457 24.14057 27.68563 38.89036 14.20512 16.54312 9.16583 18.32268 18.89785 11.49612 0.0 30.73732 0.0 31.44621 
1000.0 26.5087 35.49399 22.72783 0.0 27.70686 28.2132 38.8312 17.57108 26.14129 31.66529 39.41634 0.0 8.73969 26.03834 20.33492 10.43524 16.66788 23.522 29.10588 0.03144 22.54573 22.5951 13.36084 10.37261 13.21319 14.64565 27.80791 8.93201 21.93915 15.31775 12.35539 31.38893 39.03238 33.36852 20.69788 35.13474 22.19737 38.26008 36.48913 27.16537 10.02144 15.46686 19.87426 37.91015 21.8488 10.28002 0.0 29.06421 0.0 34.67392 
1000.0 9.53026 20.83399 10.24635 0.0 38.13029 15.05714 8.5182 8.98058 16.18405 30.24698 8.4738 0.0 36.13496 21.09001 17.74111 36.31174 31.43694 8.07599 13.57801 0.02037 34.67897 26.20522 36.1253 9.99495 27.06397 25.28493 33.70082 33.03915 24.25686 20.26734 36.22876 18.8373 30.84382 20.83418 17.30513 16.63836 27.58609 15.30749 25.86738 9.1867 30.03371 9.82063 21.60491 16.67774 25.06735 31.55193 0.0 9.02184 0.0 38.15572 
1000.0 0.0 0.0 0.0 37.97486 0.0 0.0 0.0 0.0 0.0 0.0 0.0 19.5344 0.0 0.0 0.0 0.0 0.0 0.0 0.0 0.0 0.0 0.0 0.0 0.0 0.0 0.0 0.0 0.0 0.0 0.0 0.0 0.0 0.0 0.0 0.0 0.0 0.0 0.0 0.0 0.0 0.0 0.0 0.0 0.0 0.0 0.0 16.66304 0.0 36.38176 0.0 
1000.0 14.89842 37.77915 17.86021 0.0 35.1342 18.24317 28.00901 34.90791 11.55496 26.43366 25.66639 0.0 23.63608 38.38414 18.24677 10.2986 36.12091 10.55109 18.69652 0.01219 10.09365 19.17145 17.45115 19.52669 22.29906 9.24203 39.28461 35.75729 12.98177 15.9803 29.69191 25.75831 13.34229 17.6342 20.01011 9.62446 10.20246 23.32744 8.46537 23.7464 20.85173 17.76485 13.97774 28.7521 22.4007 38.24337 0.0 20.03082 0.0 32.70852 
1000.0 13.4116 31.11785 8.34067 0.0 34.07409 33.96263 30.31861 14.13235 23.73455 26.59401 11.61638 0.0 25.12011 20.04598 14.52323 36.47144 20.91065 35.76012 8.59252 0.03876 18.43469 33.3215 37.11407 14.81802 36.76576 15.8009 30.34129 37.73545 27.72312 20.72828 11.37104 13.68 32.70671 8.76727 9.0454 26.47179 16.63703 15.34198 31.19888 18.53156 25.64904 18.50455 14.12859 26.64875 9.1051 25.64022 0.0 35.99271 0.0 38.29869 
1000.0 27.32548 30.82666 36.14729 0.0 33.41528 31.19782 13.55783 10.21369 37.4069 38.94622 38.53176 0.0 36.71154 30.25148 20.30131 27.91065 14.05212 39.20029 17.57287 0.02696 26.21705 8.00944 23.70933 37.44538 9.78057 16.28886 39.06396 9.19435 37.29883 29.43173 12.60462 34.37998 38.1324 29.28792 19.98272 37.82984 26.9669 36.73273 36.00643 21.69628 24.07198 33.51073 37.37795 33.48521 36.49917 12.17266 0.0 9.21171 0.0 27.50444 
1000.0 16.68376 14.49647 15.42997 0.0 8.97088 17.58352 28.63568 20.41051 35.96432 22.81011 37.24434 0.0 33.85852 21.65416 27.94133 30.73694 11.48684 32.99209 13.92619 0.03427 38.90221 22.10679 17.43997 26.63391 18.00921 33.99343 29.02031 11.60372 34.24442 24.31288 25.94006 19.61989 36.9348 38.00395 21.02697 24.74505 18.94224 11.44961 25.29177 26.56551 22.99464 38.3026 36.67813 30.37963 23.18518 31.61396 0.0 29.52583 0.0 21.31228 
1000.0 9.26542 31.13187 22.4015 0.0 17.52789 20.50541 27.85163 34.55913 17.04349 20.49145 18.25681 0.0 8.20804 22.33535 26.39074 16.89868 27.43206 28.76117 34.66147 0.0325 30.18905 21.2015 21.07078 33.63247 18.30869 35.10475 28.42996 13.99229 23.98056 27.69232 27.17367 32.15575 21.62218 16.98039 37.75527 27.66917 22.00357 33.87534 28.02579 10.69362 9.04795 29.89025 15.29385 29.32699 17.68264 26.45125 0.0 20.05861 0.0 19.4397 
1000.0 18.1631 35.36163 9.87904 0.0 19.66298 9.06801 17.93265 16.30793 12.33951 39.42405 20.35551 0.0 12.2246 32.19631 36.81235 15.9717 13.12301 20.73307 22.47405 0.03829 33.34268 38.09107 36.10584 20.80677 30.95513 10.20921 23.2086 14.44809 36.45456 9.34648 27.36272 33.88563 25.07631 23.12964 15.70974 32.15234 33.00395 14.32361 24.41411 36.84054 33.50609 31.69652 19.18455 22.77176 11.58266 17.91941 0.0 21.64265 0.0 22.57459 
1000.0 14.73054 35.40729 39.36768 0.0 35.90676 33.55665 25.27658 22.66855 15.83504 24.84326 35.72403 0.0 35.49761 30.86882 34.74397 28.07064 11.0237 33.21591 37.74246 0.03418 25.64402 29.00391 19.77388 26.60694 38.33222 9.84716 27.1233 24.38935 20.86424 32.0559 13.10809 10.78899 36.87696 14.1916 30.65526 8.59677 17.00849 35.35888 14.08898 21.65472 8.99719 11.67949 30.16082 33.93025 16.57787 34.77386 0.0 19.18898 0.0 23.84987 
1000.0 0.08216 0.09434 0.16592 0.0 0.06599 0.11456 0.13796 0.17168 0.15092 0.05195 0.08679 0.0 0.11402 0.10688 0.10286 0.15172 0.15237 0.04176 0.12099 9.79727 0.06808 0.17685 0.14071 0.12488 0.04231 0.13389 0.06146 0.09498 0.13965 0.07278 0.0931 0.07406 0.11413 0.03912 0.04292 0.05517 0.14441 0.16252 0.10259 0.1394 0.16295 0.04173 0.09304 0.16466 0.14016 0.05718 0.0 0.09573 0.0 0.05194 
1000.0 26.58294 16.28407 32.82299 0.0 20.7493 30.67562 15.71428 39.40842 30.17823 29.11749 33.94949 0.0 12.05269 11.15301 36.70031 38.94724 27.89008 10.2347 31.26817 0.02884 12.53448 31.22158 13.97723 19.18357 30.98949 20.40606 10.38066 9.52439 13.25783 19.86541 34.80915 11.34746 9.01957 26.25056 10.32539 29.70291 28.19832 26.08318 17.43356 21.59557 21.51604 22.03497 37.13822 23.01255 36.16382 26.15755 0.0 35.82676 0.0 29.71016 
1000.0 25.75145 15.01278 24.71337 0.0 29.19565 37.08244 18.58945 32.62857 8.76799 9.63113 14.71584 0.0 20.41963 24.08627 12.90571 38.1389 23.0461 35.49571 14.79756 0.02742 22.69094 26.94585 18.25101 25.04048 27.32561 28.14435 36.76774 34.47848 14.93834 22.40664 38.78811 16.74537 27.5288 34.74623 20.81378 19.83501 23.16762 38.64305 8.08398 24.96703 33.66515 27.72865 33.43564 28.74195 38.15421 14.24322 0.0 32.00524 0.0 12.16502 
1000.0 15.51724 12.58791 24.43261 0.0 10.79694 26.99621 30.69659 26.17934 8.74145 15.86357 21.01746 0.0 18.99029 22.48145 8.39099 35.76121 11.98183 38.09402 27.56647 0.02593 17.68011 38.63139 25.50486 24.33941 9.32677 38.76765 34.07992 15.55672 20.85513 22.49066 12.45616 31.47015 15.81389 21.88648 29.88494 18.41508 32.1215 34.58374 17.73174 32.46132 14.00191 23.06048 21.46342 15.42431 14.06122 35.11586 0.0 8.60299 0.0 17.73472 
1000.0 8.39193 22.598 37.36315 0.0 27.24861 27.37177 31.30975 36.94303 17.07784 35.75784 38.62874 0.0 23.33416 15.92535 10.17223 17.90979 23.50607 14.99183 24.48515 0.02684 19.06611 17.18352 26.72218 38.66336 15.58156 12.95197 31.45019 36.66824 9.58182 26.95196 19.13121 13.70329 16.4188 17.15221 39.06779 29.29889 17.27816 29.72821 24.44771 33.53724 32.36925 16.28114 33.22316 22.76042 36.78157 9.61301 0.0 24.50555 0.0 24.17362 
1000.0 20.58828 31.50085 27.32103 0.0 17.8517 13.04697 14.12199 32.54784 21.22369 12.66565 37.91349 0.0 27.8726 27.39223 15.3049 36.31079 39.1941 8.17079 10.05567 0.01997 26.0584 36.37948 26.61865 33.98569 20.76724 8.67669 27.12835 19.62412 17.43789 25.82575 38.74417 33.49089 19.5593 20.90716 25.15874 9.17352 22.75217 29.36045 28.97796 22.60175 11.80651 20.51278 22.1731 10.73462 8.63154 13.93407 0.0 9.53223 0.0 19.20673 
1000.0 10.07486 31.74336 30.97667 0.0 28.67626 37.37176 27.7172 12.11187 24.79566 36.30927 20.22454 0.0 27.55139 24.28185 10.94645 26.17178 28.63056 29.57076 36.07014 0.01806 30.71971 23.5844 12.69573 10.43284 8.24081 17.5866 28.16325 13.09903 16.90313 24.87427 16.64414 25.63101 38.59116 19.24021 13.30711 10.33724 33.95745 36.84888 14.63018 29.59972 13.41011 26.40434 30.95796 18.79405 13.05443 26.07575 0.0 10.42943 0.0 30.5307 
1000.0 28.99506 38.94021 17.14643 0.0 27.01366 32.48129 36.71956 28.97005 24.25266 20.28174 23.32642 0.0 24.77147 30.95812 16.89416 35.97664 20.57262 26.40577 23.71792 0.02142 38.14775 17.2119 34.21885 22.53266 16.12506 26.57314 14.93298 23.37244 13.94998 14.417 18.83485 8.76202 33.31901 29.38392 15.41294 35.34425 9.74791 20.05977 10.08368 36.19005 32.05626 27.46347 8.55411 9.93493 24.59518 38.48412 0.0 12.49572 0.0 31.85066 
1000.0 11.68862 34.15822 13.58494 0.0 8.28552 35.79422 21.97315 22.52928 17.95154 31.16945 19.41162 0.0 22.80879 18.63313 8.31293 20.51676 31.59471 37.55573 19.34333 0.0394 16.87277 28.54502 15.77808 18.55457 9.91235 36.66766 19.63947 33.35413 27.00501 39.1221 11.78689 37.76465 21.20368 31.00928 24.93658 30.83808 20.92444 26.48397 26.21197 35.30035 16.97187 19.7997 23.99812 24.6553 23.78423 24.01383 0.0 16.07953 0.0 37.44092 
1000.0 36.82296 27.60513 20.37998 0.0 27.58429 28.1604 34.40928 9.33625 35.60891 11.06628 20.98554 0.0 32.01342 10.24264 18.66114 24.77946 27.12524 12.18338 12.448 0.01367 15.96164 29.6261 14.01021 26.21848 15.90454 36.51213 38.78164 22.87004 33.53023 37.09071 21.96259 36.25918 10.03848 18.15816 33.53833 21.73393 30.78582 27.35241 11.0904 19.39928 29.29812 28.08955 8.10025 22.82824 9.09487 15.61204 0.0 36.6831 0.0 27.00405 
1000.0 8.30259 8.47597 17.88099 0.0 8.85234 33.68026 29.63965 12.98028 29.67417 19.19986 34.8929 0.0 9.19754 35.45842 13.43217 28.54013 15.45439 23.37283 37.36011 0.02645 18.79544 27.52288 8.35801 30.27353 14.40387 32.41116 26.7277 13.66433 31.7352 14.77286 15.50134 21.36357 25.11657 31.46773 36.88952 14.76315 24.7806 39.3036 18.54974 11.04351 12.657 27.67051 35.22995 9.4541 30.98508 34.50149 0.0 12.87453 0.0 33.83883 
1000.0 13.12229 17.79594 31.92035 0.0 26.06053 30.38608 35.45984 14.2039 31.22504 8.0609 9.38905 0.0 27.57616 39.07256 23.59132 36.84016 35.11636 14.48745 27.71808 0.04078 32.334 30.13732 14.85111 24.89134 11.89177 21.46756 10.59865 10.01463 31.06504 25.08535 21.45434 28.49945 22.77982 12.56049 20.11962 19.60506 23.29479 39.31511 37.71662 20.43754 13.71451 19.5018 17.34299 25.60892 26.06034 38.56287 0.0 24.35088 0.0 20.32008 
1000.0 36.9423 19.95473 27.852 0.0 8.48188 14.35141 32.24888 38.48787 17.71668 26.49725 34.26441 0.0 30.18699 22.92382 16.73148 13.67033 33.27722 16.02844 26.76746 0.03646 26.9347 16.07633 23.28857 22.94258 9.6747 38.87563 34.0622 19.76181 16.91651 25.05044 35.01059 17.2519 30.25026 15.42541 23.05982 24.16417 26.16925 20.21691 35.1426 16.27054 18.64455 16.93403 20.4346 15.64246 35.72804 10.49372 0.0 35.51834 0.0 10.18164 
1000.0 18.57179 23.66463 32.87087 0.0 32.21391 32.47385 26.87928 39.22609 15.09847 30.93581 24.96926 0.0 12.70078 28.95598 14.69067 32.01468 33.58572 36.49258 23.60514 0.02634 18.62472 36.30377 25.62096 37.97963 11.26334 15.48716 12.47932 36.57513 15.81563 29.50901 13.48061 17.73947 14.11949 10.66623 13.19576 10.31389 39.22939 34.10691 25.14949 35.85353 19.57654 24.27761 19.68882 17.55005 36.15059 27.41331 0.0 25.60832 0.0 12.26304 
1000.0 10.34471 28.10557 29.37414 0.0 9.3475 38.85972 29.93897 11.61872 19.69262 25.06421 9.19267 0.0 37.13463 24.00405 31.87769 14.01966 37.92634 28.39071 18.69601 0.01225 29.52209 20.52995 11.58145 23.21975 35.87214 25.07145 35.54449 8.03805 14.48873 17.42702 29.40344 28.01897 8.80288 7.96635 24.21416 8.219 31.58957 18.13991 25.27247 10.58417 14.8352 28.87827 25.60788 22.74966 32.89933 8.83133 0.0 9.07343 0.0 9.26619 
1000.0 31.88392 37.84556 30.25227 0.0 11.70703 33.25389 26.78157 13.34022 29.91353 35.90981 19.60488 0.0 37.39374 15.69853 30.70108 37.62212 24.25018 15.40862 22.8931 0.02685 13.49687 35.09494 23.33462 19.46688 16.69755 16.77702 30.59154 29.77085 34.8955 32.6166 31.77336 17.81934 35.29006 22.70058 13.81132 24.92273 9.47612 24.83146 16.19404 25.46957 27.76807 22.93386 26.91173 9.18526 10.83928 10.78118 0.0 22.99198 0.0 21.86322 
1000.0 30.54129 38.92955 20.57936 0.0 27.59116 14.18948 28.57088 33.69452 34.6543 30.37156 26.8514 0.0 19.3964 36.25859 20.00647 29.47536 32.00881 15.2054 32.38155 0.01146 9.55721 26.55316 34.11447 13.04978 24.6546 19.19091 9.22119 39.23885 30.61003 17.94931 11.82479 23.45478 28.09532 15.9125 8.3933 13.59905 23.12071 39.22418 23.35937 30.00066 12.42197 20.97931 23.55294 23.63124 32.00565 37.7676 0.0 38.40169 0.0 26.8154 
1000.0 22.22345 34.06879 9.50665 0.0 38.90276 30.18463 34.03974 38.59068 14.30024 9.44035 37.97781 0.0 20.55298 18.21373 19.27101 13.62607 30.13677 12.10382 19.70452 0.03709 21.35062 37.63834 32.45425 28.80883 36.78694 15.48805 22.03782 31.45338 8.9885 24.52962 8.64151 20.87046 13.58158 31.37654 24.50957 37.96067 24.39412 31.91225 7.995 25.03932 38.31952 35.21778 25.46525 34.71301 17.45581 9.01758 0.0 30.60386 0.0 10.96064 
1000.0 36.36458 12.39371 29.18005 0.0 24.98635 28.54588 24.46223 16.50244 34.0037 25.20471 37.28166 0.0 26.67877 19.80575 33.27649 16.76633 17.82017 16.3446 33.14235 0.01329 32.70129 10.30015 36.68707 8.11694 9.3688 20.33392 9.22489 9.13306 16.08128 16.32686 9.67313 20.37638 29.20605 21.42764 12.16326 15.87797 27.35074 23.91662 12.59679 24.53193 12.54165 14.42526 11.7 28.49454 37.88477 34.24288 0.0 35.23202 0.0 18.64555 
1000.0 18.98886 27.48826 11.8484 0.0 13.88961 29.7104 28.09247 32.96606 26.80629 32.82421 8.63204 0.0 9.42786 24.36877 8.79077 27.04452 20.99634 28.83185 20.99356 0.01423 22.18394 18.06982 18.15246 13.04066 33.81583 13.39377 25.75351 34.53708 16.31012 24.33582 14.73691 38.20626 16.43797 19.768 9.20296 12.1968 27.2992 9.53946 33.37799 32.1299 33.27272 37.13304 20.28719 19.31246 13.00001 28.97068 0.0 22.81263 0.0 22.32185 
1000.0 23.18117 15.96195 20.41764 0.0 37.87352 20.97848 13.4774 13.64382 23.44692 24.80743 15.84807 0.0 38.1649 13.65513 23.13958 17.54783 18.40358 36.59566 32.79349 0.04354 39.23473 22.55295 19.07697 34.64917 15.80277 13.31617 32.79582 13.98925 30.21543 34.1387 12.48112 24.08592 23.80877 36.17542 22.70404 38.88186 29.57195 31.16589 38.95877 29.29543 28.2374 26.78446 39.25708 29.85663 34.21559 34.53176 0.0 37.33226 0.0 25.97203 
1000.0 29.67217 32.77376 20.5453 0.0 9.18751 16.64639 35.44273 9.17891 18.43853 35.71849 17.59238 0.0 15.4502 28.41253 14.8992 37.48711 25.01178 22.51924 37.9648 0.02172 17.58231 10.08508 27.24433 19.81085 11.46906 29.46255 38.41989 16.96017 18.05927 9.90947 34.19529 36.23925 29.22952 10.15062 9.19851 36.51946 11.81231 15.43622 20.55692 24.14201 18.49174 21.35837 23.89487 11.46245 8.15354 27.31505 0.0 9.25794 0.0 34.11594 
1000.0 25.26854 16.56385 16.37952 0.0 28.76778 31.36112 29.71629 14.83936 20.99378 35.09609 20.7244 0.0 37.73654 31.79941 24.05319 13.34935 19.59591 34.65991 38.11451 0.01586 22.83771 35.48469 20.3429 9.84816 8.59747 22.88014 35.65567 35.60422 14.17526 33.00051 19.3324 36.13903 39.15693 23.2072 33.83487 17.73713 20.96258 17.66113 8.34706 14.55316 25.11463 22.44183 11.10393 8.09884 38.6256 16.184 0.0 18.86476 0.0 18.12014 
1000.0 11.4448 23.30615 18.7604 0.0 25.14269 14.87226 9.29662 10.99812 23.29838 29.62626 12.36269 0.0 18.82689 9.24533 32.20557 29.92267 13.75743 8.38577 37.93882 0.03045 28.54917 16.72585 31.86168 15.35736 9.84584 31.5476 12.06096 16.36667 14.9468 23.82167 33.67858 26.31925 17.91922 24.6367 10.738 19.91147 28.3331 20.62771 20.27439 15.30429 35.57134 29.94494 36.49377 19.52808 27.96825 36.12664 0.0 19.44804 0.0 21.57488 
1000.0 25.60116 14.45323 36.29281 0.0 27.8748 17.56021 12.41921 30.23863 13.43084 11.92927 16.93033 0.0 8.39393 24.1942 23.2024 33.87807 8.57298 24.16099 34.57945 0.01946 11.98373 12.78675 25.67843 13.80791 34.29444 10.62148 22.4118 31.54179 34.81074 39.32669 38.20802 21.78781 37.47565 28.81612 31.67222 12.43493 22.79969 15.6349 29.04734 17.94995 17.21205 21.85005 38.03094 25.78468 8.15811 34.56718 0.0 19.17041 0.0 34.2409 
1000.0 11.18814 22.24341 38.70308 0.0 31.86196 15.14582 15.69056 30.23566 18.77882 22.21726 12.74585 0.0 8.91257 8.63034 21.11531 17.24168 36.04766 9.94557 9.21396 0.02135 37.63078 21.15517 16.7793 13.01197 11.43739 16.86709 28.56937 30.26996 38.31762 22.29113 19.15687 13.8474 18.38968 34.09877 10.8763 21.43054 22.83966 12.91555 33.95038 10.22252 31.72936 22.81076 36.66069 10.43876 19.20101 16.62734 0.0 29.75371 0.0 34.95299 
1000.0 14.83368 28.21504 25.51022 0.0 33.02505 23.12158 24.58062 19.28735 30.38263 29.68991 22.75106 0.0 22.95361 26.1242 27.51667 21.39046 33.00631 14.46234 13.50146 0.02458 15.31091 10.71638 39.06932 8.11125 26.34697 14.94481 22.12503 23.46304 23.03806 37.12759 37.22445 34.75354 19.72228 14.59859 18.947 22.78703 7.90485 18.3747 15.38708 13.47106 32.63193 32.46474 37.35199 34.22638 20.52546 28.09741 0.0 8.09823 0.0 19.27933 
1000.0 0.0 0.0 0.0 9.28577 0.0 0.0 0.0 0.0 0.0 0.0 0.0 38.37859 0.0 0.0 0.0 0.0 0.0 0.0 0.0 0.0 0.0 0.0 0.0 0.0 0.0 0.0 0.0 0.0 0.0 0.0 0.0 0.0 0.0 0.0 0.0 0.0 0.0 0.0 0.0 0.0 0.0 0.0 0.0 0.0 0.0 0.0 32.75507 0.0 35.95507 0.0 
1000.0 38.34046 25.51704 9.41037 0.0 25.17929 28.11812 20.42191 19.97046 37.85708 29.24741 14.54107 0.0 13.11093 17.39078 27.73407 15.36478 11.06354 36.00124 9.48094 0.03846 17.69478 25.50917 26.25244 23.54889 26.31477 28.15911 8.77944 16.10826 18.06187 29.42236 37.11685 33.82202 21.37332 35.45701 11.20577 38.72465 36.66314 35.6232 14.97085 26.52955 38.11439 10.83759 39.3354 10.23442 27.21702 24.8248 0.0 22.80252 0.0 8.82541 
1000.0 0.0 0.0 0.0 16.39011 0.0 0.0 0.0 0.0 0.0 0.0 0.0 36.13315 0.0 0.0 0.0 0.0 0.0 0.0 0.0 0.0 0.0 0.0 0.0 0.0 0.0 0.0 0.0 0.0 0.0 0.0 0.0 0.0 0.0 0.0 0.0 0.0 0.0 0.0 0.0 0.0 0.0 0.0 0.0 0.0 0.0 0.0 35.08189 0.0 14.97223 0.0 
1000.0 28.16407 24.77103 27.59786 0.0 9.75251 37.246 32.61247 33.55064 33.28816 18.32444 30.20562 0.0 15.27215 37.81704 13.84154 22.16248 26.84501 25.76892 34.15757 0.01024 20.99322 23.46218 28.41197 11.02607 22.75781 19.12039 20.08211 26.8527 10.84808 29.547 14.2972 31.30555 30.84105 30.68786 36.69815 35.86961 12.45295 26.63589 29.93492 11.85109 37.76307 19.89285 28.09022 31.22056 37.92061 18.33722 0.0 13.4231 0.0 27.78345 
