1000.0 1000.0 1000.0 1000.0 1000.0 1000.0 1000.0 1000.0 1000.0 1000.0 1000.0 1000.0 1000.0 1000.0 1000.0 1000.0 1000.0 1000.0 1000.0 1000.0 1000.0 1000.0 1000.0 1000.0 1000.0 1000.0 1000.0 1000.0 1000.0 1000.0 1000.0 1000.0 1000.0 1000.0 1000.0 1000.0 1000.0 1000.0 1000.0 1000.0 1000.0 1000.0 1000.0 1000.0 1000.0 1000.0 1000.0 1000.0 1000.0 1000.0 1000.0 
1000.0 22.54367 28.35542 17.56123 0.0 27.38167 18.32508 32.23992 18.57169 8.6362 11.03066 12.87349 0.0 20.74405 26.47371 26.12874 12.96779 35.77269 10.14256 8.44107 0.03673 18.05196 34.89888 9.26693 11.73421 24.54456 20.34363 12.00521 31.50643 12.61356 30.15262 8.8477 35.36079 29.93944 13.42403 15.1071 21.59976 16.39169 16.87678 8.49557 33.77787 32.13026 18.01922 8.6552 10.40906 33.71582 35.73577 0.0 30.65081 0.0 30.47567 
1000.0 34.5542 19.25736 30.49777 0.0 24.2465 30.59096 14.70403 10.0939 15.68939 28.90449 21.51515 0.0 15.35932 11.22908 33.05021 19.28195 17.77867 30.05242 17.64823 0.03049 31.92205 12.22264 35.96277 36.25742 20.62644 19.06102 19.59098 19.53956 31.78587 14.45715 13.24025 32.60507 18.99852 14.80087 15.83357 7.54958 18.42509 19.30567 33.59062 34.04931 31.7419 35.15899 32.19772 33.15587 8.18491 24.07527 0.0 8.18758 0.0 7.30919 
1000.0 25.10916 36.17744 28.09268 0.0 17.3225 20.72344 20.42784 10.98221 7.50074 31.92154 11.9544 0.0 33.51684 10.05401 29.94482 23.19606 21.88658 15.79084 28.26811 0.01982 30.9683 16.69019 30.50387 26.43774 29.99985 12.19468 15.73698 17.76024 13.79856 19.3218 35.55921 8.50463 31.94976 7.55986 21.61053 25.92404 19.46135 26.25976 7.40322 15.71561 24.74312 35.72115 30.3009 25.96022 31.06743 16.44685 0.0 12.77492 0.0 33.48373 
1000.0 0.0 0.0 0.0 23.03185 0.0 0.0 0.0 0.0 0.0 0.0 0.0 21.04292 0.0 0.0 0.0 0.0 0.0 0.0 0.0 0.0 0.0 0.0 0.0 0.0 0.0 0.0 0.0 0.0 0.0 0.0 0.0 0.0 0.0 0.0 0.0 0.0 0.0 0.0 0.0 0.0 0.0 0.0 0.0 0.0 0.0 0.0 8.60322 0.0 8.84268 0.0 
1000.0 9.51215 35.80456 8.31898 0.0 18.48163 32.71517 24.62595 31.51233 32.78046 14.92537 27.56595 0.0 15.39339 22.3351 13.38596 19.75742 14.46801 20.04784 9.87043 0.03522 35.30018 19.2339 35.9448 20.37918 33.39129 34.49208 29.8413 17.3874 31.27502 9.41922 27.97083 24.48556 31.95421 11.24432 21.6297 9.5268 18.29834 10.12056 10.58671 12.64377 19.5093 18.7627 32.88313 29.17992 18.29935 34.38105 0.0 24.07579 0.0 26.02593 
1000.0 25.20348 14.00497 14.99654 0.0 14.15299 35.99995 26.25318 15.96857 35.26542 23.41183 22.20289 0.0 24.86725 34.78391 31.04969 16.70788 33.26484 32.04882 18.38315 0.0276 18.12944 24.28423 11.48786 33.05146 10.47992 21.80795 14.20824 13.76221 23.21123 30.28729 28.56661 21.1187 14.10173 31.75717 12.03166 27.40998 9.48221 22.40759 17.73282 12.92864 11.18927 13.91607 11.23838 13.34065 19.19347 19.38066 0.0 34.4984 0.0 25.80573 
1000.0 22.67562 16.36567 20.68857 0.0 18.05812 32.70094 19.98499 31.81614 33.32352 8.86233 22.72644 0.0 14.71539 9.83525 27.19753 10.5179 16.14844 33.87482 7.40328 0.02831 19.6035 19.4095 18.33149 12.05679 32.91889 25.94019 28.56213 25.65396 7.79757 31.30821 26.01728 23.60577 30.60889 19.09105 21.22795 31.03479 21.20493 33.46736 22.24729 30.04043 20.7166 23.9001 32.54844 17.9793 26.85076 13.52851 0.0 14.47186 0.0 18.45424 
1000.0 22.6971 9.26202 35.46954 0.0 28.90316 14.54299 31.85766 23.5892 17.62413 10.81814 25.5817 0.0 17.7117 14.89961 13.17657 26.11245 7.94176 35.48562 24.93763 0.0164 31.35359 31.2944 9.89759 11.40344 18.47516 12.57152 11.9933 15.12411 33.31781 13.56963 20.751 34.62362 26.10446 19.41179 22.2528 21.59165 32.41012 34.25233 16.12775 33.16984 19.96548 14.23923 15.99604 29.60848 13.70345 29.48337 0.0 13.45261 0.0 29.00771 
1000.0 20.3907 35.58036 28.49781 0.0 20.12144 20.82912 22.16854 32.14114 29.76181 28.46839 13.54679 0.0 19.87509 9.71021 8.92469 21.39976 14.74673 12.80077 29.88363 0.02508 33.91385 19.15071 31.97258 28.85108 35.27466 7.94103 11.14657 34.49538 9.30082 20.80848 32.22122 28.23492 19.98891 10.31764 13.54537 35.39565 29.75263 16.6581 15.02447 29.6169 31.07727 14.83882 19.78367 12.71422 7.55775 23.02616 0.0 33.92954 0.0 9.63714 
1000.0 34.13139 19.58988 19.03389 0.0 24.86611 35.28619 19.47679 24.98553 22.78455 16.11773 28.22319 0.0 31.40894 34.8257 12.71998 16.0927 8.57671 24.62002 26.78367 0.04175 13.4102 21.08917 18.43613 22.92472 26.8867 17.35982 9.86642 25.98288 31.28517 31.06595 24.48274 14.72714 33.41016 31.1144 17.757 7.94184 9.1008 26.56092 14.14248 22.12095 34.72056 20.46576 27.14242 26.11856 19.39743 25.75231 0.0 29.89523 0.0 27.22581 
1000.0 34.52782 18.34815 19.36208 0.0 30.36155 21.79948 21.29074 19.56483 20.71968 29.72094 22.18313 0.0 15.93625 24.84637 36.10579 17.49253 35.65914 24.07422 12.40636 0.03676 27.88559 18.51604 14.29308 7.89183 12.37883 36.17067 7.62822 24.83718 32.51455 23.99997 23.584 11.85703 10.45203 32.94785 33.16369 17.65752 30.50368 23.5362 9.87308 25.60185 22.33687 17.49078 30.33787 22.93675 29.38775 25.22929 0.0 18.79574 0.0 31.6297 
1000.0 0.0 0.0 0.0 11.45597 0.0 0.0 0.0 0.0 0.0 0.0 0.0 34.76111 0.0 0.0 0.0 0.0 0.0 0.0 0.0 0.0 0.0 0.0 0.0 0.0 0.0 0.0 0.0 0.0 0.0 0.0 0.0 0.0 0.0 0.0 0.0 0.0 0.0 0.0 0.0 0.0 0.0 0.0 0.0 0.0 0.0 0.0 24.16897 0.0 8.38556 0.0 
1000.0 30.7934 18.73858 22.00742 0.0 12.70536 30.44388 32.7969 31.63498 10.14958 14.60665 36.05938 0.0 19.7378 27.53078 18.45449 32.02306 24.22643 20.97079 19.21014 0.03523 21.85238 15.61296 11.29899 30.94588 35.66171 23.35473 16.51841 32.22263 25.38222 10.52946 22.82844 31.57543 11.95364 11.8343 20.26086 19.53402 30.75348 12.6081 17.61664 27.33881 22.78206 8.29795 10.07024 22.91243 9.37595 19.14525 0.0 23.56961 0.0 28.38228 
1000.0 25.87584 10.92834 22.92004 0.0 13.94452 9.93909 19.17319 14.4678 8.21979 13.14828 31.85068 0.0 26.10815 33.84865 29.24134 22.87556 35.21612 28.22392 35.53154 0.03803 28.64761 32.08074 34.63472 35.58474 35.11185 16.56892 14.77464 23.50092 30.04793 25.27074 28.21615 17.93613 10.81419 9.93505 10.27829 10.07504 24.73394 9.39798 27.57147 33.97296 32.82788 9.3799 35.6545 9.385 26.75235 35.13795 0.0 11.92028 0.0 9.71611 
1000.0 8.21171 12.70426 19.01069 0.0 8.69132 10.60462 25.18799 27.72719 12.5008 8.94833 8.49997 0.0 11.91062 32.51252 24.65323 7.39123 25.72449 34.5643 27.70291 0.02205 21.70464 32.40153 23.77447 10.89152 23.38469 35.17715 22.47083 28.41551 19.61275 27.08236 26.75015 29.92633 8.50203 18.35131 32.23913 13.84953 22.21127 13.48246 19.84159 12.33093 13.13649 25.7692 19.42656 17.05279 15.09684 13.61261 0.0 10.25726 0.0 24.34156 
1000.0 27.27621 27.9966 32.02539 0.0 24.13732 29.48031 21.25076 19.06894 14.04164 26.82509 15.44844 0.0 24.22992 20.50746 25.56664 26.26474 12.65269 35.98792 7.79099 0.03448 18.15191 31.24147 11.01529 15.44832 29.07285 28.2841 31.51451 36.06348 29.44858 21.51418 10.30991 11.64964 16.68825 24.56389 24.81989 35.70923 15.19697 16.47115 21.4655 8.54378 30.66881 9.80964 33.95333 18.00786 11.07174 10.49933 0.0 11.8157 0.0 8.62763 
1000.0 17.39378 28.80623 10.07765 0.0 33.57532 31.33631 10.01613 23.94415 14.81631 22.65315 12.13827 0.0 27.52913 21.51966 22.00349 16.7449 14.98134 25.38489 34.30633 0.02655 17.47354 20.92133 15.95731 22.81786 31.2994 31.41941 29.23567 14.40683 32.10062 8.55109 30.93224 25.9192 15.85697 27.869 19.58313 11.89138 31.80978 12.53674 29.80476 17.15926 27.77247 15.74544 35.828 9.89688 16.43133 36.18943 0.0 13.45796 0.0 23.91535 
1000.0 12.11519 19.9401 20.71544 0.0 17.39181 14.93166 21.45003 15.93816 35.45058 21.77692 21.10979 0.0 8.30053 22.97217 9.75921 24.08963 34.44642 22.7659 16.24931 0.01528 26.19243 30.38973 29.49364 20.64899 27.28986 7.89968 22.93451 26.12003 26.38092 22.94946 21.90881 34.91606 21.49077 16.83758 16.11025 27.98833 21.29758 19.37787 25.54355 16.5933 7.65658 34.96644 25.22943 19.02528 21.26975 22.058 0.0 16.36021 0.0 19.38493 
1000.0 35.40038 34.03001 10.82117 0.0 7.44113 34.3718 9.16006 27.38945 32.56108 10.32133 31.40403 0.0 24.24705 12.6458 33.81509 31.31477 17.81893 16.90393 22.723 0.02738 22.37079 18.65117 32.87461 35.69244 21.51094 18.04748 32.73804 12.42964 28.96944 23.7384 26.87532 31.0959 13.82057 24.24651 33.34532 34.4417 10.59428 34.28574 18.54016 26.21207 27.04162 18.82247 25.04159 17.46781 28.06117 10.75368 0.0 12.04836 0.0 21.62539 
1000.0 0.14222 0.13318 0.13649 0.0 0.08402 0.15649 0.10981 0.14813 0.11962 0.13178 0.14111 0.0 0.15026 0.05089 0.12021 0.09128 0.14482 0.12426 0.07609 19.83605 0.09926 0.11614 0.16024 0.14388 0.07947 0.04035 0.06919 0.10299 0.09651 0.05711 0.06182 0.11122 0.16005 0.09213 0.1295 0.11593 0.04243 0.12161 0.07161 0.14188 0.07231 0.10772 0.07606 0.08953 0.11631 0.1234 0.0 0.16629 0.0 0.12997 
1000.0 22.67809 14.24278 27.15431 0.0 35.29923 12.36475 25.3455 9.99836 24.72536 21.12885 26.01826 0.0 16.11551 24.3287 32.31594 18.62538 19.57364 31.3639 19.46151 0.00976 34.29513 14.64983 8.71738 28.9681 32.85491 14.49361 22.5551 21.13639 27.06862 25.99573 14.63661 23.35862 19.60607 11.51375 24.75972 8.96097 27.51569 22.3183 15.1572 9.13156 11.70875 22.79009 10.52202 18.35913 14.18865 34.81326 0.0 16.65686 0.0 25.3669 
1000.0 7.73871 15.9451 22.98173 0.0 12.62487 30.00008 11.86776 20.71681 15.28669 28.44557 16.35894 0.0 21.745 13.02635 28.43944 16.45904 26.72316 33.53349 12.1981 0.01352 31.68021 9.12687 14.32511 12.68889 36.20548 33.87951 23.75161 33.64323 25.94636 27.24677 27.63162 15.93358 31.68028 15.17191 13.02488 27.84052 19.15493 19.96541 18.22448 27.01277 15.70316 15.11978 29.06601 24.50002 31.21329 26.19653 0.0 8.10088 0.0 21.52014 
1000.0 17.31719 12.00066 11.51859 0.0 15.92986 15.35194 7.69941 29.87612 30.17684 20.8841 25.45214 0.0 12.67639 10.54565 34.87341 22.70076 11.82276 11.65954 17.80748 0.04118 30.44487 34.31396 20.38648 9.74799 20.3194 35.09118 19.10101 32.92209 15.5348 29.90001 35.98435 11.23564 12.54808 18.6121 28.53357 17.34492 27.3756 18.29451 22.08814 8.21738 24.30151 30.74189 28.27329 15.71905 29.60354 33.33424 0.0 25.01907 0.0 36.13866 
1000.0 16.89733 23.50797 12.17895 0.0 35.5846 18.4245 20.50395 24.54562 16.17532 23.92325 23.97429 0.0 26.00287 26.85099 32.01156 14.09745 22.52555 11.39611 27.57993 0.03489 7.57975 20.3654 15.78364 16.54165 29.09364 27.42767 28.95697 16.38892 14.40664 7.93735 32.70182 18.08383 12.73114 15.4367 7.50682 23.58991 21.64702 33.52377 26.08621 29.62772 31.41817 26.37833 35.9336 16.40199 27.21352 16.34441 0.0 35.81734 0.0 34.08222 
1000.0 11.9717 19.86787 16.0199 0.0 24.60373 27.45918 14.62402 10.37672 28.37678 34.40294 9.34632 0.0 18.12011 14.68958 8.5686 17.56664 18.42939 16.78434 18.39462 0.03282 13.51285 27.39726 22.26527 8.84675 21.44218 22.46809 7.82848 30.76267 12.94848 32.18441 35.3551 31.09456 30.18352 32.95143 23.22084 34.22709 25.56709 36.24031 17.66863 21.48521 8.4512 11.86349 33.41539 30.62209 21.74902 32.23261 0.0 13.56811 0.0 17.14738 
1000.0 12.99086 21.21598 24.99055 0.0 13.44719 26.11647 30.50712 10.7182 13.12805 32.02645 35.69511 0.0 31.21271 29.90565 26.84301 14.62059 18.40146 26.59062 28.52362 0.01422 22.79637 12.83915 24.69265 35.89413 30.23871 35.54069 19.00989 19.97452 31.52229 23.49128 14.59134 29.26247 29.82769 8.27531 30.59728 22.35187 26.8827 21.53947 8.1126 16.03607 15.19956 13.51657 25.90793 34.24419 15.761 20.16001 0.0 16.1285 0.0 24.1838 
1000.0 20.89799 29.90938 24.36372 0.0 16.36741 16.62112 26.95798 13.34236 31.49996 31.9318 7.37952 0.0 7.38251 34.08226 30.07466 16.64164 15.63686 16.23782 14.32156 0.02329 9.18326 23.41835 20.83672 29.20247 13.30251 14.58862 27.72329 13.81002 17.72181 34.89614 8.9152 19.16476 7.70897 10.04105 13.48043 21.75917 9.82541 33.61495 7.54658 19.66936 20.00302 35.27017 23.65342 21.38286 11.89983 19.30722 0.0 25.69222 0.0 14.90952 
1000.0 17.58051 24.49917 17.24304 0.0 20.72477 35.73865 22.32319 7.73292 19.10803 21.25797 16.84726 0.0 24.89731 11.88169 12.50254 13.8674 23.41686 15.64761 11.5515 0.03466 10.74995 23.33646 26.81093 20.20709 31.8461 25.82032 17.2388 24.16403 35.85247 29.65616 32.32965 35.95189 35.89013 25.96644 27.46785 9.76304 27.95927 14.68984 28.35768 35.06683 31.29249 27.4569 28.05649 8.16819 28.26989 21.75402 0.0 21.73982 0.0 17.76049 
1000.0 14.67779 33.29824 16.80562 0.0 12.86528 32.22445 30.16778 16.20129 26.18258 10.93952 31.91029 0.0 36.21621 13.97363 26.74117 34.2432 11.54462 21.82635 11.54741 0.02825 17.40305 15.70697 17.25097 8.34701 18.04805 33.80008 9.0615 27.58186 17.77928 11.41225 15.85752 13.41326 13.48283 26.3875 31.20863 29.23794 24.80377 9.64914 33.86562 29.53135 14.15823 24.8492 17.07296 7.39591 23.06387 32.70981 0.0 28.72448 0.0 17.83662 
1000.0 13.66646 16.92474 14.38317 0.0 34.28741 20.04534 25.09275 26.65617 7.54515 26.17427 28.95091 0.0 28.23432 29.03966 9.13993 9.95373 12.22158 32.43668 9.9601 0.03454 9.36888 21.16492 22.7758 20.7806 8.01914 18.3553 17.59349 16.90708 34.7294 18.89913 24.44163 15.62696 35.52629 29.99509 28.37141 13.88539 31.0329 12.8553 10.81142 16.41835 10.63621 11.24514 16.62513 14.83346 30.97312 29.74568 0.0 22.54785 0.0 17.92304 
1000.0 32.73796 28.6428 17.91663 0.0 28.45077 16.04682 10.17683 34.17065 33.84325 22.96664 25.85878 0.0 15.20641 18.40909 15.90616 23.99645 15.21813 9.70979 15.73498 0.01943 34.47022 12.21157 16.37139 27.73793 16.2925 27.59223 11.58638 35.26517 30.13854 20.89258 14.82881 12.61 15.41201 18.8294 16.79674 35.70911 33.3636 10.96866 11.99685 31.9226 30.01227 33.46803 17.69929 21.74185 11.4948 17.17251 0.0 21.49101 0.0 25.97844 
1000.0 23.52555 21.82288 25.67828 0.0 20.86612 34.5538 12.19543 15.55482 27.83415 34.31628 9.25396 0.0 23.26047 8.1863 15.43818 17.60433 25.6417 13.98437 23.38937 0.0347 27.72195 15.373 26.42644 25.39272 23.46446 19.32472 26.08355 24.3362 19.31932 8.96557 9.01574 29.88891 25.51471 12.74919 36.02287 9.17489 32.30254 21.41229 7.57159 27.6931 32.72091 27.47313 34.41015 13.49433 35.28083 30.11505 0.0 20.73116 0.0 8.41006 
1000.0 18.72407 15.63348 14.14092 0.0 10.85865 10.07991 28.71503 31.0696 10.17564 18.69732 32.22704 0.0 17.14831 17.64706 25.66232 18.70625 18.94438 16.73941 17.82273 0.02398 28.14267 26.95691 13.64317 18.63137 19.36483 13.27534 27.80519 10.72464 23.88614 16.54678 14.95924 7.85999 14.27476 27.82637 16.56937 12.10518 34.99784 24.15386 8.69185 29.56283 19.93475 21.02742 19.83065 34.70435 17.30963 21.51698 0.0 30.00092 0.0 22.24798 
1000.0 8.36569 18.22954 20.65635 0.0 7.38595 30.23692 18.89449 12.63879 15.33815 14.59102 28.98278 0.0 17.13813 19.07996 28.77475 18.61632 18.38075 7.37148 28.55364 0.02739 13.48358 27.54638 9.66057 24.54527 19.42087 14.22099 7.8655 23.4084 8.22887 35.60514 20.45268 20.36851 10.42283 10.34623 10.90973 32.19595 12.72438 11.93752 29.6402 11.42054 36.14964 11.26722 22.26869 29.41506 30.25987 25.18957 0.0 18.80385 0.0 22.37351 
1000.0 30.75153 23.33009 17.86779 0.0 9.89106 34.60658 35.59517 9.28833 35.2209 30.46248 31.34068 0.0 8.87592 13.72112 28.14153 29.75674 14.55435 23.74623 27.92838 0.01792 8.29645 11.73265 28.99441 16.35198 18.78401 26.21469 23.38234 12.78652 12.65049 25.93474 28.41655 14.18917 27.42481 34.15913 10.62916 18.14642 36.18438 30.17367 25.88407 14.77641 30.05623 18.41971 10.21807 25.28034 8.95044 22.352 0.0 36.09586 0.0 30.2029 
1000.0 30.7963 33.61635 9.14131 0.0 10.38771 20.30264 16.0995 29.42072 9.97993 13.12829 31.13414 0.0 9.44854 23.96132 12.16513 26.63594 31.17172 27.1195 13.9894 0.0103 34.02 26.57414 31.28847 20.63663 20.84031 22.57072 22.18022 12.71346 11.09518 14.23391 8.44041 25.70756 23.4317 21.72426 8.17165 15.525 13.74435 27.90189 35.7235 10.31701 16.41864 19.6817 9.79752 14.88679 11.62717 19.41835 0.0 9.87893 0.0 21.46695 
1000.0 18.66443 15.71489 32.84087 0.0 28.57746 8.83138 20.77027 23.61341 26.09543 18.77813 9.42725 0.0 31.94326 34.42283 17.82216 30.16866 18.53522 29.87654 30.6361 0.02751 20.47977 28.81534 17.81161 16.11755 25.52252 9.007 12.54233 25.61078 12.61912 24.9209 25.40992 13.9213 18.14807 35.22922 31.18179 7.34982 36.2157 24.88723 18.06744 24.35792 11.36273 10.58737 15.16231 7.39668 26.17664 23.03614 0.0 24.73803 0.0 9.32003 
1000.0 31.84109 15.28635 28.8638 0.0 28.61927 14.43969 7.54776 31.17094 17.2162 16.36228 28.87887 0.0 13.53587 35.60664 35.58189 29.55422 11.77771 25.77424 13.35505 0.03353 30.44487 31.48781 11.06274 34.8119 8.92983 20.59163 19.81776 26.0292 23.74371 30.0852 34.68594 23.85665 27.19464 9.22047 32.67076 35.58676 28.81041 29.86942 25.17752 23.56115 15.20483 20.51146 25.11959 22.25443 21.09841 24.90195 0.0 35.70217 0.0 24.92496 
1000.0 20.4559 26.18443 33.16681 0.0 9.25808 22.39003 20.79005 33.39988 33.31802 17.31609 26.34818 0.0 24.87396 15.55556 32.66101 14.85773 14.01027 8.97296 7.70813 0.02427 12.42355 13.69644 22.36791 8.25928 9.08126 34.69901 27.39957 21.60938 27.12395 23.09665 33.23272 28.45655 10.71116 21.26825 8.7722 13.07066 28.151 33.35207 8.40837 17.99566 28.53376 23.84149 18.2338 24.68643 30.15377 10.24309 0.0 25.45522 0.0 17.16228 
1000.0 32.26833 16.92934 29.42995 0.0 32.68067 25.1959 35.67337 28.44338 7.38255 9.52018 21.47171 0.0 18.91777 19.77991 33.77605 12.09334 29.56313 27.11985 26.19688 0.03978 33.89796 27.04316 15.9422 10.60264 25.91084 22.10542 17.09638 18.28843 34.44169 28.46798 32.28867 15.26599 10.33087 34.61283 22.73451 27.62106 12.36352 19.72739 24.82092 31.17299 16.10256 10.40915 12.63174 13.12283 26.81236 11.87385 0.0 13.3696 0.0 13.50926 
1000.0 18.94879 27.95536 33.849 0.0 34.70011 27.67566 22.59 14.35437 15.94624 11.82039 19.01162 0.0 12.88555 16.11289 26.6797 12.09449 11.99039 26.96241 24.65571 0.01575 18.11587 15.38678 12.63572 33.31844 17.70264 16.78212 27.55315 28.63583 25.64596 22.24817 28.49102 29.45883 18.56275 20.03844 31.81216 26.04065 13.81071 7.48505 27.54579 11.90801 21.62708 9.16237 31.34962 22.31683 23.89781 28.51515 0.0 10.47044 0.0 29.05319 
1000.0 35.46902 30.44531 26.51971 0.0 28.07877 18.12824 16.7863 30.87443 17.9044 17.43433 31.92087 0.0 29.18616 21.73886 24.80945 14.1557 15.46371 15.5664 9.88802 0.03079 31.87692 34.67975 24.48929 35.65948 31.49992 21.50465 35.58185 25.81686 28.96706 16.61872 30.74057 18.70005 24.60985 19.52674 17.11325 21.76999 34.1233 17.93866 32.31941 25.34192 8.72616 23.36079 25.23341 13.40611 24.58022 16.14535 0.0 31.99191 0.0 25.25301 
1000.0 28.77435 18.2409 20.24778 0.0 33.61909 15.15549 15.94899 27.4782 27.30597 10.64285 14.524 0.0 34.29871 24.86936 11.81983 26.1303 35.12228 21.13098 32.26244 0.0357 25.56032 13.67088 14.35299 12.99734 33.34476 32.95528 33.79115 20.79795 33.16331 14.65688 25.15378 31.36418 18.24209 22.14829 10.69642 9.3711 27.42502 29.42948 14.48923 32.38254 33.51369 27.39188 23.43274 17.14367 9.12261 13.30429 0.0 33.2471 0.0 23.17455 
1000.0 25.76792 24.2176 17.84451 0.0 20.123 33.89351 20.74228 13.24916 31.07251 7.26302 34.59074 0.0 31.74868 24.61439 34.33004 34.89277 7.9998 35.18048 32.53567 0.02546 19.44306 30.35269 13.34252 21.3007 18.84391 32.0637 22.88693 22.41554 7.83539 23.40198 8.34669 14.00968 31.68299 23.82794 7.25676 29.00965 23.0846 17.71249 36.09333 14.07845 17.85522 27.89263 10.54369 12.94975 19.89305 23.42724 0.0 9.16356 0.0 15.60061 
1000.0 29.99061 32.39252 20.35068 0.0 31.26374 9.37109 21.34176 11.01979 19.57849 18.11196 23.537 0.0 26.11899 25.69495 25.31572 34.74479 8.17621 14.86419 26.27271 0.02469 22.64216 29.29531 15.63103 35.06306 23.79655 24.08934 26.87705 33.50484 29.3165 34.33008 8.79134 7.79075 9.57033 14.4566 12.31169 33.4045 35.69878 26.31577 28.81818 34.38979 31.76602 17.03542 25.27718 27.51771 20.9421 12.81941 0.0 21.40796 0.0 26.87347 
1000.0 34.33216 13.59088 28.51178 0.0 21.47113 22.41477 25.00293 23.77309 8.43241 16.36509 28.15092 0.0 15.9081 26.18764 21.5549 18.40176 30.60198 33.40314 15.83774 0.02352 21.79805 26.42274 32.46267 32.43876 11.53696 16.91325 9.77145 33.09287 11.72451 17.76034 8.87057 24.30842 7.28899 21.28189 11.56439 21.70981 32.17889 10.21255 30.30334 8.58625 13.9789 28.60181 35.18113 28.03152 8.08089 12.06535 0.0 10.62214 0.0 34.11925 
1000.0 0.0 0.0 0.0 24.04631 0.0 0.0 0.0 0.0 0.0 0.0 0.0 16.46884 0.0 0.0 0.0 0.0 0.0 0.0 0.0 0.0 0.0 0.0 0.0 0.0 0.0 0.0 0.0 0.0 0.0 0.0 0.0 0.0 0.0 0.0 0.0 0.0 0.0 0.0 0.0 0.0 0.0 0.0 0.0 0.0 0.0 0.0 12.4816 0.0 33.90546 0.0 
1000.0 31.66975 13.04748 14.0762 0.0 11.78988 11.4321 17.22053 13.67749 27.59726 35.70039 28.29109 0.0 8.0851 34.91352 8.25673 20.70273 17.25734 29.95731 28.99001 0.02659 13.34389 21.91025 32.93599 36.24991 15.88246 14.70947 34.4917 34.2747 21.49798 13.30123 29.93636 21.1865 36.06993 33.64649 15.64973 33.31913 17.72388 11.58965 21.25742 26.42078 27.92102 15.31486 34.60787 22.06839 12.81364 18.53083 0.0 13.25635 0.0 23.19149 
1000.0 0.0 0.0 0.0 21.60435 0.0 0.0 0.0 0.0 0.0 0.0 0.0 8.91521 0.0 0.0 0.0 0.0 0.0 0.0 0.0 0.0 0.0 0.0 0.0 0.0 0.0 0.0 0.0 0.0 0.0 0.0 0.0 0.0 0.0 0.0 0.0 0.0 0.0 0.0 0.0 0.0 0.0 0.0 0.0 0.0 0.0 0.0 15.95583 0.0 10.732 0.0 
1000.0 16.46972 14.08483 8.39064 0.0 13.19389 31.09762 12.24269 26.62313 23.41918 28.67771 12.92359 0.0 28.49739 20.5009 10.369 20.68187 27.10904 34.36391 21.05029 0.03868 14.90369 20.70402 20.77286 35.49354 28.25456 25.41592 25.02463 33.3335 30.80811 26.26511 13.09198 31.80719 13.73681 13.00485 31.29067 17.49961 27.18384 35.9906 15.30281 16.14899 9.66929 29.85718 34.94267 14.64707 9.69516 35.21789 0.0 16.75012 0.0 10.1364 
