1000.0 1000.0 1000.0 1000.0 1000.0 1000.0 1000.0 1000.0 1000.0 1000.0 1000.0 1000.0 1000.0 1000.0 1000.0 1000.0 1000.0 1000.0 1000.0 1000.0 1000.0 1000.0 1000.0 1000.0 1000.0 1000.0 1000.0 1000.0 1000.0 1000.0 1000.0 1000.0 1000.0 1000.0 1000.0 1000.0 1000.0 1000.0 1000.0 1000.0 1000.0 1000.0 1000.0 1000.0 1000.0 1000.0 1000.0 1000.0 1000.0 1000.0 1000.0 
1000.0 35.69497 36.73589 7.55018 0.0 35.33747 33.07383 15.41169 12.10176 18.25698 30.59836 7.86305 0.0 35.79143 37.36179 9.53098 18.94462 10.15561 30.07082 18.92825 0.03249 30.48086 14.42007 13.33925 24.13063 27.16189 26.24614 27.26265 26.39539 8.42423 36.04909 11.98678 17.36933 33.96205 32.33285 24.00814 21.11455 12.95581 25.88701 29.97648 26.10312 25.56749 13.51116 16.48678 14.57962 18.13789 9.11301 0.0 14.94199 0.0 17.95168 
1000.0 34.73008 15.02414 14.26012 0.0 16.85333 36.07434 9.17883 22.3676 32.72043 28.63457 16.7897 0.0 28.22923 22.50093 9.46135 25.97771 24.64479 17.3517 26.9704 0.0111 31.48363 23.2907 36.854 9.72751 29.14843 15.46059 28.60127 11.11449 13.18423 11.26519 14.59273 24.81723 13.27819 17.18306 15.71839 13.96223 35.37206 24.22182 12.57668 30.51883 26.9153 29.78557 34.54822 32.62511 30.78833 35.41835 0.0 23.86079 0.0 32.19683 
1000.0 24.86081 32.86438 16.49242 0.0 12.03288 14.92641 34.56208 8.46156 32.43924 8.86999 9.70712 0.0 25.26287 13.93356 25.02866 33.11188 20.28177 30.90117 26.17577 0.03883 24.43453 35.79512 21.60293 8.22868 30.59099 30.44101 26.85867 11.91331 26.76939 25.90798 21.7762 36.3531 13.35456 29.0717 12.12119 25.95606 26.51954 30.80672 33.6474 35.68354 19.66815 17.50086 33.65105 12.65673 10.34213 21.88093 0.0 8.01844 0.0 27.33036 
1000.0 0.0 0.0 0.0 22.92409 0.0 0.0 0.0 0.0 0.0 0.0 0.0 28.44288 0.0 0.0 0.0 0.0 0.0 0.0 0.0 0.0 0.0 0.0 0.0 0.0 0.0 0.0 0.0 0.0 0.0 0.0 0.0 0.0 0.0 0.0 0.0 0.0 0.0 0.0 0.0 0.0 0.0 0.0 0.0 0.0 0.0 0.0 26.81173 0.0 26.54902 0.0 
1000.0 11.09551 24.75902 17.88703 0.0 15.26463 12.7182 9.56203 31.70095 35.67359 26.91037 11.8001 0.0 30.14894 36.32746 10.24147 12.92023 8.43445 35.54882 9.95563 0.01885 20.21863 21.97382 11.33453 20.1967 30.77384 20.55786 11.69994 35.50673 28.1763 28.81475 23.36827 12.57154 7.84793 26.22689 15.13308 34.86084 28.50731 26.22238 32.08553 10.64369 10.83317 18.10234 15.07488 7.58718 8.69942 31.85251 0.0 16.35373 0.0 34.57083 
1000.0 25.18855 7.88874 21.33713 0.0 26.73483 23.4342 25.05499 17.44279 29.79966 14.62871 18.41577 0.0 31.80835 12.59733 17.30754 16.99155 23.63006 32.41952 33.45867 0.01878 24.39317 16.50808 24.90278 26.54125 35.61293 35.31164 22.27497 11.89264 18.55991 11.01958 25.73741 16.93757 8.26962 15.77814 25.21952 20.90974 37.36396 18.34529 21.78469 34.08617 24.89032 27.83073 29.6112 29.33095 19.47906 34.41274 0.0 35.90483 0.0 33.12187 
1000.0 16.25348 22.7219 16.81856 0.0 26.53242 25.11637 30.47686 23.7439 22.02027 16.67897 27.04521 0.0 11.39922 31.02011 34.86944 22.532 8.75112 30.27451 35.28887 0.04143 10.04434 35.69175 32.66673 22.20771 29.82376 17.781 24.02556 31.7808 23.77601 31.40921 16.36566 31.08326 11.37694 35.9004 26.99401 35.2811 31.16099 36.71914 11.83067 14.7446 17.79758 16.59294 18.57394 9.05209 10.37953 18.14323 0.0 30.17133 0.0 16.994 
1000.0 27.99183 14.56351 22.40223 0.0 36.03481 11.33341 32.80927 20.88998 11.77034 33.09292 31.12147 0.0 18.79506 19.08361 8.01288 14.50602 33.70558 35.13003 35.84603 0.02499 15.65186 36.13396 34.71693 10.99364 34.94485 37.06031 25.10465 16.88533 8.78664 7.56701 15.4263 36.63987 16.42083 34.41265 31.41096 9.48352 25.86419 18.52137 14.96335 16.48693 33.11643 9.99087 17.55586 21.4648 24.24339 35.15753 0.0 19.00915 0.0 36.8881 
1000.0 7.79234 19.59045 13.41863 0.0 23.42504 8.25723 24.57887 29.09147 11.5047 8.35515 21.42325 0.0 11.54611 35.48387 29.70004 9.31392 27.38464 11.51385 15.70455 0.0338 29.32966 24.23288 35.45993 10.19898 8.15354 36.80191 29.74407 32.85609 25.61646 7.62289 18.01636 8.27803 30.61405 30.35876 30.80099 14.96983 29.21661 15.11888 26.42647 10.44559 30.88542 14.83201 30.57841 29.69036 8.07471 26.58377 0.0 21.06185 0.0 29.14344 
1000.0 32.09653 28.88548 22.93736 0.0 35.60211 30.7101 36.91568 27.68946 24.96323 27.08086 29.06931 0.0 21.95148 19.19069 22.07018 19.44177 24.52559 22.34657 12.61872 0.03803 13.12899 8.6293 35.26495 13.26079 29.23007 25.56772 28.05759 16.12919 20.57831 16.7833 13.63438 17.86864 36.37565 24.45282 17.56112 13.04649 31.32568 26.43664 19.83168 37.09477 35.24714 14.05039 21.16296 26.0577 37.44185 13.54355 0.0 16.11924 0.0 14.00302 
1000.0 29.61785 8.53305 19.10563 0.0 18.019 11.77564 13.76488 32.30184 24.56022 28.35289 19.32325 0.0 12.11711 35.55631 10.04992 22.47257 22.48291 35.6465 8.80959 0.03968 22.91341 35.15125 26.14979 20.32622 30.89554 34.64235 34.91652 17.47779 19.97847 28.90978 24.84983 30.12328 30.40425 17.50171 16.11776 14.92457 20.22372 8.66153 32.75029 20.72531 16.85983 36.07391 19.96939 18.83428 25.56112 11.73773 0.0 11.77874 0.0 33.28693 
1000.0 0.0 0.0 0.0 11.83142 0.0 0.0 0.0 0.0 0.0 0.0 0.0 29.86788 0.0 0.0 0.0 0.0 0.0 0.0 0.0 0.0 0.0 0.0 0.0 0.0 0.0 0.0 0.0 0.0 0.0 0.0 0.0 0.0 0.0 0.0 0.0 0.0 0.0 0.0 0.0 0.0 0.0 0.0 0.0 0.0 0.0 0.0 12.23829 0.0 27.08681 0.0 
1000.0 26.83632 11.92795 11.53216 0.0 18.53758 26.03477 20.48147 32.39323 25.66078 26.20844 19.39207 0.0 18.01826 36.81501 22.70627 10.97346 28.6438 16.9008 20.68606 0.01078 12.46138 21.76265 18.52793 28.06294 13.00235 15.6738 30.48284 26.23879 35.96037 14.39266 27.61072 13.45716 32.28171 24.28766 9.58637 26.81392 36.04348 31.89935 23.74877 33.19327 27.40219 21.19203 11.62207 10.36131 18.34147 26.95414 0.0 31.78636 0.0 30.71328 
1000.0 10.20776 8.58634 17.8914 0.0 32.6568 11.10247 18.33983 27.68402 8.53954 10.34321 27.35973 0.0 9.87306 33.38929 22.4878 33.71593 18.2639 18.96883 23.84602 0.00989 27.91365 13.36006 29.88878 14.31583 9.8087 11.16726 19.30791 22.6403 15.20605 13.02783 36.99478 25.00348 29.90234 11.70213 21.98145 34.24721 13.13908 25.15793 24.4623 27.34939 36.70752 24.49487 33.10909 15.91933 36.40054 13.48628 0.0 12.62209 0.0 25.82368 
1000.0 33.30812 34.30549 24.98643 0.0 20.15071 28.4104 33.67674 33.10066 20.7778 16.156 22.17286 0.0 13.07048 15.0488 27.81444 7.51282 11.44661 25.64016 28.52809 0.04222 22.59709 25.6336 13.32892 27.27686 20.29331 23.14546 36.48956 36.75209 21.28808 28.81183 9.86036 9.89029 14.49959 28.57142 31.92784 12.21935 18.99056 37.39736 20.55565 29.68251 23.29889 31.20773 28.49994 36.84788 31.99861 20.80196 0.0 12.16407 0.0 18.19238 
1000.0 33.96473 29.0588 13.11762 0.0 25.23305 32.73391 12.65614 14.55061 27.8984 35.755 9.32082 0.0 12.37653 10.59636 9.74101 13.05535 29.5357 16.06956 15.38926 0.01226 24.5963 20.40227 25.43402 35.50142 35.39838 26.23528 12.16509 15.88876 36.00545 11.28823 22.7758 36.69923 36.03788 10.07383 8.18021 22.43607 18.08846 28.11104 8.20989 9.44234 30.88846 7.90866 22.27684 16.49669 15.21631 14.78637 0.0 14.46868 0.0 15.92539 
1000.0 9.8043 7.7619 29.19827 0.0 20.13254 15.62279 30.25403 27.04161 10.47481 10.37404 8.81183 0.0 34.65305 11.02328 14.29759 24.6291 31.99071 18.07812 24.57975 0.01359 10.38655 18.27257 24.52221 17.89982 8.81943 37.42631 9.89175 31.48106 12.21161 7.69649 34.6688 36.16941 33.11028 36.47529 26.58309 32.50734 15.40795 24.22698 29.2867 12.08424 11.1664 10.3526 30.10856 24.21347 25.39075 30.39886 0.0 21.94616 0.0 13.94315 
1000.0 26.13734 21.33713 11.25104 0.0 15.7681 12.42156 30.25852 35.2574 33.46814 17.62032 22.32851 0.0 34.90928 34.60578 16.30529 20.18003 27.38643 8.87202 24.09483 0.03322 12.6177 26.11438 32.77159 29.08596 30.35839 25.10485 25.99631 20.41814 14.65149 18.33772 28.19043 15.06237 9.55524 36.83637 27.35001 31.24485 23.02985 19.66576 25.97236 28.61324 25.7744 27.17305 7.56685 8.94191 23.18245 25.67776 0.0 11.52813 0.0 35.43807 
1000.0 31.31849 11.59998 24.13706 0.0 30.08539 26.51535 14.67773 26.49837 31.07933 11.38724 32.71474 0.0 21.77742 23.97044 33.41626 28.12736 19.72206 20.36549 37.37092 0.0269 25.29821 24.3483 30.42775 15.90573 32.90439 7.94511 30.59595 10.25865 12.2082 30.93695 22.78466 24.56414 21.80618 30.9101 33.1077 32.74893 34.50843 9.50818 21.76127 15.80685 11.91537 15.33206 9.02328 8.26614 25.96642 19.9007 0.0 7.63346 0.0 13.25526 
1000.0 0.0845 0.12485 0.14751 0.0 0.13981 0.11256 0.1221 0.14273 0.16116 0.0816 0.12721 0.0 0.09456 0.07071 0.11381 0.07256 0.14702 0.05755 0.14775 20.21405 0.05426 0.07105 0.08817 0.05878 0.15032 0.10432 0.07959 0.10296 0.10563 0.13565 0.05834 0.09859 0.06964 0.10948 0.15049 0.03504 0.09804 0.1626 0.15602 0.13762 0.14059 0.03674 0.08091 0.1241 0.05215 0.03938 0.0 0.16378 0.0 0.14288 
1000.0 28.43456 13.57545 16.80556 0.0 29.42924 9.027 18.78478 18.64355 16.89831 31.56311 36.72085 0.0 13.25745 15.18967 21.06118 12.72688 17.7985 30.90535 35.81173 0.03866 28.41707 23.24994 11.24562 22.59446 32.44811 18.20363 14.49015 32.51832 27.50626 36.28305 17.17928 33.19779 31.22964 34.60573 26.84463 16.83763 36.92435 36.40307 30.93798 10.39051 12.00824 8.40915 17.94926 31.01017 32.67218 10.78331 0.0 10.21576 0.0 8.47434 
1000.0 32.28473 23.9929 37.33591 0.0 14.0974 28.0458 37.54613 19.55017 22.10108 19.35859 21.24623 0.0 10.65615 35.88511 10.98131 10.29576 31.92247 23.6322 11.7223 0.0244 22.76203 36.61804 9.71341 11.61613 36.31904 8.41725 24.27163 37.02096 26.48556 25.4173 10.72204 13.23099 29.53427 26.65999 12.7774 18.71427 16.4105 33.83279 33.53412 32.06681 33.98487 30.95811 18.33885 29.1582 37.18609 32.32554 0.0 9.16343 0.0 31.29178 
1000.0 27.71635 29.26228 33.54994 0.0 20.99066 22.09238 13.18906 18.92743 33.70287 20.25204 33.63165 0.0 25.17364 21.40219 16.87568 10.46685 30.35649 17.43399 13.35075 0.00894 17.20868 10.01991 22.33244 8.34531 32.6953 8.90904 27.59572 12.00703 33.18385 35.70976 20.68664 26.28254 8.21889 8.22623 20.16693 20.20227 7.75273 30.20157 21.02188 17.46312 33.96948 25.25202 17.00724 15.24681 30.81359 21.59799 0.0 23.68786 0.0 29.95535 
1000.0 37.01678 19.83738 36.76612 0.0 31.30402 16.70228 21.56588 19.55548 37.061 20.78875 34.10976 0.0 21.19955 24.03091 28.95117 26.95119 19.5081 18.42732 18.09049 0.02999 9.41418 14.8397 32.55406 35.13184 32.16033 36.67375 31.9993 14.05744 15.2294 12.26257 17.94735 17.00232 7.93856 10.36624 20.49767 29.74915 11.69601 30.05854 7.71096 30.52398 21.84101 34.17971 16.67261 35.08618 22.24954 16.36705 0.0 25.67802 0.0 22.6805 
1000.0 15.46366 7.92884 37.05275 0.0 23.36545 25.61706 36.28493 20.93775 23.17635 30.3561 34.852 0.0 22.49745 21.36788 11.64824 26.42818 37.19637 18.39411 19.54141 0.02477 10.48505 36.67771 21.41995 9.92016 22.88667 35.32516 35.07017 25.1962 24.79774 17.273 11.6461 30.10192 10.90855 31.86135 33.03542 12.6978 34.61193 19.6845 15.34781 25.37215 31.81864 11.3893 26.60724 24.87513 8.23972 17.82904 0.0 14.34367 0.0 10.70904 
1000.0 18.53086 27.41334 25.653 0.0 25.64638 26.48063 14.12081 15.95956 14.33349 18.43391 27.73345 0.0 36.53007 9.35306 25.9247 10.68489 10.19803 35.69913 37.02668 0.03793 23.07014 11.15257 24.28087 14.98025 34.8745 14.63142 26.56483 23.85369 15.61132 35.33274 20.77373 30.52762 20.05297 19.35873 30.48777 13.63064 19.16307 7.69492 22.61127 19.75588 35.07705 20.82653 28.95438 21.575 14.50187 22.13532 0.0 22.88044 0.0 22.3446 
1000.0 10.72056 18.39336 11.1853 0.0 26.70827 34.0002 8.7521 12.15692 19.45518 22.07086 8.1578 0.0 13.25366 29.34615 10.67688 12.08103 16.43297 26.82262 27.20398 0.03271 25.53119 19.66257 17.81691 13.88044 23.08362 22.81883 9.58098 8.50266 24.34206 36.41015 33.34181 24.36548 7.53024 35.602 15.96086 12.31307 21.04363 17.83838 29.82546 17.4898 25.68159 30.37078 31.06385 28.43207 21.17728 35.5026 0.0 24.13143 0.0 23.89376 
1000.0 20.02734 36.31355 27.53149 0.0 26.91134 11.90145 26.68772 19.30127 27.71361 27.23761 13.18062 0.0 15.6059 27.70621 18.34774 10.53361 33.86033 20.84816 29.62991 0.02715 13.07196 17.94661 26.3372 32.52403 21.99661 20.77182 27.33158 34.13746 21.1196 32.17208 17.38854 28.11917 33.37526 7.72394 23.19922 21.04958 17.07651 17.19128 33.64938 22.12154 34.38227 11.64835 12.41261 29.00949 10.22431 28.16365 0.0 27.03146 0.0 17.05374 
1000.0 35.56437 18.71754 10.79452 0.0 33.92577 16.42821 20.89526 12.41495 11.06994 24.35415 19.64119 0.0 32.60268 16.82849 34.54853 34.13376 36.35724 11.84245 29.30664 0.01426 11.8775 28.12796 28.66147 17.85283 34.50636 25.06434 7.841 37.4642 13.86083 32.63251 18.95506 17.88455 36.27427 20.48265 35.43773 21.00604 27.15121 23.22504 10.29735 28.47135 33.88605 25.36194 24.45341 36.16218 25.60567 10.19557 0.0 12.99391 0.0 26.92716 
1000.0 36.93104 29.2264 14.84566 0.0 12.23988 15.79937 31.29837 24.794 29.21637 27.62996 18.87246 0.0 37.12828 15.21428 33.91633 34.06039 9.84241 32.18201 23.61418 0.02455 17.60849 20.01384 20.8657 12.07295 14.28591 35.12666 20.67667 13.37304 14.95672 19.76431 21.18132 34.44926 35.81141 34.92015 25.64706 17.54719 20.87463 13.67657 16.61213 28.12788 8.68698 21.96481 14.47791 19.64281 8.67676 25.94957 0.0 18.43124 0.0 33.45419 
1000.0 7.53895 15.10025 37.07203 0.0 24.06026 36.9374 16.85414 36.509 16.76551 8.4808 28.73391 0.0 19.1585 33.00764 30.46499 9.89858 26.87392 27.70317 15.84274 0.02717 35.57566 26.1371 8.77046 23.3248 23.06824 34.56702 15.35117 35.82557 8.9694 37.1711 36.67352 25.79564 28.6941 18.7995 22.14981 28.96567 12.12499 10.67173 15.94773 26.85169 32.6239 28.03146 21.02793 36.83224 10.34901 19.87943 0.0 32.29917 0.0 16.36382 
1000.0 30.67321 23.84948 28.53345 0.0 28.68794 7.57918 34.96007 21.2427 12.59637 9.17908 17.51715 0.0 9.53496 25.76772 9.78301 27.33213 25.24871 35.79298 25.78502 0.02398 10.69506 24.30803 7.85833 10.53946 13.34895 9.03644 34.44852 13.93022 16.72889 10.41408 8.78825 9.38363 20.76119 20.62185 32.76715 16.80842 16.16233 15.00541 9.7324 32.06908 32.07788 19.94704 30.66131 33.10494 28.79663 11.50755 0.0 26.29491 0.0 13.95321 
1000.0 8.5405 13.48055 20.12416 0.0 30.75571 32.24948 25.14909 31.74528 29.51826 32.14338 7.94852 0.0 28.20142 8.45795 13.45627 14.79331 20.73836 7.89298 34.77351 0.02438 25.54959 36.12902 25.66414 18.16452 12.05042 18.30897 8.93948 25.33516 25.30377 12.88267 7.79873 33.83659 18.51149 14.83938 25.9927 28.20511 35.00726 11.09126 25.17733 22.08144 17.44961 36.1584 11.76202 14.63058 10.05318 35.85888 0.0 30.47438 0.0 17.50778 
1000.0 31.28458 37.32983 24.60941 0.0 8.93301 11.49871 32.79213 24.11608 14.65127 23.01421 20.23867 0.0 27.8035 32.7608 19.6703 8.77937 17.83601 7.63429 25.32811 0.04132 27.56613 9.43033 32.55328 21.76058 31.06687 26.22221 13.41399 33.23872 8.91171 20.1623 36.74211 11.87687 30.7823 9.74551 14.83852 19.19008 11.46669 18.3115 30.74022 12.54409 16.27287 12.68499 32.50857 8.28324 32.87526 28.48369 0.0 14.01481 0.0 18.46752 
1000.0 18.78589 19.94244 37.51488 0.0 12.54538 23.74091 18.96196 21.63491 12.52806 12.683 25.25924 0.0 22.85195 28.43586 23.95014 9.41326 12.6592 17.57603 27.72612 0.00902 17.78113 29.9511 27.64519 32.97739 29.64653 31.47033 31.47888 25.11404 25.78969 29.1191 30.40472 21.74231 9.93762 16.12478 18.00341 24.29221 36.18072 22.50507 27.54005 30.01513 35.53715 19.97709 12.63195 27.75604 14.88931 35.30646 0.0 37.12918 0.0 31.80278 
1000.0 27.8478 19.54405 36.95029 0.0 31.69333 24.28999 21.92848 28.60175 22.31891 17.95009 34.06103 0.0 34.03609 17.57201 26.55055 29.45084 25.15942 21.35383 14.30901 0.04166 25.71259 13.23941 20.16255 33.32151 32.84683 9.39579 35.01855 31.25237 14.41083 32.50876 26.3595 9.90136 29.07436 26.99028 36.87046 13.30141 14.7002 16.61701 27.61643 16.8011 30.58161 21.78008 34.82358 28.43395 12.52048 8.12966 0.0 12.94746 0.0 19.47233 
1000.0 36.76079 10.25195 9.7357 0.0 29.11874 10.44675 22.45066 26.02625 26.95605 14.28549 13.65078 0.0 13.94634 14.04556 20.62668 26.98955 18.28209 35.80699 25.95075 0.02495 8.97362 19.7867 21.10568 28.5541 26.77104 16.4382 21.30812 33.91647 8.58234 13.93254 22.29057 36.8918 10.22281 34.5266 16.62956 13.73209 25.66024 37.15189 28.97096 31.30341 19.54869 18.04533 8.00714 28.5875 23.75839 31.12613 0.0 17.01444 0.0 30.1892 
1000.0 36.8561 8.2405 12.2173 0.0 17.43631 29.04364 20.63465 9.16158 22.955 28.78009 30.4675 0.0 30.14828 20.21155 30.88507 30.3296 33.97188 35.75141 16.80241 0.02867 13.18692 34.48407 15.84833 18.45013 16.1931 23.9768 12.24799 16.54622 12.59142 35.09444 12.0496 8.32866 16.01426 18.91905 23.89841 29.74522 36.69849 35.95157 26.87098 9.93196 19.17776 37.37467 24.03117 27.70283 8.79905 20.03133 0.0 22.91486 0.0 28.50505 
1000.0 36.10554 13.28877 33.46554 0.0 19.84415 17.82866 29.31986 27.47158 27.05909 25.09464 9.47837 0.0 28.09837 21.30956 11.65651 24.33102 15.82646 28.64274 36.30017 0.01939 26.3377 15.69753 17.8614 19.13766 27.87245 17.27721 34.20924 19.52326 18.05533 20.46194 34.45727 10.57937 22.50331 20.32983 15.24284 21.96098 24.40363 9.25047 22.85648 30.07082 29.7661 35.35564 32.58247 21.35636 37.27822 18.03003 0.0 34.01719 0.0 15.09812 
1000.0 15.91771 9.88229 9.92249 0.0 9.88117 35.04402 8.04323 30.36232 20.20727 9.49854 15.89592 0.0 19.79518 16.40501 11.23847 12.86329 32.2907 28.55881 9.95782 0.02595 11.02438 18.0667 15.6322 14.5784 13.69821 20.42087 21.39244 27.65608 33.73683 21.41075 22.54954 16.11289 19.23743 11.41719 24.61398 19.83127 20.85614 15.20736 18.42617 12.79388 8.7676 30.3858 25.30231 30.70246 21.80717 8.92752 0.0 26.49815 0.0 32.07529 
1000.0 20.22707 15.70006 16.05708 0.0 9.43012 12.5408 8.26533 11.73282 15.06833 34.92595 9.75461 0.0 33.61954 26.92146 32.02527 18.63138 35.17567 8.50825 22.31219 0.03808 20.47297 35.9527 23.70228 25.26043 21.61121 19.77801 31.87292 14.13098 22.29798 12.82449 34.53862 28.12487 35.06888 29.05959 30.54699 31.24311 16.10243 27.27261 23.24813 26.63169 22.22517 30.81503 28.45241 17.65526 9.55858 16.0995 0.0 27.53556 0.0 11.3147 
1000.0 9.08609 32.1668 33.98314 0.0 30.27552 32.24698 26.13983 14.82956 36.61738 16.27603 18.83028 0.0 27.42737 9.18655 8.61217 26.42861 9.97418 10.01943 10.15757 0.04009 21.83984 27.09961 22.06562 24.07608 31.98704 10.55662 18.59024 31.33524 21.22365 23.76639 33.71744 34.08993 23.91317 28.72449 18.08053 28.19604 27.54024 9.53227 15.29858 33.01023 32.30021 19.17872 27.05102 29.7273 14.65334 30.46194 0.0 21.45168 0.0 31.05234 
1000.0 24.33873 13.16745 11.14222 0.0 27.85334 37.29648 29.19343 16.76056 8.78681 25.11554 27.77504 0.0 31.99237 21.68011 10.85791 15.11576 22.12192 27.18497 17.60353 0.0393 12.28688 25.24849 8.19829 17.84229 13.97543 31.66389 19.59017 28.36549 34.38655 21.73018 31.86972 17.4226 14.44146 17.60632 7.81506 23.97895 35.46929 25.57277 27.13258 21.85411 21.52919 18.02119 25.77123 34.76118 30.66678 28.60063 0.0 36.63891 0.0 23.37338 
1000.0 37.47999 7.87461 19.16546 0.0 27.92026 11.87272 16.04396 27.2689 33.0186 27.02131 34.51552 0.0 12.7061 27.60855 22.81769 26.84509 22.40425 11.81785 16.57512 0.02318 10.99987 21.73404 25.17153 21.99457 11.44258 16.94449 17.65883 11.5741 27.63618 13.40881 28.27662 17.73326 30.93455 24.3369 12.84698 13.48078 29.24777 12.09219 24.06061 26.42023 30.1962 20.7117 26.85931 30.60167 32.50965 13.18228 0.0 9.18793 0.0 10.96969 
1000.0 33.57548 26.92415 8.48309 0.0 32.45852 26.08228 23.82225 37.192 10.37644 12.49825 20.33819 0.0 24.84148 35.19556 21.83024 9.42045 26.73583 8.08383 29.23811 0.01597 14.40937 25.01055 17.25436 25.48995 21.37653 32.83534 25.23816 35.52405 26.1221 28.91434 9.70721 22.85612 14.66485 31.66695 26.81758 26.63139 19.89151 29.36256 26.5714 10.45483 10.05959 11.80875 18.94804 26.02112 20.50333 10.19362 0.0 35.24266 0.0 28.41777 
1000.0 7.90473 22.28147 30.80673 0.0 9.81374 15.91147 29.35203 34.63145 12.5761 27.41 25.65941 0.0 8.85682 14.72825 36.96577 25.66992 28.37899 24.59816 33.48063 0.0333 27.59733 11.76112 18.99101 27.94498 22.40563 10.8472 23.93739 8.30099 13.42779 13.36143 24.15792 20.69623 22.91994 33.55735 24.13609 10.72307 8.0908 19.20512 21.59456 20.03085 30.41181 13.83268 22.07513 31.75039 16.6648 26.5907 0.0 15.70457 0.0 14.11071 
1000.0 0.0 0.0 0.0 29.05965 0.0 0.0 0.0 0.0 0.0 0.0 0.0 11.80385 0.0 0.0 0.0 0.0 0.0 0.0 0.0 0.0 0.0 0.0 0.0 0.0 0.0 0.0 0.0 0.0 0.0 0.0 0.0 0.0 0.0 0.0 0.0 0.0 0.0 0.0 0.0 0.0 0.0 0.0 0.0 0.0 0.0 0.0 16.31469 0.0 25.51279 0.0 
1000.0 31.77568 11.10167 35.60639 0.0 24.60264 36.39368 16.97913 9.38369 13.25057 33.33214 12.08883 0.0 33.08622 16.22264 14.34405 23.66144 10.61455 25.31703 28.4072 0.02815 29.24625 18.51425 34.46511 26.63769 29.2934 19.44773 13.32038 34.84265 18.0697 18.01011 31.72158 35.26247 11.03357 32.88839 23.66073 7.90356 11.21637 31.34851 16.19383 24.76538 20.29832 24.31536 8.55363 9.89212 16.14094 20.77163 0.0 33.06262 0.0 30.84462 
1000.0 0.0 0.0 0.0 14.83267 0.0 0.0 0.0 0.0 0.0 0.0 0.0 19.08473 0.0 0.0 0.0 0.0 0.0 0.0 0.0 0.0 0.0 0.0 0.0 0.0 0.0 0.0 0.0 0.0 0.0 0.0 0.0 0.0 0.0 0.0 0.0 0.0 0.0 0.0 0.0 0.0 0.0 0.0 0.0 0.0 0.0 0.0 19.76133 0.0 35.30639 0.0 
1000.0 32.48024 10.84607 11.73065 0.0 27.33813 9.58943 8.46892 34.08701 19.31923 37.14377 10.79738 0.0 10.71739 33.66417 18.21505 23.59016 14.32564 25.72948 14.63934 0.03952 21.28816 30.62314 15.44439 14.13186 34.71733 28.72275 27.46796 10.39345 35.77733 20.90979 17.94242 8.85513 21.24583 27.84821 31.37796 16.6681 20.38902 9.45503 7.58412 18.4517 21.73825 29.16681 33.74921 12.82344 12.11559 29.68428 0.0 34.69714 0.0 26.30719 
