1000.0 1000.0 1000.0 1000.0 1000.0 1000.0 1000.0 1000.0 1000.0 1000.0 1000.0 1000.0 1000.0 1000.0 1000.0 1000.0 1000.0 1000.0 1000.0 1000.0 1000.0 1000.0 1000.0 1000.0 1000.0 1000.0 1000.0 1000.0 1000.0 1000.0 1000.0 1000.0 1000.0 1000.0 1000.0 1000.0 1000.0 1000.0 1000.0 1000.0 1000.0 1000.0 1000.0 1000.0 1000.0 1000.0 1000.0 1000.0 1000.0 1000.0 1000.0 
1000.0 25.87905 30.9354 11.53797 0.0 16.59733 26.14036 17.00681 19.83418 7.26479 17.14389 11.44762 0.0 27.38742 31.88342 12.05854 23.72208 18.60793 22.46007 15.84726 0.02592 29.56247 24.45597 13.59331 9.67411 23.77822 13.19439 15.21575 19.59248 19.51327 30.17045 11.30946 31.1149 23.2788 14.26889 13.08374 19.17496 27.72788 17.14019 31.20721 23.61578 27.99498 15.80463 10.51354 25.96349 25.30529 20.32983 0.0 17.26109 0.0 7.34343 
1000.0 12.17893 29.77436 26.19744 0.0 21.83346 24.62342 21.71584 32.00524 10.4462 8.799 10.51805 0.0 21.02782 17.71582 16.57817 7.27116 19.1336 21.11849 9.31183 0.01132 21.54487 29.32808 31.6782 18.92121 18.85955 31.46472 20.13393 8.05403 17.23922 12.90386 12.70966 31.29243 25.9462 7.06234 16.19899 9.3762 21.32261 16.19749 18.09768 18.76286 22.65213 12.7277 19.96419 13.02583 20.34272 6.44042 0.0 24.49108 0.0 9.62611 
1000.0 27.74512 21.89763 19.50741 0.0 29.29098 30.05759 29.65469 17.39419 28.95523 20.8137 15.97759 0.0 20.31237 20.41665 28.32532 8.51456 14.61099 24.90181 18.19733 0.02636 14.30061 11.22065 13.49346 19.08679 19.16397 21.14302 27.87112 27.65735 19.24217 28.20326 23.15281 7.29181 27.9901 12.62697 10.33101 30.50867 6.73759 31.81675 21.59864 14.49169 11.24259 22.85458 12.54509 31.94796 23.05845 18.69178 0.0 17.41661 0.0 10.10323 
1000.0 0.0 0.0 0.0 11.50634 0.0 0.0 0.0 0.0 0.0 0.0 0.0 11.89256 0.0 0.0 0.0 0.0 0.0 0.0 0.0 0.0 0.0 0.0 0.0 0.0 0.0 0.0 0.0 0.0 0.0 0.0 0.0 0.0 0.0 0.0 0.0 0.0 0.0 0.0 0.0 0.0 0.0 0.0 0.0 0.0 0.0 0.0 25.9321 0.0 24.83114 0.0 
1000.0 13.3146 25.67597 8.85039 0.0 31.01077 27.56409 31.35272 14.72856 29.22731 29.4249 9.87145 0.0 30.37516 27.13309 21.20606 16.6835 23.09416 29.08849 14.29963 0.00827 30.61092 19.38354 19.06994 23.0407 30.48208 27.68155 9.65262 16.86078 13.28806 31.42596 9.59554 31.68741 20.40029 19.24623 16.39925 26.72866 7.75118 26.85754 22.80849 23.177 10.04555 27.38389 6.70182 6.81164 24.48146 17.43876 0.0 7.46164 0.0 19.01584 
1000.0 25.54941 9.04617 19.68498 0.0 24.86441 25.33054 29.68312 13.27527 31.6581 9.56795 22.57195 0.0 28.84306 28.06622 22.11312 20.7253 15.53456 9.15172 20.12594 0.01322 7.64112 21.40477 13.4063 31.866 25.33316 11.66307 26.72766 7.12357 14.12263 28.04752 17.45185 31.86164 11.36164 15.53193 13.88689 13.34043 19.06597 13.8402 16.1893 12.29998 16.24204 21.8314 27.53599 31.18694 27.68913 31.54479 0.0 12.37723 0.0 15.41246 
1000.0 20.68821 10.52298 9.34483 0.0 31.83518 7.93724 20.05144 7.27062 30.13343 13.05328 7.51233 0.0 11.60212 17.49796 23.99014 30.18585 22.92959 8.53011 27.87603 0.03614 11.4986 7.58952 14.52967 26.85839 22.66285 20.67422 13.73418 17.34371 11.30147 9.84344 15.50126 18.85179 13.96677 23.64748 24.12629 18.97525 19.16572 26.50539 16.12497 21.68403 8.05649 29.80513 28.90524 29.81922 31.15329 14.94751 0.0 29.42187 0.0 13.1755 
1000.0 21.23959 31.53064 28.06478 0.0 7.37012 24.63204 15.88587 25.24346 8.92922 23.4552 22.59436 0.0 12.36671 8.33662 26.51057 13.72162 20.97223 10.9076 6.68833 0.0353 16.749 19.02377 6.69697 20.37834 13.24084 13.6601 13.01324 16.14759 28.24777 18.97342 7.38968 19.36287 13.63688 24.72902 11.25581 21.49157 14.95043 21.04527 11.05781 19.52462 12.1371 12.6309 25.79564 8.53057 22.09927 7.76075 0.0 28.4327 0.0 19.39726 
1000.0 23.60128 22.64122 16.00774 0.0 21.38648 16.09991 25.7653 14.92058 13.39432 31.75432 13.71338 0.0 15.67004 12.16014 10.17626 22.9981 27.7045 24.00858 9.63029 0.03274 15.47686 27.5462 7.06874 17.75773 28.08469 22.21178 24.2404 25.46238 6.52469 12.95696 18.14234 29.78413 13.51835 22.9351 8.39183 24.16288 21.32604 12.63278 28.09481 14.42757 13.99006 9.24881 9.21417 8.85517 30.81764 22.46785 0.0 25.414 0.0 9.0336 
1000.0 29.40754 32.00728 28.27118 0.0 23.27631 30.87622 29.00772 26.3937 27.69157 16.88439 20.40689 0.0 17.49448 13.53828 27.89821 15.82332 21.0776 27.4413 18.75982 0.03352 15.3784 27.60274 15.49422 18.69714 11.01256 31.34101 17.53728 22.41756 28.46394 30.51157 10.8658 26.73009 18.1821 14.5656 9.73799 9.52305 14.52428 21.89966 23.85127 22.98213 24.11127 6.44791 10.00134 15.19557 20.3568 10.52995 0.0 14.58489 0.0 21.58144 
1000.0 25.73935 8.51384 9.62069 0.0 8.32134 31.29185 9.80289 19.08993 14.70976 12.08727 21.7757 0.0 13.58346 14.8856 6.45877 22.09062 9.58657 19.45912 19.68471 0.03986 25.52237 6.46247 15.02048 15.49136 6.43959 19.3413 22.81413 12.87646 14.59006 31.37481 29.43203 27.2162 30.29774 17.7908 13.26723 7.31272 18.60473 29.86993 30.66581 31.58968 8.25145 26.23997 7.81867 15.78373 18.43474 30.68843 0.0 21.52306 0.0 19.83944 
1000.0 0.0 0.0 0.0 26.75848 0.0 0.0 0.0 0.0 0.0 0.0 0.0 15.33506 0.0 0.0 0.0 0.0 0.0 0.0 0.0 0.0 0.0 0.0 0.0 0.0 0.0 0.0 0.0 0.0 0.0 0.0 0.0 0.0 0.0 0.0 0.0 0.0 0.0 0.0 0.0 0.0 0.0 0.0 0.0 0.0 0.0 0.0 7.23044 0.0 7.177 0.0 
1000.0 7.17028 10.65216 14.60877 0.0 8.15113 22.44043 8.53975 9.00726 24.74666 31.64315 18.34429 0.0 10.36188 16.56965 18.11666 9.00422 7.55372 8.92341 31.79904 0.01132 26.64894 29.31613 13.31485 28.9131 18.15224 20.52257 14.71295 13.73154 23.8479 31.65782 24.42633 10.22897 30.10363 13.96712 11.6355 27.27128 19.79644 24.35369 6.52865 16.24976 29.89277 15.54476 13.70458 23.55526 30.72996 30.2788 0.0 16.55774 0.0 14.88481 
1000.0 28.13096 29.64692 9.57205 0.0 26.737 27.77894 24.00922 20.48068 13.70424 15.56258 25.36178 0.0 29.14523 9.80202 21.22858 7.48292 13.69424 11.38823 20.58526 0.03996 22.35801 27.91018 7.64703 22.97875 7.96162 27.93473 6.83471 15.03488 21.47979 7.41184 10.88267 22.23906 25.91083 25.56669 31.51026 24.17095 12.01343 18.91821 18.55827 13.45607 13.15971 26.07419 18.61293 30.46158 23.81316 6.68509 0.0 19.67878 0.0 9.73699 
1000.0 30.86016 25.6911 28.7616 0.0 6.97145 18.24888 13.40214 14.23492 26.58775 16.26146 9.61033 0.0 15.90801 28.45984 11.35158 9.451 29.73982 16.47682 31.54466 0.01328 20.16187 11.33195 20.07364 6.7061 9.5968 30.37987 16.84491 28.55313 8.67632 9.54378 28.20542 8.56389 21.02704 31.03759 23.92424 12.18674 13.53877 9.69243 14.4733 11.40913 17.56921 13.92287 12.18744 21.03532 13.77826 7.59758 0.0 18.47079 0.0 14.40717 
1000.0 25.20293 15.5652 25.27926 0.0 15.24901 21.39651 19.66477 18.70841 21.30268 24.84752 30.41249 0.0 20.6907 20.79978 25.94912 14.53463 7.61948 17.68006 29.13169 0.02026 16.13884 15.28122 29.44224 18.87779 18.32019 8.192 22.246 12.37832 21.57565 11.63179 24.48014 17.7584 12.48321 20.26865 14.31052 8.21044 25.55199 8.70996 27.10842 30.37194 31.18323 23.86492 7.25844 24.78916 29.55877 18.32976 0.0 9.07617 0.0 16.18473 
1000.0 21.5509 13.78509 28.64702 0.0 8.37728 20.34191 25.986 26.24606 11.67386 11.57039 23.73505 0.0 11.20507 30.07051 21.69812 28.84341 30.32174 10.10298 13.00442 0.03004 30.2482 13.23579 28.69502 25.79968 20.90164 16.93938 6.97931 18.12505 23.42493 9.54365 19.55683 13.61205 24.46558 28.09046 8.50522 17.82577 12.9884 23.36643 21.42064 31.97646 12.00956 25.76066 8.77372 8.85671 17.11914 25.40273 0.0 26.75968 0.0 26.58412 
1000.0 27.39314 14.75053 25.67009 0.0 20.8017 22.83194 12.35392 30.70522 31.95032 14.88733 7.48295 0.0 6.62258 9.04404 17.1801 31.96028 19.00173 24.69871 23.94819 0.03338 9.21067 21.04284 10.68896 22.7535 16.80891 25.97512 7.23389 31.49398 29.14252 30.25092 26.38876 27.55534 22.58731 30.90084 26.77916 8.25146 24.483 18.43716 7.90484 26.53188 16.08718 7.27527 10.19857 6.99555 13.92552 25.42721 0.0 27.90989 0.0 31.61653 
1000.0 22.25743 28.71206 24.90412 0.0 27.88923 20.97183 18.34529 11.4203 15.90861 21.70883 29.41067 0.0 20.32973 14.04161 28.12904 22.47449 21.23697 22.10099 14.89149 0.01562 10.6892 24.61458 12.14872 8.65278 12.27381 13.78786 10.38995 31.03077 6.88101 7.993 9.86229 12.89935 19.57142 15.13176 11.78067 7.80669 25.36192 27.1501 9.17661 30.10604 30.69829 24.60185 22.52976 26.23981 18.53463 23.84978 0.0 13.93465 0.0 7.07612 
1000.0 0.07565 0.10141 0.03234 0.0 0.12943 0.15815 0.15325 0.13615 0.03242 0.05307 0.11567 0.0 0.0883 0.09598 0.03679 0.05488 0.0773 0.05874 0.05943 15.9496 0.06848 0.08416 0.0442 0.0883 0.04288 0.07326 0.07736 0.15359 0.11839 0.03812 0.06197 0.12835 0.09829 0.1591 0.12712 0.0805 0.09483 0.13197 0.08334 0.03921 0.12644 0.12029 0.03544 0.12022 0.15311 0.07304 0.0 0.11665 0.0 0.11044 
1000.0 19.64901 13.80482 7.63384 0.0 28.03129 16.61593 19.05831 27.37425 25.75542 8.37567 14.53996 0.0 7.52917 13.20267 30.76586 27.87267 15.14079 30.14555 11.43603 0.03529 11.4062 28.96625 29.77666 30.17823 18.99868 8.3438 29.50923 10.35752 18.42136 24.16162 15.46718 21.42263 20.10652 26.63744 9.82929 13.1522 13.9719 15.45553 31.10185 13.08206 28.65807 15.40642 20.18772 12.79649 11.36549 25.45365 0.0 7.5512 0.0 30.689 
1000.0 26.15666 16.15085 6.72718 0.0 21.42029 25.92044 31.26222 28.89913 20.41098 23.70787 13.13986 0.0 26.34039 18.08392 20.81059 19.22392 27.69289 23.45806 21.64882 0.01137 13.87941 20.61374 21.07116 24.15429 30.49668 28.29173 10.72162 22.50866 20.02931 25.04253 24.76787 22.60903 17.1274 15.73013 22.55533 28.61263 20.91884 30.76169 12.99941 14.10379 17.92346 8.60573 10.09618 6.68324 27.33359 28.44895 0.0 9.09103 0.0 15.09413 
1000.0 30.04381 31.37488 20.40693 0.0 20.5498 19.4264 9.16859 23.10213 23.71028 30.62971 14.90669 0.0 12.79771 23.44984 9.85408 29.22775 17.66333 8.04895 8.08598 0.03146 22.51937 15.02312 15.32629 8.92843 18.73066 6.83705 30.46047 6.53099 10.75377 30.74785 28.49843 25.29691 28.79414 20.73495 19.69054 21.45904 13.34051 18.76033 9.22329 28.10549 18.02918 27.41115 24.13554 22.44239 22.1729 16.53265 0.0 28.34989 0.0 20.2511 
1000.0 30.28852 10.20668 19.3985 0.0 23.0358 30.47919 27.88659 15.26497 26.01758 19.91939 23.46256 0.0 7.1392 7.56062 26.15805 14.63898 8.33032 24.40202 22.87643 0.02559 26.3303 30.88364 27.1189 8.21723 11.38382 11.78829 19.66992 18.67124 8.16443 27.28285 19.39978 20.58083 24.4223 15.76821 9.48866 29.20785 8.4081 22.00744 27.63017 22.47308 7.81595 9.06115 23.71344 11.72394 15.4357 11.65809 0.0 6.86924 0.0 6.49102 
1000.0 26.35683 8.29923 29.13494 0.0 29.44587 25.08973 16.36583 21.61028 28.02756 20.27367 24.37436 0.0 13.35877 21.90691 11.57662 13.76062 24.70198 31.70261 21.23048 0.03811 24.93017 27.18545 12.17548 29.34836 7.43912 12.44955 26.44331 19.99967 7.5782 26.3881 29.19981 21.67964 19.91386 21.32367 14.50634 16.79058 26.77817 8.11353 7.7221 7.99808 15.06331 26.25369 28.37577 7.27614 21.30682 10.38706 0.0 27.30763 0.0 31.95612 
1000.0 12.51876 20.66896 7.45053 0.0 6.64388 25.13434 26.96485 19.06812 9.90423 26.34007 25.48583 0.0 13.6957 23.52896 25.24962 9.13894 13.63969 21.44363 17.72745 0.03229 20.11137 26.4577 29.45901 9.27787 18.07121 13.17746 17.88345 24.0306 15.32698 11.21094 23.50977 15.48506 24.54134 28.30163 26.69682 19.8199 31.85358 22.98519 14.05756 9.59432 30.02857 30.83105 7.57014 17.14049 29.7236 21.6577 0.0 10.50216 0.0 22.88932 
1000.0 31.22609 24.74236 17.14509 0.0 18.84416 25.67156 22.35922 13.07138 29.47547 31.46193 21.00818 0.0 16.8829 29.49083 13.02546 11.15055 7.43083 25.84625 15.22552 0.00816 27.96725 14.1179 20.08865 12.10578 10.73935 21.94704 29.75609 27.47017 9.06668 16.24159 28.89152 7.13682 31.21807 8.79006 8.2957 25.17258 23.47969 7.18386 14.58269 24.3006 10.56885 20.91284 17.50828 17.8065 16.30287 8.18597 0.0 31.69813 0.0 29.98599 
1000.0 31.94257 23.74005 21.83463 0.0 31.07488 19.97429 25.53146 29.20246 16.16765 30.69287 10.82439 0.0 22.93881 9.24147 30.89587 21.42616 17.16973 8.84896 28.65658 0.01574 12.29164 14.35783 17.23899 23.65241 17.36503 12.21912 28.16774 30.67588 16.79454 9.66449 27.06556 17.90461 18.63862 25.00979 7.25783 8.14756 28.65897 7.51104 24.36095 12.0204 29.03816 23.97059 22.23849 17.5206 19.16775 9.37959 0.0 7.99487 0.0 11.87679 
1000.0 26.29441 12.30967 15.31205 0.0 29.24294 14.75144 20.50345 16.18413 19.42499 11.4004 13.35644 0.0 7.15207 15.59115 17.53196 14.06768 29.34281 20.56823 27.73731 0.03925 31.18363 17.66242 9.07981 31.81622 27.38683 15.9211 9.90777 29.32406 16.84998 13.03568 26.70244 29.72859 25.23701 31.22673 27.18918 27.48978 16.51279 15.39554 13.47021 15.30437 31.01313 24.97039 30.76978 20.98125 13.35515 29.09212 0.0 23.58906 0.0 28.68506 
1000.0 27.58939 27.62972 31.80271 0.0 14.67583 9.33753 29.46531 18.41131 16.42893 24.39309 10.50008 0.0 13.74746 22.96093 12.31809 23.18655 9.33252 6.68857 6.70972 0.03576 12.69814 14.13416 20.51469 17.00038 14.68217 18.23111 23.12591 15.09571 16.03987 28.27189 20.09049 20.60883 14.88789 19.17213 25.20939 15.40856 9.31051 31.23065 29.67049 6.66919 16.48779 21.52361 17.14357 24.64181 18.8578 25.83508 0.0 18.08141 0.0 18.53799 
1000.0 24.4021 27.77123 27.76267 0.0 26.12283 22.20676 21.0187 26.35548 13.35304 31.71224 26.34556 0.0 14.42564 23.99106 6.73995 19.91691 15.84574 20.19906 16.79561 0.01811 8.61056 16.26597 13.06617 21.67593 12.20617 24.6065 21.09023 30.4726 26.24382 15.87287 23.50948 7.9057 31.37238 20.32327 27.17865 31.33978 24.78299 8.50709 31.1798 16.49013 12.97748 22.85191 12.22395 31.23246 14.54 6.65225 0.0 7.31488 0.0 13.41051 
1000.0 19.69429 29.8884 13.81383 0.0 8.41325 28.43868 15.93441 18.11367 20.95121 27.06956 16.74916 0.0 8.70515 22.21008 14.65716 26.03909 21.4461 31.22636 13.9299 0.02044 18.76455 28.89125 15.66845 6.45919 21.6765 30.01835 7.81934 23.56615 25.6193 6.77756 12.02681 22.43589 29.75984 31.76083 31.92053 16.39824 31.7511 31.47802 30.47485 20.99264 27.18109 26.47297 8.07534 30.38217 14.12341 12.72426 0.0 14.09775 0.0 8.90295 
1000.0 18.42435 23.2197 14.62324 0.0 21.8817 30.42071 17.39359 7.26703 25.72332 15.17952 16.43097 0.0 8.73548 30.52048 10.49105 21.50916 12.82098 17.88249 29.19206 0.0177 11.79957 31.43312 28.76278 23.79617 16.25635 15.25824 24.73345 24.86567 22.99859 20.26656 22.12856 23.91907 9.09313 14.52319 23.17777 28.00794 28.34247 9.97312 25.91158 27.28936 30.41662 27.14325 11.17254 15.89658 15.30699 19.45871 0.0 31.59293 0.0 26.42888 
1000.0 23.92815 13.01126 14.73835 0.0 29.24945 19.5231 14.85734 16.91822 10.56618 24.02425 10.42353 0.0 28.52202 23.1024 17.62481 31.10099 27.80451 28.15782 27.42228 0.02819 7.59389 9.49519 31.43384 23.29982 30.84835 24.65767 16.87121 18.90533 13.28948 16.15325 13.45769 7.90511 20.09243 10.34372 21.97758 24.05783 15.97754 6.54458 21.00804 6.66281 19.07214 23.79174 9.35402 20.61653 17.28257 16.36479 0.0 9.44388 0.0 12.76251 
1000.0 24.10762 17.82716 12.27592 0.0 16.64348 11.9547 13.11553 27.09857 30.8833 14.12249 19.23497 0.0 9.18859 27.07294 17.9604 30.03433 12.78351 31.33018 24.18966 0.03551 14.44024 24.25912 17.3955 30.46508 24.62894 22.34521 18.27191 20.87056 24.42645 11.01756 31.21942 7.53795 12.51236 28.22588 22.46858 10.75626 13.87105 12.06487 9.89088 13.16649 9.26872 21.29363 12.83759 22.63844 22.97347 20.06314 0.0 10.16979 0.0 9.80541 
1000.0 21.03389 27.55118 13.33474 0.0 27.81017 31.12899 24.34517 17.28757 14.49906 18.63968 23.52346 0.0 31.33362 19.45201 23.80364 23.91961 15.94666 16.06487 19.59379 0.01492 9.16897 27.14455 10.76264 9.87523 31.5294 22.65201 12.95043 14.45975 25.4731 30.32135 14.58151 8.66113 22.77226 13.01534 29.99536 24.84522 11.19029 22.69275 24.86627 28.61285 25.07061 25.33867 9.83282 21.84176 28.35471 13.42023 0.0 25.70679 0.0 17.21533 
1000.0 29.12552 21.31587 12.20795 0.0 9.28965 8.62815 9.83198 23.98529 17.83013 25.22242 30.24457 0.0 26.90969 15.51181 9.74536 19.67073 6.96744 11.76189 7.23365 0.01002 18.0238 31.85624 23.41204 19.775 7.02903 29.27645 26.55146 7.77369 31.53555 24.18502 26.36756 13.99177 28.43124 18.78356 11.1057 29.5603 7.05652 29.16152 26.48801 29.09036 19.60322 8.71887 21.39577 28.17187 30.74682 21.48508 0.0 7.92327 0.0 9.95505 
1000.0 18.96583 18.8798 22.54947 0.0 28.10808 19.17403 11.48852 8.27273 8.9165 15.28676 19.34093 0.0 25.49969 23.37554 27.51296 18.58515 13.67344 29.29595 26.72645 0.03218 15.40698 16.01784 20.98974 7.33362 27.78221 15.85895 11.41347 17.19774 13.85613 28.42758 26.93368 9.96251 27.90041 18.69346 29.31047 27.53963 26.32929 11.03216 20.32364 16.11813 28.33638 14.22683 31.98432 22.321 16.72156 7.32237 0.0 27.6215 0.0 28.633 
1000.0 26.65192 27.77881 26.04462 0.0 14.78432 25.28688 9.39595 17.61894 8.17193 29.68843 29.11544 0.0 19.89393 18.89985 31.30185 19.84063 14.33966 10.26648 26.31033 0.03692 15.8147 17.64119 25.68653 20.25515 18.36728 30.92013 17.04346 28.48978 19.9012 11.4726 13.86626 10.2254 25.79611 31.1123 27.09569 23.08566 10.6136 22.11145 11.78376 14.76196 28.01971 24.51911 8.90374 23.06588 22.04993 18.99429 0.0 24.72117 0.0 14.81748 
1000.0 21.00008 25.3825 28.42874 0.0 13.09311 13.45873 13.09829 11.09849 11.15008 13.4015 18.74936 0.0 20.27344 23.77127 13.94666 12.70123 18.61703 17.53461 9.95072 0.02264 23.87009 7.34849 31.20172 30.45672 26.81275 19.86366 11.30404 30.2674 13.04337 24.88604 10.49868 18.85745 12.45764 18.50238 17.74379 7.63871 9.86718 9.89453 7.12978 14.63793 31.97165 29.85287 14.8185 23.4567 20.38431 30.77181 0.0 10.88722 0.0 25.56349 
1000.0 16.16705 11.40814 28.85119 0.0 15.37982 12.46472 30.22775 25.54907 20.0211 8.52788 6.7044 0.0 29.99094 9.43029 10.37766 24.14422 8.70033 20.99225 17.38619 0.02898 7.22817 23.13003 24.64712 27.33435 25.30337 9.56154 27.30382 25.78123 24.83358 29.32013 23.87625 27.67731 27.91033 9.79158 31.88049 23.83574 24.25677 13.72717 26.9544 30.32375 15.07719 8.02885 23.62817 19.29695 28.67902 10.7891 0.0 10.72561 0.0 11.70835 
1000.0 18.74409 17.41512 29.077 0.0 9.35194 14.32734 25.46573 9.84376 28.86881 22.84695 27.7369 0.0 21.39467 28.61538 20.97605 28.23045 26.40392 24.00642 22.28755 0.03659 27.39232 13.95729 17.86705 27.27452 19.61141 12.14994 18.37041 9.67229 31.29331 19.09731 27.98443 13.09809 24.92177 19.58714 11.76836 30.42426 11.89535 11.63189 7.97396 29.21313 29.72129 17.25645 27.63283 16.16655 31.96731 19.67471 0.0 15.19472 0.0 28.24802 
1000.0 26.14436 12.59103 8.82524 0.0 26.45629 21.67587 29.57593 31.88606 25.48441 29.06028 26.4632 0.0 23.72203 26.44181 27.49412 22.0891 29.64033 8.05845 28.11823 0.01896 8.34235 30.0189 31.60254 23.37186 24.40916 13.90273 13.01396 31.41557 23.57514 25.17248 30.3332 21.95282 16.51876 14.46822 11.07085 8.81657 25.1159 25.14977 25.45794 24.56406 18.87273 29.52927 29.01962 29.29289 20.54452 15.96573 0.0 20.14318 0.0 30.33092 
1000.0 29.0232 12.39125 20.47634 0.0 27.29613 11.72607 9.58363 23.63862 16.62004 30.35378 8.58338 0.0 25.10666 11.5386 27.88879 29.6464 26.60111 26.05544 23.40815 0.03154 10.29877 8.0874 15.80697 19.74703 24.53004 30.17882 27.08293 27.72082 13.76572 6.64592 24.61598 29.86047 7.8731 27.09865 21.06929 30.41192 6.97302 22.11769 29.83844 17.78466 27.17721 11.60424 16.35877 11.29607 18.49149 14.979 0.0 9.13407 0.0 29.12359 
1000.0 14.04039 23.94262 17.95059 0.0 30.47722 22.38263 17.81904 9.14962 27.41801 19.70876 14.69499 0.0 12.0621 25.21566 18.1403 29.61939 11.72653 21.16506 17.45461 0.02545 10.7673 22.1774 18.88944 27.14149 15.46041 28.91562 27.82904 19.63913 12.15324 12.17799 6.4424 14.39805 20.06513 13.35355 27.62979 18.71342 19.86677 18.66931 10.10851 28.31225 16.64363 15.33823 30.31227 6.90154 27.00186 20.94384 0.0 26.21297 0.0 17.07999 
1000.0 29.11505 14.24041 7.72872 0.0 29.47196 25.82496 21.31179 23.00329 22.20017 24.27144 29.84132 0.0 27.8068 18.01654 30.11508 7.07525 6.58507 16.75398 6.98373 0.01147 30.98119 17.37857 28.89391 13.81089 29.18815 21.86952 17.80627 9.9193 20.37572 19.41204 11.85591 23.36126 31.16955 12.60216 10.16695 23.87866 10.1241 31.86582 22.53233 31.08578 20.78028 29.12221 15.91603 28.26161 22.4099 7.6403 0.0 31.32658 0.0 6.43889 
1000.0 0.0 0.0 0.0 16.73627 0.0 0.0 0.0 0.0 0.0 0.0 0.0 15.24677 0.0 0.0 0.0 0.0 0.0 0.0 0.0 0.0 0.0 0.0 0.0 0.0 0.0 0.0 0.0 0.0 0.0 0.0 0.0 0.0 0.0 0.0 0.0 0.0 0.0 0.0 0.0 0.0 0.0 0.0 0.0 0.0 0.0 0.0 23.61309 0.0 21.1395 0.0 
1000.0 12.57402 12.46563 23.68912 0.0 13.66591 6.60838 29.67762 20.58532 29.51232 18.31778 7.95746 0.0 22.02448 26.82293 22.11546 6.51273 10.22764 22.50896 18.63522 0.01721 18.73755 6.73449 10.80794 21.31534 19.71154 13.61337 14.73874 10.3279 9.61044 25.45798 29.04591 16.50073 19.84572 15.5382 14.9903 26.61584 23.29139 27.39532 20.30808 13.05438 9.62599 23.52047 18.40671 22.55642 16.64283 9.17486 0.0 28.67396 0.0 22.04102 
1000.0 0.0 0.0 0.0 22.759 0.0 0.0 0.0 0.0 0.0 0.0 0.0 27.12305 0.0 0.0 0.0 0.0 0.0 0.0 0.0 0.0 0.0 0.0 0.0 0.0 0.0 0.0 0.0 0.0 0.0 0.0 0.0 0.0 0.0 0.0 0.0 0.0 0.0 0.0 0.0 0.0 0.0 0.0 0.0 0.0 0.0 0.0 7.95952 0.0 29.47045 0.0 
1000.0 22.60854 20.92254 15.19063 0.0 8.22141 14.04154 14.05326 8.60494 20.25127 29.36622 21.75932 0.0 26.35799 30.39614 17.40819 23.31043 10.74858 22.66657 23.77474 0.02988 22.27291 8.65365 7.50299 24.44302 27.70567 15.34092 8.58968 23.12493 8.25486 16.95744 18.14883 23.19528 31.96298 7.46032 19.89362 16.14977 22.44015 20.90868 24.15885 30.90504 21.25595 31.28433 12.38908 11.72306 28.75268 22.62028 0.0 12.8544 0.0 22.01271 
