1000.0 1000.0 1000.0 1000.0 1000.0 1000.0 1000.0 1000.0 1000.0 1000.0 1000.0 1000.0 1000.0 1000.0 1000.0 1000.0 1000.0 1000.0 1000.0 1000.0 1000.0 1000.0 1000.0 1000.0 1000.0 1000.0 1000.0 1000.0 1000.0 1000.0 1000.0 1000.0 1000.0 1000.0 1000.0 1000.0 1000.0 1000.0 1000.0 1000.0 1000.0 1000.0 1000.0 1000.0 1000.0 1000.0 1000.0 1000.0 1000.0 1000.0 1000.0 
1000.0 16.9253 32.04221 46.70821 0.0 18.08909 40.93139 31.21935 38.5662 25.42713 10.29469 39.59396 0.0 22.61002 42.2266 13.05754 9.81341 36.44682 15.91023 36.27322 0.03433 16.80429 41.95031 11.95491 24.1047 13.62555 34.17956 22.69263 39.2078 31.33924 29.12222 42.98304 41.18439 16.09846 48.82134 34.17255 18.37147 12.6358 39.797 22.90093 15.01564 10.9577 35.73368 34.85027 27.18798 21.82089 44.17657 0.0 16.29752 0.0 18.93031 
1000.0 47.83059 35.55525 23.2021 0.0 27.96744 41.13332 28.44037 37.62436 38.88214 22.63912 28.7204 0.0 24.14471 45.28308 19.63657 25.79493 45.15092 20.9618 15.76358 0.03068 27.02882 11.98164 43.56741 38.46922 18.31401 32.5249 34.87039 45.14292 13.47195 32.05347 39.41043 12.01981 44.485 33.47609 10.9911 17.79413 19.01127 22.00338 45.11546 38.23354 38.45485 40.73877 25.22875 13.483 36.20373 28.24677 0.0 17.55549 0.0 46.11713 
1000.0 29.25399 12.60809 15.23903 0.0 11.23033 12.48195 19.4651 22.02967 47.74118 28.89091 13.94941 0.0 37.90989 10.39636 41.36138 13.44038 28.39525 28.8631 39.29492 0.03234 13.7114 38.32244 35.79387 17.35262 14.51443 35.40442 35.15003 13.66725 36.57485 23.46691 41.1628 15.86607 48.13574 11.07751 30.69334 34.8709 21.68263 34.81127 40.32192 29.3344 23.38575 11.3003 15.61767 30.06321 48.60576 44.94107 0.0 36.52477 0.0 18.08501 
1000.0 0.0 0.0 0.0 23.39044 0.0 0.0 0.0 0.0 0.0 0.0 0.0 24.0443 0.0 0.0 0.0 0.0 0.0 0.0 0.0 0.0 0.0 0.0 0.0 0.0 0.0 0.0 0.0 0.0 0.0 0.0 0.0 0.0 0.0 0.0 0.0 0.0 0.0 0.0 0.0 0.0 0.0 0.0 0.0 0.0 0.0 0.0 12.74364 0.0 35.63628 0.0 
1000.0 28.26467 34.24374 24.1144 0.0 12.89506 42.5765 26.8983 41.09415 13.95279 17.19101 10.51809 0.0 36.8606 25.06149 33.0802 15.94733 25.69111 39.12159 39.44777 0.02645 36.95177 15.31147 11.65374 44.10995 40.21745 38.40615 23.80714 16.49928 32.63393 10.60359 36.78146 27.78885 18.30684 29.42905 30.66109 46.07048 15.91791 38.52158 38.09097 34.97091 10.6784 19.82088 38.82287 21.51629 20.78789 29.0185 0.0 21.37519 0.0 43.11823 
1000.0 12.09361 11.72227 46.91844 0.0 25.42397 41.14497 44.88017 16.76741 22.62008 14.65381 36.08558 0.0 9.90328 16.48776 10.27926 22.36112 33.56467 44.17783 11.18005 0.04306 18.39552 30.03007 42.66381 14.57036 32.92885 23.87336 48.28957 17.63637 28.83954 16.56305 18.73899 22.49896 46.63116 47.83691 41.65554 35.10336 27.95484 30.50189 22.85682 24.08096 48.07371 43.29871 11.80528 20.05916 14.09727 13.56938 0.0 35.17147 0.0 43.37379 
1000.0 33.86656 30.38856 20.35426 0.0 41.04942 20.09933 14.55901 27.5194 28.59799 32.59755 9.86095 0.0 13.5862 33.98083 43.55045 31.14992 27.96265 13.79277 19.1761 0.03644 14.75367 25.08059 11.56456 43.80726 31.7041 11.39669 13.4017 17.92326 31.67761 23.14276 39.90898 26.11906 22.46668 24.20546 40.4447 39.10812 46.76876 10.93127 41.2414 16.87277 21.0669 45.79411 40.63622 12.37641 26.15715 48.68788 0.0 38.57914 0.0 22.3388 
1000.0 31.00553 45.13812 21.1138 0.0 11.11498 28.72642 40.2565 18.3248 37.2708 26.41529 22.12656 0.0 24.96197 40.37996 31.70023 15.91989 24.35816 34.47156 11.36942 0.0397 17.10455 28.38235 31.41514 23.98924 34.78388 47.31793 13.4532 16.12486 29.94765 13.40351 13.15584 25.53156 21.07761 21.23397 21.16098 39.07293 46.09171 38.96363 34.58909 11.51321 47.87545 15.63352 11.61058 17.5217 20.47498 15.6623 0.0 13.5173 0.0 15.29702 
1000.0 23.83833 38.36527 30.71593 0.0 47.78378 12.21768 31.1556 48.20661 12.72947 48.82437 41.22322 0.0 35.84345 24.39319 36.57336 48.77478 46.36081 13.5834 20.71931 0.01676 13.42894 25.24962 22.86381 11.3873 36.46645 39.93058 31.88115 19.77345 14.653 17.38216 17.46183 41.48934 37.38777 44.56394 13.18833 10.95499 24.52931 16.53764 27.1088 17.92453 40.13389 25.52343 37.8672 34.95079 40.6525 45.72768 0.0 40.00354 0.0 28.92318 
1000.0 39.32677 37.993 33.32868 0.0 40.73736 46.6245 22.07308 24.61064 22.11279 45.35499 42.97999 0.0 26.25165 44.59754 39.00896 43.61665 41.17249 31.07196 30.39523 0.01161 43.83732 29.81588 13.36949 11.74408 48.41601 47.64773 30.18422 26.99613 43.63047 22.37438 11.22114 21.52759 33.79916 41.04841 34.9103 42.06638 34.64926 22.67574 40.69506 11.43307 11.92422 48.69266 22.29116 16.46021 45.86767 46.75276 0.0 35.93626 0.0 37.49057 
1000.0 43.93669 24.70603 41.87285 0.0 12.50829 23.69506 40.43744 26.97484 12.77531 16.07476 42.32509 0.0 48.90116 46.88558 28.55009 34.20786 16.56376 43.10193 45.77681 0.03458 14.59779 17.75761 43.26718 39.08895 44.66592 28.71361 40.92856 15.44502 10.78423 31.30171 34.91612 46.01784 18.79435 22.63881 32.48372 40.66958 45.63271 34.45169 47.80253 32.20248 21.69394 36.43687 35.06544 25.40626 42.96581 37.13948 0.0 43.88678 0.0 26.52703 
1000.0 0.0 0.0 0.0 24.24886 0.0 0.0 0.0 0.0 0.0 0.0 0.0 18.60068 0.0 0.0 0.0 0.0 0.0 0.0 0.0 0.0 0.0 0.0 0.0 0.0 0.0 0.0 0.0 0.0 0.0 0.0 0.0 0.0 0.0 0.0 0.0 0.0 0.0 0.0 0.0 0.0 0.0 0.0 0.0 0.0 0.0 0.0 15.41628 0.0 17.73339 0.0 
1000.0 12.45747 24.34367 20.97702 0.0 17.89803 36.71677 29.56132 35.4089 16.77627 12.51739 20.06568 0.0 46.04689 39.14965 14.76677 45.62009 45.94889 29.51967 35.84617 0.01555 22.18976 32.00883 26.49455 16.9793 12.94194 15.12419 33.30003 40.62778 45.93326 19.15935 30.90039 35.83863 41.56179 24.15106 24.59726 46.13147 33.33238 32.71645 28.35494 35.15322 46.17847 10.66747 23.47854 19.65383 19.4276 33.17164 0.0 48.32951 0.0 14.36614 
1000.0 28.37448 34.94159 21.3114 0.0 45.85605 34.0886 34.08207 35.91184 41.02168 33.54931 46.27006 0.0 45.84784 12.73286 42.04948 34.22699 27.91287 12.89279 16.77758 0.02799 15.08171 35.79903 42.45629 47.25385 45.14121 38.41944 11.00576 20.19235 47.93437 34.89415 29.23743 30.78403 35.75173 27.79287 39.66799 9.8106 20.62569 14.93592 47.40666 48.32753 48.29889 33.24856 36.61458 33.73622 42.84037 29.32054 0.0 18.04246 0.0 23.30235 
1000.0 20.11697 42.92262 36.41128 0.0 33.0702 21.9745 32.08122 36.77388 15.35572 36.69318 42.2795 0.0 18.76409 42.44053 35.41907 40.76928 27.09899 10.37608 18.44633 0.04176 39.34546 22.97415 28.86188 18.31843 48.83441 35.67894 37.05507 22.63296 24.84246 29.35661 11.52318 25.28148 15.73789 34.15869 33.94463 21.91329 40.74676 43.46141 46.99793 47.76275 41.2608 11.86819 39.20418 25.4811 35.61145 19.11483 0.0 15.70992 0.0 17.69851 
1000.0 41.45897 27.79725 39.742 0.0 29.7355 22.82633 18.84242 24.8907 10.54133 32.62914 46.48663 0.0 12.05548 34.59118 30.84945 42.95677 10.69719 14.56657 28.79774 0.02913 12.43824 27.55496 14.70015 16.64959 21.81835 22.71866 13.48761 21.18786 29.127 29.32869 31.74439 26.36676 38.68006 28.05928 13.03464 47.97445 27.43544 40.46136 28.47631 12.52085 10.11174 27.01271 41.72986 39.30818 29.93937 15.15195 0.0 12.22796 0.0 22.34705 
1000.0 25.58255 13.28192 34.25899 0.0 38.2357 26.8821 14.74796 18.82717 25.18595 46.61618 9.791 0.0 34.9419 33.77167 41.50765 46.16717 19.43634 17.57957 10.35613 0.0262 11.6991 37.39999 32.41219 37.80257 45.58912 41.51024 11.97534 43.64214 36.75378 26.03255 34.66021 11.05748 43.01691 17.5227 23.01054 47.81438 31.85081 16.31848 45.40682 22.34646 26.79894 14.71609 44.82025 20.29972 23.23273 32.70786 0.0 17.17734 0.0 34.93101 
1000.0 29.04475 45.35499 30.89702 0.0 41.19346 35.94984 11.88605 31.02661 20.00216 41.75949 36.15017 0.0 47.5281 40.04063 41.1595 16.34534 15.36785 12.21823 42.79227 0.03785 36.39252 35.34474 37.10538 20.93751 41.67447 37.24794 17.0304 27.11463 21.16675 41.11324 44.29682 18.05762 47.17219 41.62046 13.19953 38.40278 43.15413 10.76057 31.07713 39.63918 45.21839 31.58259 39.41999 34.77692 15.25436 12.285 0.0 36.89586 0.0 36.8965 
1000.0 17.24654 15.99255 39.17704 0.0 30.14506 12.02401 43.82674 44.1574 10.85164 24.64661 43.87784 0.0 44.38524 39.90323 29.37902 26.64814 45.41844 39.56361 21.30582 0.02126 14.71511 44.46936 10.69116 43.35097 32.37049 11.63197 27.35138 23.79636 28.635 34.97719 48.24936 32.82419 40.50806 25.63334 12.89888 23.33028 19.29378 19.59917 31.91307 36.72306 21.6949 16.14416 35.31334 47.91679 42.98017 43.83732 0.0 15.91355 0.0 35.66923 
1000.0 0.04301 0.15597 0.1019 0.0 0.16525 0.10685 0.12777 0.11333 0.16392 0.0762 0.16167 0.0 0.11998 0.15099 0.05246 0.17691 0.05711 0.15618 0.09922 12.45663 0.10273 0.17002 0.06832 0.11781 0.06145 0.10582 0.13802 0.16008 0.13453 0.07034 0.15376 0.13556 0.1161 0.05439 0.1023 0.07621 0.06061 0.19492 0.18437 0.17943 0.10283 0.06944 0.07299 0.05172 0.05063 0.17356 0.0 0.11928 0.0 0.19393 
1000.0 29.68586 36.78637 48.03171 0.0 33.39898 32.07244 19.99279 21.31507 27.44825 14.35138 14.09861 0.0 22.20199 30.08532 26.77566 37.60579 25.981 24.47301 35.85858 0.02665 12.07956 35.60548 10.31141 35.20521 40.78866 35.92679 22.45208 33.76442 45.56811 45.77376 41.35317 33.85558 48.76001 22.73576 37.55011 23.83463 40.69464 12.15879 46.71686 16.99972 38.66139 35.39005 46.78099 38.86283 32.69223 30.67542 0.0 37.11669 0.0 37.94985 
1000.0 27.11774 40.82677 39.7434 0.0 17.49731 29.47867 17.46164 10.87682 40.68467 48.22258 12.11266 0.0 47.18827 32.07367 45.21913 22.14317 21.05258 13.72709 22.57181 0.03628 11.68093 47.23174 19.60171 11.9589 22.46704 20.93472 18.89953 17.38923 23.01188 21.10951 34.84897 22.50557 35.60233 29.07754 16.01761 10.32894 37.44424 36.08551 34.61445 29.57207 38.70491 28.15536 36.95694 48.19873 48.3993 10.23219 0.0 36.42278 0.0 34.62466 
1000.0 37.33621 15.89877 41.99799 0.0 39.61157 20.58668 30.36405 11.95761 25.07845 25.63233 17.85161 0.0 17.23558 24.56343 45.25581 31.20029 34.72307 13.84496 19.46679 0.04668 27.18847 39.83978 21.63002 30.08733 31.94129 20.8761 12.11863 14.72026 16.84988 47.71046 30.34719 26.32582 12.92419 17.42769 13.43887 47.14716 30.85576 22.52503 29.60046 18.54621 37.12192 13.83077 25.23058 18.24222 32.62887 10.49066 0.0 24.36241 0.0 21.26601 
1000.0 27.51367 27.01218 40.06806 0.0 43.2966 30.82524 17.10043 18.1406 37.82523 31.94852 40.24623 0.0 37.59696 29.10699 37.03273 36.9878 44.92538 24.40117 39.64344 0.01611 26.14131 42.63152 35.44431 39.21349 35.86133 22.29947 46.96195 15.67023 17.9961 45.63469 42.60623 41.64653 38.74258 21.67467 39.98301 36.17961 18.36547 34.58224 29.23443 12.86427 10.74422 10.22123 9.87053 22.2261 11.91584 31.7491 0.0 14.04358 0.0 33.07791 
1000.0 37.08668 28.63308 30.34165 0.0 36.54035 27.91046 27.93244 10.61416 39.61484 12.0054 35.65203 0.0 46.86328 28.06421 22.27284 29.19614 15.76615 29.03979 15.90712 0.02808 35.0359 47.51267 40.40584 44.80254 34.24636 24.30801 28.23945 21.64363 10.21342 47.52683 31.64454 43.40876 37.75328 31.81057 32.72068 9.96861 35.04312 21.81892 29.33384 43.7895 28.25182 46.0112 13.55334 46.45188 33.71506 21.586 0.0 17.97789 0.0 23.93982 
1000.0 32.74948 48.694 17.70208 0.0 46.20779 12.09756 19.27701 25.2619 30.43646 30.18942 14.03725 0.0 27.3809 29.68667 31.01924 21.20121 48.73036 42.19041 37.76254 0.01121 19.5373 27.96065 16.84681 47.42622 18.41844 47.596 35.58248 32.97387 27.99731 15.11737 17.81262 38.30135 24.27328 45.94038 44.58254 21.63882 35.26232 48.76099 42.92612 25.02478 47.94511 25.13021 29.97912 20.11526 14.36448 39.01511 0.0 11.84411 0.0 43.23379 
1000.0 43.94095 45.40059 41.75837 0.0 36.10571 12.91393 31.70035 26.14582 12.9693 45.52495 19.45465 0.0 22.16319 35.52503 48.58254 12.74799 23.96189 19.01086 47.46681 0.04638 41.41837 31.15227 21.68675 32.27946 29.81158 40.83988 28.08846 44.4075 40.65519 42.41383 47.5754 28.89585 48.48267 11.25399 16.92599 44.82672 13.80866 29.86434 22.01929 37.97812 38.50757 42.86457 41.47838 15.09745 13.55612 15.56325 0.0 27.04555 0.0 39.79339 
1000.0 23.15605 36.9724 18.48575 0.0 47.20143 24.95591 20.21346 33.15939 43.01696 23.41353 40.16467 0.0 48.38217 15.80404 40.37391 10.61358 46.93324 26.17023 17.30902 0.02562 46.11076 22.09152 13.05816 39.22204 14.50698 40.10558 32.39429 19.62895 47.72506 24.15689 15.36844 35.35608 36.1701 31.51264 13.71371 20.71001 32.35507 10.05742 31.80448 25.51936 15.64694 23.20326 10.85918 44.89869 12.38787 14.02926 0.0 17.03331 0.0 48.35502 
1000.0 37.7877 29.66325 39.66423 0.0 43.89556 30.39109 38.18225 18.74362 47.64636 22.33747 43.49758 0.0 10.37538 40.48533 34.43033 29.24206 27.50796 20.31645 32.7621 0.04932 36.01691 37.28357 21.66939 44.46463 42.07436 44.49108 28.46406 14.4663 36.20553 39.84771 19.79436 34.73897 13.30133 19.97658 37.87077 43.21486 14.89916 34.7428 17.39228 29.95224 24.96049 44.23503 10.64979 10.03062 47.82173 28.15271 0.0 13.89942 0.0 48.76199 
1000.0 46.32979 17.32459 15.91916 0.0 18.19155 16.67201 37.58932 12.77948 31.63268 20.69822 36.58756 0.0 27.75875 29.52499 21.80435 15.69604 38.55691 41.22751 15.05287 0.01454 32.03239 37.19166 26.95527 11.86104 32.89593 16.801 31.53921 20.40759 25.64336 12.44745 26.66831 17.5785 22.72722 17.71602 13.10664 30.0467 48.88788 11.85323 26.9485 15.49012 42.425 17.29718 24.11775 15.22608 20.63524 47.02133 0.0 15.51787 0.0 40.08972 
1000.0 27.92177 29.91245 34.38414 0.0 19.62392 27.64164 22.40196 43.32127 44.16576 17.59343 29.06514 0.0 32.74355 20.55594 33.53864 24.926 28.16366 14.25224 43.2527 0.01782 25.82052 41.12238 40.23556 18.48344 24.7219 35.24775 24.67945 29.20496 11.97826 36.92935 43.15337 48.52044 30.33421 48.79956 32.08255 14.9705 12.70991 33.62393 32.85429 41.70964 11.34873 21.19317 19.89953 15.0577 43.53488 45.40339 0.0 34.00563 0.0 22.71718 
1000.0 24.03261 30.4514 20.57959 0.0 14.40598 45.28046 43.63998 13.53653 20.93287 48.28287 18.5793 0.0 34.49257 22.58342 45.72567 47.59889 21.37469 39.2559 26.16498 0.04729 41.94759 26.28371 40.50277 26.73953 14.75698 24.70287 27.94158 19.75818 42.97126 39.78074 37.18382 41.45531 10.17631 43.43301 23.13221 23.23612 31.49993 46.9317 21.29555 25.07454 19.78758 21.77896 32.3947 18.92919 29.74797 16.82998 0.0 34.9876 0.0 15.8188 
1000.0 19.70273 37.22832 34.31288 0.0 30.19727 48.9046 37.98028 10.08487 26.04159 18.7194 11.95458 0.0 13.3542 25.78976 43.53826 32.82878 34.49566 27.72353 12.64159 0.03595 28.05297 13.69611 40.74994 27.3322 20.43263 18.48026 41.29079 17.9465 35.2865 27.76102 30.86807 28.41603 19.01718 32.34795 28.60035 38.96746 16.41506 42.73539 16.58937 23.06527 11.20573 34.55075 19.23953 16.10273 21.1453 40.28006 0.0 43.67283 0.0 33.92603 
1000.0 21.28215 35.55416 40.30508 0.0 43.42822 13.29354 33.56568 39.57364 34.31804 14.86784 42.5986 0.0 32.93997 15.97017 18.52491 15.8052 26.15041 22.23822 19.94787 0.03195 27.04709 23.97478 28.47008 12.03595 23.27386 10.86234 15.04836 11.88942 34.15438 23.85311 48.10483 24.15443 18.47373 32.13415 11.44781 47.33715 33.49763 28.11233 24.82204 30.61837 25.5523 11.25796 43.08728 48.03562 14.44902 20.21882 0.0 18.7388 0.0 47.23275 
1000.0 25.56426 28.29715 28.09842 0.0 46.75375 13.98737 25.88031 22.16421 24.56915 22.09466 29.81286 0.0 46.34759 14.78776 21.49295 37.69768 39.08932 24.76325 47.18885 0.01311 20.40282 25.13339 30.93267 39.32839 20.27713 46.77227 29.61394 44.13006 39.66549 29.39189 32.90269 36.22984 25.42625 10.03886 46.7726 38.68126 20.74923 32.90116 30.29508 26.70509 45.44709 17.24978 30.95714 14.02491 32.22727 26.89512 0.0 48.80781 0.0 28.92627 
1000.0 22.32282 10.9815 31.73363 0.0 40.82518 16.68564 47.89176 30.65268 39.4197 39.52969 28.42548 0.0 45.89864 31.84668 42.0639 32.97328 35.59307 10.82204 34.16993 0.03791 22.58942 33.2992 16.02586 34.89903 44.85659 12.37854 22.76161 33.68363 25.57262 26.48375 18.51269 35.86106 39.79149 29.36971 35.45454 15.72251 13.83016 34.01771 34.83496 10.44847 22.30378 46.06757 27.13174 18.27953 32.48888 21.13475 0.0 43.95151 0.0 17.98177 
1000.0 30.76161 29.30885 34.72251 0.0 28.72353 44.21102 33.63683 47.58247 23.84434 14.54087 19.77064 0.0 16.87705 42.81271 23.52258 41.44494 11.4277 44.77258 12.24296 0.02441 13.22053 47.00171 32.26104 45.81607 32.77621 21.41147 33.01522 20.59444 15.83814 47.72075 40.63147 47.6929 22.28062 38.25716 23.19556 44.9205 18.60769 20.35027 14.8596 22.27124 30.34315 22.31888 10.24323 14.42616 43.82839 38.75159 0.0 10.7218 0.0 38.32973 
1000.0 14.94588 15.48492 34.62597 0.0 34.28011 41.4488 17.51485 26.18439 39.33879 26.0984 43.81793 0.0 10.00082 20.97836 33.03301 41.81066 47.89259 42.31569 18.76378 0.04835 12.6149 43.96497 12.45325 47.50265 32.59964 12.07891 45.70743 40.78621 48.21891 17.46246 47.14084 35.75596 26.32197 37.95715 31.25057 12.35698 27.37822 23.18704 18.69448 14.83441 39.76083 21.28955 16.32049 38.86861 25.15808 38.30004 0.0 41.56364 0.0 39.30522 
1000.0 14.45212 41.00102 47.46966 0.0 44.302 31.59751 26.65192 14.73048 43.61003 34.6292 19.00567 0.0 43.21733 26.28852 30.62012 37.87687 42.9131 11.61692 26.86237 0.03726 44.03704 24.172 37.51948 22.59577 15.18852 43.56522 35.53031 23.51296 29.30907 44.71156 43.00429 16.49524 47.0032 38.55146 40.0756 48.30208 26.86884 35.62296 43.84049 18.0014 24.71481 16.08332 14.84797 12.75706 18.78735 46.967 0.0 39.62911 0.0 41.17156 
1000.0 46.54789 20.8037 9.88447 0.0 25.65134 44.51753 36.40587 35.76003 31.68155 38.78338 44.54199 0.0 41.71951 48.34867 15.9042 45.68244 38.01271 28.93739 28.66298 0.0171 34.35166 41.50134 28.26915 23.30059 16.77595 27.18521 21.55276 44.07623 15.03989 19.51355 40.59178 23.79648 28.65131 12.075 22.23797 48.90114 17.49551 15.06777 19.02836 46.58871 45.64271 42.14887 20.62738 24.49701 41.14698 22.54915 0.0 23.6635 0.0 20.00821 
1000.0 27.88304 26.29245 47.52016 0.0 42.73235 19.77092 32.53414 43.46972 45.13698 14.93051 10.42401 0.0 28.68334 37.56206 43.76631 12.02468 26.859 29.28947 40.59207 0.04062 11.23492 38.87227 12.57328 32.92696 21.7892 38.83003 35.47102 25.69589 37.77179 44.38093 23.26072 22.359 28.78401 42.83105 12.66627 16.10248 35.07715 17.10403 25.21819 42.47412 18.38249 19.09776 41.67783 42.85781 44.34809 39.30271 0.0 35.29694 0.0 27.31145 
1000.0 35.96287 47.71777 34.03856 0.0 47.84326 19.17749 23.23765 29.01257 17.40933 15.64057 20.91357 0.0 47.94825 32.9924 30.82014 10.73808 11.66194 10.11957 19.08578 0.01044 21.3773 10.0132 21.50204 38.86733 10.94031 47.33225 38.41698 13.28116 13.76248 10.66484 16.70146 47.80957 41.59962 27.66385 9.85616 33.28778 22.10676 27.64551 30.92957 30.95963 44.91892 39.02718 23.19287 13.65861 12.5283 23.48953 0.0 31.80526 0.0 20.06654 
1000.0 37.8822 47.94466 32.94996 0.0 22.34524 24.11915 38.5628 15.03661 37.58812 17.51565 42.51767 0.0 47.62095 34.75876 37.8634 16.40052 28.08424 13.47398 35.37038 0.03438 22.35219 41.03962 43.74297 23.55075 33.95719 22.43275 16.5463 20.65114 19.40832 13.58854 19.2714 46.7837 44.58726 48.76817 27.05765 36.01851 47.96357 30.5866 18.36929 17.00652 44.22272 35.02604 19.07662 22.52983 18.99113 11.43372 0.0 19.79385 0.0 20.15427 
1000.0 44.1132 25.77481 36.21403 0.0 19.9251 18.43929 41.72963 13.78646 24.10381 25.18064 14.97254 0.0 17.19038 16.27801 25.51062 29.45938 28.72236 32.56652 24.96407 0.02875 46.66618 31.90829 32.55207 32.22583 25.67842 21.63601 24.472 48.25544 39.41558 12.46639 46.80055 28.55439 36.95926 27.60773 14.89385 44.73679 26.77703 27.02147 48.60293 43.25295 13.46899 18.64321 23.59016 28.16852 14.14091 19.49139 0.0 23.72291 0.0 22.00963 
1000.0 43.11131 44.71773 47.57913 0.0 27.65716 37.51382 48.10818 32.70439 29.30292 24.3012 39.66083 0.0 14.39646 44.55455 17.6442 30.16927 43.81437 16.84272 20.22305 0.02634 33.61944 17.27626 35.57268 20.44776 25.77289 35.60853 18.48643 20.83176 28.5861 17.53214 15.30962 47.16499 34.71073 30.97846 24.85159 48.17992 35.68019 35.66157 11.96597 47.33945 36.32419 29.68703 26.51228 44.07159 16.09593 9.99747 0.0 43.86293 0.0 25.65537 
1000.0 45.24748 47.86282 31.04148 0.0 30.95728 17.46687 17.79553 45.78485 44.52245 30.44999 13.64414 0.0 38.73825 21.83776 36.47309 45.09076 22.49549 27.19224 33.42979 0.01602 38.63313 43.87764 18.5095 10.67921 23.79213 41.38559 23.00857 40.50902 20.76912 43.30825 43.44899 43.07951 14.85875 38.07217 33.35976 20.935 24.15397 22.88606 26.3787 29.65989 23.24641 19.70825 44.40779 19.91141 17.0636 20.39418 0.0 31.58784 0.0 11.25808 
1000.0 0.0 0.0 0.0 31.45475 0.0 0.0 0.0 0.0 0.0 0.0 0.0 24.10614 0.0 0.0 0.0 0.0 0.0 0.0 0.0 0.0 0.0 0.0 0.0 0.0 0.0 0.0 0.0 0.0 0.0 0.0 0.0 0.0 0.0 0.0 0.0 0.0 0.0 0.0 0.0 0.0 0.0 0.0 0.0 0.0 0.0 0.0 39.40951 0.0 42.51413 0.0 
1000.0 17.0912 15.4051 19.90197 0.0 25.68094 12.55749 14.97552 14.88046 19.02271 11.3872 43.89664 0.0 37.832 14.37241 15.65725 17.04921 32.02715 37.24648 26.10789 0.02066 18.21213 43.33859 9.79067 46.52563 35.55109 27.81049 47.05482 30.98073 19.39501 47.55559 43.88952 28.17169 27.50916 42.77927 16.92568 19.40632 25.48381 11.50041 19.18961 36.4672 29.74011 31.1782 44.55355 17.38413 24.1815 22.50148 0.0 43.10949 0.0 11.34377 
1000.0 0.0 0.0 0.0 12.73508 0.0 0.0 0.0 0.0 0.0 0.0 0.0 32.53732 0.0 0.0 0.0 0.0 0.0 0.0 0.0 0.0 0.0 0.0 0.0 0.0 0.0 0.0 0.0 0.0 0.0 0.0 0.0 0.0 0.0 0.0 0.0 0.0 0.0 0.0 0.0 0.0 0.0 0.0 0.0 0.0 0.0 0.0 30.12272 0.0 46.80954 0.0 
1000.0 19.34994 37.3251 15.10984 0.0 43.51063 41.00504 22.18838 11.58187 21.24578 12.84171 38.17601 0.0 20.73708 11.94995 11.12965 42.89253 44.86194 38.98763 12.05619 0.03506 34.74836 44.9605 10.91848 34.17795 21.98739 45.14719 37.19341 47.83328 16.42095 28.17128 15.89921 15.84028 24.42887 18.42616 18.15249 43.59738 33.592 41.7806 47.63493 20.8884 20.40692 35.94387 47.16517 19.53991 11.53223 22.997 0.0 31.02115 0.0 25.3702 
