1000.0 1000.0 1000.0 1000.0 1000.0 1000.0 1000.0 1000.0 1000.0 1000.0 1000.0 1000.0 1000.0 1000.0 1000.0 1000.0 1000.0 1000.0 1000.0 1000.0 1000.0 1000.0 1000.0 1000.0 1000.0 1000.0 1000.0 1000.0 1000.0 1000.0 1000.0 1000.0 1000.0 1000.0 1000.0 1000.0 1000.0 1000.0 1000.0 1000.0 1000.0 1000.0 1000.0 1000.0 1000.0 1000.0 1000.0 1000.0 1000.0 1000.0 1000.0 
1000.0 13.15071 29.22162 19.7383 0.0 32.75946 26.21585 14.12729 21.66347 20.09442 30.14535 22.71763 0.0 38.95296 34.64491 26.54261 11.1745 27.60273 38.80733 30.54537 0.04453 26.92201 16.05586 18.37703 13.29191 42.15504 22.81669 34.12277 25.55448 24.19539 23.39965 37.3496 11.23947 42.58968 15.47479 8.56775 19.21615 16.81813 21.4984 24.78566 38.51465 18.78629 31.27024 16.11054 11.82484 37.41475 32.18696 0.0 11.15798 0.0 38.12573 
1000.0 26.89928 29.08325 28.40009 0.0 35.12584 21.06818 34.17117 10.02244 10.50144 31.033 22.9712 0.0 34.57063 21.42935 39.28423 10.90808 34.85332 20.61037 30.07905 0.02752 42.12952 27.70351 38.71727 9.08732 17.07245 14.89936 42.11236 26.49066 30.34755 33.21734 37.28598 17.26822 27.36634 18.4215 25.6791 24.51134 36.41547 39.93722 42.0284 9.71132 38.69372 16.43549 41.29791 26.72809 18.21933 34.65434 0.0 27.16158 0.0 13.16114 
1000.0 10.17806 13.13641 39.31439 0.0 21.55014 24.13728 12.73529 12.82726 42.36627 20.48405 28.24799 0.0 40.73516 38.05859 18.38427 34.66621 40.19072 30.41462 30.54247 0.03979 34.12619 9.81962 30.91259 20.0118 9.80317 9.39489 23.70883 18.20279 15.00232 36.91071 11.3955 9.54331 38.20112 34.99084 14.36111 37.06068 18.44127 16.60583 11.95826 17.19821 27.37618 21.24461 42.53477 22.54534 15.38503 29.33422 0.0 35.30303 0.0 16.852 
1000.0 0.0 0.0 0.0 33.95328 0.0 0.0 0.0 0.0 0.0 0.0 0.0 11.13883 0.0 0.0 0.0 0.0 0.0 0.0 0.0 0.0 0.0 0.0 0.0 0.0 0.0 0.0 0.0 0.0 0.0 0.0 0.0 0.0 0.0 0.0 0.0 0.0 0.0 0.0 0.0 0.0 0.0 0.0 0.0 0.0 0.0 0.0 24.25139 0.0 12.37405 0.0 
1000.0 28.20033 20.94122 10.35857 0.0 35.88811 10.73272 39.19622 10.88419 40.1025 36.22472 8.62564 0.0 17.21247 32.47082 18.35627 24.56254 42.40719 23.69051 26.21807 0.03812 18.69923 23.23384 29.64049 25.80557 37.14595 21.7411 22.96329 33.22642 35.97824 14.79321 24.62176 34.70758 9.5537 21.0102 40.68603 21.25152 9.77779 36.10582 12.98164 18.31485 13.32608 8.99209 10.17138 14.94191 37.33736 15.15473 0.0 35.50394 0.0 25.12226 
1000.0 35.30648 14.62564 15.03228 0.0 38.58001 16.87104 21.19365 18.60163 22.52226 27.82893 19.02517 0.0 42.13488 12.10173 37.58332 10.20812 19.41556 13.10525 25.49922 0.02528 22.40457 31.17283 20.94751 28.6082 40.5957 31.7138 42.06393 26.87244 17.40329 22.87072 11.27276 33.24182 34.78712 21.96034 36.05953 27.62286 15.89669 33.00641 27.4753 33.17973 17.90618 10.30748 31.11889 23.95453 9.11365 12.61036 0.0 30.97176 0.0 9.29096 
1000.0 27.34464 40.2088 33.54073 0.0 36.5411 35.75077 21.65932 23.17244 9.50308 36.64104 18.21122 0.0 9.10624 12.45201 12.7704 31.6182 37.44525 15.91555 42.66572 0.03456 17.96442 19.82302 30.08284 39.18102 42.40558 9.16648 38.61781 32.75581 37.75957 10.84513 26.01936 26.51658 24.35827 38.67879 27.47489 12.24584 17.83311 11.88121 25.57854 17.851 34.32657 36.2343 17.01226 38.13348 11.9365 20.34615 0.0 19.02865 0.0 20.269 
1000.0 18.7163 15.69172 11.19861 0.0 36.82011 24.03567 14.7368 41.59907 40.82328 21.66668 41.20835 0.0 34.24298 10.07768 23.89805 30.30528 15.81766 37.66789 24.98603 0.03984 42.1829 41.51865 21.88835 34.47586 26.69204 23.93909 17.93517 31.71587 27.46103 24.53308 24.82128 37.76767 33.95864 32.2602 10.10654 21.75227 32.77614 21.7764 29.75305 35.6869 39.3902 21.09238 17.49103 32.49074 39.58947 12.09127 0.0 10.88799 0.0 40.4774 
1000.0 30.29054 20.97282 18.05108 0.0 27.49324 28.54685 19.153 18.75399 19.16845 12.24264 26.39231 0.0 37.84103 29.12043 21.91574 27.6865 30.7288 36.15196 31.69628 0.03465 10.04155 15.55378 35.57051 17.99385 16.90568 34.86377 13.32348 26.25832 31.36067 40.59154 11.75983 22.54505 33.53682 9.20873 21.91401 34.26039 32.53559 28.73952 33.79331 33.15308 12.15811 27.73727 38.55487 13.41618 20.88617 27.91764 0.0 32.03078 0.0 26.34663 
1000.0 16.79547 30.55585 36.32717 0.0 39.99217 25.84229 13.03597 11.48727 20.02859 13.77859 27.38906 0.0 28.75194 27.05623 33.30345 32.43114 40.46563 40.28086 32.54874 0.03944 10.26737 32.73367 41.10244 32.64891 9.86735 8.75126 15.70763 40.2185 27.51309 11.05386 18.31988 10.77257 16.42262 15.18075 17.16817 12.02367 13.94619 31.32875 41.08418 18.71362 22.49732 18.34924 16.33076 30.04029 26.68953 37.52412 0.0 9.86781 0.0 41.30587 
1000.0 17.0038 41.63235 16.80429 0.0 26.3159 14.05093 24.19558 29.31031 28.71385 41.64016 25.8849 0.0 29.48113 30.44526 12.47021 35.72206 16.01759 35.59305 14.89758 0.02225 14.10118 9.22066 38.74763 32.97563 42.36565 19.97131 40.47311 40.20384 42.44444 38.61787 33.6406 24.60796 42.28409 23.3697 36.21408 19.33294 12.84539 25.05905 39.63123 21.76988 26.62296 31.19347 38.24097 22.24076 30.4498 37.87913 0.0 25.80238 0.0 14.17182 
1000.0 0.0 0.0 0.0 28.25267 0.0 0.0 0.0 0.0 0.0 0.0 0.0 35.15119 0.0 0.0 0.0 0.0 0.0 0.0 0.0 0.0 0.0 0.0 0.0 0.0 0.0 0.0 0.0 0.0 0.0 0.0 0.0 0.0 0.0 0.0 0.0 0.0 0.0 0.0 0.0 0.0 0.0 0.0 0.0 0.0 0.0 0.0 26.07035 0.0 35.00565 0.0 
1000.0 17.1157 23.24102 37.98507 0.0 22.51706 36.68612 29.57292 17.86235 12.23966 25.19327 26.26694 0.0 33.68216 19.32554 32.53248 24.48081 37.85114 27.00806 14.4833 0.01387 30.95768 25.35141 24.89639 25.06483 22.66871 40.8674 16.4705 20.01584 8.75177 18.56439 17.66331 14.5775 29.82344 13.2839 39.28608 38.82788 37.02739 15.37049 10.24691 12.22524 33.69291 14.39854 18.08348 10.55037 25.52031 29.60695 0.0 34.18911 0.0 36.3986 
1000.0 40.29449 22.575 14.36466 0.0 37.26399 33.92035 17.19773 12.33601 12.26364 25.56553 18.51139 0.0 14.06249 41.02645 12.54045 16.44651 24.12305 26.7295 36.88685 0.0449 23.02934 37.29637 14.40768 15.86594 11.62728 26.70383 35.03973 19.42978 11.43295 13.04555 20.2654 14.3358 33.67413 29.05646 20.54438 27.26476 22.58915 29.85536 28.06516 21.3908 14.30756 18.57247 41.68984 23.38242 21.2798 20.02162 0.0 13.13812 0.0 18.72082 
1000.0 41.12918 16.52049 31.05486 0.0 23.01755 11.80309 21.73021 34.85628 15.03612 24.66911 23.45704 0.0 32.11404 11.89792 11.42432 27.44747 9.0391 41.92593 37.59047 0.02027 12.52681 16.29699 36.86458 16.75045 32.95823 36.68365 30.32051 42.66895 37.56783 13.24134 11.8425 33.85177 31.86092 14.23538 40.73105 28.61533 37.38694 25.93341 42.20206 13.43071 37.09695 21.33294 23.60963 22.52989 13.81308 34.81969 0.0 37.97421 0.0 39.19949 
1000.0 13.02923 10.40894 25.91834 0.0 38.5481 31.63796 33.48054 13.1466 10.99426 26.29195 9.91861 0.0 27.06137 41.41446 10.55968 23.50394 40.86379 11.23189 29.48036 0.02447 41.27165 17.40534 41.08326 35.65373 15.09388 14.02863 15.39608 15.046 34.59244 34.97892 39.12247 38.83593 20.33495 33.30206 38.46829 14.99598 30.95651 29.45542 15.62227 15.9774 37.22856 24.02168 37.94328 18.90001 39.32144 30.29481 0.0 40.31736 0.0 22.99104 
1000.0 23.35323 29.94203 24.39188 0.0 30.34115 25.25331 33.66682 8.68412 26.50203 22.68363 39.68617 0.0 12.18234 21.25579 38.13213 40.64586 41.5685 29.97146 29.50174 0.02165 17.05754 12.1702 35.20004 12.46779 27.96245 33.64474 28.54908 21.68109 28.74184 34.19747 17.75809 42.62042 19.06629 24.66747 13.08029 34.62057 40.02534 38.16548 35.18776 40.68195 34.46527 42.01334 13.53951 40.8989 17.51897 24.78354 0.0 17.25749 0.0 39.32102 
1000.0 33.28056 13.95656 41.62296 0.0 38.04248 14.14628 11.04941 8.91776 40.73032 14.50024 33.85219 0.0 31.04912 21.02187 9.70188 22.83418 12.19974 9.8223 25.45467 0.02713 37.70849 30.0555 20.78128 23.79245 37.74456 20.53766 35.755 32.1111 33.08297 19.80509 33.65333 15.61219 20.21946 37.03181 38.53348 22.07912 14.33974 38.47763 34.66021 24.40952 39.58429 27.61915 39.3453 22.21519 20.21769 37.58536 0.0 33.25517 0.0 22.32174 
1000.0 13.86627 41.16291 27.70305 0.0 29.68435 36.06392 18.36699 9.93917 40.48262 22.27408 42.37438 0.0 13.89717 30.17854 37.58897 41.75466 12.82944 33.24966 17.92278 0.04109 36.68005 41.3595 29.4702 41.96529 23.29333 34.83276 33.4372 39.36489 12.16724 40.88393 30.75765 26.94587 9.52127 32.88317 18.07299 17.81783 36.74582 24.56852 10.56404 41.78741 30.87545 26.48852 13.92005 20.31367 22.95599 29.98098 0.0 39.91552 0.0 28.82987 
1000.0 0.08318 0.11645 0.13109 0.0 0.14587 0.16867 0.10892 0.06275 0.09693 0.0624 0.13806 0.0 0.13247 0.14888 0.11099 0.1558 0.10247 0.18272 0.1296 41.53055 0.14266 0.13166 0.13244 0.16289 0.05918 0.14474 0.04562 0.14403 0.03739 0.14481 0.11027 0.04863 0.09897 0.11412 0.05285 0.10956 0.16794 0.06194 0.11207 0.09357 0.04943 0.10279 0.1394 0.04476 0.18168 0.06037 0.0 0.13094 0.0 0.06348 
1000.0 24.90578 20.48563 8.66086 0.0 34.07272 25.29974 14.09308 29.46878 32.29093 19.82983 36.62899 0.0 22.50884 24.24476 28.17389 37.29006 23.30588 26.98682 16.17514 0.02318 23.4798 12.02861 16.25032 15.2117 23.26347 19.44402 13.16276 26.81078 9.26772 29.80398 15.60281 35.93766 42.31019 23.3235 32.03055 38.17897 40.0318 25.73493 35.19562 26.32402 14.66854 21.88806 37.09808 23.56862 17.20387 36.27032 0.0 12.34713 0.0 33.30737 
1000.0 35.90603 38.62876 33.56846 0.0 38.87004 28.41741 15.54479 38.69941 18.00432 41.63944 24.10752 0.0 35.54196 17.23764 32.93987 38.8748 13.21763 30.47003 16.34194 0.01814 33.92072 40.11121 13.65441 40.71328 29.764 22.79736 39.97385 35.77039 32.05375 25.08934 9.16215 21.04582 37.76069 41.0527 40.36942 17.16637 23.21113 17.5384 16.93115 22.73747 20.92111 41.96109 41.49997 41.30166 31.96165 42.07989 0.0 35.46264 0.0 35.86013 
1000.0 10.27804 29.48471 19.43526 0.0 14.44227 14.20604 9.3628 27.20476 18.61315 8.63598 31.5177 0.0 23.85041 25.77563 16.53697 42.06509 9.82823 34.51633 38.49647 0.01699 36.64454 31.84286 42.06987 16.164 8.66177 42.24999 24.12546 15.14384 9.6746 11.89606 20.99261 21.64417 17.8511 12.41776 31.84451 29.504 11.39129 31.84037 18.13146 14.42807 27.51868 28.18373 32.84661 10.87619 41.04085 40.10034 0.0 9.7079 0.0 11.87842 
1000.0 37.23751 15.62943 16.12122 0.0 39.98693 34.85249 12.45203 20.47032 16.5749 40.59985 12.52656 0.0 34.6297 38.0027 21.46085 26.05773 37.54845 28.98398 12.87882 0.02858 30.07335 41.35918 17.91732 37.03989 10.70855 40.46382 26.07524 31.85212 26.33523 16.09993 37.03572 15.96348 25.99882 13.72985 28.8125 38.30985 32.07469 15.06664 18.75213 22.80164 27.80993 11.90691 20.46372 22.48939 24.08071 23.62875 0.0 36.81496 0.0 8.94612 
1000.0 30.35262 24.19106 17.72947 0.0 15.81693 36.50877 16.0909 38.32642 32.98865 13.0775 36.24499 0.0 37.14923 29.64521 24.68135 13.15575 18.3055 25.08281 18.5234 0.03714 31.89927 11.82119 18.52976 37.12267 26.77322 33.12435 37.28575 15.69919 8.70179 33.42646 18.46803 23.36767 17.91961 21.59785 8.65268 27.69057 17.52862 8.57045 19.45568 24.74584 40.52632 20.1053 40.65419 10.37393 16.66839 31.40008 0.0 38.63549 0.0 9.61528 
1000.0 40.5127 23.66614 16.30142 0.0 33.74064 14.15225 24.94599 12.24488 33.1566 34.51733 15.5627 0.0 32.46689 33.79671 18.02293 21.85029 33.2493 28.88879 27.89886 0.02972 15.1767 35.12733 21.8358 27.4392 32.08981 12.98721 11.14305 39.47846 19.34067 27.42594 40.197 26.70853 36.9765 23.25158 18.01129 41.37252 24.99832 37.09385 13.35492 26.4862 42.08024 28.98259 20.90058 14.32223 15.61926 32.80817 0.0 15.98932 0.0 27.57481 
1000.0 28.56679 38.08415 25.88984 0.0 33.04354 25.46069 20.14458 14.46299 21.94562 34.319 16.36447 0.0 16.54307 28.24235 12.07411 24.80286 33.9452 28.92535 32.98159 0.01362 26.93329 34.50683 41.47096 15.50742 19.02594 29.0664 21.8633 42.61501 32.41681 33.04365 25.63452 20.47142 39.19687 10.55943 20.00434 23.0695 8.80038 33.24965 36.77197 41.01324 35.09272 9.59664 41.95059 32.56038 19.79018 15.94648 0.0 10.04487 0.0 32.31833 
1000.0 28.07548 22.26264 13.63327 0.0 22.21399 26.45938 17.10444 14.36797 39.60442 24.21473 30.32383 0.0 14.92943 27.36426 28.35116 19.11807 34.43515 36.05151 18.76623 0.02352 18.79987 35.266 23.48242 21.89082 34.8987 24.29032 26.40702 15.67338 18.68352 25.44722 19.50763 12.30949 32.46034 23.63688 28.2433 8.669 11.61258 41.38635 34.48229 36.83282 14.77552 23.3314 33.43877 40.66941 25.03005 25.22735 0.0 37.09444 0.0 30.23111 
1000.0 9.32535 25.31515 23.45487 0.0 22.9437 25.17852 12.84363 12.00855 30.41536 34.88559 38.45669 0.0 40.8149 32.3116 22.84578 15.28117 23.40482 16.09176 21.59978 0.03331 25.06507 11.49636 9.87192 40.83024 19.08184 15.3165 35.87465 17.24037 32.71686 29.3222 23.84124 17.64722 19.01618 12.07188 36.76545 17.48292 26.45569 24.17264 34.63998 41.68685 32.74169 20.79551 10.12407 23.9182 24.25695 26.77556 0.0 29.2143 0.0 20.18819 
1000.0 28.11653 23.71232 25.27826 0.0 42.50303 33.23756 24.09456 30.64382 22.06005 38.14238 29.08062 0.0 16.72245 30.38689 10.62476 17.74068 34.8034 13.78004 21.47623 0.00933 30.11798 37.69412 23.37338 22.5787 31.18192 26.77053 8.73624 34.80167 8.77896 39.7374 14.72905 29.88022 21.75879 31.69224 16.79699 36.6492 19.5345 31.49243 9.64883 24.09031 12.79713 18.86745 24.3516 21.91277 34.89148 40.59883 0.0 22.16658 0.0 33.87107 
1000.0 34.27961 30.24545 9.98507 0.0 22.62828 32.6089 28.0681 39.03565 22.65733 28.33277 29.54771 0.0 22.66716 18.98877 17.81776 16.69964 26.49874 35.24053 21.61353 0.03859 40.97517 14.65242 29.13721 26.85504 23.94535 23.70236 15.32077 16.03525 25.77468 41.36663 36.824 36.57732 31.28193 17.72249 40.88175 30.56572 22.11319 37.54332 29.63063 34.19178 12.30951 25.68598 29.98856 8.93226 29.26528 42.43832 0.0 22.70708 0.0 42.10092 
1000.0 30.2448 20.07442 30.27945 0.0 13.95048 12.38074 24.08814 33.83041 22.38645 9.99131 14.92009 0.0 21.54691 22.06839 41.35757 9.25844 22.2037 30.34312 33.35762 0.04282 10.78671 9.96054 15.68297 13.82781 18.20119 36.88722 37.81125 31.41878 14.76092 18.83648 9.22307 10.4261 26.42815 18.85875 23.27508 21.1761 37.59794 30.51882 15.18753 19.98565 32.73565 23.65106 9.73178 38.40563 23.72989 21.8747 0.0 11.1558 0.0 23.68382 
1000.0 34.99026 41.29546 39.11095 0.0 29.89053 42.65312 21.20394 39.01898 38.36087 34.6197 34.83009 0.0 15.68172 38.41658 41.33907 36.64291 36.24702 21.31157 14.45627 0.02638 42.10105 12.97136 26.68492 35.25437 35.5768 15.3814 33.2497 21.57594 28.63972 38.5823 20.8545 21.26932 26.16419 24.84455 41.5546 28.34352 12.9413 32.42152 37.93066 13.74848 11.49793 37.83881 38.28859 25.2873 28.74251 29.9845 0.0 20.77165 0.0 18.31429 
1000.0 20.45123 41.45025 37.09177 0.0 32.0125 11.34082 9.96845 19.86682 22.34333 30.3797 33.5724 0.0 39.03619 19.13711 35.45076 28.98316 13.5231 22.51732 21.2651 0.02722 17.93616 18.52412 21.43058 37.26988 31.55899 26.33897 23.93934 24.75257 25.01025 18.48296 27.99052 19.48562 34.14011 22.2378 34.80021 24.96838 18.76644 13.97349 38.30414 31.05719 32.39747 22.84116 18.69149 32.42964 13.69731 21.56873 0.0 9.12942 0.0 10.5557 
1000.0 28.51816 41.39286 12.37139 0.0 23.86791 16.201 32.91186 19.73577 21.3914 15.07043 35.44512 0.0 16.85495 40.17454 24.08497 33.10568 14.68322 31.54197 31.69422 0.01231 26.97668 37.58184 21.95189 39.37053 37.92795 8.8497 17.20855 21.82112 26.81553 16.62342 27.04668 15.45579 11.31939 40.95732 21.13678 40.45526 9.5953 25.34452 25.91994 32.27776 22.15828 42.40572 42.41213 37.35292 34.67445 29.73205 0.0 20.36204 0.0 34.88984 
1000.0 9.62256 12.04747 32.15388 0.0 16.44331 9.4976 22.37054 14.60196 30.63747 9.63947 38.98592 0.0 21.48028 9.14071 36.38434 35.17541 39.03917 22.39498 13.30503 0.02673 9.87634 14.7996 38.94871 34.71403 21.3593 35.73558 16.1721 39.93041 11.05596 39.42565 13.17934 27.56208 42.65571 41.46602 37.3133 28.21988 24.75541 16.36977 18.91601 27.30733 42.36537 42.29812 27.17286 38.6385 25.74714 9.46249 0.0 24.69095 0.0 14.64526 
1000.0 21.17077 24.32587 15.93227 0.0 33.57461 9.11309 28.40086 35.27629 19.23267 36.87687 23.50385 0.0 17.24206 17.46433 29.00191 15.62702 18.82662 11.68885 24.58893 0.00935 33.99283 35.76057 19.84157 30.8244 36.0382 36.83653 29.54101 17.47216 27.52108 32.07618 16.96588 12.37104 39.11865 25.84372 29.76338 29.11014 31.66556 19.25086 22.19819 9.48343 35.50182 13.97077 22.58306 26.41214 30.36243 13.93561 0.0 35.65059 0.0 20.2986 
1000.0 33.02397 34.1445 33.68155 0.0 13.98723 18.54889 23.33 8.61814 23.05432 19.04624 32.07171 0.0 11.09752 37.63319 31.5279 18.63063 22.39741 21.3519 15.51481 0.03614 34.51561 19.54627 19.08337 39.3531 32.91258 35.93276 42.19111 42.26395 20.89851 19.59825 31.36008 28.84729 33.88652 41.2265 41.31935 17.26404 16.63856 18.63882 38.9007 24.76135 32.00649 35.95208 21.75464 38.49805 19.20809 12.45377 0.0 8.99579 0.0 36.94253 
1000.0 9.04795 13.73964 13.55277 0.0 15.82653 41.85441 25.83285 38.40326 29.0872 30.30481 40.31754 0.0 23.7342 30.24412 20.89973 28.51954 26.68766 12.5503 36.48741 0.0274 21.31829 12.54882 16.11728 10.35425 35.58068 28.4707 25.78615 38.0205 15.82647 13.397 15.31524 31.84938 19.75085 36.54225 20.90153 13.51468 27.15041 13.65779 11.4897 29.47082 35.38621 20.27771 40.51606 11.31708 28.38071 36.23178 0.0 14.09639 0.0 28.87925 
1000.0 14.98241 9.31091 24.61821 0.0 41.99914 20.01455 36.0464 15.98911 12.24589 39.54452 24.13193 0.0 17.32597 37.25984 13.5021 14.29703 18.53171 16.44358 28.81731 0.03762 34.06131 15.44335 27.73668 34.58272 17.86085 15.29462 26.94034 37.03652 24.58052 30.83843 21.48069 37.10555 29.05443 9.31997 26.56249 11.20257 9.0482 31.34104 24.01317 13.42429 35.28942 34.23235 26.78032 42.50451 18.48312 40.9033 0.0 23.82429 0.0 30.08316 
1000.0 22.40143 25.05929 29.35164 0.0 30.67079 19.19313 34.14088 34.20754 17.33106 33.00449 18.37746 0.0 28.45749 25.56255 28.75427 9.7646 22.64451 26.63967 31.91035 0.03563 17.86687 17.68192 23.35913 10.15148 32.28152 24.14079 30.19473 13.47837 26.43106 23.83768 35.8861 11.21319 18.14481 29.98949 28.83117 25.98315 14.0266 17.49835 12.82396 8.86428 36.11492 17.00722 40.27154 22.97439 10.58903 27.70362 0.0 16.11029 0.0 40.63954 
1000.0 25.2455 9.26567 37.72887 0.0 9.85663 22.81855 18.46446 12.63552 22.86311 25.42105 15.21441 0.0 38.90479 14.86157 24.58244 27.78562 38.18425 15.47742 30.68302 0.01203 34.66345 34.59454 18.13144 35.56581 32.76366 25.38581 36.6848 35.30175 9.86589 17.33537 38.00803 21.66034 32.4932 28.30461 15.27316 13.41195 14.79769 35.94351 34.57419 40.42345 32.00518 35.09237 23.62646 23.69394 36.74874 31.38654 0.0 10.6854 0.0 20.09246 
1000.0 41.32729 12.69717 26.86046 0.0 17.97469 35.42049 11.28106 29.48291 27.92693 20.43236 37.81577 0.0 11.72535 22.1633 23.09594 41.94456 32.54555 31.50327 12.79548 0.03054 10.10771 27.10693 11.5462 15.03984 37.75128 26.83324 32.90188 25.87968 39.11764 11.62196 11.93853 25.83823 23.8072 41.98336 33.54579 42.32414 16.23309 40.86571 15.73173 38.72352 25.39089 40.25245 33.79513 12.37767 13.03609 29.48209 0.0 33.96753 0.0 21.02385 
1000.0 10.04462 10.13043 10.1546 0.0 24.56323 37.8385 24.37401 9.88483 31.16472 18.25289 21.99565 0.0 13.47734 28.67622 32.14332 16.8505 39.03301 16.22828 10.91186 0.01797 27.6098 35.18471 36.89741 34.504 24.84777 39.02119 30.10444 15.27654 19.059 40.30956 28.78341 22.49357 39.49496 22.06225 32.0689 41.02433 29.92929 28.73353 17.0865 15.61961 33.99557 31.64011 16.5178 20.26136 16.96351 19.82198 0.0 28.50835 0.0 41.98248 
1000.0 13.27332 35.82912 12.28644 0.0 18.1596 11.73257 25.07265 27.96942 16.14346 23.16863 21.58394 0.0 26.96681 17.64882 23.0883 22.70203 41.78757 18.11824 9.4674 0.01586 9.78463 19.24329 21.91679 29.1203 15.26394 32.59499 30.69877 37.27038 32.72128 15.32501 30.48298 35.99261 38.65067 12.09645 29.31384 23.17461 28.33567 10.4648 39.19478 36.20412 38.88329 26.64936 18.84433 17.46125 17.17472 22.24481 0.0 14.13577 0.0 27.3053 
1000.0 27.25954 19.41206 17.67122 0.0 29.11268 21.90406 30.62906 28.58695 13.9836 33.70198 29.36557 0.0 9.88406 17.11563 24.35721 14.38939 12.19495 29.24856 21.43491 0.01911 41.15787 11.2295 33.24376 28.15614 18.10572 19.56453 41.9734 19.35386 12.13042 38.0373 27.84952 41.79171 28.11552 16.95278 24.92676 41.57076 15.39492 41.25274 32.42247 13.31784 19.85032 27.74762 16.05368 25.70068 9.06207 20.37137 0.0 18.19968 0.0 16.36233 
1000.0 0.0 0.0 0.0 32.58383 0.0 0.0 0.0 0.0 0.0 0.0 0.0 16.29851 0.0 0.0 0.0 0.0 0.0 0.0 0.0 0.0 0.0 0.0 0.0 0.0 0.0 0.0 0.0 0.0 0.0 0.0 0.0 0.0 0.0 0.0 0.0 0.0 0.0 0.0 0.0 0.0 0.0 0.0 0.0 0.0 0.0 0.0 41.23426 0.0 21.63775 0.0 
1000.0 12.67581 16.77505 16.81399 0.0 20.53506 35.0718 17.62199 21.68883 15.31273 24.49531 10.7018 0.0 29.31408 31.98929 39.73955 15.96614 32.40425 40.29473 35.65081 0.03937 23.86063 35.65167 13.30794 34.48434 28.4716 14.22828 9.43293 39.78043 16.32499 22.38865 27.78882 20.38674 25.00155 9.65644 31.88008 21.08243 14.89209 18.79557 16.46286 17.29204 13.16718 33.16796 35.41663 40.70685 14.03333 25.22934 0.0 25.08968 0.0 9.41454 
1000.0 0.0 0.0 0.0 27.79581 0.0 0.0 0.0 0.0 0.0 0.0 0.0 25.71784 0.0 0.0 0.0 0.0 0.0 0.0 0.0 0.0 0.0 0.0 0.0 0.0 0.0 0.0 0.0 0.0 0.0 0.0 0.0 0.0 0.0 0.0 0.0 0.0 0.0 0.0 0.0 0.0 0.0 0.0 0.0 0.0 0.0 0.0 15.84184 0.0 14.58023 0.0 
1000.0 20.80447 38.09612 38.44484 0.0 11.7902 29.97267 31.74691 18.51379 38.32068 28.68992 9.98308 0.0 13.39769 8.97537 12.0518 38.97409 27.51108 13.0149 14.0466 0.0289 11.33332 18.94715 10.0729 13.62972 41.26131 20.46809 15.89289 22.05967 35.46173 32.32289 18.85593 40.27105 14.42004 14.48963 28.85748 31.58717 20.78605 39.53517 24.55008 39.45494 17.32973 21.04321 29.44423 42.0713 22.34526 21.1689 0.0 29.32771 0.0 42.17442 
