1000.0 1000.0 1000.0 1000.0 1000.0 1000.0 1000.0 1000.0 1000.0 1000.0 1000.0 1000.0 1000.0 1000.0 1000.0 1000.0 1000.0 1000.0 1000.0 1000.0 1000.0 1000.0 1000.0 1000.0 1000.0 1000.0 1000.0 1000.0 1000.0 1000.0 1000.0 1000.0 1000.0 1000.0 1000.0 1000.0 1000.0 1000.0 1000.0 1000.0 1000.0 1000.0 1000.0 1000.0 1000.0 1000.0 1000.0 1000.0 1000.0 1000.0 1000.0 
1000.0 10.43881 18.49763 15.53843 0.0 34.45251 8.39994 11.61663 22.58521 22.71654 36.9088 23.39191 0.0 27.66816 21.99396 12.82263 10.42426 28.62686 31.99099 31.25046 0.0287 18.51583 8.56528 24.30528 17.21049 8.15877 8.75207 36.66369 26.22939 11.4137 30.73101 19.94871 14.43112 10.67277 27.65648 15.8396 29.60435 33.7892 29.17171 13.77016 38.37303 27.26226 31.05693 33.1268 9.16583 21.67198 31.68935 0.0 34.31935 0.0 38.04794 
1000.0 36.31693 27.18293 35.1379 0.0 31.32721 24.93449 17.65188 30.4371 18.77348 37.92302 33.27591 0.0 28.9262 20.77591 21.47015 33.36214 38.49547 35.82955 35.46773 0.04164 15.16831 38.77343 36.74725 16.91489 25.7031 36.84805 28.88655 15.79415 11.10421 28.67346 10.0391 34.63411 26.78788 11.51548 8.05367 38.24834 11.57369 12.61246 23.80228 34.28535 36.03473 19.58984 36.08866 29.1806 32.93475 34.11213 0.0 12.3716 0.0 37.68754 
1000.0 13.9117 36.27972 20.563 0.0 11.93746 16.31119 19.29724 9.03732 8.9726 8.58397 19.93582 0.0 10.26275 34.42399 17.63251 16.6266 8.796 25.82018 8.24753 0.02938 31.0192 19.55405 23.95444 26.06531 15.66014 29.64724 14.0028 10.46562 23.1591 24.9927 9.35256 25.4546 29.44909 15.8718 22.84696 12.65982 28.92549 16.14431 26.6036 33.6477 37.74167 33.66267 16.2566 36.524 12.96419 37.40718 0.0 27.68826 0.0 30.79258 
1000.0 0.0 0.0 0.0 24.65104 0.0 0.0 0.0 0.0 0.0 0.0 0.0 31.47297 0.0 0.0 0.0 0.0 0.0 0.0 0.0 0.0 0.0 0.0 0.0 0.0 0.0 0.0 0.0 0.0 0.0 0.0 0.0 0.0 0.0 0.0 0.0 0.0 0.0 0.0 0.0 0.0 0.0 0.0 0.0 0.0 0.0 0.0 9.01865 0.0 8.7688 0.0 
1000.0 15.52387 31.44027 27.29329 0.0 12.11088 10.7775 24.31776 26.52643 23.44868 39.05986 34.35439 0.0 17.76709 16.67351 38.83039 39.08093 7.98595 26.54293 18.64752 0.02674 11.09624 17.22842 24.45805 21.85695 23.91071 34.5527 12.65907 33.99117 34.3815 9.31809 14.25891 29.27458 38.89383 9.60721 13.58515 18.04119 33.45902 8.98778 28.84259 11.62957 36.25152 11.32246 36.40461 9.94204 9.63058 11.45067 0.0 30.9085 0.0 29.71941 
1000.0 15.18651 34.97373 18.02322 0.0 11.64753 38.71785 8.14082 19.64258 23.02163 24.47465 36.51515 0.0 37.52301 29.05227 11.76767 21.94454 11.29559 11.03176 35.14043 0.0265 33.1503 30.10052 26.75179 12.62677 29.33428 20.57252 34.22188 21.14264 8.30401 30.74114 24.03368 15.93638 27.75957 34.06584 26.67907 24.02872 22.21396 31.76281 14.32207 16.73303 8.02154 23.56664 34.22955 8.76128 33.3625 27.54221 0.0 34.17511 0.0 33.92561 
1000.0 30.27706 25.47356 22.83259 0.0 32.56327 11.61437 30.32723 18.78071 28.60763 25.53784 34.49492 0.0 22.85456 31.77798 28.28103 16.62451 17.14483 16.84661 19.98488 0.02391 34.74905 21.50739 22.72661 14.77723 13.5026 22.25553 14.08014 19.05757 26.67238 22.72528 9.48618 25.93581 20.51089 13.88575 22.09855 29.91522 11.89546 38.08548 13.08695 12.99889 25.09785 23.74408 15.94419 26.72178 13.92473 17.70086 0.0 35.2314 0.0 35.1611 
1000.0 10.20148 14.42654 10.26711 0.0 26.08713 12.83458 14.34124 32.56609 8.95258 23.22559 20.35777 0.0 31.72753 27.33722 17.23308 25.51808 19.29306 23.28795 38.65928 0.03621 10.45915 31.33062 21.03017 14.50806 36.55744 30.37061 15.55675 23.03066 19.92496 16.67273 19.48546 20.20275 29.63591 15.90179 26.29702 23.83062 37.19952 34.10798 26.30635 26.17253 22.85743 35.21313 27.8891 17.01212 38.14291 12.1676 0.0 11.19507 0.0 17.859 
1000.0 18.15645 23.01999 33.06473 0.0 15.52483 18.58424 17.34036 12.06566 20.63112 12.53441 27.81623 0.0 24.4954 20.73972 14.14063 23.10831 10.26044 28.27535 36.40727 0.03174 17.39978 20.92133 22.04406 37.84743 23.67855 36.21764 28.08868 8.92197 15.99272 11.7622 24.27582 14.9769 15.60278 19.21306 13.4983 38.45585 10.53953 25.30098 13.90164 20.53567 29.93365 23.88698 10.74483 17.50273 19.09702 19.40334 0.0 21.09708 0.0 23.2918 
1000.0 17.82739 9.14154 31.97357 0.0 35.32957 37.01173 25.06346 17.17016 23.53366 8.68081 23.47362 0.0 15.14282 13.97147 26.35933 22.39746 20.1577 26.70886 13.55167 0.025 17.72303 22.74248 19.4427 20.47522 9.12591 30.70822 23.66734 37.37491 8.73937 32.2459 20.40963 26.65003 18.47534 13.76335 36.8197 27.95332 31.3588 15.46816 17.48499 11.68211 25.56305 32.86954 35.34689 25.66482 24.61599 34.14849 0.0 21.08651 0.0 25.82961 
1000.0 34.25324 33.293 18.39285 0.0 29.93092 30.8439 20.83952 19.64599 16.66862 19.0392 13.25828 0.0 31.86828 12.9036 22.08151 25.15145 23.50071 20.35914 28.03745 0.03434 19.71424 27.684 25.84565 29.08168 15.0788 27.68349 20.54129 18.28955 17.99881 32.09482 23.22375 25.91764 19.69038 19.56756 17.59075 27.68051 11.68406 25.50418 38.26781 32.06862 29.26561 11.13603 32.34165 28.41155 25.79952 27.91035 0.0 14.48861 0.0 39.23815 
1000.0 0.0 0.0 0.0 24.74409 0.0 0.0 0.0 0.0 0.0 0.0 0.0 27.61971 0.0 0.0 0.0 0.0 0.0 0.0 0.0 0.0 0.0 0.0 0.0 0.0 0.0 0.0 0.0 0.0 0.0 0.0 0.0 0.0 0.0 0.0 0.0 0.0 0.0 0.0 0.0 0.0 0.0 0.0 0.0 0.0 0.0 0.0 21.03833 0.0 31.99135 0.0 
1000.0 8.79494 10.46211 14.1058 0.0 9.03794 18.76605 12.08299 20.33413 10.32484 12.72694 10.55275 0.0 38.0414 19.85004 28.76023 20.54427 30.87534 27.90218 16.42819 0.01204 39.29305 21.77122 28.77828 21.86574 15.00849 13.38764 15.79461 12.16583 35.24441 23.75396 13.46769 21.92701 17.23823 36.9189 39.3166 25.88073 25.16239 26.63183 25.69414 34.96372 16.67245 38.51728 11.1488 36.15678 8.83313 29.06718 0.0 35.5118 0.0 36.83477 
1000.0 17.14463 36.65852 35.32123 0.0 37.78825 17.17844 24.64042 13.02944 36.03212 20.65599 14.45034 0.0 22.69327 36.48453 34.88844 10.25499 22.29143 30.31365 16.92163 0.02491 36.99274 28.19097 33.93063 36.19398 17.29228 7.93855 21.04689 17.85294 9.46831 11.7767 27.0642 16.45492 23.44541 22.07605 29.0448 25.059 10.95346 30.09758 20.95645 25.99702 20.80651 11.76507 8.07089 11.50439 8.16876 29.03923 0.0 28.53293 0.0 27.93528 
1000.0 9.7627 8.34941 27.63121 0.0 26.74323 25.53526 26.53271 13.11867 19.14369 27.09251 30.86538 0.0 27.85718 32.75744 34.70161 9.70516 29.36663 30.43197 39.29641 0.02548 18.11938 28.84835 15.4372 15.27285 17.60848 35.1745 25.35219 27.76125 13.48908 30.2993 28.27823 18.70769 10.83528 18.75158 38.42149 38.87379 20.2997 31.23602 18.84982 29.0164 37.99025 22.0847 13.03014 32.55446 15.79936 21.49557 0.0 18.13882 0.0 21.27813 
1000.0 26.24697 8.11821 20.76435 0.0 30.458 33.7063 15.44162 17.45768 24.09673 21.89689 36.08775 0.0 31.74552 10.63933 39.08177 9.73802 37.18683 19.93222 20.90014 0.03881 38.10578 15.77131 32.06687 15.74697 10.65522 13.39475 11.05309 38.56512 34.31015 8.21347 29.6863 32.9483 9.23941 8.01367 34.26067 38.22059 35.4129 33.85011 25.71968 11.71818 22.07583 23.64252 33.4732 37.93031 8.10935 29.30464 0.0 26.88763 0.0 34.13496 
1000.0 20.23899 14.82748 31.29171 0.0 22.20556 13.99772 16.83457 24.59777 32.94638 36.8626 23.30567 0.0 20.09355 23.5399 23.61807 13.72662 21.93583 11.84404 37.94515 0.03649 36.35874 17.87893 27.81493 11.50485 13.8409 11.68359 19.3252 31.38926 10.78233 12.13073 23.25671 16.25486 11.70025 31.97146 36.86899 21.87811 20.62691 11.2027 18.20335 33.82884 22.23961 25.19435 14.57099 19.0044 16.33514 24.21729 0.0 29.12995 0.0 22.3738 
1000.0 34.35966 38.17766 22.92819 0.0 29.93971 8.1002 32.83526 34.57372 30.49131 14.2971 7.96553 0.0 37.97212 21.81851 36.09237 17.21983 32.05973 29.54392 29.79199 0.0318 24.04995 14.87902 35.08218 17.11257 27.44491 14.7641 30.94487 15.93191 10.52427 11.16795 14.30516 38.1068 26.37404 22.79038 25.43319 8.57903 23.32306 22.65501 19.03582 38.08448 20.71275 14.62308 11.26619 30.61973 15.59534 28.82224 0.0 21.2772 0.0 19.60706 
1000.0 32.9024 32.50223 25.70478 0.0 35.35001 31.18689 23.26824 14.59206 19.30849 21.33595 12.46336 0.0 21.84596 14.17592 27.09694 25.22985 35.52082 28.04522 16.74817 0.04273 19.68815 12.42703 29.07499 24.30889 10.41839 27.01504 29.5092 11.38198 17.1227 38.48345 8.83406 34.02397 39.28766 26.69817 32.6893 13.59689 14.01358 8.10021 26.74522 17.77447 18.74981 15.26663 30.07527 39.0934 23.62359 21.53883 0.0 13.47741 0.0 38.59531 
1000.0 0.12949 0.08943 0.16908 0.0 0.12988 0.07897 0.16123 0.13013 0.16251 0.13915 0.17501 0.0 0.09319 0.08282 0.04932 0.14137 0.1528 0.13473 0.09974 28.45369 0.05826 0.05282 0.13742 0.15725 0.12673 0.09403 0.10388 0.07624 0.10354 0.13168 0.09607 0.04906 0.11152 0.05572 0.04004 0.06014 0.07383 0.1566 0.11421 0.0575 0.13136 0.12332 0.08018 0.10288 0.08241 0.07268 0.0 0.12425 0.0 0.1726 
1000.0 27.35394 14.90267 17.03078 0.0 19.80246 8.61422 17.7894 23.37439 33.60072 20.30717 12.81092 0.0 21.92312 17.26719 18.39324 15.51667 11.21162 16.88282 19.33449 0.02339 35.26724 28.08657 29.69212 11.62665 29.85239 12.08086 8.02934 16.14375 30.54096 34.45787 18.33772 37.22687 13.6867 27.26645 13.79315 34.73535 13.1689 35.38523 15.67475 22.93918 21.72907 26.54503 14.52401 8.3596 27.33492 20.53899 0.0 36.82467 0.0 36.81429 
1000.0 30.58366 37.31961 39.15647 0.0 17.39755 17.87177 35.44544 36.94262 34.74649 9.52276 32.6661 0.0 37.30801 19.67723 36.52255 31.02127 11.90717 34.91445 17.54574 0.03569 28.54392 8.7545 14.49183 21.50584 14.93967 15.20613 25.17752 16.00908 22.57295 27.747 36.35384 27.65807 18.18319 11.54165 20.32898 38.86221 19.07488 17.74944 34.94888 13.22295 37.58363 21.33657 32.1255 32.03753 22.1982 14.72461 0.0 8.88768 0.0 38.35472 
1000.0 30.72784 20.3969 36.81468 0.0 11.75202 13.06521 13.3736 19.3702 25.83481 12.48336 10.35945 0.0 26.26956 16.11481 29.28709 38.33005 33.472 8.40646 15.81503 0.02447 38.73998 18.48706 27.37775 37.01481 34.24212 24.21025 15.51357 15.06529 17.04998 14.88968 17.83781 27.62821 19.8747 25.36953 23.79463 21.59394 14.9446 29.71352 36.19742 14.1247 35.85968 37.41119 26.64563 26.43276 32.06159 17.96447 0.0 25.57311 0.0 28.25047 
1000.0 14.03943 25.61167 18.86843 0.0 31.87156 13.0623 24.89838 12.61786 23.3726 21.89858 34.1631 0.0 9.9654 35.69754 19.73186 23.7126 14.46214 21.65641 13.29817 0.02945 15.86846 19.66557 20.41725 15.36518 30.10551 10.76828 26.74049 16.76764 37.93427 10.39937 36.98045 31.75759 27.72505 27.01754 17.04724 27.00606 33.1473 28.03626 18.35042 31.61986 20.72624 19.89799 23.2208 37.07674 29.17248 36.69353 0.0 8.39506 0.0 10.53907 
1000.0 35.10579 32.84618 38.02513 0.0 28.70628 37.15991 28.79336 19.36582 22.36165 22.7854 29.26294 0.0 38.73032 38.12525 25.56364 22.79002 11.41897 26.22563 10.05986 0.02274 35.49902 26.60469 9.71024 19.60123 34.3694 15.80891 12.93275 27.08485 22.48897 32.56378 21.53263 8.13742 27.94861 8.67744 14.48738 29.31025 31.2207 20.13859 22.89705 35.1175 15.51143 26.00511 28.04036 14.645 11.62491 7.88803 0.0 23.40074 0.0 25.19132 
1000.0 24.00091 9.62598 8.36268 0.0 13.65423 37.74239 38.85718 29.76546 19.51797 20.29247 34.85859 0.0 12.68524 38.24404 29.08901 29.41014 33.59976 39.29771 11.45557 0.02315 8.78117 28.52231 10.99347 33.0069 33.05482 34.59103 21.75856 20.07504 39.02395 23.62405 19.18221 12.83473 37.6856 17.11383 33.41663 36.52804 32.76209 20.07531 17.32198 31.22679 25.59277 24.11982 22.20908 20.79967 11.27739 30.51119 0.0 30.84909 0.0 39.28787 
1000.0 19.6813 20.96057 28.7578 0.0 33.43486 23.66434 30.75719 38.8132 18.25639 23.19201 38.68075 0.0 38.38974 31.36928 19.76673 10.01844 32.07807 25.31714 35.78317 0.04062 17.31454 30.72201 36.60359 36.36177 37.76065 29.12072 38.3285 16.07285 10.32182 17.54136 26.09354 26.81086 17.18167 20.32985 22.8415 17.11482 20.77556 14.00815 34.20899 14.22922 14.21085 9.83977 21.35603 14.75065 33.68569 23.19923 0.0 22.71217 0.0 33.02086 
1000.0 14.74916 13.98276 24.40404 0.0 18.99411 39.14773 10.15998 26.90124 9.17748 13.93043 35.29249 0.0 10.18368 30.67686 39.07486 15.65099 17.58104 28.51047 12.3814 0.04124 28.60769 14.75788 30.88855 30.29978 25.24966 14.90196 39.10285 14.80711 23.38959 35.04968 16.68859 10.38316 23.37884 20.6314 38.23204 22.69051 29.30594 32.3508 31.03299 29.93007 16.58738 9.64385 25.46774 15.23276 12.06337 35.59825 0.0 12.19627 0.0 32.06526 
1000.0 25.32449 20.79289 16.49609 0.0 34.54361 34.43927 13.21286 23.50949 18.57175 12.80684 36.94688 0.0 18.24394 14.7884 27.64646 33.05054 36.24196 12.59363 22.04777 0.02452 19.36854 36.85192 16.3936 21.01266 38.98993 30.88199 38.11229 8.44366 29.97586 11.69324 20.69203 8.50754 21.53825 31.25545 35.18128 12.60217 21.37699 10.38074 11.70137 8.81613 21.2109 31.91033 36.24537 9.35994 37.6773 31.94209 0.0 14.46528 0.0 20.6182 
1000.0 9.63569 22.17975 36.3261 0.0 10.18862 8.20787 36.79454 19.726 18.92124 38.7474 19.00861 0.0 35.65167 24.85833 33.48325 17.27899 34.07884 18.93502 12.41697 0.02676 14.42549 27.60632 28.09119 32.22447 13.49483 28.42707 24.90312 17.41516 38.14383 37.73582 19.28479 29.2995 17.3667 32.0551 23.78317 20.39733 38.45869 22.01509 29.74831 26.29969 37.95886 21.69204 13.90758 23.64816 33.3437 21.65301 0.0 17.14356 0.0 25.00072 
1000.0 32.87414 32.84859 34.85535 0.0 17.22684 35.34949 37.74735 8.05107 16.48668 16.78618 23.7594 0.0 13.98398 35.49945 34.44481 11.82186 36.91075 33.05556 20.98084 0.0443 27.35343 15.59845 28.86196 33.65147 26.07832 24.07412 28.33823 11.56527 25.33354 12.02953 37.09042 34.06886 25.1193 24.19567 23.71625 35.2222 12.82254 19.12985 27.14826 37.7138 16.10214 14.9783 7.9556 22.9729 31.73422 23.88249 0.0 16.62493 0.0 9.15139 
1000.0 21.54751 28.8629 16.39386 0.0 28.55037 13.40671 16.7619 24.14054 10.29806 8.70614 31.69343 0.0 36.38263 38.20103 29.26504 27.11568 36.72496 26.85521 28.0456 0.01772 33.59924 34.54017 23.81787 34.09348 24.0779 19.28641 19.82659 22.15357 35.17544 14.96843 32.23633 35.16101 21.87024 25.29166 17.82146 29.35128 30.50826 24.63446 13.97231 28.62908 13.93613 33.12161 12.14486 14.32726 13.24908 17.11639 0.0 36.95409 0.0 16.3397 
1000.0 19.84831 10.24566 15.13571 0.0 14.97614 17.12729 36.18057 10.34002 30.14094 37.94082 37.10124 0.0 14.44536 26.53809 28.56071 22.72884 13.55708 30.25824 11.58641 0.03121 23.53014 31.01171 38.07783 22.49924 12.54309 37.55088 17.15586 31.70313 26.22916 23.48047 30.27855 29.89911 15.42911 23.34579 10.28885 13.76121 33.31126 13.60519 19.10218 34.1918 37.45248 21.25416 21.56295 8.50109 17.28712 37.0602 0.0 11.21247 0.0 15.32391 
1000.0 17.42284 31.42874 32.10762 0.0 28.23197 12.14402 32.48166 29.00191 8.71642 25.0587 37.13882 0.0 26.93594 33.99364 23.22796 13.01021 34.59785 23.30678 23.84252 0.01323 10.71809 31.86765 24.18886 22.30914 20.31606 32.31842 9.5122 38.89926 31.41537 38.02871 36.67806 36.35621 21.98692 9.36223 21.43322 28.1809 39.00113 10.26364 21.09295 13.03346 8.7621 37.056 31.0903 29.73859 33.42352 32.88464 0.0 10.57663 0.0 20.15917 
1000.0 19.89157 19.1675 29.37665 0.0 37.98955 27.52839 28.01133 20.04794 36.2736 32.60045 21.6411 0.0 17.26603 26.62379 18.6992 10.14895 17.85523 19.7095 22.09651 0.03266 27.52936 30.54072 22.07962 21.91974 34.93901 24.28282 37.80627 36.50376 32.50234 33.21412 31.67241 7.9598 38.64423 11.82745 35.5475 15.31777 25.105 18.1641 35.16826 15.80578 37.03884 33.43895 19.76337 33.74368 18.89692 30.63158 0.0 10.19099 0.0 21.26707 
1000.0 10.27823 14.84257 11.30045 0.0 9.52028 26.61139 24.86586 17.68385 22.06432 18.9246 37.77399 0.0 21.52803 24.76821 28.94308 10.29566 37.90059 38.791 19.04511 0.01824 31.40176 30.36815 13.62448 32.83816 9.63523 23.05116 12.29815 12.76743 30.42252 29.63081 33.39339 9.58328 31.34208 17.15478 31.13857 27.11043 16.31475 23.7768 25.18795 30.50776 14.16992 28.80417 12.40131 32.98243 15.11048 27.78987 0.0 35.31079 0.0 20.89579 
1000.0 22.25923 17.46703 31.50548 0.0 35.68205 11.76089 16.77203 8.18993 16.94437 22.74315 33.63145 0.0 18.38893 15.65808 21.52384 29.66811 25.62874 30.32058 11.49652 0.0306 23.08453 19.48903 34.86183 34.29446 26.24303 24.51703 24.64443 38.19553 18.27382 14.54714 27.062 17.07724 9.00638 15.4044 26.31365 36.45319 15.40055 26.1013 26.21492 10.13782 38.49377 34.89752 30.40635 14.42871 20.90418 26.37101 0.0 37.86214 0.0 16.97561 
1000.0 29.53637 20.66874 22.10453 0.0 12.07566 29.94657 33.88755 26.89118 20.39968 33.15388 15.9306 0.0 27.95118 35.82013 20.79589 36.47944 17.39343 25.54292 24.14587 0.03117 31.47923 9.51607 37.67259 12.15769 37.2088 34.72803 28.32511 22.57654 30.20261 31.009 20.83292 16.34448 10.03606 23.11234 36.08747 25.87977 15.92114 24.01059 12.10299 14.54362 14.65556 9.02956 30.21513 21.39247 25.3485 37.89526 0.0 24.5014 0.0 12.78448 
1000.0 8.67163 38.40082 13.4862 0.0 13.43794 12.04891 17.72761 8.46755 36.90995 16.32328 32.36573 0.0 17.578 29.31459 8.65436 36.88207 13.26955 8.14324 25.23295 0.02177 35.39787 25.8739 21.32715 11.57843 19.40204 19.33952 17.53894 26.56984 30.07907 19.04164 19.73767 29.40371 38.09057 21.68653 30.64558 12.66855 29.94105 11.52732 34.84594 14.00462 28.48344 36.76323 14.26676 12.23877 31.96064 29.15899 0.0 38.60277 0.0 26.82412 
1000.0 33.06127 9.24182 29.00714 0.0 39.10163 28.55502 12.25624 31.44996 11.52769 32.11358 17.4208 0.0 13.32827 30.62803 32.59578 20.85464 34.95872 9.18651 36.74657 0.01987 34.59801 10.76673 14.93722 23.10104 15.9402 20.4457 34.26916 23.40962 27.95601 29.50219 10.09286 26.78672 8.83317 21.58969 8.16784 35.76796 30.22024 32.89151 12.79882 16.96752 12.68946 33.67921 27.99989 23.90189 10.67655 28.89105 0.0 28.48387 0.0 33.26413 
1000.0 10.73738 12.00657 20.25785 0.0 20.51414 26.59287 8.70383 22.15682 31.85671 26.96396 15.19535 0.0 36.38897 20.1192 35.81344 10.83059 37.3638 34.92328 32.32378 0.0408 37.96765 9.02979 35.19657 13.18149 9.41767 34.87999 28.42879 24.4615 16.25445 37.12436 33.79069 26.88702 9.30841 14.74079 12.24397 32.39126 16.6209 17.51518 32.4887 37.0781 14.27951 34.73502 14.69633 21.42819 33.02113 21.36681 0.0 37.82636 0.0 36.29398 
1000.0 9.01371 9.54493 9.21497 0.0 37.60233 30.44107 17.71909 19.64647 24.52289 26.88291 8.34312 0.0 23.7066 35.33454 14.78653 39.19781 22.85856 25.83584 12.21437 0.03035 11.08189 10.25555 24.80613 32.14903 36.9811 10.32792 34.40527 26.45316 16.03298 37.33102 10.10666 26.26634 15.08824 20.06662 9.99593 24.26848 32.55378 28.78656 32.46666 30.55791 17.65211 11.16065 14.83216 18.71437 28.11989 11.88447 0.0 34.0005 0.0 27.63015 
1000.0 19.16697 8.97219 25.96092 0.0 19.38109 8.6963 21.44636 38.18462 25.44216 17.96563 27.53941 0.0 8.65899 17.51983 26.87696 39.24208 19.02461 22.88593 26.41814 0.01705 16.37411 38.61613 21.59255 17.2688 23.27786 23.13222 38.76643 30.16159 12.65952 18.59762 36.27288 27.31329 38.34951 16.58813 25.70153 18.64906 34.72353 17.97328 12.52578 32.69161 35.67175 9.41618 19.43589 24.93317 18.34865 8.63311 0.0 33.4388 0.0 34.00483 
1000.0 10.09359 37.92386 28.08367 0.0 36.36081 21.57599 38.21243 27.66425 35.06423 11.37455 9.92928 0.0 24.16142 37.31515 12.1038 20.07879 19.48074 39.05701 12.35739 0.02693 13.05649 30.22957 26.51253 34.60853 27.42897 10.44385 20.18641 29.48457 16.04661 35.5237 27.41241 19.50765 26.61651 28.00371 17.16946 31.59499 24.04251 15.59458 37.40574 12.44873 28.46557 39.18462 24.08944 31.52441 14.77208 34.95828 0.0 21.88439 0.0 36.32378 
1000.0 26.55744 12.16641 37.75676 0.0 30.90077 25.17032 17.52514 27.14699 19.83503 21.01773 13.72961 0.0 14.14159 14.29549 27.10057 36.06831 21.66247 14.50396 8.06645 0.01395 19.91683 13.59996 26.74926 17.64015 37.36898 26.89244 23.38428 33.99844 32.27983 18.46974 33.08596 32.49373 18.12112 15.4953 11.73518 26.70141 33.56462 38.55093 20.11277 25.73005 9.71648 20.00121 10.59867 12.39259 19.54032 13.36165 0.0 28.70077 0.0 30.11365 
1000.0 16.41492 17.79004 36.69786 0.0 34.47497 37.58872 21.85432 21.74457 29.26107 31.92408 32.7715 0.0 37.80868 35.28683 7.93925 12.54557 30.18998 21.16014 28.98247 0.01493 28.4261 32.50245 25.73292 15.72414 23.40963 33.40556 31.61002 23.72278 17.60137 36.72902 35.20765 37.69291 23.46708 15.14765 31.06083 8.57962 33.61661 38.37304 30.6605 9.95646 30.25538 18.13358 38.02688 14.43895 15.75602 16.08456 0.0 10.68223 0.0 22.96789 
1000.0 0.0 0.0 0.0 10.06683 0.0 0.0 0.0 0.0 0.0 0.0 0.0 30.3239 0.0 0.0 0.0 0.0 0.0 0.0 0.0 0.0 0.0 0.0 0.0 0.0 0.0 0.0 0.0 0.0 0.0 0.0 0.0 0.0 0.0 0.0 0.0 0.0 0.0 0.0 0.0 0.0 0.0 0.0 0.0 0.0 0.0 0.0 11.67685 0.0 36.28978 0.0 
1000.0 32.05847 26.24243 29.91584 0.0 8.81242 9.53718 17.78411 36.12551 15.11087 15.70562 29.51916 0.0 34.71726 28.157 8.6506 18.12115 17.63268 39.00322 15.71889 0.0186 28.6807 19.50034 32.9866 27.04702 34.89379 20.37231 17.09678 35.57593 17.37344 25.83554 34.06783 12.26128 37.58364 35.40727 35.74304 9.40191 37.83252 12.66367 26.86279 10.33566 16.43424 11.91543 10.76016 13.99621 20.37976 31.75874 0.0 30.81274 0.0 20.59536 
1000.0 0.0 0.0 0.0 17.68731 0.0 0.0 0.0 0.0 0.0 0.0 0.0 17.04025 0.0 0.0 0.0 0.0 0.0 0.0 0.0 0.0 0.0 0.0 0.0 0.0 0.0 0.0 0.0 0.0 0.0 0.0 0.0 0.0 0.0 0.0 0.0 0.0 0.0 0.0 0.0 0.0 0.0 0.0 0.0 0.0 0.0 0.0 13.13955 0.0 20.66591 0.0 
1000.0 31.35252 24.0139 29.53416 0.0 39.08418 19.97787 9.4486 34.67509 38.03337 18.56099 26.69895 0.0 11.326 14.4695 12.93085 14.69623 30.26587 34.93391 22.99094 0.02498 17.87679 29.74648 37.66309 30.7371 12.13829 23.24934 32.89022 36.76987 25.30906 37.54507 23.11535 39.22618 34.36633 34.14196 33.1226 21.04238 9.31964 21.23396 29.49426 24.50375 31.16349 8.47048 30.05374 12.72867 35.35981 17.31163 0.0 23.8028 0.0 30.43751 
