1000.0 1000.0 1000.0 1000.0 1000.0 1000.0 1000.0 1000.0 1000.0 1000.0 1000.0 1000.0 1000.0 1000.0 1000.0 1000.0 1000.0 1000.0 1000.0 1000.0 1000.0 1000.0 1000.0 1000.0 1000.0 1000.0 1000.0 1000.0 1000.0 1000.0 1000.0 1000.0 1000.0 1000.0 1000.0 1000.0 1000.0 1000.0 1000.0 1000.0 1000.0 1000.0 1000.0 1000.0 1000.0 1000.0 1000.0 1000.0 1000.0 1000.0 1000.0 
1000.0 30.84561 7.54538 24.07603 0.0 16.63454 14.85418 29.61767 8.53861 9.34029 29.60659 31.33893 0.0 16.03036 25.93643 10.5877 33.96373 24.46491 15.56112 29.50287 0.02458 10.28206 15.22151 28.29589 23.3931 23.99399 13.00646 20.14786 20.75424 34.00803 13.93702 32.6866 16.01666 21.39125 27.95594 26.46769 30.14803 11.95788 20.86201 27.71793 14.79717 21.68936 19.35736 31.64315 25.87355 26.56475 23.56324 0.0 35.0418 0.0 23.99958 
1000.0 19.22437 16.09029 16.48105 0.0 29.49874 21.15818 9.09178 30.68226 7.48951 35.36196 20.34226 0.0 11.39307 17.3416 15.76901 18.1148 12.82639 20.33425 17.15114 0.03251 12.35222 16.65762 33.09898 21.9137 14.41953 20.89241 22.67703 32.3527 10.94826 28.54534 28.33531 32.20727 21.84527 33.917 31.8016 12.35398 16.94571 7.49698 14.74558 16.21694 23.20294 12.10267 16.0102 24.23157 16.78248 26.91267 0.0 8.2472 0.0 30.83905 
1000.0 31.88548 23.14397 8.16494 0.0 12.06856 11.09485 25.43874 21.37493 20.74602 15.57703 28.39106 0.0 28.04743 23.75128 29.2087 28.23298 14.12597 18.98247 11.94639 0.03645 18.74773 30.20356 17.70674 25.37729 17.72013 9.02887 19.76502 9.00788 29.6662 31.30577 30.6881 31.59475 7.21801 33.09749 28.68204 22.99583 24.97443 18.72164 29.95392 28.8267 12.62375 17.61207 13.38686 14.05897 23.14018 13.7224 0.0 22.52464 0.0 8.9178 
1000.0 0.0 0.0 0.0 9.76877 0.0 0.0 0.0 0.0 0.0 0.0 0.0 25.39905 0.0 0.0 0.0 0.0 0.0 0.0 0.0 0.0 0.0 0.0 0.0 0.0 0.0 0.0 0.0 0.0 0.0 0.0 0.0 0.0 0.0 0.0 0.0 0.0 0.0 0.0 0.0 0.0 0.0 0.0 0.0 0.0 0.0 0.0 15.32607 0.0 32.39874 0.0 
1000.0 23.79214 20.55492 27.16063 0.0 7.32819 23.68221 11.07098 11.06183 20.83397 17.14953 7.55455 0.0 9.71734 30.49363 32.02304 29.20517 21.35771 19.97707 22.86182 0.0308 21.73489 28.13716 22.67172 15.9116 25.77105 13.16279 15.21685 27.47143 24.96582 22.64709 17.72728 11.81043 26.59794 10.87887 20.75473 28.21899 12.24406 35.34507 8.3643 17.92656 10.64233 9.09019 14.96418 18.22624 28.2319 13.57399 0.0 22.12299 0.0 23.52596 
1000.0 25.49851 27.76796 31.36052 0.0 11.83947 35.41287 28.9884 27.13928 9.49957 35.14318 21.0236 0.0 8.78562 13.3725 29.83855 29.69878 7.71301 28.93454 17.02131 0.03941 16.77198 29.58859 12.87002 13.15604 20.05036 17.12656 10.28176 30.66192 17.46891 8.99643 28.08971 22.70463 25.3118 22.31255 20.5255 32.94238 29.98375 17.14691 14.23695 10.12083 19.83163 14.39619 20.86548 12.12119 33.19577 18.65207 0.0 9.0167 0.0 32.2154 
1000.0 24.50382 17.46542 18.88574 0.0 20.27585 13.88379 22.61745 14.17532 25.25734 10.34025 12.84643 0.0 30.00261 14.58684 17.03878 26.42006 31.03429 28.87032 24.1672 0.03792 29.31924 18.10534 35.3011 16.43737 13.73921 13.92069 17.19687 11.87551 13.02882 7.62757 24.26409 7.37301 28.53014 34.97301 25.52155 32.32671 34.77298 30.22739 19.07968 20.49812 26.29058 11.34564 22.51221 20.41055 24.24471 29.83305 0.0 35.19013 0.0 27.33092 
1000.0 18.66099 7.2542 28.17228 0.0 30.03494 25.43891 8.39397 27.43931 22.38902 33.6744 26.74321 0.0 24.97526 11.77164 24.52747 12.5804 19.49754 16.63299 13.72622 0.01359 15.28817 33.56375 28.87959 24.67311 31.01384 33.67674 7.51981 31.28014 15.92171 10.12278 35.06891 24.63106 28.84623 29.06735 24.08593 33.43638 10.14078 33.42625 28.57045 29.78021 30.16916 27.17669 15.88197 27.44459 25.03857 22.72559 0.0 10.28764 0.0 21.3692 
1000.0 10.67248 25.12492 13.52243 0.0 28.63941 32.27826 27.99967 35.27085 23.76195 30.75484 9.79725 0.0 26.27488 29.64927 15.66356 25.2948 15.4981 20.47819 24.49498 0.01215 8.2172 30.22197 17.63252 28.60746 33.36868 24.86568 11.51788 10.94081 34.78862 20.27344 12.36007 31.52839 26.139 12.07121 12.24263 33.59955 22.65133 13.0955 8.13548 29.4432 15.11544 24.76175 12.20939 14.59881 30.50926 19.92933 0.0 17.46311 0.0 9.94403 
1000.0 27.45258 28.81999 16.22351 0.0 14.2159 17.11063 8.52501 25.65508 29.92426 15.2213 19.28135 0.0 31.06657 11.02616 15.23064 29.00282 33.08475 15.36103 30.24702 0.01107 33.1393 10.19237 35.02073 16.44774 31.40566 11.38396 14.67371 24.98083 33.13507 28.74394 8.07632 10.74598 31.57137 29.70991 24.54822 28.45457 32.8094 15.56074 24.94848 15.18695 17.17027 20.85699 18.94971 33.98722 19.74675 22.70471 0.0 23.43017 0.0 26.91441 
1000.0 30.66839 14.08568 22.38461 0.0 31.90463 26.662 25.07308 13.9572 28.68955 32.99063 22.42154 0.0 31.95376 25.92766 32.07658 29.01837 23.84063 31.51815 19.74025 0.03812 30.01613 24.18197 7.1752 19.86156 10.4976 9.91236 9.96886 10.40463 30.46293 8.44955 26.15219 8.7959 12.50127 12.39934 33.12922 23.53037 18.45088 9.91129 10.86206 29.80663 26.21312 35.17427 22.89836 24.64831 25.09685 20.74152 0.0 29.42192 0.0 30.81525 
1000.0 0.0 0.0 0.0 15.69404 0.0 0.0 0.0 0.0 0.0 0.0 0.0 25.93125 0.0 0.0 0.0 0.0 0.0 0.0 0.0 0.0 0.0 0.0 0.0 0.0 0.0 0.0 0.0 0.0 0.0 0.0 0.0 0.0 0.0 0.0 0.0 0.0 0.0 0.0 0.0 0.0 0.0 0.0 0.0 0.0 0.0 0.0 14.32489 0.0 17.56076 0.0 
1000.0 17.50806 10.23466 22.75824 0.0 34.06257 7.13554 27.37679 19.3943 16.50293 22.04091 9.51675 0.0 22.31583 17.19852 25.36016 24.78982 17.75278 31.96844 30.50306 0.03728 33.74533 32.74129 19.2881 9.88211 26.91915 22.24863 16.89278 11.1316 23.74388 29.95968 20.79549 23.40739 10.16433 34.70535 31.6591 15.40211 15.24687 9.91533 33.09411 23.30339 7.86804 31.56467 7.71938 25.14636 14.43149 24.40117 0.0 34.40647 0.0 24.73691 
1000.0 34.38413 23.24109 14.35376 0.0 19.49858 29.13181 27.17629 30.65888 29.59149 9.18527 8.08329 0.0 25.85841 13.71245 17.69329 19.89593 12.77047 33.00893 33.16956 0.02425 20.99724 30.0708 14.34154 31.24878 20.71477 27.23962 8.58859 11.26186 25.19722 16.30435 16.19082 32.73314 31.17276 28.94581 28.62684 34.08147 35.31014 9.28203 8.01114 16.3531 15.44552 13.49711 27.2657 35.28801 21.71941 34.05446 0.0 25.19395 0.0 26.43779 
1000.0 14.99301 18.98225 11.69458 0.0 26.29248 24.31116 9.44586 26.19413 26.43785 29.76205 33.71005 0.0 8.51884 29.20479 28.54834 34.93554 8.99235 34.22005 35.269 0.03482 7.19293 24.11282 23.19292 18.46808 27.76435 35.07261 20.95985 18.39037 13.58772 34.16223 30.19176 12.28769 11.05111 19.66876 30.81134 10.511 25.59774 8.09906 11.17857 30.03115 16.44811 22.8589 27.24213 20.3558 16.21842 19.79793 0.0 7.80833 0.0 28.17092 
1000.0 12.63231 27.68657 33.08037 0.0 18.42004 19.80455 24.91796 25.95144 30.10093 7.91062 26.99641 0.0 23.57345 33.51803 27.33448 33.25957 29.16692 30.62929 26.92973 0.0168 19.38311 30.45984 21.96524 34.81497 26.08163 18.50897 16.95448 22.18525 28.4524 26.77106 18.62126 10.51307 9.94717 12.6422 14.97211 21.73341 21.98516 31.9161 17.01746 32.69612 19.66717 34.95837 34.13255 9.1368 18.10566 27.68251 0.0 33.25682 0.0 27.23843 
1000.0 34.74033 28.69788 35.0577 0.0 18.43097 14.32864 30.75743 32.72345 8.22073 8.1803 13.09833 0.0 11.54169 21.5988 16.20238 23.9721 19.1744 9.801 33.09897 0.03019 33.73912 8.7121 7.9302 11.26367 12.45099 26.60144 29.7693 24.18804 14.77978 19.40234 27.32939 28.7345 13.90627 26.65578 20.26541 33.70897 30.00722 20.0969 19.69476 23.22597 29.92555 30.60926 26.42997 11.75444 30.25665 9.34663 0.0 19.57627 0.0 15.78658 
1000.0 8.24517 19.86392 14.7504 0.0 19.33341 24.66544 20.86917 20.28991 13.90733 18.65058 16.067 0.0 12.65176 24.24858 7.38672 18.71799 31.63153 16.10643 13.5038 0.03354 11.84545 15.7173 9.61997 26.94125 32.97501 11.21146 25.24181 11.7085 27.52793 18.13044 22.98959 21.03769 25.49809 25.59864 33.57926 28.99952 14.8832 12.40093 29.36539 23.19195 11.38851 7.25633 11.01562 29.0924 24.47705 23.3501 0.0 28.57062 0.0 7.28987 
1000.0 10.98582 27.19208 14.28746 0.0 14.32244 8.51113 15.7824 9.38358 31.76346 11.42417 35.18411 0.0 19.73386 12.44645 21.90139 30.52233 19.39261 27.28529 12.26981 0.02665 20.75659 32.85818 34.35719 26.63482 18.25775 10.93634 15.23159 20.90143 35.27759 30.90532 32.11929 22.8328 28.69069 20.69585 27.61284 15.2147 10.31978 12.96235 21.92184 24.39224 29.20301 21.06804 21.88842 8.32375 19.45435 35.13435 0.0 14.96099 0.0 18.63964 
1000.0 0.0392 0.15812 0.16532 0.0 0.08028 0.05359 0.07976 0.10775 0.08742 0.12168 0.09985 0.0 0.16816 0.036 0.05368 0.09331 0.03621 0.05186 0.08216 16.88761 0.16435 0.15714 0.03725 0.15001 0.07412 0.05559 0.10131 0.08764 0.09851 0.09287 0.11529 0.04444 0.15389 0.08019 0.16678 0.1334 0.03435 0.04285 0.16139 0.03761 0.11083 0.03388 0.04322 0.05531 0.0847 0.08579 0.0 0.05636 0.0 0.05172 
1000.0 35.18237 17.93738 19.16867 0.0 19.34638 34.51602 11.7382 12.53828 27.12422 20.72322 19.91492 0.0 11.29667 20.10698 21.54362 18.82686 21.3578 30.70207 14.02077 0.01354 29.23392 35.23503 30.477 30.2333 22.29706 12.82892 11.95358 33.77325 29.25769 24.50486 17.84574 14.5716 10.77516 20.28549 17.49771 14.82634 23.70729 15.53995 28.67348 28.47382 20.33268 7.95139 15.4491 12.06191 12.94808 24.49444 0.0 30.59414 0.0 33.01019 
1000.0 22.02165 31.75998 25.90775 0.0 35.13733 27.35666 24.92811 11.61718 18.08272 33.934 31.06324 0.0 14.29032 9.19055 10.57608 19.94495 10.34268 27.94454 17.53372 0.01193 12.15735 21.2077 13.26991 25.64217 35.03029 30.33722 16.9015 16.12152 34.64712 21.81866 18.19047 15.48716 33.9411 7.1172 10.44128 11.55401 13.05067 20.54163 23.65315 16.9085 24.10171 27.39578 9.18694 32.88091 29.74935 30.80544 0.0 13.1328 0.0 10.45356 
1000.0 10.83622 32.02529 23.98635 0.0 12.19759 13.68785 9.47227 10.14935 11.60929 18.38156 28.57889 0.0 15.10296 15.39583 7.12562 34.97702 18.87307 19.3031 23.71676 0.03137 7.18437 34.59323 28.28841 9.9539 27.13498 22.19375 34.67149 17.57438 28.8963 29.74894 29.59808 31.70908 27.13046 25.12426 11.45966 8.49029 25.17624 22.48806 18.24876 21.36293 24.66745 26.72649 34.80993 26.35084 7.9707 19.59953 0.0 27.65027 0.0 12.00537 
1000.0 22.75761 26.9262 8.66026 0.0 14.61724 34.3607 19.63582 7.14167 14.14149 8.50579 32.49798 0.0 21.72694 18.82575 14.61049 13.80584 33.04896 16.87588 25.42085 0.03215 23.3331 24.25197 7.5114 13.88661 11.89104 29.11337 8.28369 28.58015 8.99707 12.26896 28.10072 32.88659 27.01079 7.83272 19.49084 12.90239 27.71122 31.60614 32.36072 31.30496 34.14737 17.70719 25.24685 17.25506 19.74019 32.46749 0.0 12.33005 0.0 33.53952 
1000.0 23.33656 15.96339 16.45181 0.0 18.6 31.01511 27.65855 21.50181 12.89998 27.66472 9.48868 0.0 10.30218 16.21404 28.6344 24.97177 19.77856 27.6591 15.4574 0.01932 9.42357 25.55896 11.81187 18.46343 29.39323 31.32257 12.35961 10.74115 7.41878 9.24293 14.76499 18.81847 33.70231 17.00686 33.15502 32.8225 23.00474 7.52489 14.23742 31.23735 11.66101 18.89505 32.88906 22.85712 17.5916 30.48681 0.0 11.92863 0.0 8.97091 
1000.0 21.88216 19.17245 8.10362 0.0 31.13209 8.57778 30.13615 25.62201 32.53997 31.96241 15.6227 0.0 11.67124 7.35041 9.60328 24.25389 32.65624 33.94524 31.88507 0.01361 29.96653 30.75692 16.84485 19.67953 15.82952 14.16462 30.29271 26.21006 14.72534 32.16126 10.0628 19.93771 8.73657 16.99589 21.21149 8.55293 31.81518 21.17028 14.9378 22.52385 17.1376 24.02652 14.00431 26.71174 14.53329 19.01918 0.0 33.78092 0.0 17.03489 
1000.0 7.27869 10.16179 21.11256 0.0 26.82452 9.02875 25.06497 17.94081 15.76112 33.48978 8.42065 0.0 26.29661 20.7886 13.97887 24.41916 14.87404 18.06276 14.79615 0.02389 31.48601 13.9045 25.37648 20.16975 15.85028 27.79697 16.09039 7.46067 11.00345 16.65934 27.79299 21.19153 33.96694 21.40255 17.81932 17.63831 8.1075 9.94478 13.30815 13.37639 10.2979 30.758 17.3058 17.96884 34.55942 19.72219 0.0 13.58391 0.0 17.48474 
1000.0 18.54121 30.02666 13.70888 0.0 20.15836 32.04385 9.20475 24.21491 11.11353 31.08488 25.02996 0.0 12.72634 21.5195 13.85809 24.47641 25.73621 29.10634 30.28804 0.01622 21.74067 17.1681 8.04874 13.70233 27.5389 33.26799 29.51872 29.43373 30.74214 34.63042 25.61361 25.76649 28.3259 11.33531 29.98067 26.32444 10.93728 25.61898 27.6601 27.49182 14.53488 9.47286 31.22288 33.4127 29.51794 27.49217 0.0 16.70138 0.0 8.16732 
1000.0 25.51358 19.48243 20.73876 0.0 29.18723 21.29153 24.53095 17.84328 12.31884 32.96989 25.44863 0.0 32.28286 25.57453 8.99744 23.94268 29.09155 29.7703 29.6771 0.03959 11.22129 33.83113 12.17148 24.3008 30.56467 7.11656 22.13047 28.21797 22.43642 31.69066 7.62082 33.81415 27.39459 15.82102 33.99439 16.27162 24.43721 26.06078 22.99249 30.77514 23.78605 28.16894 27.93287 21.8467 9.81994 34.43325 0.0 7.53702 0.0 7.08701 
1000.0 31.16859 30.27839 20.07638 0.0 27.85655 23.24526 23.20135 11.89669 7.61637 21.10769 35.23842 0.0 26.26311 29.47991 8.22101 20.74036 25.64559 17.1063 9.20523 0.01353 17.49566 10.19755 12.47264 13.77839 15.9257 10.88442 23.44178 12.01097 8.82734 24.58718 28.44829 18.47138 18.48542 16.66881 27.27621 18.09727 8.08745 14.49168 34.5389 9.37639 12.27201 12.61247 27.98667 18.4427 21.83689 22.38278 0.0 22.05601 0.0 26.62089 
1000.0 24.11103 14.4337 20.00331 0.0 12.93815 31.70264 13.28806 24.87454 27.57582 34.98053 32.21786 0.0 27.86941 10.17528 14.13708 19.10789 9.78922 21.4904 7.35079 0.01677 23.01215 26.37882 30.47462 20.02541 18.8651 28.67734 28.39553 17.93689 31.73927 11.88016 20.13762 19.39809 30.69981 23.58058 15.28433 18.09936 15.31611 10.01706 32.06916 15.39954 11.61603 23.27828 7.12636 19.77347 20.02065 8.87799 0.0 10.02527 0.0 7.92622 
1000.0 7.62224 22.50265 10.33333 0.0 21.51304 34.63454 21.1845 28.57497 14.03848 24.28465 23.70132 0.0 31.49265 32.80276 19.17677 25.21725 18.59113 22.11612 31.65734 0.02282 11.71073 22.59116 25.57261 20.86844 18.61442 16.2031 19.03404 29.62586 26.2164 26.89675 14.21215 17.62127 25.9681 24.61446 25.21972 18.20985 24.68238 13.11713 18.89985 11.93648 33.13529 22.61761 13.98012 10.7886 10.74171 21.21207 0.0 24.17384 0.0 17.87242 
1000.0 27.38765 8.67464 16.82247 0.0 26.97488 31.82015 21.92843 13.10527 20.51218 13.11069 11.30676 0.0 7.51523 20.76192 24.46778 14.16158 7.36785 11.40957 8.11317 0.02704 34.85538 34.00844 17.58234 17.33606 25.78639 31.74841 17.19001 17.22937 26.94554 29.0866 16.71477 25.66741 21.21758 14.68846 29.59908 16.34015 34.59317 17.57729 20.72921 21.22326 18.04473 8.63091 23.09478 28.14968 27.65917 14.99233 0.0 9.92322 0.0 14.89441 
1000.0 15.06761 18.16467 20.67938 0.0 24.85719 29.97745 23.40732 8.42471 26.24673 18.46294 10.46057 0.0 14.5991 15.15871 35.01569 12.87336 22.50024 21.66132 28.93533 0.03827 24.87844 32.86768 20.36569 28.95512 17.04928 7.32516 22.1408 7.56974 20.37889 27.88914 26.45448 14.31687 25.42073 34.33671 12.79264 27.54147 20.55047 8.80357 28.41943 34.68331 12.10651 25.89086 7.76718 19.44666 17.73367 20.75518 0.0 21.86196 0.0 22.46356 
1000.0 35.14656 23.85409 29.26018 0.0 17.13209 9.37951 34.74953 32.72926 14.07743 17.12753 31.20796 0.0 18.19767 19.58511 31.79973 28.99689 15.29073 31.97156 7.22086 0.01325 30.47934 11.8846 20.55595 34.65042 21.41006 7.73104 27.03293 20.95461 33.6867 10.14062 30.80943 28.66724 13.47604 14.10045 18.46991 10.42279 7.741 21.45328 31.89846 30.72275 30.36434 13.12273 24.30639 26.47144 15.19707 10.50427 0.0 15.17898 0.0 26.9763 
1000.0 13.97799 34.90764 16.0375 0.0 27.25589 30.87196 31.85229 18.38436 10.32025 14.58547 27.68308 0.0 12.0372 20.87027 28.50816 14.27548 34.30436 8.59273 18.67529 0.02052 29.52041 20.87373 32.15078 21.34495 13.28582 34.17582 31.69232 31.55225 11.05869 29.08026 33.44959 31.50472 8.47807 33.9883 16.2578 7.47988 7.9399 21.67937 34.35763 16.47774 13.00313 29.26479 33.77035 7.25526 23.11898 11.31204 0.0 10.0888 0.0 14.86723 
1000.0 9.52126 22.67762 9.04413 0.0 26.86846 29.6965 31.96739 11.95002 27.68932 25.31572 17.15137 0.0 18.41803 9.1783 28.15745 15.43768 14.14335 27.01099 29.95549 0.03265 29.70157 31.70754 13.64254 7.33782 22.36051 29.78306 7.85683 15.90474 25.81775 14.71454 10.84426 35.28073 27.37242 13.16951 12.16005 21.39714 25.30191 29.01931 17.07633 15.42396 25.33089 27.34386 29.6214 27.40896 21.17267 26.20468 0.0 32.27168 0.0 33.63263 
1000.0 18.78326 33.0036 17.57669 0.0 32.16716 25.54383 17.50587 22.85804 29.49695 28.31794 25.73644 0.0 16.47724 27.99734 15.46559 10.73687 16.49494 15.45558 34.73304 0.02337 7.72755 20.97154 18.31809 12.76365 14.78893 12.46511 17.70876 25.12647 16.11888 34.74962 30.935 12.94876 18.01873 34.87179 31.84586 27.54243 31.296 9.81593 11.64132 10.87809 32.07802 11.68492 10.45349 30.30508 33.75423 7.5255 0.0 9.47555 0.0 14.76064 
1000.0 26.66131 10.85967 20.90003 0.0 13.83681 19.75735 23.16958 22.49469 34.27145 10.66501 31.4659 0.0 14.31256 12.13974 25.66201 28.65758 21.69733 31.54911 20.06164 0.04037 16.44681 22.3813 16.75242 33.90557 21.51311 28.70756 35.27949 33.46443 26.69064 8.36024 16.53489 24.61642 19.6744 29.42747 25.34469 34.68662 31.93807 11.33598 17.12207 24.67535 26.47295 31.89298 14.5738 17.77298 13.67154 24.53708 0.0 26.00263 0.0 12.5407 
1000.0 19.00076 19.9906 29.70646 0.0 25.21382 13.13556 35.18045 15.87404 27.08724 13.10581 31.09485 0.0 13.65213 23.25987 10.56445 33.57668 19.26296 26.35087 18.31015 0.01067 24.96077 32.20806 35.10839 30.15959 18.81973 18.49421 11.47922 31.93423 16.10617 23.01991 10.49585 14.1207 8.28292 9.95894 14.74522 28.80427 23.34454 27.35093 10.68187 32.56946 17.37376 30.53405 13.60608 23.68178 26.79372 17.3493 0.0 23.25616 0.0 7.81267 
1000.0 26.97253 24.62731 7.4707 0.0 24.0591 25.58707 16.38979 28.04414 27.60979 11.53952 23.65732 0.0 7.91231 11.23846 21.31444 15.42215 7.84104 16.46172 33.73558 0.01299 14.46382 32.41036 14.1292 28.37251 25.21473 14.52131 27.88816 34.87646 22.40226 19.23125 31.71637 23.04218 34.4683 30.46106 30.967 16.54496 32.28577 10.4397 29.18587 29.43082 20.99653 26.62638 21.35735 26.46791 16.31481 14.44492 0.0 30.56924 0.0 13.73768 
1000.0 29.77695 13.83501 26.0845 0.0 21.80516 30.6026 32.64519 28.11435 30.87066 18.46393 16.95399 0.0 26.53813 10.10252 20.02405 20.21444 34.48904 35.35272 34.52052 0.01942 8.35255 29.96985 7.46985 34.89547 19.34459 11.76449 30.80602 34.35581 10.9191 34.98024 31.56982 25.30975 27.49252 33.86573 25.86317 32.37194 32.36935 32.15749 15.12769 17.80354 24.21835 15.19649 18.21257 35.02732 16.75366 22.11644 0.0 23.9095 0.0 19.64378 
1000.0 20.99894 28.07614 12.20738 0.0 19.0505 28.80781 31.37965 20.97328 35.19115 33.23451 29.44111 0.0 30.31571 17.43539 31.53091 9.18566 33.18548 23.11248 10.42951 0.02806 31.13765 14.37174 9.21352 12.89372 26.22041 16.71244 22.51861 24.2446 12.25425 14.86081 26.25973 20.41921 27.94202 21.04877 19.81412 18.60878 11.39618 20.01025 10.86429 22.60333 19.51248 20.33945 28.53611 12.71124 31.01225 12.20987 0.0 15.83957 0.0 20.60369 
1000.0 8.83887 34.60556 12.7056 0.0 33.87282 31.53096 9.31863 17.84714 30.76539 13.30882 8.16491 0.0 12.44785 23.49955 34.02957 11.14061 7.70647 21.48975 13.58185 0.01941 9.80809 34.30202 12.06523 9.87967 31.03042 34.35572 13.14428 16.30014 15.07033 29.66502 29.68136 15.48722 35.02635 28.61198 24.70765 8.05573 30.54419 26.42588 30.37201 19.54181 23.76853 16.08869 32.01671 34.00504 27.55272 23.84078 0.0 10.90043 0.0 16.15442 
1000.0 18.54012 25.93327 16.96102 0.0 9.03038 15.91522 25.10908 18.13074 29.45361 13.87877 17.99929 0.0 7.38077 14.63069 27.06941 27.94551 8.05001 25.78942 12.72998 0.03851 27.69444 32.4201 32.33379 16.39335 8.87032 19.35195 21.89024 13.81373 21.85899 30.17207 16.47987 13.17277 31.67208 8.18055 32.28743 15.66738 32.99193 17.77818 26.76406 34.7526 12.75589 33.57049 33.26125 17.69293 13.66259 18.27582 0.0 8.0414 0.0 26.94559 
1000.0 22.41936 23.08883 22.1639 0.0 34.0498 8.18857 26.96342 20.93597 31.00571 23.27471 17.87494 0.0 24.511 19.34788 23.61788 24.86957 31.17211 23.91735 11.08171 0.0282 33.48202 17.21905 24.88931 29.33367 11.8643 13.60543 24.38306 16.14187 9.22155 22.88152 27.15994 17.18299 33.49477 15.21358 13.11142 10.66757 22.49107 25.2061 16.74091 29.07802 34.0216 12.82805 20.86618 34.8348 25.18693 25.42781 0.0 27.64933 0.0 31.23641 
1000.0 0.0 0.0 0.0 32.12679 0.0 0.0 0.0 0.0 0.0 0.0 0.0 22.27577 0.0 0.0 0.0 0.0 0.0 0.0 0.0 0.0 0.0 0.0 0.0 0.0 0.0 0.0 0.0 0.0 0.0 0.0 0.0 0.0 0.0 0.0 0.0 0.0 0.0 0.0 0.0 0.0 0.0 0.0 0.0 0.0 0.0 0.0 30.88567 0.0 29.6602 0.0 
1000.0 24.82973 30.10195 15.69771 0.0 24.83083 7.10244 18.28413 7.44515 30.9486 25.55491 27.82162 0.0 19.93176 34.0584 7.22753 27.3658 34.04077 11.53812 19.95386 0.01306 34.17326 19.7187 14.30426 33.35474 13.84585 9.34405 22.46632 27.28481 18.97754 19.5547 16.10431 7.46342 15.25964 33.18588 34.99464 14.98302 28.66367 13.14742 16.94817 10.30743 33.25278 27.57078 30.07488 22.79676 7.96512 24.58111 0.0 12.63735 0.0 34.8062 
1000.0 0.0 0.0 0.0 13.35867 0.0 0.0 0.0 0.0 0.0 0.0 0.0 8.76587 0.0 0.0 0.0 0.0 0.0 0.0 0.0 0.0 0.0 0.0 0.0 0.0 0.0 0.0 0.0 0.0 0.0 0.0 0.0 0.0 0.0 0.0 0.0 0.0 0.0 0.0 0.0 0.0 0.0 0.0 0.0 0.0 0.0 0.0 26.89633 0.0 21.95343 0.0 
1000.0 31.07403 13.74486 17.56136 0.0 25.18839 24.04213 28.56107 23.76717 9.46683 11.29289 18.1887 0.0 28.41273 20.05497 27.01288 8.94532 17.19798 28.28664 32.76906 0.03738 23.48446 10.97511 7.53137 13.3313 17.72223 18.3607 11.40925 23.60299 17.94734 21.87921 27.21007 18.66577 31.17016 35.05401 12.97552 32.50965 7.56786 7.64058 13.96267 19.83657 30.57921 8.51238 18.95654 25.99679 20.81889 24.56832 0.0 20.58676 0.0 22.69286 
