1000.0 1000.0 1000.0 1000.0 1000.0 1000.0 1000.0 1000.0 1000.0 1000.0 1000.0 1000.0 1000.0 1000.0 1000.0 1000.0 1000.0 1000.0 1000.0 1000.0 1000.0 1000.0 1000.0 1000.0 1000.0 1000.0 1000.0 1000.0 1000.0 1000.0 1000.0 1000.0 1000.0 1000.0 1000.0 1000.0 1000.0 1000.0 1000.0 1000.0 1000.0 1000.0 1000.0 1000.0 1000.0 1000.0 1000.0 1000.0 1000.0 1000.0 1000.0 
1000.0 43.04981 40.42463 33.85178 0.0 18.5683 18.31241 17.64654 40.1285 38.01073 30.52678 21.22281 0.0 32.16194 30.88359 22.73567 24.95831 12.26119 19.49987 11.34516 0.02282 26.04009 11.50505 14.77604 41.66215 32.72722 25.53815 37.53176 9.53891 37.85563 17.61649 12.65644 37.48724 26.03317 16.40454 11.69645 34.89508 19.57588 43.07683 42.16094 14.16485 26.43286 28.54196 39.07472 11.74857 26.70976 11.11817 0.0 35.50654 0.0 14.41729 
1000.0 34.42276 38.78977 33.09285 0.0 29.95475 27.59658 37.62588 37.68625 42.22779 31.8022 16.69783 0.0 19.7344 23.8496 10.54599 42.56849 23.65383 13.1039 19.49475 0.0412 35.37293 32.03942 40.20679 37.25038 39.42866 18.79705 18.75243 24.93998 29.39896 13.58384 39.63597 15.44178 33.33458 29.26989 10.59296 21.71808 13.91719 29.91386 35.00773 10.43709 25.97257 13.27032 21.09585 22.97309 17.61302 36.52344 0.0 36.94704 0.0 21.27167 
1000.0 26.99132 42.11353 9.27582 0.0 11.93243 8.77523 30.25288 26.41849 36.51394 20.27666 42.28309 0.0 24.51171 10.68765 12.27891 27.56334 28.18037 28.66128 33.71726 0.0408 24.48754 11.34482 34.22496 40.59506 16.00187 19.84381 10.3498 36.33224 30.26062 13.37831 41.84693 27.97359 11.37776 31.42212 31.51087 39.39912 12.11286 16.34038 34.10964 39.09357 34.81625 38.66604 35.25152 27.55908 32.295 21.60803 0.0 9.16325 0.0 24.15924 
1000.0 0.0 0.0 0.0 23.02083 0.0 0.0 0.0 0.0 0.0 0.0 0.0 43.13168 0.0 0.0 0.0 0.0 0.0 0.0 0.0 0.0 0.0 0.0 0.0 0.0 0.0 0.0 0.0 0.0 0.0 0.0 0.0 0.0 0.0 0.0 0.0 0.0 0.0 0.0 0.0 0.0 0.0 0.0 0.0 0.0 0.0 0.0 18.45068 0.0 29.38844 0.0 
1000.0 9.68695 10.75191 23.03728 0.0 36.21014 34.88636 33.63047 11.45862 10.02031 41.28051 40.53588 0.0 40.72272 41.38373 32.46248 27.36494 19.02594 37.40301 28.46153 0.02689 32.41502 42.79415 24.97543 25.54286 36.85104 22.24929 38.57458 13.25963 23.56071 9.38646 23.83996 39.61898 24.13164 18.52347 32.86896 42.97656 16.93796 22.76094 10.32009 29.17637 42.17855 12.32086 26.06394 21.92067 41.11027 39.97012 0.0 20.96359 0.0 22.27398 
1000.0 42.14943 9.18405 31.35763 0.0 22.61646 16.34159 8.9325 18.48639 40.79119 31.5552 43.25843 0.0 14.83872 27.00258 29.38924 18.25167 38.99668 31.12374 15.91681 0.03583 19.55897 30.54567 24.79146 27.30295 14.30985 10.6065 40.45307 20.91819 34.39979 13.73353 16.40636 19.54634 26.341 27.23434 18.72573 43.00065 43.13659 9.23668 24.73164 23.50778 43.09021 19.07209 11.32081 32.61078 27.67031 36.22813 0.0 39.74512 0.0 26.55248 
1000.0 15.50945 38.92177 34.91626 0.0 24.35718 33.06355 12.34316 22.56736 24.74345 20.7243 33.48092 0.0 32.59751 34.61962 31.93296 40.28438 17.97855 15.07989 10.78356 0.01931 38.21714 33.42884 36.74267 31.61045 16.84767 30.10754 23.44227 10.71852 29.81456 26.50593 39.30779 11.77603 28.44523 16.50383 12.96752 22.654 24.98149 27.18014 13.46568 17.57546 18.37461 18.70764 39.33174 18.68927 40.75433 18.46137 0.0 19.91565 0.0 25.33483 
1000.0 32.19954 28.27527 30.16974 0.0 40.14324 11.0902 39.38476 34.77799 24.72259 16.55472 10.52768 0.0 13.84784 12.15274 34.86235 34.00676 34.21093 36.19314 29.67886 0.04087 30.91772 40.01439 12.41626 36.91403 23.35998 34.21663 42.24066 33.00761 22.051 26.24922 32.47109 15.79941 28.75723 36.94375 40.62686 9.90369 21.32167 33.02416 39.90679 34.07874 9.28357 37.25324 12.44786 11.78434 38.58389 17.42283 0.0 41.39385 0.0 10.1933 
1000.0 20.39655 13.90529 35.7881 0.0 29.14383 25.55997 18.12787 27.98508 31.38736 13.82404 40.73261 0.0 29.49427 36.53357 19.90692 12.62361 37.64919 9.19896 21.68842 0.02044 18.44349 22.17035 34.68285 37.92426 33.28962 12.57307 28.2286 41.15393 29.557 20.55783 31.22024 19.76596 28.25802 14.19912 18.0429 38.57996 22.23359 37.19839 37.19317 34.12683 25.67471 9.11347 21.97481 19.41423 41.6921 15.52731 0.0 39.54025 0.0 34.20621 
1000.0 34.27935 20.56786 17.23396 0.0 13.4615 8.76133 27.87393 34.90908 24.49728 19.41719 36.3752 0.0 12.14599 39.75426 39.50764 31.00767 39.98946 38.40278 23.88667 0.02809 39.53564 23.45017 30.96355 19.00586 20.8613 31.40323 18.27533 28.52063 20.52756 29.16529 11.91778 43.1796 14.11833 36.58477 28.31843 37.65167 11.1615 27.97453 24.12816 34.924 40.17022 30.6435 36.08411 26.02966 34.78096 17.03946 0.0 40.50697 0.0 10.41907 
1000.0 27.69773 28.03594 32.41324 0.0 40.16521 33.76901 24.57102 38.43312 23.53249 31.4851 29.70993 0.0 42.94856 23.14889 33.32564 29.80801 42.38836 41.80972 14.83945 0.00933 32.31825 23.67143 14.94528 19.8689 28.63205 27.78733 24.07045 42.80767 24.12271 17.96048 37.1515 16.57039 10.83515 38.50827 16.21185 35.26017 32.06926 22.76536 40.22886 32.40431 39.87079 12.94974 40.52068 21.39269 13.03345 11.41501 0.0 35.74821 0.0 27.05541 
1000.0 0.0 0.0 0.0 30.1865 0.0 0.0 0.0 0.0 0.0 0.0 0.0 15.80196 0.0 0.0 0.0 0.0 0.0 0.0 0.0 0.0 0.0 0.0 0.0 0.0 0.0 0.0 0.0 0.0 0.0 0.0 0.0 0.0 0.0 0.0 0.0 0.0 0.0 0.0 0.0 0.0 0.0 0.0 0.0 0.0 0.0 0.0 13.09259 0.0 12.57819 0.0 
1000.0 23.67492 19.05795 21.74782 0.0 16.23643 17.1441 34.66177 17.11034 18.71438 16.1564 36.84019 0.0 27.61567 42.71969 28.07796 19.84871 27.56412 28.60773 11.15731 0.01855 26.25971 35.86635 13.1052 38.94141 21.19532 14.23927 29.71322 14.82766 9.65859 15.43087 25.52649 16.12312 25.80395 23.32616 26.47294 21.02873 28.38652 21.80342 37.68459 28.6919 15.80244 37.00266 23.75569 21.1883 28.53226 24.57087 0.0 41.08673 0.0 23.53309 
1000.0 15.06152 28.61451 25.1722 0.0 42.89126 38.79163 15.31159 22.52794 28.72187 25.9225 14.86055 0.0 13.70306 31.80408 20.61614 29.59228 10.86195 31.15428 18.59212 0.03395 21.80534 36.26398 12.46142 17.94715 35.57583 40.75596 21.43325 17.32167 12.59426 19.49237 22.34949 13.9666 27.45448 42.37276 15.18272 28.49255 11.57168 42.18836 28.58605 13.34145 29.01854 15.55088 20.20759 27.24133 36.1012 11.01105 0.0 16.34425 0.0 10.98548 
1000.0 22.39934 37.06733 40.06433 0.0 14.0272 37.59654 29.65141 34.67604 9.66779 19.9319 21.91551 0.0 16.61892 30.16363 9.60776 18.22127 22.50672 39.84392 24.79897 0.02024 18.8563 27.83079 29.59997 33.4387 40.58931 19.18718 19.38676 18.13216 42.51452 38.41412 29.98873 20.38781 42.13766 23.39189 18.51307 9.57811 23.31384 15.47881 22.14782 27.32281 10.76233 22.76501 36.93047 22.8887 18.01273 19.87493 0.0 33.47828 0.0 14.77691 
1000.0 30.38778 16.80948 22.43776 0.0 17.99023 17.70236 18.76691 19.44033 35.04865 15.45159 27.45272 0.0 29.30156 12.40136 25.37768 32.58259 18.30943 10.91906 27.82901 0.0362 37.64509 32.88745 27.02984 18.18754 30.39015 40.16468 37.23523 9.08096 32.53342 26.02239 14.19099 41.16113 10.11734 22.81679 21.92192 26.40612 28.62339 31.96224 29.37591 34.93212 19.56164 13.68639 34.76368 14.44416 22.72691 26.20313 0.0 20.98829 0.0 39.77787 
1000.0 32.75186 39.28798 22.02658 0.0 17.19599 38.81963 22.13676 29.49832 12.2021 11.00057 33.36568 0.0 9.34991 26.48696 39.50396 39.25271 21.97043 41.16106 31.21262 0.03693 32.61147 12.95526 10.43459 10.3926 27.96564 23.84309 12.76581 14.16332 38.56426 14.87121 36.59632 21.3872 43.0453 20.32829 9.97627 8.76302 41.22654 19.55621 31.10971 19.88112 13.79069 26.92128 29.27293 37.7306 25.43047 10.68235 0.0 30.91384 0.0 13.91104 
1000.0 33.33888 16.7116 18.90626 0.0 25.51448 36.75157 16.62037 16.66017 42.74688 16.14531 36.54316 0.0 36.58187 15.14723 36.66808 16.49301 18.95832 9.44921 25.12144 0.01849 13.44095 26.28537 28.42327 9.62582 24.29362 9.57543 35.24076 13.00724 19.39986 28.16674 25.1431 38.72678 18.20714 29.21371 18.829 37.76341 11.68055 16.83823 29.4692 32.01721 13.60199 27.22305 33.86435 21.66246 22.53528 9.69708 0.0 26.26855 0.0 23.99055 
1000.0 13.18044 21.02796 34.70258 0.0 21.07212 23.75607 30.73934 29.07562 23.48126 21.07386 9.52941 0.0 37.29477 16.41817 32.86604 14.78817 23.5608 38.68852 39.24452 0.01775 22.94777 28.76673 27.64164 41.49651 27.03633 26.60679 13.61585 40.79506 21.18246 21.71828 37.8713 10.08239 23.05719 12.0911 36.6249 30.08203 23.20507 10.65916 9.06333 31.70654 40.56512 40.08163 15.52262 27.53485 13.85872 35.68516 0.0 29.54448 0.0 9.63909 
1000.0 0.1092 0.05926 0.07935 0.0 0.09855 0.15196 0.05601 0.11917 0.04902 0.07371 0.05204 0.0 0.13683 0.06453 0.17261 0.15643 0.18112 0.08852 0.12713 32.82994 0.16776 0.1524 0.17183 0.0511 0.13721 0.13022 0.15951 0.06679 0.15404 0.0959 0.08563 0.17164 0.16659 0.17334 0.17406 0.05861 0.07262 0.09286 0.14199 0.10048 0.10226 0.10032 0.1262 0.1022 0.08678 0.066 0.0 0.11351 0.0 0.18139 
1000.0 30.24965 37.06143 24.44858 0.0 29.72891 21.41688 27.21157 12.13168 27.96268 38.75484 29.99695 0.0 43.33539 42.82918 40.33303 16.90818 27.66636 27.96483 13.4504 0.01602 17.71262 17.08875 9.25581 32.22492 17.16862 29.478 40.98714 32.90044 32.85178 27.2388 30.761 25.48873 24.00495 9.05846 28.02257 41.31687 25.57622 41.47684 21.94315 31.23694 25.4369 21.29363 26.28668 35.75523 35.19342 13.55457 0.0 42.10286 0.0 39.13388 
1000.0 10.88601 35.10038 35.06741 0.0 22.12231 31.06631 22.85208 39.23998 14.64351 14.09461 17.42476 0.0 10.62571 19.29755 16.64595 31.81245 12.77479 29.18425 19.43163 0.03136 23.78979 30.76026 15.95072 27.88103 39.90523 13.66569 19.002 28.29776 28.05797 9.57771 15.42427 31.55131 38.26792 32.02852 36.2542 40.18571 16.31955 19.62726 36.88268 21.52137 23.21893 31.69246 30.05092 15.9398 21.69274 29.14634 0.0 21.14011 0.0 37.67792 
1000.0 39.33907 35.13145 26.28582 0.0 31.86455 29.40375 28.75151 17.49201 28.77552 20.17029 20.79048 0.0 35.32849 18.27636 23.58255 42.05972 30.84419 23.58365 15.54432 0.04383 31.90316 10.70501 31.55922 30.9336 27.81068 37.79093 29.70923 19.1141 42.35025 36.73733 33.70095 41.0489 9.01917 18.3042 22.88781 15.68365 26.1439 33.20385 31.91913 37.4205 28.24808 14.59902 38.29841 18.14489 39.50905 35.61591 0.0 14.62826 0.0 16.91887 
1000.0 32.12743 25.08256 21.49605 0.0 36.1814 26.26714 22.65701 22.76906 11.37008 34.69736 20.96974 0.0 19.92973 34.56168 35.67034 22.91396 27.29089 25.2047 22.58391 0.02068 23.7622 20.02918 24.00664 23.08776 29.71444 34.83972 37.54688 39.60196 32.92098 42.74607 24.46213 12.93844 27.76186 13.84654 22.88466 35.58442 36.17141 16.65021 29.5497 25.69033 9.9324 10.37953 32.13124 12.9149 8.78572 33.16005 0.0 14.54148 0.0 36.85958 
1000.0 24.73655 24.99063 19.10198 0.0 17.24678 23.28963 11.55033 9.48751 33.95798 42.54012 21.78698 0.0 10.7877 20.47796 9.93949 15.91741 18.73327 41.03612 27.80304 0.01929 11.05907 20.67188 29.98848 14.3107 10.28798 22.94897 33.68032 30.64174 31.61242 26.34311 41.8854 20.72136 24.91381 35.37385 37.06324 36.28347 27.20718 43.1158 24.0373 15.47403 9.01765 37.45044 9.92428 34.10508 38.7363 27.35072 0.0 20.02923 0.0 25.92321 
1000.0 13.26576 13.06499 10.25488 0.0 24.77106 39.27587 35.97185 14.91471 32.28205 13.37115 26.95779 0.0 43.08989 31.58656 17.12671 16.30998 22.91739 17.95309 34.10339 0.0359 24.53712 17.88595 18.61414 41.24913 25.88483 9.80848 35.14565 26.96023 40.53114 41.31064 18.38811 26.59846 15.72623 15.55019 20.72864 11.44724 34.59878 8.78842 18.64293 12.21144 11.86431 18.75133 31.64074 42.44965 27.37412 27.54527 0.0 40.26069 0.0 43.27312 
1000.0 12.13385 30.81414 31.80697 0.0 16.79721 35.3151 27.6211 36.47007 42.48732 19.61846 20.51962 0.0 25.26511 37.8906 10.48527 38.38622 22.11563 40.68901 37.65401 0.02927 28.18959 42.17057 32.63244 25.28015 14.22031 10.37351 14.67638 30.6844 10.49208 17.88538 10.93032 13.47558 19.47473 42.17994 13.89747 24.727 29.41087 25.10825 18.6527 33.76264 11.70372 19.88161 32.51894 39.7208 24.744 9.13528 0.0 39.39913 0.0 29.75207 
1000.0 15.5951 11.3786 33.17904 0.0 41.44557 18.04193 29.09491 15.09675 15.8001 15.66075 21.777 0.0 15.2293 24.07273 16.05322 25.52798 10.31461 36.64566 16.05533 0.03976 38.67354 18.61223 35.16052 17.336 19.78269 33.93863 17.73138 40.98055 15.25075 23.40654 11.21591 39.90454 8.6877 20.15903 11.58291 22.69178 27.04435 14.74151 19.47954 34.52101 28.66195 17.31227 32.98377 37.46909 32.94462 28.90361 0.0 34.09279 0.0 9.43907 
1000.0 14.23063 38.2415 36.38642 0.0 10.00494 22.75898 27.00383 35.18052 33.80073 22.74299 31.92867 0.0 28.60789 12.78995 17.07339 11.39061 9.58576 34.88831 26.43965 0.02425 33.03917 26.25174 32.91809 34.70607 9.59459 16.56468 29.86245 13.01215 27.3204 23.30666 14.31678 28.57351 13.66066 41.75237 28.10542 15.76258 20.45031 34.39813 29.66301 34.07216 16.16991 35.45657 36.81218 27.99765 21.54651 41.99903 0.0 42.97335 0.0 24.82011 
1000.0 40.0385 38.75747 16.6176 0.0 28.73094 9.04357 35.5064 9.52501 39.77835 11.20287 29.69585 0.0 26.51556 30.83498 25.33941 42.54344 23.76055 31.78881 28.02535 0.03377 14.69451 12.13409 24.71066 36.80195 41.37636 32.18516 20.31835 9.98587 22.73466 17.76604 31.83658 18.61779 22.67225 19.05769 30.48315 23.65471 32.94954 38.06818 18.83385 9.70146 25.80927 27.66498 33.6643 33.53061 29.55308 37.14624 0.0 15.09055 0.0 41.09194 
1000.0 28.21043 36.64519 16.06444 0.0 30.98339 21.61511 20.63666 20.04142 25.93016 14.23645 38.18139 0.0 33.46501 32.96068 35.92028 26.83312 40.85532 32.44677 31.29012 0.02489 34.32854 34.22272 35.14231 23.66058 32.10206 24.13593 24.12727 9.75353 35.63421 37.34454 16.98773 16.89544 39.17447 33.71321 21.61777 27.5617 14.45071 15.84916 17.08245 34.10829 32.17051 13.09881 12.24341 40.18195 27.47273 39.68274 0.0 37.51248 0.0 24.64776 
1000.0 42.22174 33.71856 8.9551 0.0 21.57544 42.39249 10.45931 14.39717 31.21647 40.65958 26.3826 0.0 14.65356 36.20766 16.71338 40.6956 29.93356 18.95286 31.29797 0.01685 34.7621 31.30229 16.97984 28.99153 36.90239 17.2195 37.60473 33.10657 15.07955 25.6886 19.02425 16.73155 40.65484 33.31622 12.95188 25.61241 21.44565 28.00978 14.96343 13.35257 38.6487 23.60366 30.75829 14.67865 27.51938 29.94667 0.0 41.79302 0.0 27.42341 
1000.0 30.03063 24.58097 29.6814 0.0 31.21401 25.86461 39.71733 19.61959 26.15812 9.96513 14.81073 0.0 41.77145 24.95507 11.81158 34.46082 32.1041 40.19961 37.88753 0.0226 41.34588 31.24878 38.12759 8.69986 8.95374 11.83009 30.37385 33.89569 32.23456 30.64373 19.72983 37.47425 29.29619 39.0348 28.12825 23.82897 18.97786 42.40222 26.7977 29.44391 9.2864 35.24102 28.64879 40.92559 30.2638 35.59568 0.0 32.02581 0.0 22.64829 
1000.0 34.23197 37.24133 12.15059 0.0 9.32075 29.99623 28.94059 32.24046 28.10299 10.20217 26.72781 0.0 39.25142 18.40344 20.15563 28.14731 37.25438 37.96962 38.68895 0.02739 27.92855 14.61435 18.48807 30.81536 15.2246 38.63263 25.38539 36.03123 36.089 36.41673 18.54555 14.1449 23.52801 18.91097 40.17334 43.21732 9.8703 43.03941 30.25423 34.94735 15.67451 39.60033 33.90837 17.573 17.19698 17.06093 0.0 15.82622 0.0 20.15117 
1000.0 29.2154 22.06445 18.11147 0.0 33.95908 39.02061 37.30453 15.42539 38.34157 12.07496 34.90251 0.0 30.7096 41.33944 39.75257 43.1654 10.88796 22.41952 34.64606 0.03731 41.60483 39.97642 27.76999 9.15593 14.65021 15.84989 17.52336 36.79538 24.38344 25.54752 21.16535 26.1418 25.93708 21.39261 9.65469 23.11489 24.17225 14.79308 38.84933 25.04975 18.27278 38.90267 26.0452 9.91037 19.4353 18.25541 0.0 10.68133 0.0 42.26813 
1000.0 41.24041 35.17068 35.16772 0.0 27.33114 31.00178 33.52864 34.71133 32.76855 33.94253 21.90317 0.0 29.01169 31.0562 24.50763 19.57017 34.93201 35.82133 11.57273 0.01034 13.56311 33.38591 15.90231 13.15457 28.04835 39.4963 23.22448 20.0246 32.29579 25.91929 14.99921 43.31815 14.20755 42.8253 13.40638 28.20749 28.7865 32.90673 27.26164 12.42771 16.05767 17.67301 16.3521 21.41579 11.05161 40.02359 0.0 41.6929 0.0 31.69527 
1000.0 13.60591 16.63327 14.96786 0.0 10.27679 25.6004 34.89698 27.12269 20.84539 40.63335 13.04349 0.0 9.54426 13.27587 22.427 34.40721 13.3947 20.94137 17.07626 0.02347 14.57509 31.36181 15.61819 39.05423 34.74717 18.57295 27.15329 36.5319 33.5204 17.88831 28.892 24.39039 19.45209 27.77333 21.04393 19.09018 42.98556 33.57986 16.43106 23.04272 35.48215 29.53851 24.06509 30.34356 32.29134 26.11441 0.0 19.88363 0.0 9.6728 
1000.0 13.75464 27.49673 13.20496 0.0 39.55498 31.73009 30.60283 40.76249 24.41197 37.61988 11.47381 0.0 27.74247 41.6227 10.16506 13.54104 21.56521 36.59003 25.22947 0.03733 23.393 15.55007 23.65291 35.0032 12.18665 11.9766 33.37689 24.09199 14.40005 43.12315 29.80761 35.51617 40.41789 42.25042 41.30045 36.51223 15.16929 15.1411 17.90514 12.22125 20.13272 14.01175 17.88321 11.98338 12.5797 10.97096 0.0 19.26724 0.0 15.27697 
1000.0 16.47132 38.7021 18.14094 0.0 21.99005 21.75064 28.8426 22.16496 25.63464 8.74879 9.03555 0.0 33.24146 9.31485 34.47927 9.66881 32.71412 15.14351 19.85038 0.01715 40.76834 13.9422 30.94442 39.99944 18.71721 32.7917 31.9814 43.25914 19.96916 18.47695 35.05616 42.77969 30.55598 38.21059 23.68424 14.7633 26.41286 14.16663 40.19067 33.0412 35.01685 24.22489 32.73508 16.21227 17.36364 37.30614 0.0 25.05166 0.0 28.32196 
1000.0 9.69367 19.61503 13.6317 0.0 12.22761 10.84934 18.27853 21.29347 26.60862 28.78059 36.02218 0.0 14.58915 29.48814 25.88701 13.39662 27.11263 31.67279 29.8295 0.01745 16.68837 25.96493 30.6843 32.41229 39.36079 11.41592 14.17297 32.33195 33.81612 39.25393 35.44343 17.41268 35.62915 15.61703 8.99818 13.69516 28.86347 42.99214 37.50749 43.35329 17.45777 10.41504 16.95192 34.73338 15.46687 27.37207 0.0 28.60881 0.0 36.84374 
1000.0 37.77497 32.80766 26.42701 0.0 18.93465 19.38239 12.30342 31.20915 19.14168 13.40834 42.10822 0.0 43.31027 14.58199 36.33556 24.60801 34.90699 27.02808 33.9621 0.03253 33.55422 39.43436 11.53155 40.25963 35.853 14.31341 35.60594 15.45905 25.53027 10.71119 14.8807 25.69984 14.37298 38.15322 29.00278 41.11106 40.07777 33.86156 23.14514 35.65747 26.84935 14.96059 38.16921 8.95252 39.23067 34.84314 0.0 29.36232 0.0 23.72927 
1000.0 17.51284 16.92597 30.20475 0.0 39.9362 16.63017 24.8392 36.61245 9.91099 31.52587 10.79615 0.0 26.72812 40.27873 23.9008 41.96985 26.66043 21.11305 39.27966 0.03901 39.70198 31.72718 26.2268 25.19717 37.28548 41.4361 12.8466 25.18259 40.77196 11.75237 40.58144 14.55069 22.48892 41.33043 12.2656 15.27862 22.00245 20.14679 8.8392 26.66369 36.76387 40.31996 16.79013 30.42311 36.15113 12.1931 0.0 37.31299 0.0 12.28707 
1000.0 29.46737 11.08115 26.94888 0.0 30.60099 39.76002 34.53062 14.98333 42.70713 17.49845 19.91785 0.0 34.74569 35.40064 35.48873 37.57235 27.4602 22.6419 43.30293 0.04421 33.2036 42.46769 16.75017 16.66183 21.61763 36.09489 39.48377 19.54018 27.49858 15.1884 8.82727 22.60174 37.65175 21.78322 21.37267 28.9534 14.7117 30.11857 34.25235 25.43648 22.4728 37.05813 10.07412 22.91051 27.74629 32.73523 0.0 12.3353 0.0 22.23634 
1000.0 38.02151 34.70009 23.36603 0.0 31.34709 11.11537 39.35607 32.7749 33.46946 27.80564 40.33305 0.0 18.70943 34.1375 36.26496 32.58522 40.15775 20.84845 17.77324 0.02157 12.26825 19.58012 37.35366 36.69767 12.06548 12.84003 20.15457 10.77504 12.27845 33.5257 38.20334 39.94025 16.59449 20.36231 23.39559 39.0315 39.07856 32.89441 42.02056 37.3457 20.15583 23.75394 33.6802 19.21916 28.65728 23.57684 0.0 42.53667 0.0 33.95645 
1000.0 38.61517 42.35017 35.7986 0.0 14.90028 39.12474 18.88097 20.31113 13.0147 41.92616 41.53836 0.0 32.92558 26.83664 24.07337 20.31007 22.57752 9.34836 37.20965 0.03872 17.14942 40.93323 13.32143 42.5332 29.5772 41.06961 39.26303 30.15147 26.0035 17.80173 40.58726 29.89427 14.60305 12.47935 24.69016 13.37091 11.63 28.95572 11.15267 22.08086 29.11724 25.36834 17.14845 24.79902 15.13699 12.77091 0.0 32.01385 0.0 21.99844 
1000.0 23.09069 28.45463 13.13869 0.0 14.74631 34.38384 17.36206 12.06752 12.86098 28.24444 16.62853 0.0 12.62975 33.87896 14.30791 35.08204 40.10363 26.05206 38.50141 0.01316 38.91578 26.11121 14.02397 16.31167 12.3134 9.61936 16.83083 30.999 18.92852 31.15437 25.74375 15.09405 13.03436 12.71707 23.34025 21.14645 27.5074 26.69322 9.60563 22.23104 13.94326 20.5301 17.39527 40.20281 34.76744 25.17774 0.0 36.53456 0.0 11.54001 
1000.0 0.0 0.0 0.0 16.69863 0.0 0.0 0.0 0.0 0.0 0.0 0.0 30.22648 0.0 0.0 0.0 0.0 0.0 0.0 0.0 0.0 0.0 0.0 0.0 0.0 0.0 0.0 0.0 0.0 0.0 0.0 0.0 0.0 0.0 0.0 0.0 0.0 0.0 0.0 0.0 0.0 0.0 0.0 0.0 0.0 0.0 0.0 28.41607 0.0 24.94613 0.0 
1000.0 29.38349 35.43733 29.16474 0.0 27.70181 35.93842 24.27176 8.95033 25.90568 40.52284 13.32179 0.0 12.45066 30.32055 19.05438 28.32786 27.10668 22.66436 42.86582 0.03695 21.23599 14.92382 36.42068 33.83008 13.30115 19.79163 31.83382 9.17058 11.51521 25.98696 32.40895 39.16498 35.18458 34.34668 22.05057 34.28856 29.92769 19.73925 27.47404 19.63881 40.05646 23.10153 16.87791 23.57203 21.88675 18.40118 0.0 38.71445 0.0 41.51703 
1000.0 0.0 0.0 0.0 41.27496 0.0 0.0 0.0 0.0 0.0 0.0 0.0 28.16755 0.0 0.0 0.0 0.0 0.0 0.0 0.0 0.0 0.0 0.0 0.0 0.0 0.0 0.0 0.0 0.0 0.0 0.0 0.0 0.0 0.0 0.0 0.0 0.0 0.0 0.0 0.0 0.0 0.0 0.0 0.0 0.0 0.0 0.0 19.30103 0.0 16.94573 0.0 
1000.0 18.81494 14.31644 34.18049 0.0 31.8033 31.63738 37.5473 18.18487 28.66648 17.30184 18.71045 0.0 25.7327 32.0987 38.50051 42.31393 17.28304 30.81993 39.7221 0.03484 35.56792 28.07453 10.19911 25.80685 15.19306 32.03694 21.51587 14.83571 31.70816 27.99377 25.6249 22.73416 42.64144 43.33811 31.15885 8.67699 18.06982 30.50473 28.44615 35.34102 41.38254 32.43564 13.19936 41.50268 40.47565 9.21794 0.0 24.55288 0.0 33.54144 
