1000.0 1000.0 1000.0 1000.0 1000.0 1000.0 1000.0 1000.0 1000.0 1000.0 1000.0 1000.0 1000.0 1000.0 1000.0 1000.0 1000.0 1000.0 1000.0 1000.0 1000.0 1000.0 1000.0 1000.0 1000.0 1000.0 1000.0 1000.0 1000.0 1000.0 1000.0 1000.0 1000.0 1000.0 1000.0 1000.0 1000.0 1000.0 1000.0 1000.0 1000.0 1000.0 1000.0 1000.0 1000.0 1000.0 1000.0 1000.0 1000.0 1000.0 1000.0 
1000.0 34.56261 15.51442 36.66875 0.0 10.09506 31.75167 13.83817 17.24881 36.52554 23.45593 25.10486 0.0 24.71283 17.32577 43.86879 15.26561 28.98622 14.70679 28.67893 0.02649 31.30601 10.08051 19.0518 37.04023 39.33294 43.78708 40.06152 40.7483 38.15383 22.69621 32.55529 45.77291 35.31262 22.1468 42.82622 12.88384 40.24531 42.79748 43.43539 37.34215 11.21939 25.46845 30.87181 30.68657 29.55943 20.75743 0.0 21.79385 0.0 38.63909 
1000.0 13.07981 10.43384 28.5607 0.0 31.82172 41.8818 29.26711 45.0722 32.15354 43.10053 21.50647 0.0 34.94659 10.43374 17.8741 19.40918 15.92063 35.47336 44.38013 0.048 13.22385 41.33011 28.05942 27.21429 13.9233 25.51443 10.1462 38.07816 13.64157 46.23749 35.24707 46.20103 41.90476 29.69868 28.07559 35.493 30.88299 18.36053 16.33377 36.39303 43.85193 28.33515 43.6265 12.67156 11.54079 41.57774 0.0 15.72316 0.0 13.47293 
1000.0 26.35017 37.69596 30.04925 0.0 16.17164 16.7338 37.42656 36.60005 33.1267 20.83778 20.50094 0.0 13.14491 23.53 42.55859 44.48904 13.39429 9.49283 41.40755 0.02032 19.44395 38.26337 28.24224 16.61786 34.62096 36.35681 23.49716 12.3529 25.92343 32.7148 12.93019 30.92088 20.56569 19.84242 29.82512 13.92267 29.43065 36.13233 41.38664 36.99837 23.38956 30.34722 30.12027 27.67438 29.55722 11.04059 0.0 28.16474 0.0 15.87245 
1000.0 0.0 0.0 0.0 12.05871 0.0 0.0 0.0 0.0 0.0 0.0 0.0 13.99976 0.0 0.0 0.0 0.0 0.0 0.0 0.0 0.0 0.0 0.0 0.0 0.0 0.0 0.0 0.0 0.0 0.0 0.0 0.0 0.0 0.0 0.0 0.0 0.0 0.0 0.0 0.0 0.0 0.0 0.0 0.0 0.0 0.0 0.0 14.76623 0.0 26.5484 0.0 
1000.0 28.62281 33.44321 42.67432 0.0 27.06798 33.15811 12.60132 23.14963 25.3291 11.59036 41.5463 0.0 27.63664 20.5814 26.99226 27.37073 9.70013 26.83494 42.6894 0.03641 20.61975 17.30012 17.09158 9.95256 12.38279 45.94824 26.20778 22.1809 20.85859 11.04843 35.59731 30.81163 24.45875 36.60208 39.13334 11.12996 35.93087 25.16391 46.23484 34.95813 41.60424 45.13293 18.67876 20.65047 45.47148 31.9836 0.0 20.93343 0.0 9.65324 
1000.0 12.48892 42.24612 33.86265 0.0 38.75827 39.20188 24.30844 11.9662 14.68461 37.95711 39.6706 0.0 44.53276 42.73647 23.2549 36.89818 16.11831 15.53847 29.38114 0.03362 27.53657 43.76676 12.69578 13.00108 27.36911 19.95874 22.37058 43.44766 39.23724 15.47544 18.97898 16.73928 17.88792 34.5811 44.90878 23.00822 36.53767 44.91839 14.28886 12.98872 12.3865 18.1445 28.96036 36.98479 11.25294 44.83118 0.0 42.95967 0.0 28.835 
1000.0 40.98021 25.66858 36.43225 0.0 26.56638 37.87517 18.33765 11.5854 22.78446 15.96133 19.56132 0.0 24.29328 41.57213 34.58565 21.83536 25.59785 25.61215 42.8331 0.04286 18.70097 30.11903 27.02835 14.46866 25.72273 22.63674 36.84166 20.80428 27.6799 23.11523 15.02785 10.63247 31.84483 20.69652 20.65519 29.393 41.71795 15.31379 42.44552 12.17439 36.36095 10.59036 39.66607 33.04195 37.15352 28.04792 0.0 37.64159 0.0 11.19707 
1000.0 45.94314 9.90557 28.18735 0.0 34.22463 14.96815 26.08704 10.25507 39.12419 41.27789 10.21971 0.0 29.48779 11.07735 26.20659 46.15722 33.26512 32.1864 43.23234 0.01574 39.9402 37.28628 21.34879 22.73295 23.42366 17.99025 43.78023 16.89609 29.20675 10.70187 33.94776 44.37161 19.15079 10.43313 23.27425 13.66485 14.35175 31.81399 18.81697 33.26169 37.20383 20.89922 18.51506 14.86059 42.52474 20.46723 0.0 26.29955 0.0 45.87988 
1000.0 34.93705 9.85648 19.36922 0.0 14.25053 20.61557 27.94516 35.45166 16.23851 23.90834 41.02672 0.0 34.64628 19.89542 25.80581 34.73695 15.78644 43.3299 15.16619 0.02025 44.19713 22.81359 10.90111 15.45625 40.59432 18.37827 38.70005 39.94627 27.17932 45.55788 10.35552 29.47216 23.93245 15.26722 9.44773 20.06937 25.30068 12.89849 29.10874 46.28849 44.37034 24.97901 33.6588 22.24689 32.60449 15.70906 0.0 32.51969 0.0 44.38805 
1000.0 11.01519 40.71309 25.50529 0.0 31.41652 35.48541 23.73639 28.14681 41.55279 41.06548 17.27822 0.0 45.11939 10.05376 9.6301 20.76728 39.7717 15.67093 36.83402 0.04328 19.13305 15.27216 39.34651 27.4157 37.73815 12.57109 12.91036 45.25578 21.40664 25.78239 41.99304 31.41142 25.97599 40.33497 31.17156 24.14761 18.59231 31.88872 12.9998 44.66332 31.7029 15.57737 34.50472 16.78495 15.16942 28.45607 0.0 16.75121 0.0 18.86442 
1000.0 17.16888 32.99697 40.71875 0.0 32.89461 25.31302 36.09699 31.51124 22.65097 15.30239 23.79039 0.0 30.2387 31.06064 27.82443 15.03835 21.19648 45.17881 34.30926 0.03608 9.47811 35.08948 16.16458 13.61101 23.3917 24.14686 43.14739 22.83702 37.64172 36.08866 37.68859 11.14099 10.51257 43.56908 29.17694 13.17459 24.56717 18.83442 43.27491 30.08237 9.71989 31.73394 25.71828 44.8763 37.58796 37.60896 0.0 42.50379 0.0 35.36891 
1000.0 0.0 0.0 0.0 23.95654 0.0 0.0 0.0 0.0 0.0 0.0 0.0 14.03401 0.0 0.0 0.0 0.0 0.0 0.0 0.0 0.0 0.0 0.0 0.0 0.0 0.0 0.0 0.0 0.0 0.0 0.0 0.0 0.0 0.0 0.0 0.0 0.0 0.0 0.0 0.0 0.0 0.0 0.0 0.0 0.0 0.0 0.0 14.64935 0.0 34.95207 0.0 
1000.0 18.55295 13.65322 22.55449 0.0 26.46301 40.30519 18.39707 43.16056 37.45227 26.01031 23.12534 0.0 10.50047 36.58781 15.60545 20.90357 34.55944 26.23101 39.4436 0.03514 43.88446 31.84899 25.2408 27.82187 25.24021 19.02426 23.73694 15.73164 33.67515 42.73766 37.79387 10.48632 37.75993 42.15183 36.50644 18.89318 13.60467 25.11384 13.25966 38.6344 29.64111 24.62792 35.35101 33.04709 9.47288 15.91575 0.0 12.51514 0.0 14.03132 
1000.0 16.06786 42.77929 38.49146 0.0 37.73441 18.2059 27.42945 14.84927 31.45857 43.57408 30.04798 0.0 40.26176 11.0212 12.94497 37.85372 27.69044 30.42265 39.966 0.0161 16.37345 30.87353 11.68242 30.34506 28.92981 28.0062 27.68807 30.00696 42.72057 9.54431 22.47889 19.24167 27.42561 35.63302 19.05541 14.03053 15.24577 34.4276 32.47102 41.52965 10.56855 28.94917 13.48347 22.4998 44.22803 31.04411 0.0 37.50559 0.0 16.06491 
1000.0 31.00338 25.9639 36.01427 0.0 28.28895 11.68669 29.19769 12.98971 34.13879 40.15633 17.05919 0.0 22.29447 31.80086 37.28806 39.27585 21.02682 37.09641 20.00918 0.02401 11.6955 18.56523 19.30549 11.33891 14.45487 12.99987 37.94492 28.41241 30.62917 31.2403 27.42957 31.5578 26.24321 30.56904 45.78863 28.14096 26.74243 12.50184 21.44716 30.18575 45.06947 33.32079 10.03671 24.28195 43.97767 37.74041 0.0 28.17007 0.0 38.34231 
1000.0 19.71733 28.74043 33.20565 0.0 33.19203 37.03327 27.0515 19.86934 13.24206 23.48203 12.48869 0.0 25.65236 15.05526 27.41237 26.15092 23.06306 16.66247 30.44569 0.01968 30.55506 23.25905 14.06581 22.29397 43.64004 42.66569 12.56696 27.52166 25.19948 44.33395 23.95772 18.4271 28.7657 16.11195 23.24189 34.82554 44.92125 11.17442 39.22094 34.71253 20.9094 29.49252 22.92947 25.14153 22.07713 34.68887 0.0 20.09632 0.0 13.75122 
1000.0 27.72658 35.75554 22.85557 0.0 37.82955 13.22675 14.86361 40.09349 33.37784 12.68131 22.84861 0.0 9.4536 19.77335 41.02553 38.00724 20.61078 46.27072 42.07802 0.01585 31.59544 40.3464 32.38507 41.42725 13.36649 43.30979 38.24248 29.05734 9.39262 25.83852 20.88097 18.38065 13.26829 13.83563 34.40298 33.93991 14.25464 26.56474 42.65176 33.20395 34.30227 39.49522 9.92758 45.69149 20.24876 37.91648 0.0 20.38723 0.0 29.21702 
1000.0 36.85748 38.57589 32.48349 0.0 22.08457 23.86335 45.04851 41.78288 30.82015 24.58972 44.80697 0.0 37.57361 10.88829 28.22253 44.1863 42.82885 16.8414 20.75416 0.04775 14.46322 19.22951 39.47737 39.92205 36.31315 25.13604 40.67497 11.4694 35.05132 28.58149 33.82649 10.51248 22.13963 25.48839 40.09869 26.59983 40.94008 40.65007 9.86141 40.28147 33.64047 44.03334 19.41405 37.35723 42.08728 14.78113 0.0 19.2993 0.0 10.20331 
1000.0 18.48702 9.95758 35.12172 0.0 37.6038 31.77026 37.65297 27.60671 17.14076 37.70214 46.10228 0.0 41.08997 38.68023 18.12949 15.94581 42.8648 24.74448 31.86704 0.01632 34.29495 10.7038 42.88881 42.87688 22.94178 16.85168 39.28592 42.58078 36.46135 31.99063 30.1754 41.97591 34.87269 20.06 21.43181 25.68747 29.39855 38.33299 24.41819 21.20309 26.09484 35.71758 37.21364 34.02433 43.14163 21.92017 0.0 43.28871 0.0 16.08753 
1000.0 0.03921 0.1752 0.17155 0.0 0.09087 0.07258 0.11577 0.17244 0.13117 0.16519 0.14049 0.0 0.15344 0.15753 0.10248 0.13895 0.05496 0.16559 0.17214 25.44189 0.10133 0.13163 0.13901 0.09013 0.08027 0.14942 0.18638 0.07616 0.04112 0.15199 0.16869 0.1705 0.05686 0.04313 0.14874 0.09379 0.06618 0.12555 0.1715 0.15376 0.13274 0.1074 0.08691 0.04894 0.12152 0.1778 0.0 0.11453 0.0 0.05538 
1000.0 41.24589 31.76095 9.47838 0.0 22.80718 14.82145 21.69119 28.54583 16.17567 25.64355 42.03174 0.0 37.16588 23.42963 20.80129 40.56038 45.50133 31.11229 39.13158 0.01201 38.26743 43.34197 30.9568 39.68976 39.72918 26.80602 29.33659 35.23873 9.83537 18.42443 9.78536 23.45571 27.50871 28.48911 31.37424 34.59273 40.14848 29.77643 29.15385 27.87823 14.19386 23.00062 15.45094 34.30378 21.55323 32.67186 0.0 14.4635 0.0 20.38043 
1000.0 31.68938 44.24057 29.2418 0.0 30.06119 9.84872 39.99304 27.81907 31.93174 30.22434 29.35079 0.0 24.91667 30.82953 23.69897 23.67681 9.67904 12.77605 25.68068 0.03624 45.37836 23.4423 25.42909 42.26358 12.21743 24.81409 41.39468 23.09632 44.82184 36.33867 29.2315 39.41446 16.46596 34.95316 41.69466 34.82086 33.64502 22.83219 21.37498 23.78919 13.32917 18.80909 39.78283 19.07118 45.65075 13.64878 0.0 28.16829 0.0 30.81659 
1000.0 38.06208 39.5455 43.00994 0.0 16.97434 18.96097 13.16177 45.17196 32.88356 42.90067 40.91674 0.0 15.57346 34.79116 29.12082 31.81238 36.9441 20.9717 36.22225 0.0471 20.56097 39.24059 24.78573 19.99109 31.99113 16.80516 27.76969 46.22895 24.95132 37.56842 21.56762 29.92321 12.84217 39.88823 30.20931 29.29762 21.70356 26.85712 42.60579 18.80992 18.92674 15.17486 46.36867 33.03283 24.25226 32.72905 0.0 27.86583 0.0 25.31947 
1000.0 35.15527 17.78009 45.94004 0.0 16.16148 39.0614 38.89654 22.64836 11.40156 31.67944 22.11494 0.0 41.6399 11.12438 45.71635 40.72352 13.11412 34.59468 10.48943 0.04158 44.73495 42.54997 46.28769 19.54771 20.73097 41.20982 31.69058 10.33329 9.6332 40.66076 45.43317 27.51367 31.70588 30.01217 39.11353 35.57497 39.95643 12.36581 46.07727 41.21017 22.45177 25.47818 26.4459 42.31218 17.62028 42.90227 0.0 19.9419 0.0 30.96403 
1000.0 42.86453 42.32622 35.2779 0.0 10.09508 21.90073 43.31248 27.06409 39.80066 34.48922 9.58954 0.0 33.13267 26.36346 12.8883 19.19539 24.70194 13.66775 20.60278 0.03529 12.17179 20.80819 14.23943 12.53242 42.82872 46.3684 35.04987 38.45092 12.19948 29.93217 28.86416 26.23203 10.68488 31.11403 38.9923 13.09141 34.8501 13.35322 37.40338 23.5273 41.77341 13.60271 21.11004 11.82658 34.84316 32.51976 0.0 31.07034 0.0 32.86883 
1000.0 23.78321 17.60341 27.30066 0.0 40.94113 26.8031 31.8984 26.71065 40.32301 15.65383 11.79305 0.0 10.41927 9.84306 16.05275 11.11233 29.28891 27.93807 44.69855 0.03079 14.4524 15.4465 25.83218 26.71334 9.78558 31.39527 16.21598 39.00808 11.92254 19.66178 44.75912 41.1745 41.03917 44.74191 44.39781 44.59269 15.05784 9.90091 31.69834 24.02693 14.96753 41.4099 20.43093 37.24647 28.93768 18.51228 0.0 12.44162 0.0 41.23108 
1000.0 29.47309 39.33663 23.45012 0.0 26.31033 24.99685 41.78475 30.92504 21.35319 36.00473 10.72408 0.0 22.99239 45.25337 27.53589 18.0389 11.96106 12.29538 13.8821 0.02598 20.61999 9.80085 44.60014 39.88338 25.19771 40.93505 26.7715 13.71219 31.24911 35.06898 35.60349 42.32993 40.0786 41.66134 44.10748 45.97199 32.44587 33.29806 35.12881 38.16989 13.58742 9.52411 27.4343 19.57459 40.80579 32.72384 0.0 21.4651 0.0 20.98949 
1000.0 25.17672 26.65115 36.03 0.0 28.65474 44.25359 41.86299 20.06056 28.40462 43.35174 37.42757 0.0 31.47885 18.7469 17.55563 32.04205 9.96865 35.74825 27.01875 0.01424 45.06062 34.2839 17.60934 27.74646 13.29575 42.78796 23.39767 36.8625 13.03643 28.36521 21.24102 31.95842 31.8556 21.03051 23.98574 20.49225 38.99676 14.39488 25.57582 11.34844 38.08871 39.18331 34.14217 10.87028 24.39686 19.65292 0.0 23.04545 0.0 21.71699 
1000.0 17.28182 44.71954 37.63128 0.0 34.17786 32.57653 21.4404 13.7859 25.40398 17.17026 43.8561 0.0 22.32307 41.01875 32.33117 38.22942 23.56302 27.86666 25.92099 0.02795 18.80632 46.26585 24.58462 36.43025 11.74451 25.22447 35.19561 31.17055 15.49013 18.38385 28.15766 25.96674 27.63357 31.71516 45.16621 31.32891 22.12896 18.73841 33.84891 13.64105 29.5475 21.41904 16.49209 16.2944 16.56217 36.60331 0.0 26.22445 0.0 27.47673 
1000.0 34.78939 10.51805 19.71955 0.0 31.6823 36.55656 17.20566 14.51001 12.50422 12.47957 33.64891 0.0 32.60292 21.17261 28.88279 11.77015 16.44864 34.74048 15.00086 0.02384 19.12173 31.70145 19.17983 34.77113 9.58109 42.94802 14.83113 22.24926 42.32558 44.29897 37.4838 43.56853 24.41448 32.84073 30.68631 45.64429 17.96763 21.17336 43.47291 24.46097 32.33301 35.67371 33.68072 22.20591 9.6642 31.46139 0.0 46.0816 0.0 21.12664 
1000.0 19.57466 16.45365 22.89028 0.0 11.72152 34.395 19.2398 21.39477 15.04485 38.64476 27.29592 0.0 37.06583 10.82551 19.64291 35.52853 28.22443 19.52129 44.71423 0.01919 37.66426 32.32382 10.74938 38.07828 30.28914 32.62662 21.20913 40.40245 16.44012 13.06914 32.3094 20.36998 21.67286 19.61043 17.70604 10.14803 36.60864 27.59315 12.91985 23.92468 39.22287 10.3623 26.3862 12.08473 14.26745 31.78992 0.0 23.01658 0.0 18.43963 
1000.0 43.65876 11.74086 37.05865 0.0 19.40813 25.99527 29.86251 31.69111 25.48801 24.80284 20.60953 0.0 21.86365 20.38667 13.85198 26.54893 21.39913 27.02262 25.41674 0.04445 45.79888 38.96283 21.3626 26.42642 16.40124 37.86818 13.80203 38.37966 13.68349 23.92799 46.08938 45.12429 10.82591 9.6008 27.62418 44.56354 36.31865 20.33677 15.30312 20.90323 18.67395 19.41071 34.99213 44.93735 15.06264 19.91087 0.0 24.90324 0.0 10.15114 
1000.0 18.8759 41.27419 18.7841 0.0 33.98941 37.93223 45.60455 41.84848 35.4913 32.00767 23.56096 0.0 32.77216 34.33828 15.77883 18.77882 36.77396 24.50066 25.98594 0.03448 21.48299 41.43989 37.5715 46.05228 34.2385 42.88211 28.59633 37.19975 38.21932 36.64918 27.60531 40.04287 9.60189 23.89454 16.0571 14.25991 23.44781 21.9059 24.44043 40.27413 11.18608 25.92456 33.31281 22.38961 12.99726 29.70116 0.0 12.47517 0.0 32.67657 
1000.0 15.86373 40.54083 23.6251 0.0 18.53268 19.21742 22.65101 37.94614 40.85335 38.93159 32.99508 0.0 34.79606 23.89807 13.0824 25.17737 20.39963 12.26256 34.08942 0.01555 9.44776 20.69614 24.78924 36.96633 41.08865 35.94704 19.78217 38.73769 43.19848 13.39578 30.52243 34.05475 38.64955 24.44845 15.25274 22.26178 36.9396 32.1732 9.80326 26.37153 29.64933 37.10987 28.95785 36.13659 26.1609 12.23988 0.0 13.59161 0.0 13.01541 
1000.0 22.16183 43.79402 42.16644 0.0 15.20733 34.73371 27.54111 39.08523 38.41368 18.23072 23.96184 0.0 11.64726 15.59659 39.62356 24.0375 11.01849 24.68045 19.16687 0.0345 27.66531 18.79811 19.7632 37.05397 28.51974 33.74397 39.49234 30.33256 16.36421 29.74315 9.95504 10.89313 25.50854 41.7675 33.72174 14.39157 35.73109 9.58529 29.71486 14.4733 28.42524 46.15774 36.75255 34.42344 25.30903 29.31098 0.0 31.00288 0.0 43.2877 
1000.0 43.00456 20.98952 29.81104 0.0 18.7067 35.98524 28.83284 23.32516 12.31799 30.20144 17.79557 0.0 37.26324 13.32684 36.98572 45.19832 24.18397 20.72908 25.18808 0.01996 44.67792 24.89593 43.7162 29.49579 13.1347 40.63051 40.59539 38.23197 21.66854 30.16454 11.53423 20.18471 36.42412 24.22086 35.61252 23.69037 31.19573 28.19679 25.98486 36.63492 43.15974 41.39726 30.02636 35.78391 17.02617 45.97824 0.0 26.08248 0.0 21.35266 
1000.0 46.35301 36.2253 34.66295 0.0 35.67902 41.43189 27.76892 41.42421 41.64587 15.13086 11.58025 0.0 12.89755 38.59475 14.90207 10.60281 39.46315 16.47419 33.27631 0.03146 16.1416 19.00436 37.26471 22.4642 38.28843 33.06529 22.60518 38.82734 35.79298 33.29599 22.11414 20.02827 15.75554 24.06553 35.90024 12.53391 17.36874 24.37653 36.77344 23.3066 40.62341 25.83386 43.38849 36.08952 24.07889 15.62937 0.0 10.13702 0.0 44.18169 
1000.0 33.17866 14.39856 35.28108 0.0 34.71375 39.12813 19.51565 35.2402 18.28615 14.71301 36.90823 0.0 16.5221 18.70642 42.39932 11.10758 45.31388 46.21832 30.11256 0.04198 20.72708 38.49037 21.42099 32.60875 35.70299 14.14805 18.77744 17.29012 36.40153 28.61227 42.76284 17.97208 13.36757 22.12182 42.30901 37.45842 19.29375 29.69018 29.61256 14.21211 9.3414 45.31085 11.38169 12.55885 13.19839 29.6456 0.0 9.78139 0.0 34.36361 
1000.0 42.76441 23.72573 26.01265 0.0 14.70563 34.17876 46.27595 28.40312 21.25579 31.03583 40.12645 0.0 39.52909 31.51629 26.98201 10.42022 32.62671 12.43581 18.49368 0.02294 16.82537 13.43685 20.60109 41.94381 42.78551 13.44683 45.52531 21.41002 34.11291 10.31983 27.28366 25.55353 33.38911 21.26784 42.39117 21.90912 14.49649 39.75678 21.97379 10.12801 32.62987 13.99325 23.86561 35.11865 19.24386 21.58526 0.0 42.59902 0.0 30.3177 
1000.0 32.78073 11.87607 24.34368 0.0 11.10956 16.53863 11.51818 24.38498 14.13678 44.51445 18.17747 0.0 22.83703 35.09146 45.41338 34.14504 43.39371 26.48863 41.77901 0.02008 34.53 32.97934 39.75463 24.22521 10.53654 29.19584 23.31369 33.70097 39.98824 40.18332 22.28197 11.16527 26.35256 24.6044 33.44028 30.71426 11.09188 39.32633 44.97636 9.53747 38.03869 44.36465 18.64199 39.26903 22.72658 20.60783 0.0 10.62376 0.0 17.75624 
1000.0 17.00685 43.66463 12.68578 0.0 17.20529 16.32359 13.06663 39.40613 44.56179 26.95241 20.87806 0.0 34.43451 40.1001 22.19317 13.81071 14.03588 36.17573 35.89858 0.02256 17.52028 11.23914 10.52428 19.67823 17.92078 15.88676 22.56328 26.0824 32.33272 11.82618 28.05268 32.31602 44.49877 13.47201 14.33782 34.61927 19.17805 17.32008 28.49116 9.84076 23.85658 10.51982 13.94644 36.52623 30.83551 29.7686 0.0 17.95941 0.0 15.55997 
1000.0 22.20499 33.03264 30.12006 0.0 36.50268 18.03774 40.69979 42.92862 9.89574 21.94244 15.25616 0.0 45.85958 21.44837 41.9888 30.03274 31.87789 34.01682 11.0819 0.029 29.48002 33.91737 16.20615 29.8419 23.23595 41.86788 28.79467 35.52902 19.68404 27.63311 35.68449 16.15224 42.56987 23.40873 28.31684 42.04757 14.60857 22.80178 33.4523 13.84534 45.95608 35.06174 29.63158 20.71978 29.36136 9.29477 0.0 19.35167 0.0 21.19379 
1000.0 24.76895 11.77713 42.86709 0.0 42.10908 33.93274 39.01454 30.632 22.30347 34.6214 34.74677 0.0 27.60514 22.17965 35.95007 20.35383 28.93632 35.37532 45.30207 0.01192 12.26551 33.51818 39.98067 10.19168 32.66087 14.85642 9.38415 17.7842 22.58661 13.22521 17.44343 44.90699 42.83612 43.51979 17.36572 17.52901 29.03439 30.05459 45.26082 45.08949 35.53708 15.72618 13.80367 36.27226 36.0304 46.40382 0.0 45.11021 0.0 40.99699 
1000.0 39.03993 25.73913 15.08131 0.0 36.63349 18.54864 38.49098 41.32693 26.03644 32.90694 28.93497 0.0 35.83575 35.28147 20.30776 16.18358 25.06029 28.25695 12.36479 0.02899 35.93207 25.58709 23.31644 39.71247 40.41555 34.01353 45.90015 17.63296 11.33895 37.02362 33.66131 24.55166 25.24355 45.6807 27.40791 15.6595 39.32058 12.14932 11.81581 32.47071 34.78977 14.6778 38.01197 45.47856 38.51825 18.30023 0.0 39.04662 0.0 11.22244 
1000.0 25.49159 37.77049 9.94678 0.0 9.56373 23.8936 32.09882 23.40767 11.94357 45.205 32.7985 0.0 35.38892 38.74016 43.82191 43.29151 32.09789 45.16775 37.37824 0.04073 15.65431 19.96795 40.52119 26.21434 16.59319 33.39366 17.48231 19.03837 16.46793 37.57615 42.05993 36.66642 34.61058 30.34582 46.12381 25.25043 22.03248 41.47152 26.22742 33.6388 13.1264 13.78845 35.51344 40.64532 23.45254 46.16391 0.0 34.47353 0.0 20.19298 
1000.0 45.37415 38.24623 32.94137 0.0 22.06628 15.57728 39.30505 15.73825 24.20198 39.16115 16.47347 0.0 12.57306 28.47274 32.06697 23.24299 26.06762 28.1138 28.64015 0.03324 31.82485 22.57081 36.99557 37.49402 17.69471 24.11087 17.85598 19.12444 42.4967 44.75643 9.53856 30.95232 39.28751 16.32731 22.45246 43.11921 10.65718 12.41934 20.79918 34.8538 40.04137 33.34382 30.25421 34.52229 44.30179 22.96132 0.0 12.60914 0.0 21.24269 
1000.0 0.0 0.0 0.0 25.84019 0.0 0.0 0.0 0.0 0.0 0.0 0.0 35.48777 0.0 0.0 0.0 0.0 0.0 0.0 0.0 0.0 0.0 0.0 0.0 0.0 0.0 0.0 0.0 0.0 0.0 0.0 0.0 0.0 0.0 0.0 0.0 0.0 0.0 0.0 0.0 0.0 0.0 0.0 0.0 0.0 0.0 0.0 30.74748 0.0 20.64996 0.0 
1000.0 12.95186 28.54126 34.41542 0.0 27.67532 28.67077 27.3935 10.37716 18.98421 10.76088 19.9775 0.0 21.24853 30.57386 38.52157 45.40611 33.98734 33.38586 37.22706 0.03802 44.02799 18.86179 21.44971 14.25879 20.19416 31.43132 10.28914 44.67615 27.192 43.06051 11.96791 19.38204 13.96587 21.40748 37.54941 39.69974 40.39768 27.05804 37.39079 28.75632 9.74204 43.21296 20.12819 18.08082 45.65603 20.99548 0.0 14.13544 0.0 13.39563 
1000.0 0.0 0.0 0.0 40.12397 0.0 0.0 0.0 0.0 0.0 0.0 0.0 9.96113 0.0 0.0 0.0 0.0 0.0 0.0 0.0 0.0 0.0 0.0 0.0 0.0 0.0 0.0 0.0 0.0 0.0 0.0 0.0 0.0 0.0 0.0 0.0 0.0 0.0 0.0 0.0 0.0 0.0 0.0 0.0 0.0 0.0 0.0 11.25871 0.0 21.79125 0.0 
1000.0 29.70376 9.55819 41.15807 0.0 45.36922 30.58664 10.23639 17.82487 38.16286 12.56705 40.12881 0.0 24.17438 26.45079 20.47896 21.37823 29.97717 35.21782 31.99409 0.02244 19.65736 29.50745 20.13443 29.21382 22.22105 27.14194 19.08863 27.05533 10.03884 15.96215 16.24677 39.80015 44.98317 39.8694 16.60468 30.36287 29.89221 20.07766 20.72043 30.57069 36.02619 42.71404 39.85117 38.63887 13.71427 26.04514 0.0 40.80519 0.0 42.29322 
