1000.0 1000.0 1000.0 1000.0 1000.0 1000.0 1000.0 1000.0 1000.0 1000.0 1000.0 1000.0 1000.0 1000.0 1000.0 1000.0 1000.0 1000.0 1000.0 1000.0 1000.0 1000.0 1000.0 1000.0 1000.0 1000.0 1000.0 1000.0 1000.0 1000.0 1000.0 1000.0 1000.0 1000.0 1000.0 1000.0 1000.0 1000.0 1000.0 1000.0 1000.0 1000.0 1000.0 1000.0 1000.0 1000.0 1000.0 1000.0 1000.0 1000.0 1000.0 
1000.0 39.38763 25.8438 45.81687 0.0 48.03403 19.4363 35.75669 15.51882 20.49892 14.37627 43.55409 0.0 26.04309 35.12314 36.52741 15.86121 42.83084 13.65821 22.63378 0.02621 39.27267 24.99057 22.28859 39.7845 30.01093 18.65885 19.55712 28.84699 31.93682 46.76027 13.75055 45.81632 27.11481 12.87729 24.5126 44.36615 43.38066 47.77442 35.77495 19.01186 19.45407 46.73104 13.94454 40.87199 44.91924 16.71431 0.0 22.14797 0.0 41.4608 
1000.0 16.41003 13.00027 10.2476 0.0 17.48334 39.52221 26.79208 35.62645 23.20353 31.56417 17.43986 0.0 41.91827 15.57477 36.97366 34.83558 27.95479 19.83117 39.88985 0.02062 34.66188 47.49882 24.99463 38.08276 10.41842 12.88706 23.86216 47.07345 34.37154 35.82284 36.1777 38.73506 20.42527 28.1378 15.53101 35.35212 20.25909 16.56089 19.72653 40.83364 39.53488 26.37165 17.57559 36.3707 13.46615 15.33038 0.0 31.51232 0.0 26.91105 
1000.0 29.34398 28.2353 29.21907 0.0 35.61955 40.88677 46.70241 43.97021 16.48167 13.42151 40.81339 0.0 12.49869 41.4312 43.06656 26.03638 18.13342 11.06128 10.30913 0.04755 25.55334 25.83448 32.06212 25.17727 13.60364 47.82003 20.10915 31.29159 15.15511 27.78127 44.94326 34.14171 46.62729 27.92501 14.60623 17.75192 20.26064 15.96771 13.53862 47.07021 44.07931 43.86511 32.55077 42.28983 12.88296 27.85034 0.0 11.55121 0.0 20.86261 
1000.0 0.0 0.0 0.0 28.9029 0.0 0.0 0.0 0.0 0.0 0.0 0.0 35.91223 0.0 0.0 0.0 0.0 0.0 0.0 0.0 0.0 0.0 0.0 0.0 0.0 0.0 0.0 0.0 0.0 0.0 0.0 0.0 0.0 0.0 0.0 0.0 0.0 0.0 0.0 0.0 0.0 0.0 0.0 0.0 0.0 0.0 0.0 21.41425 0.0 32.91893 0.0 
1000.0 25.92611 25.78999 40.89718 0.0 27.52356 34.71479 16.04135 40.39777 35.12896 14.07239 21.19564 0.0 25.25478 47.21528 17.0472 18.80975 11.75082 29.38701 24.40434 0.011 31.94507 22.18118 39.05231 39.33969 28.0625 46.90158 20.96738 14.0077 17.18862 23.57581 11.55519 43.70904 40.86992 44.88952 20.44435 42.48924 16.58427 15.41343 26.69894 36.91912 13.93816 13.16872 16.92643 29.69095 19.98589 38.14131 0.0 44.67301 0.0 41.90056 
1000.0 33.59279 30.41644 43.27326 0.0 34.01964 22.96614 14.9447 20.10515 12.80933 21.76697 18.55236 0.0 23.18458 34.41407 11.13379 37.26315 36.99275 40.26045 25.76853 0.02147 12.08046 43.80355 41.1664 35.22195 13.89065 27.79069 26.89059 32.33915 18.16341 48.12285 25.87158 21.63212 23.07556 42.12917 35.2575 13.25939 48.25321 14.56885 12.758 33.27619 47.59482 29.34742 13.54056 46.62258 45.98074 41.86688 0.0 36.3424 0.0 11.36 
1000.0 15.39331 30.37197 40.0353 0.0 36.23052 28.70498 18.21481 45.21116 26.49871 32.18664 14.71224 0.0 23.14476 24.10142 45.93664 24.11545 13.91693 48.3585 46.78179 0.01827 48.082 34.72717 15.02312 46.28874 31.09365 29.59686 44.61534 24.85996 19.3757 37.4057 45.91359 17.88152 19.34153 26.40107 47.53566 37.3076 21.26091 17.30695 30.45352 23.82633 26.24622 22.52842 44.07709 42.93471 21.22172 34.62393 0.0 24.95067 0.0 34.01876 
1000.0 19.84192 21.67794 31.494 0.0 31.98843 35.68529 32.20149 46.93224 29.22296 22.98784 16.3597 0.0 38.53825 15.23914 22.9547 23.28384 39.89546 31.16184 37.3466 0.02134 38.99055 16.96213 44.5148 21.89317 12.93292 25.49806 12.71797 38.51428 34.02198 40.80369 41.51034 41.08247 30.98359 38.20816 32.9289 12.7024 35.01407 24.16309 24.19266 13.82401 11.10646 43.12585 43.31866 44.10732 28.56641 29.82953 0.0 17.17948 0.0 26.8999 
1000.0 14.96902 47.59601 38.12274 0.0 36.38388 12.24562 30.68076 41.89335 12.26345 23.17472 10.66978 0.0 38.38431 37.94642 34.64382 47.78308 35.71148 34.4446 44.8223 0.04502 10.69297 21.54052 28.51634 40.9897 40.45727 36.02714 43.85088 30.65423 41.1071 38.67139 45.0421 35.49756 21.03602 45.08078 23.10927 11.59521 25.64954 17.52725 17.04145 40.40451 34.02072 27.8141 39.74063 26.30101 47.52723 43.59231 0.0 46.38182 0.0 38.22462 
1000.0 26.28993 20.00432 28.00286 0.0 19.95234 28.05626 44.31484 37.4448 21.39052 40.88248 39.96733 0.0 46.79905 10.7826 26.6408 10.90904 33.34271 13.24219 29.06793 0.04707 47.35499 39.67453 16.28571 25.01184 40.89302 44.95853 46.43714 39.76177 26.19778 25.76331 23.80645 11.52588 10.35905 26.72851 14.96611 41.18138 34.84429 22.32939 29.8008 47.02793 13.60479 37.75563 32.52157 38.74971 42.31226 12.21753 0.0 27.60232 0.0 9.91836 
1000.0 36.05048 17.40602 14.37673 0.0 44.83523 17.30079 42.35881 37.70266 35.18714 16.1906 37.29764 0.0 38.05728 23.82748 30.4622 12.5352 31.23752 40.67331 18.81133 0.02276 39.92734 40.95083 15.27522 28.34929 21.83193 13.63137 36.89117 23.56077 33.94129 30.96894 22.6011 24.32569 11.3348 43.41398 44.66317 46.50312 10.29313 47.43847 24.59777 30.57871 34.06729 45.00041 25.04634 21.29681 18.59507 43.23272 0.0 17.143 0.0 33.30823 
1000.0 0.0 0.0 0.0 37.06705 0.0 0.0 0.0 0.0 0.0 0.0 0.0 27.52528 0.0 0.0 0.0 0.0 0.0 0.0 0.0 0.0 0.0 0.0 0.0 0.0 0.0 0.0 0.0 0.0 0.0 0.0 0.0 0.0 0.0 0.0 0.0 0.0 0.0 0.0 0.0 0.0 0.0 0.0 0.0 0.0 0.0 0.0 28.54662 0.0 10.33892 0.0 
1000.0 35.2636 38.00907 40.15201 0.0 34.54796 15.31285 15.20738 19.57577 37.23808 33.30749 42.93845 0.0 23.14879 13.64409 42.62148 30.9572 24.9279 42.01429 14.45824 0.04812 24.08514 31.74339 14.19275 35.13018 10.20028 36.8875 43.58595 36.47857 35.46013 35.33617 44.00806 47.3827 31.04783 11.67585 38.77557 33.41903 13.67958 9.87144 35.13443 17.47673 41.1895 16.92864 32.93346 17.32146 43.3401 22.5392 0.0 13.66391 0.0 41.48181 
1000.0 11.0406 29.88376 12.19871 0.0 16.12598 16.81201 42.74918 27.10939 28.37844 21.06747 40.69419 0.0 45.87541 38.81034 16.7653 27.10506 33.80768 37.89028 9.70497 0.02279 42.45353 14.75205 48.00652 25.31624 44.29749 16.55117 45.0539 38.32215 26.91526 11.82551 32.47501 41.20724 29.72746 33.19362 36.33758 18.38689 23.35144 29.13912 28.19933 30.00664 31.74695 34.48479 12.18625 9.79911 20.13606 25.10683 0.0 38.30272 0.0 44.31814 
1000.0 23.73191 21.1821 27.78246 0.0 10.70914 36.09067 21.42363 27.38998 30.83879 15.15539 43.03921 0.0 41.73205 33.12914 47.64361 46.91644 13.20732 34.09947 29.02091 0.02437 38.09271 44.75369 16.80405 14.64395 23.55155 13.40138 41.81944 26.85977 26.69662 33.46077 37.2892 22.82005 22.04712 46.91301 41.20006 26.47321 29.00452 23.70837 20.11118 12.69616 13.31499 43.45341 25.15886 23.13307 33.44367 11.31869 0.0 46.98238 0.0 27.10471 
1000.0 41.52043 42.31522 12.76339 0.0 31.8764 15.80654 30.45554 31.67241 41.40728 45.72144 13.93177 0.0 48.04509 16.76037 17.14958 12.03423 29.44684 36.19605 20.19088 0.04168 11.50427 44.02804 37.48301 22.89467 23.17966 34.56412 46.34169 26.08763 35.81897 18.13042 48.174 22.96389 25.6571 19.77865 16.04574 24.69452 26.33768 47.74436 11.23693 11.1751 28.69615 11.60803 17.88231 27.09705 13.26807 34.8729 0.0 23.26864 0.0 34.4795 
1000.0 14.56474 34.31063 18.60548 0.0 32.14426 38.07754 20.34287 34.93754 31.26442 45.70623 36.76927 0.0 45.11083 40.75111 31.93293 33.33803 47.0594 45.38021 47.66005 0.02356 47.17415 23.1108 23.3072 29.491 30.15348 38.31995 36.92789 25.98605 25.09278 45.19817 46.66994 26.22738 36.64209 28.64203 25.72963 13.9478 15.42647 27.38289 35.48888 10.57647 26.73704 15.62582 48.0094 32.43233 46.65854 23.59728 0.0 22.70401 0.0 19.0013 
1000.0 15.61871 40.28343 41.60108 0.0 36.18661 20.63153 32.88132 28.49098 33.20075 39.0787 28.53147 0.0 10.19571 29.37306 10.6194 42.53269 44.64472 48.16925 33.37065 0.04908 29.63824 23.93843 16.12782 32.9593 11.50384 38.26357 15.26779 14.6835 42.01022 39.55978 29.88156 32.53995 18.35154 19.04243 35.00668 24.75073 19.42045 16.29429 43.07897 27.1055 33.07982 22.29031 19.3997 14.17613 28.16883 17.95333 0.0 27.20772 0.0 10.36055 
1000.0 41.29148 45.79879 43.34296 0.0 42.83995 17.46146 39.72507 27.34567 25.86768 23.9015 23.34474 0.0 25.05828 23.72646 21.45948 22.93082 17.21389 31.67692 43.02326 0.042 32.75963 14.82938 11.45131 26.73222 17.79889 41.25266 23.24646 41.13328 39.045 31.84944 44.03894 48.04155 27.15783 24.34236 18.88202 13.64215 33.41038 33.84537 31.12679 43.09378 28.74013 44.51966 10.61128 17.80981 42.89131 16.67319 0.0 41.32144 0.0 13.88608 
1000.0 0.05316 0.18752 0.10458 0.0 0.04333 0.16579 0.07445 0.12074 0.0918 0.10261 0.11931 0.0 0.09857 0.16096 0.06608 0.16281 0.04118 0.06925 0.08479 27.34915 0.09012 0.14804 0.04294 0.1917 0.0873 0.14507 0.08719 0.04442 0.18555 0.04113 0.16821 0.15654 0.10927 0.03955 0.06144 0.12432 0.1935 0.18847 0.08653 0.17852 0.10011 0.16713 0.12399 0.14804 0.16449 0.0692 0.0 0.18293 0.0 0.06512 
1000.0 30.3558 41.78264 30.5959 0.0 42.76021 48.33445 45.7217 20.67458 21.00418 17.8641 38.8493 0.0 21.06027 21.67215 27.89808 42.44159 45.25842 48.22575 44.34679 0.0184 44.54376 13.30567 24.21306 20.87121 37.25912 33.45775 30.88827 19.39607 20.39144 23.25489 47.37763 30.878 22.32917 32.79822 29.11022 32.37427 27.64331 33.56502 15.51616 36.2535 32.44749 12.0048 12.04549 34.34492 24.29431 22.15307 0.0 20.64143 0.0 46.88976 
1000.0 39.2694 22.96191 25.13153 0.0 29.0934 29.94082 44.62964 26.13677 44.12512 10.18721 41.60144 0.0 18.36429 36.05349 37.64076 31.86741 43.52753 18.35544 25.27635 0.01169 36.22001 34.67991 14.19992 28.73603 41.98019 24.82969 9.87267 19.94276 32.98709 28.39389 34.99759 43.57023 31.95441 39.13088 31.62399 47.20606 19.69671 21.62558 17.36182 14.67928 22.52967 36.08823 28.86125 41.62349 29.51033 25.62327 0.0 38.0051 0.0 25.16752 
1000.0 20.68671 18.03144 35.97395 0.0 22.17034 13.89142 13.43919 32.94014 29.29469 30.70416 42.58482 0.0 26.74406 24.61426 16.92004 24.07695 45.08359 38.20014 30.86826 0.02356 37.24233 45.59086 28.6349 9.91702 17.31989 29.83483 15.70054 42.70378 48.33661 44.48455 11.37091 45.57218 19.71271 43.39064 12.52673 26.98444 47.80882 26.5254 20.74257 38.47481 38.80754 11.37776 31.66367 45.43885 13.80751 12.99723 0.0 43.12108 0.0 10.37405 
1000.0 41.45317 47.71618 29.58509 0.0 46.28069 9.92013 21.44782 27.24157 23.12271 20.57012 44.10801 0.0 18.60575 32.1317 15.6219 42.93816 47.89587 14.47963 9.70102 0.04408 30.96391 36.79494 34.36887 19.36647 15.10048 10.24591 47.18242 39.49751 23.50599 40.27167 47.79317 44.16395 23.03491 20.71951 23.9089 28.14933 28.10008 21.04607 25.17634 40.68158 16.60203 41.56773 27.73539 17.61763 22.58073 34.07228 0.0 36.22461 0.0 16.48835 
1000.0 22.73791 27.46025 38.50286 0.0 34.93611 17.8838 33.22373 15.89937 13.32966 24.60844 21.94348 0.0 38.29199 14.47663 23.85013 43.29309 14.25465 46.28121 37.34932 0.02987 14.15569 44.72058 14.88904 43.22956 12.63949 21.03994 33.61751 47.53763 11.88554 43.27139 42.80709 45.56364 23.51393 17.34422 16.78201 15.56161 42.72658 19.25501 22.85037 45.70436 31.19249 33.03617 33.36391 35.12524 28.0445 18.20862 0.0 35.80389 0.0 40.62337 
1000.0 26.14817 25.49661 18.49967 0.0 30.32193 15.93363 44.01133 30.30019 17.11581 43.6288 23.43713 0.0 20.34561 38.91565 13.74844 46.58017 44.12775 13.31265 20.49418 0.04731 40.16113 16.7643 42.8785 38.52953 26.27547 17.58419 46.27003 24.49544 19.59886 10.35082 11.81747 18.8863 13.72548 14.77842 45.72198 13.33058 12.04656 28.66459 34.22565 37.762 11.84848 40.15551 11.77205 43.19881 16.16416 24.3268 0.0 35.7535 0.0 37.79662 
1000.0 10.93209 17.8275 46.43503 0.0 18.48995 17.64643 47.31415 24.07315 10.95699 30.30044 21.87602 0.0 47.71098 31.01625 36.93904 48.14131 20.0319 29.85301 14.54974 0.02362 21.43305 21.95896 18.35114 26.7246 28.9823 16.23183 16.82471 37.59832 30.35514 23.27414 27.95067 39.98568 23.42356 38.67178 11.58488 20.48409 10.13131 44.17497 11.07672 45.02822 42.66188 26.06448 31.41502 27.585 36.20846 37.49764 0.0 36.06933 0.0 16.0701 
1000.0 37.51763 40.90086 39.71598 0.0 24.01398 47.13797 40.06698 30.16229 25.90412 46.24583 16.11424 0.0 31.97886 46.42277 46.9306 41.7548 36.06955 14.72964 25.54441 0.01961 21.79001 42.23702 15.17897 33.31646 15.79013 14.74662 27.73428 36.23032 34.45757 26.56838 46.78417 24.91388 38.82802 14.08103 25.94542 18.93774 23.8526 32.51438 14.09368 35.44698 42.21119 33.6394 32.59534 45.84958 31.83346 27.10613 0.0 35.27854 0.0 34.50721 
1000.0 19.38892 13.09646 37.98082 0.0 13.79191 15.39348 43.28312 18.40987 14.61545 32.22702 13.33831 0.0 26.76202 16.62683 47.48862 47.68479 39.77619 39.93439 28.62394 0.02412 44.08353 39.38127 43.12651 40.66233 48.29255 31.28356 34.14747 17.40831 44.56521 22.0035 27.19104 14.66 28.77684 9.87642 32.27981 10.53171 15.72175 29.57557 40.45502 26.74645 21.38717 33.2104 35.4546 17.97823 11.19707 13.16058 0.0 28.03515 0.0 33.05374 
1000.0 37.03706 11.05808 30.85199 0.0 43.61348 46.12967 27.58322 27.60367 32.96732 45.08254 45.93886 0.0 33.48848 16.19957 29.92801 40.49801 39.53099 11.72136 40.18069 0.02421 46.31787 11.55219 40.33889 12.38953 33.91258 21.32981 26.39121 11.58397 30.49867 31.67883 35.13432 48.09386 45.83293 26.02062 13.03387 37.9841 36.36732 34.3545 19.44588 23.10793 42.10213 47.14378 16.27054 16.79167 16.32714 27.47603 0.0 14.93401 0.0 19.79177 
1000.0 48.19948 43.86264 41.66095 0.0 38.63681 43.1278 24.15001 21.73422 39.65831 38.32801 29.43175 0.0 26.42478 19.93486 13.6576 43.68759 47.27731 19.32914 19.1449 0.02579 23.86057 10.00925 44.0288 31.46699 22.80151 10.61881 46.51971 30.45987 25.42646 12.62027 10.90995 16.70306 16.2424 27.74736 18.32626 12.14151 27.31066 29.0883 38.26701 46.31466 43.77372 23.35236 43.81641 35.17302 42.81696 22.3767 0.0 29.29643 0.0 26.85419 
1000.0 27.02188 43.9434 16.16824 0.0 16.54646 37.97666 33.99016 44.57779 21.68908 10.9878 29.5244 0.0 15.59535 45.57508 34.55289 27.69607 21.56493 11.25369 39.4752 0.01618 13.27687 28.17322 34.69785 23.37316 32.34518 40.63828 24.94125 44.29964 42.98444 41.86504 44.7011 19.80567 13.97775 22.5179 33.81785 14.36442 28.5741 37.83236 17.63355 37.40666 33.88258 20.27105 10.70111 47.07218 14.18087 15.49664 0.0 48.08256 0.0 39.50664 
1000.0 30.59992 41.15804 10.97104 0.0 26.1691 18.53829 15.37211 21.09366 33.01948 31.78677 46.28524 0.0 24.50023 32.08294 32.56383 29.1431 46.89926 29.17249 44.46607 0.0259 29.5055 10.73969 39.93619 33.28162 34.96311 26.35719 26.16966 42.92104 31.18367 34.36368 37.48713 21.838 14.1258 35.7385 34.55976 35.94921 34.03955 39.38225 29.36673 12.44054 44.38443 30.94311 42.30245 32.78346 34.30881 46.00508 0.0 24.82147 0.0 37.56407 
1000.0 30.62039 20.05532 47.60188 0.0 24.68384 17.09646 16.9034 41.49906 32.16575 36.19423 35.04401 0.0 44.65202 22.55389 32.09896 13.13654 26.97055 35.62719 17.09858 0.01453 15.06803 26.34489 33.23276 45.6099 47.36896 13.7069 19.1146 16.74903 39.04795 12.31642 38.72815 35.22745 39.29146 32.67303 17.32293 30.90242 40.47469 35.63083 37.77815 10.81812 10.77861 40.67609 40.95595 11.4934 25.60241 42.58774 0.0 38.49046 0.0 44.11798 
1000.0 22.19176 40.44118 24.80659 0.0 42.93735 31.04701 48.34538 46.29377 29.00841 17.54965 42.59517 0.0 36.07496 20.68302 33.8916 21.05333 25.10165 29.32528 27.34226 0.03242 15.65255 36.59614 32.79534 36.03603 21.59534 28.59253 28.01333 24.77166 33.97422 16.10896 19.32737 39.47636 16.78023 25.06285 42.68351 37.10567 43.1536 24.54589 22.79503 31.53566 38.02415 33.4885 37.286 10.25357 37.50665 48.22802 0.0 34.29364 0.0 27.57231 
1000.0 31.26587 35.22794 44.53079 0.0 18.49771 22.54644 25.08923 34.31044 34.39753 27.64852 18.0484 0.0 33.682 18.99011 30.62374 45.34517 17.61886 44.79748 48.20979 0.01712 33.36275 19.14918 17.44049 25.42068 38.41915 25.21672 40.77492 25.79551 41.50969 37.92309 13.0493 20.16831 32.65129 26.97271 13.28006 37.93417 14.32915 36.83382 22.9254 15.85222 13.57609 33.1319 26.41201 20.28372 40.35208 28.68534 0.0 14.65852 0.0 32.70586 
1000.0 40.87777 42.59812 30.29587 0.0 36.78794 22.02146 21.50152 24.44701 35.64149 18.47236 28.91415 0.0 11.04252 21.90956 33.15778 13.48661 26.44727 22.25289 13.89901 0.0207 36.35944 17.09983 33.64271 46.04864 41.78836 22.70139 19.50499 38.76894 18.43927 46.2899 29.13212 10.17601 47.57192 31.05646 36.19585 19.54 41.18022 25.65949 20.82325 46.39057 17.88703 32.44917 13.09899 11.37842 18.92474 25.45758 0.0 41.83334 0.0 35.50198 
1000.0 13.85426 22.28251 17.99923 0.0 44.81861 11.82119 13.42071 24.38344 23.95433 31.27486 27.16196 0.0 40.63738 36.792 37.43465 34.4832 36.02867 23.17972 18.94058 0.04071 42.57745 22.87897 14.13063 36.58457 24.30985 22.68568 22.76559 29.93568 14.22156 11.36131 16.66829 36.64352 23.06202 37.01208 17.18378 18.1114 45.51101 16.70518 32.57302 18.12589 39.36915 38.5723 10.35276 38.05809 41.53927 29.28423 0.0 40.7423 0.0 37.00073 
1000.0 35.61923 23.64088 12.83449 0.0 33.73137 22.98892 23.3089 32.26342 37.06541 35.09576 10.58654 0.0 31.90132 38.9041 13.14208 26.54186 32.94229 47.5206 19.59932 0.03227 17.92483 24.16955 29.14556 29.33354 14.47859 39.30148 26.22314 30.99619 19.3358 10.41672 36.6502 19.38992 16.06 18.40141 24.17472 38.37677 25.19353 27.17737 27.27479 26.17766 42.44895 16.78796 23.72971 33.38925 27.67182 27.59727 0.0 30.97114 0.0 10.75375 
1000.0 42.62085 25.35702 13.17446 0.0 14.52519 33.70267 40.92242 37.96933 16.80934 37.19715 41.9716 0.0 20.9798 20.71597 34.78323 32.49712 11.65029 14.0716 25.86512 0.02261 12.47955 41.09838 33.96661 45.91298 29.34882 13.62938 38.27622 16.49416 32.23897 17.46317 48.28558 15.80359 32.58648 26.11677 45.90535 36.96642 27.74005 25.36871 25.99183 29.09765 14.10635 26.13393 35.07609 42.22236 31.16886 14.46792 0.0 30.76694 0.0 22.60568 
1000.0 17.30512 15.98941 23.77508 0.0 16.00665 14.7563 20.91713 35.23235 14.63638 11.45161 28.3878 0.0 23.42244 37.09992 17.19105 41.15469 33.88049 39.71541 40.4924 0.02833 19.77603 38.17173 40.70532 31.53136 21.60361 47.7471 28.91432 45.548 16.02848 30.9906 47.44632 29.56969 43.82956 26.83737 37.35809 18.70514 15.34623 34.91704 36.33947 36.04177 46.58456 37.71214 44.58954 45.01272 25.07258 32.76987 0.0 19.44563 0.0 27.2387 
1000.0 12.67695 38.88004 17.7996 0.0 11.6025 28.88939 19.50776 41.01338 33.61409 17.72412 25.45303 0.0 12.67859 48.00893 32.73522 34.63402 40.43257 41.69097 21.5213 0.02028 42.28784 23.79062 40.63618 40.66711 10.81721 18.22233 27.08198 32.09887 15.71782 36.55656 10.42983 26.50829 20.22276 16.18337 40.28789 11.64633 26.3207 37.68257 48.13309 33.38387 35.57257 44.9982 22.0936 46.64406 23.96338 15.95761 0.0 12.17324 0.0 35.6508 
1000.0 15.45349 28.92759 28.75483 0.0 40.71052 15.60282 26.38703 31.58562 28.3348 20.45081 24.18616 0.0 19.54288 27.1813 45.75483 16.36636 47.68529 22.11097 23.1855 0.02565 14.18906 47.62243 44.37914 11.18178 26.84074 29.67655 31.84512 16.11322 11.18676 13.99758 18.99027 24.02209 26.0313 46.32488 29.35319 23.4462 10.31087 33.98569 13.7179 28.75846 17.02387 31.94587 10.47077 15.86928 47.05407 10.41765 0.0 30.66742 0.0 21.87761 
1000.0 42.13903 15.04847 29.53038 0.0 30.88531 45.14071 26.35284 36.54477 36.76458 33.44627 24.36118 0.0 31.36083 46.67236 18.77782 42.8124 26.17593 27.33364 37.15789 0.04018 25.40418 30.52885 45.06352 35.12017 12.07962 27.39936 20.98677 29.66068 17.22456 24.63165 18.48594 23.15818 9.97293 47.99124 40.88306 20.90656 44.74778 37.92284 38.25179 14.02174 23.49278 25.22301 12.04851 18.20951 16.42227 36.26005 0.0 45.46929 0.0 20.85692 
1000.0 18.01662 34.19642 33.92371 0.0 26.67266 22.06596 31.44111 22.58759 32.3628 27.92621 34.38022 0.0 13.46013 15.54153 11.90055 26.45887 14.03501 12.94773 24.88973 0.01345 34.91235 9.6964 39.51021 36.73655 37.27209 32.25495 43.65432 19.01445 10.85502 11.81775 47.56856 26.3049 42.73298 41.74339 20.85909 17.81653 24.65606 17.7304 10.12949 45.23043 37.93173 13.78883 25.74269 15.21036 34.5161 37.47095 0.0 39.54824 0.0 40.76366 
1000.0 31.77546 42.23233 39.72091 0.0 14.81136 45.8459 21.94936 47.92593 15.87762 27.48714 44.98895 0.0 35.2832 13.7516 23.25404 43.01664 28.43525 10.09488 42.33949 0.01305 24.86202 32.30728 19.8806 12.13698 32.70623 24.84449 47.9114 15.63596 39.79564 26.88465 28.70814 19.17612 38.66814 42.63141 13.91775 26.61835 18.94967 44.66831 29.51889 39.71159 44.64561 37.57937 11.3519 44.6415 41.83343 35.30555 0.0 38.94075 0.0 44.77012 
1000.0 0.0 0.0 0.0 45.32995 0.0 0.0 0.0 0.0 0.0 0.0 0.0 47.94709 0.0 0.0 0.0 0.0 0.0 0.0 0.0 0.0 0.0 0.0 0.0 0.0 0.0 0.0 0.0 0.0 0.0 0.0 0.0 0.0 0.0 0.0 0.0 0.0 0.0 0.0 0.0 0.0 0.0 0.0 0.0 0.0 0.0 0.0 29.02548 0.0 16.2668 0.0 
1000.0 34.65846 46.61248 46.96828 0.0 17.5694 45.34255 36.19521 32.937 40.25417 29.04265 21.87877 0.0 21.84685 17.34395 27.90837 44.80069 27.3218 39.0082 29.57358 0.02589 43.95758 12.60727 12.16258 34.63038 43.73422 44.58392 40.71876 39.67267 33.93274 36.6071 23.98742 21.01251 45.0166 40.5112 16.56584 31.72596 37.07893 33.03615 29.5847 35.01658 38.2794 11.44312 36.92382 40.827 29.74598 29.5915 0.0 47.73169 0.0 16.09147 
1000.0 0.0 0.0 0.0 31.41826 0.0 0.0 0.0 0.0 0.0 0.0 0.0 13.32355 0.0 0.0 0.0 0.0 0.0 0.0 0.0 0.0 0.0 0.0 0.0 0.0 0.0 0.0 0.0 0.0 0.0 0.0 0.0 0.0 0.0 0.0 0.0 0.0 0.0 0.0 0.0 0.0 0.0 0.0 0.0 0.0 0.0 0.0 14.66332 0.0 10.26496 0.0 
1000.0 31.12875 21.17785 13.10892 0.0 39.65736 26.06922 26.19041 38.07187 29.68257 47.58315 23.74007 0.0 45.39524 11.71774 24.67 36.6173 23.28739 10.79555 37.69227 0.03921 31.44045 34.18753 31.7289 36.75925 36.19617 20.16677 43.96353 48.11057 43.63157 10.83468 16.3639 28.62761 34.16608 47.97979 40.49992 30.98254 28.39306 39.28064 46.46462 21.17299 16.13844 12.12569 12.30859 47.93071 37.50184 24.75546 0.0 29.25582 0.0 27.67988 
