1000.0 1000.0 1000.0 1000.0 1000.0 1000.0 1000.0 1000.0 1000.0 1000.0 1000.0 1000.0 1000.0 1000.0 1000.0 1000.0 1000.0 1000.0 1000.0 1000.0 1000.0 1000.0 1000.0 1000.0 1000.0 1000.0 1000.0 1000.0 1000.0 1000.0 1000.0 1000.0 1000.0 1000.0 1000.0 1000.0 1000.0 1000.0 1000.0 1000.0 1000.0 1000.0 1000.0 1000.0 1000.0 1000.0 1000.0 1000.0 1000.0 1000.0 1000.0 
1000.0 21.14119 10.34332 15.52901 0.0 7.37193 30.26979 25.28192 8.39459 13.43283 27.77674 20.07242 0.0 21.99537 30.32386 15.29979 14.57251 19.81998 9.83297 14.01286 0.01353 27.43299 13.52182 27.91708 7.50698 17.52162 18.3437 23.203 27.81413 21.59039 21.72585 15.62079 9.12713 10.87378 31.83831 22.00326 30.77976 30.93782 10.261 31.90879 11.64172 19.20802 26.0672 7.95401 19.07497 13.09906 28.25188 0.0 12.05407 0.0 27.73454 
1000.0 25.08136 9.57012 10.17007 0.0 14.42805 25.89458 14.81362 26.71629 26.77163 23.98465 30.45053 0.0 26.46515 28.46141 17.90989 21.44371 29.40333 9.72093 25.74329 0.02147 13.59222 25.21621 23.26221 28.30814 14.3308 9.06264 30.69779 11.87344 9.76856 28.05895 28.98442 7.5888 28.16775 27.62464 10.7451 11.24099 24.3525 18.2701 9.12238 24.09327 12.84373 19.06906 13.79439 26.97761 24.63251 24.68158 0.0 30.11087 0.0 27.96825 
1000.0 20.92842 10.1374 15.82465 0.0 17.97768 7.55476 25.89662 24.38568 12.52825 10.86308 20.9403 0.0 13.08048 16.45748 12.40009 21.80036 23.40195 21.42421 17.83929 0.03609 7.222 15.70523 29.34097 25.83949 27.45723 15.94717 22.12381 19.50961 26.07835 27.65648 12.34822 16.3239 16.33373 27.31328 16.17889 30.79751 7.40279 25.45316 25.6428 14.12943 25.15583 28.2715 27.22027 20.93855 27.18115 16.84993 0.0 9.31087 0.0 13.46261 
1000.0 0.0 0.0 0.0 17.02656 0.0 0.0 0.0 0.0 0.0 0.0 0.0 15.17924 0.0 0.0 0.0 0.0 0.0 0.0 0.0 0.0 0.0 0.0 0.0 0.0 0.0 0.0 0.0 0.0 0.0 0.0 0.0 0.0 0.0 0.0 0.0 0.0 0.0 0.0 0.0 0.0 0.0 0.0 0.0 0.0 0.0 0.0 9.87259 0.0 31.59172 0.0 
1000.0 23.84397 15.30498 21.35694 0.0 6.46789 26.22459 24.34283 17.17787 8.58176 22.33546 8.54188 0.0 23.88483 11.63878 11.88683 6.74157 8.64261 27.34132 11.22163 0.01445 15.6485 21.65966 10.11249 31.96446 7.19571 22.67419 20.43827 23.20596 13.81577 31.15052 29.57466 13.92 12.20035 23.93632 9.12064 32.01538 16.43135 30.34429 18.78037 30.62556 12.11232 17.98771 13.89641 28.25587 21.28895 13.93586 0.0 21.03719 0.0 7.5256 
1000.0 14.60984 13.11132 31.64322 0.0 25.4266 29.22022 7.70256 11.51694 8.081 24.4528 31.78251 0.0 16.9532 23.92372 14.78345 10.76966 10.96718 32.00061 8.44979 0.03923 21.31 12.76711 23.32574 25.22643 11.53047 8.29481 29.86463 22.05222 23.83119 22.62717 17.45933 13.19443 20.73533 13.51516 22.84401 23.58809 9.73365 7.05952 15.65427 10.66041 28.17242 16.16282 18.84617 7.97114 24.90263 28.25854 0.0 16.18444 0.0 6.77556 
1000.0 26.95707 19.92821 28.16879 0.0 9.46367 16.91901 20.87158 24.69087 29.6362 26.80233 20.66749 0.0 31.97297 14.599 11.18619 30.77701 8.80845 19.29881 17.17383 0.01063 20.79203 26.28977 7.61448 14.64355 25.19828 11.99017 30.78641 15.55435 14.64943 6.96209 29.87579 17.77349 9.41638 17.43605 28.78881 14.29285 18.97128 11.22029 6.93633 17.90213 9.85847 30.29443 7.95051 10.76513 18.09045 20.94424 0.0 6.89231 0.0 12.95166 
1000.0 10.66915 12.6706 23.43012 0.0 31.05851 17.33666 28.33036 24.97089 16.37974 9.36719 10.28599 0.0 21.76731 17.48457 21.02988 12.45074 15.08142 31.92285 28.30635 0.03509 17.35452 12.80399 29.80649 27.54872 12.92117 6.62283 11.47431 25.21889 20.91879 26.93333 7.70268 19.15438 29.963 18.45068 21.97399 26.77674 31.53632 18.92339 19.76667 28.65433 15.72658 10.62873 30.99967 10.12926 15.30699 24.21816 0.0 20.81823 0.0 13.54182 
1000.0 11.22946 24.71124 11.4539 0.0 14.91898 14.73208 24.25061 17.02307 31.88315 25.19244 13.32978 0.0 24.96685 18.67042 28.40702 13.75211 15.62844 28.56855 7.30105 0.02775 30.86749 18.20087 25.17048 13.01895 7.03345 12.16792 31.63756 21.80217 23.68282 22.72074 15.90879 32.00294 25.1376 14.23192 26.17041 20.68942 17.65226 25.37389 26.99645 11.31239 9.8962 9.85404 25.77827 27.61445 10.29169 13.74116 0.0 13.45096 0.0 18.1623 
1000.0 18.00577 27.97858 11.13209 0.0 11.39304 7.62013 6.86799 24.18077 14.4935 10.48802 27.53406 0.0 19.95334 22.14291 29.13038 7.7494 28.90069 25.60714 27.72822 0.0382 28.8016 25.66524 21.27284 29.14803 26.42922 20.49335 11.67384 25.13776 18.10698 12.89139 6.5401 6.87066 15.9729 28.3805 14.3851 6.82269 25.48468 28.21988 17.60216 21.14477 30.3703 9.6589 23.8723 14.42227 17.35362 28.36603 0.0 15.32621 0.0 18.31542 
1000.0 23.37365 19.11925 30.06911 0.0 29.00572 14.67207 23.45975 7.79337 15.52682 9.7637 7.79403 0.0 7.18017 15.98887 7.37363 15.07648 13.36335 23.05099 20.19369 0.01814 31.74876 20.28587 7.99586 30.32957 21.01388 24.88144 12.61997 28.66034 22.05612 19.24121 14.11572 20.08875 6.48287 28.28036 16.74862 24.9343 19.67841 19.90423 11.32038 32.01533 30.43267 12.43162 21.60343 27.77509 25.15647 26.91828 0.0 19.77628 0.0 17.24769 
1000.0 0.0 0.0 0.0 11.28366 0.0 0.0 0.0 0.0 0.0 0.0 0.0 19.91441 0.0 0.0 0.0 0.0 0.0 0.0 0.0 0.0 0.0 0.0 0.0 0.0 0.0 0.0 0.0 0.0 0.0 0.0 0.0 0.0 0.0 0.0 0.0 0.0 0.0 0.0 0.0 0.0 0.0 0.0 0.0 0.0 0.0 0.0 7.62255 0.0 27.32365 0.0 
1000.0 28.64914 29.34232 16.82137 0.0 25.75268 13.19646 30.69411 9.9124 26.66603 13.2782 15.96184 0.0 21.11643 21.58888 7.46962 17.85766 8.48286 21.14384 28.19234 0.0304 22.65416 23.7068 20.58551 8.07066 8.10301 20.70597 13.46169 8.40586 11.63399 10.32938 7.10977 15.19875 20.7456 10.3564 19.94864 20.16773 20.0018 29.59963 19.06828 25.94876 22.12701 31.0946 19.7795 26.88007 19.71503 29.63235 0.0 22.88702 0.0 27.65575 
1000.0 27.78511 11.84312 14.00683 0.0 26.46207 13.10413 29.38654 28.45496 16.7863 11.25201 31.8157 0.0 26.42425 26.16552 28.76344 11.8162 6.6615 12.22548 20.27111 0.02526 20.83892 23.97524 21.33328 26.58787 25.51014 19.57498 29.02822 18.60327 7.81355 19.47804 8.93483 21.62276 9.93255 12.81205 29.25003 11.12954 13.25191 27.95522 26.81207 27.18601 22.96976 25.23858 11.5878 20.92997 24.93376 22.96895 0.0 12.84158 0.0 10.09752 
1000.0 16.82369 14.07082 12.66865 0.0 13.02336 9.99734 17.10937 27.6066 21.13088 20.13285 10.88785 0.0 29.43126 31.1686 19.25791 12.05253 26.92904 12.24841 22.4566 0.01718 7.21271 30.4819 18.34464 27.27219 28.0213 14.80937 17.58074 7.80898 25.90488 29.06769 11.90479 15.61137 16.80686 10.77711 26.1276 16.12928 13.46785 27.7372 27.49768 10.95773 21.09783 6.91503 31.39223 9.42682 18.17256 15.09576 0.0 20.23949 0.0 22.70083 
1000.0 18.21952 16.4191 9.4963 0.0 31.91452 28.05783 23.72096 12.60437 29.71913 26.30387 15.15829 0.0 30.00556 12.09222 14.03353 17.08495 15.87329 10.66533 31.04741 0.03434 27.27959 13.88231 28.47007 26.48357 29.91727 30.53881 26.29652 19.44603 10.96884 7.73775 20.93942 10.93393 9.17199 15.79727 10.52333 9.6102 13.00065 7.40082 17.36215 27.57526 26.58007 10.7738 11.30081 11.60616 23.99692 16.99523 0.0 14.57546 0.0 26.8643 
1000.0 17.17789 10.36014 8.64278 0.0 24.48919 15.49435 24.07343 11.78447 14.30234 30.6989 13.0383 0.0 6.64764 31.13096 12.59249 28.08968 19.20089 29.55984 11.37208 0.02461 14.51262 15.30768 9.97588 14.22674 8.94519 17.82334 10.11355 13.50237 20.47644 27.57773 28.42872 31.95632 9.40007 21.34769 24.12774 16.21024 24.3509 29.73753 12.85864 8.51143 26.0491 9.75869 11.47151 26.57269 13.42324 14.1609 0.0 31.32282 0.0 12.68083 
1000.0 20.93677 18.60717 28.02303 0.0 13.65072 18.37489 12.31416 7.48694 22.82935 15.89894 27.31111 0.0 16.61075 11.26156 31.13929 28.87944 31.63003 21.67643 26.76278 0.01069 17.61621 26.37084 15.76348 14.72485 9.57558 28.09455 9.47965 30.0915 8.25464 24.08036 16.16635 11.32483 28.38609 19.84244 29.66769 12.76149 12.3257 14.46443 6.99159 23.9687 9.03136 27.89339 13.96102 11.93359 11.295 12.31035 0.0 18.15468 0.0 8.35299 
1000.0 30.35346 11.63346 24.3816 0.0 22.50277 20.85684 13.01824 6.81372 21.0143 12.16616 23.63052 0.0 26.46783 23.26262 7.93713 15.99024 14.78522 20.54567 29.83088 0.02727 17.21586 7.28368 20.93525 29.32424 25.83967 29.40562 23.09129 15.03993 13.57698 30.76499 25.87947 7.70956 28.03866 16.18694 21.32122 26.5291 14.45937 20.60049 15.63387 6.75357 11.82138 27.23974 12.62111 16.69655 22.56826 27.16839 0.0 16.14622 0.0 18.45744 
1000.0 0.07521 0.15134 0.08457 0.0 0.06222 0.11257 0.15534 0.09087 0.07919 0.06365 0.12873 0.0 0.05221 0.11222 0.04223 0.13816 0.08787 0.07674 0.14586 15.23496 0.11581 0.13949 0.0453 0.10083 0.10763 0.14672 0.14162 0.08228 0.07231 0.14656 0.14668 0.10898 0.13623 0.08569 0.13854 0.06642 0.12701 0.04763 0.06926 0.1549 0.13437 0.07055 0.03847 0.08398 0.05258 0.03855 0.0 0.12498 0.0 0.10403 
1000.0 23.9951 6.97557 17.7584 0.0 7.56653 22.04178 15.40438 13.29558 16.52524 19.20192 27.4686 0.0 9.2434 15.66056 26.32311 15.16405 10.87116 28.05201 30.26598 0.03951 21.93478 30.04945 19.58035 10.48404 31.55408 27.51064 23.9488 15.16877 23.63731 29.14509 12.39111 19.25752 24.61484 21.59178 28.98121 8.28069 14.64705 21.67936 22.17692 28.62201 8.76909 11.96114 26.23115 10.70164 22.01248 20.80105 0.0 27.42025 0.0 9.90273 
1000.0 17.18165 24.76517 9.74971 0.0 13.85782 10.71823 20.02742 26.86002 11.46602 18.38763 16.80249 0.0 27.8538 12.77362 6.93468 27.92539 15.62298 26.10154 23.98583 0.00813 27.02186 10.17834 7.39765 13.76758 18.98112 23.54838 16.23187 27.44117 20.66611 15.64828 29.65174 29.51512 6.85318 14.66204 10.04972 26.63665 18.66908 12.97568 29.11342 18.59161 24.63938 13.62059 11.84349 15.60121 29.87346 9.74345 0.0 28.18307 0.0 20.54073 
1000.0 30.98877 23.25541 13.85189 0.0 9.23716 26.6907 31.24715 18.11104 11.48455 26.08994 20.13343 0.0 12.98799 13.7093 29.82971 14.28884 21.46553 13.91924 30.75458 0.0265 14.37421 12.51452 18.38276 24.00053 11.46092 9.08464 10.62578 29.12114 8.63488 26.14843 30.37183 19.60248 31.37964 13.05284 9.37701 19.93507 8.68253 9.3801 25.9766 19.20163 9.59031 28.69068 27.33228 31.27452 26.6761 14.49311 0.0 6.52313 0.0 19.61031 
1000.0 14.66254 30.94348 6.6465 0.0 13.63648 15.19192 17.8317 31.37146 15.50932 18.86157 18.82306 0.0 29.61289 13.81371 9.63946 18.25023 15.98609 30.457 21.25818 0.01805 27.03984 14.83565 16.82507 16.79361 14.75171 16.51426 12.50618 13.38779 28.01348 24.12139 8.98903 16.20021 30.04451 17.54264 14.53055 31.73834 26.84925 21.13488 30.1038 18.96011 8.26367 20.54925 30.06602 20.9855 22.55714 25.18886 0.0 7.77631 0.0 27.68323 
1000.0 31.64037 14.0677 31.21963 0.0 17.06376 17.71156 14.28394 25.09914 21.32074 16.63632 30.91431 0.0 17.75963 17.13488 26.4353 22.50844 11.59401 6.99334 23.23223 0.02175 31.54858 14.96765 7.28731 17.2707 9.48204 8.50562 24.96511 29.30314 19.00669 25.6145 23.23424 18.47189 18.42296 14.13907 19.09577 16.88298 19.75734 28.69324 13.25317 28.04338 25.05724 16.5228 15.94226 9.80185 6.43639 24.28788 0.0 12.80275 0.0 26.01449 
1000.0 20.9798 17.48389 30.10136 0.0 12.57972 29.19262 25.46812 16.21307 13.48422 31.59838 11.86705 0.0 6.45284 15.77856 16.01207 27.22838 31.85521 10.41402 15.95325 0.01742 7.38484 17.01281 21.4029 7.32127 27.89981 29.41352 8.46885 17.53296 14.9485 9.11766 13.49495 29.51577 17.90799 17.40225 31.13549 18.5904 30.90434 25.13654 18.20238 20.61767 25.58979 14.65729 12.10934 15.39774 9.0399 9.80234 0.0 11.27469 0.0 9.73803 
1000.0 26.64129 24.05823 13.06514 0.0 21.33937 12.90266 25.8838 7.22421 6.90563 9.41081 19.9226 0.0 29.80965 18.62601 21.70545 30.89144 13.66238 15.07629 30.04485 0.0353 29.33814 14.98327 30.75366 9.02093 15.58507 8.90393 9.45729 8.50558 19.56659 29.39625 28.95333 21.77865 11.48024 13.17278 14.42504 28.8904 27.56175 19.35139 10.83405 22.96185 21.31558 9.49091 23.31248 6.97983 18.19543 16.92674 0.0 11.74035 0.0 15.28955 
1000.0 20.09315 26.31532 13.4864 0.0 18.30614 9.08429 11.40902 16.12546 21.09263 7.62041 13.33563 0.0 12.79248 21.89196 23.97754 11.53414 17.99215 31.5059 9.8727 0.00906 6.82073 21.88743 21.33176 15.98573 16.01119 15.17053 30.88271 10.38897 26.78606 15.40477 10.43611 16.59311 13.02593 12.71302 11.82782 14.89513 12.21644 10.00096 26.34387 20.75658 31.93092 27.83835 20.23128 7.0438 14.45972 13.97929 0.0 9.05556 0.0 13.55234 
1000.0 15.19377 7.20314 14.21037 0.0 8.13293 20.08814 13.85887 25.16213 13.80267 20.34732 29.99908 0.0 22.4323 30.46232 31.70558 15.83588 26.81025 9.42273 23.09733 0.03595 28.45431 30.33778 30.47891 11.34094 19.01886 23.76702 6.68451 16.87213 10.21737 17.85397 25.20117 9.24414 21.76607 28.00801 14.77147 15.69977 12.78301 10.76332 6.64633 17.61861 7.11401 24.17164 30.31327 17.45916 10.36545 27.40517 0.0 9.84709 0.0 17.14667 
1000.0 23.65258 13.03848 15.60607 0.0 19.4348 22.44793 10.01231 17.04966 13.18724 10.00866 29.68387 0.0 28.74072 9.16914 11.46363 7.38697 15.38623 14.26151 23.69191 0.01836 25.17636 12.20603 26.24975 29.34395 24.81817 26.91316 12.82427 29.43842 30.35139 21.85002 24.03164 25.47464 8.3122 22.31872 31.08833 25.0718 28.41868 14.70063 8.82302 10.09244 9.66424 19.1177 24.64777 23.62681 25.11096 15.47541 0.0 15.14161 0.0 11.43895 
1000.0 28.03737 7.6753 19.09314 0.0 14.68179 8.08026 10.38586 24.67237 27.82131 12.82981 7.36226 0.0 11.4199 14.66227 26.20849 7.34271 24.45626 10.51858 15.05149 0.02169 14.83483 16.44971 8.04116 24.46695 24.41539 27.72448 26.49509 28.04835 27.46087 20.78646 14.83034 19.62274 28.8143 24.12582 29.52657 21.27929 29.85937 10.24387 25.65033 31.3116 21.9804 13.48047 11.42871 14.41944 9.08038 16.56337 0.0 28.26851 0.0 27.15486 
1000.0 24.93175 28.83881 22.07752 0.0 19.55153 12.09469 24.22295 10.45779 30.01893 20.94162 20.87664 0.0 30.60635 28.09846 27.59491 8.95082 28.94415 11.82861 6.62381 0.02354 6.63519 8.35207 30.61311 22.21064 11.22593 22.73934 19.65618 31.25838 16.86592 30.02171 31.35564 29.97188 21.67182 6.49921 18.44079 20.45508 25.68551 7.22483 11.81602 27.98681 13.18602 27.11657 26.29518 23.64805 13.17138 17.23737 0.0 19.09386 0.0 30.90853 
1000.0 31.64927 19.82887 17.40917 0.0 25.57975 6.5846 14.72748 30.76452 14.7201 23.42611 29.35863 0.0 22.53212 10.69662 7.93154 6.98298 17.46621 8.09668 31.48353 0.02052 24.76893 7.95721 30.65971 28.4823 14.88103 23.92666 12.83928 20.37446 17.1833 14.85921 25.04317 26.77121 25.51306 30.48504 11.30537 20.66478 24.44045 28.0743 15.78936 30.18849 25.20649 7.56835 25.1471 19.57313 17.15124 12.51429 0.0 14.24917 0.0 11.68996 
1000.0 23.07607 18.62443 8.46798 0.0 13.76686 13.8877 29.75864 21.29702 26.84809 10.73196 19.72201 0.0 8.62143 21.9714 11.76656 18.08781 18.88772 31.27946 13.9721 0.01667 28.92084 25.45957 8.1582 20.39828 12.03652 13.74259 10.63579 8.14187 17.78379 19.26204 7.53067 15.69455 21.35706 8.09838 11.19674 18.72483 22.68475 27.93513 13.99799 7.70213 6.90286 28.56062 26.92097 16.92652 11.17572 21.08471 0.0 11.37428 0.0 7.01607 
1000.0 7.09104 31.59944 10.90591 0.0 27.59035 24.86005 7.30398 13.0025 6.99656 10.87199 12.90954 0.0 19.37504 31.73501 20.88426 16.7185 20.05874 16.36572 9.40377 0.01519 31.29199 22.38643 12.40767 19.04089 9.82976 12.06598 21.26085 27.36719 8.76368 18.42147 12.7673 8.37061 26.72508 22.71027 15.14157 21.30193 15.67779 7.64595 24.57327 14.80707 13.32856 25.54844 18.49912 11.01183 13.77128 25.05854 0.0 30.45174 0.0 11.41867 
1000.0 11.48808 26.82758 16.21708 0.0 25.8779 21.55511 15.13124 19.4478 30.1573 26.80508 20.41078 0.0 9.5349 12.29124 19.22057 7.8235 14.62283 27.624 17.08952 0.01583 28.97927 7.85729 10.58052 30.99819 15.93634 26.67887 24.89296 9.42583 30.76113 28.08339 8.72266 26.14584 29.32354 25.99985 10.00032 10.10617 11.35791 24.01162 31.43161 29.86486 14.6425 26.51719 26.56186 11.2832 30.30537 20.66958 0.0 26.23113 0.0 28.18729 
1000.0 11.75516 31.36483 13.55235 0.0 12.10217 20.55793 21.85549 9.81932 19.36712 20.86367 8.01411 0.0 20.10661 30.51537 29.1246 10.0892 9.12686 27.57181 20.48156 0.02912 19.76605 23.37633 9.08065 9.71724 29.17272 25.90366 11.44648 11.30299 9.651 16.2371 6.46215 10.00596 8.93189 30.37296 26.98827 25.38672 29.22945 31.71797 14.23574 12.83418 21.71451 12.50458 7.14122 14.73294 29.62721 15.13359 0.0 19.47958 0.0 17.01615 
1000.0 21.14836 8.63855 7.21475 0.0 10.50149 25.46229 7.45949 27.70357 24.83984 31.56047 30.50665 0.0 30.06754 28.33846 21.77552 10.54339 28.93173 18.33728 24.30075 0.03092 8.026 31.7004 11.22743 15.64424 11.48393 18.20044 11.33365 15.26953 19.28826 29.73737 14.748 26.98226 13.29129 25.22578 30.93116 24.46217 8.07397 11.63904 11.10538 14.86074 8.52856 20.28365 25.85556 22.76427 12.02707 19.40915 0.0 9.95113 0.0 14.79964 
1000.0 15.61206 11.3776 22.47744 0.0 12.12779 16.62894 16.65203 10.94411 17.33824 26.38201 25.48389 0.0 30.95579 28.18322 30.35194 30.15714 15.54467 25.25092 19.77834 0.02431 14.51046 31.94254 24.38524 15.72622 29.90523 19.63982 12.0912 8.14955 7.10039 23.04162 11.10395 24.88227 31.20487 19.157 27.62618 8.12219 15.6722 10.38769 31.01561 9.18276 26.30738 20.99342 23.84359 7.82369 31.6397 24.135 0.0 9.72589 0.0 11.83871 
1000.0 21.27418 11.82043 8.39665 0.0 10.23951 14.01253 23.33671 28.9198 25.93958 7.2047 29.25594 0.0 21.01393 12.25762 17.69771 27.34843 8.45532 24.36554 11.92913 0.01115 19.14273 28.49851 22.76719 16.41232 8.56434 21.5395 15.15565 11.27315 22.33896 11.49576 10.59841 24.72063 26.55835 7.16995 14.24575 10.44785 9.12113 17.47998 7.62894 21.43107 16.95984 28.66586 13.9555 27.11089 27.24253 27.99207 0.0 8.46072 0.0 7.22351 
1000.0 22.67964 25.34149 25.12851 0.0 18.06127 28.67937 20.29985 30.2511 21.51351 23.63318 12.16775 0.0 17.2461 13.0115 7.22438 25.32956 23.60675 16.79518 11.20546 0.02461 18.01845 17.6768 20.23885 18.53348 28.10166 28.06189 6.96944 15.54429 31.11158 27.57521 21.18699 7.75763 29.15084 31.56692 19.15953 24.55895 7.32727 31.32413 19.56653 19.65866 27.16596 23.99942 11.40237 8.08895 28.79845 9.39501 0.0 18.75802 0.0 14.75491 
1000.0 7.92545 10.12665 24.6053 0.0 23.92909 31.25958 18.97931 21.38377 17.29843 6.80193 30.22098 0.0 25.74052 14.77713 16.11566 20.85861 8.09306 16.12456 21.66164 0.03758 27.73346 15.25897 23.23515 19.09239 11.80343 15.99863 23.3344 30.89025 9.45397 7.17858 19.8248 31.25274 12.07726 13.61953 30.82239 8.66178 10.67077 22.77443 7.55743 10.63129 8.4685 16.14814 18.62139 8.4697 14.00638 31.25996 0.0 11.29699 0.0 13.31909 
1000.0 12.24746 20.16389 13.53724 0.0 31.53758 31.80218 20.18996 23.77856 28.81958 23.98139 13.33823 0.0 6.64911 28.03735 31.03333 13.10604 19.55153 19.79697 28.43029 0.0354 15.36076 22.02559 23.45 6.47793 25.71631 22.71926 28.76914 20.46283 30.23482 16.28053 12.14791 14.64156 9.51182 9.87057 20.36406 17.18421 29.20961 10.31323 20.13427 15.34989 22.6656 19.80261 15.8752 26.4202 12.62849 16.96783 0.0 26.79575 0.0 9.56463 
1000.0 21.94029 14.73508 31.67504 0.0 31.31963 27.69281 19.77837 30.63365 28.04045 27.93785 15.08854 0.0 17.26275 7.26806 9.26707 16.6736 12.00977 9.22477 23.52158 0.03169 12.64304 19.23896 31.73258 20.49965 31.43352 8.93344 18.774 25.187 11.24508 27.7344 31.8867 27.68606 13.01559 7.40209 25.05546 21.84313 6.69901 14.81337 15.70015 16.02056 9.98048 26.34905 16.91882 31.47886 18.30948 10.12021 0.0 20.50205 0.0 15.55716 
1000.0 17.89853 23.07931 9.13383 0.0 20.44586 14.28855 21.47032 13.69299 8.77959 29.13407 26.63387 0.0 10.34602 21.81538 12.01618 31.63606 8.61253 31.361 19.95768 0.00933 26.88737 11.63313 9.10071 22.92391 31.20211 24.14348 27.48922 24.97049 9.20314 12.76678 23.13812 17.81379 29.11912 12.69162 9.08272 19.88206 8.78665 17.22973 15.17889 12.9863 19.88749 18.73835 27.03067 14.75436 21.56914 13.47237 0.0 31.25771 0.0 25.4476 
1000.0 32.01148 15.26807 13.62642 0.0 23.25935 19.11296 27.11451 16.71777 12.6318 14.64313 8.09534 0.0 12.64717 11.37525 16.4274 13.83099 11.89262 18.31397 31.53933 0.02892 24.54093 10.21248 15.6867 30.23729 22.62046 26.56147 12.30093 28.87405 21.7773 13.91749 31.81346 18.57049 15.92143 12.23194 12.22514 13.53423 21.67095 29.78395 18.93819 30.88486 11.6668 14.37418 20.53888 11.14561 30.70432 17.70735 0.0 23.05574 0.0 16.87486 
1000.0 0.0 0.0 0.0 19.93266 0.0 0.0 0.0 0.0 0.0 0.0 0.0 18.11441 0.0 0.0 0.0 0.0 0.0 0.0 0.0 0.0 0.0 0.0 0.0 0.0 0.0 0.0 0.0 0.0 0.0 0.0 0.0 0.0 0.0 0.0 0.0 0.0 0.0 0.0 0.0 0.0 0.0 0.0 0.0 0.0 0.0 0.0 30.84917 0.0 13.88691 0.0 
1000.0 15.94596 12.12821 30.14373 0.0 27.81198 20.76083 25.01914 23.90782 14.74091 28.46391 26.65006 0.0 22.95062 10.05324 30.22467 26.41462 16.25045 15.71601 12.12005 0.03348 10.7119 11.71042 28.34651 23.08382 15.01914 17.00715 6.40994 28.80702 30.95723 23.79204 20.40935 12.97273 12.08535 29.10345 17.37897 10.53248 12.56943 7.98442 21.84864 18.95748 11.61793 16.43684 21.22494 9.79335 18.1508 15.8733 0.0 17.53664 0.0 15.84388 
1000.0 0.0 0.0 0.0 30.04682 0.0 0.0 0.0 0.0 0.0 0.0 0.0 25.43023 0.0 0.0 0.0 0.0 0.0 0.0 0.0 0.0 0.0 0.0 0.0 0.0 0.0 0.0 0.0 0.0 0.0 0.0 0.0 0.0 0.0 0.0 0.0 0.0 0.0 0.0 0.0 0.0 0.0 0.0 0.0 0.0 0.0 0.0 11.00965 0.0 24.16117 0.0 
1000.0 11.12987 10.46229 23.62711 0.0 19.94395 29.37721 13.0475 14.90567 8.77785 18.0444 22.05309 0.0 30.01722 9.38779 11.45967 18.57929 7.42085 29.47207 30.56154 0.03039 21.25392 15.68717 26.6474 19.77838 23.91323 13.77338 14.86405 17.63002 30.26808 18.82174 13.06385 9.70128 21.58202 20.14361 24.23206 12.61513 29.51232 11.03715 25.28604 28.21642 24.28035 10.31362 30.5232 8.04414 11.3658 18.07924 0.0 30.14035 0.0 17.55541 
