1000.0 1000.0 1000.0 1000.0 1000.0 1000.0 1000.0 1000.0 1000.0 1000.0 1000.0 1000.0 1000.0 1000.0 1000.0 1000.0 1000.0 1000.0 1000.0 1000.0 1000.0 1000.0 1000.0 1000.0 1000.0 1000.0 1000.0 1000.0 1000.0 1000.0 1000.0 1000.0 1000.0 1000.0 1000.0 1000.0 1000.0 1000.0 1000.0 1000.0 1000.0 1000.0 1000.0 1000.0 1000.0 1000.0 1000.0 1000.0 1000.0 1000.0 1000.0 
1000.0 25.83698 24.64725 45.85742 0.0 23.26077 24.32426 13.46443 14.87995 22.71468 19.28906 13.45939 0.0 19.50947 30.40627 13.30519 12.24101 31.71275 27.25072 39.94867 0.03446 43.67546 39.21917 32.38845 29.14507 39.30184 12.36889 32.28959 13.63074 20.23381 21.60862 22.1354 22.37819 22.53706 15.66754 38.12154 12.72302 30.38641 22.60392 42.06405 25.13707 43.61296 20.28802 23.45354 22.22144 43.73564 21.25683 0.0 41.52175 0.0 12.64926 
1000.0 33.54511 19.27132 40.05279 0.0 13.5223 13.05825 21.85179 15.26763 29.8036 16.9071 20.46033 0.0 24.73347 26.09218 13.70948 33.88227 29.62077 32.66362 41.57282 0.03967 29.4712 32.22337 25.74453 37.3309 38.09901 14.10331 13.90818 24.39513 26.77037 33.51733 16.74557 16.7149 19.31197 32.41848 21.19952 9.93963 41.72317 17.72609 43.27704 41.79512 11.97173 40.07504 16.46441 12.99415 32.14488 42.99801 0.0 35.12185 0.0 14.65849 
1000.0 40.90357 16.18247 23.07029 0.0 31.89793 11.41477 35.58815 20.53968 13.12163 44.53706 14.91572 0.0 16.34416 44.16875 39.97529 20.93762 14.33975 42.94635 43.95471 0.04515 10.06173 11.60798 17.60944 39.59966 18.22251 45.54778 22.49532 12.038 30.9129 11.51885 26.27555 46.36345 20.01755 22.35009 10.29289 11.17018 12.55981 10.98504 44.49005 28.92042 46.54439 45.99263 40.01432 44.94339 9.9692 31.0648 0.0 26.74596 0.0 13.27337 
1000.0 0.0 0.0 0.0 35.37632 0.0 0.0 0.0 0.0 0.0 0.0 0.0 37.09793 0.0 0.0 0.0 0.0 0.0 0.0 0.0 0.0 0.0 0.0 0.0 0.0 0.0 0.0 0.0 0.0 0.0 0.0 0.0 0.0 0.0 0.0 0.0 0.0 0.0 0.0 0.0 0.0 0.0 0.0 0.0 0.0 0.0 0.0 46.56298 0.0 31.33185 0.0 
1000.0 39.24275 10.39214 42.16982 0.0 11.08657 34.21142 25.05237 37.9841 22.59124 18.53295 11.61115 0.0 29.10619 17.6154 30.27372 37.57167 11.05641 11.53577 39.94257 0.03753 17.91125 33.38862 27.4554 14.77851 41.20729 22.31679 9.95049 22.84877 18.94945 13.46538 37.16331 9.64084 32.84428 11.27059 41.17969 32.10829 24.89076 39.7497 11.64797 45.72652 34.48123 28.14603 10.42905 46.54621 13.92383 25.88989 0.0 32.6143 0.0 22.95127 
1000.0 15.47793 10.24703 10.45059 0.0 10.84157 15.29079 35.52056 34.35801 26.23796 26.89001 19.69389 0.0 43.43152 30.2472 40.69464 25.72678 38.53583 35.30125 23.08728 0.02289 20.62994 14.96318 37.9873 37.88876 30.77927 35.78792 29.98213 15.31329 27.32594 45.57275 37.79886 32.39964 34.31417 28.81037 25.01219 35.10709 20.42924 36.03427 19.06701 12.76551 22.63473 35.15035 23.02701 37.35845 32.49448 29.45787 0.0 35.37602 0.0 39.64969 
1000.0 31.61756 30.16841 41.44521 0.0 25.05034 45.12292 28.78028 22.64927 43.61668 40.37357 45.61191 0.0 46.58625 12.34685 10.90565 35.26518 41.44114 23.77737 19.1057 0.0341 22.26004 31.18169 35.67757 15.48745 40.44467 19.66556 26.93956 28.7439 24.0861 23.8772 40.42255 40.11924 9.47725 9.73524 11.60591 16.39216 42.29709 30.5174 29.21908 43.48733 36.1966 20.36294 17.38842 18.06401 39.37565 41.34396 0.0 39.49313 0.0 30.3432 
1000.0 41.99038 25.54319 42.09222 0.0 27.81759 40.5673 10.11231 32.74501 33.93846 25.31347 32.97786 0.0 30.58813 18.84153 44.71016 33.76347 13.46033 28.67395 37.68003 0.03257 43.19422 35.27884 13.34721 34.06314 17.33421 16.90646 26.20866 10.75634 12.10252 31.23592 38.81559 22.72972 18.91775 45.8001 17.61934 23.25643 10.78862 13.40409 20.47117 46.27326 37.01862 23.92568 13.12177 44.7958 42.66603 41.43322 0.0 14.83595 0.0 40.04412 
1000.0 21.44563 35.75917 24.41055 0.0 28.74747 31.92617 31.86919 32.55521 30.49202 35.10292 18.75819 0.0 40.07772 32.28453 16.96627 16.7717 23.56574 18.11455 21.50504 0.01953 38.99989 33.95817 27.10733 33.02797 45.89209 34.83733 13.35717 24.42477 34.08988 27.47791 28.78089 30.41603 21.89221 37.08108 12.25816 31.33731 36.35008 18.79443 23.30831 40.53462 23.55816 30.15045 12.09844 33.05287 36.15634 17.62105 0.0 44.12571 0.0 43.4878 
1000.0 30.18396 11.8536 43.25509 0.0 45.68415 43.42237 23.64252 46.30505 30.99679 13.58554 12.99597 0.0 39.80234 34.86732 19.46814 41.97634 21.98426 45.67531 37.22016 0.04567 44.5654 46.19718 17.5876 46.35025 33.15386 11.81258 31.21928 29.89092 34.52053 21.99205 21.25848 20.2299 21.44266 45.82729 19.19596 37.57711 22.33479 39.04243 40.14441 45.37237 33.81994 41.87592 24.25999 34.02486 37.14642 29.91164 0.0 19.89221 0.0 16.16131 
1000.0 12.48324 19.76439 40.5384 0.0 31.73171 29.73475 16.25365 17.8494 12.07668 39.05941 15.01778 0.0 42.2414 35.90187 27.31852 28.63861 15.03404 27.95377 22.22437 0.01743 25.17273 46.9431 10.77184 11.32833 41.07985 18.17103 14.38118 38.79674 17.34662 26.43423 10.23471 43.76845 42.02672 41.27162 15.59571 34.97381 36.9342 46.65454 15.65062 31.55928 26.00399 18.75414 34.69678 23.77055 24.12855 46.04277 0.0 24.43632 0.0 14.55041 
1000.0 0.0 0.0 0.0 35.06509 0.0 0.0 0.0 0.0 0.0 0.0 0.0 19.41821 0.0 0.0 0.0 0.0 0.0 0.0 0.0 0.0 0.0 0.0 0.0 0.0 0.0 0.0 0.0 0.0 0.0 0.0 0.0 0.0 0.0 0.0 0.0 0.0 0.0 0.0 0.0 0.0 0.0 0.0 0.0 0.0 0.0 0.0 46.87408 0.0 10.55761 0.0 
1000.0 29.95804 26.08769 46.898 0.0 30.21952 41.6352 29.68421 15.00543 25.86766 45.92452 22.42327 0.0 16.80809 9.99815 38.90947 10.42024 23.42382 43.65803 18.32575 0.04519 21.80645 21.17514 22.57142 21.41448 15.56184 13.90264 17.50309 9.67986 32.91464 23.42739 36.9057 42.69497 30.0402 14.72215 37.68137 41.11682 39.13743 32.62019 22.95599 31.2505 35.233 44.98696 24.3948 37.32794 34.57552 22.01615 0.0 16.34969 0.0 15.84431 
1000.0 13.2389 28.73969 42.51781 0.0 34.75214 30.52239 18.6957 29.39772 12.30586 42.13116 25.31354 0.0 10.60615 23.1754 45.35549 15.21565 44.97022 33.7097 23.35065 0.03533 25.79804 29.91397 19.7262 35.26079 34.44292 43.98211 38.65457 23.93591 22.75931 21.80518 19.31045 15.91686 28.19423 13.70412 34.6899 44.85216 18.44842 28.43239 22.47977 38.38724 37.70441 20.82294 37.3584 11.07435 25.1747 19.21958 0.0 29.98424 0.0 34.83322 
1000.0 17.18277 13.5171 13.87662 0.0 26.78731 10.16408 32.3728 36.39716 14.1349 36.48704 23.45758 0.0 46.39833 20.79491 9.94504 19.59379 9.42972 10.986 21.46073 0.03946 14.33566 11.46509 23.46502 21.11739 37.59724 27.59466 32.04098 28.97563 23.14704 30.02141 13.63384 34.93757 45.88417 15.91339 31.55224 32.35041 15.60136 29.02729 26.19673 30.58501 39.66331 26.37184 32.16136 26.97295 44.70214 12.38625 0.0 31.81352 0.0 22.62754 
1000.0 35.20177 28.61395 9.56229 0.0 16.40543 36.16763 27.93404 28.69338 15.04059 34.74098 31.02102 0.0 11.03409 46.15343 18.79933 19.94501 30.39775 20.20096 34.40833 0.01749 43.09735 31.30924 24.79031 43.29201 34.17447 25.0518 15.32161 25.40177 41.32652 27.4788 25.2062 11.41909 25.3406 10.70222 39.34121 45.78688 26.29042 22.71313 34.6141 23.60685 46.0003 32.34874 35.36386 28.68905 13.01426 21.66328 0.0 16.00106 0.0 30.97733 
1000.0 19.46991 17.2166 16.30412 0.0 17.19346 32.59813 42.93078 20.01476 25.05015 36.40219 39.85328 0.0 17.33686 47.06376 27.84772 18.71219 23.97555 42.03429 37.08089 0.04333 39.42687 35.33641 10.46315 19.79799 19.84499 12.83734 26.6407 34.1797 23.81373 37.60893 27.68465 9.73685 31.11107 26.05955 22.55872 41.00277 33.24361 13.02873 21.43862 37.03258 26.45994 11.44603 27.46516 39.70754 15.70234 17.95455 0.0 14.80638 0.0 19.46581 
1000.0 11.6151 14.34058 38.1737 0.0 13.72752 21.99357 18.34458 39.09727 16.40146 16.49031 21.38569 0.0 18.28391 36.88206 37.27575 16.70109 30.73822 24.27397 27.4094 0.01801 9.98564 30.21996 25.56555 35.39734 44.82271 42.28276 36.32083 29.44478 16.36461 35.04578 40.23075 17.76952 41.84391 34.04826 37.15717 23.71146 10.21814 34.44518 40.10828 42.87935 32.54944 45.15646 31.12848 27.29179 43.4319 41.17262 0.0 28.47896 0.0 41.30275 
1000.0 26.03437 30.67695 33.51672 0.0 18.38686 27.12386 31.6543 24.33571 22.31242 39.41639 25.95891 0.0 22.93977 40.88789 21.7532 18.69539 22.97283 21.16628 22.8516 0.0228 46.69107 45.73974 35.56427 24.10007 24.19893 37.21939 46.84658 43.90479 15.65188 36.22322 10.7899 22.12573 44.779 11.72776 21.3278 39.19851 20.85667 26.94353 11.69965 10.3644 10.16189 17.8233 44.94501 45.35917 40.39068 19.72443 0.0 35.5672 0.0 16.77156 
1000.0 0.16123 0.10887 0.17797 0.0 0.125 0.10211 0.04862 0.08501 0.07808 0.0747 0.04842 0.0 0.09713 0.10903 0.11369 0.18324 0.11394 0.11786 0.06165 16.96614 0.16402 0.193 0.05012 0.05039 0.05669 0.16596 0.04819 0.08189 0.15336 0.16703 0.16336 0.10734 0.11577 0.04677 0.1 0.08435 0.05796 0.09471 0.09849 0.04888 0.11716 0.10388 0.05733 0.10261 0.05453 0.15206 0.0 0.18711 0.0 0.15371 
1000.0 43.80716 9.5441 26.47501 0.0 10.07845 27.81888 29.24206 42.34038 33.95286 24.0025 43.961 0.0 16.09896 24.4775 19.54814 10.78574 34.9065 46.69276 12.75696 0.03755 33.73846 36.90854 18.16759 15.00095 24.37852 24.92294 37.18623 17.55225 27.94268 32.72022 25.6337 38.16077 31.13028 12.89056 35.76508 31.96874 45.91182 34.12541 11.10959 13.09502 10.70415 33.07228 43.06071 16.62977 22.13263 15.70886 0.0 29.09571 0.0 38.17769 
1000.0 36.12155 10.86805 10.15658 0.0 29.67336 14.56996 23.61514 34.27317 14.79385 36.91971 17.22659 0.0 39.15088 21.43808 9.5394 35.50347 44.66486 44.9271 20.92796 0.02381 28.06431 33.7885 18.58153 17.21923 37.57655 12.45014 40.06999 32.68531 46.76034 40.03407 38.97289 14.3395 23.09929 10.52724 20.73517 35.88505 22.67896 10.15863 26.83715 37.74096 39.53627 10.30059 16.42229 25.16963 10.823 20.79885 0.0 39.6208 0.0 40.6511 
1000.0 32.69793 35.57091 46.27332 0.0 37.82164 45.14584 39.45182 42.28713 40.72398 26.7912 10.49559 0.0 45.32153 13.15377 11.32867 44.69121 41.44661 20.33011 45.24685 0.04374 22.04109 22.24659 27.12226 38.99077 32.67659 37.29228 45.65733 12.68871 25.34536 28.96071 33.7887 33.99208 42.03147 15.91005 38.20826 32.27436 23.01034 19.85404 15.27084 17.81883 26.84727 16.02623 16.8619 19.45638 38.04685 31.9256 0.0 25.12216 0.0 35.36695 
1000.0 26.22395 18.07916 40.23253 0.0 34.64447 44.05971 17.48172 40.94355 25.00245 30.9001 41.56888 0.0 27.27551 37.37732 9.67875 10.5072 43.8063 15.3474 25.07748 0.0263 35.06677 41.08815 27.83187 38.67324 39.00854 46.39585 24.17164 45.79757 36.06075 39.00668 38.90216 45.80622 46.75637 12.63824 35.52726 36.27737 31.09685 13.21964 16.56864 46.98997 30.20427 36.93442 44.02845 9.56331 33.37407 14.54984 0.0 29.35229 0.0 19.86838 
1000.0 42.30997 44.75625 37.52215 0.0 15.24247 15.60082 31.99717 35.87086 24.45108 44.67469 28.97947 0.0 22.32154 35.74725 22.29028 45.32126 10.70025 14.83346 21.39102 0.03485 41.7595 19.6346 18.72122 13.92029 23.82632 11.73416 38.83254 19.40964 16.85152 41.83554 38.08032 15.97012 12.15887 26.70279 32.57893 23.34487 24.00495 29.71784 17.6746 10.44143 36.82022 33.55929 18.45957 29.13316 19.11114 34.31227 0.0 31.42046 0.0 38.87722 
1000.0 26.39355 38.78357 15.51711 0.0 21.94674 35.54331 16.36105 32.11338 43.45405 23.02286 37.22831 0.0 13.64069 19.992 41.78615 46.22906 33.62768 12.26615 18.61084 0.01017 35.68217 29.91788 22.05038 44.38866 18.64464 35.53997 25.86279 25.39407 38.81327 40.81782 12.57922 16.05605 36.20395 40.1798 34.86898 11.97543 23.45174 32.30613 25.55263 21.31272 15.93807 22.51015 18.38579 17.80064 34.21647 16.31747 0.0 41.49855 0.0 40.36187 
1000.0 46.95178 18.01531 35.31062 0.0 15.88559 44.12633 35.23755 17.38867 17.6766 19.55183 29.31822 0.0 18.00605 35.06061 14.36799 41.96042 20.13254 14.42728 13.54825 0.03127 16.49226 22.56052 44.77907 46.18062 22.24284 20.74051 27.07794 19.04419 21.94906 17.54424 41.59766 34.842 34.36084 17.39148 25.10499 43.8426 44.17849 26.66565 23.11045 33.97312 23.93574 34.96817 15.36406 43.38384 42.19765 43.64907 0.0 23.16102 0.0 13.58463 
1000.0 37.21367 31.83104 37.44388 0.0 44.23949 34.43004 36.26677 35.8883 35.18069 16.47872 15.60417 0.0 29.60248 37.15348 30.91254 46.59461 14.54213 11.70999 29.48458 0.02664 43.93967 33.50146 30.80612 44.3494 22.59435 21.69417 37.85255 30.49465 43.58814 31.40184 32.62314 36.12313 35.42828 32.99794 13.60005 46.45292 16.36579 37.76507 37.16605 46.43746 36.1771 20.43215 19.16329 44.7629 37.11164 45.27689 0.0 46.62778 0.0 11.05529 
1000.0 36.79567 31.4256 16.42931 0.0 10.11033 16.13884 9.74126 18.3882 18.00239 21.26438 24.31786 0.0 15.12092 31.32257 19.52975 10.68018 20.12909 32.03845 17.69766 0.02126 45.68997 35.11452 37.39661 21.6375 16.42856 14.64727 32.28747 37.81484 22.67354 16.63798 36.23229 27.93297 41.65301 25.65543 21.66753 45.81298 25.99162 37.64931 46.84156 25.92171 28.39697 24.01277 38.60589 29.31066 27.46822 43.3031 0.0 38.50018 0.0 27.86037 
1000.0 12.34438 11.90902 22.84355 0.0 32.29546 26.52615 16.69144 40.50613 12.63213 18.17197 42.99822 0.0 10.0944 12.51763 38.31014 27.66441 21.93408 29.59605 11.63188 0.01656 10.4521 13.58156 14.76042 46.94779 20.80046 24.34918 24.97123 11.06601 29.66373 10.56488 30.08709 23.99152 32.79532 20.64459 18.83626 18.17949 22.50627 40.7251 45.52534 23.42736 25.36193 33.77758 25.07543 29.88243 13.15996 32.89332 0.0 33.98867 0.0 22.64217 
1000.0 12.2033 16.15144 40.50683 0.0 31.17398 36.29243 41.59403 10.91075 12.74479 24.85901 44.90341 0.0 10.74157 17.19646 26.85627 36.5723 30.78842 19.14183 28.48134 0.03255 39.73012 17.08614 16.88708 34.3672 46.84661 34.26906 22.12552 29.76504 28.47231 14.24186 10.64238 24.57094 31.91323 26.71412 10.51226 42.50067 20.42647 44.68345 46.65786 24.47145 38.61073 12.52758 28.94026 14.86295 35.08965 35.23541 0.0 34.06018 0.0 42.88291 
1000.0 22.39317 45.92449 17.24104 0.0 12.70885 41.95508 11.67847 14.03479 46.25878 35.44408 18.22175 0.0 14.84111 41.42293 24.87598 43.53488 21.68541 34.46025 23.76801 0.04487 27.45914 33.39403 13.46184 23.79452 41.73596 20.12351 34.55545 43.29167 14.5826 26.3365 18.12448 46.14034 42.98573 29.35604 11.37255 29.19175 26.23822 17.77 23.00949 26.90775 31.08621 15.19982 38.68761 31.04724 21.31928 46.25387 0.0 35.36607 0.0 32.04219 
1000.0 46.95508 24.59046 27.68956 0.0 30.83849 30.42231 14.56524 45.88814 18.52664 25.9263 10.56872 0.0 40.14407 9.6757 15.16095 11.40169 46.99273 10.64853 28.04516 0.04437 32.71231 32.6157 41.89239 33.735 46.57726 38.17892 17.45334 10.98839 43.59781 10.12146 26.61883 14.81111 22.59211 26.25538 37.65927 29.39963 36.83025 13.53377 21.04779 30.40636 18.31089 42.81587 18.01881 40.31606 27.85717 14.41566 0.0 12.26393 0.0 14.54339 
1000.0 11.53499 12.21374 39.51545 0.0 27.03174 42.6265 33.15394 30.24459 45.61764 35.0171 20.49066 0.0 34.94488 13.93621 34.0563 15.26175 30.01501 22.13931 28.50102 0.04535 26.50518 30.24669 37.8165 44.72265 19.87495 12.8931 11.45063 10.38035 40.39431 28.1428 36.5152 15.96194 29.8917 9.66999 14.72847 27.84907 42.69207 44.81733 17.32129 22.53961 13.55301 39.96613 17.00115 11.86289 33.8699 26.50387 0.0 36.28955 0.0 37.3841 
1000.0 39.09826 23.30494 25.73668 0.0 39.51021 10.95693 13.30242 27.53323 42.77352 14.26543 10.18696 0.0 29.59128 22.48644 34.52083 22.11537 21.59824 43.51104 18.0164 0.03492 39.63753 26.19303 32.98822 29.6603 23.11398 12.16372 37.13432 24.73151 11.97697 20.95107 44.01202 9.65036 10.25211 42.62347 38.69309 27.77309 27.39877 17.44303 28.21339 39.49899 31.47606 28.38969 23.00433 35.42854 42.53355 22.64553 0.0 34.84595 0.0 16.88821 
1000.0 40.63721 39.89828 30.33563 0.0 26.20979 26.34032 35.63479 29.7535 18.52424 43.23214 19.88368 0.0 20.81166 11.1858 40.12626 19.73963 44.05565 38.75231 22.32855 0.02715 15.99204 40.99866 41.63595 15.53294 41.29904 40.0446 24.70954 13.86213 31.03545 12.83748 37.37329 23.77693 36.96755 25.2213 44.60904 36.8403 10.9256 28.14494 33.2755 12.49412 24.56071 41.59519 17.64119 26.88536 26.78129 14.34027 0.0 17.86937 0.0 14.97179 
1000.0 37.58711 21.93616 27.72395 0.0 26.3054 11.45525 14.50202 43.93891 34.45152 23.70884 30.65755 0.0 40.88166 38.70463 27.70567 29.5717 15.12147 30.80762 30.08394 0.03365 32.32844 42.43231 17.11642 15.86458 43.18166 29.65408 31.66666 46.39282 32.24019 10.204 31.7421 47.01671 40.17989 11.77644 22.87097 41.70282 30.80973 26.77288 36.55454 41.95665 19.7749 36.97305 35.24349 24.11584 34.92306 37.07879 0.0 39.50337 0.0 41.00849 
1000.0 19.70709 21.21397 46.84821 0.0 32.47091 11.76677 26.04407 21.38857 25.50788 17.90897 31.13923 0.0 22.89638 11.13288 11.82643 39.01088 32.99887 40.09252 26.61603 0.02147 45.58934 23.23738 36.95713 45.016 13.86505 46.16631 33.43274 45.83737 9.61195 47.05128 44.91628 44.71375 25.28832 38.00917 30.02792 47.0141 27.02893 36.23582 35.43972 44.44201 33.59116 36.54199 13.09056 28.68906 34.39837 29.73623 0.0 38.53775 0.0 19.98141 
1000.0 42.83438 28.71114 19.10031 0.0 11.94815 41.6572 17.46737 44.24148 31.75933 40.4099 43.40423 0.0 45.14975 36.89521 41.70021 28.02006 22.00227 30.74865 22.75604 0.01694 30.88988 10.86102 29.28297 44.68747 44.72332 16.51635 26.27625 10.2025 40.87946 29.07486 34.42455 13.92063 13.90911 9.93049 26.90698 45.21267 17.78111 14.61247 11.38647 33.94706 25.78699 12.34271 22.68701 43.95902 35.57639 17.09242 0.0 22.71847 0.0 33.33126 
1000.0 44.65595 24.33576 41.92049 0.0 18.20057 43.13338 22.06358 37.87306 22.85954 22.19046 13.78554 0.0 32.29727 13.41498 39.1022 11.37381 42.35984 44.15476 33.38059 0.02692 45.46689 16.03859 13.55819 43.2077 22.91602 26.98703 34.47017 20.89591 21.23335 46.02771 40.71981 17.06829 33.61965 33.79413 37.14329 41.7873 25.91349 27.94806 16.39623 24.51353 11.1375 40.06914 18.54217 44.95441 30.71035 9.90888 0.0 40.19808 0.0 27.8241 
1000.0 34.1594 22.48326 46.46505 0.0 16.94659 33.28618 38.19429 25.21847 15.56692 43.27566 24.64932 0.0 11.19132 19.51795 42.42149 13.14902 24.2527 39.65215 23.62132 0.02536 11.77755 23.92001 17.7851 32.22156 24.93343 27.7536 22.37084 12.9492 20.14424 20.99448 42.73689 37.00238 17.35687 22.39505 10.7263 10.95848 44.3365 45.58585 11.23239 22.12458 11.00553 26.92002 32.39705 27.72617 9.9169 15.66479 0.0 18.64211 0.0 21.79564 
1000.0 33.55464 17.42797 36.42928 0.0 11.62344 43.40238 30.38433 37.49622 26.08901 38.78422 31.7229 0.0 34.40319 18.6508 32.83344 32.20648 12.2681 35.22812 41.24045 0.02477 10.314 45.05669 28.14767 45.11834 18.84785 19.90176 33.75218 41.79982 28.83193 25.75487 45.22457 13.31653 45.7735 44.48042 14.87953 20.13424 23.64933 37.06271 21.51384 11.99933 20.51828 14.41653 25.75187 10.47502 12.49448 18.70991 0.0 13.19525 0.0 29.78762 
1000.0 22.19879 35.81557 20.76453 0.0 40.11519 32.52319 9.68268 44.1836 26.94501 45.94396 33.40177 0.0 17.23646 25.84835 46.9654 42.82957 43.70643 29.94883 17.7486 0.0384 13.47076 23.15558 34.17758 21.31522 27.65848 40.65015 20.59021 16.41179 17.78583 14.59084 13.51927 34.41139 42.29509 22.0971 19.38153 11.04898 22.90565 13.09374 31.48894 19.70361 29.74464 32.53457 26.48359 29.74986 13.1436 16.80406 0.0 17.30592 0.0 17.00765 
1000.0 26.84448 26.2489 24.52384 0.0 19.43977 18.79197 41.58008 43.27349 24.81085 29.58344 19.67161 0.0 38.05451 38.79245 9.47208 15.75396 21.84489 29.02525 12.28081 0.02027 12.6062 9.44225 31.24706 22.65869 45.45464 45.69192 44.22542 45.97906 39.65049 13.1724 29.3172 23.07947 35.26943 41.261 34.32111 35.99556 43.2974 9.55245 10.43203 25.18258 45.17196 39.47834 31.22379 15.61184 35.92159 28.43279 0.0 20.12414 0.0 13.78663 
1000.0 18.30073 26.25501 14.55018 0.0 27.20986 33.87478 28.75827 25.1421 15.88594 46.51792 29.67177 0.0 44.22052 26.93665 18.0581 19.60404 38.82261 29.70836 25.0018 0.04053 36.38488 17.84233 39.99534 25.93723 36.10806 45.30177 34.17234 21.35143 35.39611 10.84944 18.03852 18.27129 11.74603 30.04408 18.31735 17.74695 41.15986 36.99166 38.7269 37.74284 40.10945 37.69746 33.57603 39.02268 10.78091 21.53269 0.0 15.65356 0.0 27.4096 
1000.0 21.07099 25.71467 20.59542 0.0 18.86749 20.43401 44.11596 15.94914 46.37094 29.68344 42.89277 0.0 23.3947 23.92031 23.33008 46.97133 29.64485 44.16412 44.53912 0.01511 14.04372 36.36826 34.6391 16.73273 30.03227 37.92233 9.67419 33.97585 30.3082 44.68214 19.25322 16.26861 43.08127 40.75263 38.98862 36.15717 43.80246 35.58785 15.41451 12.04941 44.77392 33.25269 34.01892 21.30321 32.79831 38.72956 0.0 17.44647 0.0 27.73622 
1000.0 0.0 0.0 0.0 32.84339 0.0 0.0 0.0 0.0 0.0 0.0 0.0 20.51271 0.0 0.0 0.0 0.0 0.0 0.0 0.0 0.0 0.0 0.0 0.0 0.0 0.0 0.0 0.0 0.0 0.0 0.0 0.0 0.0 0.0 0.0 0.0 0.0 0.0 0.0 0.0 0.0 0.0 0.0 0.0 0.0 0.0 0.0 19.20937 0.0 35.71412 0.0 
1000.0 40.84715 19.12637 29.61057 0.0 25.90012 19.03644 11.79565 14.05573 19.98355 43.86544 21.85043 0.0 20.7343 20.25724 18.55677 30.83951 19.54173 21.13166 17.56158 0.02384 37.46961 16.83721 11.58358 35.5617 42.52069 21.0395 26.06068 31.09639 23.12019 18.78507 12.75807 41.22736 32.22593 43.57589 20.77589 27.2532 34.04896 14.81637 42.92808 37.19962 15.57732 34.28595 32.95322 33.35935 38.88634 33.16957 0.0 23.57136 0.0 11.91077 
1000.0 0.0 0.0 0.0 27.69155 0.0 0.0 0.0 0.0 0.0 0.0 0.0 25.53139 0.0 0.0 0.0 0.0 0.0 0.0 0.0 0.0 0.0 0.0 0.0 0.0 0.0 0.0 0.0 0.0 0.0 0.0 0.0 0.0 0.0 0.0 0.0 0.0 0.0 0.0 0.0 0.0 0.0 0.0 0.0 0.0 0.0 0.0 12.84229 0.0 17.09618 0.0 
1000.0 46.51636 22.38974 38.22961 0.0 27.53967 10.32132 26.37483 46.84327 24.68851 26.69981 30.59063 0.0 16.24877 13.27093 34.84793 45.26307 42.36279 42.41212 25.70066 0.03783 42.71699 17.62902 30.06931 28.09249 42.53344 31.73429 18.3083 39.50792 17.3885 27.75426 32.18496 42.68331 23.28965 40.8717 18.08771 46.59365 24.5099 42.79321 38.32473 34.57193 37.27257 16.48051 32.72795 45.96054 11.24786 33.58586 0.0 46.88299 0.0 40.91268 
