1000.0 1000.0 1000.0 1000.0 1000.0 1000.0 1000.0 1000.0 1000.0 1000.0 1000.0 1000.0 1000.0 1000.0 1000.0 1000.0 1000.0 1000.0 1000.0 1000.0 1000.0 1000.0 1000.0 1000.0 1000.0 1000.0 1000.0 1000.0 1000.0 1000.0 1000.0 1000.0 1000.0 1000.0 1000.0 1000.0 1000.0 1000.0 1000.0 1000.0 1000.0 1000.0 1000.0 1000.0 1000.0 1000.0 1000.0 1000.0 1000.0 1000.0 1000.0 
1000.0 17.32286 19.46785 20.79153 0.0 22.52427 29.42192 36.16981 18.17412 8.83092 10.99487 34.03738 0.0 22.04759 28.05737 28.50445 39.72417 38.10055 14.54989 13.20468 0.02641 21.26459 31.49939 17.28678 11.03571 30.21019 9.69511 36.30714 21.6791 33.57261 12.15949 31.0794 37.26601 8.65342 14.55952 25.78701 34.47975 16.62669 41.07067 11.34068 40.09631 33.18077 28.05249 38.39237 22.08146 21.26009 34.92002 0.0 24.73915 0.0 11.63151 
1000.0 14.16177 37.07447 14.15592 0.0 31.05686 11.07968 39.80912 12.13451 27.18305 41.29841 29.09188 0.0 26.86572 36.40054 9.91283 20.27486 9.3017 32.24233 35.96181 0.02965 14.00638 26.85742 18.70854 17.08201 20.06879 10.40139 17.25561 23.13736 25.24127 18.98439 21.67166 15.62005 11.02674 39.19995 37.53686 15.77257 18.84355 20.1128 26.4328 36.1702 10.69358 16.86487 26.67488 34.54158 21.28049 39.71461 0.0 36.59089 0.0 9.76063 
1000.0 23.09167 26.31104 22.12527 0.0 25.66402 12.22381 11.20691 37.21383 26.8043 20.087 41.09332 0.0 31.02074 24.77768 25.38688 8.44154 13.5564 23.50197 32.26432 0.0438 18.3772 22.46532 39.87533 25.9441 26.43226 40.98716 16.11049 29.1212 32.99865 36.47131 30.91058 16.94019 19.254 39.76872 9.96763 23.71374 40.84897 21.81651 11.22012 35.47251 9.62567 13.39922 13.008 19.76468 21.13055 39.03172 0.0 22.48728 0.0 13.6229 
1000.0 0.0 0.0 0.0 41.16257 0.0 0.0 0.0 0.0 0.0 0.0 0.0 13.14828 0.0 0.0 0.0 0.0 0.0 0.0 0.0 0.0 0.0 0.0 0.0 0.0 0.0 0.0 0.0 0.0 0.0 0.0 0.0 0.0 0.0 0.0 0.0 0.0 0.0 0.0 0.0 0.0 0.0 0.0 0.0 0.0 0.0 0.0 22.39431 0.0 37.04798 0.0 
1000.0 39.32647 24.15161 11.69025 0.0 17.39201 13.72789 15.04066 37.88596 33.34137 39.02459 34.9073 0.0 25.56179 26.36065 14.02347 27.43498 15.4984 24.53583 22.15889 0.01238 39.42556 40.04549 34.81816 20.04015 34.37776 36.73066 9.7889 39.20735 19.06828 21.09131 28.08058 36.14921 15.06358 40.09778 15.09809 21.58823 23.12761 19.12674 11.20644 19.33226 30.6167 34.36927 21.45251 28.14053 32.1675 14.53903 0.0 18.0753 0.0 18.86706 
1000.0 24.33874 37.0462 20.76047 0.0 23.97147 29.38597 18.4228 20.33918 9.84017 14.94039 36.67813 0.0 41.2874 33.86984 8.97414 12.64588 33.30258 17.66499 40.05886 0.03484 12.42628 10.12582 16.15559 28.58297 10.00605 19.53593 21.11083 16.83061 15.4506 17.83456 16.56852 32.14652 15.59353 9.3535 12.05449 21.66409 32.57339 29.04088 19.3227 28.35768 40.47223 9.88901 14.34094 31.84144 15.25562 13.40636 0.0 17.7398 0.0 27.01398 
1000.0 27.78145 17.98848 19.88538 0.0 26.80839 41.09368 9.93987 34.93671 20.78542 33.08891 29.8083 0.0 18.50048 33.16707 19.79944 41.15795 18.57872 33.18283 24.39765 0.02071 41.43504 21.40794 36.74923 30.89492 9.30958 32.81624 11.74054 21.299 27.00961 15.51798 15.56638 11.86578 17.54307 27.85965 35.81782 13.76027 34.10183 21.99259 29.52336 28.25084 18.96809 9.90368 19.71302 22.05545 35.45727 19.24206 0.0 25.84968 0.0 15.9295 
1000.0 23.96246 36.77391 16.51859 0.0 28.54292 29.97507 20.20214 37.09598 32.86037 36.00426 34.61897 0.0 27.96924 29.66809 33.49694 34.34808 26.72652 17.16253 28.89404 0.02229 24.60507 24.87433 25.43441 37.71368 15.66828 26.05952 14.05621 11.85538 36.60872 32.46551 12.08992 25.11988 38.96655 23.63151 30.24822 24.94748 9.23397 26.78783 19.33243 35.46674 37.09205 13.91183 11.77659 23.94433 11.94102 9.81165 0.0 38.1499 0.0 19.21346 
1000.0 16.40637 9.93102 35.20717 0.0 41.35899 16.78468 15.20266 24.84963 33.41024 20.05826 18.59688 0.0 26.08351 17.43945 39.08891 21.15573 28.5065 9.6581 29.69446 0.02568 40.73988 12.43073 41.62428 11.32037 25.12915 17.5269 8.81346 28.31017 19.49312 13.37983 8.81829 34.47425 11.75668 34.35868 11.08107 37.13913 28.10083 19.68677 24.64567 15.25985 25.22785 37.04534 39.4979 33.70764 19.74249 17.45298 0.0 33.12567 0.0 21.89636 
1000.0 39.21002 13.79531 18.03412 0.0 36.81935 30.9946 17.5143 11.59656 20.31658 24.06912 9.09161 0.0 37.90846 14.01237 10.52597 20.6985 35.34314 16.28667 20.30201 0.01794 15.94143 35.25343 16.8949 22.31533 20.0475 17.10538 18.44232 18.99439 38.91513 11.30447 14.41699 11.64524 20.01077 11.91761 36.54817 10.06189 37.27558 19.9457 13.1366 39.78473 20.7288 34.3359 32.39297 40.43869 21.86737 39.2278 0.0 14.12843 0.0 40.64516 
1000.0 33.92594 32.12732 31.98501 0.0 11.96667 10.14262 25.90562 22.72003 39.87978 34.5337 16.41882 0.0 15.97179 35.46287 10.40719 40.2917 37.94552 36.81854 35.06914 0.02793 25.33759 25.48451 33.23102 14.50438 20.79329 39.61471 10.39076 30.21602 35.66405 36.84978 23.63096 31.79595 29.72091 23.49284 9.1513 28.95704 21.97133 28.59582 9.11206 37.40353 37.24131 22.69493 18.86561 25.11543 30.44412 37.65762 0.0 31.02633 0.0 40.27908 
1000.0 0.0 0.0 0.0 27.7216 0.0 0.0 0.0 0.0 0.0 0.0 0.0 36.14759 0.0 0.0 0.0 0.0 0.0 0.0 0.0 0.0 0.0 0.0 0.0 0.0 0.0 0.0 0.0 0.0 0.0 0.0 0.0 0.0 0.0 0.0 0.0 0.0 0.0 0.0 0.0 0.0 0.0 0.0 0.0 0.0 0.0 0.0 11.74631 0.0 30.98582 0.0 
1000.0 39.6351 32.99697 38.63627 0.0 25.56214 40.53199 28.08061 30.0621 19.25243 21.11451 39.41123 0.0 21.6471 36.00349 20.38742 17.78129 40.30243 35.29297 29.3385 0.03897 13.68849 25.36269 38.85348 10.02343 39.46612 41.43362 15.69703 36.67941 37.16461 34.43918 14.2377 8.4496 29.31352 17.43036 36.1695 10.02286 15.9294 21.4373 14.98539 34.46987 14.38161 38.45413 16.68461 16.25469 28.69797 40.92466 0.0 14.61179 0.0 32.80751 
1000.0 26.61228 21.5584 17.34306 0.0 23.51491 14.95146 30.80504 39.90673 9.47 30.40263 19.7869 0.0 40.98516 23.21119 24.16805 8.5246 37.95664 29.0069 13.10693 0.01011 12.40709 27.29659 16.62992 39.39945 32.50187 41.16078 13.89727 34.99087 15.06797 37.8215 32.37035 33.79835 25.08649 35.1595 37.59332 16.49849 22.8694 11.14728 32.71284 21.55178 8.8315 10.4343 20.7239 21.77725 26.92945 39.50989 0.0 24.16284 0.0 26.56661 
1000.0 33.01568 36.36607 35.14562 0.0 22.00725 16.90209 33.48616 38.58299 28.7418 25.67369 15.48647 0.0 30.83175 15.24948 14.0208 28.6285 16.99625 22.2741 21.92751 0.02416 39.81627 15.30831 25.33303 25.12594 41.05702 19.4679 38.90443 32.67327 19.98486 39.98112 31.85075 27.26033 17.50401 30.17252 25.78169 38.91119 38.72267 9.73104 21.15621 29.48239 41.3057 34.06973 24.62212 32.9945 40.60272 24.51506 0.0 19.11656 0.0 40.04 
1000.0 41.11548 10.39087 33.4254 0.0 39.96079 36.49476 18.9673 32.90679 10.86976 40.85492 11.46096 0.0 11.56935 30.46205 16.24292 12.89498 27.65308 9.88354 14.91188 0.03194 26.58254 27.69467 31.68247 25.20905 16.55524 14.28051 9.3744 30.15678 22.35497 23.57423 28.82709 31.48141 13.17852 28.48105 9.65307 36.90999 23.42091 19.44807 16.34116 22.95465 21.5323 32.29321 36.5821 10.13562 33.357 24.30814 0.0 33.78613 0.0 37.51717 
1000.0 17.15883 24.40953 12.64345 0.0 9.96736 31.26626 20.47559 36.35824 20.88935 19.62978 25.01443 0.0 15.44331 38.17684 31.33564 41.60482 27.11317 30.30772 16.60556 0.04452 8.83035 27.87683 26.25995 40.86022 24.30556 16.79056 23.08903 39.99016 40.69498 25.48097 11.15402 22.57706 37.65124 32.61767 12.2007 10.00311 13.52552 22.90035 38.26292 21.84062 11.71097 13.01231 32.011 24.75571 34.11643 13.66915 0.0 26.64944 0.0 41.24641 
1000.0 21.57679 38.78346 39.79182 0.0 19.23004 24.11574 31.64858 11.27988 31.95098 28.48606 37.57174 0.0 31.33334 19.03404 19.94324 32.47832 30.95898 36.18857 32.87156 0.03932 33.60069 22.02668 15.28975 32.88278 21.49782 13.22532 33.92947 27.10533 31.04424 21.58543 19.66309 11.52328 9.69813 21.8821 22.22479 39.15905 31.29952 24.41002 10.3721 16.88831 9.6794 32.62728 28.64445 18.77236 25.61156 22.82354 0.0 36.16938 0.0 33.38085 
1000.0 11.77166 36.08608 36.2761 0.0 19.15244 26.4421 10.84985 8.97587 10.32899 25.15168 15.36807 0.0 31.74033 29.7927 22.90414 15.61926 41.60678 12.81716 30.13542 0.02234 31.01416 10.12488 37.63351 27.1272 29.7044 32.20941 39.75954 22.46319 29.04416 20.34813 10.12892 24.59189 27.4003 30.24794 22.8746 27.19202 20.25796 21.81693 30.04463 25.50784 9.72106 21.71901 19.76354 31.11227 9.67303 24.34183 0.0 25.18251 0.0 35.02935 
1000.0 0.0783 0.05062 0.08237 0.0 0.038 0.05162 0.15266 0.09046 0.18113 0.05133 0.13358 0.0 0.09566 0.04469 0.05994 0.15009 0.04269 0.10914 0.13557 28.24131 0.04094 0.04997 0.1238 0.15459 0.10474 0.06124 0.08456 0.0512 0.09248 0.12192 0.0724 0.0381 0.10617 0.16673 0.15124 0.05222 0.07163 0.03827 0.12616 0.11353 0.10689 0.17342 0.08154 0.04173 0.06531 0.056 0.0 0.04309 0.0 0.05974 
1000.0 16.40638 10.69569 22.11812 0.0 34.55898 24.3602 38.83821 19.99466 33.69968 8.43451 37.48666 0.0 28.91921 32.25434 26.71147 35.37467 30.51982 25.88343 26.69903 0.02001 24.881 18.23554 20.06039 10.80474 32.05984 17.81103 19.53814 10.58798 23.88045 27.85838 10.5973 27.3047 41.65778 17.65384 13.96432 31.77998 25.244 31.96312 8.7621 28.73871 21.78248 35.11184 35.41842 36.84076 28.6753 9.16766 0.0 33.81724 0.0 28.24231 
1000.0 33.28146 27.81202 13.09778 0.0 40.24094 18.78536 40.0058 24.66368 32.58693 27.68561 27.69029 0.0 25.10367 28.63986 17.01125 20.70971 33.00492 9.52615 32.71379 0.02199 32.01374 28.33996 31.89261 13.16141 34.95157 23.85133 20.48611 37.48845 9.0288 32.9603 25.06012 31.22887 11.0405 26.17898 40.43045 41.62518 41.12389 24.59858 14.99867 20.78843 33.6148 30.27346 24.35283 24.89139 31.53356 11.33251 0.0 30.7578 0.0 18.25485 
1000.0 13.46724 15.84899 37.54819 0.0 10.85234 8.57314 12.58557 35.91845 30.77983 31.91236 22.43104 0.0 37.82414 12.61827 28.67265 39.20514 31.99791 19.30834 13.45284 0.03451 36.29548 27.78904 37.64311 11.88285 14.81347 28.12018 17.55525 20.63323 22.76059 15.90453 16.19843 36.8688 22.45748 14.09942 19.2733 15.20677 35.04001 12.91537 39.37914 39.61209 21.18771 12.6895 10.27835 15.92608 29.23221 30.05831 0.0 39.26286 0.0 31.01578 
1000.0 26.04301 16.32882 9.53344 0.0 11.78442 27.3144 11.20128 14.9644 34.89525 29.06869 28.91601 0.0 23.85445 19.96495 16.9059 24.69222 17.44118 34.16876 17.17155 0.00938 38.3245 11.99574 11.18291 17.53835 11.11821 29.76688 13.61402 11.72832 21.96644 35.09103 17.0731 19.77948 40.77708 40.23187 39.8926 25.71209 16.2698 15.60191 23.74071 35.81092 30.03527 34.59814 37.80387 32.14932 18.84942 19.26259 0.0 26.0302 0.0 32.65286 
1000.0 11.59552 40.82455 38.72614 0.0 33.55266 18.59728 36.93163 12.73451 11.17237 25.69029 23.35409 0.0 23.76702 16.09822 27.74082 41.61539 15.74181 11.85217 10.15139 0.00936 10.92133 26.73808 11.82029 14.1992 11.3249 40.95176 18.64821 13.86861 35.16758 34.46259 40.19275 12.58934 29.85412 36.84364 39.31269 27.56162 35.86188 24.96936 32.96923 30.81905 39.26439 13.82072 19.50099 35.47415 14.87007 22.93467 0.0 27.94198 0.0 29.71273 
1000.0 39.85375 14.20398 19.13932 0.0 15.28623 10.91895 25.87296 39.40259 24.84772 33.70398 20.6705 0.0 11.95004 23.38882 16.20942 10.35444 22.33166 9.03658 33.55618 0.0379 34.75048 15.39817 12.81226 14.14051 39.2918 15.92998 31.74713 20.05383 24.41886 19.99749 26.22786 10.52715 13.58519 16.41914 11.34011 38.92387 10.59316 34.47956 40.60649 19.7665 31.8052 37.87001 36.55683 24.0217 16.93957 22.44713 0.0 9.62789 0.0 35.49183 
1000.0 40.03179 24.06403 8.58291 0.0 30.26985 10.64167 28.09072 29.17651 31.37779 8.44894 20.82276 0.0 34.51043 18.33912 23.48603 15.60371 17.28846 30.34932 33.99829 0.04371 15.12608 24.47145 31.66753 9.73127 14.95926 38.1417 15.60747 9.4634 11.33727 9.10592 23.64147 10.10688 39.71692 41.1466 39.94382 21.5292 37.34368 26.32261 38.13166 11.51618 40.92237 40.57813 24.3989 34.01096 8.46583 9.93773 0.0 32.97289 0.0 17.13139 
1000.0 27.1528 35.76369 28.71509 0.0 23.24603 20.38917 13.33653 11.42878 37.72111 32.8881 17.35734 0.0 28.48336 24.02418 27.98025 23.28994 26.83939 21.99014 31.68374 0.01491 25.77857 26.75794 35.6857 32.15559 22.59775 39.60845 21.54384 36.06152 35.93379 25.46048 14.76715 33.1719 29.72355 14.78973 24.00819 27.40506 35.68145 25.55784 20.44274 15.1076 27.78373 27.68303 12.55616 14.6369 31.33926 33.88058 0.0 24.52204 0.0 28.85321 
1000.0 35.68384 34.59101 40.6023 0.0 12.21443 13.72769 36.62226 37.07352 32.90968 33.40663 20.3304 0.0 28.4057 28.76442 17.70969 28.39897 27.57431 9.02071 22.47 0.04182 34.33359 23.49602 27.59345 32.53418 34.39862 22.30945 32.29501 27.99765 10.45318 35.65927 34.09186 8.89563 26.03961 32.37565 11.33808 24.25184 27.20014 34.62127 37.59816 25.10703 29.50486 26.70815 13.42952 41.46303 38.77788 14.40624 0.0 29.31066 0.0 35.39493 
1000.0 17.68264 25.9908 12.64128 0.0 29.75945 16.85764 38.21848 22.95741 16.24251 24.65466 9.88327 0.0 21.84593 10.83468 9.70221 26.15842 17.47406 8.89082 29.76848 0.02629 29.52965 37.80604 31.80796 27.46727 30.48063 20.03431 19.98296 39.64243 10.3408 24.69512 40.58176 32.18306 25.46306 12.71384 31.54837 24.49443 12.82044 32.11733 16.17869 24.69263 33.52863 13.08181 23.85782 21.04888 30.91076 26.0343 0.0 40.20907 0.0 16.01956 
1000.0 18.97375 19.58176 28.81338 0.0 29.85207 10.56337 8.83905 39.36827 39.42756 14.81675 8.4453 0.0 33.16865 30.21925 28.01583 29.98875 9.37808 13.16301 18.56344 0.01696 23.90479 13.62626 18.07314 9.90473 10.44088 39.15049 16.60826 11.83196 18.17389 9.27131 28.70865 35.10356 31.5301 8.50597 29.43168 25.24212 17.89145 32.36961 33.68665 19.82002 35.24231 9.0886 41.53944 26.78817 20.25736 37.73189 0.0 36.02852 0.0 20.17188 
1000.0 17.98647 33.98705 17.48652 0.0 21.31099 16.6103 18.94275 31.97243 20.22194 34.58233 18.1202 0.0 32.24746 9.45809 11.24717 8.62985 40.71985 39.83043 11.04525 0.03241 15.82746 29.28968 32.08233 25.22422 37.50439 19.67353 22.00471 12.45156 22.2434 40.08189 31.44954 14.24328 39.68126 14.65841 25.92761 27.21518 40.76063 21.86593 12.93176 13.00502 36.35026 33.9142 26.6948 37.83621 30.61268 21.50041 0.0 18.85289 0.0 39.98459 
1000.0 41.534 24.04575 33.99487 0.0 34.41256 13.98619 15.84656 16.20965 35.37904 22.50169 17.84407 0.0 11.2809 35.62636 40.32338 28.21493 14.96221 15.15405 10.07415 0.02606 18.14701 37.85898 20.33658 31.53932 11.16421 39.35828 15.77173 19.95163 23.65408 19.65379 8.60375 10.10022 23.56361 33.91015 16.67869 25.59564 33.44388 21.44444 26.40476 9.09785 39.86447 24.96804 38.74699 38.2804 14.57762 12.43152 0.0 41.65319 0.0 23.62357 
1000.0 12.77211 24.93379 35.53123 0.0 19.58289 14.06046 40.66758 29.35919 21.43997 28.70052 26.28216 0.0 39.94118 11.21887 41.48684 37.78049 33.01727 36.35058 14.14787 0.04384 39.825 33.77421 36.17053 9.2692 39.09908 15.46816 14.65305 33.26034 30.9819 19.55225 8.86956 35.55377 25.49825 35.81436 41.11224 12.7422 15.55271 19.05518 16.85788 23.37688 10.53968 13.60014 38.56122 35.22697 40.48517 40.98812 0.0 41.23376 0.0 15.72739 
1000.0 32.90837 29.28739 29.8004 0.0 10.58081 26.25029 10.01755 28.96221 20.2157 20.56398 32.0574 0.0 14.21436 27.89998 20.99298 23.38896 10.91944 25.43256 38.46063 0.03967 39.30291 38.09185 10.15044 27.41257 38.8789 19.16692 23.17774 18.26758 27.3147 17.97431 8.85445 33.53533 12.25931 8.72632 26.60369 34.41882 30.42212 11.1277 33.24297 24.6927 31.08508 40.30469 9.34518 31.81386 17.18402 23.34489 0.0 34.97825 0.0 25.92117 
1000.0 21.54035 12.70962 8.75313 0.0 15.58301 26.59801 37.10574 27.61024 31.51882 16.90865 15.0133 0.0 12.86479 12.33798 31.13195 37.88039 37.06486 20.06507 38.37902 0.04269 20.52707 23.44975 25.76741 35.687 37.80181 32.8868 16.44005 13.69344 9.12503 17.36056 32.61988 28.09874 9.301 25.72959 41.39338 9.27936 35.95299 11.84337 20.56302 35.85101 18.10368 32.65942 27.03341 19.42766 24.03878 39.56129 0.0 14.58253 0.0 30.83395 
1000.0 20.05105 30.01893 24.81016 0.0 32.10509 32.72369 15.93729 18.30968 30.15406 40.39591 26.6569 0.0 18.27095 19.0995 31.74864 17.34738 28.23432 38.20651 31.5694 0.03719 14.80079 26.10121 33.43911 15.56042 11.04703 38.85388 40.42849 10.43786 32.18472 36.01728 10.12803 33.5122 34.29383 28.26711 41.01702 40.65385 35.62928 10.75185 11.32881 40.78044 32.59913 9.2024 31.39831 14.36512 20.9325 40.95554 0.0 36.14921 0.0 13.39237 
1000.0 28.11011 22.18902 39.86036 0.0 31.58652 28.55878 19.03062 13.87602 27.13434 14.77543 36.41135 0.0 36.63835 40.53904 31.46545 37.39253 27.19431 26.94409 18.4585 0.04392 24.33465 31.06994 18.17704 9.68262 32.08891 11.89616 36.43803 33.13055 38.14915 39.49899 32.97717 30.68559 33.42268 28.82093 34.53512 9.71971 8.33449 23.18707 16.49278 19.51252 29.61105 29.08738 9.96017 36.30643 16.24422 17.94208 0.0 37.17528 0.0 17.47568 
1000.0 14.629 35.20203 14.66722 0.0 12.78616 18.2221 25.03013 16.62922 37.81793 8.88289 23.08946 0.0 36.33782 38.03089 21.55687 27.05496 17.67737 24.4276 36.55435 0.02917 41.05576 12.24442 14.01062 14.67573 24.67086 38.81152 37.39278 31.17017 15.67859 34.06729 18.26739 18.4503 30.2794 12.15901 25.63895 31.55999 21.81837 27.01088 35.90429 37.76456 38.88882 31.09167 10.60783 30.04498 9.9194 31.51479 0.0 31.34467 0.0 36.6389 
1000.0 9.69226 11.1612 39.67375 0.0 19.29384 30.32351 20.01324 36.3369 17.44318 34.68016 41.58342 0.0 13.5748 25.14728 24.62904 27.65295 9.40826 37.2621 34.74801 0.04136 36.7607 9.20026 38.80407 12.63082 11.0239 25.78917 34.59197 15.8627 13.39559 33.4634 12.77528 17.82943 22.91938 22.73095 14.17191 15.10022 29.80136 16.40147 27.61168 36.77122 18.88504 34.6261 31.86343 29.08253 20.54324 18.11857 0.0 27.77292 0.0 25.26476 
1000.0 24.8202 19.66438 28.12505 0.0 21.94224 15.83037 27.91122 9.53573 15.50843 28.74211 21.74368 0.0 31.3122 23.75133 11.88469 35.39164 19.31985 19.93615 14.77691 0.04454 26.05095 29.62397 32.83135 22.23597 36.83533 9.76339 24.82746 11.20996 15.41569 33.5812 10.53686 38.82122 33.77018 21.87044 29.37316 12.92862 19.5275 28.53377 27.87203 14.38651 39.752 9.16712 26.16948 32.39513 34.63702 23.76558 0.0 38.37193 0.0 12.62935 
1000.0 22.59785 12.38164 32.85733 0.0 31.81761 36.66226 40.92771 25.45854 9.88001 32.64352 37.30578 0.0 23.1196 9.57581 22.76472 26.87551 34.78773 40.79023 27.35601 0.02534 15.77286 30.77991 15.59384 22.76584 33.99218 22.07885 25.79274 34.67321 40.18538 9.84021 16.70353 28.2282 39.4984 32.60743 10.77813 8.8162 33.81765 19.9982 23.17895 13.2253 32.067 41.1967 28.26145 24.88402 29.13264 12.01457 0.0 35.15541 0.0 12.19956 
1000.0 33.78145 14.7825 35.9653 0.0 24.34315 18.09899 23.48771 34.24289 11.86377 40.68046 12.18995 0.0 26.81795 31.6029 30.25621 26.97514 40.0132 37.10855 24.47713 0.02707 36.10341 8.7056 37.93663 12.25208 31.59694 30.28487 33.59591 31.22822 12.8909 19.86432 20.1034 41.56593 19.47207 31.04359 24.07327 25.83737 32.50587 36.56593 16.29898 12.50749 19.28297 17.25558 19.57403 15.3104 13.49879 34.66952 0.0 10.47983 0.0 39.06928 
1000.0 29.34514 39.80178 33.23881 0.0 11.41365 19.21966 13.76137 21.84604 38.79561 30.68908 27.33109 0.0 36.87911 10.19635 27.13364 11.00029 22.60076 9.68276 18.29063 0.02308 27.52821 32.1632 18.40803 38.18683 39.32296 24.8221 22.5033 23.61384 39.99582 36.17854 25.4813 9.0995 37.35594 17.53028 38.33749 11.35268 9.63034 15.56486 25.06821 12.98219 27.77283 34.49382 9.02699 21.40102 22.6277 41.48737 0.0 16.36855 0.0 26.37848 
1000.0 10.39589 13.87867 27.29496 0.0 28.32644 20.52997 38.12136 8.77387 40.59973 17.89224 11.56965 0.0 37.85615 23.78765 27.15904 11.28133 38.33469 28.32365 10.70168 0.01828 9.57576 29.10539 9.42273 40.84367 17.10587 31.06254 28.76541 16.72495 35.24152 41.44027 14.24931 24.38536 20.69131 10.45029 15.30669 39.17147 20.30514 14.68139 39.48972 35.50935 27.05114 33.6976 36.63441 15.42075 34.04718 30.12761 0.0 12.40764 0.0 17.12562 
1000.0 34.01816 22.04039 13.26153 0.0 29.17702 37.80384 38.94088 25.9296 16.80217 29.36362 33.90809 0.0 27.2198 27.02347 22.98993 31.64859 33.76639 16.27696 30.83893 0.04527 27.83301 31.41165 15.77488 19.71662 36.13703 21.9182 25.84466 38.64873 34.68386 10.47741 14.65988 24.15517 21.1726 11.69618 26.81241 16.057 30.69195 24.57392 30.86971 10.85123 34.03529 14.95121 38.59762 34.71222 35.52305 21.76208 0.0 20.46117 0.0 33.16539 
1000.0 0.0 0.0 0.0 25.74109 0.0 0.0 0.0 0.0 0.0 0.0 0.0 11.95218 0.0 0.0 0.0 0.0 0.0 0.0 0.0 0.0 0.0 0.0 0.0 0.0 0.0 0.0 0.0 0.0 0.0 0.0 0.0 0.0 0.0 0.0 0.0 0.0 0.0 0.0 0.0 0.0 0.0 0.0 0.0 0.0 0.0 0.0 18.48774 0.0 18.68755 0.0 
1000.0 34.33633 19.61701 41.40889 0.0 31.92587 14.82737 26.89045 38.69086 16.96062 29.9407 13.32613 0.0 16.22948 22.29033 14.7965 40.34836 9.07857 10.27199 11.8479 0.02399 25.9772 29.46897 31.39766 32.83866 13.57323 37.02233 13.1336 34.30901 16.67545 23.19923 10.61182 13.39994 13.11775 39.39061 20.95193 15.5984 34.54378 16.82988 15.3776 37.15161 14.1417 29.00603 40.24454 21.15915 33.08561 13.79055 0.0 23.47647 0.0 9.24896 
1000.0 0.0 0.0 0.0 31.75524 0.0 0.0 0.0 0.0 0.0 0.0 0.0 24.50569 0.0 0.0 0.0 0.0 0.0 0.0 0.0 0.0 0.0 0.0 0.0 0.0 0.0 0.0 0.0 0.0 0.0 0.0 0.0 0.0 0.0 0.0 0.0 0.0 0.0 0.0 0.0 0.0 0.0 0.0 0.0 0.0 0.0 0.0 16.27404 0.0 40.35255 0.0 
1000.0 12.87044 13.55316 14.03329 0.0 26.56602 33.30799 18.45965 31.86526 36.41671 8.33508 26.82761 0.0 27.02478 39.79139 8.97002 24.10686 19.84685 16.66583 34.12256 0.02128 26.26171 22.18602 23.68287 38.89685 41.12546 32.88317 28.92602 19.50994 13.7129 22.4581 11.79452 28.59784 31.58279 14.88111 17.9189 9.61923 13.145 31.05633 35.7428 12.62789 36.50576 18.54932 32.27047 22.12197 9.41568 17.16747 0.0 12.78484 0.0 27.25121 
