1000.0 1000.0 1000.0 1000.0 1000.0 1000.0 1000.0 1000.0 1000.0 1000.0 1000.0 1000.0 1000.0 1000.0 1000.0 1000.0 1000.0 1000.0 1000.0 1000.0 1000.0 1000.0 1000.0 1000.0 1000.0 1000.0 1000.0 1000.0 1000.0 1000.0 1000.0 1000.0 1000.0 1000.0 1000.0 1000.0 1000.0 1000.0 1000.0 1000.0 1000.0 1000.0 1000.0 1000.0 1000.0 1000.0 1000.0 1000.0 1000.0 1000.0 1000.0 
1000.0 17.32882 30.52272 35.52869 0.0 32.12194 26.51403 35.60061 11.37534 15.15839 28.90774 43.5172 0.0 15.75503 17.13729 15.90691 29.93377 41.42393 15.4092 15.67053 0.03441 11.0226 36.12861 30.85684 37.95621 21.74197 20.84881 34.66771 14.96636 12.49439 35.63352 33.43442 18.15884 11.90157 40.14854 37.41366 33.52807 28.01517 38.0109 39.94319 24.71061 41.91805 44.8808 12.51567 37.08563 14.33844 43.78626 0.0 26.9673 0.0 19.75191 
1000.0 20.6841 38.71325 33.27248 0.0 9.44883 20.04124 11.43851 16.55842 24.02378 40.69932 33.36099 0.0 25.0469 43.95632 39.64834 33.58217 12.51478 46.79578 46.66728 0.0147 42.54369 31.63635 27.73208 31.74869 39.93439 40.42926 32.97783 16.37689 42.02185 37.26598 20.67515 38.11321 46.29883 17.04328 15.75327 11.64804 38.82967 37.8571 25.44005 11.27415 46.02155 29.06622 16.40127 11.50897 23.08264 32.64178 0.0 27.0118 0.0 44.58686 
1000.0 34.48082 38.29013 41.58784 0.0 25.38277 31.92575 44.73056 17.97154 36.29021 23.53719 13.37261 0.0 35.93637 14.34154 43.93977 29.00802 39.94801 17.466 37.13269 0.03974 16.09572 15.71551 15.62147 29.86515 42.90333 41.97697 41.52774 27.10235 24.986 21.90659 37.93538 20.7804 45.82553 35.58239 19.46081 27.12401 31.9625 28.43587 14.36978 16.10152 21.24776 46.52029 20.48835 39.73678 22.23234 16.43014 0.0 25.45175 0.0 9.45611 
1000.0 0.0 0.0 0.0 14.97022 0.0 0.0 0.0 0.0 0.0 0.0 0.0 13.76401 0.0 0.0 0.0 0.0 0.0 0.0 0.0 0.0 0.0 0.0 0.0 0.0 0.0 0.0 0.0 0.0 0.0 0.0 0.0 0.0 0.0 0.0 0.0 0.0 0.0 0.0 0.0 0.0 0.0 0.0 0.0 0.0 0.0 0.0 41.51385 0.0 11.04077 0.0 
1000.0 34.52163 11.75541 30.89272 0.0 35.14434 43.41474 20.25032 40.44572 22.38567 37.55708 17.67976 0.0 13.89942 28.80468 33.42262 23.75711 44.8461 23.54976 12.77381 0.01019 25.34683 17.3328 14.0873 14.36067 12.66799 14.76757 44.36187 38.1127 38.95279 28.50192 21.44719 23.16304 23.0009 9.69051 39.61749 42.97546 25.51112 44.51757 10.7684 32.19429 39.15798 43.57584 16.56752 21.28629 11.06738 30.35308 0.0 36.23936 0.0 26.5752 
1000.0 35.04536 14.08219 30.6883 0.0 41.86625 19.21837 38.26219 21.69178 32.26059 35.39789 32.07091 0.0 39.0014 21.03088 34.56049 33.30404 37.46197 31.98887 23.43723 0.03301 44.41836 18.52521 33.33102 30.88029 37.20185 18.96952 22.97237 36.44534 15.12077 15.40922 37.65925 16.16988 22.28732 16.34812 36.66669 11.25696 45.90477 31.12396 31.37232 41.65382 41.9789 21.31696 16.47279 40.03632 44.777 33.7977 0.0 34.98821 0.0 34.49776 
1000.0 36.42062 18.24006 12.53506 0.0 14.88825 24.52179 18.31148 36.09028 18.47891 17.67887 19.01679 0.0 27.59702 37.53014 21.88684 21.73166 13.26053 23.19003 9.83475 0.01524 34.37475 24.30147 37.56846 21.82441 35.22013 45.79658 43.98466 41.62459 11.7165 43.83475 10.86465 18.91328 23.9607 42.18081 17.06003 18.0613 12.50044 38.66751 33.79389 30.09557 19.6093 44.18885 30.52311 36.23381 27.44559 16.88224 0.0 29.1162 0.0 24.19213 
1000.0 26.54557 24.39461 34.33209 0.0 14.43451 17.67067 18.43039 43.97969 29.15817 12.44101 13.90031 0.0 20.37828 32.72567 23.73945 46.46722 25.48003 24.9804 44.11662 0.02019 30.90108 39.67208 32.08885 39.80197 41.34162 24.88682 32.083 41.94269 40.95406 32.42257 43.66624 33.94809 27.52047 33.15298 44.92176 12.20422 22.03635 14.91332 38.27049 45.98235 40.60726 21.01275 35.98064 39.69718 28.52828 44.57849 0.0 34.83414 0.0 38.69659 
1000.0 11.37728 35.19582 40.52426 0.0 28.93292 12.0629 40.88199 38.88538 24.75384 19.68285 16.58177 0.0 45.93751 35.97093 35.23212 34.10625 37.56429 32.82555 24.34446 0.04486 16.13556 29.24976 16.51319 14.46889 9.83925 9.41052 45.48178 35.59471 35.40898 37.06914 37.73265 13.78887 31.75038 32.95093 45.25483 32.88037 40.58441 19.03382 31.87144 38.37944 46.44988 42.91718 45.00702 40.38287 46.02087 42.07152 0.0 33.8047 0.0 18.13977 
1000.0 17.68749 11.62629 16.34322 0.0 13.00504 45.31102 10.18945 29.82553 23.78476 31.18876 9.42451 0.0 25.52688 39.42137 21.50216 29.47993 43.71137 38.6659 19.04834 0.01233 46.36419 24.50322 33.49987 37.95733 39.61805 29.50506 44.92406 19.96211 13.55487 17.64116 42.32635 31.11226 31.18207 13.50649 46.64105 27.61895 18.10732 28.48313 44.17408 9.9431 38.4338 35.23367 44.77707 44.22069 21.57053 13.14528 0.0 45.59972 0.0 40.71702 
1000.0 41.07642 44.31017 15.78808 0.0 21.71915 37.96627 27.05139 38.48284 32.44992 24.94935 45.68648 0.0 45.62443 24.58009 40.52786 11.40803 16.64921 12.01006 22.90064 0.03873 15.22172 34.99154 18.31943 36.87126 23.13161 43.71454 28.62757 21.18242 38.03627 35.76644 25.36466 35.72322 9.6157 10.11731 21.60294 45.85562 28.21385 30.40361 29.44277 16.6732 17.52737 31.90112 39.09153 13.61822 26.52769 17.41277 0.0 35.27448 0.0 37.67109 
1000.0 0.0 0.0 0.0 44.01066 0.0 0.0 0.0 0.0 0.0 0.0 0.0 46.2308 0.0 0.0 0.0 0.0 0.0 0.0 0.0 0.0 0.0 0.0 0.0 0.0 0.0 0.0 0.0 0.0 0.0 0.0 0.0 0.0 0.0 0.0 0.0 0.0 0.0 0.0 0.0 0.0 0.0 0.0 0.0 0.0 0.0 0.0 45.64194 0.0 43.50719 0.0 
1000.0 33.97276 37.71798 28.21261 0.0 11.02734 31.53105 24.27286 46.76035 46.63587 30.73258 44.07478 0.0 46.84039 24.40248 37.55807 16.00118 29.073 19.86786 27.04668 0.03875 13.58541 13.66215 23.24018 19.054 33.65767 17.05561 45.30075 33.96838 31.98576 29.50555 16.08949 28.77206 15.63998 31.24067 19.22288 27.37311 33.95779 11.37479 43.51236 43.15067 16.53865 35.57484 20.22812 13.63186 9.86922 32.77585 0.0 9.37491 0.0 26.76853 
1000.0 20.72629 12.84284 37.5284 0.0 28.41174 44.24847 26.81162 42.07366 36.50477 28.76683 45.91153 0.0 19.26415 27.6822 31.84306 32.26347 32.13122 40.09634 40.76798 0.02392 17.8042 21.43158 42.72169 37.42105 31.95594 31.28686 20.02078 9.91675 22.96833 39.9593 44.731 12.78592 44.37953 30.05579 43.29725 40.42366 10.12925 17.68974 31.11667 40.78873 30.76454 15.11551 43.95662 27.61247 32.04398 26.42259 0.0 36.26974 0.0 31.99454 
1000.0 46.80732 23.55369 11.30379 0.0 11.7022 13.01231 13.54585 10.22897 34.40628 37.81538 44.65355 0.0 35.69826 13.22691 38.14188 25.42135 13.5234 46.09598 37.067 0.01981 40.78156 27.96502 41.55488 15.22798 29.27104 13.66011 41.75663 18.84135 28.14781 40.35853 13.70898 36.33017 37.81694 41.27166 12.33325 28.29125 33.1776 35.34414 43.31194 13.275 14.04239 26.71066 44.07048 17.00066 10.06594 33.63174 0.0 42.53786 0.0 15.68621 
1000.0 23.64748 16.82968 45.98035 0.0 40.63885 15.95521 24.69268 34.02256 27.47783 31.3355 9.56778 0.0 13.61924 45.54638 42.7863 40.15893 45.41391 29.29545 29.38697 0.01817 37.06662 23.38537 44.60786 9.78874 21.51611 36.13768 33.10499 27.41338 38.17003 15.41294 16.87536 22.31723 14.26055 41.58986 23.71399 31.41618 29.93721 17.41187 23.75135 19.7072 16.1381 14.29142 41.45407 33.86658 22.3488 29.60875 0.0 31.02314 0.0 31.87881 
1000.0 11.25275 13.13118 29.41853 0.0 25.85274 12.66034 31.40387 12.56965 10.13151 33.96768 11.87542 0.0 39.33403 20.40749 26.39209 16.5815 44.08965 27.99134 17.79059 0.01285 10.4825 39.71836 45.39273 24.18554 21.85489 26.17328 32.45135 29.16373 13.31248 24.87634 42.3938 17.231 41.30367 22.56767 11.19502 32.10599 37.64091 36.15949 40.32318 30.68587 31.98451 13.96929 42.88932 24.91043 17.3559 46.58438 0.0 23.81622 0.0 40.88845 
1000.0 20.72302 13.158 44.16251 0.0 45.48204 14.91732 26.39929 46.39953 20.15032 19.18756 21.63101 0.0 29.43572 30.61319 37.54381 37.05412 23.62126 21.70759 25.94245 0.01564 32.86958 24.04364 39.69266 18.02479 9.73513 11.62935 12.05026 12.3576 41.30983 15.62656 15.01438 27.15124 41.63382 32.24766 36.19217 43.0413 9.84638 18.18099 16.23029 24.51 30.641 38.64442 34.91954 39.18893 42.29366 40.05021 0.0 15.59412 0.0 35.104 
1000.0 32.22519 29.13787 40.87544 0.0 10.88834 14.6253 19.7808 23.27913 13.11385 35.32894 28.09081 0.0 45.71886 45.02615 10.90445 11.06585 29.84036 24.10104 41.18558 0.03846 33.87817 22.45541 26.0865 46.34043 12.16687 39.86293 30.07992 35.48365 27.89232 35.24016 27.62036 38.24838 39.7607 32.3159 15.93655 40.54871 39.97635 22.80064 34.05755 21.09408 46.24021 13.71713 16.08813 30.4009 10.83872 11.85028 0.0 39.50717 0.0 39.95787 
1000.0 0.13283 0.13737 0.14164 0.0 0.03965 0.10873 0.07021 0.06704 0.1174 0.05232 0.18406 0.0 0.07781 0.09378 0.04112 0.17185 0.05383 0.06868 0.16275 13.51108 0.10676 0.14199 0.15344 0.12543 0.16881 0.13338 0.06528 0.13648 0.04169 0.05424 0.13132 0.10101 0.05218 0.07964 0.14796 0.06406 0.05018 0.11401 0.07024 0.05546 0.04431 0.06566 0.16971 0.17605 0.14103 0.07421 0.0 0.1039 0.0 0.17346 
1000.0 11.73976 38.41599 44.93253 0.0 11.84923 42.8854 40.25032 26.81361 20.65462 30.36917 35.69198 0.0 30.01543 17.25393 37.14572 30.93535 13.63232 42.91716 9.91688 0.03618 10.19193 42.91628 39.88594 28.5981 30.80083 27.71224 39.09899 18.19318 27.61345 20.78816 45.58954 26.07163 41.51758 25.48573 40.74341 35.10814 29.66017 11.32356 37.01265 24.85815 28.4004 9.9201 9.93793 34.97726 46.17053 26.07235 0.0 41.34291 0.0 36.96599 
1000.0 26.58229 27.81782 12.99671 0.0 31.50347 11.65748 36.86215 38.16151 38.27595 35.81396 15.19394 0.0 44.40221 30.78652 35.73634 46.48453 30.96634 10.5577 19.2581 0.04034 13.38739 22.44602 24.20346 45.10001 18.57042 14.98524 46.13488 19.56027 21.98103 43.18531 28.09162 34.4638 17.07919 25.33498 10.73695 24.08007 30.91921 26.69776 15.13897 43.42849 12.65324 15.81691 24.54279 44.02723 15.21698 25.48705 0.0 34.26801 0.0 24.72962 
1000.0 17.34565 30.18245 24.38971 0.0 28.41248 21.57878 11.64869 17.11894 28.48147 11.82829 30.3963 0.0 32.86606 13.40154 40.4103 34.42637 39.06011 21.66035 33.94303 0.02263 24.90132 41.17695 18.12447 18.76918 37.29413 23.30655 23.94379 15.7424 25.24224 12.03821 24.02816 44.94784 26.9405 17.14169 13.61986 13.18888 46.27071 26.18091 30.76169 38.7647 19.15147 28.43274 34.25977 45.35969 12.25472 44.79172 0.0 19.04916 0.0 19.38552 
1000.0 16.9623 11.63888 38.56995 0.0 22.10016 39.98243 18.50309 45.3668 14.6292 43.7806 16.00718 0.0 14.44583 14.16462 13.1512 44.80248 20.46039 43.45249 46.46155 0.01151 17.78078 17.24298 13.3747 10.91224 12.81516 25.91659 20.80955 35.48977 20.74196 41.77342 11.41059 32.73144 25.26466 33.26622 43.61121 31.04167 16.43033 34.04702 44.62844 45.37602 44.04882 20.00833 14.41979 29.59881 44.17177 21.37967 0.0 13.83772 0.0 29.67639 
1000.0 21.03836 43.06909 12.52331 0.0 22.93448 46.52109 13.70591 28.25945 23.61771 45.38217 26.66481 0.0 23.77595 43.6667 22.03797 19.42531 11.06578 22.70663 22.73066 0.04802 23.58871 33.42756 13.33082 31.57264 28.64092 26.80134 43.56658 43.59541 45.16695 43.28173 24.99148 26.82666 35.2313 42.00801 35.91405 29.9801 18.88047 16.10983 38.3077 12.9931 36.71927 16.63952 30.20126 40.73541 34.97034 46.30075 0.0 31.4591 0.0 22.38554 
1000.0 31.48277 33.31302 15.69392 0.0 23.78159 38.27025 45.38574 20.90302 27.56434 24.62669 40.98828 0.0 46.77122 18.55896 24.66479 40.1168 11.48923 26.24439 17.40329 0.01625 20.5041 21.20434 43.09551 36.09207 24.80688 38.33626 24.70091 25.46757 15.90851 22.98745 13.33751 40.97864 35.28926 40.74599 43.28663 43.1362 22.30977 46.11539 33.71415 16.8787 44.73002 11.13083 13.85921 13.7228 46.22077 43.06828 0.0 28.229 0.0 40.04547 
1000.0 25.05084 15.64404 11.58728 0.0 13.13117 23.34459 13.55199 37.08799 35.85911 14.99507 26.43604 0.0 42.3938 9.88664 20.43285 36.95474 39.75885 33.80494 24.94676 0.03986 36.82664 41.23875 29.53991 23.92571 44.43878 25.57539 32.20972 12.05485 44.25291 40.62563 35.93762 14.03922 27.92282 34.51671 25.69243 45.03689 32.71372 10.48065 21.67006 42.67846 12.21369 39.90652 14.81058 45.182 28.90024 29.0234 0.0 35.53418 0.0 22.07103 
1000.0 21.05194 32.99081 41.56928 0.0 35.77111 15.74382 45.32765 25.03885 26.1276 20.69719 32.7112 0.0 10.71041 12.42245 46.11854 43.2924 31.72269 28.40324 10.2617 0.00987 26.61362 46.01325 30.65956 39.476 36.97055 39.76564 10.65715 19.40561 21.50402 13.08782 40.96256 29.82984 20.36363 23.21421 35.83132 44.16975 16.67838 16.45124 23.91306 13.26731 36.7608 39.97481 18.31466 34.60925 13.57536 42.71037 0.0 11.10609 0.0 35.02994 
1000.0 12.44789 11.32484 12.64083 0.0 21.92543 13.51249 30.44071 16.35157 18.01555 22.4327 34.68941 0.0 14.01976 26.16106 45.14084 17.25645 13.32214 20.26125 44.81845 0.02206 28.4954 17.35669 13.24991 31.7878 42.63411 12.56754 15.48932 20.36755 11.47496 32.91607 34.20865 26.8504 27.06024 38.20924 28.5751 11.05027 37.46164 42.18679 18.76785 31.15501 35.94058 25.6135 37.8965 19.39453 21.4581 9.83647 0.0 15.86753 0.0 42.31597 
1000.0 28.75656 11.18343 14.8083 0.0 15.81137 36.12534 23.90285 34.44414 14.24806 16.90316 38.97642 0.0 43.42234 35.60441 10.45023 12.41905 18.36933 30.84154 32.28141 0.02377 43.00732 35.19384 23.41489 23.85273 39.02418 14.33276 12.80944 23.06629 34.52503 41.22202 37.92982 38.65123 16.82557 43.1746 30.82568 20.22915 17.54679 12.35869 16.38909 16.30387 45.00311 29.45226 30.11309 46.25611 27.17617 9.52952 0.0 14.88794 0.0 37.63778 
1000.0 13.5684 13.52376 22.0964 0.0 44.60719 38.45302 18.61939 13.83273 41.85892 42.49187 21.2444 0.0 41.12902 21.25082 13.0602 22.4608 23.02342 16.36958 29.5523 0.02983 22.96551 19.15411 44.56737 36.81776 38.62547 14.93439 43.48134 38.06024 35.04175 20.85588 36.61149 14.38281 44.87473 9.90538 34.69364 35.36268 40.17123 25.56334 18.06623 34.29015 45.10213 25.15001 36.22897 25.66599 17.55381 28.75382 0.0 15.15984 0.0 9.71486 
1000.0 36.28254 19.37944 23.35832 0.0 21.55794 29.25588 13.57737 25.6845 13.86452 19.18945 11.59888 0.0 24.04438 21.04755 23.08949 21.48042 27.46868 26.0338 35.73268 0.02936 13.56276 21.67729 27.82845 22.7413 9.83647 46.78697 11.16228 18.39861 38.3811 20.01988 42.96028 12.66667 12.61039 34.14202 11.23667 30.4781 26.83878 33.26566 37.11747 38.46859 37.05143 12.4808 30.64008 44.64585 17.57321 29.49864 0.0 41.0359 0.0 45.66668 
1000.0 9.79252 22.04196 12.96982 0.0 41.76363 45.10552 26.46386 17.68429 9.55732 11.56614 17.62553 0.0 36.55122 44.20755 28.33067 39.92449 41.05869 42.12168 34.61559 0.02484 36.82069 43.79298 20.84813 31.28597 12.08805 12.11457 34.29047 11.45576 28.41828 19.19288 33.48669 40.46973 38.60448 10.00994 37.46776 15.34053 30.07465 15.28375 20.09922 28.29344 23.98502 28.14965 36.96293 46.80313 23.70523 41.68837 0.0 20.8829 0.0 28.45452 
1000.0 14.3169 41.02825 9.59431 0.0 37.53776 29.64573 17.52277 31.88396 19.57276 26.64886 45.54672 0.0 26.30138 29.36268 20.59671 10.03536 26.17659 45.15482 12.45549 0.02931 10.21828 10.04649 13.334 19.24806 24.46755 23.04883 46.39284 41.10683 42.76605 34.31282 25.9113 44.70689 42.13224 17.36639 46.50053 33.94136 26.1525 26.53542 35.14073 38.13107 24.94068 28.19195 38.37237 41.48662 28.14398 29.35466 0.0 43.31031 0.0 28.45728 
1000.0 10.60049 35.57734 27.19882 0.0 11.27424 10.86691 33.04976 28.46188 17.92375 44.57429 41.23693 0.0 42.37788 35.74384 27.00051 13.43617 42.38815 9.85816 35.52511 0.01638 9.72779 24.06789 40.19862 22.43462 44.80559 39.66321 35.10169 16.47252 32.05531 26.42079 43.10621 17.46587 42.84532 15.53517 11.37998 35.00754 17.41941 13.57002 38.52432 36.82058 26.57143 14.76423 15.22315 35.16217 40.32283 33.25131 0.0 25.49052 0.0 40.86412 
1000.0 41.31477 45.34434 24.74727 0.0 44.22902 18.14378 44.50004 17.93994 18.08697 40.38128 46.17073 0.0 18.00677 41.65082 23.00738 18.95063 43.25312 16.1168 41.76517 0.02085 23.09025 28.06261 15.82739 25.42447 16.75985 39.00958 9.71272 45.11811 43.45207 16.74808 40.29289 19.05842 39.99264 20.59302 39.03625 28.61663 25.03926 18.02273 23.12391 22.91383 25.14923 19.93766 12.85079 37.39991 24.87119 16.40231 0.0 39.85534 0.0 16.60783 
1000.0 31.2046 40.22485 42.44703 0.0 11.82948 16.10482 41.62558 45.31151 11.15013 25.13174 43.24616 0.0 42.63657 19.77231 41.33581 15.76589 39.38801 26.37859 11.96414 0.01607 25.78635 21.53686 25.19373 24.21671 46.11779 46.26009 45.00482 45.16006 19.37937 39.09336 30.52697 10.67034 34.03119 24.50661 23.80254 14.41671 32.70222 30.75572 29.55124 31.26229 36.05842 11.05504 35.01772 11.31213 12.65297 43.75741 0.0 20.94834 0.0 38.66142 
1000.0 30.92195 27.89536 30.12498 0.0 41.08577 40.02584 19.02907 38.21784 46.03442 11.94751 36.81765 0.0 28.87611 22.43474 39.58562 40.07055 29.57658 35.03807 27.83975 0.04525 25.99927 19.38531 39.58875 16.56198 36.93019 30.61226 39.23836 43.37974 36.92305 9.6592 16.94865 34.62067 15.44823 26.98388 25.53923 28.87591 17.21698 31.47522 32.17273 20.69749 40.95074 38.51199 33.90467 43.44614 15.12409 33.00446 0.0 42.74829 0.0 18.38019 
1000.0 18.0494 29.01244 45.53101 0.0 46.60921 36.17869 45.22943 43.6655 23.7048 18.74711 46.13004 0.0 46.32082 45.81485 16.9002 39.8499 33.37901 23.03413 20.46617 0.02637 23.57569 29.54741 41.47992 11.6328 40.42922 46.17816 15.84652 17.76124 46.42374 36.63662 22.27086 12.59862 16.22659 28.69069 23.54632 30.61885 18.80421 10.03468 42.94656 32.73645 39.47393 38.83814 24.91521 27.2289 22.81971 44.58767 0.0 44.20433 0.0 41.49553 
1000.0 46.52897 39.59594 29.97105 0.0 13.24523 19.96259 19.1938 11.17284 46.1623 27.29731 38.56823 0.0 33.11452 27.77543 16.39499 24.34621 27.5823 26.7228 40.02972 0.03874 38.18451 28.35319 9.81154 26.64765 33.20796 35.92571 18.72421 29.04625 42.16395 33.73539 44.69701 15.80822 30.11874 25.40516 17.6811 25.97938 41.31397 29.01438 42.91999 25.94267 13.42441 11.74012 25.27417 46.43886 13.17129 18.13337 0.0 43.36073 0.0 41.81652 
1000.0 12.28254 22.85683 35.78675 0.0 17.26424 38.68722 32.124 41.57357 19.14533 20.40573 13.86457 0.0 28.50856 26.99841 36.49421 44.05263 20.00761 31.99887 35.85725 0.04511 21.81947 40.14662 22.24094 36.07965 14.61144 9.90868 17.29556 17.59739 37.3423 9.60426 33.06555 27.46426 34.15508 38.29779 27.20858 18.63835 11.2197 39.96131 22.29617 43.62786 23.22163 38.84761 16.42192 44.52177 44.34007 42.92535 0.0 9.98252 0.0 34.62248 
1000.0 11.24236 36.29051 17.59709 0.0 38.71369 45.43193 32.4719 31.23182 19.01733 26.21251 20.1651 0.0 19.80194 38.38657 20.0639 31.42317 19.29852 14.46761 42.52535 0.02179 33.38407 46.54281 30.85796 14.39184 25.21587 45.84501 10.58283 17.09555 11.99951 32.31067 23.26961 42.24641 22.00601 19.36699 45.90084 46.60404 22.90528 16.42591 21.19329 18.35518 36.81387 46.42935 41.13817 16.12872 40.6466 15.23174 0.0 36.59511 0.0 10.76401 
1000.0 38.96392 37.25023 38.51509 0.0 40.78758 27.73544 21.84154 36.23413 29.01311 33.9732 31.54984 0.0 38.53231 43.27111 16.34959 27.21427 31.7543 39.23887 28.64442 0.0147 33.11161 42.25893 17.85433 33.00304 21.00227 44.41085 42.2676 23.95778 11.62271 41.05909 20.88413 18.41431 33.82851 25.58966 22.81916 40.1302 18.98427 25.2519 9.46279 23.96378 28.68451 22.7907 46.61163 25.39362 42.69616 11.80629 0.0 42.56822 0.0 40.35432 
1000.0 34.81949 26.40639 31.40198 0.0 37.1332 22.67499 22.68479 9.85995 39.96677 34.36018 25.19159 0.0 41.66298 17.83465 13.36746 11.42121 17.73104 36.02345 12.07583 0.03962 39.47734 28.34132 40.59442 15.86046 40.11404 25.10196 15.72477 46.74006 14.37418 24.62377 12.71146 25.67249 27.08087 24.31336 42.02821 9.82235 30.86371 16.84295 42.98662 36.04764 42.66962 35.1002 13.42132 38.80621 22.10892 29.43835 0.0 23.31296 0.0 22.56862 
1000.0 35.18065 11.85296 30.69011 0.0 40.90745 46.36303 29.01296 26.85565 16.89142 12.69644 21.01224 0.0 30.68363 46.40083 14.84876 23.5768 15.50014 16.58264 34.83062 0.04172 14.45481 40.34832 24.11126 14.389 26.40355 30.39978 42.49902 30.20576 41.55052 26.67209 39.16518 19.50394 28.33681 31.65676 17.56908 20.79302 46.76944 15.0907 41.21225 14.55668 38.56091 25.31151 12.50614 44.88228 12.56329 22.86616 0.0 21.96992 0.0 13.08012 
1000.0 40.53964 12.69471 24.01711 0.0 43.25154 42.33924 33.6777 43.31883 23.28015 41.60397 40.03234 0.0 12.23765 43.97386 43.79717 25.60802 41.45592 36.3431 37.69357 0.01427 40.08107 46.66461 41.99108 16.21473 26.0074 33.32837 10.32503 45.61899 22.23694 18.58817 31.92041 34.30589 36.36379 18.34649 40.76343 32.56376 20.66923 46.04853 22.7227 22.833 29.67063 17.5036 32.50486 46.80255 15.87819 18.40245 0.0 20.20177 0.0 14.82675 
1000.0 0.0 0.0 0.0 35.248 0.0 0.0 0.0 0.0 0.0 0.0 0.0 18.12031 0.0 0.0 0.0 0.0 0.0 0.0 0.0 0.0 0.0 0.0 0.0 0.0 0.0 0.0 0.0 0.0 0.0 0.0 0.0 0.0 0.0 0.0 0.0 0.0 0.0 0.0 0.0 0.0 0.0 0.0 0.0 0.0 0.0 0.0 26.08194 0.0 40.82602 0.0 
1000.0 42.87519 13.74279 44.29936 0.0 36.68862 42.49725 26.42616 30.75833 17.25563 23.4822 25.44393 0.0 13.06048 46.69763 37.45476 20.40266 36.70869 22.49961 35.29226 0.02636 35.03673 18.06222 44.19958 32.20762 41.63525 27.52799 11.36108 42.0644 23.67814 26.44736 35.88111 36.96928 23.4245 35.07673 11.24092 18.32302 26.95895 16.19485 25.23003 44.55092 46.46256 17.64297 37.89864 34.27844 37.3976 14.63668 0.0 32.6118 0.0 20.15043 
1000.0 0.0 0.0 0.0 23.20591 0.0 0.0 0.0 0.0 0.0 0.0 0.0 24.51268 0.0 0.0 0.0 0.0 0.0 0.0 0.0 0.0 0.0 0.0 0.0 0.0 0.0 0.0 0.0 0.0 0.0 0.0 0.0 0.0 0.0 0.0 0.0 0.0 0.0 0.0 0.0 0.0 0.0 0.0 0.0 0.0 0.0 0.0 18.02781 0.0 29.06126 0.0 
1000.0 12.19445 38.57253 41.80742 0.0 22.35241 31.68732 38.97666 46.45395 27.70071 40.50397 45.8018 0.0 41.13736 10.30627 12.75022 27.95821 34.54073 36.28638 21.95779 0.04187 10.97636 43.5081 32.23674 33.128 27.50275 28.05884 21.67021 38.54886 22.6595 25.87886 34.29835 42.83867 19.08855 44.8804 37.8819 46.35454 14.11681 43.86949 27.9413 44.00435 33.55362 13.93865 15.49132 16.98502 37.63442 10.91558 0.0 36.20338 0.0 24.84936 
