1000.0 1000.0 1000.0 1000.0 1000.0 1000.0 1000.0 1000.0 1000.0 1000.0 1000.0 1000.0 1000.0 1000.0 1000.0 1000.0 1000.0 1000.0 1000.0 1000.0 1000.0 1000.0 1000.0 1000.0 1000.0 1000.0 1000.0 1000.0 1000.0 1000.0 1000.0 1000.0 1000.0 1000.0 1000.0 1000.0 1000.0 1000.0 1000.0 1000.0 1000.0 1000.0 1000.0 1000.0 1000.0 1000.0 1000.0 1000.0 1000.0 1000.0 1000.0 
1000.0 37.034 23.52048 13.89505 0.0 34.43914 30.77626 42.18449 22.32325 41.98997 11.42406 18.81461 0.0 17.81192 44.40079 20.69202 45.10504 15.86178 42.34673 24.10988 0.01442 47.23094 46.23985 37.98461 35.36511 34.13966 43.29172 46.5179 35.71575 44.20436 24.69234 17.76117 27.59319 36.54101 31.96044 36.76064 19.87327 17.36227 18.05469 16.07664 28.29689 42.31929 11.27781 30.7809 32.31012 46.56255 28.5874 0.0 29.81867 0.0 28.02013 
1000.0 20.87319 34.25407 36.72014 0.0 23.02556 18.0228 41.75944 13.12261 26.341 43.51009 36.5375 0.0 20.9732 38.97517 42.42498 21.78669 31.70568 45.41904 23.13815 0.04659 27.78842 14.19392 16.37963 39.9189 41.4231 26.1064 39.62569 43.35619 30.65016 13.85974 31.75183 22.73156 11.7301 39.90215 43.85678 25.65406 27.72004 19.2579 23.09809 20.45285 12.53506 45.62564 23.24563 37.03832 26.19807 36.04505 0.0 31.53096 0.0 11.84521 
1000.0 27.11617 16.70649 40.43369 0.0 23.29619 35.16459 11.43669 27.49923 14.00841 19.06241 12.18021 0.0 33.87825 19.45268 39.85365 37.28408 39.88328 22.5258 39.07569 0.03024 11.51968 10.62915 21.84431 47.64108 31.24037 12.00189 45.34393 37.56389 11.59727 20.96422 35.27195 12.49521 31.02705 13.53457 28.1716 29.21921 33.29104 27.35685 47.78313 13.9835 13.31204 10.90551 45.35315 19.28227 13.9376 31.86399 0.0 23.87837 0.0 14.73318 
1000.0 0.0 0.0 0.0 18.37676 0.0 0.0 0.0 0.0 0.0 0.0 0.0 33.10368 0.0 0.0 0.0 0.0 0.0 0.0 0.0 0.0 0.0 0.0 0.0 0.0 0.0 0.0 0.0 0.0 0.0 0.0 0.0 0.0 0.0 0.0 0.0 0.0 0.0 0.0 0.0 0.0 0.0 0.0 0.0 0.0 0.0 0.0 43.71979 0.0 36.25691 0.0 
1000.0 37.70407 30.42942 36.36109 0.0 46.55373 28.96279 43.84704 17.05231 37.17888 9.90177 13.91574 0.0 18.46639 18.39388 13.80755 30.17325 22.31259 27.71671 21.34484 0.01189 9.61471 9.71591 19.45849 44.56065 25.5185 14.58778 45.13306 40.14315 11.0991 45.00415 10.93862 16.39065 30.49863 33.4607 13.65268 27.982 12.51902 32.38326 37.84465 35.70369 22.35062 40.7993 45.66774 36.0989 11.78283 36.51512 0.0 20.71304 0.0 23.5948 
1000.0 44.7044 18.96251 42.72539 0.0 12.32135 35.65199 36.5481 40.53042 11.24767 47.64115 38.10541 0.0 29.19186 32.9329 25.57679 34.14796 32.45048 35.14037 20.8543 0.03895 34.03354 37.58945 25.11562 42.36611 20.67372 17.81802 28.62419 18.71943 40.12466 31.61024 23.22491 18.85964 29.1113 18.19852 17.67494 34.06757 39.41281 28.20839 42.52382 45.91218 13.03733 29.18387 39.38684 44.63262 12.03469 29.93808 0.0 42.98959 0.0 15.82203 
1000.0 41.55928 26.32552 23.31256 0.0 26.38862 44.32879 15.93368 11.32611 24.79443 17.67069 47.51835 0.0 29.47841 36.46433 11.91343 45.46243 26.34104 25.75001 26.0033 0.01341 36.7097 46.6205 44.29031 19.65283 30.76082 44.75705 17.10462 16.11009 22.07932 38.64294 45.23416 33.05278 33.86761 24.90682 19.29433 47.01736 40.10686 15.06937 18.58594 47.06589 19.63136 46.70309 32.9394 39.7448 15.6703 25.7512 0.0 29.63459 0.0 42.3767 
1000.0 11.70659 47.80164 15.61679 0.0 26.08125 30.0179 29.09241 44.69185 38.12659 10.28332 24.04956 0.0 43.27634 38.48323 31.17379 14.62498 25.00427 13.741 40.06629 0.03001 43.17521 17.10985 29.72156 43.148 47.53193 34.8034 26.11008 25.16875 35.71804 16.20633 22.7749 28.62367 23.07708 36.07461 19.29207 45.73181 24.17512 29.24491 38.11075 41.19338 13.84978 15.87474 46.87224 11.7694 9.67769 27.07947 0.0 31.7789 0.0 24.03908 
1000.0 46.60138 23.87571 22.57013 0.0 15.44975 17.63199 32.54852 34.16972 38.56958 27.84548 46.63331 0.0 18.26231 19.17605 42.83716 14.09279 41.47183 41.55832 45.30913 0.04784 17.28242 40.46212 10.09888 17.04273 12.10641 21.34693 38.63506 11.25556 41.37605 20.65492 31.32736 13.78021 22.35156 13.69637 27.11519 16.36146 21.08256 29.82225 27.28286 26.61053 18.42808 13.37025 29.77363 9.95166 9.61545 28.15847 0.0 32.96729 0.0 37.92963 
1000.0 15.33561 25.42164 27.13203 0.0 10.14599 41.66972 18.49669 31.79965 27.45098 19.40029 27.68429 0.0 31.12199 10.78344 45.03275 13.03546 47.9966 33.74726 30.42999 0.02699 40.1848 38.54456 25.64125 30.11309 43.00834 29.78182 19.00758 10.15661 17.82931 47.49638 41.24899 14.50558 18.40441 13.68265 29.09396 10.28644 31.82896 15.62568 46.17663 15.68155 38.18971 34.94993 18.29352 14.28017 29.74791 24.33111 0.0 26.06752 0.0 21.95474 
1000.0 47.12879 48.01072 19.32342 0.0 42.86593 43.78983 27.39376 46.78849 38.26931 46.56272 35.8519 0.0 16.11307 21.35819 24.41527 42.4193 15.73723 35.99078 35.75991 0.03911 28.09904 9.82154 31.06974 20.35582 39.23792 12.14699 36.81062 11.40506 28.5078 31.2078 37.4678 36.78791 38.49882 41.78998 23.53743 37.80916 43.50434 16.31696 19.96791 32.03753 32.23965 39.91794 40.24763 20.23865 20.44029 26.35866 0.0 21.88953 0.0 37.94998 
1000.0 0.0 0.0 0.0 37.67778 0.0 0.0 0.0 0.0 0.0 0.0 0.0 21.72757 0.0 0.0 0.0 0.0 0.0 0.0 0.0 0.0 0.0 0.0 0.0 0.0 0.0 0.0 0.0 0.0 0.0 0.0 0.0 0.0 0.0 0.0 0.0 0.0 0.0 0.0 0.0 0.0 0.0 0.0 0.0 0.0 0.0 0.0 37.07427 0.0 39.28306 0.0 
1000.0 11.52078 11.22215 23.00638 0.0 47.9922 47.70465 31.28505 11.6863 33.13131 24.39094 29.99633 0.0 31.33414 17.15343 23.70163 19.82636 27.28162 31.16219 33.70656 0.02597 13.2009 20.46143 31.15601 32.20435 20.43609 28.31686 15.78118 31.44281 21.79291 36.46476 40.78001 15.50767 34.77432 12.40105 40.79282 19.49076 37.57982 21.977 33.72716 17.73406 18.38193 45.16892 16.05965 43.06166 38.10389 37.582 0.0 10.65679 0.0 12.14223 
1000.0 19.08088 39.69903 43.72634 0.0 41.35542 26.04909 38.26978 24.68497 28.97376 46.4437 45.32696 0.0 32.97558 23.25274 14.54668 39.42688 22.21685 35.38824 33.1439 0.03208 21.70145 25.4868 36.06613 44.19162 32.81351 28.20276 41.38741 20.56464 12.50333 11.13705 44.6713 42.68386 18.18211 25.06757 33.41362 19.64199 13.02342 22.24334 21.39869 14.86981 16.37882 35.46856 22.10263 31.0314 38.5462 11.90664 0.0 13.81506 0.0 41.90104 
1000.0 46.8678 12.63439 43.48051 0.0 26.92447 19.35289 13.73148 18.19551 34.40914 39.37223 27.82304 0.0 42.11661 41.00215 17.11527 47.69041 39.956 26.37901 17.80719 0.04898 19.65752 17.92271 10.15687 32.24348 14.21686 31.30879 44.98022 23.24366 12.09502 33.21067 27.96896 29.66857 15.39384 39.37112 20.48458 45.09634 11.55831 25.27971 42.78945 44.31414 24.87395 27.84963 26.48386 19.48374 37.08275 44.53258 0.0 10.45638 0.0 35.78682 
1000.0 46.19127 33.59959 43.37624 0.0 46.24239 29.3177 13.30336 11.33398 17.46013 13.32391 10.21053 0.0 21.35042 47.04127 12.4327 23.4809 14.81489 11.9385 12.50786 0.02765 12.10641 9.73917 37.52686 12.5884 15.12736 41.5838 18.16899 18.55872 40.58807 42.18137 37.37992 31.408 33.80469 27.01187 34.83427 47.1396 25.81904 25.14938 13.89321 26.40825 36.50977 27.65593 38.07343 35.69935 13.22743 17.5751 0.0 10.1787 0.0 40.74967 
1000.0 11.17144 14.73295 28.15396 0.0 47.5138 33.27001 18.4652 39.45452 46.92735 35.30556 14.46177 0.0 35.41056 22.74446 10.87318 36.57075 20.61406 45.09425 47.26771 0.01029 43.10173 24.37779 36.89999 10.30271 10.34872 36.01104 21.7821 9.7876 22.3478 47.99351 25.23022 31.39267 33.63905 27.68609 19.38015 33.99145 23.33302 32.6049 42.56589 25.01435 33.73662 46.08954 36.09201 31.33886 38.76302 44.79128 0.0 25.1688 0.0 43.98721 
1000.0 22.20043 47.89058 25.42537 0.0 25.56064 13.55446 11.46857 13.39831 22.25523 26.33898 19.41189 0.0 43.96036 16.10883 46.82645 22.16228 35.78006 42.40759 32.82867 0.04253 38.51663 21.12645 37.56535 25.16449 33.74292 18.55107 22.73149 24.04919 14.28493 31.85543 27.10802 34.16347 41.59805 34.27467 9.92913 25.36724 33.0521 29.23239 32.51171 44.01861 33.58269 42.39529 23.30943 20.49117 46.8548 30.79361 0.0 18.81434 0.0 26.0727 
1000.0 40.61277 28.31291 38.93246 0.0 12.56057 14.37038 34.74811 30.09887 11.2572 27.04612 14.16179 0.0 15.64709 38.70492 35.29593 27.50504 22.87287 40.21121 14.24988 0.02566 44.15357 38.70058 44.02094 47.40539 23.47406 29.80302 47.54614 22.33022 21.75217 33.16886 35.57967 35.69689 35.10611 35.82487 12.48371 14.01383 17.25836 39.10735 39.44225 14.29374 38.11715 41.62728 22.38849 37.21872 32.24997 31.24311 0.0 20.27642 0.0 44.93295 
1000.0 0.07557 0.16342 0.17461 0.0 0.18291 0.10227 0.14746 0.11057 0.18507 0.14869 0.07509 0.0 0.16513 0.18044 0.171 0.14183 0.15451 0.15844 0.18218 25.94399 0.11095 0.11114 0.12044 0.10349 0.06053 0.1523 0.09193 0.07765 0.09434 0.06298 0.04761 0.09472 0.10189 0.19056 0.14441 0.05632 0.05847 0.06016 0.18089 0.07475 0.03935 0.1643 0.12622 0.10138 0.12136 0.17639 0.0 0.16101 0.0 0.10466 
1000.0 19.59058 11.12657 33.7641 0.0 16.11662 18.79148 28.74537 38.20703 30.47769 17.46958 46.14529 0.0 35.12855 33.85619 40.29113 21.10734 39.67736 19.18531 20.05517 0.02268 37.90071 20.89332 25.91015 10.50565 44.09372 41.00407 26.24253 12.97279 38.67939 11.18285 42.98273 18.03755 31.62851 41.85262 33.58901 21.30978 40.3233 35.77201 45.66706 42.03578 17.00637 32.33521 47.01482 40.76043 31.80358 34.61499 0.0 41.66168 0.0 12.60511 
1000.0 18.39788 25.91324 21.87525 0.0 45.76703 15.00393 45.12722 46.3821 36.45248 21.4149 11.73982 0.0 46.37019 30.49151 29.65832 35.49772 41.96111 10.78557 35.53297 0.01294 40.92901 25.85764 44.49278 42.06709 18.2701 18.60072 37.34903 30.95092 10.51441 24.30313 39.46776 31.85175 9.87046 36.33756 30.87604 26.26146 36.35762 13.9291 42.61356 30.81283 38.28344 39.74912 34.6011 42.47955 37.50484 28.66903 0.0 48.01793 0.0 24.46525 
1000.0 19.23428 44.63252 34.35909 0.0 45.31315 23.2306 40.78084 35.43751 17.54984 22.28189 19.2689 0.0 29.27329 27.83885 45.09013 27.07963 44.83437 34.16758 42.37225 0.04239 28.59495 10.48312 11.95387 37.33318 44.25398 46.62091 34.00095 24.5783 33.58684 16.7545 39.29661 34.2198 45.67456 13.72171 13.69652 27.02151 11.94423 26.05769 13.72463 41.03873 16.45168 22.00775 34.94337 29.62784 19.522 9.81262 0.0 13.62264 0.0 31.04717 
1000.0 40.55823 12.10135 18.86572 0.0 18.45175 36.95242 23.4944 21.15996 30.3754 23.50223 9.79037 0.0 15.50245 40.12479 42.92638 17.72093 21.35277 30.42755 24.6898 0.01233 25.72928 28.54437 12.0693 22.35279 12.67762 45.29991 42.41188 36.45357 28.0321 24.17658 47.59159 15.38724 22.63925 36.12869 28.1556 40.71486 29.06924 18.35535 21.49807 14.19512 45.10006 16.15778 11.21045 25.23396 16.52832 21.76868 0.0 46.80292 0.0 13.09885 
1000.0 21.99427 19.40543 22.47807 0.0 36.11767 31.87299 19.77964 18.58432 12.04746 33.32884 23.86389 0.0 36.52172 42.96494 36.07309 33.013 26.88323 15.35784 38.59935 0.01957 20.12988 22.91885 18.65681 33.07395 46.88445 46.00053 18.40197 43.39284 33.77449 32.67764 13.0603 42.64426 39.49994 14.3385 46.42995 9.84742 16.93425 11.93031 32.35528 15.96354 28.02436 28.40051 29.72184 40.15573 41.07535 19.27174 0.0 14.11743 0.0 35.45204 
1000.0 39.0196 12.5464 33.94989 0.0 29.66785 33.63979 15.42696 47.53193 29.09578 34.11471 30.71301 0.0 33.44437 30.03229 24.4479 18.57405 14.16809 21.05229 34.85664 0.0344 30.861 43.85444 31.65894 34.90159 46.3814 37.64526 29.95938 13.04723 18.08934 21.40916 22.75813 38.78936 13.35281 27.75067 39.42617 32.8026 22.17896 26.16943 42.48435 47.5178 41.33445 26.86016 24.79521 37.23581 40.27389 30.04991 0.0 42.91515 0.0 41.12231 
1000.0 34.05891 22.45618 43.92951 0.0 31.27274 32.64877 44.8802 47.5655 27.47851 20.32147 17.09616 0.0 22.22699 10.57608 40.0077 32.41574 37.34648 44.3605 38.71333 0.02546 31.95575 44.95311 43.78773 12.41854 13.45687 19.25515 39.93684 39.82525 10.37314 27.04937 35.33611 34.35068 47.97374 13.88013 23.82948 26.53093 37.70741 30.8028 38.38377 17.14502 34.17847 31.74427 31.78514 42.39186 41.50186 46.74024 0.0 34.59184 0.0 45.52094 
1000.0 22.18074 23.3641 26.19964 0.0 14.74679 28.62161 24.91402 14.07058 37.02813 47.85402 35.98447 0.0 44.25771 22.92456 40.86395 12.30748 44.02614 34.97246 12.60871 0.04005 44.28956 44.23171 28.99796 46.38179 36.77638 26.8824 9.75047 45.93575 12.11341 19.08992 21.43527 36.4337 17.2866 47.73817 38.6444 11.62737 27.93789 41.44809 11.68805 39.2346 41.8367 12.4686 24.29367 47.32895 37.67813 23.42689 0.0 39.50635 0.0 16.94919 
1000.0 17.71043 24.88994 13.7349 0.0 47.20697 37.37429 33.27699 14.49969 16.3086 47.57852 11.58431 0.0 47.49152 19.6394 19.65321 20.41368 32.10009 31.07249 33.62282 0.03525 32.2044 39.93927 19.48819 19.82904 46.87767 24.62879 44.22932 26.78941 16.22163 24.85938 34.52168 37.66458 16.90198 10.67895 34.18429 14.35065 23.66871 36.9797 25.14177 31.55929 22.55453 33.08448 31.78396 44.38573 13.23095 47.8368 0.0 28.58958 0.0 18.43131 
1000.0 29.79963 39.74745 30.00784 0.0 14.29863 37.37766 22.37957 29.96755 33.1823 45.38968 26.03448 0.0 15.69375 40.54106 12.36701 16.92124 26.54922 30.0588 37.60164 0.01168 38.57079 29.75551 28.0429 11.89042 16.71022 13.00858 29.97017 14.59792 11.07157 36.5638 14.01214 33.72918 32.92665 44.80319 47.93994 36.18133 15.89967 31.28671 38.15477 24.793 35.08172 20.09964 17.50334 45.56704 36.66504 36.76447 0.0 18.86695 0.0 47.8377 
1000.0 38.48202 43.43392 30.78923 0.0 13.40125 18.74634 10.77169 17.67928 16.99318 42.21308 33.24572 0.0 29.78197 46.05771 19.89551 45.25108 17.70342 23.93522 15.74154 0.01204 18.98336 18.33434 25.94124 16.64476 34.06735 44.02399 15.31824 10.68356 11.70868 16.51718 22.1442 11.56802 28.80503 13.87542 27.65212 25.12238 45.63122 12.56836 17.94178 28.00196 35.96469 28.87349 25.37839 39.24016 12.84491 12.96642 0.0 32.53447 0.0 45.68383 
1000.0 25.25218 14.78756 44.53324 0.0 26.38808 31.84066 45.48866 12.36888 45.04613 17.4147 14.47561 0.0 37.18736 35.00212 20.01682 29.74229 39.46482 23.06979 21.88541 0.03092 33.8373 21.13371 21.44081 23.38509 43.71636 13.21942 19.45663 28.78076 38.99591 19.43057 37.57148 34.99706 26.44599 43.96726 25.98002 33.72679 43.37153 47.69144 32.19094 28.64933 38.2732 39.40805 28.80953 45.33276 26.81242 13.30641 0.0 39.22623 0.0 33.83368 
1000.0 12.51334 16.12578 14.64394 0.0 25.46798 28.38983 40.7311 28.36663 28.9899 22.18735 23.56781 0.0 36.5118 15.0006 23.39677 44.45222 42.11913 31.56709 18.1822 0.04113 17.15485 40.53656 45.99143 14.70899 14.41241 15.39938 18.02984 42.40322 15.13369 15.84711 41.24235 21.61601 21.52193 25.00942 35.46409 10.57401 42.72851 31.27392 45.32129 39.82095 42.20256 45.673 24.38028 24.45083 44.51161 19.11291 0.0 30.84164 0.0 14.63087 
1000.0 23.39059 26.16745 15.47626 0.0 32.91103 23.24424 45.39994 35.95758 46.38964 40.19554 17.30008 0.0 30.29075 22.66431 45.54302 43.25377 19.68672 42.92175 29.13636 0.04268 31.70029 34.33809 46.89802 44.7038 38.09461 47.17929 19.84161 16.22762 25.13092 32.63999 22.49022 31.96624 26.3109 21.58294 11.87557 13.65963 27.42852 20.69761 17.50918 20.34549 33.23115 37.65563 13.30993 16.83243 34.30686 18.3881 0.0 22.80102 0.0 43.00983 
1000.0 20.66109 9.63258 27.84402 0.0 15.0637 46.4991 39.70362 43.89071 35.03144 18.66944 11.79826 0.0 42.76178 41.89701 26.88205 28.98603 25.72379 18.96392 25.46636 0.01896 26.19015 26.02498 27.30362 9.72483 18.6766 35.26149 45.29562 15.67498 16.48482 19.37139 38.72977 32.7362 31.34453 18.60918 23.80285 26.13069 36.56696 15.78327 28.15619 12.11739 30.75144 17.13484 13.75394 28.67547 39.21737 47.46292 0.0 12.58877 0.0 21.30525 
1000.0 33.63499 43.24891 46.20306 0.0 28.03815 35.26238 40.31625 39.76898 19.36487 41.8133 19.77546 0.0 42.05165 27.31334 42.91409 20.08102 46.96306 11.72367 19.65505 0.02633 28.31916 10.73462 45.63251 34.80004 34.61263 34.11084 42.71536 22.86416 19.52673 37.15135 29.75271 25.26764 29.66804 33.41752 13.85645 33.48488 32.80659 22.16246 42.38123 38.57275 28.81297 22.21676 43.13974 20.21668 10.14719 25.50378 0.0 12.35005 0.0 17.45462 
1000.0 36.22958 31.14581 35.02882 0.0 14.81274 41.12108 21.86486 41.41466 16.43491 36.76349 24.59841 0.0 22.25654 39.89793 38.8666 20.13207 12.44275 22.00724 37.48817 0.02625 14.62674 11.11371 16.95025 29.0292 38.73972 15.99602 38.51372 44.11794 24.7074 37.00059 15.3412 19.50784 11.99416 34.99713 21.30497 23.11935 36.92074 36.61485 31.17958 13.76572 37.40827 27.69197 12.96246 14.67188 38.84493 43.92905 0.0 15.60071 0.0 37.05169 
1000.0 9.91784 20.17882 17.29447 0.0 40.82048 12.92035 44.11254 14.04837 19.41394 12.20069 25.72753 0.0 25.83064 15.93186 46.03383 9.65903 11.01761 37.19482 30.51971 0.031 15.22017 31.9761 47.7432 20.04901 25.44139 15.69997 9.76506 33.48128 18.97959 39.87343 20.47376 40.54828 11.32005 15.5046 34.04468 18.04403 35.6371 16.24072 11.06122 10.58088 31.30228 36.17246 18.5081 33.70058 26.77999 11.87574 0.0 37.03909 0.0 46.56894 
1000.0 26.19576 44.6056 17.17974 0.0 14.65189 24.01021 27.82212 18.52822 41.00124 10.22977 44.08758 0.0 13.26225 47.83263 25.85245 26.05295 24.78233 44.38712 19.84091 0.02036 16.17374 22.41457 43.04988 43.42996 47.16109 36.88737 36.84672 15.61887 28.40624 11.08642 13.23164 28.46542 47.91357 29.13895 37.03274 12.38112 38.75087 21.57971 25.72958 27.17368 43.82582 42.03521 36.46495 26.08524 41.95424 18.91849 0.0 15.43347 0.0 25.40327 
1000.0 10.00407 32.76084 16.86685 0.0 16.40771 41.62372 35.60403 31.84109 13.92773 34.43041 19.24742 0.0 44.45756 29.90164 33.16907 25.20864 39.93547 31.41556 39.25799 0.04881 46.35498 31.8612 30.97222 28.57469 23.37864 43.81328 25.8294 14.98362 28.26866 45.89409 14.89817 17.47597 29.14727 39.83709 47.68274 28.43722 44.72345 24.19956 31.50932 9.61989 26.58271 24.53135 21.56202 31.16454 29.33777 39.31908 0.0 29.45151 0.0 22.83233 
1000.0 18.48726 22.06129 9.65006 0.0 12.29711 40.59854 43.32003 29.679 20.02657 27.90808 28.93796 0.0 42.8111 42.64974 36.76859 45.24949 16.92204 36.2514 32.99119 0.02802 14.77615 47.47355 28.4769 16.31894 31.66027 17.67707 39.08042 24.14501 34.31572 34.94084 24.35708 33.45264 26.54543 42.011 20.28131 46.03361 37.80054 45.84555 33.27462 9.9756 10.03579 47.40748 10.64351 32.25891 25.65994 47.77173 0.0 41.64115 0.0 47.60529 
1000.0 47.96533 10.28272 21.78225 0.0 32.56633 21.03962 18.9559 21.6498 41.89991 9.76847 30.80236 0.0 45.83288 46.47614 28.17004 42.5262 29.43187 30.13991 46.24316 0.0192 15.2567 24.00989 42.55265 35.28821 10.07958 40.5303 23.54769 21.46148 35.13226 13.11338 31.46536 39.9269 17.08311 32.10522 35.75545 12.28128 27.30091 39.37447 11.55272 40.4188 16.97929 37.18806 36.6079 46.49387 21.99735 30.6837 0.0 41.57152 0.0 32.24371 
1000.0 45.94888 47.83755 29.18883 0.0 37.3408 15.92063 17.20366 42.35508 33.85646 37.50424 45.08314 0.0 39.04163 26.27705 32.90377 39.21463 26.73995 27.9811 45.93627 0.04104 16.58939 31.82942 14.11597 36.65077 39.5456 18.91409 35.37803 10.14382 20.10451 40.00559 42.73304 14.82438 20.48695 14.76055 46.71854 13.37983 32.27109 39.45567 15.1295 41.34927 39.90887 42.10491 41.25747 46.72871 44.22394 10.82581 0.0 22.64139 0.0 18.60566 
1000.0 22.55052 43.86199 16.10995 0.0 27.63143 28.29644 22.72774 39.08149 9.76204 27.4173 17.67524 0.0 26.21068 35.69824 43.73932 30.46334 37.02978 38.57418 40.34912 0.04292 23.21724 29.15013 36.17107 12.75849 21.88404 38.15833 36.29696 11.9035 44.24006 15.51851 14.5838 17.86907 28.4701 32.11656 27.83723 22.04401 31.67748 31.98502 15.85077 45.69652 44.96796 27.95822 15.26411 11.64195 40.21102 9.78626 0.0 10.68379 0.0 33.34304 
1000.0 12.84705 39.84276 32.26659 0.0 40.40277 22.06195 36.08688 44.76107 39.21309 29.22463 31.60585 0.0 23.25409 22.7127 33.40397 10.67491 13.70901 47.53326 47.71832 0.01295 21.56022 17.71914 25.99727 31.99549 40.04112 20.4434 41.06302 19.88538 16.06883 28.254 36.68094 18.36063 36.5248 17.82667 15.94293 37.09038 29.89599 22.02822 20.88052 25.54186 40.79297 36.48319 25.87368 10.55718 43.53286 18.07807 0.0 9.93532 0.0 16.54737 
1000.0 26.59168 19.63795 47.15234 0.0 18.52674 43.85589 17.00188 24.16911 26.07947 27.98801 34.98329 0.0 38.68203 25.85041 34.1801 19.9089 44.68759 28.01192 15.59924 0.043 40.66858 28.79827 12.73669 40.27217 33.02628 18.64407 13.69296 40.38595 39.06298 14.13835 31.81395 22.82942 44.88712 31.96645 29.96021 34.80716 33.63442 24.20511 30.54764 35.88759 25.69198 46.99074 30.52772 28.46724 36.87871 29.13524 0.0 46.66733 0.0 40.3717 
1000.0 0.0 0.0 0.0 33.88105 0.0 0.0 0.0 0.0 0.0 0.0 0.0 19.92588 0.0 0.0 0.0 0.0 0.0 0.0 0.0 0.0 0.0 0.0 0.0 0.0 0.0 0.0 0.0 0.0 0.0 0.0 0.0 0.0 0.0 0.0 0.0 0.0 0.0 0.0 0.0 0.0 0.0 0.0 0.0 0.0 0.0 0.0 20.13494 0.0 15.696 0.0 
1000.0 36.17454 15.38816 42.68557 0.0 39.13061 45.58772 25.22367 14.74428 39.17759 35.25581 14.14693 0.0 47.91277 18.93629 21.10173 46.46652 23.54626 29.18738 13.69468 0.01627 13.98637 17.17312 10.51583 45.233 26.36981 46.86008 15.53569 41.16855 31.26357 15.89523 45.05922 30.57923 32.11002 18.60777 43.12474 23.36492 41.38611 36.54843 46.56107 17.5167 11.74532 46.88213 29.9004 26.32017 40.20079 18.65146 0.0 37.87596 0.0 15.4665 
1000.0 0.0 0.0 0.0 36.456 0.0 0.0 0.0 0.0 0.0 0.0 0.0 25.61266 0.0 0.0 0.0 0.0 0.0 0.0 0.0 0.0 0.0 0.0 0.0 0.0 0.0 0.0 0.0 0.0 0.0 0.0 0.0 0.0 0.0 0.0 0.0 0.0 0.0 0.0 0.0 0.0 0.0 0.0 0.0 0.0 0.0 0.0 31.85826 0.0 35.50111 0.0 
1000.0 36.75922 30.1363 44.78071 0.0 40.46103 26.40271 23.10437 39.60757 13.7709 17.89384 21.03392 0.0 28.67532 45.7709 33.84811 28.80682 34.26633 30.35646 37.32021 0.01403 23.40855 41.55346 40.57508 40.73639 19.77334 17.61715 26.37617 28.84819 11.56115 45.84538 34.79852 27.94423 47.62319 25.26248 45.6523 22.77908 14.43978 34.9485 45.76524 19.95731 40.40861 36.75458 39.03911 38.06873 33.51755 45.98254 0.0 18.89174 0.0 36.7282 
