1000.0 1000.0 1000.0 1000.0 1000.0 1000.0 1000.0 1000.0 1000.0 1000.0 1000.0 1000.0 1000.0 1000.0 1000.0 1000.0 1000.0 1000.0 1000.0 1000.0 1000.0 1000.0 1000.0 1000.0 1000.0 1000.0 1000.0 1000.0 1000.0 1000.0 1000.0 1000.0 1000.0 1000.0 1000.0 1000.0 1000.0 1000.0 1000.0 1000.0 1000.0 1000.0 1000.0 1000.0 1000.0 1000.0 1000.0 1000.0 1000.0 1000.0 1000.0 
1000.0 25.42413 8.9533 7.14761 0.0 13.16426 24.13467 14.15983 24.08869 24.88459 21.66148 8.98007 0.0 10.14175 22.96579 27.52206 19.75717 14.51028 31.06087 19.45892 0.03561 30.28597 13.92637 32.02088 25.9495 29.3679 8.80099 15.98317 29.96525 32.58624 11.47875 24.07194 14.74933 19.81492 16.98767 28.3839 20.6884 12.01323 25.74669 25.33668 9.72208 19.67045 24.68351 23.59635 32.4603 16.83816 27.22609 0.0 8.80653 0.0 28.54059 
1000.0 25.44254 7.8308 17.55085 0.0 7.68543 23.94363 16.70833 20.07905 9.10043 26.98589 23.05728 0.0 30.0436 28.66844 6.56524 8.31882 24.49517 24.07878 11.42442 0.02871 28.28719 21.68356 17.69087 30.97905 29.51718 27.79172 9.73017 8.19989 19.0917 22.88463 11.65761 28.98708 24.30013 11.45919 18.35084 17.63803 24.22637 31.80568 6.99987 15.00069 29.44527 16.08285 15.18994 24.40404 30.40941 31.97825 0.0 16.71154 0.0 19.17587 
1000.0 13.53888 31.00454 12.8018 0.0 28.544 10.24197 20.25925 22.05276 29.96342 19.89144 29.8596 0.0 24.82612 13.26517 21.27897 23.12041 31.187 28.36053 14.84366 0.0126 22.94094 18.08896 19.56025 11.96597 20.00952 27.62504 8.77974 18.46052 20.78029 18.92322 19.89533 12.80463 8.50722 29.39666 32.05001 27.95025 9.28705 25.605 15.54718 30.07083 16.04095 15.71013 25.51299 28.1351 28.41508 28.37642 0.0 30.95724 0.0 21.33015 
1000.0 0.0 0.0 0.0 9.7589 0.0 0.0 0.0 0.0 0.0 0.0 0.0 11.30445 0.0 0.0 0.0 0.0 0.0 0.0 0.0 0.0 0.0 0.0 0.0 0.0 0.0 0.0 0.0 0.0 0.0 0.0 0.0 0.0 0.0 0.0 0.0 0.0 0.0 0.0 0.0 0.0 0.0 0.0 0.0 0.0 0.0 0.0 7.23949 0.0 9.40731 0.0 
1000.0 27.73885 18.99336 8.24904 0.0 20.83367 20.81052 29.34483 30.43464 31.93579 13.85959 27.63493 0.0 17.09867 12.90582 30.94805 18.00391 20.50981 23.6499 19.86359 0.01253 11.29143 18.45533 7.98407 27.95335 14.21438 31.73869 22.4991 28.94284 10.03411 16.16362 16.44986 28.0457 12.85658 15.58106 23.37888 17.29983 13.3062 8.57958 13.01565 15.33513 8.05471 30.03578 22.93621 28.47475 27.48169 10.55408 0.0 17.53302 0.0 32.50754 
1000.0 8.16131 28.5863 22.34386 0.0 20.2988 17.16511 23.8797 18.12454 19.62499 14.61103 14.17326 0.0 11.54676 8.82715 12.04623 27.2391 28.78115 21.46313 7.27957 0.01259 8.9875 28.64773 32.61668 26.99127 12.88179 8.23383 13.57553 28.36052 16.68612 13.00079 27.18929 32.50134 31.5671 7.67984 27.38134 15.61041 12.88474 9.53698 7.53586 7.07683 9.14384 22.88082 12.79773 18.4828 18.67627 20.46585 0.0 29.19214 0.0 31.60814 
1000.0 15.1683 28.02629 9.59181 0.0 9.54085 32.10993 12.65763 30.52686 32.3037 21.51104 17.14889 0.0 15.31261 10.12073 29.99771 27.42336 16.09984 30.08184 23.50486 0.02325 21.2163 13.33975 9.90374 29.78214 22.67434 11.60117 24.84868 19.7074 8.55381 13.9704 29.22392 16.28475 18.23765 9.90783 7.34355 26.29232 27.06515 28.64416 17.1442 31.65855 10.68572 22.01039 21.06483 31.54098 12.06123 15.98244 0.0 26.23877 0.0 12.18948 
1000.0 21.37853 19.87199 14.22786 0.0 9.73796 13.44115 10.20367 22.08781 21.35105 23.47792 9.35628 0.0 26.18479 28.71187 27.30489 23.02202 25.5564 9.71233 25.11908 0.03368 27.40979 25.02085 32.49372 25.56596 31.02098 28.7397 28.83733 31.73864 10.93971 30.99911 30.25153 14.64621 15.68948 27.10655 12.04054 30.57553 27.91575 29.39233 17.18353 28.53245 13.24968 9.48685 26.66541 9.10724 19.56563 10.68806 0.0 23.83785 0.0 32.51589 
1000.0 23.25527 26.50244 30.92214 0.0 18.82454 21.46195 23.55319 11.84146 26.10601 7.56614 31.41086 0.0 24.40706 13.91327 9.31301 27.86493 20.88701 11.83419 10.71983 0.01104 14.83962 12.39628 16.49538 24.62293 7.06947 14.22576 9.31131 14.29325 13.00161 25.44528 7.76707 27.3977 17.28215 26.62172 21.04135 30.06015 8.40617 24.60435 15.73342 29.11587 30.50384 22.66508 17.50938 12.85209 16.28638 32.20979 0.0 22.75775 0.0 9.19669 
1000.0 11.20837 28.98643 20.83565 0.0 13.08567 15.53334 24.07217 24.44904 6.95589 24.7084 30.63278 0.0 21.9142 13.48477 9.16789 27.12402 18.93215 11.66 25.45263 0.03396 25.21836 17.00149 6.68546 8.30839 16.2383 31.47916 9.92151 29.68272 24.94705 20.98516 22.44374 29.9043 17.8605 9.91347 17.41628 15.02293 32.27585 16.98518 14.22044 16.66569 24.48693 15.23691 30.97364 15.21807 27.44486 10.93618 0.0 26.84848 0.0 30.91348 
1000.0 23.98654 30.5836 31.6273 0.0 10.00837 29.86092 31.01494 16.27658 31.78333 27.11982 28.91732 0.0 14.112 25.81565 13.90905 9.16922 12.78876 8.73388 16.82167 0.03529 8.09703 15.12011 24.17531 13.39242 30.75153 30.90701 10.29649 30.99864 26.63694 11.19085 26.29855 23.10206 17.22666 18.90671 22.46879 9.04938 21.03841 11.61397 31.62363 11.5059 9.32982 26.83424 11.92597 30.98303 16.16434 9.36689 0.0 19.12773 0.0 12.67245 
1000.0 0.0 0.0 0.0 7.05485 0.0 0.0 0.0 0.0 0.0 0.0 0.0 18.2455 0.0 0.0 0.0 0.0 0.0 0.0 0.0 0.0 0.0 0.0 0.0 0.0 0.0 0.0 0.0 0.0 0.0 0.0 0.0 0.0 0.0 0.0 0.0 0.0 0.0 0.0 0.0 0.0 0.0 0.0 0.0 0.0 0.0 0.0 18.63591 0.0 18.20843 0.0 
1000.0 25.15419 31.28218 22.79332 0.0 28.29676 26.27886 18.63916 20.43958 27.30518 17.2168 25.91392 0.0 20.44644 31.99187 7.43509 13.10764 23.09866 21.06352 11.81833 0.03221 13.36548 18.80399 23.79074 12.49054 7.49553 28.72802 28.49928 18.37478 28.20464 30.88405 22.48115 21.03274 19.80451 30.22949 7.46929 16.76006 29.12144 32.20062 19.40075 9.59125 32.29086 18.65657 14.81816 17.67136 12.45879 22.2091 0.0 29.99334 0.0 15.89018 
1000.0 17.11396 11.91572 13.90896 0.0 25.48533 21.28081 16.77555 18.58991 31.88616 9.55818 7.76283 0.0 22.12783 22.17815 13.32773 27.46689 6.85989 11.22688 31.35705 0.01058 18.66761 30.65624 28.31552 15.19297 11.34298 25.2445 11.06812 32.67656 32.56928 25.04364 10.26711 27.57313 22.34363 32.6508 12.25529 14.00935 27.20604 26.55791 28.43304 26.91803 26.06231 21.25473 20.94729 13.43581 29.76481 20.90127 0.0 9.08783 0.0 15.09922 
1000.0 7.3755 20.63948 20.98049 0.0 6.66035 17.48295 8.6149 13.91975 8.16177 16.8813 29.6885 0.0 13.14127 9.49657 12.89193 23.81332 30.03322 24.21745 23.35997 0.01329 29.64526 19.91292 31.35941 6.65763 8.79657 22.32265 22.23938 24.34237 9.93281 16.22207 23.43557 9.32204 14.48323 19.96017 27.51063 31.46385 20.78792 7.59608 8.48446 24.36284 14.76587 25.45765 25.15915 31.83612 20.49173 23.48665 0.0 11.0886 0.0 7.66991 
1000.0 11.19477 13.09445 13.63995 0.0 14.37571 13.2981 7.18224 11.86 14.40801 30.4952 19.55834 0.0 17.94658 8.77289 18.9201 26.3261 19.27179 8.61786 26.42193 0.00994 20.20334 19.3352 13.11172 25.75073 29.97085 10.81713 28.24127 9.93764 21.76611 6.79455 15.98627 26.30774 15.34732 26.24918 24.39653 25.20833 23.50863 20.1776 26.8312 25.40227 31.94602 31.15862 18.8968 19.18323 21.05012 28.19505 0.0 19.67664 0.0 15.93697 
1000.0 8.73942 31.12608 23.50116 0.0 18.39997 24.22334 19.2265 10.03414 11.18406 9.45624 32.11796 0.0 32.54906 18.31658 19.81531 15.34784 31.06064 22.04609 23.82875 0.01158 15.07467 9.83204 10.2262 9.70197 23.14981 7.48402 17.91065 31.12646 21.88259 7.07792 21.20093 29.43977 14.20993 23.32701 14.1513 14.95046 14.95352 19.21723 22.80385 17.86844 8.62348 32.08854 25.55599 27.21284 19.35197 15.12133 0.0 6.73758 0.0 8.44586 
1000.0 24.55478 14.65514 27.18244 0.0 10.99708 15.04148 16.44822 10.56129 8.73888 10.82545 23.31174 0.0 31.10843 31.01003 9.64269 23.96621 22.59137 19.30502 25.34872 0.03338 19.3161 25.10762 32.35805 11.15678 12.08009 16.97887 29.77259 15.12011 24.46575 21.45703 11.50803 20.47132 31.6126 15.48041 19.51729 9.8529 15.43737 28.78186 6.73198 15.33691 17.34104 7.6193 9.4619 17.04024 13.4659 16.23559 0.0 14.20081 0.0 26.15349 
1000.0 21.05813 12.64358 7.96487 0.0 31.82841 28.97381 19.43239 25.47582 21.21763 6.69856 29.20992 0.0 23.99283 19.39273 10.29891 25.81966 21.20315 31.32963 25.28839 0.00846 29.00164 21.4177 15.09953 15.43617 31.74401 9.03787 22.73871 9.97384 9.93009 14.84279 14.57157 9.5784 25.15397 13.9413 11.41071 29.25908 25.19768 26.33244 9.43074 25.30526 14.08488 32.67797 16.06677 21.73613 16.96525 31.19034 0.0 13.38069 0.0 13.81323 
1000.0 0.13713 0.13859 0.14932 0.0 0.07039 0.15864 0.03495 0.06303 0.09176 0.15237 0.09837 0.0 0.06901 0.04309 0.11871 0.06721 0.13607 0.13339 0.09817 24.56454 0.16069 0.11011 0.09511 0.15359 0.06317 0.1617 0.10208 0.09914 0.09509 0.12501 0.05228 0.16129 0.12692 0.1565 0.06496 0.10682 0.13095 0.12882 0.15749 0.07606 0.10484 0.03646 0.07198 0.04368 0.11734 0.13969 0.0 0.14278 0.0 0.14981 
1000.0 9.04936 19.42044 9.98742 0.0 31.14678 20.08907 27.34529 27.63297 12.13264 14.37071 10.02796 0.0 12.8731 28.12901 13.00356 26.38583 10.23364 11.10734 28.58273 0.03205 25.46631 16.01658 8.59084 30.15162 18.36539 12.56702 30.33741 12.94234 9.8086 26.99844 9.77904 32.54627 10.43585 29.5592 25.05107 24.13944 26.82522 23.13405 11.38345 32.29784 11.27962 14.39385 29.70095 30.14197 14.43436 12.15154 0.0 21.04482 0.0 6.87487 
1000.0 11.09941 12.41722 17.29601 0.0 26.73138 14.80571 31.51737 23.3797 24.46284 30.81281 15.77318 0.0 22.1809 29.25585 29.41281 23.87586 21.22148 29.91831 27.62518 0.02617 27.65058 7.05319 29.77427 6.6631 21.32575 29.5237 6.7744 29.89298 20.95737 28.37828 32.44217 17.88723 12.22763 21.35206 30.08851 25.10628 22.60001 30.81025 23.76063 23.53847 20.05158 23.18063 18.2669 20.81201 23.74987 13.85827 0.0 15.09256 0.0 31.41812 
1000.0 25.19653 21.08463 25.63343 0.0 12.73143 28.77412 24.44383 15.88923 18.30387 20.57851 15.73535 0.0 16.40902 11.46509 11.74621 19.96668 23.1966 22.474 20.20533 0.03415 32.23375 21.6917 23.86542 30.74109 24.51528 10.39112 29.6263 24.78973 25.55973 12.91282 10.48044 10.10958 28.91983 29.77836 19.7812 31.89501 11.86641 27.29403 12.39702 20.42456 20.24852 8.0837 26.41939 26.51468 7.65184 21.27366 0.0 29.78794 0.0 31.67797 
1000.0 28.54401 28.68566 7.43129 0.0 27.60878 29.16665 15.3763 18.35934 14.7884 20.33632 24.1234 0.0 20.50038 15.3853 11.36109 21.13371 21.87947 25.4894 8.29093 0.03969 20.17845 13.2116 17.25576 9.07915 32.54812 7.95486 21.88405 19.13054 29.73614 7.17829 22.82822 22.24879 29.94838 11.02732 22.97844 6.98422 27.81306 16.75643 20.05674 9.01914 29.95999 20.39662 26.25287 16.91072 30.68057 11.312 0.0 19.07877 0.0 26.34781 
1000.0 18.63936 17.75772 31.55604 0.0 16.28237 8.8877 20.59573 15.7605 8.56072 31.68573 20.58224 0.0 18.57763 12.179 18.74682 29.09149 25.28187 7.906 22.05136 0.01377 24.48255 22.0607 32.69441 18.20203 32.46057 24.97795 22.19871 13.87517 25.28971 15.39391 13.88149 17.06572 18.42715 18.80859 22.01112 18.90925 14.55371 15.87706 17.46204 19.48812 25.14326 18.31122 9.48706 14.05408 27.00825 18.7041 0.0 32.27621 0.0 7.75287 
1000.0 26.84545 26.26188 30.29973 0.0 31.71344 12.50418 12.28661 24.23607 18.77001 11.54909 24.00471 0.0 31.74284 15.89626 13.44884 30.0372 12.3285 26.25862 10.486 0.03336 24.96752 29.32748 30.14467 31.58411 30.51447 10.83612 16.92081 27.0567 15.37359 26.36955 23.51632 17.20031 24.8418 8.26532 15.81021 21.85607 28.79241 28.09929 21.91335 21.96231 20.43818 10.17205 31.39875 7.78365 21.91533 7.07682 0.0 23.84292 0.0 11.93634 
1000.0 23.32944 12.81931 21.37161 0.0 6.89978 28.86601 18.57979 8.55245 23.01135 7.44931 6.78332 0.0 16.13937 20.72455 11.13846 29.28513 9.71039 8.5419 16.69478 0.01052 18.11742 28.55769 26.037 12.47037 27.96154 30.46908 22.87028 23.85207 10.68583 31.464 19.01389 16.02318 12.68377 26.92974 29.64942 14.85126 26.9084 20.36809 24.02977 8.87866 15.33895 26.93357 26.49672 20.94458 24.36195 17.34342 0.0 9.35207 0.0 14.72781 
1000.0 24.8237 19.8322 16.99905 0.0 9.64663 7.53343 20.62639 14.5805 23.66943 31.29387 17.2357 0.0 6.90818 26.99069 30.60592 10.85844 21.70322 9.33448 11.29915 0.00811 31.63259 14.67737 23.11115 17.94893 13.00645 30.06738 29.9978 12.09671 18.5895 24.63823 26.96809 16.85181 6.87356 15.33536 17.28082 27.01847 7.92979 28.22056 26.28053 26.44815 8.23991 13.06124 20.92899 22.61194 26.0706 16.34677 0.0 8.8559 0.0 11.51797 
1000.0 21.73969 16.01004 17.97529 0.0 16.93838 28.72181 27.59202 9.79517 23.62675 19.66126 19.67974 0.0 29.13493 12.60807 28.02175 30.319 9.52406 6.74223 30.70824 0.01519 9.65678 32.23927 11.83919 8.68927 9.37763 17.5968 10.67875 12.36311 9.56175 21.30593 26.54251 22.2647 22.43622 10.02487 19.97475 12.61291 25.77112 22.49037 14.36219 31.32761 26.72137 13.47567 19.23593 7.79017 12.67725 29.71663 0.0 7.27167 0.0 9.64165 
1000.0 19.6946 6.68509 23.53148 0.0 15.61818 20.15483 26.32017 27.34947 32.45682 20.19941 6.85522 0.0 10.8287 31.29118 14.5636 29.39623 8.06416 19.55411 21.64508 0.02932 20.30277 13.08398 27.94446 10.95471 22.48901 20.165 6.65778 22.77963 17.64015 31.3614 31.76035 27.09614 14.62102 14.2533 21.62493 23.11834 24.82895 9.21147 13.11024 26.7244 15.22264 10.41305 24.50824 26.754 16.25456 8.87539 0.0 32.18286 0.0 9.73211 
1000.0 15.11753 14.03128 28.99509 0.0 30.63803 23.23068 26.04354 27.34925 9.2813 29.16876 19.30654 0.0 15.25451 15.50536 24.05434 23.10317 31.8368 15.48114 17.37297 0.02503 14.93282 9.4701 29.70938 20.36165 25.04666 19.48553 12.69108 12.40535 28.28591 32.5354 13.16603 31.98399 32.26554 10.87955 13.4823 21.55 21.41629 11.27576 6.80565 23.17633 18.65013 21.8504 31.92472 22.69941 28.05438 27.46407 0.0 31.86653 0.0 18.80587 
1000.0 31.09678 24.97022 7.81372 0.0 14.86044 20.77276 18.21911 20.69157 25.39851 11.11312 15.34145 0.0 25.4543 18.85024 25.03798 25.37579 10.5676 9.84977 14.81231 0.03217 7.87472 30.38547 28.07874 28.56875 20.4096 17.59654 29.97352 19.664 31.41072 11.24721 29.16377 15.3702 12.41425 10.98395 18.04532 9.71348 11.98208 14.46907 23.57016 22.36886 29.66684 15.25841 14.42345 22.32398 20.33765 14.4789 0.0 30.65775 0.0 25.80809 
1000.0 15.16111 25.27309 12.62707 0.0 10.83799 32.10391 15.3318 24.63853 23.5283 19.78305 32.14863 0.0 18.01904 7.77962 21.0116 20.89902 9.0294 23.79135 23.03399 0.03401 16.09043 19.50894 30.74892 13.21689 16.27395 27.26652 17.16974 24.59443 20.97186 24.26994 15.76784 20.23955 8.90165 12.09234 12.01664 13.81735 17.05226 16.91322 27.36818 28.55165 15.39086 27.93446 19.58794 22.50134 31.07867 7.98296 0.0 20.7747 0.0 13.82365 
1000.0 29.3027 25.8175 19.92798 0.0 25.33496 32.57554 25.82937 22.03843 21.30114 28.40154 14.40413 0.0 12.94086 15.38051 22.56195 32.56408 8.64669 30.20039 9.14384 0.02904 17.12245 22.16523 6.60443 12.0635 27.20485 13.41214 6.85187 19.89982 23.63174 32.45279 8.0849 20.01249 14.7911 30.44663 24.54501 25.25071 25.41695 28.81524 17.83489 7.81742 31.3874 16.32103 24.41408 10.71212 32.38107 26.02665 0.0 14.6958 0.0 22.61723 
1000.0 9.82927 17.97182 21.18568 0.0 17.08059 26.92337 13.46393 32.4608 22.69811 28.81567 14.30184 0.0 25.24433 18.54018 13.23188 20.96424 23.27448 8.85932 25.96137 0.02869 8.13215 20.75754 17.18838 29.24571 27.41069 29.02333 12.12526 14.62676 6.87524 11.89153 17.90313 10.06243 21.31176 26.98404 14.92029 11.52897 26.34251 19.00779 12.12517 14.86022 29.40256 26.59942 8.02864 16.46555 18.04876 32.6671 0.0 31.2894 0.0 22.50926 
1000.0 21.94484 28.82982 28.70428 0.0 15.32363 16.83407 26.29315 9.40198 28.80472 20.18744 20.09285 0.0 7.8967 14.29346 28.05632 24.48735 17.98605 7.97226 7.45719 0.01408 30.72175 18.22888 7.99685 11.9418 11.15468 17.34579 8.40657 23.30336 13.03582 32.54108 23.12725 24.39 23.73855 10.67019 12.65137 7.25303 30.82946 31.28 23.0703 31.21946 28.97606 14.62657 19.85977 17.19903 13.15042 15.88743 0.0 11.69565 0.0 12.96927 
1000.0 10.87464 21.83134 23.92909 0.0 29.10241 10.12126 30.70449 20.60402 12.46834 12.992 14.06252 0.0 21.32941 28.17161 29.46795 20.51206 16.00429 23.54307 30.94618 0.03278 18.07369 10.55908 21.12427 26.99384 30.13396 13.58512 25.18749 21.4579 22.59483 27.8256 15.3559 13.89712 11.03905 22.76833 16.19541 25.59507 25.36412 19.291 10.76017 23.72795 8.09692 23.35063 16.00742 16.45058 23.55541 12.12052 0.0 25.77767 0.0 30.0894 
1000.0 20.31741 22.53863 12.72058 0.0 32.3608 31.79315 24.54374 28.02769 10.86062 13.815 12.69768 0.0 20.0695 31.24033 28.90423 13.16015 24.39801 16.07644 25.26062 0.03385 11.64771 22.52394 10.29079 32.43886 16.31435 15.54964 31.30553 27.91122 12.36081 9.10307 12.1455 7.90955 23.6281 31.38231 20.62753 28.22775 14.57141 31.55166 11.13337 8.9907 32.41274 17.39894 31.71912 27.72437 22.35908 22.31117 0.0 32.16909 0.0 14.43927 
1000.0 19.14017 15.79803 21.76737 0.0 26.8907 31.54974 7.12397 29.34998 12.36786 18.09482 11.32712 0.0 10.87824 32.30432 31.87621 23.39225 14.78731 20.78677 10.32701 0.01556 15.31507 18.29673 7.64933 21.13755 17.84152 18.09396 27.90162 29.64894 27.81776 18.33115 15.09765 11.61329 25.40561 8.01085 25.04819 18.03929 13.73681 9.36733 16.97801 11.4556 20.44014 28.08012 16.92679 20.43886 17.545 15.88402 0.0 19.28435 0.0 17.64498 
1000.0 9.35356 28.22018 23.64011 0.0 32.6471 18.49807 17.94518 6.86205 11.19405 7.67895 12.66807 0.0 31.07145 20.79418 30.8513 29.79608 24.0904 17.94394 24.96962 0.03883 7.46439 18.98745 30.90076 13.59454 27.89497 24.54897 13.95889 13.67554 32.55805 22.68169 21.83007 9.33539 14.84613 24.18756 17.89531 16.47871 23.90973 29.5237 20.48838 24.36511 10.98455 6.98772 31.4826 27.01012 13.25673 7.20236 0.0 13.15032 0.0 16.98039 
1000.0 12.88476 31.10979 26.47679 0.0 30.40577 7.12845 10.97662 24.90631 9.65506 11.02574 15.11787 0.0 24.86459 30.46529 27.86665 18.92893 22.26539 16.70756 17.56062 0.02743 26.76735 17.84501 30.31941 8.37629 19.93549 8.29569 19.94436 15.6841 17.0462 10.71308 13.30498 28.5206 27.00453 15.56993 7.9291 20.40578 21.69611 8.32192 9.81707 9.2044 17.29358 26.5019 8.80258 21.00674 18.12194 9.72026 0.0 9.17871 0.0 31.62923 
1000.0 23.52122 11.48197 14.2297 0.0 25.03927 7.2104 28.37036 13.12512 20.98897 8.77351 18.82098 0.0 13.62933 15.66351 12.29799 6.79896 24.73154 12.01948 23.03904 0.03144 7.23324 17.37819 16.65609 25.21753 29.56448 29.43532 15.76396 21.38412 9.64664 11.79473 7.40723 28.90141 16.78597 15.11097 10.76568 11.53103 19.42822 18.99329 28.03358 18.17378 26.88805 9.66528 7.00984 7.83675 13.74634 20.91505 0.0 31.02656 0.0 15.47901 
1000.0 15.80533 20.0942 20.38075 0.0 18.99603 19.71278 28.49241 20.39542 26.37781 28.15155 11.91808 0.0 8.21271 31.30323 26.43798 11.28643 14.44291 8.23846 18.68748 0.02593 28.34409 27.45924 26.80698 28.91313 7.35498 24.8444 16.38896 11.16475 23.74843 22.32299 14.70278 11.13242 10.44831 29.95918 13.64898 28.90228 32.24412 11.45461 32.1499 30.48911 26.66965 6.85455 15.37541 6.96819 19.45104 20.6181 0.0 16.98153 0.0 25.96435 
1000.0 9.43242 23.7024 14.02702 0.0 26.30373 15.70108 23.77102 6.66272 27.8192 32.64 12.2462 0.0 13.00174 27.20768 24.44222 11.34438 21.48221 27.7093 15.96447 0.0264 16.09587 25.57451 22.31876 21.15202 28.56454 8.28129 21.24191 9.21584 32.55388 24.96141 23.15918 16.17869 7.57854 26.85188 10.62844 32.42812 25.91567 27.25835 18.50919 17.89807 9.10465 25.13209 31.1048 19.03825 24.71166 30.75869 0.0 7.48052 0.0 12.72016 
1000.0 12.01253 26.12193 9.35133 0.0 23.77379 18.53588 22.38103 28.95863 12.14243 24.67692 12.51493 0.0 31.60642 10.04346 31.42256 26.68218 10.53556 7.13903 19.47719 0.02069 9.87469 8.44332 11.19583 8.09771 19.96327 28.07298 9.63344 17.44099 16.37406 9.5918 6.77131 12.16167 11.68174 11.51342 13.57198 23.5247 27.72294 6.72982 6.54884 17.39279 30.53424 8.73009 9.2705 17.13906 14.68089 20.46281 0.0 15.99027 0.0 25.06033 
1000.0 31.83842 22.8641 7.56154 0.0 10.44953 8.68674 32.01703 22.75813 30.59309 11.63216 21.92173 0.0 18.73833 19.24361 16.55511 15.32615 13.56284 23.26255 21.26196 0.01001 16.36247 19.00823 16.72187 21.50182 16.88985 16.76249 29.11048 19.57295 7.40265 16.37889 22.18772 15.94348 21.77785 24.1156 14.05873 29.77187 8.96104 19.52342 32.16741 18.00303 11.66505 17.28779 25.57501 22.14992 30.76522 20.30994 0.0 19.19656 0.0 16.69778 
1000.0 0.0 0.0 0.0 7.30884 0.0 0.0 0.0 0.0 0.0 0.0 0.0 19.43654 0.0 0.0 0.0 0.0 0.0 0.0 0.0 0.0 0.0 0.0 0.0 0.0 0.0 0.0 0.0 0.0 0.0 0.0 0.0 0.0 0.0 0.0 0.0 0.0 0.0 0.0 0.0 0.0 0.0 0.0 0.0 0.0 0.0 0.0 19.51272 0.0 20.83192 0.0 
1000.0 7.17875 25.08454 6.60526 0.0 18.89159 27.37781 9.07912 18.41598 8.49064 7.44034 17.62173 0.0 6.56215 17.86924 7.46736 16.58924 30.12574 13.94513 13.42622 0.0105 28.24569 13.76576 29.36593 11.02284 8.64462 16.10324 14.05372 12.27888 26.24975 8.56197 11.29992 20.88736 28.93369 12.4831 27.57514 30.79705 11.74519 29.32385 17.90288 15.95882 28.0513 15.46174 21.23877 19.48493 8.5514 29.61246 0.0 27.82711 0.0 11.68347 
1000.0 0.0 0.0 0.0 14.96176 0.0 0.0 0.0 0.0 0.0 0.0 0.0 8.93344 0.0 0.0 0.0 0.0 0.0 0.0 0.0 0.0 0.0 0.0 0.0 0.0 0.0 0.0 0.0 0.0 0.0 0.0 0.0 0.0 0.0 0.0 0.0 0.0 0.0 0.0 0.0 0.0 0.0 0.0 0.0 0.0 0.0 0.0 31.81522 0.0 29.70781 0.0 
1000.0 10.17591 30.88704 9.35644 0.0 27.81778 20.11878 14.67922 14.94316 9.49175 18.76494 22.49292 0.0 28.06862 19.501 11.2421 15.76775 25.85262 14.2069 6.98883 0.02954 14.55259 29.53151 26.43648 22.76323 10.96734 31.36285 14.45105 16.41589 15.4828 9.18348 18.13952 21.65748 16.70145 12.5985 19.00007 14.36217 14.06804 24.47681 7.89558 9.59978 10.17141 23.8919 7.10282 9.79591 30.41385 7.07431 0.0 25.86517 0.0 23.12696 
