1000.0 1000.0 1000.0 1000.0 1000.0 1000.0 1000.0 1000.0 1000.0 1000.0 1000.0 1000.0 1000.0 1000.0 1000.0 1000.0 1000.0 1000.0 1000.0 1000.0 1000.0 1000.0 1000.0 1000.0 1000.0 1000.0 1000.0 1000.0 1000.0 1000.0 1000.0 1000.0 1000.0 1000.0 1000.0 1000.0 1000.0 1000.0 1000.0 1000.0 1000.0 1000.0 1000.0 1000.0 1000.0 1000.0 1000.0 1000.0 1000.0 1000.0 1000.0 
1000.0 36.04361 19.34134 22.04869 0.0 33.79129 37.89698 20.5893 20.03536 25.05968 20.59833 16.5701 0.0 11.08922 24.39503 25.2124 25.73614 36.955 21.26089 20.3186 0.01178 16.43764 26.5974 17.10963 32.31504 26.84807 22.9568 37.84676 25.94903 18.3176 27.07271 34.47694 24.83213 36.59753 21.71555 31.84452 12.39361 11.28306 17.82782 27.60647 20.95428 8.6622 12.407 20.65105 34.81392 29.58228 17.96261 0.0 9.28576 0.0 11.91403 
1000.0 7.75283 21.61433 16.30277 0.0 25.38791 14.62152 7.92082 13.12231 35.68025 22.8627 24.82949 0.0 29.19591 31.17771 23.17893 16.35443 8.88775 34.86069 33.39202 0.01606 27.40392 29.65202 11.70952 33.29557 32.01395 33.91046 9.87476 19.2682 29.85414 29.95162 11.63136 15.5896 37.11475 36.32939 32.43176 9.19511 11.33731 32.39862 31.63995 36.92501 36.99652 24.66196 36.91104 8.75178 14.2611 24.07558 0.0 35.42254 0.0 25.03026 
1000.0 15.08052 32.96309 34.79093 0.0 18.02898 24.37334 12.62088 15.28104 38.62903 23.92076 9.54848 0.0 14.74157 13.26933 8.50817 35.08833 9.8071 36.31559 22.78207 0.02622 34.87356 17.96818 9.50218 19.68234 28.41076 11.1898 33.12271 20.21288 24.61189 34.87552 19.63558 33.04157 13.03937 12.36772 10.31073 15.69286 12.01581 26.86801 29.37807 17.37538 15.67659 37.34018 16.83874 11.82011 33.55698 23.3432 0.0 12.50764 0.0 20.95243 
1000.0 0.0 0.0 0.0 16.05604 0.0 0.0 0.0 0.0 0.0 0.0 0.0 21.04407 0.0 0.0 0.0 0.0 0.0 0.0 0.0 0.0 0.0 0.0 0.0 0.0 0.0 0.0 0.0 0.0 0.0 0.0 0.0 0.0 0.0 0.0 0.0 0.0 0.0 0.0 0.0 0.0 0.0 0.0 0.0 0.0 0.0 0.0 24.80038 0.0 19.49808 0.0 
1000.0 32.36001 18.03443 13.48142 0.0 15.33144 8.77661 38.59418 35.94458 38.05606 14.28106 18.62676 0.0 24.80219 33.87987 12.74602 12.18454 32.50086 27.43726 14.94386 0.04116 34.00239 38.50518 16.07837 8.83207 36.55016 13.33597 27.24341 27.83644 13.01852 31.92306 7.85235 18.88971 15.93652 12.42561 22.51125 28.21447 28.65921 28.6724 28.21195 26.1112 29.21391 18.06412 31.05599 31.35502 32.84188 16.80781 0.0 17.26514 0.0 20.79322 
1000.0 35.25272 16.63646 33.74117 0.0 21.81429 34.34469 10.38855 20.53926 22.92678 20.29654 22.66352 0.0 8.48102 13.07813 20.42223 17.5453 22.72121 15.46951 26.01111 0.03369 29.10151 16.42174 9.53499 13.96408 30.92302 25.75735 12.15021 33.75109 23.22921 13.37847 19.81725 14.33842 13.05856 34.66156 25.51982 36.10408 17.06037 34.47572 36.77418 37.98425 12.31411 37.90271 30.52842 19.25868 13.92638 12.39013 0.0 35.89543 0.0 10.36177 
1000.0 13.37019 17.06536 33.98545 0.0 15.94438 27.71921 30.59982 27.91722 17.62686 35.29027 29.18217 0.0 21.65715 23.13226 12.03592 21.89395 26.93673 11.37533 11.60299 0.02151 17.43078 21.89377 28.09945 8.20729 10.53503 25.40182 24.02218 11.28319 20.98397 37.23633 17.17235 22.72796 23.69003 12.29785 37.11486 26.08546 29.04134 38.13582 21.75532 34.17682 9.69505 13.13741 27.69541 11.92993 20.66587 32.68493 0.0 8.71608 0.0 21.62023 
1000.0 18.33388 16.64601 12.84445 0.0 15.32611 26.5197 34.392 25.98322 10.93502 36.85488 14.12828 0.0 11.52362 14.19787 27.56053 20.32176 8.77869 8.00041 37.19367 0.02394 17.83164 20.01112 25.70756 23.27993 22.33944 15.35394 10.43189 32.40392 38.32538 14.93898 33.25871 38.18092 16.54289 37.9065 17.63457 18.86919 16.77909 31.54819 10.40388 32.16667 8.73619 29.13315 35.88918 28.33438 23.51476 17.34026 0.0 17.11536 0.0 10.85125 
1000.0 38.15516 32.83235 16.28966 0.0 31.04982 21.40307 19.69537 15.50863 20.33987 38.72049 8.49183 0.0 13.91386 33.26648 13.08878 37.90285 35.28376 10.14578 30.39411 0.02025 8.76649 37.74671 17.55749 35.42594 20.75719 15.36338 9.20144 22.84046 36.10914 9.85634 34.52334 17.07987 13.52257 11.98903 31.13905 18.87282 30.33047 27.45417 25.78286 34.70983 27.28425 32.53665 27.53733 22.98764 25.75305 14.1729 0.0 14.09023 0.0 18.59438 
1000.0 21.82723 22.26604 13.98772 0.0 14.32471 30.38437 21.29096 17.72075 20.97955 20.04398 26.30093 0.0 32.27625 16.42225 20.27411 17.1154 22.34437 10.30335 34.84073 0.01054 7.90465 7.97449 34.07756 22.13546 17.91558 26.02926 34.61563 34.78111 26.60007 30.95366 36.27107 11.40664 25.43486 17.87611 25.09708 11.28528 38.01114 18.97289 26.90589 12.30405 10.95421 13.4082 10.49612 16.0113 22.11132 27.61602 0.0 27.2294 0.0 24.08494 
1000.0 16.52925 10.54178 11.80218 0.0 31.55045 10.35756 38.43031 8.57111 25.70946 9.22777 26.59236 0.0 8.99315 20.63509 25.051 8.11379 9.87883 32.33907 25.63064 0.02001 9.35094 24.90466 37.84232 33.61164 19.96798 35.74863 36.40728 25.55746 38.13363 15.34788 24.52747 11.25179 12.68649 27.64263 10.88436 30.34981 21.06822 21.05911 15.43522 22.7299 11.55073 27.32909 16.16827 30.28411 9.00744 21.63498 0.0 20.10324 0.0 8.61994 
1000.0 0.0 0.0 0.0 35.11437 0.0 0.0 0.0 0.0 0.0 0.0 0.0 26.83892 0.0 0.0 0.0 0.0 0.0 0.0 0.0 0.0 0.0 0.0 0.0 0.0 0.0 0.0 0.0 0.0 0.0 0.0 0.0 0.0 0.0 0.0 0.0 0.0 0.0 0.0 0.0 0.0 0.0 0.0 0.0 0.0 0.0 0.0 19.52007 0.0 9.61172 0.0 
1000.0 19.45354 17.19635 34.31507 0.0 14.27173 22.83022 38.75879 36.89013 27.24182 19.7606 27.72245 0.0 38.48566 16.04336 31.38579 27.75609 37.91223 23.81812 33.52434 0.0428 25.53952 34.0343 35.76746 20.14872 10.87625 34.42741 26.92911 16.85501 18.45064 14.7645 18.77125 25.16357 33.96268 37.43106 23.51191 23.89115 31.65276 29.31544 26.52044 19.34842 9.43898 37.54584 37.07698 34.84148 27.29367 21.72912 0.0 30.66827 0.0 31.53844 
1000.0 36.94856 16.28284 15.83678 0.0 28.11784 21.76745 35.9581 20.29197 36.15623 12.48418 33.23536 0.0 22.34683 19.26025 20.57791 7.79215 24.44945 22.16654 37.6754 0.02567 18.35527 22.36499 16.42616 13.80432 12.76485 34.36419 8.34762 21.62783 23.14679 21.42077 21.74066 17.0219 8.29442 23.98754 18.35512 21.09845 9.56438 21.60125 35.29947 26.92868 38.19467 38.34905 31.04912 23.90781 29.09818 20.25624 0.0 8.58927 0.0 35.15225 
1000.0 21.26686 32.16677 9.61139 0.0 11.06247 9.75292 16.70505 12.45199 13.22567 16.11636 9.85592 0.0 33.90481 32.64161 36.95627 15.62076 30.55682 32.60628 9.42583 0.02656 12.28076 26.04338 37.28271 25.44892 21.52226 16.8028 30.34422 27.24902 21.49946 18.68351 36.48027 14.17961 21.98001 16.45731 28.51575 11.62136 15.18593 16.23747 13.88325 18.51377 34.97658 31.48122 18.78324 18.43838 12.23203 12.55538 0.0 23.61331 0.0 29.29907 
1000.0 9.46394 27.11285 32.75533 0.0 28.35634 15.47934 34.91965 27.46561 16.40594 38.18934 25.9205 0.0 31.11348 34.87327 8.74248 19.08661 11.44439 34.3879 30.00238 0.01956 15.90321 12.42794 34.07703 37.78677 20.12705 29.12121 8.0969 34.4725 37.73432 37.22772 11.26089 35.72179 16.24211 33.57247 15.27501 31.74613 12.77919 25.45533 35.74404 14.00765 18.19836 35.4669 9.22683 25.48033 23.61699 17.51976 0.0 8.14951 0.0 26.3913 
1000.0 29.60132 18.81673 32.35186 0.0 13.51554 36.28248 10.99614 25.87539 21.61655 12.26066 15.81727 0.0 36.94968 12.03446 36.67323 9.64408 11.07061 32.67997 9.64515 0.02589 34.83717 27.29696 23.32609 36.74041 24.1748 18.49198 19.22517 21.51008 32.0305 38.64154 20.21696 33.79843 17.68358 28.76844 32.75569 30.46919 24.62481 28.009 32.84172 29.26179 11.45565 11.39207 19.77414 15.8273 14.88393 32.58468 0.0 35.05351 0.0 22.64811 
1000.0 19.44249 36.39145 29.08096 0.0 14.59166 13.18557 35.17881 13.19414 9.0048 15.79582 23.47721 0.0 16.05418 31.41896 18.75262 19.31581 30.24786 36.57985 26.18983 0.03256 22.13337 10.3817 24.15502 38.73684 36.21668 26.19391 16.93982 7.78924 21.12331 9.43497 24.30158 19.16166 9.26185 30.93207 34.28913 14.73314 25.52368 20.53456 17.3694 35.89409 29.58497 17.29372 25.38413 24.51983 8.91362 34.68754 0.0 19.07555 0.0 38.21878 
1000.0 34.20023 27.51443 34.63443 0.0 16.56541 9.30814 24.92689 20.317 35.93304 16.80617 8.94329 0.0 15.33275 23.10623 30.61124 34.54897 20.28372 12.66284 14.87512 0.01966 32.1113 27.98603 17.81158 29.02343 38.31929 30.21501 37.37357 19.86038 12.05448 17.61779 18.53633 23.37591 33.07945 27.27788 16.09281 22.74715 29.19453 29.17455 35.38286 31.00903 35.91645 9.84105 16.32546 37.40348 38.74137 25.49019 0.0 24.757 0.0 25.55763 
1000.0 0.15787 0.08073 0.09141 0.0 0.13327 0.06554 0.14195 0.10277 0.08013 0.11132 0.15873 0.0 0.12568 0.03584 0.08948 0.16694 0.14586 0.11661 0.0419 22.11023 0.07449 0.16399 0.04136 0.07548 0.04905 0.16741 0.06478 0.05603 0.12167 0.04509 0.0911 0.11806 0.12502 0.05677 0.07076 0.04598 0.04721 0.05838 0.04996 0.07597 0.06654 0.09258 0.08678 0.09722 0.13369 0.15217 0.0 0.14919 0.0 0.14284 
1000.0 38.33339 35.63631 38.16427 0.0 9.8014 20.28352 25.26316 20.90035 29.33018 36.36875 9.06123 0.0 33.86665 21.33229 19.2472 26.7143 35.95121 15.46075 23.05359 0.01598 36.69654 20.715 35.14621 36.03219 11.67694 36.88444 38.67648 21.2492 17.58951 26.60334 29.65493 34.08839 18.55938 12.98222 24.08608 16.39102 11.94241 22.93276 35.81136 36.97311 12.53381 29.64681 27.92148 27.93287 15.09607 36.25519 0.0 16.05692 0.0 32.38619 
1000.0 12.31336 31.15247 19.60962 0.0 15.56607 16.23387 31.29765 10.06964 9.26791 30.59386 16.76522 0.0 31.86989 9.41366 17.20252 16.69438 25.96117 28.02624 15.45518 0.03963 24.56742 17.17351 31.24566 8.64621 38.53825 31.70908 37.59075 17.18431 18.23697 25.33126 19.79229 26.07915 26.96661 28.39614 38.22889 21.64618 29.08062 9.5212 14.12202 15.45897 34.49461 14.42093 25.0625 16.07421 36.37119 29.37917 0.0 21.30317 0.0 13.55936 
1000.0 15.24265 32.48672 17.66396 0.0 30.91207 17.64856 17.27656 22.21082 26.90138 38.46823 32.66471 0.0 36.41651 37.28584 34.37089 12.76315 17.87033 19.91896 17.82764 0.01052 14.9324 10.07392 11.78809 34.42429 30.28247 34.40176 31.33792 36.83753 28.16099 25.16229 33.06907 37.73596 19.54887 14.1639 11.98525 25.43017 19.54053 30.35665 32.51347 20.3471 22.65697 9.59776 20.8667 33.592 36.15124 7.76081 0.0 9.77853 0.0 22.48928 
1000.0 36.25146 31.07125 12.14369 0.0 35.79109 26.68713 28.0816 28.62118 26.15133 9.14578 11.65346 0.0 19.84968 33.62812 9.88347 33.13804 7.79126 18.89963 27.8282 0.03724 27.34552 34.62016 18.04281 15.66708 27.97115 20.71673 32.31361 11.27893 22.21816 31.93125 33.09694 10.88465 32.40737 25.11925 37.72681 9.29583 9.17001 21.05058 27.79937 26.64321 12.43674 30.65802 16.26557 31.66866 37.52747 10.2496 0.0 37.10618 0.0 28.36392 
1000.0 37.2213 18.4068 30.8064 0.0 30.05942 29.23657 35.5981 30.87444 28.26781 24.5186 15.03264 0.0 25.86607 37.88619 36.81727 29.85436 19.68338 26.9711 19.18408 0.03203 10.26977 14.66669 15.69994 33.4001 21.04891 21.21491 32.79308 37.46851 31.47459 25.05368 33.33073 27.07464 23.04124 25.7428 20.14789 18.19654 31.521 38.06936 8.83615 9.15493 34.96381 11.94851 25.05341 17.71433 33.94539 33.26367 0.0 33.68855 0.0 10.7296 
1000.0 12.36252 15.51169 19.55669 0.0 25.11332 18.25654 33.82711 32.80827 31.83693 38.44306 33.33124 0.0 38.32126 11.83319 12.6567 31.82761 26.19843 27.35644 19.70358 0.02139 25.34783 34.90059 20.94598 35.23696 23.24876 37.32854 35.37243 30.96582 32.36001 35.55765 29.2923 35.15147 16.45653 28.79687 19.2596 34.57136 29.39592 17.36719 9.90038 7.88694 27.83474 38.70693 18.59723 10.44899 23.58944 38.34858 0.0 21.98672 0.0 23.87851 
1000.0 26.13578 36.72744 11.21203 0.0 28.81407 34.10249 26.38159 32.15451 26.65759 37.75129 19.68193 0.0 13.83992 31.11813 27.23845 34.22925 9.9693 30.04857 27.74948 0.038 27.71898 38.19704 19.65813 16.88135 19.88967 19.17415 33.80519 19.62007 27.79063 26.72166 23.61121 16.13721 26.93383 24.96239 10.19047 35.90075 21.00221 8.46505 23.65831 29.0374 17.18852 20.00511 20.36924 12.50361 38.06136 38.45629 0.0 18.89421 0.0 10.84406 
1000.0 31.94069 32.18874 37.01467 0.0 30.54801 19.03471 24.47817 34.62379 35.50438 28.15797 12.49365 0.0 27.0065 11.87373 16.34924 18.83639 29.90092 15.20275 19.82725 0.03072 19.99229 15.42971 19.80921 12.22723 12.39178 37.55765 29.32825 28.72195 15.6127 26.14252 37.91485 29.6006 37.55956 35.05136 18.99432 31.26484 20.87027 37.33331 28.06247 13.60284 19.64523 17.75275 21.43757 16.28807 37.03115 10.26806 0.0 19.92486 0.0 13.63067 
1000.0 21.48271 25.62598 38.70961 0.0 33.39001 16.04443 17.51745 24.83763 18.31447 9.77312 19.94364 0.0 31.7239 24.78385 34.69816 31.22619 29.10926 14.26874 37.99381 0.03039 9.88285 37.10561 29.96317 16.91149 34.31574 17.28882 37.67858 32.38966 13.49062 18.87454 29.34143 25.54936 20.88783 9.39429 35.53434 11.74002 22.52914 35.84379 19.62916 24.36177 11.875 27.69667 18.21489 10.19692 22.53164 9.84665 0.0 12.40379 0.0 10.66553 
1000.0 19.4621 18.71151 24.18601 0.0 11.35053 13.42489 13.11133 26.35228 31.59378 10.22285 14.01674 0.0 25.78385 37.24218 28.30364 27.67796 36.64303 22.61176 25.43701 0.02299 12.47733 27.70493 18.6861 30.46033 13.32283 21.12804 12.80708 19.78653 19.48158 37.20954 15.82181 17.46114 14.4582 11.02622 27.86338 14.19801 8.88643 25.22164 16.58521 19.29233 26.14522 21.01599 29.63307 28.66513 35.23464 37.65903 0.0 29.15846 0.0 19.96658 
1000.0 16.06912 20.0001 15.40156 0.0 22.1239 13.21697 22.52891 11.02578 10.19996 9.95332 35.05855 0.0 21.02692 23.08142 32.79524 12.38924 37.48931 37.02129 24.06109 0.02391 32.75149 11.73542 22.98272 32.37473 33.48898 8.36022 29.31263 13.34719 29.38346 22.6043 30.35194 11.1603 28.67894 24.56122 9.33764 35.00486 23.61702 36.21302 17.37212 17.05046 10.5874 29.02588 24.58044 32.24732 28.68946 30.69839 0.0 23.71881 0.0 37.08002 
1000.0 32.407 14.23631 38.22601 0.0 26.09726 11.71649 26.55995 34.53971 36.22234 38.33442 26.0096 0.0 9.82726 19.37557 34.32643 37.38342 17.91317 29.48952 10.65493 0.02568 34.77799 8.26106 22.97547 23.98112 19.19062 32.91211 19.74314 34.04761 33.57327 29.66575 17.9045 30.63506 9.06952 17.18947 34.61971 25.38071 37.63177 28.96399 24.35192 36.49175 38.40136 16.9464 27.67444 21.00651 30.13945 9.11314 0.0 33.63909 0.0 21.27165 
1000.0 15.50084 8.49752 26.88447 0.0 24.71468 33.05674 9.47034 11.83253 21.54879 19.90065 19.50239 0.0 19.42267 21.00912 14.4698 29.72197 14.46768 21.05515 26.99013 0.03032 25.62153 11.55013 30.8207 14.20709 32.44693 23.26105 31.27362 21.02548 27.95025 15.54362 26.46274 28.01686 25.27157 30.3593 28.06769 28.85657 26.80429 17.05074 29.33271 15.65969 16.90941 13.25005 26.19334 31.41503 31.84291 26.16934 0.0 31.3385 0.0 25.29982 
1000.0 27.24082 17.23473 25.97075 0.0 21.12302 35.01838 38.20146 16.40238 33.28184 29.51743 25.39352 0.0 26.83391 17.3957 28.526 32.70922 23.96683 18.04903 14.90759 0.02813 16.42513 28.2925 10.84416 32.80534 23.73975 24.93819 21.99595 8.82614 27.87485 31.86632 30.41216 14.75929 20.39003 38.6177 23.96867 29.05868 27.67188 30.76295 7.94864 16.36296 11.4168 29.18258 16.69221 13.64283 27.13026 23.86222 0.0 37.77419 0.0 34.62137 
1000.0 21.90326 33.51798 22.19623 0.0 34.82137 15.83459 24.7979 31.79663 20.52525 29.27484 31.92833 0.0 19.39782 18.70822 31.91893 32.15903 13.5855 34.65275 30.01588 0.03673 17.69675 9.42503 36.08322 23.83305 18.83119 16.58093 28.09044 22.24802 18.32399 23.61256 20.24337 28.9612 29.84161 12.38725 15.98554 38.71252 37.62622 21.69233 10.25666 36.89931 36.22396 31.18664 34.56133 36.12776 24.09836 13.60333 0.0 34.45021 0.0 12.01719 
1000.0 26.77961 29.46079 13.48707 0.0 38.2944 15.49669 25.90036 16.34075 37.54935 26.50113 20.84353 0.0 32.97716 17.58447 38.3814 21.11505 11.17647 16.19648 37.048 0.03062 21.67243 22.17847 19.95813 31.78473 29.40712 37.45065 33.95146 30.25292 33.1461 22.53008 12.88509 16.42101 37.84304 35.34733 31.01256 30.26654 27.54224 38.69513 14.42555 34.37436 17.62451 25.24719 8.39195 31.5744 24.68202 8.2902 0.0 14.66758 0.0 9.48817 
1000.0 25.89621 34.33713 16.79428 0.0 32.89348 36.88865 16.23157 37.9523 32.77286 23.76606 17.03998 0.0 17.30014 27.74065 32.7247 10.75995 31.00799 30.82878 14.56359 0.01456 36.94455 21.44189 28.1774 9.81339 20.24682 10.07024 13.04498 25.69097 33.61412 25.54318 36.1878 38.60003 34.82833 10.35293 36.85773 17.00607 16.25865 16.3402 24.73283 34.81219 22.25472 29.8682 36.75808 18.51249 23.22307 38.40416 0.0 8.85544 0.0 36.94045 
1000.0 18.27612 20.50854 34.81153 0.0 36.29088 14.56404 16.74928 20.56747 32.0586 23.11107 9.83634 0.0 26.10377 33.48904 11.81856 27.67489 20.47071 31.14613 11.39483 0.0354 27.93404 36.32377 14.0383 36.25462 14.28353 19.96288 30.56875 9.8264 31.48773 11.47402 14.92148 25.24346 27.79706 28.20516 22.66731 16.41815 12.47075 30.23796 37.40197 32.80384 14.02632 8.79107 13.83847 22.866 18.11522 38.07874 0.0 14.56 0.0 31.0593 
1000.0 14.63862 22.87679 18.70215 0.0 38.44223 30.55211 8.288 33.87571 35.17327 11.06785 17.50054 0.0 10.28123 26.81099 38.02847 10.19517 35.8787 20.20771 37.73306 0.03264 21.76503 17.82036 22.96823 34.46806 12.58932 18.49123 16.92663 29.18303 27.41367 33.7028 13.25334 20.86793 23.17073 23.14756 17.97644 22.11029 26.22808 13.22232 14.35279 20.14309 9.40838 27.59474 18.46802 35.40557 31.14155 37.50233 0.0 33.42608 0.0 12.09074 
1000.0 17.10273 19.51902 38.41725 0.0 15.92184 23.4804 36.30532 31.60831 32.29878 19.59364 9.7601 0.0 27.75405 36.46039 18.19649 24.51643 37.94106 28.10126 30.04261 0.00914 9.09372 28.76598 33.20168 34.6382 17.03558 25.47901 8.19279 11.47928 13.74358 20.13304 27.22396 26.89347 14.32574 38.69125 25.90348 15.19012 31.89545 30.792 17.80302 32.91377 25.50225 16.3747 26.36667 18.24773 17.3138 15.92337 0.0 13.07583 0.0 34.72151 
1000.0 13.72152 32.84066 31.55873 0.0 12.79399 12.33295 12.86921 25.47668 30.48424 28.69055 22.28061 0.0 31.74695 34.00143 38.38303 26.43136 38.05037 23.62286 34.71681 0.02969 32.03122 18.65857 17.72653 37.1159 21.73663 18.37533 37.00861 11.84168 15.0186 31.95274 26.88333 17.13585 12.49752 22.43207 33.75324 31.66502 9.41551 7.76289 15.46724 38.03539 28.58792 16.48564 10.43219 8.06991 17.42692 30.80161 0.0 10.66113 0.0 12.26737 
1000.0 21.94736 8.16152 22.66657 0.0 21.62314 24.82961 8.1162 14.84215 25.97798 25.465 11.12362 0.0 23.99572 31.24123 28.67304 33.7812 32.96264 14.59154 14.13952 0.04128 27.90942 18.77644 21.09194 7.99722 11.46929 8.85702 27.22794 23.96568 9.08792 29.10835 20.13774 16.02229 15.04036 17.27872 32.26335 26.92462 12.14929 37.24724 11.85074 21.77793 32.67121 8.29469 26.65976 16.47869 28.47396 23.03385 0.0 17.91389 0.0 30.71179 
1000.0 38.5492 29.19809 21.70856 0.0 28.49655 35.33476 8.76048 28.69961 23.97152 18.88599 30.23272 0.0 10.72534 13.91542 25.27681 22.71771 20.21473 38.3358 30.91526 0.03762 23.86916 29.11936 27.60717 32.42628 17.83195 19.77312 20.7277 15.48822 18.46612 13.37612 29.54712 10.62413 27.09365 13.28179 38.25911 35.52961 22.43616 21.83531 36.66217 37.23472 14.72902 35.6293 38.47823 32.35665 9.20857 21.26217 0.0 19.54689 0.0 35.03804 
1000.0 8.00806 18.59993 25.43726 0.0 24.59805 34.97897 31.57058 8.01559 32.05896 20.51324 18.12854 0.0 29.33408 34.44308 13.82972 36.89523 21.37206 25.29021 22.32517 0.03309 13.67977 24.60999 29.19811 33.41858 16.61365 10.54719 12.93998 33.67355 34.30702 38.36678 34.32974 27.24851 33.2337 15.92796 12.00718 14.64825 12.61659 22.09726 24.44604 22.34911 15.8503 21.07063 18.02501 14.04401 32.16509 30.4707 0.0 27.72262 0.0 24.04646 
1000.0 10.51232 31.89772 36.30997 0.0 14.64659 13.36646 21.00052 38.09498 15.09119 36.7772 35.3879 0.0 30.1517 26.9052 26.84607 23.11154 29.48734 26.11168 25.08816 0.01327 38.60194 27.03075 36.40444 34.66661 11.88982 12.29439 7.84503 21.9074 19.44871 32.34382 32.19715 27.80607 32.60301 9.24639 21.67955 33.6648 36.72947 13.33539 8.44115 34.29979 23.95474 20.24131 35.63253 30.52526 38.20025 22.39075 0.0 34.4112 0.0 10.22083 
1000.0 11.93644 16.99835 11.39925 0.0 36.78546 21.35007 8.69856 36.66651 12.91975 26.34656 26.32589 0.0 10.08515 25.91148 29.10943 35.83677 36.58362 36.10558 11.84674 0.01404 21.70235 14.97093 21.84109 38.53945 15.13742 29.33577 27.47799 22.82842 28.21865 11.92301 36.13092 17.83999 14.14916 25.48209 21.65989 15.81067 26.11458 28.10397 30.47312 37.59839 30.8242 24.51893 10.23946 12.09812 29.22556 34.14297 0.0 14.15794 0.0 29.22355 
1000.0 0.0 0.0 0.0 16.15512 0.0 0.0 0.0 0.0 0.0 0.0 0.0 38.0936 0.0 0.0 0.0 0.0 0.0 0.0 0.0 0.0 0.0 0.0 0.0 0.0 0.0 0.0 0.0 0.0 0.0 0.0 0.0 0.0 0.0 0.0 0.0 0.0 0.0 0.0 0.0 0.0 0.0 0.0 0.0 0.0 0.0 0.0 27.14801 0.0 14.19584 0.0 
1000.0 17.55617 9.59566 25.28919 0.0 36.19485 22.44486 33.68378 29.42402 33.69759 17.91319 10.06575 0.0 27.10856 15.97074 20.549 36.9334 28.44006 8.91063 15.00522 0.01645 29.35401 32.31475 33.39333 18.62432 28.53737 16.15014 16.82295 22.44526 32.0829 31.29095 34.70669 23.30598 27.57463 10.59985 32.04244 10.25926 17.98854 26.29041 25.01941 8.56879 8.72015 8.01372 14.09255 14.29116 13.66161 33.62627 0.0 13.09418 0.0 28.2488 
1000.0 0.0 0.0 0.0 24.94928 0.0 0.0 0.0 0.0 0.0 0.0 0.0 28.31132 0.0 0.0 0.0 0.0 0.0 0.0 0.0 0.0 0.0 0.0 0.0 0.0 0.0 0.0 0.0 0.0 0.0 0.0 0.0 0.0 0.0 0.0 0.0 0.0 0.0 0.0 0.0 0.0 0.0 0.0 0.0 0.0 0.0 0.0 27.1334 0.0 18.66808 0.0 
1000.0 29.30732 37.16768 13.27505 0.0 26.14468 12.15412 8.38448 13.96381 13.38414 19.16901 19.96347 0.0 32.23028 27.41613 33.03079 23.07176 25.94068 17.74366 20.42999 0.01061 8.99909 21.00006 11.54119 36.29377 17.30473 20.59168 7.89846 10.19316 35.82747 27.81277 38.37097 9.89802 28.3717 19.18017 22.36614 14.94026 11.37278 33.91434 31.67305 20.46991 12.59222 21.46277 29.75042 37.63809 24.1097 25.19322 0.0 25.39353 0.0 11.27244 
