1000.0 1000.0 1000.0 1000.0 1000.0 1000.0 1000.0 1000.0 1000.0 1000.0 1000.0 1000.0 1000.0 1000.0 1000.0 1000.0 1000.0 1000.0 1000.0 1000.0 1000.0 1000.0 1000.0 1000.0 1000.0 1000.0 1000.0 1000.0 1000.0 1000.0 1000.0 1000.0 1000.0 1000.0 1000.0 1000.0 1000.0 1000.0 1000.0 1000.0 1000.0 1000.0 1000.0 1000.0 1000.0 1000.0 1000.0 1000.0 1000.0 1000.0 1000.0 
1000.0 14.26645 21.21898 32.59112 0.0 30.62998 22.25605 21.56146 31.23142 30.25127 15.29774 18.92214 0.0 18.40143 18.82409 29.8616 14.47852 8.58392 32.24727 26.64837 0.03407 7.69335 27.17078 17.34566 25.77625 24.34589 30.29472 32.3107 12.2973 7.07356 16.75608 10.74548 26.67295 32.55394 9.73667 17.93881 16.53556 23.94427 29.31287 30.68574 22.42246 28.30438 10.90612 29.59321 8.9792 9.95804 21.44822 0.0 29.58931 0.0 33.36039 
1000.0 8.69435 17.80924 26.26853 0.0 14.37053 17.63943 26.80003 16.60566 23.16187 15.44553 7.49215 0.0 11.74539 11.99441 17.36461 10.31478 22.35722 23.09077 16.18468 0.03779 10.39471 21.60816 24.60913 23.21592 8.66983 11.51892 26.18893 16.32505 30.29238 17.80969 8.39007 26.84785 32.97033 8.86889 7.73381 23.45294 9.53723 8.76838 28.27407 25.0516 32.78504 28.14986 11.26396 10.86261 29.59364 32.63404 0.0 16.64329 0.0 23.6842 
1000.0 12.67843 17.53673 16.97966 0.0 9.37484 23.7429 11.47617 15.98273 20.34675 10.91761 13.01926 0.0 22.60967 20.01492 26.01048 28.50242 14.71892 22.19959 10.91338 0.0155 16.18507 29.32267 16.90886 12.09381 31.40516 17.57253 27.10408 14.67257 20.20699 25.87884 33.33439 22.40148 13.06626 8.08865 19.06859 22.44582 18.78511 30.00573 31.552 8.89586 25.98376 27.59946 28.30995 21.96955 23.38784 26.6179 0.0 32.28548 0.0 25.52965 
1000.0 0.0 0.0 0.0 26.1845 0.0 0.0 0.0 0.0 0.0 0.0 0.0 22.30322 0.0 0.0 0.0 0.0 0.0 0.0 0.0 0.0 0.0 0.0 0.0 0.0 0.0 0.0 0.0 0.0 0.0 0.0 0.0 0.0 0.0 0.0 0.0 0.0 0.0 0.0 0.0 0.0 0.0 0.0 0.0 0.0 0.0 0.0 30.61703 0.0 12.58737 0.0 
1000.0 18.24372 30.51746 24.59331 0.0 19.52374 16.70954 26.58508 22.75065 25.99839 27.46402 30.99421 0.0 6.91192 9.78211 15.82645 17.84726 31.23792 28.26346 9.58929 0.03065 31.38391 16.35045 13.96775 12.9927 16.49288 31.7973 13.34261 29.2906 12.53898 17.93787 31.77416 10.98817 21.46926 24.50649 9.31813 19.41119 21.42206 9.86228 14.67132 11.32775 9.67303 11.83944 25.06563 16.99062 19.84168 18.7941 0.0 31.56731 0.0 22.27516 
1000.0 24.32678 20.7652 10.78278 0.0 23.17812 19.83603 15.62985 25.6266 14.35736 32.18898 12.51764 0.0 14.28141 23.79129 18.02412 25.37965 14.93371 10.29072 10.82533 0.03272 17.52737 20.25414 21.33986 12.34029 7.75716 25.96595 22.99574 29.44956 8.7698 10.77885 9.92802 12.61247 10.96502 8.35347 31.59143 19.37473 14.44231 20.71982 25.73729 20.20458 11.12585 19.78296 27.03414 7.19554 27.04163 11.45181 0.0 8.75315 0.0 7.22127 
1000.0 20.85607 28.62608 28.21212 0.0 17.65021 15.34334 10.97715 25.02519 21.74214 8.93262 17.0228 0.0 6.95871 18.79844 15.69402 31.69322 10.33006 29.16557 17.1547 0.01401 8.26687 14.72571 17.82751 12.43565 25.3736 25.40604 30.45201 17.6848 29.67877 22.42592 22.84751 10.22038 22.38468 21.91769 26.06097 11.48224 27.36931 7.99338 18.47086 31.92787 21.62015 25.9849 18.3943 24.24093 8.26994 12.08336 0.0 12.79237 0.0 16.0262 
1000.0 25.99406 22.67415 22.62398 0.0 28.85024 18.91371 29.03279 31.44682 25.94007 23.18574 26.80726 0.0 14.10064 21.89398 23.45895 17.88417 25.42931 8.48041 28.68892 0.01436 10.92046 13.49573 27.19778 30.40932 21.44888 14.60765 14.93608 32.39006 16.31554 16.08247 32.32507 12.97458 24.82808 14.20923 22.88164 10.52343 18.30885 15.21155 7.95869 25.04666 18.41693 26.12897 11.02421 18.30764 26.20578 28.43817 0.0 7.17561 0.0 10.30776 
1000.0 16.80531 21.65737 21.58613 0.0 21.05338 23.29016 31.58863 20.33868 29.49642 20.26657 23.09576 0.0 31.93987 17.96267 29.44412 17.46713 14.72491 31.62736 11.79466 0.03484 31.37822 21.52839 10.65826 18.89151 6.75903 10.41396 31.17405 28.38225 21.75495 33.24721 11.6374 18.41582 31.44792 31.10797 8.06244 18.47547 9.01126 21.03949 15.5741 14.55979 32.0276 11.00987 10.85819 10.03795 11.39907 14.10853 0.0 7.41567 0.0 31.98588 
1000.0 8.30503 24.69457 17.10812 0.0 21.68658 13.29572 20.11976 7.00128 23.82996 29.22126 24.34328 0.0 7.82214 20.02349 16.01898 19.03367 13.40673 29.34541 27.82168 0.03023 30.1739 30.01119 26.44688 10.24886 13.29003 22.11773 31.20498 25.79881 19.0388 22.9862 30.39301 31.61065 15.80676 27.37217 7.00367 21.87442 22.67849 29.41737 12.1106 30.77583 26.16251 29.37951 29.38283 9.30042 27.66423 9.76142 0.0 14.15 0.0 16.87073 
1000.0 31.36595 27.82427 33.01825 0.0 9.18486 13.62967 14.64256 11.30778 26.94239 25.27978 12.28348 0.0 29.47583 9.4767 23.52451 23.9707 11.73294 8.38825 21.29376 0.02936 14.49287 30.31936 17.68974 27.63825 14.52505 20.01317 29.47877 18.07689 17.90513 27.75399 27.41732 11.98792 21.15562 18.22983 32.31068 19.73704 12.55439 13.69611 15.72195 23.94602 18.61457 32.11941 14.14574 27.32922 11.58776 10.06301 0.0 20.74123 0.0 30.13265 
1000.0 0.0 0.0 0.0 16.22717 0.0 0.0 0.0 0.0 0.0 0.0 0.0 17.16357 0.0 0.0 0.0 0.0 0.0 0.0 0.0 0.0 0.0 0.0 0.0 0.0 0.0 0.0 0.0 0.0 0.0 0.0 0.0 0.0 0.0 0.0 0.0 0.0 0.0 0.0 0.0 0.0 0.0 0.0 0.0 0.0 0.0 0.0 30.31569 0.0 7.71859 0.0 
1000.0 30.25042 7.62966 15.38648 0.0 20.86567 12.29208 30.02605 11.47196 21.13625 18.51037 22.48737 0.0 21.71741 11.72784 22.86023 14.20639 29.48931 23.35813 17.49127 0.01688 32.13047 16.2308 21.37929 33.26354 28.2925 28.35504 24.95773 21.12586 26.83167 33.03459 8.62089 29.88884 19.69856 21.50288 6.86476 26.74938 18.82329 26.34097 18.13503 20.08949 29.09926 31.0875 22.54135 23.00371 30.51937 31.7653 0.0 7.06988 0.0 16.77182 
1000.0 12.28688 13.8966 12.30009 0.0 10.51723 20.67874 9.0352 17.70337 17.19752 21.08345 18.9934 0.0 11.72472 16.37455 29.94266 28.85266 20.5248 12.91673 29.32049 0.02106 30.70327 17.30429 6.97272 22.2373 33.11973 30.83149 21.10768 20.57202 13.44184 9.77269 8.28372 26.6535 27.55809 6.76835 13.93656 17.82794 26.70272 22.04387 7.22717 9.48477 27.5338 22.63518 27.21598 26.04857 30.6153 12.89504 0.0 26.62864 0.0 23.34441 
1000.0 20.6117 26.73719 30.05965 0.0 13.15744 25.61657 11.08068 21.928 26.33038 14.64794 27.55857 0.0 10.80433 25.75919 32.75982 26.24978 9.75418 32.56323 14.28968 0.01586 19.4903 32.09952 24.13639 17.2655 28.80374 14.90822 28.74335 10.3098 33.34578 21.11036 9.78892 23.84333 6.96003 28.7817 31.26243 12.80309 15.85158 23.12753 12.64421 29.87293 10.18241 19.20874 21.94788 30.46231 13.3254 16.71178 0.0 29.8551 0.0 21.27979 
1000.0 31.61074 23.09333 22.2151 0.0 24.69562 17.65963 19.24605 10.73039 16.72033 16.21168 24.3843 0.0 9.80427 28.91438 23.28242 29.61213 16.46949 14.20144 33.23588 0.0232 18.4942 8.45365 16.11139 19.01065 12.7343 15.96695 20.38295 30.59825 17.7706 29.03102 14.32463 13.29014 15.32387 32.60152 20.63455 12.7252 30.59798 17.63732 12.81026 27.60755 18.71989 15.80864 30.04146 8.71861 12.63978 30.48051 0.0 17.1941 0.0 21.43636 
1000.0 8.2919 31.96712 29.66126 0.0 25.45028 15.69985 15.79703 18.61275 8.66935 14.43796 14.06679 0.0 28.25566 8.35086 22.80675 6.79717 20.9579 14.0499 25.40617 0.02304 28.67472 18.28019 23.26166 9.06767 16.00936 18.43864 16.50887 21.66067 8.39793 12.9399 27.59798 31.83665 17.99557 18.85587 8.38278 8.18119 9.17906 10.21353 32.69424 31.35524 31.01781 21.75889 21.02428 28.03263 9.82321 27.52462 0.0 21.43061 0.0 24.06974 
1000.0 21.88461 15.40559 22.33262 0.0 26.3629 17.1365 22.30331 15.33452 18.33149 33.19309 13.74882 0.0 17.52642 31.15582 8.09302 6.82709 20.34475 7.52502 13.63231 0.01119 28.01366 17.41503 13.95982 30.88007 7.99566 11.33548 12.85113 13.72429 19.15152 22.08508 31.81476 28.97613 25.7997 18.10541 24.23383 26.15102 27.16564 15.61087 14.73373 12.14365 10.0744 10.18875 8.75073 13.66862 9.3699 10.67657 0.0 23.41813 0.0 7.16589 
1000.0 27.78391 15.72935 19.31597 0.0 16.03557 9.444 23.44974 20.58735 14.25941 29.43671 7.53138 0.0 15.01752 11.07161 10.34772 17.49447 9.81884 12.48379 15.31106 0.03563 27.84312 22.68269 28.10108 9.26966 26.77672 9.10588 23.19319 30.39778 26.90103 32.34052 11.27864 9.59143 21.10326 23.01906 22.38013 33.29767 28.26271 12.20738 20.90513 10.96523 22.49533 12.22056 30.79271 8.45152 11.43986 9.21987 0.0 19.9598 0.0 20.9171 
1000.0 0.11137 0.15692 0.13576 0.0 0.13732 0.161 0.12556 0.09544 0.12024 0.07905 0.13732 0.0 0.04506 0.08791 0.13662 0.11103 0.1178 0.12165 0.15237 14.82944 0.13327 0.0369 0.10535 0.15654 0.06213 0.03391 0.08052 0.13769 0.15304 0.0385 0.05904 0.16351 0.15105 0.09016 0.04542 0.14151 0.03692 0.10652 0.16089 0.10244 0.16062 0.12342 0.08249 0.12097 0.15126 0.11084 0.0 0.13693 0.0 0.09515 
1000.0 26.60565 33.18748 17.70692 0.0 26.20059 19.6035 30.43479 7.38319 18.42018 12.53953 8.9354 0.0 18.79259 32.95584 17.50621 22.19206 11.09654 21.13914 22.23369 0.03638 23.01186 11.76214 22.16782 28.03312 27.80724 25.4717 26.9061 21.46313 6.90029 29.00652 8.80483 25.12219 8.78888 19.50901 31.83072 9.42301 11.84649 21.46983 8.64524 25.63865 26.79046 9.98256 27.76809 19.07132 28.19897 21.17027 0.0 19.13628 0.0 24.96313 
1000.0 20.2154 30.07254 7.00754 0.0 19.6107 29.6369 12.61861 21.25358 23.36012 20.05521 18.08731 0.0 29.55892 20.37028 26.94231 7.14692 25.49633 25.20682 23.88353 0.01538 15.38722 19.34721 24.80053 21.90437 20.43052 28.74915 14.46866 26.55425 29.74955 11.16459 31.94454 30.80286 23.14638 7.5539 31.00631 7.38965 14.21808 10.87774 18.36699 8.42583 14.55951 24.08022 17.43746 9.93727 14.26375 21.67335 0.0 18.93871 0.0 12.77884 
1000.0 23.65481 25.0491 13.10539 0.0 21.84205 14.40336 29.55523 19.24687 28.89731 32.83241 21.0806 0.0 30.57939 15.13075 9.47667 15.64899 21.57349 20.83758 18.26658 0.02609 13.81915 22.45109 26.09016 32.83163 17.33167 11.86203 23.50565 31.8527 20.75138 21.92103 9.36126 17.18704 32.25327 29.15932 20.38608 28.89844 9.97053 25.121 11.43069 11.27024 12.37574 13.81408 24.4902 24.7128 8.41349 13.04857 0.0 21.04962 0.0 25.17565 
1000.0 19.08992 25.64526 32.61885 0.0 16.41485 15.37012 31.07829 13.97864 24.23749 10.61016 31.65147 0.0 24.37441 9.68864 22.05442 16.57603 30.54035 23.31231 32.8776 0.03067 33.03619 33.22523 16.22055 6.8319 26.18699 16.75911 19.83904 26.90052 11.71385 21.7271 29.67649 20.06118 8.09061 29.71707 12.20022 11.76991 32.02318 27.32935 9.65321 32.20875 13.12317 6.76364 18.11895 15.91225 28.94356 19.05486 0.0 14.63807 0.0 28.59242 
1000.0 19.55264 17.63899 23.07203 0.0 31.75099 8.4478 8.2314 28.42127 23.10473 12.85168 10.41264 0.0 33.28532 11.90279 10.38139 12.07685 17.51468 7.44143 25.76479 0.03298 25.6474 14.60642 22.05561 13.33902 29.10993 28.15551 21.49472 22.88982 14.14353 23.60446 26.45105 25.07419 14.47246 14.94958 14.23805 13.44193 14.1907 20.81459 31.01403 18.05415 7.04538 25.07546 32.70256 28.76259 23.79514 12.41502 0.0 24.66939 0.0 17.39911 
1000.0 28.47375 12.69443 9.15154 0.0 29.38757 32.62575 24.4828 31.66984 7.94284 27.41577 9.97648 0.0 11.57396 27.80249 10.91173 29.70884 18.2758 28.96207 30.6866 0.01965 12.379 19.08079 25.45443 13.75439 30.05835 17.95729 12.34708 21.54981 17.79274 21.53938 19.43992 26.27871 33.25509 12.33557 28.37245 18.12303 6.86457 13.15901 16.52666 19.17294 7.13294 32.50395 23.78234 23.01845 25.01901 27.34573 0.0 22.03104 0.0 33.21167 
1000.0 21.35446 22.73732 21.01277 0.0 7.25455 27.27907 7.91425 11.40407 16.91033 24.06812 19.53084 0.0 20.79356 7.60787 14.77768 32.1778 13.6873 19.52972 31.20826 0.03716 11.00489 23.56859 12.44964 27.78171 18.73311 16.62136 28.65797 18.33635 21.97841 17.21196 8.00096 32.48713 30.83995 32.56359 11.04249 16.63221 14.00044 18.90029 27.82562 13.29436 12.53446 7.36796 8.31977 16.07866 22.28641 29.51554 0.0 29.94477 0.0 23.74238 
1000.0 10.60996 24.6209 27.50187 0.0 21.38923 20.46804 7.46506 32.37124 27.95528 23.89537 33.26764 0.0 23.42895 11.80172 27.3983 32.44851 12.40552 16.20393 6.89205 0.02367 25.32094 29.54286 14.03737 8.13248 32.14729 27.89794 13.72527 14.94719 22.74377 10.53802 29.46346 17.71939 21.39511 11.39819 29.47346 17.15004 11.43851 17.51792 32.66516 11.53916 28.78303 10.08551 27.83009 19.80502 29.55017 10.78056 0.0 22.62189 0.0 8.83663 
1000.0 30.6125 25.80363 19.27213 0.0 18.4373 13.23204 28.23411 20.32349 8.20762 33.27985 7.9205 0.0 28.35767 17.52657 12.04208 11.42747 15.19927 25.36084 11.0536 0.0131 20.43689 20.72765 22.65814 11.73508 12.98252 13.56131 22.72548 28.60754 31.31612 30.60203 32.51604 23.11701 29.22903 20.58969 14.46011 24.42151 29.35586 8.18281 30.04675 27.78291 10.61086 23.10963 18.13588 22.64502 29.1966 20.88342 0.0 30.20821 0.0 14.80648 
1000.0 15.07109 10.51831 31.89658 0.0 17.62714 18.73795 28.68233 28.87243 19.41435 8.59449 19.85309 0.0 18.78713 16.09186 32.58698 31.52586 27.82754 28.63691 26.84899 0.0229 28.18806 10.87735 14.09578 31.48515 13.04542 21.55384 17.60022 17.00176 22.04186 19.24626 19.17312 18.45137 29.60681 12.4882 10.42074 32.69279 30.44307 14.53823 30.41604 17.8107 23.22274 7.50569 25.74961 19.50247 27.63987 10.93606 0.0 21.73372 0.0 28.63152 
1000.0 17.4604 24.12744 19.24507 0.0 28.9951 18.47221 11.53972 17.66851 18.49165 28.20129 24.26064 0.0 7.63958 28.98065 9.83154 27.34576 26.23685 24.94982 19.92968 0.03428 23.03979 17.80947 16.66071 8.88751 25.34731 24.18066 8.65351 13.02512 14.55333 13.3901 18.63134 13.09383 11.66599 6.89014 32.84214 27.97264 19.65246 29.6694 7.07542 23.31626 8.14341 7.179 31.98139 10.81401 28.62951 27.14151 0.0 16.45256 0.0 13.1651 
1000.0 27.98658 19.87237 23.34549 0.0 20.18895 7.96349 7.74012 32.18139 9.22349 13.79375 28.37327 0.0 22.87199 12.33818 33.0527 16.68604 32.84112 13.17161 11.92206 0.02094 18.88026 31.01971 20.92549 25.58453 20.65092 25.58563 19.17303 10.19126 17.23406 17.64908 10.31868 29.97207 18.88918 8.099 18.01513 20.08044 27.3177 33.44386 15.44409 31.14493 33.08391 25.20014 25.54151 32.19763 33.41085 11.29685 0.0 19.04365 0.0 27.02788 
1000.0 32.01111 19.96705 9.10421 0.0 25.49261 11.57506 12.67116 29.55648 28.71556 12.59405 26.94909 0.0 27.62005 7.73352 28.78238 18.86582 11.79042 27.64564 26.54808 0.01505 25.91008 26.83202 16.90071 19.98359 19.87239 22.91944 15.83502 24.59524 11.95775 18.08817 23.93651 10.8063 8.74554 17.64207 8.77035 26.66415 22.94062 30.54375 16.32686 22.94939 19.75645 12.62057 7.29814 19.67578 31.85577 21.20763 0.0 11.49658 0.0 16.91219 
1000.0 19.76845 7.77751 28.68465 0.0 24.16866 30.96151 10.62531 25.75311 17.3238 30.83901 29.11996 0.0 15.70272 18.55618 22.16037 22.88612 22.72545 17.092 25.79785 0.0328 14.90072 9.39776 16.36971 17.28256 28.26868 7.84089 25.48546 22.7484 32.15796 27.5741 9.3917 9.50048 12.07112 30.97819 25.50348 20.15561 18.56072 17.77359 27.67607 27.29692 31.15555 19.98381 16.88688 24.77765 8.67084 13.27145 0.0 17.90249 0.0 26.85313 
1000.0 31.16593 28.62791 24.95591 0.0 14.58966 16.68546 27.61541 14.92456 8.63366 7.4147 16.42159 0.0 12.53434 18.92481 25.57661 9.19309 28.226 30.93779 7.48051 0.01897 11.44653 16.90236 21.25924 9.05805 9.08199 24.18146 9.68489 19.18683 12.35976 20.1966 15.40605 31.88302 7.40757 22.79777 15.75076 8.16762 26.00026 27.88151 13.16033 9.59662 26.6232 12.92496 30.42788 10.79359 10.98095 6.72793 0.0 7.97228 0.0 7.838 
1000.0 26.01118 15.70329 27.23161 0.0 26.53081 25.20803 33.19584 16.28209 28.57838 32.71571 12.28677 0.0 23.96977 27.33953 9.54128 7.22019 8.49999 7.84925 31.387 0.01001 15.61059 13.52532 18.49307 10.04862 8.10946 27.946 15.64095 19.46773 9.77958 25.66266 7.23067 32.76351 24.44024 18.70828 9.33083 15.64409 22.36768 20.3397 17.40065 28.97866 25.48024 25.42533 22.47118 20.4171 15.94008 29.48528 0.0 19.41437 0.0 20.70595 
1000.0 11.62368 19.68038 13.35488 0.0 30.14819 21.40512 20.7476 15.05249 20.17064 17.06431 30.68768 0.0 12.91906 10.72839 18.03538 13.1611 7.2037 9.55746 21.36444 0.01246 12.70193 10.42211 28.01337 27.01657 16.53216 24.25201 26.69204 23.19424 18.848 24.82559 16.63515 22.92937 18.39253 19.41766 18.52564 27.09286 8.05325 14.63282 23.4845 27.57828 8.30843 14.36793 32.20933 19.33345 13.09319 8.97116 0.0 8.86763 0.0 28.76312 
1000.0 17.07757 26.32698 31.42493 0.0 16.59511 22.38727 21.32905 24.19631 17.15591 25.05072 24.44802 0.0 33.05834 6.84128 11.24396 14.88183 13.65946 32.51213 11.17097 0.0344 20.33259 27.96006 13.65483 10.8126 16.85958 22.49178 19.03607 16.52527 33.16131 10.03907 25.56645 27.2518 28.10288 31.08167 10.98535 32.07489 29.55847 25.90917 15.62654 13.87703 7.02341 13.82008 22.54374 23.87095 31.81276 24.09789 0.0 12.63938 0.0 27.11144 
1000.0 9.01287 18.05192 10.35029 0.0 29.82936 33.01344 32.09803 6.86355 9.37299 11.44875 24.54325 0.0 10.10706 10.16523 32.14036 20.66209 14.99259 15.9757 33.35256 0.01262 19.70128 31.51813 19.42412 26.62736 18.80292 14.50281 31.75351 16.67026 28.30109 32.23596 22.12372 22.51069 30.34585 23.82326 23.05805 18.6742 32.06851 15.69082 26.81608 32.60262 10.80475 25.37062 28.66657 20.6789 16.14213 12.36958 0.0 31.50588 0.0 12.07975 
1000.0 25.79881 8.13633 10.50459 0.0 16.10819 18.81492 32.06011 25.39614 29.34577 21.00559 11.67327 0.0 26.51214 18.01882 13.19638 31.09426 24.91632 19.45779 9.3661 0.03558 27.80388 10.65494 23.22065 25.66994 9.9121 25.48893 29.88776 25.67226 10.3032 9.53481 10.87537 33.16996 18.51034 13.11107 22.22093 19.7284 17.72284 13.23873 16.13015 28.04057 20.36805 18.41236 15.41704 26.31472 14.52777 24.93417 0.0 17.43577 0.0 7.53281 
1000.0 28.58166 11.51671 26.40763 0.0 11.84701 25.60425 22.80594 12.12297 21.6786 21.62327 19.16261 0.0 29.50962 18.42948 29.13303 33.15288 30.42613 11.35615 8.20647 0.02061 25.38416 29.85808 24.78105 24.95536 27.71685 27.66502 16.08117 7.32737 16.28129 7.76331 13.4939 16.86463 13.56664 13.0724 26.23705 22.75048 32.35604 9.98708 19.31185 10.46365 16.46746 15.94295 10.39701 28.30623 16.02533 19.97268 0.0 18.0199 0.0 33.43808 
1000.0 17.06397 15.93251 11.71677 0.0 22.7971 28.56372 24.10722 30.11683 22.93109 31.78611 32.91143 0.0 25.08884 20.17651 7.08845 10.40773 11.46387 11.74702 9.57423 0.01685 17.41597 18.60195 29.72613 13.49507 28.2876 25.03473 16.95224 20.08781 25.21681 31.45964 20.30668 21.20303 11.19552 15.29323 7.5342 8.93139 27.75484 31.61775 24.3525 19.46001 26.87311 29.68398 8.52187 22.53287 12.64335 16.77365 0.0 23.46895 0.0 24.30817 
1000.0 28.01665 28.76396 16.29779 0.0 25.16239 11.57657 14.59548 32.66594 32.35194 7.96943 18.2104 0.0 26.30323 7.81872 21.99844 28.9693 10.8548 11.94799 26.82579 0.0311 7.45629 29.74682 22.41282 12.10936 30.98613 28.75272 23.21282 15.16142 12.22804 22.00008 22.68408 29.38458 12.86812 12.57713 29.67532 31.81743 24.46949 29.93823 23.78049 26.19308 19.00176 13.09156 30.02555 16.61393 17.27651 25.21751 0.0 12.50375 0.0 32.41779 
1000.0 29.15845 11.85025 14.6083 0.0 11.60863 28.2834 30.94671 21.46817 27.30455 12.10587 14.06469 0.0 13.7677 22.17967 23.77907 7.69302 32.10354 15.5748 13.53062 0.02614 20.75034 22.89111 14.85662 14.12843 19.82707 20.34774 16.05089 7.03941 8.8223 25.01143 31.38267 21.94207 13.86125 28.43308 21.70421 23.88592 21.53615 9.0174 25.56882 27.458 12.13868 6.7307 7.49876 29.95913 30.64121 7.09783 0.0 19.01298 0.0 25.42307 
1000.0 24.40816 10.80977 24.81889 0.0 28.79228 19.89685 20.48749 22.40555 16.37574 9.8515 16.19827 0.0 6.7614 26.30934 21.60503 13.53243 26.29376 24.71338 21.72532 0.02299 24.97069 27.80266 13.17444 23.0506 19.04291 18.72094 21.24939 23.47563 7.68233 31.42377 30.36791 30.62439 12.99911 15.62968 13.0964 24.33895 30.703 9.24985 7.8381 23.57916 13.10009 11.48698 17.52198 8.48852 28.56365 10.36084 0.0 26.6239 0.0 31.15185 
1000.0 26.3706 11.11409 18.77054 0.0 21.40403 15.40444 13.41226 27.86865 27.29945 32.8138 16.62231 0.0 12.55467 23.979 24.90156 9.96792 16.49893 20.40314 27.31247 0.03412 21.26675 24.84418 7.01003 8.59349 23.49332 20.83265 23.76552 18.95013 13.95718 29.37716 13.42935 8.30811 29.20892 13.24168 22.51912 31.91377 6.70634 20.0114 20.53947 31.93592 25.30047 27.43748 32.2269 14.07678 16.91247 32.49278 0.0 27.30063 0.0 14.4354 
1000.0 0.0 0.0 0.0 15.72226 0.0 0.0 0.0 0.0 0.0 0.0 0.0 25.56852 0.0 0.0 0.0 0.0 0.0 0.0 0.0 0.0 0.0 0.0 0.0 0.0 0.0 0.0 0.0 0.0 0.0 0.0 0.0 0.0 0.0 0.0 0.0 0.0 0.0 0.0 0.0 0.0 0.0 0.0 0.0 0.0 0.0 0.0 11.67077 0.0 21.80728 0.0 
1000.0 13.24149 31.0999 15.86794 0.0 29.29186 16.37037 17.9587 15.69492 30.82468 19.27721 28.45168 0.0 25.45554 32.56285 8.00872 17.26148 31.54904 23.2752 25.83524 0.03203 21.9027 14.43542 27.44586 18.46855 12.86906 8.9904 9.73852 7.11599 20.83214 19.22236 17.90956 17.30429 17.72008 19.67888 23.35234 11.19531 10.78421 28.07888 21.00735 9.84973 9.12678 27.94887 6.90686 9.42153 22.04075 23.63426 0.0 16.623 0.0 18.41633 
1000.0 0.0 0.0 0.0 29.18939 0.0 0.0 0.0 0.0 0.0 0.0 0.0 8.01657 0.0 0.0 0.0 0.0 0.0 0.0 0.0 0.0 0.0 0.0 0.0 0.0 0.0 0.0 0.0 0.0 0.0 0.0 0.0 0.0 0.0 0.0 0.0 0.0 0.0 0.0 0.0 0.0 0.0 0.0 0.0 0.0 0.0 0.0 6.8494 0.0 22.156 0.0 
1000.0 33.39086 8.89234 24.83971 0.0 14.79933 14.68772 9.04084 31.15636 11.61484 11.64649 25.32318 0.0 18.35395 14.02917 22.05761 10.09599 19.34416 6.93625 31.84102 0.0162 11.2011 20.45013 28.16118 10.05163 12.19815 16.5466 14.89519 24.45276 15.19442 9.70808 31.24035 21.95863 23.04552 12.5324 21.1512 21.07481 12.65584 11.05881 31.55139 22.03962 13.0348 7.77292 8.35736 9.75529 27.84188 24.7341 0.0 30.00462 0.0 11.10933 
