1000.0 1000.0 1000.0 1000.0 1000.0 1000.0 1000.0 1000.0 1000.0 1000.0 1000.0 1000.0 1000.0 1000.0 1000.0 1000.0 1000.0 1000.0 1000.0 1000.0 1000.0 1000.0 1000.0 1000.0 1000.0 1000.0 1000.0 1000.0 1000.0 1000.0 1000.0 1000.0 1000.0 1000.0 1000.0 1000.0 1000.0 1000.0 1000.0 1000.0 1000.0 1000.0 1000.0 1000.0 1000.0 1000.0 1000.0 1000.0 1000.0 1000.0 1000.0 
1000.0 14.56702 14.24991 15.0115 0.0 11.99626 25.45162 8.34139 35.68213 13.62312 32.81886 22.50019 0.0 10.39013 21.66564 18.98824 32.56266 9.99704 28.79975 30.18218 0.03353 22.01298 34.10668 29.65667 31.76105 23.98855 38.2869 30.13397 31.56198 10.81516 12.88755 25.13997 35.75679 34.6159 35.20609 15.10212 15.60905 33.00814 28.09814 34.11699 19.67438 28.54764 29.23098 25.8373 22.24913 28.50699 23.6219 0.0 11.41337 0.0 20.15199 
1000.0 34.09336 34.60828 11.56272 0.0 18.1851 8.87607 29.14021 36.86758 25.7946 29.40722 24.13216 0.0 10.84154 15.0187 25.13471 36.26571 26.32448 12.45559 18.39886 0.04383 36.3124 37.05297 24.25061 18.02088 22.18811 29.56239 17.06834 18.90597 32.61911 33.01528 26.73273 18.86637 16.37124 23.22569 13.09083 15.63256 26.21179 36.32769 31.91398 13.12495 11.79889 15.72295 28.41378 16.45122 10.69013 26.72551 0.0 27.83673 0.0 21.81802 
1000.0 18.15346 36.42625 24.22763 0.0 32.18687 33.18041 24.28113 30.38093 37.18044 28.99547 22.75658 0.0 8.15965 33.87926 12.61409 10.89991 34.62006 29.22971 36.25524 0.02684 27.21614 18.26733 31.1107 24.88824 16.91856 14.15508 29.99925 23.54161 23.01059 36.84035 16.81118 11.9342 8.81627 8.46221 35.73896 37.48227 28.47514 27.3434 32.42706 14.11062 9.35947 29.28263 21.93489 18.06645 12.87798 18.71004 0.0 14.87848 0.0 10.38287 
1000.0 0.0 0.0 0.0 27.29351 0.0 0.0 0.0 0.0 0.0 0.0 0.0 17.84466 0.0 0.0 0.0 0.0 0.0 0.0 0.0 0.0 0.0 0.0 0.0 0.0 0.0 0.0 0.0 0.0 0.0 0.0 0.0 0.0 0.0 0.0 0.0 0.0 0.0 0.0 0.0 0.0 0.0 0.0 0.0 0.0 0.0 0.0 32.63978 0.0 17.96465 0.0 
1000.0 8.94966 30.10512 23.67454 0.0 33.00852 32.95561 23.75265 13.01569 33.0602 29.44383 16.65904 0.0 8.19457 13.05737 16.2454 27.3695 29.63302 32.69975 15.61957 0.04141 24.7399 23.14416 18.24877 21.41303 13.99763 9.07013 28.54271 18.98098 15.9787 14.86474 20.75227 23.02859 13.78312 15.22481 35.24371 17.11902 27.9645 35.86147 29.84104 32.94467 11.52197 29.98585 12.78443 32.32812 33.78349 14.25903 0.0 27.56242 0.0 19.96973 
1000.0 32.98692 37.66342 30.69252 0.0 24.60131 25.69672 38.15603 26.30273 37.17364 29.81543 18.86665 0.0 31.5565 34.03672 19.74669 22.35683 36.55874 15.02155 21.95575 0.03999 32.09411 13.48648 35.16585 10.11367 20.4138 13.96018 12.15462 13.98944 16.77573 20.92873 26.45399 9.43082 20.18698 22.90363 26.72469 12.23197 22.75914 21.15919 35.27139 18.38457 37.7236 25.61388 11.38686 26.64731 23.71441 25.90024 0.0 28.21001 0.0 30.73059 
1000.0 19.13837 27.54613 19.47335 0.0 32.74561 33.97458 25.83249 37.07379 16.12182 33.91438 23.83173 0.0 17.81314 31.65783 18.59595 37.34075 36.16008 20.16488 32.93686 0.02808 23.13332 31.35133 17.0314 17.32329 17.66652 34.68022 34.85837 15.83844 16.36776 22.78301 38.04375 8.71414 28.18144 8.97859 14.87768 21.12937 31.2764 9.3344 11.66512 36.69255 13.41253 35.01339 10.5265 15.98 11.61251 18.43955 0.0 8.14337 0.0 18.6365 
1000.0 12.0448 16.52453 14.39014 0.0 26.10195 9.08819 29.15147 22.31317 26.75851 32.83559 17.76451 0.0 12.2352 17.74879 29.93879 26.6183 25.0815 21.25729 20.31251 0.01146 36.90072 23.65626 35.4472 9.07252 25.89762 31.00483 15.75447 35.12709 16.27713 29.72057 37.08206 10.28258 35.33048 35.22688 35.60947 19.07942 25.22082 14.13197 26.31147 25.11456 19.55228 12.60108 31.99492 31.55772 22.46637 26.84871 0.0 10.94117 0.0 21.64 
1000.0 19.69176 32.80935 29.08798 0.0 29.70102 29.25101 31.53985 19.74839 27.04348 34.57312 10.62514 0.0 8.60006 36.90014 28.41241 12.34874 18.89767 19.46638 23.15286 0.03991 12.42279 32.98575 24.88998 37.34938 36.74666 9.81355 29.1355 32.04718 16.51594 30.95986 26.01814 10.69221 20.51326 35.52311 29.70854 23.14254 12.28051 14.46728 30.74433 15.4397 13.65866 17.78397 32.86192 10.25072 34.97408 31.37509 0.0 12.99875 0.0 32.42695 
1000.0 14.03327 23.15327 22.72219 0.0 11.35051 9.216 27.48236 30.02567 24.98084 36.09003 17.05776 0.0 9.2825 27.28256 21.68213 9.29129 12.09877 14.01638 12.35524 0.02145 20.97248 19.20861 21.5722 27.12725 15.25095 14.68541 11.2202 17.45303 7.85675 26.90351 13.52733 33.10666 22.69445 34.05399 34.2403 18.53872 23.21191 24.798 14.9802 7.77891 29.01711 8.92529 35.77634 11.81935 14.89835 11.00778 0.0 25.28971 0.0 30.74821 
1000.0 37.76925 7.95223 21.83208 0.0 35.90922 21.20184 38.28584 28.54446 37.40905 22.5139 35.20709 0.0 32.56755 28.71251 29.23796 8.41309 30.76035 35.12078 19.12816 0.04289 13.22771 10.77215 26.31325 17.05457 8.31411 33.66664 28.30083 23.18964 12.45068 28.22611 19.67416 28.35226 30.19244 33.07276 10.93896 18.90747 9.87537 28.15353 37.67253 29.84168 14.62982 8.16247 7.77889 18.1822 26.86482 37.68955 0.0 13.81757 0.0 15.69233 
1000.0 0.0 0.0 0.0 30.06969 0.0 0.0 0.0 0.0 0.0 0.0 0.0 30.22457 0.0 0.0 0.0 0.0 0.0 0.0 0.0 0.0 0.0 0.0 0.0 0.0 0.0 0.0 0.0 0.0 0.0 0.0 0.0 0.0 0.0 0.0 0.0 0.0 0.0 0.0 0.0 0.0 0.0 0.0 0.0 0.0 0.0 0.0 33.11115 0.0 21.90637 0.0 
1000.0 24.02388 25.04761 14.91574 0.0 16.45923 36.85111 30.80474 22.9566 22.6133 18.37454 16.44396 0.0 19.87322 12.15285 25.33743 33.5246 7.80027 22.76821 8.33472 0.04103 37.55085 30.12638 26.53234 18.11596 15.51278 20.94909 32.38549 16.79418 23.27564 15.62905 14.56937 13.26576 23.10089 22.89019 30.00258 21.51407 10.83748 25.37113 33.02611 15.76521 29.52188 21.10296 10.52472 14.9507 9.42379 26.39104 0.0 34.73404 0.0 12.27365 
1000.0 20.28588 20.88559 19.49228 0.0 29.76515 16.12042 32.43169 28.51764 25.76324 26.4691 26.25154 0.0 18.59901 19.46278 30.67047 21.42761 16.07955 7.88759 13.12751 0.02319 30.47131 31.86896 27.96332 16.74966 12.5023 8.22248 11.2893 34.33058 25.9437 37.11733 12.90388 21.73895 37.6769 18.03206 36.04136 31.75668 28.02797 30.19845 25.3934 14.23719 38.4291 36.52156 27.6429 25.21245 24.79825 28.81521 0.0 36.24208 0.0 30.38775 
1000.0 9.49823 29.6648 26.52843 0.0 36.94218 18.08726 28.12811 31.67523 30.42962 9.48267 23.07004 0.0 12.20727 16.94295 22.30505 32.18339 24.4064 34.5317 14.94952 0.00879 36.13568 15.78298 31.8096 9.19023 26.51673 21.95402 10.50545 35.15213 22.06477 13.03559 11.66859 15.49299 31.94643 15.30824 25.33507 16.59545 13.15326 8.56245 25.50499 16.23174 17.99239 34.6619 37.78009 36.15846 36.02657 17.51662 0.0 21.14274 0.0 20.2026 
1000.0 32.81418 14.24567 32.84525 0.0 7.90356 26.14165 12.9331 13.16182 31.96977 27.97527 36.22939 0.0 21.39351 10.29658 8.77971 27.17312 8.35359 21.78106 17.11481 0.02869 21.32244 13.6691 20.23254 35.47928 28.36423 10.5301 13.0086 32.5595 35.46254 28.75049 36.40066 32.03147 18.4168 29.4481 8.01324 28.05352 30.03159 8.75532 20.76748 13.46685 14.63092 9.87958 10.36101 32.70964 24.86991 21.61348 0.0 36.00602 0.0 33.19486 
1000.0 23.57126 17.9655 24.50604 0.0 17.0314 18.47638 37.71686 11.64457 20.77462 37.24752 28.23019 0.0 36.51832 29.35106 8.64816 16.30374 31.66099 17.73667 35.48387 0.02401 33.03467 8.3422 34.32845 33.73679 29.27323 16.86308 29.82993 9.87704 12.32967 33.98116 32.38498 17.79025 8.67907 27.21232 10.22548 18.94014 35.72601 34.21281 33.13879 18.28893 19.64622 30.01637 30.06717 12.33632 17.1578 30.85171 0.0 37.93676 0.0 31.54145 
1000.0 20.00373 29.76644 21.61635 0.0 25.91673 26.92799 18.42184 24.36219 17.17553 27.02906 15.30911 0.0 33.90738 11.14134 32.24069 38.41475 18.96515 21.10853 14.13311 0.03403 12.40781 9.90707 10.90599 27.33809 23.48604 18.61981 31.01684 26.55806 38.4909 12.0206 25.22873 35.00515 12.21972 9.75008 28.40388 17.97442 8.31442 22.11751 10.61472 17.8903 27.09064 11.74978 19.35183 30.13402 13.35043 25.18545 0.0 15.72965 0.0 10.77783 
1000.0 30.31193 22.78784 23.91387 0.0 17.65134 11.87669 14.74798 27.39431 10.00501 24.65071 12.59986 0.0 14.94783 12.26421 29.60492 34.58108 37.21415 14.63634 26.07023 0.03353 25.14052 27.67588 25.87604 30.45582 15.63762 26.69698 37.39123 23.30304 26.799 21.17795 16.97467 33.85547 35.48209 23.88431 31.36877 30.83787 7.79516 10.99762 30.88571 30.761 27.17379 29.46451 22.18261 33.40804 33.65438 23.76798 0.0 18.11537 0.0 25.35569 
1000.0 0.10114 0.04156 0.10093 0.0 0.13197 0.0864 0.04177 0.14059 0.10661 0.03654 0.08416 0.0 0.11933 0.17089 0.07806 0.11108 0.0865 0.09736 0.10495 28.16164 0.16388 0.05483 0.03783 0.08446 0.08782 0.15556 0.126 0.12857 0.10113 0.06737 0.03882 0.14457 0.15545 0.05792 0.1077 0.07809 0.12403 0.07729 0.04734 0.09904 0.07285 0.14861 0.10363 0.11111 0.10671 0.03638 0.0 0.08407 0.0 0.09408 
1000.0 37.93178 12.77457 31.50673 0.0 37.31853 36.43586 29.30385 34.70235 17.10278 20.56703 18.67853 0.0 15.2489 29.61236 23.18324 26.53499 31.26439 32.56325 15.44218 0.02692 28.37737 23.82096 19.39326 28.2244 27.47586 37.80933 9.49355 30.23027 24.23907 11.47232 12.11814 27.57103 8.54777 7.9371 35.09142 9.28306 36.07454 8.1529 30.10542 36.49935 13.02232 14.63562 14.34679 29.08314 9.77299 37.22805 0.0 24.49114 0.0 24.15099 
1000.0 26.84843 31.21754 29.90389 0.0 10.00821 17.4457 16.39368 38.15513 26.91768 36.96897 29.33697 0.0 29.73093 33.40995 26.14343 37.76581 28.67213 36.00512 29.23918 0.03513 30.75877 26.66089 24.80484 10.54729 16.72564 30.70959 18.19039 36.76935 12.46248 31.38192 12.08258 25.08291 9.82012 27.33689 8.93154 25.09706 22.88943 14.78632 10.48161 11.20733 35.56276 37.02258 34.24138 29.47606 23.48212 16.06172 0.0 21.11763 0.0 15.9782 
1000.0 9.4689 20.89306 30.65463 0.0 36.67328 17.4659 10.94399 33.26254 11.1797 14.92946 23.75534 0.0 25.55576 16.27746 9.3453 16.06205 26.16479 20.59567 31.48366 0.03427 12.25823 34.06767 28.44426 19.92911 31.65829 34.9269 22.07041 21.43031 8.60742 29.57635 8.09959 20.36222 22.31174 30.86797 20.63944 28.75311 10.71882 36.41866 18.9363 21.94276 19.61293 9.35662 8.68751 13.00361 7.99822 15.54357 0.0 37.07981 0.0 20.02255 
1000.0 19.63487 19.28567 24.35359 0.0 31.25473 10.36375 10.45661 28.1967 29.71404 30.31423 26.90751 0.0 21.46374 34.55359 21.14652 8.03828 21.85814 24.69729 18.37387 0.02002 11.48417 36.22637 22.34235 16.26873 27.07632 31.2596 14.43824 33.05315 16.72162 17.13602 16.46558 31.61859 29.9837 26.05636 11.08939 12.7078 32.82573 19.43691 26.6835 18.92982 14.38246 8.07353 15.90121 29.71396 35.78958 31.6978 0.0 37.29309 0.0 36.91227 
1000.0 15.79344 38.13585 28.25267 0.0 18.11407 13.53849 14.45344 9.68758 23.39921 12.42112 27.50274 0.0 27.73841 38.063 35.17613 9.77959 38.26415 26.16533 37.10988 0.03561 35.69682 33.86839 36.86817 8.04266 34.43067 31.51498 21.55593 11.7841 8.69412 31.66027 34.1505 33.48461 29.00428 9.30032 14.78453 25.01215 18.76749 12.36112 18.42641 14.1203 22.49721 8.15129 20.17452 28.44939 32.35872 32.5959 0.0 11.31689 0.0 18.04084 
1000.0 7.81134 21.89761 27.37257 0.0 36.73485 35.51797 11.70979 31.496 10.50985 24.21994 10.43459 0.0 38.21178 23.63272 28.33216 30.70736 19.42993 20.87681 13.1697 0.04076 21.12122 16.82771 22.48724 20.38551 22.38983 15.51462 33.45993 27.22302 26.21459 34.54188 16.38092 23.98515 34.03121 33.93431 29.18215 30.52648 8.82596 13.73364 9.18555 24.92336 38.35358 12.30765 17.66959 10.83344 13.18517 29.51122 0.0 20.2116 0.0 11.65307 
1000.0 20.75655 19.27897 18.83244 0.0 9.01934 28.41984 30.36408 31.44333 18.56933 24.9962 26.22054 0.0 8.69386 30.2232 8.77166 32.31203 18.64032 20.09118 9.44805 0.01634 10.46066 23.13662 11.30544 32.83604 30.44498 24.93998 37.89081 38.42412 16.82861 21.99491 12.22129 32.49512 21.32652 36.28947 30.82104 35.2904 9.46255 32.97653 29.10384 17.45971 19.58956 29.96687 10.80516 22.39843 32.97719 9.08475 0.0 36.29628 0.0 27.39261 
1000.0 31.85654 8.77827 28.06832 0.0 13.15491 24.70197 30.91601 14.68253 8.83495 25.125 13.3725 0.0 8.54411 12.1099 33.55129 26.5056 29.21117 22.22252 14.88665 0.03861 18.02754 26.01107 16.52489 33.34716 26.27154 25.18384 12.71005 38.02543 31.62547 12.04618 27.14293 24.52258 19.47812 10.89563 24.03053 16.21926 25.06191 34.57214 27.22297 13.05252 33.84443 18.26118 23.14989 32.64505 11.05154 28.91654 0.0 16.80103 0.0 19.63983 
1000.0 23.51446 28.42782 28.98232 0.0 22.37756 27.97077 17.75751 11.41819 33.59595 30.22813 23.9625 0.0 9.61754 24.94574 30.09636 22.44791 23.01973 32.81221 27.54277 0.04201 34.28732 35.1419 32.80084 22.7185 32.27427 22.18569 33.74472 35.75794 34.11336 10.7402 18.298 11.21556 31.42839 33.15362 24.04164 35.31374 19.31528 17.61024 22.36051 17.7266 11.87211 19.64696 13.38558 25.03739 13.96562 19.69446 0.0 8.61993 0.0 29.47635 
1000.0 16.31697 33.65755 35.21346 0.0 36.47745 21.1735 21.25527 26.09224 33.3404 16.63684 34.99551 0.0 36.20843 19.35183 20.1846 23.88991 17.05026 14.62467 33.98719 0.02497 20.48524 35.90332 7.88369 35.80154 25.74404 26.43048 37.77374 30.60249 23.78032 13.56872 27.7481 36.65368 27.28384 30.06531 29.75388 37.71052 29.47001 32.62668 29.82672 9.73755 12.9475 25.40815 22.09288 25.87023 22.24615 33.35775 0.0 22.05854 0.0 29.78624 
1000.0 10.09445 18.33401 37.01711 0.0 23.86884 37.63683 35.43292 31.392 37.14713 18.1868 36.52313 0.0 23.91282 13.71916 11.35336 15.84184 18.96367 23.35345 21.08641 0.01334 31.03378 37.38319 38.41255 33.06653 15.05375 30.94744 12.63528 12.77711 27.47804 38.41122 34.68957 37.44942 22.06633 22.60801 35.69092 11.38858 31.1654 32.29578 27.2134 35.33648 22.00966 19.24439 36.29144 30.53436 24.69476 31.50155 0.0 35.68816 0.0 28.41466 
1000.0 29.86564 24.73502 12.41223 0.0 32.6656 24.67398 11.01616 38.23869 16.8618 24.53662 35.23024 0.0 21.14494 19.11085 27.54618 32.52709 37.39453 31.72395 19.9606 0.01843 23.55247 15.18637 9.03832 14.56832 21.80838 34.86519 20.20061 26.21689 23.59172 29.00956 15.39471 16.4573 33.12308 13.5389 14.02912 18.27674 38.16371 7.91004 9.62873 13.45762 32.82658 27.40657 35.47648 7.80359 32.87403 22.71592 0.0 30.51191 0.0 27.80703 
1000.0 8.47283 17.38587 10.38155 0.0 27.29744 20.24669 8.58632 34.70398 17.43051 35.53266 36.38869 0.0 33.08585 18.80184 30.77675 9.42774 31.43904 34.74389 15.67742 0.04168 18.98375 8.98554 37.04296 17.39439 33.36284 22.05972 13.593 20.03757 26.82052 35.58894 33.8322 13.93832 14.47982 9.92151 29.10505 20.45487 23.43556 31.44035 13.1996 19.81255 8.37012 8.98323 29.13809 23.52089 15.66549 27.34101 0.0 11.5344 0.0 28.20852 
1000.0 19.16275 32.66828 8.12237 0.0 17.758 14.10193 36.9501 9.57032 25.17612 19.21983 28.81699 0.0 34.93967 23.83405 34.71846 8.2111 12.45242 18.02564 33.7453 0.02751 30.46123 24.99633 31.06766 27.11974 15.2054 14.33003 21.13404 16.11728 14.70633 27.6244 25.23147 38.01998 29.30704 10.63808 28.32399 37.16075 29.31706 38.30813 20.49172 29.01405 10.67091 19.12927 9.93522 35.88456 35.47606 28.01248 0.0 18.85951 0.0 21.00341 
1000.0 32.26088 10.5629 10.08036 0.0 31.42339 13.02438 29.40826 33.33703 36.41605 11.41937 11.61323 0.0 37.83697 18.93639 37.79889 14.95906 29.62844 26.09777 12.30976 0.03521 32.82564 11.73651 32.88296 19.08058 21.21712 10.35445 14.64247 16.55123 28.18093 18.2751 24.53183 33.66382 34.71627 34.50638 25.12639 12.74882 13.43724 32.81333 33.92662 28.07016 37.6155 28.18034 17.51925 27.58382 31.51994 28.62881 0.0 31.3903 0.0 13.53191 
1000.0 12.73077 35.92068 20.82341 0.0 14.58905 26.59298 35.9626 11.09873 31.03314 23.59403 25.91717 0.0 14.25406 31.77684 24.04483 14.48901 24.23178 12.88912 28.52021 0.01758 33.07564 37.39101 20.70917 16.9676 28.71448 18.73238 24.56132 25.00303 13.672 8.9607 38.09148 9.43673 35.42005 23.784 9.43735 30.56724 32.20613 26.25426 28.24528 19.72853 13.39471 36.46339 9.40204 21.21738 28.90696 18.20024 0.0 13.53986 0.0 27.83305 
1000.0 19.55683 8.11816 36.43703 0.0 37.43915 21.70261 8.12593 13.75027 26.91672 27.20317 16.30867 0.0 26.739 19.18818 31.01071 10.58332 15.06095 30.72914 21.14003 0.01934 19.95655 33.6112 33.33508 11.90722 21.58082 34.94043 20.6364 21.99729 28.0129 27.16558 22.85379 33.04066 31.69198 27.94853 37.53343 20.17334 37.63705 19.64942 22.98116 8.40492 20.35719 20.24056 34.09973 31.64431 24.97392 12.64645 0.0 35.65695 0.0 21.58684 
1000.0 18.4538 35.62514 34.29433 0.0 9.99744 25.31088 24.62705 10.92258 20.92784 15.14515 15.92104 0.0 16.72028 32.36244 19.53661 26.83105 34.15097 17.19531 32.80993 0.02475 24.94656 23.22962 19.58972 30.89141 19.69671 12.60359 20.50232 29.99733 26.74882 25.66799 34.8923 17.13592 35.47217 14.34386 30.95877 16.20454 13.78025 28.68695 38.10928 33.86009 19.72728 15.17879 35.61484 14.27583 33.37515 7.82262 0.0 34.75488 0.0 11.46198 
1000.0 13.90964 13.84573 14.58128 0.0 12.49074 17.84604 14.39711 35.69188 36.14628 9.37974 20.20357 0.0 15.83299 21.40875 17.18842 10.26467 36.50561 22.54871 13.57962 0.03526 22.42383 22.4909 13.35629 18.79237 35.7709 17.43508 18.88125 25.5674 30.61591 32.4504 10.71185 33.18121 16.66377 12.17407 25.02022 15.44629 28.91252 17.6936 18.9192 14.89596 32.86436 17.51093 15.56951 21.01637 28.48096 20.36153 0.0 20.68952 0.0 27.6169 
1000.0 18.38237 32.75443 18.03812 0.0 33.0187 24.63443 22.93081 28.38085 29.77845 11.05582 24.09591 0.0 16.82231 26.38756 28.84423 19.87051 13.58084 18.31298 13.94735 0.02539 26.40064 29.12552 13.13347 35.43353 9.99582 17.07311 20.12724 32.988 19.13656 12.48882 31.94628 36.46258 20.81698 36.42552 21.15023 13.84161 9.28536 21.81913 21.89292 24.98473 35.99834 12.88494 21.96779 12.18903 17.62664 34.48945 0.0 18.72471 0.0 9.47103 
1000.0 28.72114 11.635 33.72187 0.0 20.23254 17.85274 36.20604 19.71547 31.52926 13.84439 14.71063 0.0 8.27905 26.08001 7.73155 22.5233 34.68182 10.42125 25.52423 0.00941 32.20403 21.95368 19.61607 36.99378 18.70025 7.81339 20.21264 25.68082 11.59318 9.25844 27.97544 27.1729 21.10512 24.4099 15.26413 11.49509 17.93678 33.54975 36.97531 33.1073 12.36217 33.96387 18.00748 37.32361 8.61795 22.64727 0.0 27.2236 0.0 14.12645 
1000.0 24.79109 35.56393 38.4138 0.0 12.89539 14.34574 28.56472 26.77456 21.61153 12.67593 10.23645 0.0 34.92349 36.27433 26.00828 28.62706 14.66879 20.36136 27.07778 0.01709 31.878 10.15566 9.20902 21.93445 25.99493 21.36217 34.89824 8.27479 23.63111 30.22127 33.95247 26.01162 14.74193 19.04158 23.12338 29.37061 20.65093 26.20364 24.93623 32.97291 9.76177 37.25194 27.79885 25.71141 14.55272 8.04268 0.0 8.22761 0.0 12.16577 
1000.0 26.81659 15.09006 27.23821 0.0 12.28385 27.19349 29.98434 33.13153 35.79157 33.8312 38.20079 0.0 23.9904 19.12581 25.58713 16.9518 38.32224 23.26183 19.73522 0.02266 28.02645 27.17242 20.64454 18.43587 34.95834 13.45924 24.44833 17.69073 28.4403 38.10487 33.50015 33.58432 24.43016 23.97022 25.23013 13.62602 31.31262 8.32921 11.53516 19.40404 33.47146 28.64743 36.97076 13.90053 27.47714 35.62552 0.0 36.1879 0.0 32.3357 
1000.0 21.23141 31.43669 9.39897 0.0 16.36097 26.07068 33.87087 36.00558 14.64809 14.64345 26.5795 0.0 23.4924 9.06957 14.32492 20.08344 17.06666 10.62567 30.76223 0.02876 28.54721 9.67527 17.47101 25.99917 19.89727 20.475 16.19502 21.39255 31.77572 20.71896 35.95331 33.93758 22.61835 13.088 23.04286 33.52296 12.26242 35.80228 36.70405 26.07105 11.81984 30.59922 14.55951 12.91521 32.79861 26.78971 0.0 31.16719 0.0 24.73137 
1000.0 25.00437 37.0188 23.14815 0.0 25.29895 34.3794 11.45007 14.81677 23.41896 33.89439 16.33355 0.0 30.86888 37.18311 30.09866 14.28035 10.21361 37.38722 26.88791 0.01817 15.13227 8.85222 21.22755 33.25653 29.89817 16.82556 9.29131 30.75217 18.05726 24.82302 19.91459 28.98913 19.25875 15.61993 12.90941 37.70333 19.81666 29.39697 15.9239 23.44045 28.39177 12.96201 16.45739 11.86854 19.89292 23.67401 0.0 32.27712 0.0 9.94367 
1000.0 10.89075 13.45861 38.45295 0.0 36.78642 28.39244 16.80031 14.09504 34.64331 32.15577 14.34988 0.0 35.57149 25.64212 30.94505 16.39723 22.24629 17.13428 12.05679 0.04047 30.98301 20.69612 33.29991 18.21913 32.76301 25.68034 30.34863 12.90995 28.31169 19.8222 35.44481 32.53667 24.73312 36.99057 36.18742 18.1569 28.74217 24.7872 18.77324 26.58171 36.47117 38.21376 35.10919 10.00851 18.68197 9.97331 0.0 21.64236 0.0 19.99388 
1000.0 0.0 0.0 0.0 16.60763 0.0 0.0 0.0 0.0 0.0 0.0 0.0 21.29491 0.0 0.0 0.0 0.0 0.0 0.0 0.0 0.0 0.0 0.0 0.0 0.0 0.0 0.0 0.0 0.0 0.0 0.0 0.0 0.0 0.0 0.0 0.0 0.0 0.0 0.0 0.0 0.0 0.0 0.0 0.0 0.0 0.0 0.0 11.81762 0.0 30.36408 0.0 
1000.0 31.40962 18.647 34.76307 0.0 31.80799 24.25779 19.82945 10.46976 18.51007 15.62911 36.3892 0.0 12.49704 12.9303 14.11831 33.05761 10.44589 27.73576 37.40238 0.01774 27.97057 37.5278 11.31022 29.82987 10.60865 9.39975 31.48484 28.84981 12.9804 17.3952 32.21466 25.91928 13.96907 16.39175 23.60137 34.0087 18.84801 20.58961 28.72477 13.65294 8.68523 8.07068 31.6221 33.19833 30.91586 19.16678 0.0 9.65569 0.0 17.49388 
1000.0 0.0 0.0 0.0 22.91934 0.0 0.0 0.0 0.0 0.0 0.0 0.0 31.57998 0.0 0.0 0.0 0.0 0.0 0.0 0.0 0.0 0.0 0.0 0.0 0.0 0.0 0.0 0.0 0.0 0.0 0.0 0.0 0.0 0.0 0.0 0.0 0.0 0.0 0.0 0.0 0.0 0.0 0.0 0.0 0.0 0.0 0.0 13.9648 0.0 29.11844 0.0 
1000.0 28.64305 37.10901 16.8157 0.0 13.22132 8.35712 18.98272 33.5867 16.5274 27.40556 20.12546 0.0 30.36114 8.6178 16.83988 9.9403 8.33711 11.86973 24.69682 0.01742 17.02609 28.63705 19.44358 27.22569 37.99608 31.01243 38.3348 10.05882 28.83659 15.61498 21.87521 17.9847 9.56724 23.16655 16.23116 18.68166 36.15429 20.70282 32.09659 37.28775 28.63012 19.9476 19.10799 32.58462 20.36096 23.39093 0.0 18.01515 0.0 19.49175 
