1000.0 1000.0 1000.0 1000.0 1000.0 1000.0 1000.0 1000.0 1000.0 1000.0 1000.0 1000.0 1000.0 1000.0 1000.0 1000.0 1000.0 1000.0 1000.0 1000.0 1000.0 1000.0 1000.0 1000.0 1000.0 1000.0 1000.0 1000.0 1000.0 1000.0 1000.0 1000.0 1000.0 1000.0 1000.0 1000.0 1000.0 1000.0 1000.0 1000.0 1000.0 1000.0 1000.0 1000.0 1000.0 1000.0 1000.0 1000.0 1000.0 1000.0 1000.0 
1000.0 20.23435 12.63997 21.89435 0.0 27.54033 15.73546 18.42918 16.37213 8.97267 6.84099 14.34314 0.0 20.576 18.0835 31.57091 31.60263 28.34558 29.40228 21.47838 0.02487 26.57886 26.18278 27.80307 28.36279 16.6575 9.06422 14.86491 20.43559 27.9156 24.49608 8.18772 11.79507 11.87373 19.86576 29.31242 15.74431 20.60525 21.23115 21.018 21.83545 22.89798 29.65087 18.87138 22.55341 10.20183 32.69673 0.0 15.5923 0.0 20.173 
1000.0 10.27547 27.48101 26.24144 0.0 23.33198 20.45428 27.96938 21.76336 26.12765 18.89525 29.9911 0.0 20.71757 32.53686 24.55921 29.41066 29.11733 7.46573 28.20552 0.02964 12.89139 15.62844 20.415 19.13906 20.40614 21.18632 31.47169 14.58977 27.84706 17.7761 24.89559 25.16841 28.84123 25.51114 15.40486 24.86062 24.32412 9.24092 13.19578 30.86411 13.49421 31.50392 29.297 22.82364 27.11753 12.32859 0.0 21.92359 0.0 20.47733 
1000.0 18.98653 23.1624 15.60913 0.0 31.76183 12.85848 10.94002 26.6062 14.82773 19.39688 27.00887 0.0 27.01467 13.86901 29.82226 18.74617 12.62231 8.23004 16.89429 0.0182 15.35793 23.88913 28.34826 19.05657 12.88817 9.58411 26.396 13.00118 28.48112 9.93489 31.6823 12.52229 21.11682 12.43349 30.07657 18.44123 31.29132 21.57499 15.61121 7.62004 17.92332 23.38241 26.33415 20.49229 10.01268 26.90294 0.0 28.69159 0.0 25.07636 
1000.0 0.0 0.0 0.0 12.68968 0.0 0.0 0.0 0.0 0.0 0.0 0.0 23.6865 0.0 0.0 0.0 0.0 0.0 0.0 0.0 0.0 0.0 0.0 0.0 0.0 0.0 0.0 0.0 0.0 0.0 0.0 0.0 0.0 0.0 0.0 0.0 0.0 0.0 0.0 0.0 0.0 0.0 0.0 0.0 0.0 0.0 0.0 31.8523 0.0 32.19696 0.0 
1000.0 17.39311 26.97409 12.58974 0.0 19.84999 7.89795 29.19832 12.67745 13.18548 11.96093 31.85093 0.0 13.49207 17.98146 17.56308 12.6412 12.39754 11.04941 22.3101 0.0259 29.57623 16.05795 29.64624 21.6548 16.75573 22.17371 14.54161 25.39439 31.62438 22.74632 32.6147 26.94837 19.32139 24.77326 13.55759 27.02713 30.18152 20.26688 30.72709 14.48329 31.42591 23.10062 27.47131 19.70213 15.87524 11.81423 0.0 23.62706 0.0 10.68765 
1000.0 14.35672 24.51128 6.69689 0.0 8.97452 25.159 11.17578 15.5955 28.83197 11.39488 30.28734 0.0 9.75955 14.89065 15.75162 14.78613 31.22667 20.34951 23.32518 0.02849 18.3921 31.84984 28.86033 13.29496 23.43967 28.06474 31.68128 24.7534 17.18947 11.28775 11.79573 12.61946 28.20261 15.22087 29.66451 28.81568 13.97067 20.14179 15.15638 20.89398 15.503 17.2263 23.86185 7.18148 23.39408 14.85027 0.0 11.25989 0.0 11.71083 
1000.0 9.69123 16.91469 18.90823 0.0 11.36675 19.08485 11.66633 24.5068 23.40421 32.58739 30.29413 0.0 21.84028 16.46198 30.10811 30.27142 25.36564 18.66581 19.15571 0.0264 8.72885 20.05869 11.13969 23.56654 8.31243 14.16747 28.8536 15.41902 30.38958 21.46196 27.94514 15.30857 18.31274 17.89004 30.31929 29.51323 8.98684 10.24349 14.28146 23.19215 19.26139 31.23154 14.26399 25.99162 19.35622 11.31164 0.0 20.53518 0.0 20.68485 
1000.0 17.02201 17.60783 17.80286 0.0 7.35301 21.20828 14.30213 27.02118 27.85716 31.43986 7.13275 0.0 24.84742 17.95265 22.33911 25.12805 28.75786 8.48261 23.21798 0.03602 22.13248 20.92329 11.41894 8.59085 8.2332 20.44103 20.33807 12.05626 27.50671 14.53733 11.46086 32.54665 7.86191 19.68635 18.17241 30.91411 29.10787 15.55536 13.70275 14.79529 19.54754 20.79769 19.30301 26.5807 12.82452 31.42135 0.0 13.86373 0.0 10.23707 
1000.0 9.44158 26.08033 22.06003 0.0 17.97767 20.39072 22.63613 8.67177 7.33781 23.35787 17.47972 0.0 21.8822 13.32611 23.04603 22.12165 18.38882 16.05011 18.80418 0.01031 17.16344 23.39511 10.98768 31.7803 16.41479 13.50818 18.70398 22.25373 19.04796 15.61525 23.81097 6.6772 27.51007 22.67324 17.99696 19.7986 17.67897 6.74093 7.95617 31.92177 24.14037 23.04847 20.5675 12.18521 31.61666 21.74793 0.0 24.68287 0.0 8.66784 
1000.0 32.54262 7.55992 30.28312 0.0 23.48002 25.77968 31.4657 15.61139 23.86595 20.23077 24.85216 0.0 27.54466 20.1458 27.57838 24.33685 13.42122 16.19725 21.65636 0.03323 30.5999 17.17422 12.50398 31.08895 14.67985 28.77488 6.97816 28.22519 29.17035 16.48729 19.71772 6.99684 17.26438 23.65504 30.26639 28.8895 24.11354 21.86016 9.82862 20.11662 20.73252 30.53579 23.99616 24.01104 32.4176 31.39664 0.0 22.19376 0.0 17.91547 
1000.0 23.35928 18.44785 26.03737 0.0 9.88754 10.97465 8.91709 10.27654 24.91156 24.26535 8.22194 0.0 17.78532 12.31751 24.72343 18.81474 19.07773 17.49883 30.63726 0.02708 17.11641 21.76625 30.55187 24.43288 19.07804 19.91069 31.08021 24.46428 18.35696 14.51062 10.0649 29.93265 15.1182 14.48875 13.97809 18.96571 27.48435 29.74798 19.52907 16.85521 18.28873 6.72986 28.77881 25.29477 9.38942 26.13127 0.0 31.27775 0.0 18.51587 
1000.0 0.0 0.0 0.0 7.03449 0.0 0.0 0.0 0.0 0.0 0.0 0.0 27.55419 0.0 0.0 0.0 0.0 0.0 0.0 0.0 0.0 0.0 0.0 0.0 0.0 0.0 0.0 0.0 0.0 0.0 0.0 0.0 0.0 0.0 0.0 0.0 0.0 0.0 0.0 0.0 0.0 0.0 0.0 0.0 0.0 0.0 0.0 19.20009 0.0 18.67268 0.0 
1000.0 19.82544 20.28427 17.98522 0.0 7.04223 14.61607 9.58224 13.11373 17.69107 28.42959 25.9429 0.0 19.40288 29.9695 11.13322 26.75501 26.19951 15.12805 27.51711 0.01371 20.81881 14.04705 11.26092 11.34635 28.74163 20.90675 24.48558 25.39635 31.30396 12.79611 29.22229 10.13951 25.92252 28.23889 29.61115 22.37302 10.67262 23.66196 21.95745 17.038 21.6952 26.72813 9.37634 10.14539 14.59021 27.25087 0.0 24.75541 0.0 15.3593 
1000.0 17.71703 9.07547 25.1969 0.0 19.02243 19.5074 25.60925 15.55232 19.17963 30.10934 28.19366 0.0 13.33959 31.46899 29.58776 6.77448 18.37394 16.82699 15.81079 0.02505 20.80919 8.90793 25.15633 8.75799 7.2625 7.07002 18.43553 17.11713 27.03062 7.52048 29.39676 29.97083 25.76294 29.99957 15.52839 17.70665 18.98617 8.18752 26.57512 10.04717 21.53471 24.37857 26.33089 20.74752 22.1118 26.40149 0.0 16.13132 0.0 7.1026 
1000.0 27.81897 22.64501 28.02124 0.0 8.71563 12.02142 18.84467 9.01948 23.70521 8.3618 21.73548 0.0 9.41513 30.46966 22.41227 21.73438 19.88539 17.75331 21.59049 0.03788 22.42438 30.35575 7.46592 8.73465 28.25313 16.56847 12.24893 22.70505 21.3277 23.34806 9.86823 8.54665 15.61111 13.63927 7.90514 14.73412 16.57581 17.41059 20.18187 10.53874 31.77206 16.06141 7.9137 16.09777 11.72168 28.76946 0.0 27.93412 0.0 30.11996 
1000.0 19.82251 23.5555 25.57083 0.0 10.91069 25.05469 30.67731 25.91843 13.48185 14.54482 19.9015 0.0 29.70408 29.33337 26.77999 16.08349 7.78026 10.4031 8.30142 0.03703 26.21231 7.31246 17.24914 29.97405 16.67817 24.22431 16.66415 27.42421 29.47384 20.93 19.21856 13.17171 21.55574 14.80545 10.06365 27.90479 29.72999 13.92338 18.7166 29.70209 29.9163 15.64701 28.3169 20.17564 10.74016 29.11925 0.0 30.62301 0.0 21.85737 
1000.0 21.53088 18.61758 11.82547 0.0 8.93323 28.78557 22.1224 27.47177 25.70984 15.03399 27.13334 0.0 29.98183 28.96937 19.66648 7.70479 28.42073 11.73399 21.95973 0.01009 9.88683 16.58481 32.19675 13.06097 19.51212 24.78101 32.65734 20.99559 16.5238 22.28375 19.30593 8.6371 15.53815 28.24698 26.13971 28.90739 27.40627 19.57249 20.28566 31.38883 29.66656 18.34376 17.95694 27.95841 10.28797 17.57989 0.0 13.2701 0.0 9.81046 
1000.0 25.85364 7.90193 12.16493 0.0 16.48554 28.34822 18.3669 32.32503 15.11249 12.56448 11.2685 0.0 16.12419 16.03212 14.63395 13.58961 24.23751 9.70985 14.13284 0.02796 24.12178 16.57601 24.83149 27.65434 23.86556 9.00039 24.09974 21.62068 23.0365 22.01246 31.25523 7.06456 24.20456 30.19035 27.18436 17.94588 16.67902 12.99382 32.41349 17.89586 7.95872 8.82054 24.45225 26.00259 26.79702 12.87604 0.0 26.13106 0.0 27.33522 
1000.0 24.66264 12.73178 32.21146 0.0 26.63519 27.76167 23.36301 26.75153 7.10229 28.8805 12.44538 0.0 17.06602 16.25972 11.78662 17.91226 18.46562 9.72271 26.64023 0.03039 8.28074 9.02977 6.8974 28.82749 30.44741 16.35047 17.32238 23.85937 29.61217 8.68182 23.82733 26.99042 21.74618 7.99376 23.42359 21.64752 15.4692 19.82851 11.59494 24.62711 12.94196 6.6312 16.5305 21.85495 9.064 26.37943 0.0 27.59733 0.0 21.22751 
1000.0 0.03936 0.06082 0.06264 0.0 0.14118 0.10188 0.127 0.03626 0.10314 0.08975 0.04919 0.0 0.03624 0.10038 0.06141 0.05511 0.11717 0.05385 0.09478 30.15169 0.10776 0.11323 0.03995 0.06996 0.06581 0.09735 0.09437 0.14754 0.14683 0.1554 0.08743 0.06032 0.0413 0.0945 0.03594 0.05385 0.15237 0.14314 0.15145 0.1543 0.08457 0.08371 0.08435 0.03672 0.04337 0.03741 0.0 0.15388 0.0 0.15074 
1000.0 21.9736 11.95091 31.60946 0.0 23.31544 7.86072 10.85158 22.43899 8.21056 8.31182 27.32243 0.0 15.24781 21.8257 23.13306 28.44645 23.30379 14.92208 22.23859 0.02502 11.17269 14.02259 29.48042 28.41185 20.41977 29.42352 7.82187 13.37409 29.6382 10.67899 9.5649 31.77718 7.31609 8.10928 31.56116 6.94059 30.13138 9.58727 18.87628 7.77531 12.66461 23.90904 16.37546 12.17819 31.01929 20.88702 0.0 27.31325 0.0 27.11965 
1000.0 12.08839 22.87325 20.84838 0.0 18.04485 23.5429 29.90586 31.46902 14.65076 14.53203 29.71964 0.0 15.91787 18.29696 27.19669 31.10614 32.62459 22.37986 25.76162 0.0271 16.37433 24.90061 20.45694 9.55335 11.54799 17.53398 16.86885 19.16588 28.79042 24.30201 25.60844 8.81515 11.68263 22.49951 15.33065 22.54039 28.21697 19.68069 22.80264 10.06798 26.2099 28.52634 10.26434 14.86521 31.4422 25.43466 0.0 16.43513 0.0 27.29305 
1000.0 20.38204 11.83452 7.00026 0.0 13.7771 22.37251 8.94146 12.31716 19.10467 19.55732 7.60381 0.0 31.1043 9.27033 25.1321 8.07168 7.99451 12.44992 12.17942 0.0297 26.28234 32.35791 10.66005 23.56831 12.55889 16.58081 17.18345 8.51843 6.67178 17.6146 16.45899 20.05493 17.14881 22.01067 7.76804 14.67667 19.68697 27.46006 18.57624 12.40504 12.23129 27.61605 10.43568 7.08442 9.62234 23.67348 0.0 16.3839 0.0 25.73273 
1000.0 11.95936 31.62098 19.17501 0.0 20.27585 12.87592 10.7905 31.50271 24.27543 25.87093 24.69486 0.0 26.17196 18.51677 20.59593 26.95397 16.80609 22.71679 16.77457 0.01252 28.24372 9.82467 26.89163 19.4912 21.56587 14.03004 32.54558 15.17464 28.46369 30.04219 17.40722 21.73465 20.32066 13.79753 7.13886 12.90843 18.11343 19.53541 23.35298 26.94814 28.49247 10.77289 15.97319 16.85542 15.90638 22.06888 0.0 20.28594 0.0 15.38984 
1000.0 14.96673 27.53127 7.39765 0.0 7.53046 18.16909 17.60407 27.05364 25.49151 13.35858 18.10885 0.0 12.96588 22.43226 20.1187 25.23557 30.45777 23.58582 21.43811 0.0179 27.82427 30.44496 16.38456 7.42395 14.16726 18.23655 32.32149 14.67441 16.95006 17.46374 25.79278 9.48285 7.51926 9.70258 25.41595 21.86051 26.9273 18.07406 12.68685 12.47562 10.64685 11.38248 23.16292 26.38949 8.3179 30.57378 0.0 17.12715 0.0 12.94554 
1000.0 9.34322 22.39772 23.9784 0.0 16.29757 17.76979 25.06069 24.65258 29.46107 18.87097 16.27493 0.0 20.31095 28.72761 15.68569 15.79978 7.29116 28.43744 21.65303 0.01211 27.64644 25.16937 11.57557 22.90772 16.79667 16.6193 21.36048 15.15608 23.81883 16.14832 12.83593 7.79533 20.80378 23.01175 10.27074 27.63603 26.90077 30.96148 22.06517 19.20013 30.96178 10.29451 19.94223 13.77328 30.12419 16.31145 0.0 27.73009 0.0 13.09753 
1000.0 25.98266 25.81313 10.84044 0.0 27.29901 22.58126 25.50747 7.33895 32.57465 12.18033 9.56445 0.0 32.66756 26.90009 19.10768 7.13298 29.11422 17.76834 27.99652 0.0277 29.24884 32.67245 8.4846 22.65221 9.00447 29.74728 16.27527 15.45993 8.3202 8.35295 11.06776 13.87611 21.20072 13.36079 13.86168 10.13591 31.76334 21.6311 31.38613 32.69463 23.85292 27.77399 29.96012 31.1246 13.35738 7.57525 0.0 12.74554 0.0 13.09507 
1000.0 10.80749 20.98207 21.68495 0.0 13.85244 15.81668 31.06957 24.49948 9.86911 30.88169 25.87368 0.0 7.49979 26.45413 27.01408 18.22901 24.76355 9.0441 20.46425 0.02806 21.31533 9.92677 28.074 11.79552 26.07333 22.48877 20.98722 19.64218 10.65377 13.45505 20.16975 11.27799 19.05354 24.10452 22.36695 18.91371 20.72506 30.5923 15.089 28.80684 21.4654 7.16467 14.21368 28.47577 29.68232 18.46723 0.0 31.57683 0.0 10.14859 
1000.0 30.49576 26.2922 22.54677 0.0 24.29298 25.24058 28.54607 31.85948 8.58329 16.45143 13.31746 0.0 15.26139 13.40547 18.48336 31.36661 9.14028 21.80608 31.36948 0.02158 18.11645 7.96046 12.00667 9.59767 9.7749 18.13759 9.8879 13.45234 25.25456 31.7551 6.6937 11.31584 12.40403 13.03166 18.85883 8.43477 13.31055 6.85255 26.02102 20.69531 25.46527 24.95202 11.1897 28.56583 11.90646 21.23511 0.0 23.61473 0.0 7.21871 
1000.0 27.90688 29.57811 30.54783 0.0 24.41427 16.16091 15.89242 31.33874 15.82107 29.67299 17.26183 0.0 22.47889 26.6905 16.76458 8.08239 12.11922 13.96991 11.88696 0.01782 31.60146 10.60683 27.56469 6.80835 20.9977 23.8691 23.09824 16.51725 14.74735 25.7661 26.10501 10.21216 28.00065 7.117 17.28946 7.80101 30.22231 30.64625 28.66458 20.23952 20.13762 31.93562 29.70642 10.11834 25.7438 15.42814 0.0 19.47947 0.0 18.28888 
1000.0 19.52274 17.41663 7.68681 0.0 22.66224 23.03179 30.19647 22.24695 23.75986 9.95223 17.86313 0.0 24.00683 23.85759 9.26099 23.04455 16.30061 14.05983 19.17369 0.03315 25.9935 28.9962 24.2056 13.34242 9.25137 25.04956 29.71587 24.23521 10.66016 19.09694 15.5029 25.23682 7.64832 12.4431 17.46501 16.11125 30.57641 13.46859 11.37373 22.77586 10.34353 6.72837 18.96101 19.89973 28.79325 28.24703 0.0 28.96503 0.0 8.34849 
1000.0 28.6816 14.3072 8.90353 0.0 12.91596 18.21353 17.16878 28.76661 17.26269 21.95034 15.46601 0.0 7.24186 19.14247 31.20793 30.11475 9.41839 30.62354 30.41374 0.0195 23.58319 25.65025 24.51784 24.12294 9.69066 15.98699 23.66552 17.06113 20.78106 25.52007 15.90875 15.08832 16.06762 23.59122 10.58828 27.06021 26.14513 23.58772 31.51442 8.74499 25.27756 15.02477 13.52557 31.98269 18.63506 13.94976 0.0 9.79457 0.0 26.1519 
1000.0 8.30351 26.40176 11.27162 0.0 13.48313 15.95381 29.94842 10.12134 20.30736 20.99531 18.33931 0.0 24.62087 16.04638 12.57698 15.87282 23.11674 29.46229 12.03448 0.03664 23.33691 15.85374 18.18555 11.80231 10.54126 9.02789 15.75248 14.30942 25.41876 9.04163 16.03744 14.21349 25.25692 28.70052 21.58882 29.8069 11.28744 19.94324 22.02768 15.26 23.55174 23.55317 20.88193 23.40055 26.11519 8.29727 0.0 11.76661 0.0 31.07444 
1000.0 26.01722 25.95103 21.63184 0.0 8.68717 25.67128 18.35813 24.52977 18.12723 32.04476 32.20386 0.0 15.1875 12.37843 24.7528 19.67014 31.96831 13.1603 8.30761 0.02524 14.90058 21.14405 11.17337 19.76889 7.23846 28.23761 25.45549 23.32495 21.88989 27.85617 25.77967 17.02153 22.01622 7.36959 31.76898 16.42885 27.59462 30.59135 15.45149 6.72989 14.1415 22.48505 31.21211 16.82526 27.98888 25.54396 0.0 23.50189 0.0 13.55651 
1000.0 6.91893 18.98516 26.68712 0.0 13.41858 19.68651 29.17576 23.12541 10.27812 11.18151 32.06753 0.0 19.56364 29.44461 23.99067 17.93119 28.36771 15.53937 19.37007 0.01934 28.21427 21.96866 28.56022 21.13949 14.36446 11.50356 26.07353 22.29221 19.18874 32.16932 17.63882 14.4208 25.82912 11.32754 28.86568 14.69175 22.88754 24.31999 24.45211 18.89619 12.95797 24.84511 20.41284 10.80556 28.82549 31.29723 0.0 7.69538 0.0 11.53782 
1000.0 17.76645 16.01563 23.51917 0.0 27.46657 20.78754 24.15093 28.15224 32.46477 21.94754 7.51407 0.0 19.12674 9.5658 15.51944 9.31693 8.07793 8.674 22.77469 0.01655 26.83089 9.6767 31.79772 12.43642 18.29924 31.27851 27.56712 22.69452 21.38188 29.03292 26.06984 16.85795 20.96414 16.17439 30.66459 22.89627 22.39014 20.14061 13.40926 18.66474 30.22576 13.69949 24.8686 17.51495 25.71027 30.56096 0.0 14.98321 0.0 11.18401 
1000.0 14.09795 18.06559 24.3668 0.0 22.01204 26.25342 29.02791 24.63879 32.55596 28.1281 30.3497 0.0 18.5175 9.77361 10.3166 25.82513 21.80261 26.5156 9.00145 0.03969 25.48058 31.11565 15.96058 17.6611 15.25592 13.77905 9.10976 28.53922 8.18813 23.81817 11.11216 23.30132 30.92704 26.53793 15.53897 25.01553 11.17381 8.7249 7.1582 26.4623 26.94412 23.53826 32.46141 18.70656 28.45307 21.75122 0.0 24.28095 0.0 21.42505 
1000.0 10.42193 29.80924 31.15966 0.0 7.24819 24.54951 22.4113 30.84355 28.21064 9.71644 13.49958 0.0 27.23538 29.16502 10.38386 26.38136 13.77138 20.44392 30.00094 0.02839 24.30127 23.50544 25.62346 15.33833 19.26995 19.29756 18.5851 12.29448 20.04625 11.97633 28.02844 27.12462 20.68025 8.49671 15.38452 16.60704 7.76599 18.68465 24.80635 9.98551 22.17493 18.75012 19.94792 11.88488 29.90427 9.27199 0.0 21.57986 0.0 18.01062 
1000.0 19.60174 12.17713 32.48385 0.0 7.72129 20.80547 23.68445 16.05514 29.59879 25.63365 21.49124 0.0 7.19239 29.64062 15.52885 11.16284 7.13353 15.52417 9.46641 0.01077 16.25635 19.09065 14.17426 16.99605 29.5469 19.21281 10.06701 18.56278 20.34783 18.31248 23.62545 19.34238 22.97815 15.76166 11.9398 19.6649 11.67202 25.83916 10.90993 12.81312 22.99987 20.73482 30.37436 21.35771 6.83364 10.61221 0.0 9.97072 0.0 26.38737 
1000.0 27.92347 7.68709 26.98638 0.0 29.99102 24.04319 10.1621 7.55328 7.73207 25.56846 27.62257 0.0 26.15836 20.2674 24.69448 30.23973 11.82197 16.67015 25.19706 0.01934 24.79432 15.5213 8.19231 20.0908 10.02711 29.99906 22.22604 13.86665 23.82292 27.61721 21.2952 17.77165 23.62728 17.88929 8.15779 13.33118 12.67077 9.0156 32.45961 19.40245 20.99351 6.65672 9.70803 20.90008 20.86432 31.77123 0.0 12.08964 0.0 18.19696 
1000.0 13.04746 24.30424 13.02134 0.0 17.76255 27.77324 14.92473 31.32355 9.35102 31.49482 9.65955 0.0 31.28299 20.46179 19.09518 8.371 11.38695 17.85476 16.44469 0.00841 32.22151 19.24585 27.27364 8.6849 20.67541 19.70013 8.57522 24.40191 17.23669 29.5999 11.40713 30.77637 30.52153 15.01434 7.56244 10.03233 31.35068 26.33195 15.9039 18.19142 19.39806 26.33637 30.47183 25.90846 16.7995 28.41679 0.0 31.66139 0.0 23.18528 
1000.0 29.71562 20.87391 16.54568 0.0 7.65198 22.61039 23.41341 16.8711 6.76188 28.27016 9.90033 0.0 19.64016 25.7336 23.00497 9.25991 16.59056 16.58795 16.73317 0.00946 13.246 11.49215 20.07554 10.64835 8.25869 22.97272 11.65971 12.21021 20.49344 21.72757 7.76038 16.1793 31.76235 31.71642 31.7627 8.20007 26.26186 25.48164 14.274 27.55743 11.30372 24.20107 25.12985 26.80629 18.78773 25.6937 0.0 21.74301 0.0 32.3754 
1000.0 32.13521 30.36378 29.82715 0.0 7.87692 23.24981 10.61454 26.54791 31.93802 23.71116 24.43222 0.0 16.15188 18.72372 13.89715 17.45072 19.18967 25.57304 7.23379 0.02033 14.49363 27.90723 16.11511 24.5138 23.66315 14.81334 28.61953 8.05745 9.95319 30.02348 6.81731 13.44524 27.00739 19.25295 18.64403 7.12267 30.61642 15.03312 24.16293 17.08186 13.94948 31.90183 8.90782 18.64661 28.97911 20.52582 0.0 23.25364 0.0 16.31533 
1000.0 22.60263 18.37444 26.36292 0.0 18.18708 26.33321 7.86609 7.93825 18.61323 9.11368 21.18127 0.0 11.06215 8.98269 26.64023 16.29825 30.26668 18.91271 25.77568 0.0333 7.09515 11.98838 30.0843 19.3613 26.75966 32.13254 19.4404 29.17539 18.6806 25.69696 8.91908 11.71904 22.99017 12.99391 22.99931 11.71427 19.28636 28.37471 15.91064 23.27697 25.6398 12.24256 21.07857 7.25624 26.39977 30.96428 0.0 12.36449 0.0 13.71057 
1000.0 32.07108 9.5575 18.9551 0.0 11.36636 29.80618 11.06368 24.55058 15.06731 19.19694 14.09096 0.0 16.60623 26.14944 22.46991 21.10782 9.51241 31.00525 28.45866 0.03553 29.8166 22.43851 7.3931 19.5061 30.16353 7.37414 7.38944 14.48891 7.24319 8.67306 13.02325 11.19215 12.90851 30.17488 18.84098 21.31915 28.09011 10.97378 13.25805 20.59992 29.58578 14.5221 18.37937 10.07324 13.68747 19.30407 0.0 16.5938 0.0 29.81829 
1000.0 19.00839 9.44128 12.86382 0.0 30.70556 27.11329 14.35778 29.32902 31.21769 7.3974 8.50616 0.0 8.15385 16.07122 16.33386 6.88525 27.23316 24.69146 12.87201 0.01958 12.66658 9.97715 8.40685 21.34969 16.64795 23.68385 11.97876 17.91237 30.13513 20.78735 11.06169 10.85101 11.04353 22.81422 22.1837 17.92616 13.6114 21.48375 16.38922 31.86435 17.26545 11.16007 26.63736 19.2239 20.61511 20.18984 0.0 21.62082 0.0 25.55309 
1000.0 0.0 0.0 0.0 25.90345 0.0 0.0 0.0 0.0 0.0 0.0 0.0 15.31013 0.0 0.0 0.0 0.0 0.0 0.0 0.0 0.0 0.0 0.0 0.0 0.0 0.0 0.0 0.0 0.0 0.0 0.0 0.0 0.0 0.0 0.0 0.0 0.0 0.0 0.0 0.0 0.0 0.0 0.0 0.0 0.0 0.0 0.0 24.40638 0.0 14.38486 0.0 
1000.0 25.40166 29.04014 19.66945 0.0 24.37377 24.4065 29.99231 27.35526 12.20519 17.72892 8.72812 0.0 12.22514 17.99221 26.80863 25.14438 21.4526 13.5779 18.77706 0.02743 17.48495 21.85184 26.23427 10.07619 15.96903 14.25672 19.13076 8.67968 7.93937 19.05184 30.43363 13.78748 14.51444 8.30512 21.06386 31.39816 11.45972 31.27122 19.54679 28.81269 7.69521 20.32726 16.86918 27.20594 13.2681 25.71989 0.0 29.68691 0.0 28.32983 
1000.0 0.0 0.0 0.0 26.59633 0.0 0.0 0.0 0.0 0.0 0.0 0.0 17.1106 0.0 0.0 0.0 0.0 0.0 0.0 0.0 0.0 0.0 0.0 0.0 0.0 0.0 0.0 0.0 0.0 0.0 0.0 0.0 0.0 0.0 0.0 0.0 0.0 0.0 0.0 0.0 0.0 0.0 0.0 0.0 0.0 0.0 0.0 25.65579 0.0 13.28879 0.0 
1000.0 10.49502 19.32437 25.42693 0.0 12.79405 10.52847 15.95411 18.42385 29.02771 15.60332 30.53324 0.0 15.34167 32.70139 22.49609 11.75845 15.68254 9.27566 6.60233 0.01248 10.49779 12.57461 28.05505 24.34094 9.50886 29.59467 13.04295 22.28965 31.72287 17.4835 27.54956 23.13876 15.61809 32.55816 27.24872 8.94529 11.96277 15.33593 32.05391 7.25106 11.66912 10.96672 9.24942 14.50553 20.65401 13.38145 0.0 24.6729 0.0 27.92208 
