1000.0 1000.0 1000.0 1000.0 1000.0 1000.0 1000.0 1000.0 1000.0 1000.0 1000.0 1000.0 1000.0 1000.0 1000.0 1000.0 1000.0 1000.0 1000.0 1000.0 1000.0 1000.0 1000.0 1000.0 1000.0 1000.0 1000.0 1000.0 1000.0 1000.0 1000.0 1000.0 1000.0 1000.0 1000.0 1000.0 1000.0 1000.0 1000.0 1000.0 1000.0 1000.0 1000.0 1000.0 1000.0 1000.0 1000.0 1000.0 1000.0 1000.0 1000.0 
1000.0 21.54906 17.53683 16.6206 0.0 18.43658 17.52179 18.48353 31.98295 14.55713 17.1739 29.6291 0.0 9.69948 14.48389 12.57988 30.25991 13.83561 25.37218 23.27574 0.02015 8.54832 30.14738 28.93014 30.86679 12.87758 28.40984 12.53603 28.71892 29.07225 25.03514 26.91919 23.36727 29.00557 26.59259 20.36392 13.54295 18.9482 8.96196 9.14428 20.73158 27.16754 8.78356 16.24227 12.19285 17.05002 32.37127 0.0 22.04746 0.0 9.3288 
1000.0 27.25204 30.053 30.32139 0.0 17.2839 10.50283 18.5712 12.58013 31.25717 18.02538 17.55187 0.0 9.92687 21.45009 28.89183 12.45736 32.86125 12.16313 10.4871 0.03542 18.30885 22.20799 25.27391 7.61352 8.90324 23.72841 11.48618 22.51835 25.7618 24.8207 29.7907 20.18715 17.33738 16.82598 19.63099 13.91178 26.55847 29.3076 18.23035 30.76837 22.35335 13.59235 24.34705 24.45338 17.59713 11.72379 0.0 10.73455 0.0 17.99637 
1000.0 25.81248 9.30684 30.63251 0.0 10.12894 11.78366 13.81611 12.32766 19.55365 13.31779 28.17901 0.0 16.62748 25.30237 29.33 15.22015 16.64826 13.69024 30.42028 0.02416 18.05138 28.33383 26.34117 8.89652 15.38502 8.73607 18.14676 29.14778 13.21568 27.77228 18.88479 13.36888 31.60057 7.75873 32.70537 31.74666 22.34884 13.27489 27.57576 20.38259 13.97569 28.71646 26.71039 15.01628 22.10387 20.95219 0.0 19.21881 0.0 23.22743 
1000.0 0.0 0.0 0.0 25.6197 0.0 0.0 0.0 0.0 0.0 0.0 0.0 18.61687 0.0 0.0 0.0 0.0 0.0 0.0 0.0 0.0 0.0 0.0 0.0 0.0 0.0 0.0 0.0 0.0 0.0 0.0 0.0 0.0 0.0 0.0 0.0 0.0 0.0 0.0 0.0 0.0 0.0 0.0 0.0 0.0 0.0 0.0 32.46581 0.0 12.76222 0.0 
1000.0 14.43357 9.11954 20.34152 0.0 10.89612 19.45619 28.47344 14.25199 22.85409 24.21992 11.02379 0.0 19.41626 14.52879 12.30495 18.87793 10.98489 29.63991 13.83983 0.02261 15.36906 26.55398 31.94411 12.11142 24.67048 21.16186 27.02554 12.33166 18.32645 21.43531 9.13624 27.17594 29.6289 25.27783 20.26646 21.25305 12.98578 18.8479 30.75917 14.02148 16.48938 7.55479 9.94494 11.87178 13.54128 28.92184 0.0 25.0272 0.0 24.0079 
1000.0 26.5899 26.27769 28.8649 0.0 13.48427 23.87247 27.78082 17.18791 18.4484 14.82924 28.61545 0.0 11.69628 21.38606 31.22494 8.4847 28.5414 11.55157 16.23092 0.01238 18.25603 26.8525 14.2301 25.22886 21.22385 7.01752 23.98226 23.49255 12.77177 7.75493 28.28168 31.04956 32.85887 6.88386 25.93941 24.53275 20.01794 22.43043 23.89966 27.53519 29.6448 26.28453 18.92557 28.67557 19.48935 29.50377 0.0 16.18397 0.0 25.09492 
1000.0 26.81972 22.62468 25.63751 0.0 15.56631 27.5309 28.18867 21.07423 31.46165 27.66404 8.15318 0.0 14.70812 7.3371 10.9373 16.87121 11.93191 21.81703 15.78388 0.02748 27.55993 21.62278 28.35854 29.93673 29.5787 10.78667 18.57781 7.91226 17.67854 11.47233 26.15943 12.93287 23.56805 7.29418 22.59743 7.1769 23.1273 14.174 14.71893 21.85662 22.96773 21.47868 8.29177 22.96431 28.4884 15.75566 0.0 9.39912 0.0 28.69892 
1000.0 15.86803 23.98088 32.56267 0.0 12.16608 20.07986 10.53867 31.16771 13.45794 28.07621 29.81457 0.0 10.3793 9.77534 28.50678 11.32902 24.77372 12.75363 13.50768 0.01095 11.0917 19.46268 23.0614 24.43642 30.33616 23.94871 24.20972 18.40919 12.36277 11.81635 31.70178 27.18732 27.78572 14.11067 8.70761 25.52265 29.52088 20.12072 22.40908 12.38369 9.61939 12.30861 17.64692 21.12364 30.21234 22.49018 0.0 11.49736 0.0 12.34753 
1000.0 11.35581 11.78882 19.11355 0.0 16.72122 28.78273 20.52422 32.57089 11.39934 19.40118 29.99945 0.0 31.90953 20.37993 8.01997 29.47712 10.97676 29.2261 26.46215 0.01985 16.88839 29.12087 12.36194 20.43143 8.72067 29.97748 20.1741 17.48391 9.50653 20.45236 31.25429 30.86541 9.75645 31.02116 15.12605 30.42881 15.61507 26.24337 30.27698 25.24709 29.9839 27.23627 19.52849 15.31241 17.73782 19.60342 0.0 26.00953 0.0 13.37448 
1000.0 13.91719 10.07372 10.35873 0.0 9.90088 28.27349 17.53368 30.43896 29.25852 28.58762 26.82079 0.0 9.39681 24.73655 31.10193 19.44699 8.90606 11.32489 27.99705 0.00992 16.76672 30.0765 32.28205 9.83269 7.49354 13.40146 25.84353 12.64909 26.72446 7.0394 21.18438 28.5639 26.93461 21.72782 9.27363 8.27407 32.64538 25.10735 20.28109 22.80613 30.5953 26.03985 18.56966 25.95306 25.56108 14.37471 0.0 29.0497 0.0 13.67826 
1000.0 25.33056 13.80461 12.06703 0.0 9.82346 10.13682 24.93579 29.8603 18.9864 31.26008 11.94675 0.0 30.32257 10.68363 16.93472 21.58537 27.09916 25.48696 31.53393 0.02663 30.74685 24.79461 16.03757 24.25106 14.75188 19.72109 23.25307 25.19925 21.90845 19.36561 17.53964 28.30929 17.0137 23.70948 9.03398 25.87862 23.25227 24.31555 8.78671 12.99541 28.00077 17.06413 19.68837 31.80611 29.63048 16.90581 0.0 31.47688 0.0 20.28097 
1000.0 0.0 0.0 0.0 29.83894 0.0 0.0 0.0 0.0 0.0 0.0 0.0 31.51542 0.0 0.0 0.0 0.0 0.0 0.0 0.0 0.0 0.0 0.0 0.0 0.0 0.0 0.0 0.0 0.0 0.0 0.0 0.0 0.0 0.0 0.0 0.0 0.0 0.0 0.0 0.0 0.0 0.0 0.0 0.0 0.0 0.0 0.0 8.40219 0.0 23.85038 0.0 
1000.0 10.06953 27.71247 17.06822 0.0 9.91639 8.701 18.91873 16.00093 12.02085 25.79792 16.05883 0.0 26.10077 24.78686 26.085 18.12693 24.30059 28.3899 31.2984 0.02889 10.62362 22.89639 28.90411 7.73335 14.14007 30.67511 24.9855 31.82653 8.93224 30.80124 29.44521 25.75006 12.40798 8.65665 26.01345 15.66354 18.68259 16.83819 11.70207 9.34291 19.37275 30.59511 30.25667 32.16613 20.33332 18.4627 0.0 18.65468 0.0 12.11008 
1000.0 32.49791 25.82002 12.88641 0.0 20.71514 19.71166 29.43074 12.53614 10.82908 13.83283 20.2513 0.0 24.5403 25.26054 7.19031 12.22153 14.30569 17.84695 20.81908 0.03623 22.15057 31.25458 16.49201 7.03239 12.37642 17.62374 31.50595 14.79317 27.92553 10.76519 14.99487 11.03275 20.46174 12.54161 25.34345 14.79019 24.78766 30.50095 15.22218 7.78052 10.787 8.54377 22.72259 7.51426 32.51148 18.24345 0.0 6.94285 0.0 8.26508 
1000.0 29.90734 10.63218 25.10947 0.0 22.22948 24.19217 26.34334 32.25935 30.08971 26.29488 26.51414 0.0 18.65684 25.22982 17.11935 14.33983 24.17435 28.39953 17.0039 0.0293 26.40658 7.21 19.25522 11.45677 14.6714 13.18492 24.28137 24.22294 16.3686 11.87624 32.49647 29.543 17.21698 29.80956 13.20705 14.70918 9.29541 32.86947 26.32717 14.62876 8.39639 16.46505 32.35718 14.71298 21.13314 21.92949 0.0 19.46146 0.0 30.92938 
1000.0 31.7625 12.16772 26.9911 0.0 30.01765 8.0571 16.79235 22.38974 30.51666 14.48501 20.60184 0.0 16.87685 22.02476 7.85047 20.10775 32.04305 31.80086 16.31593 0.03599 7.19703 23.40082 7.73699 11.82087 9.47402 8.20351 11.2816 18.32143 7.17721 8.24773 15.61304 11.90514 10.4147 25.14904 7.54967 25.40996 29.26703 18.39011 19.906 12.85159 29.76642 21.63433 14.27144 21.09244 6.88479 11.60297 0.0 16.48288 0.0 21.46362 
1000.0 28.07359 19.12494 31.9473 0.0 7.52424 17.48039 30.65148 15.39018 31.34952 27.51535 31.89167 0.0 22.29579 7.72317 20.07278 25.51878 20.27406 17.81473 7.71817 0.00962 21.68192 31.1798 31.91267 18.68288 10.09021 19.10954 24.49052 25.61736 32.24083 27.10326 26.27901 10.56972 28.48419 31.6762 19.22157 26.11744 23.74491 9.22425 32.43463 23.12715 18.05337 19.96779 7.28524 25.23735 29.71546 30.94695 0.0 10.85079 0.0 25.93929 
1000.0 7.78753 10.90944 7.59238 0.0 8.19448 14.29281 12.37989 22.26759 9.82976 20.95828 26.72227 0.0 13.29853 15.07193 27.91579 22.9934 32.82301 32.38523 19.52225 0.0376 23.03128 9.77622 9.43237 32.36937 23.18537 30.19867 28.51187 20.8175 20.5374 17.25639 17.37135 20.52295 18.39591 8.85683 11.59282 22.21275 24.50855 30.59745 18.99969 7.65412 10.44544 19.05322 10.27455 32.44848 22.66408 19.75989 0.0 20.18274 0.0 29.35821 
1000.0 14.41408 14.17375 29.13201 0.0 10.67127 13.76137 14.51195 26.5232 7.70742 32.55112 17.25709 0.0 30.59794 31.85623 22.17594 21.78664 10.61533 16.50279 19.5751 0.03111 16.25001 29.42864 24.71833 13.57398 27.13834 9.85286 20.33946 14.55786 27.60739 23.75323 10.10718 6.59227 25.86127 32.42215 18.39777 11.84918 24.33095 13.59473 18.3479 20.97617 32.54362 29.30904 18.7492 21.46421 14.60277 31.1287 0.0 32.48542 0.0 16.80762 
1000.0 0.08152 0.06882 0.07775 0.0 0.13866 0.07989 0.03788 0.03727 0.07948 0.12727 0.06279 0.0 0.09268 0.06957 0.10443 0.05871 0.08392 0.06909 0.0348 26.54005 0.09911 0.12508 0.12343 0.15381 0.14311 0.12792 0.0397 0.11327 0.13842 0.09508 0.0345 0.07556 0.08792 0.12138 0.06215 0.09805 0.10839 0.10343 0.13091 0.10235 0.15599 0.10486 0.1412 0.0357 0.10397 0.04897 0.0 0.0701 0.0 0.104 
1000.0 9.20091 11.85983 20.35482 0.0 31.22046 26.84013 32.65922 6.90985 22.70246 29.56887 11.90542 0.0 21.96322 6.84355 27.60592 32.2006 12.54378 9.59842 7.53138 0.01874 10.01386 17.58336 29.90711 18.16889 14.04849 14.94635 17.98914 13.73592 29.25619 10.12187 21.51726 31.92737 10.91455 18.77518 26.68243 7.05761 17.66568 15.39535 18.64871 27.59385 26.48549 23.96368 18.75261 13.80908 23.59333 9.96052 0.0 9.89541 0.0 13.98178 
1000.0 22.53593 7.94634 7.66102 0.0 29.84879 22.53429 17.47059 15.93322 14.92476 28.63164 18.90626 0.0 28.12599 10.73042 28.87052 29.96108 9.66042 30.13205 20.41293 0.02173 24.27944 9.83743 8.67545 23.13718 17.46419 9.95874 17.77129 13.84208 23.8189 6.58399 16.14826 17.13633 20.16905 15.12904 31.13029 16.99739 14.7449 30.03539 14.52989 8.04073 26.91231 17.98837 19.7045 26.8689 18.65296 14.20548 0.0 32.49912 0.0 31.01236 
1000.0 29.74965 16.976 19.32402 0.0 14.76729 28.07947 15.4392 19.1994 16.57562 25.42371 28.04973 0.0 20.05651 16.37862 8.51371 7.90597 18.49295 29.81029 30.71601 0.02879 20.39397 21.18244 9.51586 20.26191 7.07625 11.01481 31.36586 26.45121 8.70476 21.25878 30.46578 10.54317 22.45498 14.82337 28.05083 23.01108 12.07804 12.95496 26.9399 24.02586 20.2979 14.85543 12.9956 25.15866 25.44489 30.70324 0.0 22.46277 0.0 13.62255 
1000.0 15.52366 28.56846 17.32729 0.0 25.09172 32.34701 16.00974 19.56751 10.60123 32.21638 18.54501 0.0 29.66368 28.04226 29.96681 22.59354 7.49379 17.76148 26.91435 0.00914 24.33221 32.00974 9.12055 32.62363 32.69084 24.71016 28.98366 27.29168 14.33287 19.69864 20.08019 12.39065 24.16887 20.73567 31.84119 19.66118 18.06615 8.9797 17.32086 9.84423 11.56516 18.48286 9.85789 32.01041 29.11493 21.33663 0.0 16.4651 0.0 11.04468 
1000.0 15.32402 17.47293 19.75165 0.0 12.23374 28.68177 8.76558 23.64341 23.93569 13.38797 16.73442 0.0 17.43652 14.41036 26.52922 27.99702 10.36056 25.89083 12.35515 0.01675 16.85611 32.4047 29.67869 13.67014 14.88376 20.51015 14.37713 13.95569 9.10511 14.18976 27.39853 16.01966 26.14367 10.15384 25.95854 7.14521 10.0064 19.93952 20.07074 29.86964 24.00967 19.4475 10.74514 13.64125 19.67159 26.44551 0.0 14.9027 0.0 17.37237 
1000.0 28.29223 31.10307 25.90106 0.0 28.52634 29.74972 26.40609 9.98312 32.67311 32.49942 15.69482 0.0 22.19586 26.80469 6.79503 27.18927 31.63815 19.44451 19.19714 0.01035 19.40134 8.84453 30.62625 8.4871 21.7373 20.04471 17.19963 32.83099 13.21485 24.07817 23.68004 30.62468 21.17011 21.32935 18.42375 24.53978 28.32996 10.1398 30.94318 19.27017 25.76493 21.83592 15.24654 11.75472 30.03093 14.94053 0.0 23.35466 0.0 19.82355 
1000.0 9.71922 7.77616 9.06442 0.0 14.79659 14.38191 21.23142 23.98847 20.88204 9.71073 8.85674 0.0 24.50514 20.50969 9.92358 29.12985 6.93765 14.79779 31.49551 0.02661 19.58903 28.37515 30.3929 25.037 7.41544 12.01164 11.9401 18.71067 26.03021 21.88342 10.06456 27.80817 29.74137 22.01607 9.282 24.79345 18.27629 6.77265 29.82742 23.23197 8.70241 10.56708 12.55766 9.63432 27.81009 10.01808 0.0 14.8668 0.0 22.16633 
1000.0 15.45346 19.09283 11.5148 0.0 8.41371 9.48604 30.54685 16.45859 26.02639 6.78852 10.67525 0.0 13.10156 13.84858 28.13529 23.59529 15.73051 9.57718 10.43135 0.01032 9.40665 10.44235 26.15867 11.46462 22.4705 21.50063 20.07265 26.86538 12.47084 25.02771 17.77776 31.57454 17.14949 17.52048 32.24765 9.66195 7.41128 8.4509 13.05613 11.31423 13.54075 18.80193 27.6328 10.76013 17.47742 29.08062 0.0 23.6035 0.0 11.78224 
1000.0 32.82742 9.0224 26.91501 0.0 24.03922 13.06874 14.78508 18.33351 31.06348 7.0469 11.8343 0.0 29.74024 8.99895 13.03015 29.18406 16.98202 25.91886 12.69085 0.03313 26.47827 21.9408 19.90679 28.55822 20.27359 9.33555 16.35956 16.61108 32.03351 10.51121 32.59508 13.79008 14.86522 25.14001 26.69168 31.7345 30.74935 15.79864 10.10103 24.78974 20.16441 19.82134 15.91754 32.77081 19.9878 23.91791 0.0 32.79031 0.0 13.81012 
1000.0 13.38395 26.06582 17.84499 0.0 15.50152 29.41591 20.80804 24.79266 30.86804 27.07171 16.67805 0.0 12.49454 11.89141 30.81784 21.00965 20.31761 23.37281 16.8261 0.03964 30.65465 14.72306 9.15143 13.19839 11.25577 18.11525 7.01058 10.03706 19.43645 16.16462 28.06098 25.78213 19.32913 20.30346 11.68098 19.34138 28.74056 15.70838 26.79142 19.74341 11.60297 26.38885 22.3968 10.85677 16.13628 18.92093 0.0 12.93241 0.0 9.00846 
1000.0 18.33217 28.35713 8.03948 0.0 11.97444 7.05443 21.43288 17.99245 7.15051 17.01857 12.00477 0.0 7.14464 26.15133 12.48478 7.2154 17.31999 26.74455 19.12679 0.01115 30.15177 11.99063 22.54893 8.92484 7.33866 7.71087 8.12487 29.75443 20.07259 15.46585 30.07987 31.13359 28.05918 32.39743 21.72298 13.16725 14.21273 31.95402 26.82762 21.23002 7.39369 7.88311 26.62187 21.26113 15.94627 16.88896 0.0 18.78254 0.0 10.44636 
1000.0 25.27229 11.47228 29.31419 0.0 13.82566 11.26359 16.59152 16.85426 9.83162 32.59799 7.84974 0.0 27.62385 30.46493 12.99986 25.77542 21.72301 24.47889 25.95049 0.01636 21.98887 25.50548 31.3112 10.98276 30.73645 9.82058 27.67362 21.97949 18.9507 21.80348 20.09474 20.30618 7.52562 25.15671 32.86395 17.14905 17.18238 7.73306 28.89737 16.84443 19.63372 8.87567 23.3042 12.27279 15.71275 23.2614 0.0 10.27017 0.0 19.84518 
1000.0 19.51023 12.30302 14.26147 0.0 22.44089 24.87991 21.41947 8.1157 16.20983 8.21259 10.40546 0.0 14.33788 29.48238 26.77417 24.75358 19.63875 14.37323 23.75826 0.03512 10.08338 15.36028 23.98842 8.33158 11.05188 21.58895 26.31224 11.81343 24.85525 16.14194 20.87658 12.00316 18.67228 26.79674 16.05309 19.36212 10.16924 9.15717 7.67657 8.32809 28.4079 19.93552 7.24449 17.98113 15.12964 8.88711 0.0 22.15611 0.0 25.86466 
1000.0 11.78591 9.69159 18.25999 0.0 15.66476 26.29408 24.7656 8.53853 15.75933 20.18846 9.42857 0.0 10.36775 23.53057 32.52647 7.69263 31.31564 18.54756 32.65675 0.02941 17.76289 20.64213 12.56283 12.82558 20.75427 17.38245 14.00553 20.64635 6.6992 16.2572 22.80145 24.36866 32.78926 30.96734 24.49739 30.89653 8.05039 32.59458 10.76455 27.43521 26.01628 22.5592 19.37149 18.46393 23.48776 30.25616 0.0 9.97393 0.0 27.36904 
1000.0 24.99627 28.39606 32.2876 0.0 19.33429 23.05932 20.72603 7.89682 18.80856 17.68731 22.60781 0.0 9.93752 27.19759 8.78289 12.17772 7.54342 24.83425 27.8737 0.01698 15.22695 27.77021 13.22982 9.60385 7.72551 14.02959 23.01781 7.32633 27.55794 25.2109 13.1531 10.91658 29.77019 19.88311 25.96553 15.84703 15.39812 21.77657 17.19126 23.509 9.72389 7.5977 20.53639 28.98638 11.07688 32.60275 0.0 18.62739 0.0 10.69289 
1000.0 28.10892 12.84081 28.56491 0.0 28.46996 20.10683 7.58238 17.88857 26.1018 27.9553 21.25407 0.0 29.14276 13.47548 14.95043 6.82679 19.18582 16.30012 17.88524 0.00974 31.36248 8.77316 21.02972 29.0003 16.11432 24.50644 24.79695 15.13254 23.85878 29.70066 23.82867 13.58416 18.58056 13.8546 16.01274 26.91251 15.19303 25.78372 6.65432 22.09429 19.79898 31.62975 7.12498 25.70266 20.97419 13.80519 0.0 22.67051 0.0 24.99908 
1000.0 18.38572 28.13814 31.39807 0.0 6.92828 18.24648 29.29609 23.13301 6.89917 30.68984 8.84184 0.0 24.06032 26.9283 25.71306 13.54417 27.75146 26.42442 8.45091 0.02091 18.07776 15.21969 19.06804 24.16109 20.31645 20.08724 9.20329 14.17383 8.99331 25.39173 24.92806 31.53667 31.24391 19.93935 8.45299 24.18296 11.35554 24.79912 8.77262 21.52422 21.99189 16.91433 30.10354 22.98931 27.71869 13.71418 0.0 26.76361 0.0 15.41384 
1000.0 23.15192 30.97223 22.76945 0.0 23.85387 20.12002 19.65219 18.03742 16.70773 17.16621 30.21269 0.0 8.03653 24.69251 18.77133 14.69725 23.80822 18.13601 10.83893 0.02673 30.079 10.2884 17.13444 20.55885 13.48471 28.62851 7.07834 9.39235 12.99477 17.3768 20.16509 20.98776 29.586 20.80181 24.29227 13.7134 20.61944 23.5292 29.89905 26.85 9.27631 18.31232 27.79666 7.52539 18.34997 7.78995 0.0 15.39708 0.0 11.12597 
1000.0 32.57201 7.49904 23.91057 0.0 25.1621 26.37295 23.12737 8.72599 31.65475 31.52389 30.78353 0.0 11.81781 20.95056 26.51672 27.26287 28.89027 32.43093 10.8899 0.02278 27.66681 28.2856 27.1492 26.35562 9.48919 28.41575 10.14254 32.13301 21.42661 19.98524 10.61066 16.66891 21.9526 30.3315 7.87841 26.8976 20.76296 12.2025 13.88656 21.72612 12.89069 31.30134 7.81598 8.6276 11.55865 6.93654 0.0 29.16012 0.0 15.34725 
1000.0 7.86661 30.62255 19.55911 0.0 20.42872 19.00417 7.54581 15.16942 13.10218 18.66139 32.6135 0.0 20.96129 26.28144 12.0258 8.21963 11.17291 30.42675 28.09007 0.03783 22.19747 31.2929 32.05404 22.70258 19.96091 26.56918 16.40164 23.64837 22.56172 19.52792 18.9925 28.71147 6.67251 24.65705 18.54458 19.6391 18.7427 21.22283 20.24307 25.65275 12.24123 18.94796 10.19394 11.97296 8.61001 10.13144 0.0 31.78407 0.0 8.93982 
1000.0 8.74722 16.94852 22.92792 0.0 26.46984 29.33507 14.58058 16.34506 15.25416 8.65338 20.2666 0.0 20.76827 9.93386 11.48359 14.97768 10.17829 19.07199 9.96057 0.02423 14.36331 15.03019 32.55382 16.54438 12.16815 24.57259 9.62444 25.52364 29.42077 8.79092 23.20429 26.83551 21.58291 14.07508 17.89524 9.04461 28.39818 30.70519 29.86719 16.06574 10.4414 15.08573 8.16641 25.19788 32.13057 31.01526 0.0 30.5159 0.0 15.72839 
1000.0 16.86917 24.21653 20.44125 0.0 16.6631 10.15572 26.81772 29.34372 30.56026 25.67228 15.80858 0.0 16.37183 12.23404 12.84947 10.68595 30.79157 15.09879 32.75267 0.01477 26.77991 30.23965 10.58252 14.0658 23.87097 32.60086 24.11742 30.70033 13.83705 13.58517 21.68692 23.32149 30.54712 22.97197 23.41689 26.12083 25.70428 21.69175 27.91056 31.34505 14.78927 22.81409 24.26593 8.58768 12.73168 20.36286 0.0 12.44808 0.0 16.1747 
1000.0 26.57218 22.90251 15.67074 0.0 22.26629 21.81727 25.38944 19.14292 16.79031 12.11975 27.8564 0.0 18.09938 20.26021 7.02082 9.54857 30.74292 21.68039 9.5286 0.03204 28.93387 25.26848 17.30131 22.12289 6.95402 31.36518 28.17964 15.13036 8.04881 22.76195 28.38291 11.66042 26.46615 29.59686 10.71061 30.96062 14.11539 10.34612 25.28126 20.17141 20.60083 24.47159 13.76645 27.48442 14.57619 24.76735 0.0 7.75745 0.0 9.59854 
1000.0 7.85207 26.68466 7.53868 0.0 18.39285 13.71365 23.67429 26.93469 14.1892 7.01563 29.28396 0.0 16.89849 32.507 22.84644 16.87787 29.80077 7.53502 15.22963 0.03807 31.89974 18.39234 6.61862 25.88412 30.75618 20.7953 20.5705 30.32576 15.86522 17.72018 21.51771 6.98186 11.96896 27.17412 6.92976 28.86151 20.73714 30.95076 13.03326 25.55703 19.75169 31.30107 7.03106 28.77126 16.46674 30.0404 0.0 13.44014 0.0 20.07496 
1000.0 14.57195 22.56685 27.98876 0.0 25.54806 20.88731 18.11222 16.1438 26.57181 11.59676 11.32214 0.0 10.75874 15.31101 15.53734 31.33488 11.76461 30.77813 21.18418 0.01906 29.82928 24.74201 28.86437 20.55648 28.86854 28.85485 14.64154 19.91737 6.92633 9.46166 32.31897 28.87259 22.00269 7.25319 24.71289 29.8281 24.74384 25.49688 10.52859 22.01383 29.04693 27.79754 10.58821 17.74536 8.09342 32.52464 0.0 31.52002 0.0 24.63028 
1000.0 14.65891 24.13634 32.21673 0.0 13.45481 17.34445 12.61215 26.98652 25.9522 28.45882 7.63952 0.0 7.47186 29.60352 19.88455 17.2285 6.6238 18.99149 25.46276 0.00954 14.38848 25.62093 19.09925 25.07401 11.25863 9.40027 31.37896 15.10819 17.25033 9.947 29.12614 8.39618 11.13825 9.90134 13.53261 6.90667 8.6382 27.49408 19.93937 22.69465 25.19399 19.95592 21.05614 6.69435 27.94868 19.93407 0.0 9.52006 0.0 29.26407 
1000.0 0.0 0.0 0.0 32.68866 0.0 0.0 0.0 0.0 0.0 0.0 0.0 11.72783 0.0 0.0 0.0 0.0 0.0 0.0 0.0 0.0 0.0 0.0 0.0 0.0 0.0 0.0 0.0 0.0 0.0 0.0 0.0 0.0 0.0 0.0 0.0 0.0 0.0 0.0 0.0 0.0 0.0 0.0 0.0 0.0 0.0 0.0 26.99743 0.0 21.02113 0.0 
1000.0 10.56963 17.33125 29.57508 0.0 20.63221 29.50141 11.96752 32.09783 14.15474 23.3949 29.78466 0.0 15.92074 6.94679 13.94107 30.32969 31.82706 25.70765 19.04005 0.01668 7.54807 30.54433 26.27547 21.56025 15.30255 11.15667 24.56564 27.02704 21.08412 26.52046 14.48826 15.98108 30.94259 11.1449 20.56851 22.62943 18.58254 17.46806 21.53456 9.70428 27.8304 31.50923 12.26594 28.49624 32.67334 18.35071 0.0 26.23286 0.0 18.31548 
1000.0 0.0 0.0 0.0 7.55684 0.0 0.0 0.0 0.0 0.0 0.0 0.0 9.09242 0.0 0.0 0.0 0.0 0.0 0.0 0.0 0.0 0.0 0.0 0.0 0.0 0.0 0.0 0.0 0.0 0.0 0.0 0.0 0.0 0.0 0.0 0.0 0.0 0.0 0.0 0.0 0.0 0.0 0.0 0.0 0.0 0.0 0.0 28.92513 0.0 13.19173 0.0 
1000.0 21.72987 15.84177 19.53208 0.0 12.89023 8.48171 29.51991 28.0944 32.53768 26.569 9.34942 0.0 21.81349 22.77844 26.32468 19.25807 29.24557 15.13419 27.48405 0.02992 12.81221 20.38057 21.52572 19.81107 14.19317 29.26675 21.59098 15.23628 11.34899 31.80965 30.16135 23.84447 12.49608 14.62677 32.50973 19.53331 8.26737 28.05196 23.37034 7.35337 15.21909 18.56072 8.60724 14.46247 22.07615 12.26359 0.0 20.4899 0.0 28.17391 
