1000.0 1000.0 1000.0 1000.0 1000.0 1000.0 1000.0 1000.0 1000.0 1000.0 1000.0 1000.0 1000.0 1000.0 1000.0 1000.0 1000.0 1000.0 1000.0 1000.0 1000.0 1000.0 1000.0 1000.0 1000.0 1000.0 1000.0 1000.0 1000.0 1000.0 1000.0 1000.0 1000.0 1000.0 1000.0 1000.0 1000.0 1000.0 1000.0 1000.0 1000.0 1000.0 1000.0 1000.0 1000.0 1000.0 1000.0 1000.0 1000.0 1000.0 1000.0 
1000.0 14.10562 18.15046 19.65419 0.0 22.59567 9.25025 18.45971 32.61559 35.14122 20.24479 30.15669 0.0 20.39779 34.63736 12.41813 12.88974 30.76627 25.96124 24.30922 0.03801 26.06419 25.1891 25.77021 20.66855 21.89389 34.75705 34.30434 16.77495 23.4576 16.11466 9.47049 25.76255 26.35815 20.1695 28.62773 32.81753 21.49402 12.09377 20.50251 11.58299 27.99367 13.18874 15.28307 30.75038 33.67402 16.19186 0.0 29.70219 0.0 11.04539 
1000.0 18.84719 18.42403 13.43408 0.0 34.0335 10.21805 33.41569 12.18908 21.11518 27.69931 28.17003 0.0 7.60657 11.38298 13.89052 32.77974 9.06655 17.52543 24.97361 0.01994 12.69988 13.77398 10.3294 19.3185 29.50844 9.22836 24.95036 12.5709 31.11868 22.24819 11.87847 20.37198 7.21196 25.28541 26.86788 7.57329 9.04559 32.01901 28.03088 25.64922 12.74645 32.15936 12.9554 13.46371 22.42816 25.6135 0.0 33.9207 0.0 10.05762 
1000.0 23.9489 26.07834 27.21581 0.0 10.03243 26.7392 26.88136 10.18122 9.671 24.65919 18.10158 0.0 8.6024 8.14408 11.42846 9.50065 35.38991 13.92428 21.02519 0.03467 32.59733 33.11688 14.23255 34.95414 17.48819 11.70958 30.04406 10.53237 9.38674 35.43221 34.65643 32.47126 30.81132 14.33513 9.28729 21.04674 16.39928 24.49906 27.07912 14.0676 12.53271 11.98323 21.8917 19.8999 15.91787 30.52243 0.0 16.80741 0.0 7.60485 
1000.0 0.0 0.0 0.0 17.1136 0.0 0.0 0.0 0.0 0.0 0.0 0.0 23.45343 0.0 0.0 0.0 0.0 0.0 0.0 0.0 0.0 0.0 0.0 0.0 0.0 0.0 0.0 0.0 0.0 0.0 0.0 0.0 0.0 0.0 0.0 0.0 0.0 0.0 0.0 0.0 0.0 0.0 0.0 0.0 0.0 0.0 0.0 20.15867 0.0 31.44861 0.0 
1000.0 21.94867 18.9589 14.12268 0.0 34.55909 28.12826 25.03315 31.42275 11.08434 30.27423 30.30398 0.0 33.44289 30.06802 12.25957 16.23282 14.47465 15.04118 7.78301 0.01736 34.44841 23.92617 33.75883 34.29083 24.38787 22.0109 28.56928 19.38542 25.51377 8.81665 15.09721 13.41538 24.02519 10.52783 14.74519 17.90194 14.75429 26.87331 13.20722 29.81602 12.97965 23.52585 11.81203 23.58323 7.76346 9.02389 0.0 7.5387 0.0 23.6007 
1000.0 15.73015 14.04955 20.52255 0.0 34.73498 28.58345 27.72466 18.88151 7.55264 18.72517 27.20693 0.0 9.20273 35.39014 18.48474 20.6934 30.03256 27.29832 15.85862 0.03314 32.62294 31.7653 15.56443 8.04259 32.30321 31.67597 33.13904 8.47254 33.5528 11.24841 21.08006 29.87367 8.74249 22.45233 24.11327 29.59277 35.22803 27.26064 24.30369 11.8462 23.97664 31.26784 15.51512 14.04346 12.31692 34.55005 0.0 22.52123 0.0 21.39017 
1000.0 30.86209 20.2069 26.46798 0.0 10.54628 7.51093 10.46524 31.63853 30.14914 28.42949 7.71343 0.0 9.51042 20.51721 27.05688 32.78299 10.89152 9.36433 26.16072 0.02059 26.26013 24.70812 13.16977 17.61347 16.6395 25.93165 13.07336 18.15023 8.79844 21.0706 12.51803 32.14678 16.00456 28.57243 20.32567 23.193 12.20053 7.29077 19.28467 23.67265 23.27127 21.08498 29.9487 10.03668 25.15419 35.43244 0.0 7.80805 0.0 25.71287 
1000.0 24.50497 8.14989 10.04139 0.0 27.69477 24.88543 13.46059 7.28787 20.45634 9.9714 14.55463 0.0 12.15064 35.42905 14.22168 13.78317 7.49824 18.41011 15.07542 0.03389 8.33813 24.91237 10.00704 29.47251 25.84116 33.85008 32.00094 26.89021 15.45918 31.88314 12.03077 22.18401 9.33141 24.53234 13.33536 14.858 24.68931 8.42959 17.26707 18.30688 34.44656 21.8361 19.56218 15.95786 29.8039 20.97743 0.0 19.28096 0.0 18.15332 
1000.0 20.52617 11.80628 32.5191 0.0 32.76058 25.71812 17.60764 14.40818 28.16576 7.9515 24.5201 0.0 18.6326 34.93533 12.22006 34.16678 19.50832 23.44083 34.08664 0.01867 12.97803 33.14226 24.04477 32.98135 8.17026 12.26743 12.21963 22.99575 34.49937 18.10312 29.05247 10.3477 32.03464 14.59628 19.5888 14.20858 25.79475 31.72448 15.46619 10.73593 19.02992 8.3697 19.73302 32.4064 16.153 7.5662 0.0 26.70655 0.0 17.82106 
1000.0 34.56939 20.19206 15.39969 0.0 35.47449 14.01168 15.44231 11.33495 29.79514 34.67907 22.68295 0.0 30.78411 17.33745 24.99782 17.96783 8.08238 7.40143 27.12718 0.02073 14.03976 27.83187 7.38159 18.50234 7.9877 31.18544 32.70355 10.61562 24.73979 20.38594 8.79723 33.29213 30.42786 16.48114 7.78685 31.11884 19.22513 14.81316 26.91864 13.49814 33.92758 28.5438 33.55716 12.26829 34.60458 23.40111 0.0 20.75107 0.0 15.63813 
1000.0 8.3348 14.73781 11.57845 0.0 21.64517 28.1127 15.67793 16.65449 17.14282 32.49908 14.34834 0.0 18.40802 20.46018 28.44815 13.5285 17.52464 24.09147 27.84246 0.01065 17.29532 16.84144 35.47062 15.66453 14.32458 12.8311 32.14747 9.83429 33.61412 29.20551 31.88375 15.13457 15.15139 12.01182 22.992 18.19366 35.19535 32.0142 28.84883 21.59403 23.67627 23.95458 17.05168 11.91408 27.49752 29.73214 0.0 34.17412 0.0 12.86759 
1000.0 0.0 0.0 0.0 9.8658 0.0 0.0 0.0 0.0 0.0 0.0 0.0 12.4469 0.0 0.0 0.0 0.0 0.0 0.0 0.0 0.0 0.0 0.0 0.0 0.0 0.0 0.0 0.0 0.0 0.0 0.0 0.0 0.0 0.0 0.0 0.0 0.0 0.0 0.0 0.0 0.0 0.0 0.0 0.0 0.0 0.0 0.0 32.68568 0.0 35.12717 0.0 
1000.0 9.78189 27.88188 29.65658 0.0 24.45709 25.32331 32.19287 13.72 18.17749 15.64621 20.27189 0.0 22.91209 30.59464 19.62386 32.32693 24.53067 12.55709 35.35873 0.03148 22.08873 12.0199 11.38073 12.17027 23.86046 19.02799 31.85643 29.7104 9.34355 25.6396 22.67035 22.29945 29.94486 9.89569 22.84383 20.4922 17.79043 11.13297 7.75167 34.06091 16.6633 17.69059 10.91615 28.4325 26.22402 23.35821 0.0 34.27286 0.0 22.86406 
1000.0 20.0564 30.89288 32.28149 0.0 19.43459 11.51585 16.07007 20.77645 21.69509 34.39969 32.05968 0.0 27.52439 26.93989 12.22011 20.15619 32.73728 10.30209 32.69361 0.04172 29.78139 16.18871 17.80085 33.35989 17.21983 20.47005 22.40805 26.48577 28.85887 10.15747 24.2758 18.49372 26.21925 8.40715 9.70937 22.16977 26.90682 16.97003 9.23723 20.96467 13.74265 20.57591 25.06954 9.61317 11.55087 35.14835 0.0 26.11651 0.0 8.85997 
1000.0 20.24499 21.51416 24.33565 0.0 22.1815 35.49377 20.53418 16.74149 33.88971 28.07353 29.34182 0.0 29.70088 21.81827 33.95165 30.41106 21.41754 31.82975 21.83513 0.01676 10.4849 13.44806 17.22358 13.14395 24.99171 25.38605 9.96659 11.43052 22.18016 15.26613 21.46167 17.59862 20.16378 26.28415 17.0241 12.40864 29.03852 19.43729 23.4211 14.74834 20.86863 19.99815 21.38746 33.10794 15.84925 27.39641 0.0 31.63742 0.0 17.91034 
1000.0 11.17681 14.97633 18.42581 0.0 23.88398 16.16569 23.59061 27.52575 16.02893 23.74329 16.83244 0.0 10.86451 26.01916 21.73282 9.37437 14.1199 15.48833 14.19707 0.01886 21.6662 12.98143 20.71312 11.09827 13.89371 11.77394 11.6829 21.77976 14.94145 15.23244 30.47101 33.69115 16.36643 8.01119 15.87083 29.04728 32.89496 19.37158 34.48835 22.05343 12.67995 21.57527 27.35157 11.3185 33.99145 35.31416 0.0 15.19036 0.0 10.39598 
1000.0 22.68157 24.45151 10.27812 0.0 25.24464 22.95837 31.53718 25.31766 27.30808 23.31061 24.9241 0.0 24.94526 29.13034 20.5624 13.87728 16.58528 24.45525 26.16096 0.03192 7.96183 9.04038 16.64604 29.65712 34.31205 7.39773 18.91627 25.50866 10.45097 31.13226 35.01235 23.81224 14.68041 15.05451 25.0535 27.24073 22.35337 23.72195 27.74348 7.50531 32.96545 27.30234 7.41704 25.88916 21.78315 34.41363 0.0 25.66087 0.0 18.28832 
1000.0 9.68211 14.96865 10.10876 0.0 17.52712 19.37794 24.39345 7.81187 17.87688 33.79272 11.26322 0.0 8.95576 27.14281 21.30072 8.45034 15.44364 17.54386 31.92081 0.02178 16.90661 14.03346 26.79862 9.40452 31.45451 30.91324 19.88546 15.98987 20.18235 14.4973 34.57369 35.1644 10.96636 12.98094 30.85016 24.58694 22.00639 16.68401 8.83092 16.20543 14.24168 34.79852 15.06459 34.8255 15.45303 15.75519 0.0 23.82701 0.0 27.3386 
1000.0 16.72205 24.75586 32.10102 0.0 30.8306 34.46019 20.39008 8.63288 25.19737 21.44058 31.05459 0.0 9.56292 25.45036 34.27817 20.67948 16.24037 34.18159 26.90842 0.02674 26.78162 21.04964 14.51703 8.45395 9.47599 27.3659 31.28041 15.79382 23.65015 28.30005 19.2123 12.30681 14.31177 24.29528 20.11434 30.64986 16.64542 21.88314 22.12763 29.41644 8.27343 16.14455 35.28919 15.95963 34.57033 27.33528 0.0 34.54024 0.0 25.6058 
1000.0 0.08576 0.14065 0.1451 0.0 0.12022 0.05846 0.06642 0.08405 0.13995 0.08529 0.08461 0.0 0.12894 0.04549 0.14348 0.04877 0.04766 0.12669 0.12454 22.82486 0.11973 0.0623 0.07099 0.042 0.11554 0.14611 0.12395 0.13983 0.10512 0.1435 0.0611 0.15208 0.11862 0.10158 0.09478 0.14511 0.065 0.1674 0.06137 0.10758 0.10512 0.16261 0.08615 0.05876 0.12354 0.05743 0.0 0.07418 0.0 0.07107 
1000.0 34.8173 12.30643 22.53803 0.0 9.1275 34.9678 15.08411 30.99359 33.18202 33.53876 10.0719 0.0 20.50301 33.67467 31.76894 34.77883 20.56904 13.76722 22.13489 0.02708 32.15956 16.07277 20.93578 17.02184 16.47566 30.20214 19.56454 21.30733 17.64723 8.75627 27.54863 31.85801 30.31387 31.02164 11.38148 26.86293 14.65253 32.44937 16.22728 17.62204 26.36551 32.11637 31.60766 26.24755 31.85533 8.15384 0.0 33.31209 0.0 31.86594 
1000.0 22.92431 18.16853 9.25126 0.0 29.17047 29.04211 20.11819 28.10071 20.3772 18.63529 9.3463 0.0 9.89976 24.32561 16.74453 14.56009 27.46418 26.07886 35.09579 0.02092 16.78732 15.86424 23.63673 16.18167 13.49081 35.32645 17.0953 14.38955 17.06099 33.14453 25.98005 23.09768 23.23369 17.05006 32.01864 33.07279 25.31363 26.89982 18.76679 17.75366 23.27088 14.50031 34.51586 35.51157 13.0642 19.6171 0.0 12.3363 0.0 11.3518 
1000.0 11.39337 21.51223 7.97052 0.0 11.609 17.60542 17.1022 9.48491 14.46919 8.27454 13.08725 0.0 16.4745 27.16735 27.93433 14.08267 24.75992 33.58068 27.97389 0.01755 19.90663 34.38306 30.76998 11.89745 33.88921 23.29026 12.71008 25.01416 24.72051 27.66458 20.02963 14.33145 19.95089 33.39323 12.32135 25.747 10.88444 20.63603 10.57449 17.48318 16.47851 12.89478 10.93177 14.80457 9.63777 23.68947 0.0 25.21901 0.0 14.96794 
1000.0 30.74842 31.75032 31.53458 0.0 8.06801 24.80075 11.80012 19.72419 24.41631 22.63003 21.0862 0.0 13.48058 19.8816 30.26799 22.25238 26.57987 18.53349 35.07776 0.02398 17.18255 31.73216 22.80444 9.95988 7.19152 26.14216 31.04425 34.28277 11.65248 26.04304 32.40205 32.39894 19.61554 31.69668 28.26659 7.98425 9.31289 20.13877 34.36827 21.98339 9.34934 8.06439 27.2763 14.28289 18.15097 10.88439 0.0 8.2053 0.0 9.12094 
1000.0 21.40649 17.13096 22.96807 0.0 14.89724 32.47853 19.38789 32.4513 32.19197 22.84708 16.53707 0.0 18.63051 28.98273 16.39661 26.69483 21.55443 22.55711 10.3576 0.02459 31.27752 21.66022 30.65489 17.94774 29.30476 12.23796 32.97988 31.35906 12.57901 13.31052 17.31731 25.37951 13.98806 23.83848 31.82497 35.47229 22.14798 23.30417 27.19187 22.03947 35.18565 13.28799 28.48835 26.25735 7.75995 23.97962 0.0 23.56038 0.0 30.38762 
1000.0 34.25954 21.28531 8.20984 0.0 21.40254 15.07534 16.52984 29.38606 15.92062 12.75418 14.89669 0.0 30.30027 33.01858 26.30366 22.37516 21.24896 12.51911 26.86454 0.02121 11.22296 9.69902 12.81493 20.15674 14.02831 21.43032 11.24263 18.56421 19.33356 30.7293 32.35718 16.15401 14.60975 35.02923 35.10416 22.47429 19.77498 22.55541 28.02287 8.00942 19.64251 22.30437 13.86019 15.64264 11.67777 26.51238 0.0 30.06784 0.0 12.41098 
1000.0 24.87553 33.283 22.36603 0.0 29.96756 29.38273 20.78665 18.03578 12.24856 8.20409 12.06496 0.0 7.96114 25.9258 10.52181 25.56228 8.77315 16.74756 22.69653 0.02711 25.30335 17.46329 16.1881 11.39765 32.50037 33.41422 16.25393 28.78874 15.37073 12.05986 25.43496 30.99411 28.13772 23.01003 31.24211 32.75028 10.1438 27.36802 17.62866 27.4453 10.66739 19.67448 31.44857 23.38735 22.13396 8.3425 0.0 26.91731 0.0 29.67766 
1000.0 27.38247 25.08092 9.93181 0.0 31.35252 24.04026 31.23589 15.58249 12.81965 7.29881 8.26303 0.0 23.84582 20.94758 25.67649 16.68975 24.55651 21.97816 22.18829 0.02694 27.6747 16.47963 28.95162 14.17853 33.11991 22.78701 14.86702 34.33055 7.35352 28.88916 18.3051 14.16096 29.63737 22.54005 14.63469 17.45798 31.8105 12.02428 19.33689 14.77297 26.08784 9.45584 17.72134 34.36574 9.20266 7.14985 0.0 20.03211 0.0 11.51373 
1000.0 7.38456 28.58376 15.0666 0.0 22.00411 24.07986 28.50269 25.91557 13.38363 25.73389 34.6571 0.0 34.95832 11.49449 35.52954 35.14658 21.65055 24.34502 22.52967 0.02634 10.94717 21.36585 19.01503 30.84552 26.94783 20.70133 9.46222 7.5053 19.04561 18.44407 18.44092 17.94983 20.40743 11.91242 31.19373 22.98101 33.42165 34.04443 28.33579 32.77875 32.78904 10.55725 34.37535 11.78053 21.82706 19.56408 0.0 30.09261 0.0 14.9434 
1000.0 8.04658 8.71065 34.97573 0.0 28.47065 15.52564 29.50278 20.68284 28.69486 32.28733 30.06671 0.0 17.9967 11.17495 12.56574 7.82775 8.49248 9.81247 13.76 0.01733 33.25812 11.66837 8.85042 32.71826 7.85533 17.63051 12.7714 20.92765 7.19585 10.31931 33.88067 20.71858 28.09786 27.84212 16.7515 32.19432 25.44188 23.87155 9.57654 29.01524 31.407 16.78314 27.56551 27.30631 25.8013 10.13744 0.0 34.36711 0.0 9.83905 
1000.0 21.33797 8.09697 15.41189 0.0 26.60062 28.45017 19.32621 19.95584 33.41336 10.54847 31.73782 0.0 14.41707 17.61382 20.17171 32.24392 18.57566 10.93315 16.48104 0.01605 30.79887 26.40184 27.30557 12.50278 22.55332 35.28205 13.37091 13.21256 35.44259 19.44145 16.13173 13.48344 7.89685 35.46474 25.94295 29.64456 19.1363 19.18085 10.03914 33.0207 35.44984 13.24622 33.75438 23.82121 13.17615 8.22832 0.0 30.42535 0.0 9.03692 
1000.0 15.27193 17.70256 15.58734 0.0 20.7077 10.7674 10.32398 15.85137 34.65803 32.02809 30.80888 0.0 27.92653 7.26812 9.28146 29.41927 31.33106 31.71253 23.69861 0.03173 28.24207 21.46687 30.43815 19.49851 19.05481 27.01371 24.66027 34.96214 35.22596 27.33178 31.14191 30.09609 13.07421 27.95067 10.64048 17.53198 24.78859 7.26694 7.74953 30.53408 11.027 23.81495 22.08903 29.69778 31.53081 15.61552 0.0 24.17426 0.0 9.65107 
1000.0 27.34084 25.78885 30.49693 0.0 23.62486 24.48741 23.31466 14.00917 28.26758 11.44223 30.14561 0.0 18.53871 13.56969 13.23702 13.33654 32.849 29.59916 28.37372 0.03463 13.07591 17.6402 12.49574 31.31458 32.37433 16.62044 35.41968 34.41554 26.85679 18.13764 16.32815 33.83586 23.31557 30.47438 27.00237 17.36912 25.31217 16.19012 30.65258 31.96441 25.37034 28.0768 32.4352 28.50451 12.95511 34.28998 0.0 8.45489 0.0 14.56108 
1000.0 13.96424 25.51822 15.23834 0.0 9.93524 16.73817 24.98308 12.46864 10.172 21.50485 33.98884 0.0 30.61357 33.0606 13.80439 35.43253 11.42963 14.48554 26.92605 0.03617 21.68322 20.07773 33.6998 27.93621 27.91982 31.65566 9.87144 28.66795 26.07727 35.24379 10.78291 14.52654 19.33648 30.81481 24.24097 12.57814 33.10234 18.74949 7.78098 7.4426 12.08029 22.23773 30.82499 22.87337 17.77216 7.4156 0.0 7.36705 0.0 19.53813 
1000.0 24.4748 28.18692 8.73872 0.0 16.57498 19.47348 26.52286 12.361 15.15008 20.16691 12.09162 0.0 32.55606 19.08994 18.36855 33.31629 13.46857 30.77515 25.57061 0.03546 23.99206 28.85693 24.95357 17.88469 31.51036 8.65341 27.14062 7.47182 25.31977 17.28346 8.7764 7.99432 14.32559 10.31568 22.606 25.77288 13.50621 29.36463 9.86602 27.20815 22.92702 25.03742 17.24818 19.88225 15.70229 22.82475 0.0 14.33659 0.0 13.31842 
1000.0 18.01912 14.10915 19.67436 0.0 24.58034 8.52044 14.71977 14.72336 21.11424 8.13609 32.79339 0.0 26.72865 32.52644 28.85956 22.79017 19.3916 12.19767 14.81237 0.02107 11.55907 29.63885 31.058 15.45733 26.01519 12.64235 23.7647 16.67069 30.578 11.88297 15.74662 15.26283 32.61287 13.99548 33.62 32.32708 18.45824 12.9093 26.3486 14.17454 11.93393 22.57577 16.49262 29.46574 29.71532 30.43635 0.0 11.10308 0.0 10.93542 
1000.0 25.54239 17.52282 33.16122 0.0 12.10061 29.59708 18.66755 7.67315 14.87535 34.13278 23.02973 0.0 31.22057 10.47596 15.64264 18.39282 31.3702 14.05086 18.20072 0.0386 19.43458 28.83922 14.71116 22.75696 34.05391 11.39927 22.08969 11.72305 33.49072 18.05095 27.18865 25.14774 33.50659 16.55995 12.55864 17.50077 11.51509 21.84727 10.13817 33.45347 19.76857 23.40913 26.10068 16.87435 15.38965 13.18227 0.0 19.37072 0.0 21.35298 
1000.0 9.14486 21.42417 34.2594 0.0 7.77407 27.98176 8.60515 10.93425 26.63935 34.63032 19.94121 0.0 8.18581 10.48681 31.71013 9.09824 15.95112 13.16451 31.38716 0.02864 27.71357 24.14782 22.19742 21.86803 27.47443 26.79954 32.3166 22.57355 25.20482 19.51209 28.27079 33.10405 27.94341 34.27289 17.41082 28.43319 34.03244 9.96856 33.98514 32.14563 10.14112 14.07829 11.94657 26.75005 23.71835 33.93502 0.0 8.3269 0.0 19.62151 
1000.0 20.05106 28.2964 19.22522 0.0 11.44793 17.23326 35.36438 15.03728 22.51248 33.3777 20.99717 0.0 8.63595 14.10185 33.97845 17.52253 15.61015 18.04466 15.74508 0.03442 18.48525 15.5754 10.03345 33.70782 34.67988 22.3 11.11227 18.39548 25.03277 20.82336 25.16776 13.4061 11.14096 15.05817 7.30135 13.11267 23.96798 16.8543 18.75033 14.2373 11.30262 8.62017 11.64417 14.74699 29.08841 34.37165 0.0 8.61226 0.0 19.16981 
1000.0 7.1443 13.19505 16.23196 0.0 25.14901 19.31317 8.70973 19.59028 15.16475 12.65941 18.20637 0.0 13.18531 18.06434 27.67342 14.00477 27.49314 33.23664 31.56081 0.02233 16.1364 15.26348 26.03045 11.38679 17.20557 15.9294 16.49112 17.34881 21.95658 26.09249 25.05459 22.5904 11.58076 9.21247 32.1359 30.5967 22.78549 20.19568 32.97548 20.42482 24.74802 29.4336 32.89777 16.31834 21.46577 11.10009 0.0 12.95395 0.0 29.62766 
1000.0 27.40255 13.02299 23.59842 0.0 32.70815 18.30036 32.81248 9.14006 24.87719 9.57879 23.60049 0.0 8.91338 20.19613 13.00794 9.78343 19.001 30.65994 16.08799 0.01151 27.66905 8.86264 10.74207 18.98711 20.31333 28.17069 19.30116 33.73799 33.29879 30.19849 11.49789 21.02433 28.33145 25.42144 27.69795 15.01547 27.50965 15.71431 29.61418 11.04239 26.81576 15.64438 7.55867 9.81748 19.40394 32.95045 0.0 16.75515 0.0 10.09859 
1000.0 10.32841 15.6597 17.44132 0.0 12.87545 19.90354 17.43343 15.8019 15.28698 9.3102 8.20292 0.0 22.91794 16.94156 15.80202 23.75874 18.1963 8.91308 19.47822 0.03545 25.87155 32.39681 18.6666 19.93319 16.97827 33.4688 9.38616 13.80116 7.39819 16.02856 24.33721 14.08659 28.75706 27.47758 24.80876 12.16026 19.00255 33.83065 9.32425 21.39069 31.82311 13.2972 10.77647 34.08312 23.05521 24.1534 0.0 8.13972 0.0 14.02176 
1000.0 8.65915 28.97346 13.9665 0.0 31.19659 14.06182 8.2585 10.87192 9.73935 12.74932 33.39775 0.0 22.35909 12.08588 33.97687 12.4688 15.82977 31.61434 12.38146 0.03094 24.92217 12.32696 7.63863 13.44427 24.80679 10.76281 14.7337 10.05644 18.26905 23.08635 20.91978 18.21473 12.28049 34.29819 27.47916 24.82764 8.78518 33.50391 32.59253 28.47223 16.09144 7.22956 33.57863 13.65928 8.54847 27.15235 0.0 28.71516 0.0 11.69506 
1000.0 29.76854 13.23561 18.86815 0.0 8.98294 25.30694 32.98735 24.19595 22.27484 20.7164 28.11365 0.0 11.60862 19.33992 26.1748 14.12824 35.15411 34.04752 22.94245 0.02953 13.28684 32.13458 20.29714 21.88998 22.389 14.75054 31.75228 8.91431 30.87963 8.73388 32.59316 8.37102 20.31654 30.51853 12.56904 25.16007 31.43947 26.61344 13.0188 34.39602 29.67127 24.2266 25.56151 9.13538 27.33271 20.36034 0.0 21.9732 0.0 32.74759 
1000.0 21.41318 8.70262 17.0734 0.0 19.23928 15.80127 19.35995 22.48446 9.82762 13.58988 13.70109 0.0 16.57854 17.00898 30.53434 13.31201 23.67801 22.63152 17.11035 0.02 17.71447 17.15518 25.91418 24.68825 33.41577 35.40279 9.2796 18.93651 10.98958 17.29394 31.43434 11.2894 26.27898 14.11304 10.13283 25.36931 30.95781 24.61247 26.74925 11.01824 32.68496 33.1611 20.40346 29.62455 19.74728 32.5488 0.0 14.00284 0.0 32.11573 
1000.0 18.34474 25.69271 23.08321 0.0 18.5498 27.54794 23.8314 22.26205 10.01984 10.39751 25.21596 0.0 27.06562 30.90938 25.5058 19.09122 14.03506 32.84916 32.58453 0.01066 9.70996 10.4057 26.2975 33.80718 13.01916 34.89749 20.0077 25.23532 35.20926 26.17968 18.35755 24.80695 15.70297 29.47106 28.8913 25.08197 21.79615 11.92685 7.83244 33.93297 24.43386 13.97706 12.19972 28.42954 23.56139 20.82887 0.0 32.77925 0.0 17.23815 
1000.0 0.0 0.0 0.0 31.75919 0.0 0.0 0.0 0.0 0.0 0.0 0.0 24.30743 0.0 0.0 0.0 0.0 0.0 0.0 0.0 0.0 0.0 0.0 0.0 0.0 0.0 0.0 0.0 0.0 0.0 0.0 0.0 0.0 0.0 0.0 0.0 0.0 0.0 0.0 0.0 0.0 0.0 0.0 0.0 0.0 0.0 0.0 14.27389 0.0 24.70611 0.0 
1000.0 21.13085 29.41019 29.56359 0.0 16.61513 29.97008 25.95863 32.16988 24.65812 8.22261 35.50933 0.0 11.28091 30.86703 10.47234 27.45821 20.45792 25.80931 32.36112 0.02515 20.34767 29.82228 13.87135 14.16421 14.03356 13.21763 21.15789 22.02279 17.08404 11.17809 28.79799 15.43189 29.9808 14.87075 22.14798 33.03052 30.02455 33.69479 14.03728 26.37113 22.87663 26.26599 25.07388 18.5536 25.2458 17.01522 0.0 34.09093 0.0 35.45618 
1000.0 0.0 0.0 0.0 31.45849 0.0 0.0 0.0 0.0 0.0 0.0 0.0 24.43682 0.0 0.0 0.0 0.0 0.0 0.0 0.0 0.0 0.0 0.0 0.0 0.0 0.0 0.0 0.0 0.0 0.0 0.0 0.0 0.0 0.0 0.0 0.0 0.0 0.0 0.0 0.0 0.0 0.0 0.0 0.0 0.0 0.0 0.0 12.04391 0.0 8.22067 0.0 
1000.0 30.05844 8.00368 22.21228 0.0 10.93 7.81838 31.80605 14.40795 7.48148 8.17021 16.05615 0.0 28.92343 26.00603 8.92786 34.19498 23.08658 16.08358 32.07472 0.0103 12.33052 23.75491 23.21995 32.62765 15.08483 21.96311 15.94925 25.63507 20.7437 27.15008 8.47899 18.43843 29.98152 21.84097 15.91381 15.74491 7.57258 17.24868 9.19326 15.2745 17.94105 23.09406 31.80588 13.64984 33.77246 14.40154 0.0 11.01404 0.0 16.32797 
