1000.0 1000.0 1000.0 1000.0 1000.0 1000.0 1000.0 1000.0 1000.0 1000.0 1000.0 1000.0 1000.0 1000.0 1000.0 1000.0 1000.0 1000.0 1000.0 1000.0 1000.0 1000.0 1000.0 1000.0 1000.0 1000.0 1000.0 1000.0 1000.0 1000.0 1000.0 1000.0 1000.0 1000.0 1000.0 1000.0 1000.0 1000.0 1000.0 1000.0 1000.0 1000.0 1000.0 1000.0 1000.0 1000.0 1000.0 1000.0 1000.0 1000.0 1000.0 
1000.0 16.56383 9.79735 24.37493 0.0 33.80892 8.09224 33.14326 28.06224 28.06781 33.94026 9.73035 0.0 34.11813 9.28675 24.04061 34.13229 30.6631 27.72855 12.66718 0.0141 11.68731 30.10102 29.42225 34.82163 18.40653 9.85006 24.53346 26.71286 17.08537 22.90465 15.26636 13.50972 35.75745 25.03236 26.97724 32.44506 32.40714 16.87475 21.03707 33.30495 38.57116 24.73883 34.16711 35.73494 20.66017 31.10876 0.0 18.82468 0.0 9.2802 
1000.0 21.36114 26.12988 16.28051 0.0 23.18541 35.22337 20.80371 9.09481 16.97638 17.71501 18.39583 0.0 17.84812 19.31158 19.25952 38.91261 36.4555 8.85569 13.30057 0.03857 29.90281 18.97072 8.71308 28.08675 36.56565 19.63264 26.65645 34.05629 39.0993 9.70399 19.97306 30.11963 34.03372 11.94544 20.19672 18.28047 34.41141 28.86025 14.10411 26.58782 24.77519 32.36386 31.59389 36.43846 8.53612 19.07384 0.0 20.06482 0.0 38.09679 
1000.0 15.80059 35.48182 9.55398 0.0 22.20823 24.47582 29.72351 33.04526 18.67854 10.98653 33.72649 0.0 11.92773 38.3703 24.09078 31.15127 36.06141 11.35477 12.90569 0.0207 23.9286 31.29183 35.86587 35.78311 18.33796 37.43484 14.19698 31.08036 22.1542 7.94047 27.73761 16.93734 18.99257 26.03159 14.21629 16.03137 12.34113 28.12391 8.70592 35.03979 28.52879 12.2518 24.94311 24.01041 26.64224 32.30969 0.0 27.33264 0.0 11.63537 
1000.0 0.0 0.0 0.0 18.02039 0.0 0.0 0.0 0.0 0.0 0.0 0.0 22.83042 0.0 0.0 0.0 0.0 0.0 0.0 0.0 0.0 0.0 0.0 0.0 0.0 0.0 0.0 0.0 0.0 0.0 0.0 0.0 0.0 0.0 0.0 0.0 0.0 0.0 0.0 0.0 0.0 0.0 0.0 0.0 0.0 0.0 0.0 35.36187 0.0 19.81565 0.0 
1000.0 30.87965 16.39874 16.79773 0.0 19.67467 21.65414 15.09891 8.74486 38.46784 34.14722 19.90374 0.0 26.48667 20.11137 24.54499 25.03837 33.30832 33.86068 38.45027 0.01446 21.01241 37.74065 31.79705 26.46965 23.70829 26.50598 19.46267 14.93635 29.95395 19.61891 37.344 35.04869 16.28555 17.07252 15.34765 34.69202 14.39592 30.21318 26.91548 14.25488 25.0464 24.40722 14.19845 20.76657 8.65285 34.9452 0.0 31.7802 0.0 21.10113 
1000.0 23.25371 25.33828 37.81599 0.0 30.20863 8.62225 33.22683 32.03122 10.55887 24.6581 36.92508 0.0 31.18632 10.80784 11.66855 11.24206 18.76996 28.89551 18.70316 0.03502 23.26565 35.19277 11.43263 31.05338 14.00599 27.40354 30.12384 28.8149 8.07941 8.85729 27.58067 12.94788 8.05242 32.69258 17.64798 30.32885 26.95589 13.09507 10.9564 31.91898 24.83469 14.62769 8.67288 36.36173 24.43359 24.63226 0.0 26.68382 0.0 35.63603 
1000.0 15.54778 13.83579 24.28307 0.0 17.12353 17.09673 20.8316 13.43707 18.10895 14.16945 23.61145 0.0 17.40865 11.40246 29.0777 27.98691 23.11045 10.79591 34.01275 0.01158 21.52308 18.32286 34.72959 27.03306 19.82288 27.38569 27.64131 28.84061 16.25237 23.14847 26.80233 31.57497 31.21271 11.44057 12.17862 29.71554 34.57961 13.3275 33.12887 26.50708 9.76973 23.78727 17.3471 36.76171 35.50388 29.94766 0.0 19.56291 0.0 10.45628 
1000.0 32.03588 25.65964 37.15118 0.0 8.69064 24.82031 18.30798 37.55034 34.15829 12.62601 14.21042 0.0 37.04298 12.25121 33.22963 18.03032 27.45336 20.40445 18.97701 0.02843 8.88989 14.71775 10.25351 14.52521 37.94462 18.61577 29.6494 14.87213 33.76125 27.91213 37.03573 24.01971 27.51858 28.16723 10.84748 18.48043 23.18389 18.43711 10.22241 20.47004 35.95626 21.25392 22.23196 29.11561 37.38646 10.76225 0.0 8.32041 0.0 36.13355 
1000.0 35.58584 32.65377 27.51735 0.0 31.23028 13.8353 15.19391 25.0763 30.73254 30.94361 29.52507 0.0 17.34282 18.07853 15.5325 24.05596 26.88749 13.95777 34.43225 0.04076 10.27044 24.14091 32.78925 16.88807 14.77371 36.84982 36.45557 33.80964 31.00819 27.48574 13.49666 16.50442 9.92068 37.2209 35.6614 26.55419 10.80847 26.27257 31.61452 10.9108 14.83041 30.05801 33.97678 9.5806 16.73657 17.33128 0.0 8.06492 0.0 25.65583 
1000.0 24.63888 20.76677 22.70159 0.0 38.97476 33.45654 16.29486 12.60894 35.91911 9.37534 15.84831 0.0 14.83824 29.44169 19.87365 8.46088 38.73497 27.24275 14.97633 0.02093 24.74683 29.69224 9.37597 28.74789 29.09224 30.17969 36.81575 35.57778 10.44456 17.67799 19.38516 34.87654 30.61834 32.41709 30.63674 10.61344 8.37308 26.77048 32.28817 28.65475 22.18319 25.57808 13.26186 19.9922 38.73291 21.5457 0.0 23.76308 0.0 13.79677 
1000.0 14.25345 34.02408 35.32201 0.0 10.40378 18.75241 30.55575 20.05406 35.33038 28.91965 18.91804 0.0 13.69892 16.49189 15.91475 25.06052 37.61219 25.09717 10.53747 0.01899 37.64409 25.1894 27.11946 37.84335 28.20188 20.8442 12.08161 23.64866 23.15532 29.87221 15.90512 37.02512 15.07992 15.1214 38.05355 9.08982 23.79405 34.41543 35.34158 15.72502 27.64044 32.94725 23.00931 16.69518 29.80496 32.00149 0.0 27.47841 0.0 29.81636 
1000.0 0.0 0.0 0.0 14.1856 0.0 0.0 0.0 0.0 0.0 0.0 0.0 22.00618 0.0 0.0 0.0 0.0 0.0 0.0 0.0 0.0 0.0 0.0 0.0 0.0 0.0 0.0 0.0 0.0 0.0 0.0 0.0 0.0 0.0 0.0 0.0 0.0 0.0 0.0 0.0 0.0 0.0 0.0 0.0 0.0 0.0 0.0 20.49429 0.0 29.10373 0.0 
1000.0 16.28842 34.80025 37.5042 0.0 16.07489 23.57864 23.53999 22.54125 37.95751 11.98333 11.79425 0.0 26.18079 37.76871 10.5406 38.3053 37.16244 14.69807 24.56594 0.03561 22.77687 27.54762 25.96551 34.60834 19.63039 28.68223 12.11115 19.21404 25.79517 37.90959 13.91422 21.87956 28.2836 37.75511 21.04528 16.00849 22.0743 29.80248 28.85892 38.6511 21.18591 37.13399 9.33835 27.73344 9.8305 19.42011 0.0 13.92071 0.0 31.34286 
1000.0 16.23483 28.90225 24.83082 0.0 29.91296 7.97468 26.48188 37.06385 19.05377 10.8315 20.49329 0.0 34.81837 33.10074 34.22605 32.16592 8.20481 20.61707 24.78905 0.01855 24.45869 22.21613 32.83147 11.40937 21.31917 28.35323 21.66494 28.33358 33.68945 13.20346 23.42793 26.45826 16.56082 26.69536 21.42693 27.84102 38.23644 11.7479 14.4433 26.56422 13.67252 19.36624 9.54694 18.77267 35.37 36.62853 0.0 38.94118 0.0 25.56212 
1000.0 10.65954 37.76565 29.1302 0.0 38.14922 26.01866 9.06029 27.32763 35.56571 29.6365 24.05162 0.0 34.5777 36.56173 29.86773 23.40728 36.48943 20.56366 37.7838 0.01928 20.36158 37.83572 23.35611 13.70132 31.21295 23.3996 8.62329 8.27484 10.40886 15.86028 22.55571 14.77613 20.94609 20.43651 31.12119 17.6177 32.63303 28.61899 10.85343 20.37483 30.82767 9.85514 38.29907 12.67841 17.28456 19.91489 0.0 38.17402 0.0 30.24843 
1000.0 11.93532 11.73007 8.91542 0.0 10.70749 32.41097 20.51993 8.7896 13.97969 38.40838 22.13772 0.0 29.69135 7.91936 10.27797 14.39586 13.48983 34.14011 13.91455 0.00925 30.41507 35.73312 38.28676 31.69327 15.90061 10.42976 31.65838 15.78803 18.41696 9.66001 26.6543 36.40266 33.64537 31.26084 26.8332 17.66702 16.4873 24.70421 33.81034 23.52796 22.5298 38.36251 18.04166 10.40896 37.74441 28.00362 0.0 31.25097 0.0 25.59594 
1000.0 30.47429 13.79329 30.56652 0.0 24.58773 30.79104 33.59565 10.03222 14.80249 18.52075 32.62019 0.0 24.29775 18.7952 31.48645 14.47752 23.03744 14.95909 26.67843 0.01873 14.603 35.59112 34.97834 32.93389 37.5298 21.70903 24.04935 27.31276 38.41895 25.74788 26.22999 8.27374 34.83028 33.60957 8.87266 38.922 26.95077 35.97712 35.15814 28.33295 8.23982 28.13492 15.03623 18.86388 13.53278 37.92479 0.0 35.29137 0.0 20.99611 
1000.0 13.22002 33.78672 37.60949 0.0 25.31106 13.45502 14.05197 21.98265 27.79877 38.28156 35.74477 0.0 21.12513 30.44193 14.48637 20.44225 29.88313 19.59736 15.78425 0.01554 15.64653 11.74136 15.87733 38.63565 9.81549 13.87722 9.029 17.60699 33.86525 18.51134 20.07913 8.75789 16.8792 27.02771 20.40045 26.41885 32.6228 10.1116 24.38924 11.64041 33.74703 8.25867 38.82486 8.8319 9.08931 16.14817 0.0 20.17128 0.0 34.49785 
1000.0 10.22632 24.36999 24.59011 0.0 15.81872 36.52741 33.03451 21.58183 8.78505 15.63321 35.59426 0.0 38.55779 16.82764 35.99348 38.3553 26.6936 35.36072 25.91621 0.03696 23.51856 21.65114 21.3088 21.04329 35.15665 31.9926 33.21449 36.04954 21.63043 35.64014 38.14656 21.99776 26.4991 16.48239 35.17748 28.7269 23.89772 9.9961 28.61495 25.57762 15.4942 9.72445 34.97404 16.66798 38.75116 15.15708 0.0 18.05653 0.0 35.79827 
1000.0 0.06749 0.08892 0.10082 0.0 0.13089 0.12751 0.07664 0.11212 0.13841 0.17205 0.1126 0.0 0.16107 0.15044 0.15574 0.04605 0.052 0.05362 0.11682 12.41996 0.10652 0.1064 0.10051 0.06335 0.05516 0.11518 0.07305 0.08199 0.09829 0.13447 0.06811 0.05333 0.12468 0.0941 0.13587 0.07585 0.15754 0.12564 0.14362 0.10907 0.13325 0.09107 0.06299 0.04304 0.04362 0.14382 0.0 0.09723 0.0 0.07622 
1000.0 38.73881 33.90219 12.96572 0.0 11.21863 20.61137 17.03068 12.2599 15.69295 22.53158 32.00681 0.0 23.96696 32.85233 24.08542 24.8658 37.44155 9.25215 17.69295 0.02972 33.13583 38.20482 27.67685 29.13791 36.44139 13.12505 10.31312 31.14181 16.44458 15.0116 30.80155 15.72527 28.73324 15.37918 9.55681 32.55927 35.72691 33.97706 9.31521 8.48929 22.16526 28.20004 35.14526 31.50458 14.62454 19.38053 0.0 24.57511 0.0 13.28696 
1000.0 36.1884 31.33765 21.11081 0.0 16.70129 30.48954 38.78962 35.97642 34.52315 14.01049 33.45741 0.0 7.92622 12.96795 28.3111 24.06219 17.01358 15.30992 31.45531 0.01853 34.37846 29.58225 26.62233 18.94348 30.61551 37.91661 12.43957 18.97701 21.19609 28.01369 10.53264 16.95328 25.85686 8.79404 37.78141 22.23748 14.45368 18.72966 32.68534 13.77701 19.79024 32.01863 8.2629 7.93378 17.80064 14.31629 0.0 10.14659 0.0 29.80827 
1000.0 34.56388 32.66763 10.14694 0.0 31.31244 12.80808 26.79629 16.46282 34.23755 9.56474 15.18718 0.0 28.82799 15.59808 32.98839 20.08944 33.88907 38.38162 12.45414 0.0267 13.21714 10.77376 22.75455 25.91992 16.30787 14.04883 23.6849 38.17499 12.58788 27.70689 16.64118 23.9961 13.46499 27.91457 36.699 29.14525 8.08642 15.54315 31.04304 11.27953 26.82484 19.54036 17.01133 26.13387 18.01723 12.0251 0.0 14.82291 0.0 17.75339 
1000.0 32.25219 17.20076 14.46532 0.0 8.41474 20.92788 30.081 17.38589 33.88091 10.71285 36.65952 0.0 15.71748 12.64333 26.75258 30.88296 21.11702 11.99743 10.23375 0.0265 25.18488 24.12901 30.44214 31.9397 18.88813 17.26191 14.37144 13.96654 26.38335 35.54742 8.52522 18.65899 17.43116 9.59542 23.48888 27.07997 21.59013 13.19707 29.79592 38.92716 34.91716 21.29521 11.26869 29.98747 26.44578 11.29543 0.0 19.63945 0.0 14.9411 
1000.0 9.53697 22.04616 8.6856 0.0 29.66219 36.56749 28.09839 13.63339 33.20871 36.33521 21.23843 0.0 10.58233 11.99677 9.45834 17.72648 22.44808 24.14508 28.96028 0.01515 14.33891 26.33951 27.38222 38.18156 13.21823 15.63891 29.11515 19.88739 19.86086 38.24148 24.7913 19.92859 31.60061 12.29938 36.87951 28.33581 17.97537 36.68781 14.13455 17.59997 21.24222 21.20699 20.19595 21.16568 12.71025 22.26563 0.0 26.34847 0.0 21.66199 
1000.0 26.68829 26.11204 16.8351 0.0 16.30989 23.81796 18.37358 31.69439 16.9044 38.72175 26.73188 0.0 10.08995 28.49963 14.73905 26.31828 21.37003 18.91366 32.85577 0.01951 30.97037 9.92306 29.22417 34.17734 22.70206 8.66752 29.09295 9.27756 8.8677 22.18404 37.22791 30.36903 18.88251 15.16042 27.44637 9.45399 17.48441 12.52032 34.73165 33.6909 25.19207 13.3364 8.01315 31.40791 37.48992 18.50842 0.0 31.43458 0.0 38.27106 
1000.0 33.38321 30.33793 38.35097 0.0 35.64143 30.97539 11.76829 18.53848 32.96314 16.40078 9.05529 0.0 14.5004 17.6379 22.79696 24.82462 11.65654 36.88809 25.49807 0.03783 23.74256 8.41982 13.7464 31.39007 36.06149 8.46605 31.87924 21.76932 13.93897 9.75099 26.46271 38.80041 31.19742 30.87012 17.89111 34.44214 33.81673 34.21787 8.91421 37.93121 26.10942 24.77505 17.21886 30.02595 18.88682 37.46049 0.0 16.33034 0.0 38.3646 
1000.0 31.87542 12.45986 34.81535 0.0 32.95219 10.8635 20.01091 12.65071 8.69822 19.51666 12.79472 0.0 11.62409 29.58576 20.64403 36.47761 13.91567 22.70338 37.8581 0.0224 8.512 17.36999 25.28993 37.83261 14.6563 17.55704 21.50858 34.64658 25.44014 9.45925 25.72178 20.1705 8.13127 26.94085 27.90681 19.85858 25.80922 13.79507 37.03382 19.27027 29.92597 35.94957 22.56855 16.23905 11.65326 25.51944 0.0 16.53969 0.0 8.31125 
1000.0 13.24615 31.22343 13.40684 0.0 30.34796 36.03111 27.22753 35.59906 25.0855 34.29679 29.05182 0.0 33.13587 21.06248 25.96054 17.51819 8.75851 10.95533 26.46602 0.0274 27.56575 38.50579 22.395 28.72724 37.99682 11.40817 19.79608 23.97158 10.78786 26.2324 8.33399 35.34857 29.53566 17.1199 24.20022 32.77655 26.47745 14.56159 26.87327 18.10517 35.30446 38.61997 24.56716 23.60767 15.8413 23.92341 0.0 25.94984 0.0 25.48752 
1000.0 38.53507 16.6682 18.44835 0.0 29.76669 9.87567 28.75117 33.71601 29.26119 9.33672 17.83631 0.0 19.13061 21.8648 16.16885 8.75769 11.28285 12.8504 22.1626 0.02503 29.02291 23.1649 14.69308 26.69758 30.12117 36.42573 34.74505 18.83739 18.49864 13.29591 15.31735 20.96875 30.39149 33.09815 20.42326 18.45529 31.08529 11.7727 23.22416 35.73968 28.24063 13.41363 9.98741 36.47181 31.90074 9.48495 0.0 24.44088 0.0 10.86042 
1000.0 10.25948 28.56945 37.65739 0.0 24.54756 30.31801 36.12962 37.65584 32.41082 31.70558 13.82822 0.0 23.27214 23.6711 38.42909 30.1889 21.32469 33.86214 17.24435 0.01147 9.8547 10.59247 21.31297 11.88866 36.1001 15.19039 20.29607 27.72851 32.89557 14.09209 20.42298 13.9913 15.87389 38.55529 7.83284 37.50868 36.48703 31.67413 12.97742 9.40064 11.37632 22.65828 13.33207 13.9529 25.54182 9.27994 0.0 29.93116 0.0 38.82762 
1000.0 31.14014 18.92916 10.54839 0.0 31.25952 30.40849 29.59644 35.22804 20.34867 14.34208 8.3018 0.0 32.18188 37.41168 31.29967 27.38461 14.70603 20.49916 34.9385 0.01508 17.93929 25.76475 19.37089 8.08193 26.36901 25.06908 36.07839 14.01288 38.92502 31.27189 18.39108 25.12484 21.37491 10.93791 35.39256 29.92877 34.02119 12.58944 12.46802 9.87266 31.25301 31.94354 26.17953 22.3949 13.03878 19.10501 0.0 11.43757 0.0 32.19621 
1000.0 11.1952 10.53504 30.9145 0.0 36.28952 36.61943 16.42918 31.99135 8.08266 30.33311 15.60018 0.0 15.5883 36.6524 34.35592 22.4734 9.17364 20.97721 18.77779 0.03717 13.99208 24.63994 14.18828 29.52783 24.17363 30.43633 26.97915 12.96937 34.26446 12.42073 30.30264 20.28496 30.33185 12.35831 29.43691 32.00681 20.58482 17.18125 33.38304 13.18635 28.30462 35.50076 36.32736 12.10849 29.28017 36.94942 0.0 34.73421 0.0 36.6605 
1000.0 31.66154 22.55654 35.25872 0.0 18.27968 13.96309 32.501 37.24511 25.15147 27.09047 11.7317 0.0 8.28543 24.78209 16.80576 33.39916 33.7615 30.84668 18.86288 0.02467 27.61623 13.68379 36.99339 13.91135 19.51297 38.18078 21.92016 22.76146 28.8461 26.95452 21.76004 33.57271 35.66071 29.45272 9.18679 12.23056 17.58136 35.80366 29.91405 23.95959 32.48054 34.71392 18.42313 21.84014 38.27077 26.19031 0.0 27.2424 0.0 35.50011 
1000.0 10.41521 20.94375 31.33415 0.0 30.23159 16.78812 32.14726 33.75401 13.87264 8.80641 20.93332 0.0 32.6952 10.50849 33.47129 14.37769 12.63783 11.80174 25.95634 0.04237 37.28739 10.06936 37.37959 25.40096 8.19496 35.76564 38.38135 29.83686 18.41951 9.88524 25.72505 16.92325 22.24319 18.30878 9.1657 35.04953 8.39553 30.9247 8.86884 32.55954 24.62835 16.46183 11.40684 12.07816 27.12815 37.98162 0.0 24.29078 0.0 23.62205 
1000.0 32.84568 12.01449 29.72721 0.0 30.00491 10.21046 7.96243 27.83285 22.97033 37.65195 20.30938 0.0 10.57723 16.51132 28.59381 13.67444 12.15909 24.78188 27.22679 0.03811 18.60053 18.31559 25.68209 34.78662 14.10463 15.50036 32.48028 35.4956 15.41995 30.38664 12.59753 8.75994 22.15269 23.65243 11.8511 17.52019 18.76276 23.39493 32.90592 29.25999 24.33882 32.36398 9.81409 8.37339 38.02353 28.2933 0.0 35.99572 0.0 23.7489 
1000.0 30.08753 18.74561 10.14595 0.0 24.51906 18.2164 20.66952 8.46337 7.95722 32.18642 29.56738 0.0 30.68069 21.91993 32.01535 17.44455 33.97294 10.68358 30.66617 0.02005 32.15219 21.30338 26.8263 30.04359 12.98594 32.72544 21.27958 28.89605 30.74585 23.62685 30.39201 15.96329 34.72673 11.56763 31.83159 24.32379 21.98319 8.30165 31.98749 30.49178 20.91324 15.85618 36.15118 33.99951 33.9477 31.94966 0.0 18.73524 0.0 11.90409 
1000.0 34.77008 28.45949 30.87741 0.0 35.73282 34.5651 18.59554 36.33171 22.21099 21.60631 32.17799 0.0 33.0861 19.74187 31.64093 26.91562 31.88392 30.94992 29.51712 0.03426 25.0209 10.8589 12.29439 38.67445 27.89902 26.39383 16.85749 11.28234 29.01281 32.08327 32.3224 24.45412 27.64349 24.3129 23.28382 22.50304 13.43457 8.76866 25.63498 15.97779 26.4201 32.23069 19.99757 21.43132 23.8106 21.64597 0.0 18.20847 0.0 14.13043 
1000.0 13.25518 37.12039 18.43102 0.0 21.55315 33.32674 30.14689 9.11155 9.29194 26.60379 34.81265 0.0 33.09451 26.1796 30.47403 8.35871 18.59442 18.51567 10.13207 0.04159 11.19003 38.9605 26.22931 26.22133 34.92141 37.59641 24.54896 10.51247 19.99968 8.14627 38.80175 12.79819 17.11658 14.38005 20.07701 27.8434 24.42193 31.05697 16.73467 15.32006 17.13709 8.8747 17.25971 30.77294 13.96185 30.95386 0.0 16.81704 0.0 22.21984 
1000.0 15.78846 21.11971 12.44283 0.0 14.07931 19.4174 32.76823 14.13378 13.4033 16.57436 33.73492 0.0 36.77012 17.46256 17.17675 22.34925 19.97086 14.42109 34.2828 0.03587 21.83804 28.18951 34.82569 27.02906 8.9682 35.51049 24.24243 34.3999 27.66359 14.35111 36.79912 24.11575 36.96673 12.20254 9.77132 23.20322 23.92906 33.16444 18.17871 19.63966 24.1973 18.25354 35.02178 27.32223 36.46795 35.14107 0.0 24.20977 0.0 17.62015 
1000.0 13.16835 18.07842 24.72934 0.0 9.56358 24.00929 32.88716 32.31681 25.86159 9.35489 33.48529 0.0 29.92173 38.12808 13.31902 24.06772 10.38695 33.93711 27.52251 0.02596 8.61666 16.2613 35.98486 26.64411 12.94551 33.50789 25.54642 10.44343 15.59237 9.11842 9.83757 23.43978 31.96043 19.77134 29.97513 23.37131 38.64627 16.0828 13.8853 38.00277 30.71844 23.02703 18.0738 24.01815 28.636 24.26999 0.0 18.87282 0.0 20.60429 
1000.0 9.65681 26.66304 10.00386 0.0 23.52549 33.74167 15.29914 19.9291 36.78974 25.42276 20.89334 0.0 28.05626 15.5707 17.90491 28.70698 25.44771 21.42457 10.94006 0.04368 11.16734 38.5949 8.06244 22.91317 8.51972 28.63373 37.06374 38.45429 36.45437 35.05501 20.06029 12.00257 24.59166 23.5813 21.79605 17.83244 33.94906 15.64124 20.49515 17.49252 10.79432 37.72164 38.13767 21.74065 17.95537 15.63248 0.0 26.40103 0.0 26.95342 
1000.0 26.16692 33.24811 8.81621 0.0 28.30544 34.99308 14.11499 32.70105 38.24726 26.68294 17.78363 0.0 18.37079 28.00062 33.5591 20.98385 37.03928 14.73549 38.56117 0.03722 34.17645 14.32661 31.00125 27.93897 25.05003 14.82991 32.22481 13.73805 36.17407 21.20141 13.67453 30.46383 21.30306 36.05273 19.82553 17.55825 34.11764 31.44032 18.78273 22.40633 29.96912 16.95674 21.57803 14.19177 23.75506 37.04159 0.0 35.86984 0.0 37.34188 
1000.0 32.07093 33.57855 23.75279 0.0 35.74706 29.29418 17.02292 33.10468 34.41751 13.12121 17.30111 0.0 11.08391 17.37939 31.20517 27.72491 30.6309 16.175 16.97821 0.03868 20.99437 11.58186 26.57413 25.32903 20.89443 25.81332 25.03096 33.31907 12.944 30.75064 20.958 37.76878 34.79476 8.44148 33.26924 28.5603 19.37694 30.97796 14.94483 19.54149 29.30814 15.17393 35.34415 12.99269 11.86786 36.29094 0.0 24.55642 0.0 21.97441 
1000.0 22.09716 20.67477 8.59256 0.0 37.54284 9.2069 16.74786 25.14724 35.17152 16.53087 25.81658 0.0 35.98579 37.59497 9.07099 36.75344 16.32002 36.86163 30.77772 0.03457 33.77087 32.18049 10.84157 23.42788 19.71814 36.18901 13.00012 11.43707 24.38881 34.29525 20.50376 31.95801 37.40061 27.63894 15.47086 30.52795 12.03246 22.64716 11.51234 20.05764 35.90528 38.46174 34.25009 18.25431 28.35558 38.20628 0.0 16.39485 0.0 32.29834 
1000.0 19.64685 28.65884 38.13354 0.0 8.87706 20.60645 36.30756 37.11999 28.52627 13.51293 30.57975 0.0 21.80377 34.68866 32.70028 18.36737 8.5262 28.45228 17.57897 0.01543 14.6566 12.60608 25.64388 30.72357 9.19325 17.17934 15.76162 30.99742 23.8952 23.2311 27.02988 27.7044 35.07788 34.1795 30.24677 23.08609 26.21229 21.11315 23.68437 24.614 37.98176 24.8803 37.64812 10.73315 30.08811 10.11574 0.0 38.3922 0.0 15.21696 
1000.0 0.0 0.0 0.0 36.24358 0.0 0.0 0.0 0.0 0.0 0.0 0.0 35.42432 0.0 0.0 0.0 0.0 0.0 0.0 0.0 0.0 0.0 0.0 0.0 0.0 0.0 0.0 0.0 0.0 0.0 0.0 0.0 0.0 0.0 0.0 0.0 0.0 0.0 0.0 0.0 0.0 0.0 0.0 0.0 0.0 0.0 0.0 8.4366 0.0 9.34339 0.0 
1000.0 18.99717 18.33638 8.87971 0.0 36.20055 12.66243 27.96105 26.55965 38.86697 32.30783 18.33403 0.0 24.83133 25.4781 7.86271 27.51149 29.08102 9.25328 18.80065 0.01407 37.78158 15.88764 12.43869 33.22869 24.53424 16.79652 30.69063 16.95605 9.37064 25.95027 31.15275 13.57579 14.29479 25.02471 37.97173 30.62159 37.72348 33.93759 24.34377 36.18177 16.15071 34.86535 23.26103 33.43346 24.76376 13.47256 0.0 22.02384 0.0 27.34897 
1000.0 0.0 0.0 0.0 10.37556 0.0 0.0 0.0 0.0 0.0 0.0 0.0 33.24429 0.0 0.0 0.0 0.0 0.0 0.0 0.0 0.0 0.0 0.0 0.0 0.0 0.0 0.0 0.0 0.0 0.0 0.0 0.0 0.0 0.0 0.0 0.0 0.0 0.0 0.0 0.0 0.0 0.0 0.0 0.0 0.0 0.0 0.0 11.25602 0.0 9.22714 0.0 
1000.0 34.1471 8.99774 25.00602 0.0 11.6798 21.42044 30.8331 38.64836 20.33651 35.02856 26.82326 0.0 29.82448 34.68115 26.92777 13.4347 24.40716 12.34321 18.02009 0.01396 23.76722 8.32139 13.8819 18.57349 13.91212 38.75331 19.05011 34.74992 18.63466 16.4906 38.0499 33.19901 17.29596 13.6229 14.23689 34.74198 8.04765 30.84723 11.42532 32.0886 21.86687 14.50955 10.38563 34.56548 32.2463 10.20018 0.0 22.18466 0.0 33.34619 
