1000.0 1000.0 1000.0 1000.0 1000.0 1000.0 1000.0 1000.0 1000.0 1000.0 1000.0 1000.0 1000.0 1000.0 1000.0 1000.0 1000.0 1000.0 1000.0 1000.0 1000.0 1000.0 1000.0 1000.0 1000.0 1000.0 1000.0 1000.0 1000.0 1000.0 1000.0 1000.0 1000.0 1000.0 1000.0 1000.0 1000.0 1000.0 1000.0 1000.0 1000.0 1000.0 1000.0 1000.0 1000.0 1000.0 1000.0 1000.0 1000.0 1000.0 1000.0 
1000.0 21.16007 10.97473 10.02253 0.0 19.3789 21.76256 9.95343 12.48887 22.25215 8.96809 28.05411 0.0 29.14695 42.38567 12.44014 41.92517 14.86695 40.02231 18.14068 0.03313 10.49101 13.91748 14.12911 10.92442 18.72741 29.27587 36.31248 32.54705 41.33879 21.09804 23.67437 14.16689 22.47381 10.6836 16.34001 37.90203 40.82926 22.26848 41.38404 9.03054 32.66477 33.17257 31.0358 36.77386 29.07797 27.97201 0.0 28.24504 0.0 20.5892 
1000.0 9.67285 30.82985 13.66768 0.0 12.79337 39.48352 39.69481 29.22275 31.59427 14.82176 28.59552 0.0 42.35788 29.99578 38.70213 42.51531 16.64455 14.94473 25.60905 0.01842 24.01404 28.15536 37.53284 31.77316 37.79355 25.02839 28.40504 23.05673 20.47146 14.00544 24.81297 14.48882 30.91412 33.24125 27.96226 21.70997 25.98122 36.96311 18.73889 10.27962 34.39231 23.22773 37.22429 17.99454 42.21695 8.9406 0.0 30.78849 0.0 32.31552 
1000.0 21.75077 33.30077 34.62624 0.0 15.1843 23.8252 20.79785 19.22728 24.13794 22.86635 21.25921 0.0 35.42625 34.3692 35.83163 11.50922 26.14888 25.29298 42.14414 0.03818 19.19137 15.09853 26.98047 9.91936 12.21427 13.68742 10.51217 42.64003 34.17973 40.71745 34.11176 42.95875 11.96816 10.76011 23.08225 42.0588 32.53171 25.10872 19.08673 35.46424 28.89845 28.28616 40.80989 18.45708 16.48172 25.12664 0.0 11.63814 0.0 23.0064 
1000.0 0.0 0.0 0.0 40.70801 0.0 0.0 0.0 0.0 0.0 0.0 0.0 26.02911 0.0 0.0 0.0 0.0 0.0 0.0 0.0 0.0 0.0 0.0 0.0 0.0 0.0 0.0 0.0 0.0 0.0 0.0 0.0 0.0 0.0 0.0 0.0 0.0 0.0 0.0 0.0 0.0 0.0 0.0 0.0 0.0 0.0 0.0 26.67405 0.0 10.1194 0.0 
1000.0 11.1648 42.41048 21.20745 0.0 13.61305 14.76609 29.77024 31.18572 17.63929 24.45328 28.18112 0.0 21.9136 36.4899 31.48885 26.02754 27.44939 18.52065 37.91391 0.02976 14.6879 24.0025 33.27015 41.05393 26.11125 11.11997 31.03101 35.25818 10.44366 27.03341 31.0701 10.8517 35.35984 20.59966 12.98963 22.49734 33.80473 29.80729 19.62145 41.45043 32.8608 15.5111 36.30088 12.50556 13.51699 33.66283 0.0 23.84575 0.0 11.14218 
1000.0 11.61124 10.5373 16.85617 0.0 22.90606 34.76705 40.64948 28.3405 16.97127 40.2902 36.46033 0.0 16.4903 39.20044 8.91781 16.81813 36.16223 8.90751 32.83377 0.01738 23.38653 42.31775 15.7995 9.75121 36.66811 29.95494 36.85208 23.87869 39.09513 9.83617 27.58511 12.70016 36.38876 37.6634 38.30844 36.67743 38.71713 18.17736 42.2618 31.91924 32.69667 42.77988 19.52029 23.92504 29.93058 37.92741 0.0 16.6244 0.0 10.84308 
1000.0 33.72046 31.71866 31.87675 0.0 32.07451 33.83226 41.2525 13.69463 19.60979 39.009 18.44721 0.0 21.56921 10.31575 9.45091 41.61792 13.05994 20.10384 38.03388 0.04418 18.03032 33.31112 13.75805 28.67591 13.84643 37.75893 27.77818 19.75487 11.15291 23.67657 17.87732 39.79358 9.84485 24.37969 42.84955 19.84756 24.69553 39.88786 35.5161 23.40092 37.98919 23.09863 37.05282 35.17269 20.77925 22.06007 0.0 38.54908 0.0 18.29768 
1000.0 22.38556 40.50814 13.08455 0.0 28.8762 21.47845 40.89703 16.02292 21.01605 18.13765 39.20254 0.0 10.74748 12.8287 42.43395 31.08525 24.77663 41.87674 19.60358 0.02137 11.81025 37.36 16.26796 15.28458 37.98319 22.13773 29.38427 37.74662 21.61427 11.42163 34.07331 22.799 14.00932 17.73159 24.41916 42.19644 17.57162 23.00137 17.50057 18.36225 11.47223 40.88163 31.33945 11.07061 37.46112 36.98534 0.0 31.73816 0.0 24.60659 
1000.0 27.06267 38.15476 15.81319 0.0 26.52754 24.06838 34.81588 25.27142 25.81533 21.70684 31.72317 0.0 33.8738 34.58155 41.13498 27.71386 11.09334 22.53372 19.31147 0.04405 37.07053 15.78225 9.71461 18.41089 25.6941 21.90175 21.95756 39.4229 39.46244 18.65563 17.67068 37.75226 39.08206 29.30148 42.49488 32.63552 22.41664 18.36479 30.366 23.85076 27.83044 16.62604 30.51992 18.51502 39.84016 23.28393 0.0 20.88035 0.0 19.94516 
1000.0 38.86116 11.8712 40.14087 0.0 35.23415 32.08224 14.02591 13.18843 41.92612 21.20744 26.8402 0.0 39.03657 41.34264 33.65084 15.69174 39.99109 10.87163 33.97696 0.03138 27.35794 11.92759 36.83629 12.87381 36.76451 11.95265 20.133 36.19039 35.77894 26.09194 42.08297 36.08642 32.10281 32.22549 36.28702 23.20911 41.93228 29.48374 19.26087 19.92415 35.33437 41.53828 8.66687 20.9551 23.34619 40.48225 0.0 31.95303 0.0 36.01514 
1000.0 20.48904 26.49137 35.88797 0.0 35.3755 9.59482 10.8097 30.43276 9.52323 18.04772 10.021 0.0 10.33564 11.83688 33.53855 21.09784 39.26442 29.44892 24.56352 0.02821 30.92496 31.18299 34.48208 39.45756 30.13869 36.5356 22.19001 39.92643 37.41116 28.5972 9.00021 28.66137 36.12741 32.01812 38.42996 41.26303 20.58077 11.23924 25.00048 13.5754 36.7111 39.92077 36.65048 10.2374 38.20225 40.45806 0.0 14.51543 0.0 30.83422 
1000.0 0.0 0.0 0.0 27.26809 0.0 0.0 0.0 0.0 0.0 0.0 0.0 16.69895 0.0 0.0 0.0 0.0 0.0 0.0 0.0 0.0 0.0 0.0 0.0 0.0 0.0 0.0 0.0 0.0 0.0 0.0 0.0 0.0 0.0 0.0 0.0 0.0 0.0 0.0 0.0 0.0 0.0 0.0 0.0 0.0 0.0 0.0 15.5111 0.0 23.93442 0.0 
1000.0 42.38741 39.02222 40.36766 0.0 39.48198 27.95009 19.335 10.38055 42.6467 12.26391 17.65802 0.0 10.26 20.50294 20.70975 33.48633 13.13222 29.4459 39.16428 0.01009 21.51613 12.69399 26.01133 13.72136 35.04133 37.92384 15.69125 21.69498 15.57751 24.19747 27.81236 11.40385 29.26711 33.32141 35.48526 40.62323 41.4785 31.7486 23.65294 12.56886 38.1301 30.60182 21.63169 25.81377 37.11762 34.83978 0.0 38.29429 0.0 9.27371 
1000.0 15.77597 36.953 31.72702 0.0 42.01952 42.02682 9.62186 36.40384 17.54156 20.19972 15.60439 0.0 42.7369 31.89046 16.78972 38.18427 16.68742 16.44022 11.58357 0.04036 40.28224 41.47605 41.29642 40.41453 21.40877 15.51136 29.85473 25.15895 17.84185 12.73274 17.62457 26.37845 32.31595 33.78964 39.95813 19.30591 26.70028 41.65177 17.03652 17.14576 14.24456 28.42371 35.52555 10.82086 29.97064 25.09257 0.0 37.50814 0.0 10.56054 
1000.0 18.11639 29.06372 11.34813 0.0 41.9411 13.36118 32.33136 11.67853 30.6157 23.20822 37.77905 0.0 31.66149 23.80967 10.85892 9.94823 8.73399 34.13319 22.14528 0.01471 27.75264 31.81843 41.06687 30.72439 26.80464 33.63562 34.59169 12.66752 26.90505 42.00729 41.89223 25.77033 30.11677 16.979 19.95565 34.04948 29.86621 17.56011 25.39615 9.37615 28.40297 25.63121 25.52253 38.12673 16.43228 30.75889 0.0 11.32288 0.0 40.69964 
1000.0 29.56712 12.80887 32.38059 0.0 26.67867 38.59254 20.61264 10.92388 19.94931 25.72955 28.69605 0.0 14.15008 16.64202 20.44532 33.75642 39.25439 11.88931 9.99516 0.02689 42.56848 13.55045 23.39226 35.53437 16.89715 18.25273 14.24688 22.47379 20.40935 19.31189 14.05616 17.92855 27.24362 16.22038 23.63172 22.71159 42.72071 16.06288 32.50804 15.6122 15.88484 19.3277 37.31721 18.64169 30.96214 19.02734 0.0 27.89639 0.0 23.93696 
1000.0 29.74561 40.98478 10.07275 0.0 40.15028 32.16991 13.73302 31.10211 10.41283 28.78962 21.88899 0.0 36.79191 30.56331 10.89322 9.04159 11.00646 8.65247 37.47168 0.04236 25.1023 35.25016 37.52316 35.38357 38.32734 17.77783 42.4475 28.75957 20.50764 33.72037 14.6584 39.26132 30.69322 15.40693 20.34797 39.26053 29.37615 30.31737 20.00251 21.17043 36.67458 33.71891 20.85759 14.84839 21.6559 11.73109 0.0 40.68151 0.0 32.13971 
1000.0 30.81094 21.34818 10.5876 0.0 14.17876 22.34007 11.37598 11.41728 21.54678 26.15798 11.85886 0.0 18.66826 30.94337 36.90372 38.23238 38.50133 33.99745 10.93513 0.03148 29.99727 17.70769 15.46396 33.76008 9.31677 12.39616 20.65404 9.23776 42.40164 10.9297 28.80576 18.88531 22.51038 20.04309 33.56789 11.77758 33.95389 29.98667 28.31122 22.9043 27.57467 42.71181 15.98742 21.52081 21.94589 20.90246 0.0 29.11706 0.0 17.45837 
1000.0 11.03496 20.38495 42.26303 0.0 12.10235 41.82294 23.28771 41.50834 31.09069 13.20045 10.19711 0.0 30.98222 29.03207 42.15876 12.08037 8.73811 37.56689 39.01086 0.02762 14.08435 39.84679 24.03756 18.70771 41.89947 35.68514 11.26907 39.93561 14.93547 12.09041 11.8195 33.67708 40.40253 23.88703 34.09597 13.99881 32.17689 24.52303 20.71451 9.63362 12.24381 12.17975 15.00675 21.6615 25.80442 36.96385 0.0 38.16209 0.0 13.80794 
1000.0 0.13996 0.07324 0.05858 0.0 0.17222 0.10187 0.08811 0.11271 0.07115 0.17494 0.10176 0.0 0.15351 0.09843 0.18359 0.12213 0.04639 0.03987 0.10862 33.99019 0.16786 0.16501 0.04864 0.06873 0.11622 0.13696 0.17989 0.15061 0.1528 0.09271 0.08874 0.05981 0.14975 0.07325 0.04798 0.038 0.10009 0.05172 0.07687 0.11799 0.05147 0.09877 0.17947 0.18107 0.16824 0.09901 0.0 0.17942 0.0 0.14206 
1000.0 31.26936 22.0989 42.30824 0.0 33.98667 36.2352 17.12167 15.61735 18.92907 21.83 32.39549 0.0 36.07475 9.31536 23.36628 32.33254 30.17665 18.7935 34.60529 0.02509 10.31919 39.14532 16.53311 13.26547 17.17747 15.82159 18.0552 39.00903 35.7129 9.53578 30.68608 32.67948 11.35555 27.05895 26.95001 29.03103 25.38627 37.51521 39.77904 37.23842 13.25942 15.03501 36.35723 34.19675 16.68515 22.99918 0.0 15.66934 0.0 25.22742 
1000.0 32.36236 9.10818 40.56689 0.0 26.42184 25.56724 20.8476 27.1689 22.18772 14.7455 16.30303 0.0 34.51679 40.03692 21.8908 21.7371 14.18243 26.32067 40.82598 0.02231 9.96959 13.70776 9.65688 39.89806 42.34942 41.6911 13.97657 27.70594 28.34401 12.50538 9.24728 12.93376 34.26511 42.4254 25.87945 30.0231 42.97009 17.00347 12.2606 39.39798 24.2715 17.05744 12.66701 41.15308 28.65868 27.91395 0.0 9.80754 0.0 40.41236 
1000.0 11.22651 25.14413 40.80681 0.0 41.46932 11.5707 28.33364 26.51224 13.65883 12.37758 37.19991 0.0 11.96871 30.20597 15.83107 12.78965 9.2153 41.39716 26.84002 0.03867 26.12274 14.19612 14.55845 35.42388 29.21543 25.79145 32.45417 15.03136 12.78417 43.03497 11.17731 26.45582 34.85691 31.94539 38.73409 9.28822 19.66895 32.60981 35.73595 11.66757 38.00049 23.31539 14.53695 35.68935 24.55406 41.01483 0.0 25.23684 0.0 22.81521 
1000.0 41.10413 38.14771 27.67875 0.0 28.05479 22.74054 14.44576 42.22965 10.89953 39.5832 23.83456 0.0 21.38509 41.58529 40.02216 41.46685 38.39577 29.87945 25.97501 0.02802 16.81831 39.71685 28.90315 9.97737 34.49324 38.40985 16.02234 41.42074 42.81504 18.65401 35.47898 9.05149 29.00214 17.43103 37.49542 30.99155 31.63474 27.80633 13.25974 40.69343 39.17465 11.20389 16.78 33.90939 33.51724 34.41794 0.0 13.50924 0.0 17.74415 
1000.0 21.13144 33.71562 28.3058 0.0 13.3852 32.41919 11.26508 9.06096 34.97566 28.03873 37.33639 0.0 41.08292 24.32871 12.44065 30.75851 14.86409 37.03559 41.30209 0.03652 39.55552 42.96663 42.78055 30.49245 13.59804 16.68187 28.65986 13.02829 41.40131 13.1001 32.90597 23.42659 19.43798 29.90287 21.37831 10.68064 34.65497 19.82448 22.44965 35.59122 32.5443 23.66029 15.42608 10.33861 28.40096 36.91603 0.0 42.81837 0.0 27.02807 
1000.0 35.42657 20.03934 21.00704 0.0 19.1014 41.49978 26.48845 24.91163 31.0602 23.43942 19.52648 0.0 27.85853 35.53419 39.03371 25.57067 32.50453 21.46619 27.58773 0.01886 41.23732 13.44546 23.17499 26.20376 36.42313 17.55837 18.53574 10.88825 11.43932 39.6369 27.44865 17.67582 9.47451 41.78522 14.10914 31.66912 40.83946 35.00073 38.74796 21.7654 20.53029 14.99527 15.67278 9.98334 24.87168 22.42663 0.0 40.93816 0.0 31.92348 
1000.0 22.99503 33.80262 11.51729 0.0 21.0204 29.16368 22.91286 36.99681 33.02333 26.72923 32.17723 0.0 12.72059 19.33127 25.21836 15.84265 14.14887 12.97462 28.131 0.03888 32.57235 41.9397 27.45502 27.34792 30.65552 41.94321 26.40139 34.84708 16.42031 22.41958 35.34804 11.81892 41.24477 26.92845 35.43926 14.00612 38.91759 25.48022 18.76913 24.76128 12.02182 13.43599 41.04145 15.53268 36.46451 33.19113 0.0 32.5811 0.0 22.22757 
1000.0 17.28378 30.14641 18.03997 0.0 10.25893 42.72341 40.82607 9.18989 12.85484 32.68003 38.74385 0.0 36.36855 24.62837 27.01296 34.02651 42.965 12.8937 32.7022 0.03812 12.69723 16.05873 31.22734 21.55492 36.24623 8.77218 38.74114 33.4805 36.53582 34.97408 26.27946 32.76487 38.3698 25.33868 8.6936 18.58065 19.95077 41.18263 9.72466 9.48771 34.53896 27.76939 30.00781 9.19954 9.67083 24.62311 0.0 25.97282 0.0 8.66295 
1000.0 35.47881 24.42029 18.45964 0.0 27.67134 27.58599 35.24596 22.41687 28.86296 39.43529 11.18907 0.0 38.76825 15.87416 28.60058 18.46445 24.50148 28.67289 35.88731 0.04356 23.32994 27.23212 33.02793 36.14524 38.18159 24.94511 28.76489 9.58333 17.2189 23.17456 30.23853 13.30545 42.55224 35.63754 28.07974 29.6727 22.78947 19.59759 34.3857 16.41715 19.98732 10.41299 17.00137 9.9253 19.51876 21.634 0.0 41.0742 0.0 35.47742 
1000.0 39.99044 28.51107 17.09104 0.0 25.26903 39.6779 34.67872 26.2444 19.6735 38.66149 19.74071 0.0 23.56291 30.57365 24.35225 31.19601 19.29489 39.95557 35.09994 0.03841 39.0485 12.27356 19.71581 38.92204 25.12505 21.9308 40.05044 10.04762 33.33026 42.23045 18.34885 36.574 36.41145 34.74942 12.43931 26.00005 23.55855 24.54371 24.8156 25.86753 35.09378 29.47089 34.03293 15.97908 40.55488 42.32252 0.0 27.29038 0.0 29.99891 
1000.0 38.43455 34.22724 19.67217 0.0 30.99697 40.2496 26.62952 15.58392 21.22289 18.6119 26.63897 0.0 8.67018 17.04783 13.31513 9.6997 29.73628 32.1332 9.36297 0.03159 36.16211 41.96841 13.49534 35.29524 12.11236 35.11969 25.24902 26.64554 29.52245 29.27538 12.24801 10.60315 25.58495 33.44609 17.74279 35.15271 23.10868 21.35904 35.03483 17.75774 40.70136 9.77018 34.65824 41.43993 37.25813 35.14363 0.0 19.04879 0.0 38.67197 
1000.0 8.72747 40.78315 30.65366 0.0 30.71355 15.53822 22.04962 23.04196 32.7562 35.80962 9.39639 0.0 41.62938 16.51751 11.05535 9.59746 15.01085 25.46617 19.98114 0.01249 14.82011 27.33963 38.05794 11.99036 19.52851 10.82782 10.70887 19.41989 9.67727 31.47747 22.86068 40.5452 33.63435 13.76996 39.1384 34.34177 30.61746 17.87496 29.35404 31.01198 34.30474 31.77534 8.87716 33.67154 41.21918 16.11695 0.0 19.8024 0.0 13.45641 
1000.0 29.25686 32.28407 13.42845 0.0 35.31664 14.86621 37.07766 21.89063 12.07303 20.5229 29.82981 0.0 34.28482 24.65837 28.29213 36.11779 38.22787 22.50664 20.23033 0.0371 12.43642 32.30645 40.62813 27.94714 39.06502 18.56538 26.71203 34.91473 36.7749 11.43925 18.33898 29.17188 29.92908 24.59056 39.96819 9.49932 38.32043 29.40484 40.95 34.09969 33.17802 23.41512 20.24227 32.04193 14.7959 41.1236 0.0 31.95706 0.0 38.97248 
1000.0 34.46163 10.78499 27.49635 0.0 18.53541 10.58014 22.85028 10.04147 38.75248 35.98678 20.19627 0.0 40.84961 27.6718 27.5992 32.77964 13.2049 31.10774 16.20564 0.02769 40.21829 37.34995 32.21673 33.9386 40.67273 38.2856 31.24727 35.77053 17.98236 26.95802 19.01688 40.22814 36.76762 39.39444 22.67068 26.82129 40.11253 11.63248 28.29433 14.33964 32.24034 28.86824 11.04175 27.70046 33.46078 10.00188 0.0 37.39575 0.0 9.5968 
1000.0 14.68278 18.82779 40.21289 0.0 32.06364 37.37326 34.93804 27.50476 35.13959 24.18564 9.96462 0.0 15.70966 29.67209 19.24773 20.60598 39.63678 20.15996 21.08844 0.01779 24.07447 22.00459 18.36767 9.97891 35.84784 39.28545 15.79696 26.75053 40.82609 9.55864 20.54849 31.76146 29.53485 29.96363 38.2439 40.90506 39.95928 28.79108 40.96669 38.61465 9.99426 33.07105 31.59161 11.65836 38.86741 28.17562 0.0 39.2004 0.0 42.83565 
1000.0 35.96128 8.90587 21.71225 0.0 12.18353 27.32348 22.88714 31.26546 14.88094 36.00205 29.61795 0.0 30.82758 25.89882 13.65185 41.95109 27.38476 29.18305 24.54709 0.03213 33.88 33.10063 17.35319 12.05074 36.94701 18.59365 39.59845 37.28245 13.22767 34.54254 17.75921 37.04434 33.69747 23.90378 23.06018 33.72961 15.60281 16.53652 12.80634 12.84663 36.11532 20.74304 34.38668 24.27835 34.33609 32.70181 0.0 25.4942 0.0 20.03766 
1000.0 35.16484 40.57762 21.20792 0.0 35.91386 40.20753 30.38274 20.91101 33.30769 8.84174 41.63708 0.0 25.73194 19.11029 32.31456 34.02654 24.09245 34.23916 41.27395 0.04491 38.73234 40.71948 36.29555 27.72899 42.25086 33.15814 37.64857 38.16959 42.3832 18.01257 10.99964 10.76555 36.36767 22.71826 39.53379 17.5329 39.94014 19.83435 30.2099 30.98371 23.5089 27.29232 36.9865 30.54038 43.00158 24.13328 0.0 23.35463 0.0 13.29818 
1000.0 14.96543 34.13189 16.27074 0.0 23.93895 25.7181 12.09071 29.96058 12.81629 38.11895 38.21826 0.0 11.00449 9.35291 37.4327 29.34502 17.56475 26.57419 33.89124 0.01756 33.57926 32.50155 23.24391 34.85586 39.63214 38.28334 11.5075 29.35097 21.6072 21.39387 11.34001 12.67129 25.48021 14.52633 9.36704 39.44216 25.20911 17.98428 33.8165 27.32328 27.71147 9.93364 11.59801 19.87143 29.22097 10.1999 0.0 18.0544 0.0 28.66923 
1000.0 28.72222 34.57527 10.46999 0.0 25.66304 37.61507 10.05378 26.42827 19.15248 25.37178 20.67773 0.0 34.51131 40.1409 39.05632 34.07883 11.19928 9.86459 25.28673 0.03582 26.45771 35.36137 31.01342 32.63498 34.05571 32.84133 13.94716 11.71738 42.61427 35.10134 28.4372 11.43538 29.01886 33.13669 38.99188 10.78039 30.1294 32.9254 25.65161 39.45014 22.87161 26.135 34.74011 33.99207 38.34008 22.84091 0.0 16.05524 0.0 39.37045 
1000.0 33.75047 29.04409 33.75751 0.0 31.79043 15.06571 40.72652 36.59535 32.94422 20.67162 16.48824 0.0 34.17164 16.38975 15.56508 22.21794 29.60717 39.74957 37.36361 0.01195 10.80372 38.23119 22.44123 14.92701 37.45829 26.2362 11.72317 15.33648 26.41453 16.13045 39.92138 42.14177 33.43537 34.85994 23.03653 40.90022 34.09926 20.74915 23.268 33.66923 38.5041 21.59074 31.02418 37.92001 42.27862 40.18384 0.0 18.26186 0.0 29.29733 
1000.0 10.42058 12.28656 14.44096 0.0 22.75863 32.14985 21.06041 17.93794 40.32473 33.17166 32.58734 0.0 25.17741 27.73666 21.95233 16.13239 31.05012 41.40789 30.83902 0.04436 30.42285 14.36842 19.27499 16.67717 29.02318 15.7736 35.12243 41.76443 28.34154 29.19357 22.74906 42.35657 39.56332 16.71163 26.69996 35.61488 15.29095 13.12887 21.7486 22.86847 14.34705 8.91856 11.93174 10.10118 9.03777 15.65176 0.0 16.91484 0.0 22.24608 
1000.0 42.68181 35.07047 29.49929 0.0 38.93075 16.1754 27.74144 28.94427 24.22906 25.36062 38.82191 0.0 36.2171 34.75094 32.81355 37.76895 38.94863 25.53213 29.34841 0.02779 34.66298 10.3808 35.63844 41.24488 11.23831 13.30579 31.8891 28.3343 37.21957 25.0531 38.49224 17.97867 21.35729 9.12679 9.07338 9.69255 22.15549 19.60667 13.70354 22.52242 30.1174 16.31091 41.73746 24.28941 19.37294 35.60578 0.0 41.03626 0.0 17.63318 
1000.0 14.42933 38.99691 33.26247 0.0 11.1274 36.3575 38.55581 33.51769 24.56481 26.12499 10.47892 0.0 16.51808 19.11776 18.08898 37.13713 10.12307 15.77319 28.23838 0.02085 13.35588 16.72921 28.12522 10.84921 39.42072 18.29571 29.91305 17.50072 41.2143 40.11623 18.16215 12.58002 22.0383 28.04018 26.47187 36.40462 34.12005 30.7511 36.72953 31.672 8.89676 27.76285 20.68742 10.89036 20.37745 21.30915 0.0 39.69568 0.0 32.25817 
1000.0 40.21307 35.12135 25.22544 0.0 12.6585 39.52202 28.98973 9.22598 42.5196 23.60136 25.02951 0.0 34.15577 12.73901 42.46402 31.03876 40.66109 9.23712 39.4319 0.0253 22.28136 13.162 31.13429 41.66865 23.28298 14.77763 15.75251 14.3709 18.08539 21.34797 16.0906 23.03963 11.3058 22.68656 28.29825 34.02892 22.11418 25.67563 22.5098 32.82982 9.21863 21.30428 34.54549 21.70201 15.80125 36.59334 0.0 20.52138 0.0 18.39445 
1000.0 38.8053 26.53132 41.5923 0.0 29.92523 12.31841 24.88003 30.09087 26.77973 14.59069 22.37924 0.0 8.83887 23.8754 22.41876 14.29512 17.59756 41.32274 15.35451 0.029 32.97625 15.29412 29.9676 15.337 27.87545 20.17774 13.9391 13.16198 14.20954 33.54887 13.29129 16.96187 11.39059 24.82774 38.19531 35.61853 23.8429 19.07649 35.6279 32.99262 25.74197 28.00385 41.73717 33.30797 18.14868 35.66658 0.0 31.30121 0.0 39.80028 
1000.0 23.30125 34.62962 18.05774 0.0 39.51844 35.63203 41.61524 32.42491 16.0884 19.1914 9.36565 0.0 9.31844 26.58547 42.11099 23.39016 37.59915 23.55526 24.27688 0.01377 15.86719 21.40257 14.60113 19.73717 13.1801 26.1233 18.60517 30.05272 29.70463 28.65914 36.02935 42.17066 25.67525 16.8649 41.72857 10.32698 22.40697 36.74043 38.93784 12.23865 32.96033 38.99813 34.72118 41.20483 29.92737 21.24877 0.0 39.97965 0.0 40.92097 
1000.0 0.0 0.0 0.0 16.61716 0.0 0.0 0.0 0.0 0.0 0.0 0.0 30.36455 0.0 0.0 0.0 0.0 0.0 0.0 0.0 0.0 0.0 0.0 0.0 0.0 0.0 0.0 0.0 0.0 0.0 0.0 0.0 0.0 0.0 0.0 0.0 0.0 0.0 0.0 0.0 0.0 0.0 0.0 0.0 0.0 0.0 0.0 17.41408 0.0 30.24293 0.0 
1000.0 21.39865 25.47188 27.4483 0.0 34.88544 21.13978 26.86097 31.92738 16.23533 35.2462 21.67169 0.0 33.04191 30.36531 17.58813 20.61899 9.0434 35.11088 20.29038 0.03001 12.14341 34.24059 22.01133 17.74682 30.36748 13.64917 35.45422 26.07589 25.7908 18.91864 26.77555 40.06377 18.0 24.79826 17.12056 37.95664 29.09895 10.6966 35.74942 15.45906 19.48903 37.12882 25.54826 18.26868 33.605 23.77684 0.0 34.38646 0.0 38.68946 
1000.0 0.0 0.0 0.0 26.56727 0.0 0.0 0.0 0.0 0.0 0.0 0.0 28.39068 0.0 0.0 0.0 0.0 0.0 0.0 0.0 0.0 0.0 0.0 0.0 0.0 0.0 0.0 0.0 0.0 0.0 0.0 0.0 0.0 0.0 0.0 0.0 0.0 0.0 0.0 0.0 0.0 0.0 0.0 0.0 0.0 0.0 0.0 28.06937 0.0 38.50809 0.0 
1000.0 38.01309 35.16749 20.16445 0.0 23.84492 36.73654 20.84747 29.33346 32.8377 26.0615 29.21715 0.0 41.97846 14.26256 41.74097 33.97791 24.78726 35.87269 22.66778 0.03979 13.96419 34.42935 26.53871 32.51316 21.66897 38.1886 22.74336 19.88986 21.03018 16.13805 25.40952 17.86474 13.12705 15.51321 9.00357 41.97468 29.68027 22.10211 16.94704 13.0456 32.65658 35.94611 17.86953 16.7898 38.40841 40.81032 0.0 30.47004 0.0 11.77627 
