1000.0 1000.0 1000.0 1000.0 1000.0 1000.0 1000.0 1000.0 1000.0 1000.0 1000.0 1000.0 1000.0 1000.0 1000.0 1000.0 1000.0 1000.0 1000.0 1000.0 1000.0 1000.0 1000.0 1000.0 1000.0 1000.0 1000.0 1000.0 1000.0 1000.0 1000.0 1000.0 1000.0 1000.0 1000.0 1000.0 1000.0 1000.0 1000.0 1000.0 1000.0 1000.0 1000.0 1000.0 1000.0 1000.0 1000.0 1000.0 1000.0 1000.0 1000.0 
1000.0 35.90277 38.18393 28.03684 0.0 8.71742 23.99125 33.08843 29.12723 18.1404 27.96913 30.77269 0.0 34.68115 37.7521 35.13074 11.81994 40.97527 8.62529 9.26662 0.01083 38.56605 41.25277 16.75385 29.21503 30.77295 15.89965 14.41776 24.3444 36.69357 37.37203 28.26198 31.57053 25.46697 32.55974 39.2495 33.81034 21.56365 17.59229 27.94719 40.21425 40.07341 16.55366 24.26032 18.79263 37.73678 16.41274 0.0 23.45058 0.0 19.65903 
1000.0 35.05588 13.33128 34.231 0.0 11.34346 8.7135 41.56167 19.23806 25.83241 16.64494 33.41285 0.0 23.92509 11.02379 22.0372 23.88187 19.58055 26.56337 18.37441 0.02879 20.47361 27.31026 26.69294 29.2394 16.38858 13.86774 17.33913 18.19129 22.77609 30.57491 31.50207 34.96736 22.25051 35.83783 22.26741 34.26044 36.22334 9.76688 28.74912 40.6599 39.31079 27.05512 20.21152 33.971 39.96403 24.04264 0.0 27.55431 0.0 36.76185 
1000.0 10.2553 18.55458 17.03831 0.0 15.99697 17.3205 25.06154 29.17269 30.37458 14.92696 8.56677 0.0 22.2854 37.58346 8.96965 14.43315 23.65038 14.89166 16.68554 0.03558 29.56555 20.81843 13.14184 10.10372 39.75239 24.16891 24.92821 8.69676 12.1057 20.3115 31.63309 39.95514 26.36201 18.71245 18.42448 23.87333 27.3087 32.5759 40.48784 12.39474 23.34639 22.01248 11.64948 10.06938 15.23353 29.51304 0.0 24.82012 0.0 35.09342 
1000.0 0.0 0.0 0.0 37.12229 0.0 0.0 0.0 0.0 0.0 0.0 0.0 22.1773 0.0 0.0 0.0 0.0 0.0 0.0 0.0 0.0 0.0 0.0 0.0 0.0 0.0 0.0 0.0 0.0 0.0 0.0 0.0 0.0 0.0 0.0 0.0 0.0 0.0 0.0 0.0 0.0 0.0 0.0 0.0 0.0 0.0 0.0 10.31304 0.0 8.69518 0.0 
1000.0 26.84213 17.41404 30.6373 0.0 34.08617 15.42976 39.44848 11.84372 32.94705 34.94442 21.29774 0.0 37.47894 17.27563 29.12838 33.5742 30.60216 27.21516 28.14825 0.04514 12.0179 24.17037 15.07241 24.11253 15.23141 35.06123 36.24301 15.62363 29.60706 12.80167 20.68281 30.52178 36.20427 22.61233 30.8318 12.80931 41.47583 16.64911 8.4044 9.36805 14.10844 33.9133 29.10574 39.56673 11.27954 24.61792 0.0 31.11679 0.0 10.28917 
1000.0 30.32167 35.46678 30.8999 0.0 34.37348 20.10831 12.75566 23.26845 41.48113 37.02438 16.46868 0.0 22.66017 36.54478 24.44601 32.24518 18.93947 30.43337 20.01913 0.01774 34.12504 16.7163 15.91357 20.96861 40.54103 20.75118 36.26945 37.81522 28.53708 9.29209 32.22962 20.8794 23.50806 24.48046 10.7119 40.988 26.9527 17.50784 32.45265 23.72686 18.48822 38.68073 34.10737 17.54506 21.55466 25.41481 0.0 40.87873 0.0 29.96513 
1000.0 16.49427 30.5832 27.85959 0.0 25.80955 26.70801 26.51295 34.42732 21.98611 37.04306 27.25131 0.0 41.38933 37.96869 18.22035 20.70267 28.77072 23.91105 29.16481 0.02638 20.08137 10.53454 9.45882 39.85282 36.90355 12.1755 14.66839 27.47852 28.11196 10.13617 35.38477 35.93584 21.47901 10.28616 38.84903 27.19107 19.96717 31.69612 38.76984 23.55333 31.53999 16.31686 30.26946 21.79154 35.6324 16.12915 0.0 24.74963 0.0 29.56248 
1000.0 19.62776 14.43444 25.78317 0.0 26.41921 25.39227 28.59831 23.38417 11.11502 27.12253 13.13787 0.0 18.38894 33.92459 26.4695 36.44274 38.63893 15.02767 17.14646 0.03322 35.09012 8.77495 34.16737 10.04853 40.85919 14.01468 20.40745 36.3692 14.32273 15.87179 12.66605 40.34158 39.17568 36.4968 33.47521 8.39905 19.31148 12.50343 34.84813 25.03284 34.25709 21.85964 37.11816 28.33313 32.65552 31.0659 0.0 10.485 0.0 34.12103 
1000.0 25.434 18.64298 19.86508 0.0 13.73241 32.19127 41.69227 15.75054 34.31353 39.62884 31.76679 0.0 24.24623 11.33334 33.19644 35.06983 33.15504 26.12309 11.64661 0.0162 17.78335 31.95523 21.69607 10.1921 9.72935 39.38062 17.58279 8.56051 37.0959 39.75867 31.08826 29.66037 12.04621 17.18312 12.27273 10.93291 13.71013 24.60292 19.78927 21.11064 36.57451 29.73556 40.75744 22.60954 33.23782 24.97332 0.0 38.60384 0.0 24.35226 
1000.0 28.59117 34.46085 35.09655 0.0 25.62029 13.59107 31.85554 14.72241 19.3615 11.00826 25.61214 0.0 32.29815 10.58248 36.19599 30.81052 28.16015 19.42861 39.31957 0.02849 28.54412 35.01492 25.69365 17.68136 19.19574 38.03836 8.60457 38.86296 19.62418 10.19062 24.38912 19.60738 28.93612 37.79742 20.1511 18.20717 30.54747 15.10654 28.9017 16.6158 12.07542 14.30173 34.23037 15.89091 23.84123 25.98273 0.0 16.49327 0.0 34.90595 
1000.0 31.13321 16.23812 25.33085 0.0 22.816 9.22258 40.23297 28.62531 9.12392 36.54926 40.82285 0.0 20.00977 22.95201 38.47996 22.23306 8.86405 25.23066 30.11236 0.02115 37.30371 23.30734 39.57604 8.77284 12.27263 27.88839 28.04186 26.09084 20.04512 39.62047 21.31256 21.89106 37.19088 26.48428 36.93001 10.1154 39.01326 11.2298 23.39001 10.5873 27.97769 36.57174 33.02326 21.92279 20.79617 17.69398 0.0 15.52062 0.0 10.77513 
1000.0 0.0 0.0 0.0 37.58531 0.0 0.0 0.0 0.0 0.0 0.0 0.0 36.47188 0.0 0.0 0.0 0.0 0.0 0.0 0.0 0.0 0.0 0.0 0.0 0.0 0.0 0.0 0.0 0.0 0.0 0.0 0.0 0.0 0.0 0.0 0.0 0.0 0.0 0.0 0.0 0.0 0.0 0.0 0.0 0.0 0.0 0.0 36.60207 0.0 30.67149 0.0 
1000.0 29.34179 26.79664 35.5514 0.0 28.25507 26.4453 9.81723 30.92965 40.23744 40.43901 29.96582 0.0 19.38388 15.42871 30.80433 34.92781 23.03116 30.62474 37.73391 0.03383 16.65164 22.76988 34.10422 35.07645 16.75733 20.63865 41.68565 21.13329 34.41158 27.92984 28.60454 19.55994 33.32982 9.45906 33.9042 21.74936 37.7871 29.77163 33.29357 13.6337 39.55612 23.7843 26.1951 25.13922 30.94529 24.9005 0.0 38.14827 0.0 10.96127 
1000.0 40.94005 11.79788 21.55894 0.0 29.22025 23.26931 8.91005 26.82822 17.41767 23.70101 40.45307 0.0 19.57335 17.02923 36.03331 20.55076 38.68914 34.45051 9.32913 0.0392 30.22233 18.30141 12.11202 41.20165 36.63186 29.79193 37.6406 35.83359 31.32759 28.82673 26.05911 16.0984 15.55306 13.22966 25.56276 12.41869 14.39314 11.5422 30.93011 35.72318 19.35443 10.15791 28.28044 24.2587 22.1756 22.99336 0.0 18.77788 0.0 34.88408 
1000.0 16.11592 40.82003 40.86325 0.0 15.34912 38.52677 10.41792 10.28111 29.01441 8.38894 29.82065 0.0 40.0478 12.29984 16.11544 27.05704 37.23324 24.84635 30.93217 0.03794 27.976 31.35682 19.11994 34.90983 23.0069 23.78184 18.42249 25.77358 37.0076 23.77885 38.59931 11.44234 26.33333 30.78989 33.44778 18.71995 17.97655 26.68976 20.17923 12.0149 37.79448 35.18397 28.92955 14.00457 24.14615 9.60193 0.0 14.0994 0.0 18.04649 
1000.0 9.88352 35.67563 19.60744 0.0 17.52085 14.0907 10.81271 20.05123 29.66555 29.77183 17.24051 0.0 12.78287 30.63888 39.6914 28.83211 31.79504 31.55934 25.42633 0.01675 13.02032 32.9824 17.60084 35.38386 13.17606 27.54838 24.1944 9.79444 38.69342 35.92514 18.22911 35.07936 33.16333 8.4019 20.98915 32.60293 36.3552 38.30829 14.67434 10.98995 39.61822 27.82965 9.52004 20.54594 35.95358 17.79173 0.0 31.17156 0.0 34.68367 
1000.0 18.13423 29.11026 13.61479 0.0 38.86428 29.57384 26.48066 14.80955 8.46999 18.40078 40.43528 0.0 37.53188 38.5006 16.2279 24.38591 39.6604 41.42825 37.30744 0.03114 22.08253 37.17187 29.32291 18.98693 41.61284 11.37379 8.49475 21.04036 28.31935 9.99874 11.7104 20.80011 8.77077 32.0222 30.09237 21.00377 23.8054 23.58913 24.75844 24.1778 31.77085 34.75964 17.32522 35.66216 10.10008 24.18934 0.0 16.40964 0.0 12.93408 
1000.0 17.89631 27.35999 20.16327 0.0 25.07912 14.68526 29.36994 12.56593 35.71739 37.45749 16.72129 0.0 27.3382 9.08514 14.57325 11.84147 9.43884 11.46972 30.08213 0.02518 18.93683 22.92853 35.78472 38.99533 33.65389 26.93364 41.80101 9.9261 39.15313 12.57939 19.21396 12.87781 19.56477 10.70936 32.47905 23.79127 17.6745 24.19854 37.28788 38.3056 19.49823 10.88584 30.83115 10.65811 20.34857 40.56803 0.0 36.60009 0.0 12.8054 
1000.0 11.28745 25.34974 13.96914 0.0 20.4065 10.69491 20.74437 20.09818 14.22108 33.53084 16.84895 0.0 21.12258 31.11471 17.4249 23.7991 22.87301 28.72794 20.50303 0.01348 19.91957 23.75835 14.81175 11.01674 18.56867 26.94831 35.16571 11.16541 14.99354 22.74977 24.41486 23.92398 20.56952 17.18447 24.65819 36.7944 28.32775 11.65696 17.04664 36.07671 41.56132 40.10334 22.70479 29.44065 36.44099 17.50717 0.0 23.21658 0.0 26.65718 
1000.0 0.15657 0.05252 0.03757 0.0 0.03928 0.16392 0.15544 0.10152 0.05758 0.14391 0.11305 0.0 0.0444 0.17128 0.17071 0.12196 0.15389 0.15583 0.0864 16.37482 0.09945 0.09161 0.04108 0.05622 0.08924 0.08377 0.08346 0.06552 0.18027 0.04515 0.0735 0.1453 0.0938 0.07986 0.17679 0.0372 0.135 0.15413 0.14775 0.06399 0.15612 0.09507 0.15143 0.05346 0.16404 0.17821 0.0 0.12409 0.0 0.10902 
1000.0 15.18852 14.7994 22.69761 0.0 32.0211 27.3079 39.9285 38.73298 35.7012 18.22813 19.37547 0.0 8.89554 36.06111 28.72985 31.68573 36.37074 24.36517 12.44084 0.0328 17.1473 27.91354 36.96332 13.15095 20.48623 27.5545 9.78287 30.89429 17.05537 30.81637 35.91171 31.2037 31.44586 10.99051 36.73934 29.13456 29.86109 27.83717 13.23053 38.74481 19.24031 34.41083 31.95855 29.32133 30.8554 23.51186 0.0 23.31639 0.0 27.92103 
1000.0 41.09825 32.72579 22.41945 0.0 21.36162 13.9657 27.00746 10.03251 30.17871 40.10649 22.2558 0.0 22.02342 18.25188 36.91493 20.20137 10.52857 11.78338 15.19689 0.02744 11.11821 13.17585 33.60211 10.27109 27.89204 21.72699 25.86364 41.12601 28.4309 8.78262 35.2715 26.8727 20.33388 37.67249 23.91567 24.27907 12.61901 29.97622 37.88162 23.3642 20.40063 16.17686 31.63376 10.06732 12.78643 15.39181 0.0 10.96144 0.0 23.27162 
1000.0 24.61905 13.77204 31.32043 0.0 38.32924 16.65211 14.42779 34.35249 22.11502 36.51491 15.00747 0.0 38.22017 23.80763 21.48079 14.02453 33.33419 37.84759 21.28204 0.01237 26.62759 13.22562 41.07327 36.05729 37.62608 25.25742 13.09439 41.44024 11.49287 21.8863 40.87994 18.08833 36.89266 23.42869 12.11203 15.25743 32.70747 25.97634 11.08431 23.05599 30.19959 32.05051 38.96558 13.27176 22.34395 33.78733 0.0 8.78282 0.0 34.01867 
1000.0 9.06955 19.51124 25.7868 0.0 16.85684 11.7244 21.66371 23.39473 8.9072 39.39782 20.71484 0.0 35.77944 11.81834 40.78565 12.64798 21.63408 36.36422 32.98235 0.02969 14.90867 27.26432 12.04744 19.55159 17.48335 34.35681 22.55855 26.73258 29.9904 41.79792 34.84398 32.4277 10.47915 10.60968 36.32507 22.73422 12.34114 38.03046 18.26768 20.11968 36.57965 33.74028 12.27894 41.72943 25.15575 14.58194 0.0 40.14385 0.0 9.9243 
1000.0 23.57968 19.16973 18.36817 0.0 13.74855 39.73397 38.65296 27.81753 38.50389 38.80377 14.61843 0.0 32.28088 20.41001 18.90824 10.26889 25.33066 17.22287 15.82969 0.01799 29.62122 18.33434 17.56737 37.40137 10.74705 40.78384 10.00637 10.18111 33.90114 22.59253 29.02167 26.56148 9.26585 28.64529 22.56663 30.54637 16.38951 29.41735 35.89061 33.00735 27.04251 28.15198 32.97028 26.05562 17.31515 22.36461 0.0 26.94234 0.0 41.08948 
1000.0 34.61482 30.77126 16.89584 0.0 34.8047 20.20747 29.60319 36.13163 15.288 12.07477 15.08708 0.0 24.16356 27.88003 22.64761 39.97703 20.05516 25.57881 25.36446 0.02411 29.92637 40.33228 16.12029 37.90793 35.87679 20.25664 15.1786 40.67539 34.62561 18.66445 39.45151 33.37992 21.38886 28.84625 34.7773 34.65279 9.34184 26.2362 22.40928 16.55904 10.13921 40.33893 13.36372 33.13052 15.78376 14.04479 0.0 26.38169 0.0 13.36729 
1000.0 32.067 9.46974 12.30084 0.0 11.32627 9.999 14.18977 8.83369 13.58342 9.24595 17.57591 0.0 41.57856 16.59476 40.64695 41.1153 31.95229 39.11689 18.47161 0.02167 33.40763 28.67463 18.38942 34.32353 36.961 40.14758 25.97603 31.85197 29.60102 21.61287 9.14937 10.95183 9.16219 11.45869 19.67177 37.79327 19.96297 25.82698 28.72354 14.88199 27.11773 21.16634 16.39535 23.6678 40.76075 11.73943 0.0 39.91301 0.0 32.27565 
1000.0 14.92909 36.50627 20.72 0.0 8.70535 31.87993 24.15395 20.4045 40.79509 30.55734 41.87477 0.0 25.23724 9.35036 27.32111 11.49969 19.79964 28.77995 8.67942 0.02653 18.97291 11.62933 19.15439 26.27953 9.80891 39.95639 28.73765 34.47874 23.73205 39.95855 37.64417 17.85872 31.31573 18.05436 28.26831 36.6781 25.47786 27.48942 28.96814 21.00184 24.32817 14.10121 38.41251 26.40276 28.37966 28.34025 0.0 18.9744 0.0 25.96885 
1000.0 29.07844 37.42565 30.27257 0.0 20.09472 33.31754 8.45234 25.95603 35.50538 18.7011 23.71518 0.0 33.63384 41.92203 30.05954 10.92498 27.47683 23.76877 21.13935 0.0116 41.75171 18.05326 8.76586 34.76761 41.52185 17.35479 8.45877 20.09082 24.72477 27.36811 30.26346 41.18001 24.2105 37.15835 21.99215 41.46621 15.3803 34.31079 21.87583 28.30217 19.04049 12.88532 28.96354 9.87058 33.17055 33.29151 0.0 10.34793 0.0 21.86992 
1000.0 27.22025 22.9928 27.98915 0.0 25.30794 39.54813 39.83719 22.51432 24.68007 15.01696 33.27269 0.0 24.94257 30.07392 41.12 41.2801 37.76895 21.27635 37.005 0.03348 36.95489 25.38481 16.98907 12.29182 26.72568 40.31296 37.72463 23.72952 22.00084 14.28909 13.1234 37.4227 31.66776 40.52618 23.279 39.92253 28.54169 14.98134 38.54142 40.81359 36.71307 16.96417 27.54067 15.50889 36.11738 14.57577 0.0 31.69203 0.0 30.34566 
1000.0 11.11923 24.08769 22.11427 0.0 38.18213 14.99646 27.64366 31.51758 9.4101 30.02404 16.36978 0.0 29.3942 10.32276 38.40575 40.7008 16.22653 35.16955 15.81615 0.02971 11.31092 33.95871 18.60379 24.62136 30.17176 40.33911 27.87161 11.22148 40.08902 39.7264 36.76576 12.20664 25.72459 23.21167 24.79785 36.91636 28.99614 37.373 31.57985 39.49022 27.27044 25.52245 35.73487 24.06897 12.72217 21.48906 0.0 34.50729 0.0 17.81278 
1000.0 37.15867 29.77709 11.56408 0.0 28.43878 17.13632 28.00555 9.89898 34.63005 32.73592 18.26442 0.0 31.77227 33.01821 11.81478 22.47845 40.9453 39.75574 21.36526 0.03932 29.81761 36.68293 13.45198 19.24586 28.50495 36.27767 19.11896 8.93673 8.49679 18.67162 34.81887 14.75831 26.40187 38.39359 40.87795 14.13942 19.87919 23.57934 10.03969 18.62211 10.51007 35.77104 14.697 19.83778 23.2198 23.7948 0.0 9.26597 0.0 11.48189 
1000.0 12.76687 37.01412 15.83504 0.0 21.25922 29.361 26.4226 37.48831 41.74612 30.5245 30.4597 0.0 12.06434 27.30805 20.60633 10.71057 8.98118 36.45419 18.05532 0.02613 26.74857 20.36037 23.63893 31.37686 26.85353 40.70702 12.93214 21.37695 14.41398 11.76178 14.57793 14.14236 30.24223 27.33589 8.389 31.10329 32.00614 22.13633 16.37219 12.03078 14.57606 14.23052 24.48934 24.74711 14.34355 28.23008 0.0 28.12645 0.0 20.82624 
1000.0 27.62969 16.23007 36.47567 0.0 30.86031 37.76351 36.19311 19.81829 34.93613 12.05896 29.98546 0.0 33.50552 41.56304 10.90733 40.40503 28.95554 27.23567 27.01458 0.02837 38.72655 35.60447 16.64176 40.59271 38.8471 16.95812 26.40216 15.86555 40.2245 10.94279 39.70055 21.53293 14.98198 19.68244 38.68701 9.43226 41.65071 22.46036 14.65909 21.43955 30.54579 34.82248 27.91523 29.24563 31.54093 30.57634 0.0 8.98047 0.0 20.15559 
1000.0 23.79352 39.29809 15.41508 0.0 9.69001 8.54795 13.97142 38.14047 28.64991 9.39409 16.16876 0.0 32.07386 41.75354 19.13312 23.99219 23.84788 19.20409 28.14422 0.04339 22.98985 13.03476 31.88058 21.20708 37.41571 36.46558 15.70623 27.49544 41.23424 21.14708 20.28313 32.87247 20.94633 32.25379 9.32351 38.41824 36.73958 37.34266 31.48545 10.75219 21.00468 26.1908 30.16269 17.21034 16.90835 32.01288 0.0 16.05945 0.0 22.20886 
1000.0 37.02188 8.61034 28.83969 0.0 15.58235 40.32327 13.54905 37.04054 36.70817 30.09374 36.77493 0.0 27.33635 13.29103 27.50228 11.96245 9.28086 30.68805 33.55861 0.02942 36.08391 38.02181 13.61379 12.66743 12.12687 33.38362 26.62045 15.72968 21.65116 24.54516 37.37638 25.41988 13.00456 23.70321 23.17981 31.70766 32.58992 19.95328 9.78431 19.68133 34.84476 19.23078 10.72355 20.06212 33.68081 12.71497 0.0 31.28237 0.0 33.39072 
1000.0 23.31483 16.42165 8.75187 0.0 29.09407 25.88866 24.30021 40.57029 32.33867 35.69874 16.20039 0.0 27.0096 39.32918 38.82019 19.80732 36.3138 23.87347 26.62804 0.01765 32.49317 38.28317 14.24866 10.10634 33.35126 38.00848 24.20561 13.65029 26.28505 22.09272 8.93271 24.07389 13.15187 13.9842 32.50031 41.82488 8.91899 16.16888 25.19205 29.31794 38.15341 20.31878 20.40607 13.3861 38.13013 36.38988 0.0 22.53624 0.0 20.25407 
1000.0 28.72422 24.19659 28.15048 0.0 26.85562 22.36106 8.69406 41.87708 11.82176 34.20547 41.33688 0.0 13.67581 15.74969 24.40182 27.02318 17.22697 32.78744 20.50897 0.02338 15.70681 16.38988 10.44367 19.22506 22.96217 10.29834 29.9329 31.24582 41.1717 25.46305 22.48772 40.59226 27.06811 23.56716 9.3348 41.80236 9.53182 37.59385 17.51062 8.75971 38.8338 36.23071 23.87097 34.56952 26.15007 13.57057 0.0 41.09586 0.0 22.97354 
1000.0 38.94831 29.03712 15.54367 0.0 27.03479 10.9045 30.22517 8.54941 32.25235 18.58584 31.05993 0.0 22.74677 15.8967 12.16398 10.66128 8.55895 30.31249 32.38411 0.01157 27.36027 26.90474 38.66715 34.98585 40.08622 20.6999 20.62032 21.69526 16.68604 8.86934 24.45335 13.36586 21.58548 9.59877 24.72236 22.58723 27.67482 39.46488 37.37736 35.4854 39.9743 21.5823 14.66127 31.23028 10.11258 40.9912 0.0 29.04456 0.0 19.66607 
1000.0 37.84435 38.72806 22.438 0.0 41.47817 24.94157 27.20967 27.47591 34.28933 37.71907 39.7021 0.0 10.30495 13.27163 39.58844 22.66627 23.4421 34.53407 20.36729 0.03382 18.85951 34.20376 38.40714 11.37955 34.52306 34.56221 10.33937 39.1593 40.38166 11.13619 26.26525 18.28898 38.22592 24.24128 24.82692 15.33786 33.55351 21.21589 9.26732 34.94134 19.26413 21.59331 25.31031 30.55187 27.64127 23.20129 0.0 12.48561 0.0 36.28329 
1000.0 31.32911 38.01902 32.74231 0.0 40.6976 36.84726 12.5563 25.80472 23.65449 20.14962 21.651 0.0 20.70215 39.9573 34.07748 34.36059 23.99839 28.5905 38.84005 0.02913 15.16349 9.63916 26.69314 31.44681 24.54095 11.77565 15.72636 32.70271 34.86177 40.81388 27.35253 11.4892 10.87169 33.41967 35.85324 17.62567 25.37038 39.35257 19.03551 32.80622 26.32589 28.04591 18.09131 15.20861 37.12995 18.72273 0.0 37.07369 0.0 17.60694 
1000.0 23.83382 17.98657 14.02175 0.0 22.96019 23.69258 33.60929 21.06829 36.78588 40.13485 15.03829 0.0 20.98263 26.70738 37.6258 30.47255 14.34895 18.6574 23.43931 0.0382 30.05488 35.13713 35.01435 33.82735 14.80367 30.84746 20.21322 25.35867 16.1646 35.87448 14.40477 15.9972 32.93402 18.9951 41.2449 13.93326 24.65642 12.8709 15.79032 20.64427 40.52064 32.20473 36.75785 31.44082 17.43175 20.83378 0.0 21.18986 0.0 11.81561 
1000.0 36.20051 34.89451 37.86273 0.0 17.70074 15.03836 31.64408 18.32681 9.64547 12.33318 39.37807 0.0 16.04093 10.97445 40.12711 21.39272 29.27517 31.85249 20.49699 0.01465 14.85977 10.75805 39.44738 9.88389 23.2148 33.48778 29.01885 27.49433 37.83204 25.45201 16.85279 24.19803 20.27426 12.71147 36.40543 27.8239 32.05606 41.64264 14.86581 20.51582 29.55035 12.26258 9.7906 23.01676 38.89622 22.19426 0.0 31.78238 0.0 9.72041 
1000.0 24.63035 33.21557 23.57412 0.0 15.64474 40.3138 33.73375 18.63875 34.67201 17.30111 17.22729 0.0 37.75541 32.18554 16.24241 20.57872 14.67536 29.21012 35.08016 0.0168 29.96242 21.00707 9.16718 22.17696 23.39466 8.46608 13.18804 31.56697 40.49363 18.00582 10.55244 30.51227 21.67852 10.94665 39.76062 24.70603 39.5568 17.62628 15.12857 12.47524 41.72979 8.69701 28.60868 13.99562 32.87213 8.79418 0.0 37.41054 0.0 36.78943 
1000.0 12.12214 40.06664 12.99514 0.0 18.96125 37.57114 28.89854 25.82753 35.18038 16.60024 17.23898 0.0 24.46661 18.67005 38.12541 36.27604 22.53608 22.7163 15.05214 0.02384 12.33496 33.42271 24.58663 19.22714 39.15167 9.76265 19.50344 31.21031 40.00567 28.28588 24.75121 23.52191 11.42671 21.77452 11.43699 32.84733 10.1957 14.18415 13.77066 22.1415 19.93199 40.90802 36.37604 39.10238 17.1698 19.74447 0.0 26.0436 0.0 38.98627 
1000.0 38.91149 25.73246 17.36041 0.0 30.09772 27.42176 21.82277 14.45928 18.49407 16.63145 34.50421 0.0 31.29731 26.43774 40.32935 39.75853 38.3989 9.08628 22.90886 0.02507 24.81052 13.03722 17.90083 9.52368 24.53564 37.62875 40.91908 33.32933 31.06899 25.81537 39.30641 15.55591 31.61161 17.00047 24.73574 30.5173 28.04067 31.94384 36.94846 39.21956 10.56316 15.85728 29.4423 36.44048 25.09098 37.90307 0.0 25.52528 0.0 38.43841 
1000.0 0.0 0.0 0.0 38.88508 0.0 0.0 0.0 0.0 0.0 0.0 0.0 23.08487 0.0 0.0 0.0 0.0 0.0 0.0 0.0 0.0 0.0 0.0 0.0 0.0 0.0 0.0 0.0 0.0 0.0 0.0 0.0 0.0 0.0 0.0 0.0 0.0 0.0 0.0 0.0 0.0 0.0 0.0 0.0 0.0 0.0 0.0 40.41552 0.0 9.09785 0.0 
1000.0 36.57054 35.42277 13.46835 0.0 23.31721 10.58858 38.01188 28.35716 17.58374 16.52148 31.00759 0.0 24.5396 37.47278 19.36384 29.56532 20.35643 31.61515 26.60257 0.01635 11.25693 26.2113 17.28858 23.22638 18.03275 36.2323 20.91112 9.69335 11.85512 33.01208 30.81125 23.35165 26.08664 23.51706 12.38697 17.92377 29.73303 16.48785 9.05638 25.69553 34.70672 29.96939 17.132 39.43382 22.69278 34.41867 0.0 20.31721 0.0 33.63423 
1000.0 0.0 0.0 0.0 37.55547 0.0 0.0 0.0 0.0 0.0 0.0 0.0 31.69562 0.0 0.0 0.0 0.0 0.0 0.0 0.0 0.0 0.0 0.0 0.0 0.0 0.0 0.0 0.0 0.0 0.0 0.0 0.0 0.0 0.0 0.0 0.0 0.0 0.0 0.0 0.0 0.0 0.0 0.0 0.0 0.0 0.0 0.0 19.76271 0.0 15.08666 0.0 
1000.0 41.89577 28.67879 20.67619 0.0 32.5129 17.07595 33.81837 13.77606 12.07494 12.47537 12.40342 0.0 36.80907 19.5207 26.2306 9.00234 10.68559 20.3181 38.49415 0.02177 19.98158 13.52092 29.11514 17.30675 25.45233 18.39629 23.7004 34.14293 30.14874 9.18202 30.21393 26.21352 38.9758 10.90803 38.4517 37.39227 8.54696 28.13392 30.68521 25.95667 34.87185 33.63301 31.99478 12.51206 21.05349 36.27268 0.0 38.19198 0.0 12.82828 
