1000.0 1000.0 1000.0 1000.0 1000.0 1000.0 1000.0 1000.0 1000.0 1000.0 1000.0 1000.0 1000.0 1000.0 1000.0 1000.0 1000.0 1000.0 1000.0 1000.0 1000.0 1000.0 1000.0 1000.0 1000.0 1000.0 1000.0 1000.0 1000.0 1000.0 1000.0 1000.0 1000.0 1000.0 1000.0 1000.0 1000.0 1000.0 1000.0 1000.0 1000.0 1000.0 1000.0 1000.0 1000.0 1000.0 1000.0 1000.0 1000.0 1000.0 1000.0 
1000.0 8.30398 17.15313 12.63381 0.0 21.12677 30.42551 27.03252 9.90343 32.79531 31.71525 23.27811 0.0 13.52218 21.8207 20.94379 24.21602 15.29406 26.64965 21.74117 0.01136 12.3855 11.38103 17.32666 29.71422 30.52071 16.7403 16.2448 10.58578 13.72878 35.22428 28.63314 15.39717 26.74449 27.71924 19.80359 9.6316 14.04923 16.66568 33.51388 34.46133 34.20007 10.54973 9.2347 36.75516 18.36393 7.57708 0.0 19.23672 0.0 29.4431 
1000.0 12.47403 34.54925 14.15185 0.0 29.84383 29.28679 25.25093 26.79823 35.47084 19.24071 22.93161 0.0 12.53857 22.80378 12.93095 20.8897 30.59321 27.93772 24.25353 0.04085 18.46668 14.81405 35.58367 17.87781 20.52388 15.32131 30.07839 27.94157 10.20669 32.78515 16.76883 17.59013 27.09571 31.266 33.48932 24.40148 36.97425 9.31086 15.83457 18.78352 15.62298 16.12315 17.26828 32.23624 7.71947 9.76804 0.0 29.40568 0.0 23.20262 
1000.0 36.90307 11.34888 25.35005 0.0 32.94934 8.94311 23.23122 21.20842 15.69093 11.4307 19.04115 0.0 16.64988 17.69102 25.20114 18.60219 26.08583 23.56947 35.58568 0.01708 32.38762 19.13321 24.5717 29.08125 36.65169 12.77928 36.85679 32.01647 9.411 36.55367 24.05355 30.92608 34.41587 27.99956 36.12764 31.76838 22.0547 30.60086 10.15686 20.27272 24.20098 33.02792 24.71617 18.26941 23.56434 30.23844 0.0 30.41859 0.0 30.88149 
1000.0 0.0 0.0 0.0 28.20293 0.0 0.0 0.0 0.0 0.0 0.0 0.0 22.42841 0.0 0.0 0.0 0.0 0.0 0.0 0.0 0.0 0.0 0.0 0.0 0.0 0.0 0.0 0.0 0.0 0.0 0.0 0.0 0.0 0.0 0.0 0.0 0.0 0.0 0.0 0.0 0.0 0.0 0.0 0.0 0.0 0.0 0.0 29.76324 0.0 10.23137 0.0 
1000.0 27.28972 24.69858 17.10268 0.0 24.04801 14.83184 10.5897 35.73946 35.59063 10.71524 35.32941 0.0 22.5802 18.08384 25.65625 25.17155 12.61449 36.63647 36.12352 0.00886 19.12478 12.86032 33.85934 24.22465 11.833 24.96689 12.0504 33.01807 30.52177 16.28411 28.12189 14.37348 22.88911 17.13649 32.09177 9.28333 13.29535 22.23489 27.53405 26.43179 15.69532 35.00732 24.9544 21.31617 24.19404 11.32574 0.0 17.19162 0.0 31.53725 
1000.0 34.62162 22.27473 22.60794 0.0 8.83399 9.95999 11.38638 18.12452 28.04431 29.057 21.20639 0.0 18.19727 22.88927 25.90803 14.9574 24.18504 23.68718 16.08632 0.03226 19.98784 12.98565 23.22181 11.89111 25.24848 27.30216 29.57607 32.15943 35.08319 30.82502 11.38876 33.84341 7.73732 14.70904 9.41456 23.90876 7.91417 14.04278 33.59037 7.5252 18.33162 18.27333 35.29074 9.75879 20.82655 35.63905 0.0 22.69082 0.0 23.02762 
1000.0 24.52664 9.0477 15.3555 0.0 12.96761 21.08681 30.57864 8.06048 23.16838 11.39481 18.30206 0.0 21.31464 15.53843 7.74013 29.17428 24.28972 35.98015 27.40993 0.02747 22.17503 27.8497 34.62637 17.77732 24.65905 8.4991 29.51426 27.22137 20.53606 16.04689 17.6711 29.93449 19.35421 26.76219 9.48604 14.0281 26.52657 11.38612 18.30132 13.57929 35.04189 9.05558 10.16421 28.45534 9.79073 21.27806 0.0 23.87833 0.0 28.73857 
1000.0 33.68354 26.66256 29.9417 0.0 30.92378 28.96413 27.2083 18.76692 23.15252 24.72038 7.81189 0.0 27.72122 11.1993 20.15755 26.23242 14.3369 21.25731 17.82468 0.01175 26.83555 23.13469 22.48955 21.84043 11.16435 17.93862 13.71088 18.60038 17.41934 10.06754 24.87959 26.55657 24.70993 22.60617 16.46132 31.82597 19.39719 29.50752 8.88162 22.77341 24.9501 33.42105 8.18061 31.05062 25.95706 17.89234 0.0 19.53114 0.0 15.78269 
1000.0 13.61039 24.80081 21.17213 0.0 19.73365 24.9308 24.29096 25.65337 36.11793 8.24309 35.89504 0.0 27.95157 27.9775 16.10663 19.24236 7.68623 26.11754 12.72325 0.01372 29.84276 12.62875 27.12248 15.83848 29.24383 31.23713 25.53897 30.51241 13.39998 18.35956 11.3255 30.99583 15.23312 29.94688 19.60883 26.01397 36.54957 24.98271 13.26165 33.72751 14.11109 14.39279 31.19659 27.45704 33.36606 30.74031 0.0 31.73002 0.0 32.43975 
1000.0 16.75574 23.86389 28.47655 0.0 10.59049 10.38045 26.72654 26.7286 27.1068 21.90206 18.87898 0.0 23.22348 31.34094 21.03934 18.37163 31.78317 27.21685 16.77016 0.01473 31.18311 26.84447 8.00767 11.63186 28.25502 26.88192 15.85436 36.87657 24.42281 29.84425 22.63759 17.15885 10.71207 28.11363 26.93189 15.78541 33.14742 22.3717 15.30115 12.24265 7.48224 30.70684 31.89392 26.94403 15.4836 19.9474 0.0 33.89031 0.0 27.14162 
1000.0 29.39236 22.39946 25.87104 0.0 10.89262 22.94242 29.53001 25.88185 8.20658 28.70332 36.23568 0.0 9.17679 21.45091 11.51449 22.09472 27.53878 19.84545 30.87672 0.03205 20.21556 10.98764 11.91159 13.0345 8.12405 36.21715 12.57337 12.17638 8.03835 13.71346 24.20435 29.47563 28.99228 12.84673 9.36333 8.8126 36.5158 16.74874 32.3258 19.81868 26.48869 14.52044 18.37425 36.73421 17.42506 7.64658 0.0 8.69896 0.0 31.4164 
1000.0 0.0 0.0 0.0 25.27344 0.0 0.0 0.0 0.0 0.0 0.0 0.0 35.74112 0.0 0.0 0.0 0.0 0.0 0.0 0.0 0.0 0.0 0.0 0.0 0.0 0.0 0.0 0.0 0.0 0.0 0.0 0.0 0.0 0.0 0.0 0.0 0.0 0.0 0.0 0.0 0.0 0.0 0.0 0.0 0.0 0.0 0.0 35.63533 0.0 13.57624 0.0 
1000.0 8.42875 19.32804 20.09618 0.0 19.90471 20.6461 16.6069 12.81951 11.9446 24.26371 20.70192 0.0 10.56658 17.85986 23.79139 19.9495 14.23554 33.15268 8.58139 0.02659 33.61746 25.08383 28.00891 35.07142 23.14448 35.39534 23.53284 10.96286 25.5338 21.80368 26.16855 35.48562 34.79132 8.32182 23.99036 22.45155 32.71377 7.41473 25.07399 32.5399 17.74869 14.39218 36.94086 8.76967 27.57537 17.58986 0.0 25.79324 0.0 35.45813 
1000.0 22.12439 26.97569 31.33708 0.0 29.06885 26.27855 35.27799 14.90508 31.96397 27.72309 16.81747 0.0 12.2865 8.68504 13.48832 29.29012 8.3504 26.99305 31.96544 0.01266 23.88107 20.84602 19.08385 20.97051 28.51267 12.33582 23.84098 31.27179 26.43173 31.37485 26.94161 34.28748 11.5615 27.47839 35.11462 35.93189 20.36599 21.95142 11.23766 32.9983 18.42743 26.88736 31.58494 29.90919 22.27528 8.87671 0.0 15.63038 0.0 14.48035 
1000.0 26.64397 32.54597 22.17733 0.0 14.28941 33.3979 31.52835 20.5203 10.26006 28.82323 8.2567 0.0 17.60027 25.01504 33.1537 11.25588 8.58527 9.39844 35.89993 0.03586 12.6546 9.80047 22.70479 11.62572 30.81283 16.50771 13.20836 34.84112 15.03798 10.56034 18.83902 14.17127 17.54037 30.363 22.20848 12.38953 13.34236 30.78168 14.04731 8.64923 31.85349 14.04859 8.10039 8.04562 24.28172 36.7885 0.0 36.25204 0.0 11.12573 
1000.0 25.49977 20.40473 31.82472 0.0 30.17469 32.93735 23.95106 35.64125 22.01007 25.43978 25.23793 0.0 17.93053 32.10432 18.04331 26.51323 18.35884 28.53459 21.75183 0.03629 26.7577 26.14755 9.45499 23.11068 19.70223 27.60365 12.37239 9.24527 22.44478 22.61333 10.37791 28.60503 15.76831 31.04061 15.97982 31.34164 30.58326 26.62158 21.02207 12.78765 8.56861 29.66111 32.82101 29.00987 11.10164 33.52805 0.0 27.09619 0.0 12.25233 
1000.0 24.94716 16.33283 28.03813 0.0 28.65834 26.12543 26.78837 19.71505 16.75777 28.66864 11.65472 0.0 18.02766 9.19565 10.81654 11.39114 9.1452 25.08453 22.68422 0.02466 32.01762 7.89705 13.65417 14.72508 22.27353 20.90256 22.35871 21.11688 16.01968 31.85081 27.61103 16.59022 17.03122 19.66351 7.98632 24.8692 12.96536 19.64051 25.92784 27.57982 9.41921 34.94845 18.2553 22.22361 27.45198 34.27407 0.0 29.93106 0.0 27.02924 
1000.0 20.28157 36.53525 36.26794 0.0 33.9286 13.40173 16.13097 31.72551 16.35958 18.49808 22.77588 0.0 23.16975 14.01794 21.76903 16.36864 33.38916 26.69321 26.30728 0.0129 10.87268 32.5801 24.83029 19.52866 26.27389 21.81573 13.04477 14.17716 14.32618 21.15859 20.48397 35.85978 17.5432 8.75354 26.41604 17.5022 15.34687 18.61831 34.93672 28.79311 7.71225 13.02826 33.32258 13.654 28.75138 29.99054 0.0 11.70753 0.0 9.05445 
1000.0 20.47586 16.66144 36.50583 0.0 29.06879 29.4695 19.78585 21.19616 24.76133 17.79511 23.4274 0.0 36.76204 20.45956 25.91755 28.14714 26.0129 8.02306 28.63412 0.02041 8.67695 20.73544 9.5704 24.87049 19.82913 36.76731 15.67311 16.42533 12.03587 19.72716 15.98234 21.83847 22.87852 23.29809 20.84479 11.75785 11.173 8.52374 16.1578 15.39604 17.28303 27.5338 11.01937 32.28464 23.47914 24.96244 0.0 17.90053 0.0 27.38104 
1000.0 0.08998 0.14236 0.13593 0.0 0.13756 0.07512 0.11952 0.06378 0.14022 0.1709 0.15456 0.0 0.09897 0.16431 0.10542 0.12108 0.16957 0.09686 0.12188 30.79789 0.08324 0.0755 0.12043 0.09377 0.08742 0.15641 0.09257 0.07188 0.03905 0.05543 0.04683 0.08368 0.1435 0.12238 0.17077 0.12277 0.10883 0.10875 0.15053 0.09599 0.08024 0.15211 0.06895 0.12723 0.08735 0.07991 0.0 0.10136 0.0 0.08525 
1000.0 26.41456 29.83013 17.34323 0.0 31.38044 25.35154 7.99317 23.41079 11.20227 31.46682 14.71846 0.0 20.94109 27.53942 9.65069 35.78828 36.9652 32.91078 35.34942 0.03922 22.1043 15.12932 28.84265 10.95379 34.66029 15.59125 17.15848 23.89179 27.97214 12.45616 33.41775 14.90586 32.08763 28.6857 15.56397 14.75369 22.51802 22.39176 28.2476 14.65218 35.66227 25.88072 21.90829 25.01017 28.06127 12.77786 0.0 33.73315 0.0 28.26308 
1000.0 20.64672 8.58792 18.25891 0.0 12.14175 18.79661 8.00479 19.2954 36.93001 28.99803 32.17164 0.0 23.62963 14.48899 31.1178 33.17413 14.02774 36.19699 12.58478 0.01393 13.26677 34.00668 31.94885 12.15294 15.36491 32.07746 8.28001 32.67287 23.76766 36.51152 26.87167 35.08148 18.1548 13.00235 30.4475 36.87421 28.21256 18.19033 9.51724 7.45308 29.04009 17.53488 10.81155 23.0997 12.09463 7.8829 0.0 25.54147 0.0 36.76931 
1000.0 14.52347 9.63302 13.79643 0.0 36.75747 28.90681 34.14261 15.26122 10.68673 17.9927 20.42479 0.0 19.74196 36.68979 25.9674 27.01 25.26092 30.9725 19.20897 0.02185 15.53534 29.7331 18.42968 33.72369 8.68533 28.5448 10.42326 31.01224 12.38955 27.5388 36.90204 31.91839 32.2345 9.6067 27.78547 26.06811 23.85919 31.85313 35.69479 12.71605 34.04993 17.82579 23.83397 19.87201 13.81732 11.51353 0.0 26.24345 0.0 35.03311 
1000.0 24.39573 16.28693 17.35019 0.0 8.30063 29.64571 11.57898 36.86546 21.22558 13.00268 34.7722 0.0 15.93399 28.99002 20.83036 13.2555 31.30049 35.13762 28.74426 0.01955 20.56367 25.21488 22.01787 8.77202 14.4313 23.79041 21.66363 28.50203 23.62279 17.888 18.59651 31.46181 20.65275 17.23852 15.02774 19.1607 29.25947 16.43955 15.98362 17.50338 30.93991 25.01112 7.45928 22.29741 33.68493 14.95146 0.0 35.4377 0.0 30.24365 
1000.0 28.7325 11.22665 13.31418 0.0 11.75186 8.68798 26.96388 27.88802 27.55945 27.0298 26.33409 0.0 29.7319 9.27496 7.46805 33.80455 21.93137 32.29519 28.89837 0.02998 23.18347 30.33173 33.27271 24.96025 20.33636 34.93726 21.10805 31.99758 32.17779 34.80324 35.48671 35.28576 30.06169 27.40644 28.99185 13.5122 35.3461 34.46578 36.93471 19.26614 8.40303 15.15925 28.87805 35.6942 25.88026 26.57692 0.0 35.07725 0.0 34.33588 
1000.0 27.09791 19.7592 17.9355 0.0 17.29172 34.17845 29.50068 7.42606 29.75366 25.08817 19.37716 0.0 20.77683 33.54368 32.10291 26.87114 32.28342 19.11762 21.32853 0.01564 33.549 34.44057 22.71968 26.3106 21.34605 35.544 23.39151 26.57027 22.01367 14.62036 17.30988 8.32668 31.08126 17.68592 26.38736 31.75901 15.62181 19.43166 35.46484 11.63105 10.17285 34.53557 22.33276 18.21168 27.27373 19.62895 0.0 31.03881 0.0 7.55132 
1000.0 30.49102 25.94972 27.16494 0.0 13.41501 21.71565 35.28765 16.89574 27.86424 12.87436 18.12096 0.0 8.09328 30.01299 19.896 21.49417 28.53674 14.45623 35.07336 0.01866 32.09111 22.50946 17.44568 29.59841 31.1845 29.42859 11.26933 33.88949 21.85624 23.25738 29.92707 16.88397 18.46395 17.14488 25.92342 14.14474 34.841 27.16616 8.23088 34.16378 18.52792 27.83851 25.54443 28.03074 35.37351 13.45133 0.0 23.99278 0.0 11.28848 
1000.0 31.08803 13.304 17.58848 0.0 9.12528 17.80968 12.10295 24.64356 34.31441 16.95265 34.88059 0.0 8.03887 16.86389 10.98806 11.87106 17.97632 22.72171 7.69886 0.01801 10.78094 23.55427 19.32642 24.87895 28.06691 30.41162 23.11234 34.25774 10.87738 16.59912 23.96774 11.27806 25.12595 26.8037 35.96085 7.59404 27.27088 17.24672 24.82335 13.88436 21.14459 33.59961 23.52539 15.3574 20.57548 34.95505 0.0 16.63744 0.0 26.68157 
1000.0 34.08283 32.4394 32.52342 0.0 35.96404 18.6897 21.06396 35.06203 32.49716 31.13536 15.87911 0.0 18.47382 28.56091 22.14094 8.73733 32.60017 8.12957 13.14777 0.02238 13.74242 31.86301 12.2775 25.51735 9.71151 24.24167 32.89483 18.93263 26.9484 35.77605 16.07731 16.07834 13.22132 18.0972 36.23729 19.53705 12.23522 7.81551 19.27014 24.60787 34.99665 26.42684 34.32519 12.16048 30.19898 19.99822 0.0 16.26015 0.0 14.8305 
1000.0 9.89839 20.2224 17.45552 0.0 21.71967 20.84926 17.79438 13.82663 29.37936 36.67976 11.20718 0.0 7.76839 15.23171 11.94924 9.0906 36.52794 35.17655 11.37944 0.03261 23.32069 10.43244 14.82723 15.70711 20.3742 26.71116 20.73378 30.65927 29.56967 14.83905 23.02415 14.68521 17.93327 10.63696 15.67341 21.52417 26.34776 17.72459 25.02405 14.45785 35.83246 30.36928 27.83244 18.64399 13.38314 8.41167 0.0 21.08457 0.0 36.36144 
1000.0 9.70075 20.10122 28.14421 0.0 30.02107 15.05289 29.70623 34.06271 26.66063 24.19974 19.42417 0.0 23.41293 7.82197 26.37118 31.76241 12.176 16.81016 12.60034 0.01 25.49509 35.90279 33.83949 12.02514 35.01973 32.54907 31.86903 10.10904 28.22283 34.01904 19.8218 29.63076 29.21385 31.07445 7.99131 19.25093 33.37515 17.36589 18.60214 25.69788 24.03208 18.12382 27.76813 25.78509 25.07569 9.94495 0.0 8.13324 0.0 13.24805 
1000.0 30.26281 25.23187 30.22234 0.0 9.84947 17.36726 13.59787 24.23422 12.47136 11.02777 14.963 0.0 27.15804 14.99683 34.24301 35.56847 33.40129 32.34843 22.61493 0.02643 30.65396 13.77235 30.35602 23.14373 16.56289 30.32693 18.8999 27.33889 18.30747 24.8225 29.71063 27.24185 19.06568 18.39165 25.92081 16.30132 11.14005 8.77234 28.6152 30.38468 23.61556 27.16437 19.15807 28.91755 31.37838 22.63062 0.0 8.17929 0.0 20.91453 
1000.0 8.72021 9.54829 33.86183 0.0 15.25723 27.187 35.27953 30.13149 35.08901 16.74038 19.80049 0.0 12.86464 12.84043 17.89673 11.37707 28.76671 27.58278 34.21753 0.01788 21.98734 21.63689 20.61494 26.50897 17.68061 12.50552 15.96939 11.54174 16.79805 27.50092 22.48051 13.40824 21.79472 9.65591 14.61006 16.91358 13.71207 32.4099 20.88759 18.66375 32.50908 15.83875 23.85447 7.56374 26.69934 28.04162 0.0 26.78481 0.0 29.91923 
1000.0 15.58955 27.5075 32.82292 0.0 7.42004 27.5562 10.28312 10.93459 8.53198 10.40917 10.21944 0.0 15.91155 24.43284 32.90843 15.72006 18.08972 10.93201 29.01786 0.02476 32.59938 7.66065 11.40129 35.81514 28.9405 28.87605 28.14614 14.84868 9.05365 26.97453 11.20124 17.87305 8.26128 16.89509 22.314 31.79589 20.67559 33.56776 29.16013 11.19967 25.49025 13.41762 36.96415 14.50331 32.65896 23.68516 0.0 10.23792 0.0 33.47653 
1000.0 30.52273 32.96849 8.72626 0.0 11.41216 23.53773 11.85695 25.32164 33.22669 31.5325 7.45609 0.0 35.12028 32.25954 19.96186 15.22298 9.18703 23.47562 23.83456 0.02803 14.57776 26.25102 32.88677 21.80205 33.10363 8.32521 32.94904 18.71354 33.34453 18.33845 16.31036 34.97612 8.44997 36.46394 12.85983 34.96604 17.4754 22.12278 19.62898 33.5088 34.13276 29.33628 25.64308 14.53908 26.83228 36.74905 0.0 36.93901 0.0 30.20578 
1000.0 17.73794 15.1977 22.16793 0.0 16.95512 29.50044 22.78286 14.91315 18.71609 35.11408 33.09773 0.0 12.54396 9.5395 23.11634 21.55108 22.96218 14.20272 32.47276 0.03805 11.7399 20.01928 14.66473 31.17898 15.9988 28.46709 32.36152 20.91983 9.50332 29.74854 36.25303 36.01353 24.0552 8.11909 34.27831 24.93905 35.01586 16.6486 11.91254 28.3116 36.67128 31.50356 26.74605 9.55567 27.21561 29.99041 0.0 13.07106 0.0 34.34843 
1000.0 33.52702 26.75325 17.52168 0.0 11.73803 32.7329 15.08866 18.40404 28.7843 35.39734 34.70064 0.0 28.50536 14.09612 34.17665 10.50195 33.77346 23.71628 29.39136 0.01153 18.53896 20.71659 32.64777 10.05594 34.96466 15.04297 35.64977 8.14129 14.17782 31.76779 9.1107 19.6936 22.34297 7.78752 34.13263 19.62483 16.58593 16.66855 8.77883 36.32002 14.6764 25.90785 34.93697 20.08659 28.35837 17.80344 0.0 36.50164 0.0 8.9537 
1000.0 29.17467 36.3729 18.66314 0.0 7.78487 28.44548 18.67955 24.84918 22.15719 32.43634 25.65325 0.0 9.51154 32.7675 22.19039 28.68857 36.71808 9.35321 32.44078 0.04108 21.49083 30.28786 10.07242 23.37149 36.1561 33.4085 22.35026 10.14812 15.68177 9.94694 26.66894 32.9338 17.98618 26.07342 14.44551 26.41431 26.688 20.41876 15.81205 13.44149 33.65923 17.06819 10.07038 26.49043 29.4617 18.22506 0.0 11.86498 0.0 13.32393 
1000.0 36.31576 11.82351 31.7137 0.0 16.81725 24.88117 12.10044 18.90602 11.43118 17.68859 22.76101 0.0 8.05212 8.06066 20.53029 26.43279 11.4719 31.26688 31.89792 0.02567 28.50044 19.62162 20.82798 29.97094 20.95297 24.84569 14.43937 11.49886 13.08003 34.08426 20.95649 21.59117 9.9445 20.22939 26.55873 15.63092 10.91343 29.23958 24.81469 20.58638 19.46749 20.01718 26.30369 14.73867 28.46841 32.06335 0.0 17.23603 0.0 24.29045 
1000.0 29.29909 10.73011 25.10606 0.0 23.40642 22.44719 33.23336 24.79319 8.76532 17.99476 12.18887 0.0 11.52677 25.18459 11.33454 26.92626 8.59277 24.20967 25.45651 0.02226 29.99099 9.66275 33.75125 26.30041 25.82678 14.56996 35.02437 14.84344 30.1473 12.71602 30.99259 22.67657 30.21679 20.34985 27.20002 25.73454 25.87541 35.53565 34.47921 11.31199 26.16901 22.55524 16.10943 19.27137 33.26724 25.6877 0.0 13.97709 0.0 26.68491 
1000.0 12.68074 21.73952 31.84936 0.0 34.2597 32.64566 31.55899 11.2756 25.21343 7.43322 15.55976 0.0 26.56337 27.86957 11.81264 23.76411 22.97605 22.90944 7.97446 0.03862 10.51128 35.55662 28.98693 19.33779 34.01605 25.34523 17.69343 33.23426 34.87901 7.43518 36.68903 16.40282 32.80135 30.10923 32.78749 10.87353 18.98195 26.59313 19.22076 29.72555 32.04453 19.93371 19.05176 16.275 22.13855 13.55446 0.0 27.06761 0.0 15.66632 
1000.0 11.16912 26.64976 29.79957 0.0 24.87069 13.28191 20.0566 12.44011 12.3135 12.6041 17.43161 0.0 11.44011 20.91605 32.21599 30.95643 18.78892 29.56102 14.96985 0.00925 12.78661 16.09217 35.86441 20.72954 16.7437 34.33316 7.90762 30.83595 20.33134 18.27716 30.97326 29.10488 12.72804 10.23673 27.46805 29.49768 20.82086 22.5691 9.88147 25.6308 33.80869 10.17324 34.52471 24.99426 28.03876 33.59373 0.0 16.28851 0.0 34.39511 
1000.0 16.58897 8.00254 17.37564 0.0 14.091 12.54833 25.40598 10.61727 30.52828 21.18526 27.21401 0.0 23.51607 16.70761 34.82335 31.33407 9.00165 8.67918 30.81571 0.03367 30.18198 10.69952 12.84675 30.64692 33.54933 26.54622 12.7139 9.03633 15.21607 9.11167 18.75613 31.66979 20.26976 11.39922 24.64659 12.23579 22.97287 11.4428 24.85733 19.56088 21.94489 21.44171 35.67611 26.13049 7.85689 26.68357 0.0 32.1822 0.0 8.54583 
1000.0 21.82385 30.25382 25.17767 0.0 17.07549 24.8815 33.33566 8.69129 18.05734 17.20106 15.12161 0.0 22.08517 12.63408 8.07231 13.25521 21.83162 10.91209 21.11602 0.00958 21.91825 33.64558 21.13849 11.37675 18.98343 14.14656 11.56191 11.53609 29.16467 8.686 25.91779 25.6857 31.28709 29.0412 28.88962 14.61649 28.5226 24.47332 28.46242 33.25078 19.67064 14.23557 26.04209 24.46733 17.44644 20.28291 0.0 32.85895 0.0 9.7345 
1000.0 22.46086 18.58354 8.84945 0.0 34.75276 27.63406 24.05945 16.27435 29.37347 11.73165 23.01144 0.0 31.3763 9.3392 31.6053 10.21538 11.56958 8.17941 34.48079 0.04121 27.05814 12.53721 31.19986 26.20345 13.12508 32.2195 16.99482 34.01947 22.74843 26.27021 21.66834 8.22525 25.58219 8.18273 11.04096 9.80697 21.73377 36.96064 18.18569 18.93607 36.67901 32.97175 16.57072 35.11418 14.09406 35.53632 0.0 15.47241 0.0 32.0948 
1000.0 17.39114 11.39705 23.99588 0.0 32.17487 18.6987 30.33257 22.88012 18.24562 36.21569 11.09653 0.0 7.41845 24.51229 9.3412 13.12416 22.53405 15.50552 34.86899 0.01435 18.26671 9.48663 11.66655 25.99555 28.373 8.76339 21.64241 27.21258 28.13007 32.62152 35.01393 31.84813 29.0762 15.95709 12.82445 27.49204 33.99259 28.61503 24.74655 11.3416 14.66135 30.21536 21.24798 30.50463 10.963 30.72256 0.0 12.96042 0.0 34.60922 
1000.0 0.0 0.0 0.0 32.89143 0.0 0.0 0.0 0.0 0.0 0.0 0.0 7.85038 0.0 0.0 0.0 0.0 0.0 0.0 0.0 0.0 0.0 0.0 0.0 0.0 0.0 0.0 0.0 0.0 0.0 0.0 0.0 0.0 0.0 0.0 0.0 0.0 0.0 0.0 0.0 0.0 0.0 0.0 0.0 0.0 0.0 0.0 27.79146 0.0 9.24795 0.0 
1000.0 30.24152 15.23638 13.34883 0.0 27.68487 12.03493 14.6465 10.41623 35.70019 36.46416 28.79633 0.0 30.33928 26.42113 34.49038 36.55091 13.01691 8.78844 32.61507 0.0291 16.10844 35.02251 24.1759 11.26163 33.785 8.51898 36.19529 32.22495 19.60333 27.37441 21.04347 12.3599 22.19858 20.31924 10.50634 33.20976 14.51674 16.60205 25.60007 36.07215 27.72791 10.51896 35.98606 25.55401 21.17117 23.95044 0.0 8.06714 0.0 12.3168 
1000.0 0.0 0.0 0.0 18.40133 0.0 0.0 0.0 0.0 0.0 0.0 0.0 23.91059 0.0 0.0 0.0 0.0 0.0 0.0 0.0 0.0 0.0 0.0 0.0 0.0 0.0 0.0 0.0 0.0 0.0 0.0 0.0 0.0 0.0 0.0 0.0 0.0 0.0 0.0 0.0 0.0 0.0 0.0 0.0 0.0 0.0 0.0 26.14423 0.0 7.50766 0.0 
1000.0 28.03712 7.63738 34.27179 0.0 26.55046 15.20551 31.62569 22.55586 34.31207 18.42468 14.04475 0.0 25.7899 32.09246 29.84867 17.54227 32.98899 26.89641 8.47055 0.02101 22.78523 12.76719 24.47756 21.28909 16.65267 30.04777 32.08394 21.30642 23.44628 14.65203 30.59643 33.50236 33.06085 9.16464 30.73549 26.29738 28.59284 22.64733 20.73898 27.59429 25.53831 29.35646 7.77828 9.38413 24.36841 35.79882 0.0 27.15402 0.0 36.82932 
