1000.0 1000.0 1000.0 1000.0 1000.0 1000.0 1000.0 1000.0 1000.0 1000.0 1000.0 1000.0 1000.0 1000.0 1000.0 1000.0 1000.0 1000.0 1000.0 1000.0 1000.0 1000.0 1000.0 1000.0 1000.0 1000.0 1000.0 1000.0 1000.0 1000.0 1000.0 1000.0 1000.0 1000.0 1000.0 1000.0 1000.0 1000.0 1000.0 1000.0 1000.0 1000.0 1000.0 1000.0 1000.0 1000.0 1000.0 1000.0 1000.0 1000.0 1000.0 
1000.0 11.3673 17.14718 29.81497 0.0 28.40598 29.51824 24.59983 17.41549 29.17608 9.63616 31.42738 0.0 21.35518 8.33839 15.43324 21.53346 8.6141 14.42281 25.84704 0.01461 12.07728 33.86162 20.58107 11.57016 10.12455 16.94 7.26113 12.11543 18.75314 35.07452 18.06702 17.06869 27.82014 19.06703 9.48358 21.99546 17.88101 24.40893 12.95653 34.64236 18.61743 20.55145 24.92691 11.50898 9.31159 16.40424 0.0 27.60482 0.0 9.18946 
1000.0 32.12853 33.40683 26.73163 0.0 32.83958 8.63548 19.37739 14.67758 16.40423 31.22449 7.32572 0.0 15.58365 9.35963 15.11096 9.58224 7.21311 21.58032 9.03483 0.01752 19.36378 7.18203 18.55659 7.2298 34.91595 19.20024 26.16805 17.10739 28.86792 34.66553 17.65433 8.14609 35.45877 24.4329 9.0968 28.93028 28.13499 31.64854 33.76596 8.89804 34.95647 29.255 28.70438 34.96918 27.91297 9.9615 0.0 32.13676 0.0 30.9827 
1000.0 27.74781 9.94267 28.78339 0.0 27.85238 32.39514 26.32696 20.57909 33.6018 30.88287 13.54571 0.0 8.39955 23.45645 20.09289 8.46217 21.38846 35.21907 34.00505 0.03407 25.24786 11.09908 31.57978 27.96233 19.81854 12.90416 18.02584 19.99086 9.35787 24.98212 20.3755 32.7406 31.95204 25.56965 23.81768 14.74252 13.18983 9.7014 8.11956 20.64702 28.16841 35.37405 14.68853 22.81558 24.65692 30.94524 0.0 23.58071 0.0 8.35668 
1000.0 0.0 0.0 0.0 19.24626 0.0 0.0 0.0 0.0 0.0 0.0 0.0 15.25574 0.0 0.0 0.0 0.0 0.0 0.0 0.0 0.0 0.0 0.0 0.0 0.0 0.0 0.0 0.0 0.0 0.0 0.0 0.0 0.0 0.0 0.0 0.0 0.0 0.0 0.0 0.0 0.0 0.0 0.0 0.0 0.0 0.0 0.0 13.45592 0.0 30.26117 0.0 
1000.0 20.99041 31.5586 14.04803 0.0 35.51261 24.09967 15.44752 10.92052 16.22515 10.93329 33.40966 0.0 31.19841 12.11839 33.49314 27.76088 13.26986 32.37236 13.32706 0.02745 28.20942 27.15772 13.49206 22.20089 21.8364 10.59257 17.34743 15.69195 20.04907 8.20077 18.08618 19.61285 8.384 29.16827 15.12654 10.97257 28.7355 23.53564 16.31109 28.72911 29.05227 10.86538 31.4268 21.31797 15.94955 22.77134 0.0 21.82576 0.0 14.9496 
1000.0 10.08954 26.50425 15.09312 0.0 23.39199 33.15156 29.71402 26.01873 14.22818 23.88496 18.06847 0.0 7.71478 10.74106 35.66029 26.31907 12.37519 16.12575 22.41728 0.00966 20.95784 9.01192 14.22505 13.61032 28.93 31.34468 34.90534 33.47689 10.23148 26.37584 15.0798 34.28869 30.26135 35.39923 25.24669 11.03329 23.12013 9.24874 25.29508 11.13767 17.5788 32.17185 12.60151 33.80556 12.88504 33.36789 0.0 31.43034 0.0 27.17322 
1000.0 10.80838 28.63978 33.94626 0.0 32.87263 25.46575 22.47437 24.7956 7.97662 11.14439 16.48321 0.0 23.55651 32.7812 17.62607 28.28209 27.95327 18.18643 25.87627 0.03986 8.49246 22.82587 7.38393 18.23673 8.40598 23.3618 15.8449 28.01316 7.38953 32.15388 32.19008 8.17984 27.49538 23.99281 26.91774 18.46862 9.16608 20.14709 19.62933 32.4853 11.01402 19.70748 24.06771 24.8048 9.35003 27.31922 0.0 25.83133 0.0 18.2343 
1000.0 13.90954 16.27852 17.69393 0.0 24.93836 19.31563 11.98866 27.55649 16.48108 22.62976 17.67855 0.0 11.18012 27.95819 30.71241 8.67666 25.62673 28.27653 14.337 0.02992 12.5845 12.48553 23.28444 31.09492 31.15957 27.2727 24.32809 27.9437 11.64202 22.58207 19.11465 10.76116 15.61008 17.57319 18.59109 30.24066 27.06358 14.22677 31.8139 17.11358 21.76634 16.74255 9.87121 30.59786 21.99482 7.597 0.0 29.72879 0.0 30.46742 
1000.0 11.30123 17.49695 11.4882 0.0 25.53801 25.27684 7.45361 11.64225 35.37672 30.62045 29.48551 0.0 33.10066 28.50504 7.61174 30.35361 34.34679 27.10824 19.05704 0.01702 27.67308 7.41214 19.23532 34.08946 28.30077 22.48156 35.51622 23.14789 31.08104 30.74384 27.41726 21.49511 25.91086 19.47353 28.32864 13.06216 29.40644 32.87554 9.88277 11.42598 30.2857 20.44975 27.3792 10.87486 26.91014 30.80169 0.0 21.05093 0.0 10.87135 
1000.0 11.55205 19.35197 24.2552 0.0 34.97055 29.77209 12.75114 15.79427 8.93918 24.02899 19.09715 0.0 15.33595 20.82935 30.48645 13.05833 34.9363 33.00936 32.68976 0.02433 32.90609 18.41814 10.73411 27.06821 16.58579 13.36154 27.4202 11.67032 33.06665 23.00824 8.12956 27.61702 17.69671 15.7029 26.67943 31.35623 25.32532 24.51471 31.0342 7.22047 33.0209 10.47468 32.33765 19.89893 11.14364 17.99454 0.0 17.09334 0.0 10.27182 
1000.0 16.95636 22.03423 15.9144 0.0 17.02921 8.17027 22.44783 16.84194 7.25679 14.51262 26.24972 0.0 12.10713 30.38152 30.63842 16.75886 14.91881 8.68772 25.18246 0.02909 20.00529 11.50641 31.83509 33.46532 11.58411 16.48461 10.14368 22.33602 31.35457 12.18085 34.37002 20.72283 7.25543 10.20923 31.37894 24.34345 34.81964 10.467 29.16633 27.04746 26.18109 35.51921 13.70139 22.8185 33.84593 17.99551 0.0 32.3549 0.0 9.10386 
1000.0 0.0 0.0 0.0 31.96359 0.0 0.0 0.0 0.0 0.0 0.0 0.0 24.54141 0.0 0.0 0.0 0.0 0.0 0.0 0.0 0.0 0.0 0.0 0.0 0.0 0.0 0.0 0.0 0.0 0.0 0.0 0.0 0.0 0.0 0.0 0.0 0.0 0.0 0.0 0.0 0.0 0.0 0.0 0.0 0.0 0.0 0.0 7.67031 0.0 22.42839 0.0 
1000.0 11.38113 33.70288 25.33585 0.0 21.74338 25.86253 8.43682 30.78116 23.48355 23.32638 21.36144 0.0 18.122 10.02341 29.19085 24.92902 20.63724 18.15058 21.19107 0.02616 11.79464 15.52284 17.29859 15.71207 7.85054 26.77385 31.21063 23.38739 16.26093 33.31201 9.22528 33.69362 10.70931 22.03316 13.88044 34.59802 34.24744 22.87895 32.04436 10.71697 17.6266 17.21959 32.37475 8.03456 32.69979 25.78216 0.0 22.16068 0.0 12.55291 
1000.0 10.52049 25.93437 12.41163 0.0 27.25906 9.13076 24.5352 19.79133 22.97616 27.45327 31.64874 0.0 25.91008 24.99518 29.7746 24.36247 32.09863 22.70013 21.46893 0.01038 30.26989 28.71859 25.86479 18.07423 32.0938 12.23968 22.36427 24.96655 31.85232 34.43853 31.87047 20.72687 20.02659 27.82614 23.97268 15.17994 17.38348 31.61542 21.56237 27.57302 18.79598 9.35836 10.70927 24.52064 24.42852 23.01387 0.0 34.83933 0.0 34.97707 
1000.0 25.87716 29.16176 29.52426 0.0 10.06496 17.7338 11.76373 33.68514 16.90182 31.10164 21.16313 0.0 14.80185 10.50641 9.68755 8.82848 9.142 30.14047 9.69413 0.01337 9.37549 18.60731 28.39178 33.53878 8.30678 27.60406 14.38609 32.12706 18.01844 33.45499 25.87699 9.84809 31.3715 12.91461 15.05224 16.85141 30.8533 26.04519 26.44405 26.80923 26.9548 29.51517 23.55227 24.35919 28.33812 9.69494 0.0 15.52882 0.0 22.00623 
1000.0 33.70917 29.45726 17.39254 0.0 30.99213 14.47351 11.26985 33.2097 10.80702 35.13671 32.78433 0.0 12.09157 18.87644 11.20738 9.96939 12.76437 26.55688 24.80758 0.019 32.27449 29.48292 22.00222 21.99422 7.49058 30.5896 30.56166 15.0856 29.09877 34.44647 13.59119 26.02034 20.14895 34.20417 24.14494 19.78055 15.72633 14.90227 19.4191 25.4078 11.8423 35.25729 10.13916 24.15448 15.18019 16.66374 0.0 7.51206 0.0 23.20156 
1000.0 27.83349 14.49372 35.54589 0.0 10.53435 21.4607 14.69892 31.95181 12.58237 24.28103 13.21075 0.0 11.33013 21.82284 24.46612 21.34885 34.58838 10.58104 29.33418 0.04064 27.20711 7.64924 33.01578 13.93604 9.58918 16.57177 14.42762 11.94298 24.88839 17.02353 30.78092 21.4379 25.42825 18.44746 28.83186 33.11269 17.83731 19.89682 9.24708 13.09159 31.00022 13.54407 22.56817 25.33907 15.59522 14.53349 0.0 31.06856 0.0 12.75662 
1000.0 25.85686 21.50636 20.93014 0.0 24.86044 24.60291 26.93356 16.98273 29.58396 32.60903 19.09318 0.0 31.557 35.01218 21.12204 27.71111 32.70538 20.97865 24.39163 0.03 34.18199 21.27008 29.34961 13.64765 33.47483 31.45185 18.81483 27.07796 19.62938 22.15992 9.32867 26.08908 7.98752 26.14267 34.24461 27.97889 27.93315 26.45887 12.56186 34.92811 27.11728 19.79236 17.96247 8.99479 29.43656 33.95728 0.0 19.91807 0.0 11.60873 
1000.0 15.32157 30.84801 7.40832 0.0 25.01123 7.88513 31.69232 12.37489 17.92454 17.99954 14.34003 0.0 7.71983 11.26867 27.43348 32.61954 19.84656 18.97973 22.1072 0.01271 19.34073 26.0772 27.47347 11.36164 23.61806 12.00729 31.95027 10.89004 11.20879 34.68227 27.74118 31.34325 22.66089 14.77262 22.44958 28.47741 19.33403 25.9019 28.60257 7.89066 18.30887 7.65125 14.7558 11.45556 33.05518 12.65688 0.0 29.33124 0.0 18.09827 
1000.0 0.05414 0.13297 0.11504 0.0 0.15461 0.092 0.10784 0.14131 0.04078 0.03979 0.09831 0.0 0.09178 0.16023 0.04175 0.08736 0.14339 0.14884 0.0448 28.38966 0.0918 0.12183 0.12854 0.14016 0.0427 0.0918 0.1672 0.11363 0.05706 0.1339 0.09764 0.15751 0.16172 0.14698 0.16257 0.04617 0.15167 0.07777 0.14242 0.04674 0.11936 0.09297 0.16328 0.0842 0.09927 0.16612 0.0 0.07362 0.0 0.05867 
1000.0 27.63778 8.02762 8.6479 0.0 12.09746 33.70244 23.30635 13.55088 12.73435 20.79739 34.9761 0.0 25.31788 9.17169 14.34238 28.98586 21.98112 29.88875 35.00176 0.03729 30.23821 11.29755 13.86827 9.84954 19.45977 26.28732 11.92951 9.0323 15.93481 15.94127 23.88462 29.04926 35.01412 9.4281 16.77965 19.04068 14.46838 7.98158 34.93289 17.47361 32.74628 19.87647 32.062 29.83315 12.56318 10.05111 0.0 24.99439 0.0 26.87987 
1000.0 14.15134 29.03324 19.37195 0.0 14.53401 25.84586 12.43307 25.83209 20.1735 9.29466 24.77264 0.0 23.67735 28.06283 35.35356 33.46189 10.59449 12.06361 8.1803 0.03768 17.93799 24.53958 29.5992 27.2242 12.70186 10.90634 23.96433 22.74862 33.39258 14.34463 23.96662 8.26775 14.8505 19.22921 26.83671 9.51253 8.3695 14.52071 25.52292 25.05796 20.56798 7.81421 17.66087 34.30462 29.47169 22.43746 0.0 22.84663 0.0 15.43647 
1000.0 35.66382 14.75699 20.98698 0.0 7.57228 18.03872 31.69715 30.45077 22.78803 26.10331 22.77945 0.0 18.47875 26.0482 8.38153 17.49356 12.75008 25.96053 23.12327 0.03776 29.20675 23.64908 14.21542 24.6955 31.50601 23.77718 18.67069 23.48664 23.15774 23.81976 33.16864 34.59678 34.02311 20.47205 18.79727 10.97524 14.63035 22.05599 20.82166 19.74472 26.55958 10.33072 28.41433 19.28852 33.32351 17.49496 0.0 23.62008 0.0 17.57567 
1000.0 12.32647 19.42561 24.58018 0.0 19.62057 32.99732 8.33504 13.68427 29.90803 21.90785 33.36923 0.0 11.6231 27.67645 9.85047 28.60843 22.29287 33.38724 17.69909 0.03218 32.54367 7.42092 15.41399 20.14208 27.05705 14.7949 22.911 27.59525 10.78967 32.17647 35.37752 34.15966 27.15864 32.4043 9.95083 15.68134 16.88872 26.42365 14.30854 25.31019 23.31128 24.69257 15.67385 21.20431 13.56406 8.4163 0.0 20.8889 0.0 8.78673 
1000.0 23.8164 12.67153 33.57896 0.0 13.77174 13.64333 13.67449 32.95013 18.38115 14.51739 7.98056 0.0 7.52107 24.71888 26.77047 26.91899 18.44125 12.61544 10.73605 0.0328 15.96762 24.71526 18.5538 23.22516 31.32995 24.10411 19.64515 23.87286 29.90886 18.74024 31.3157 19.853 19.90826 14.62984 35.50152 22.91615 11.7618 14.43494 13.04091 13.407 17.69022 30.29396 9.52522 15.96916 32.28188 24.07356 0.0 24.87175 0.0 18.03183 
1000.0 30.25323 7.50379 27.52582 0.0 22.21529 23.69029 20.82804 11.33759 18.10171 34.46713 22.28292 0.0 10.42492 22.98136 22.01146 20.20674 27.38285 17.70657 20.23821 0.01878 16.23637 27.29386 28.094 18.40475 23.05588 11.54721 17.28096 10.27551 12.50363 15.08383 18.35482 33.79371 18.30865 12.85076 32.53705 11.76815 24.25769 34.88407 27.60206 28.18868 8.11874 24.40509 7.91948 20.24772 8.93167 29.14332 0.0 30.30781 0.0 23.98662 
1000.0 9.27453 17.31982 29.64051 0.0 11.78104 9.07684 29.2627 11.71148 22.1861 33.9884 30.99705 0.0 9.07445 31.05411 7.3365 34.2787 23.07503 11.83426 28.27495 0.02036 7.43667 19.54939 22.22225 12.9773 19.53333 25.20888 29.29313 23.36817 22.18467 16.57246 33.15583 21.45078 32.50008 11.76337 22.57315 7.52458 17.22866 18.54417 9.36746 28.80672 9.53847 15.05888 32.66664 20.41363 11.56663 26.68303 0.0 14.4122 0.0 33.60187 
1000.0 14.02908 20.09875 10.36654 0.0 26.96975 19.80181 20.27795 29.47906 9.03882 32.48853 28.05381 0.0 14.26059 10.71296 26.07783 35.36787 28.87648 35.08483 34.92748 0.01082 29.20408 34.97912 18.22112 26.8038 7.88489 33.70924 20.62853 11.69832 27.27248 10.06941 29.35457 30.48689 24.5828 7.59804 27.69944 11.71794 24.82057 10.07549 32.12677 32.46067 24.02629 15.50151 20.65663 33.029 24.93488 34.77375 0.0 28.06095 0.0 24.78776 
1000.0 7.64081 7.63327 17.32309 0.0 33.44403 29.92207 18.44215 9.70277 17.80433 10.4822 25.09994 0.0 18.05506 28.07577 23.24635 8.3011 25.60993 33.70346 7.71109 0.01195 27.54658 10.59701 20.07896 8.67693 25.48684 31.44891 31.90324 7.50083 23.01823 28.02795 8.08865 19.78193 9.37709 14.5584 26.12671 10.09948 24.05838 22.68766 10.14365 34.65352 13.75248 15.1684 28.4824 20.58078 32.7688 20.38923 0.0 28.38445 0.0 7.54993 
1000.0 15.81165 25.72465 13.19568 0.0 17.65574 23.76915 21.51589 21.1279 34.81535 22.71282 16.68691 0.0 32.49271 11.11562 22.51612 17.42205 24.72667 26.11208 9.20567 0.03484 27.31727 34.1027 19.18197 30.66316 10.53174 30.19184 13.39127 24.95102 14.63936 14.58735 15.85116 10.0637 20.23174 14.98987 23.56678 12.90421 13.83072 16.7675 12.53223 10.78551 17.53983 24.52725 7.14157 8.03359 9.32073 32.932 0.0 23.07658 0.0 15.75612 
1000.0 30.61587 12.51912 32.7675 0.0 15.60679 17.85986 9.33797 35.0891 32.20248 28.90266 8.51075 0.0 24.75291 29.15575 22.3568 21.32206 28.72327 17.69045 23.60883 0.03919 19.53669 17.38329 11.78791 24.10514 25.20079 25.11208 14.98044 22.59679 17.8388 16.9451 29.9508 27.87091 34.25948 16.23289 15.77674 13.835 23.52784 10.39434 7.40283 13.15492 11.28668 33.19374 30.93663 34.26433 20.33831 22.88671 0.0 28.93378 0.0 26.45624 
1000.0 17.56132 30.65357 31.93313 0.0 23.01322 21.53786 19.19037 7.7342 35.20548 32.08689 31.94415 0.0 28.19641 27.26176 33.28066 32.98351 12.98821 21.61308 24.03861 0.02006 13.1397 11.19175 19.99297 30.97688 14.13936 22.50583 16.59148 23.49308 10.26277 18.48034 30.48418 19.7384 7.44538 33.21776 27.25322 10.62374 7.66542 19.41629 13.26891 35.25704 28.91597 12.10713 13.82993 34.11787 16.06977 32.36435 0.0 14.30377 0.0 15.60214 
1000.0 24.07524 18.63948 9.39849 0.0 22.76961 24.77232 14.54943 33.13545 29.96149 24.04445 13.03021 0.0 33.26358 19.17873 22.29444 9.26964 33.0443 29.37314 7.48426 0.03307 18.0004 17.88103 32.82875 28.41713 29.01428 20.26015 18.70197 35.10007 28.36645 35.14331 18.44067 15.90714 35.04978 21.46617 27.59561 29.24614 17.19483 10.35524 27.95396 21.57042 7.89531 32.1245 20.4883 12.17685 20.03093 15.6989 0.0 23.9524 0.0 22.92066 
1000.0 18.08295 29.71631 16.26049 0.0 15.66947 21.30872 33.47403 33.48192 12.43585 13.52269 17.23621 0.0 11.59765 20.82619 31.91716 20.85279 20.87306 31.59443 8.64594 0.03417 35.30905 29.6177 13.5171 9.25438 7.20016 12.32487 9.65854 14.35028 18.28702 28.9563 27.48997 16.41523 14.11709 33.50388 26.15026 24.90045 31.22566 12.68215 33.33392 29.62298 16.82472 31.33713 14.60798 21.70168 31.66598 16.73617 0.0 28.87418 0.0 32.4221 
1000.0 30.16882 23.77678 7.7174 0.0 32.58357 24.84366 8.35279 7.38729 8.41017 17.98006 18.29618 0.0 20.66873 33.5409 31.37479 35.68086 33.76802 34.71745 16.0506 0.02505 14.24961 33.38777 14.70268 33.2974 12.72727 20.25611 27.51415 33.12229 7.56358 15.85488 19.78345 28.81602 19.5381 12.81409 9.94912 8.64687 26.45161 29.74325 22.52357 7.51193 12.21148 24.24499 27.58061 20.95479 34.92866 12.87987 0.0 28.1462 0.0 27.0933 
1000.0 27.16981 29.17472 14.71751 0.0 8.10371 11.11933 21.11945 24.52143 22.50538 18.11222 29.21383 0.0 29.25555 17.60853 25.20171 23.38197 19.04901 18.74413 26.42206 0.03197 28.62497 25.9076 21.56174 12.69163 24.67662 20.21985 21.81204 26.06896 22.25958 30.32996 29.32164 13.92647 20.32791 10.57026 14.08744 15.87833 34.424 8.05064 7.20114 25.60486 8.81956 23.17805 13.8481 12.74108 19.76939 18.2408 0.0 19.25782 0.0 29.4383 
1000.0 21.66624 16.68198 19.56907 0.0 34.53295 32.81421 32.67736 29.19428 13.31801 23.72786 19.27271 0.0 35.36672 30.0591 26.59026 11.91076 7.27503 12.06978 11.46988 0.02788 10.8511 35.42811 30.70844 34.74453 16.43913 22.29974 15.33753 10.90791 27.92348 31.68963 34.30183 16.92365 19.91824 26.32482 18.4726 27.00544 14.61552 34.16429 31.25103 12.50183 27.99857 31.08792 8.12706 15.37328 33.06898 22.59613 0.0 32.46317 0.0 25.86655 
1000.0 17.2948 26.80943 16.85092 0.0 16.94156 26.79194 35.24111 17.01719 16.36332 31.15938 17.59622 0.0 21.52002 12.51892 24.89304 23.97124 21.01724 21.54163 7.26268 0.03831 7.266 35.33943 30.82439 28.36927 7.47677 22.02516 14.89415 34.33849 18.47718 8.65415 32.78081 20.69067 23.45615 7.47495 7.79148 32.99401 26.72402 27.50714 8.43297 13.42182 22.59953 23.09916 8.74836 28.99386 19.61107 7.69309 0.0 11.38552 0.0 31.24949 
1000.0 23.2676 17.33278 8.0621 0.0 9.06391 31.4282 21.23919 28.85325 12.96678 23.13049 10.47928 0.0 12.17664 25.16939 33.32899 18.15638 7.73269 21.07215 31.34102 0.02943 8.6366 7.63155 11.32572 30.72596 35.29221 12.0294 18.48639 9.65219 30.9373 29.19348 9.9361 18.22219 17.87395 27.98052 17.19939 27.77421 8.48022 26.18789 16.36578 24.84491 26.69796 33.19474 9.5676 29.919 21.10544 23.96967 0.0 12.79376 0.0 15.70398 
1000.0 32.92007 14.56758 19.71875 0.0 26.97816 9.92001 20.20219 15.52758 7.88385 23.18852 21.0878 0.0 9.54974 9.77773 17.41869 7.86808 16.97463 14.3305 20.59311 0.0153 25.70431 10.34963 29.19588 11.60472 26.68109 30.31191 22.03939 13.63065 20.30814 22.71997 14.71668 7.57009 30.04098 9.47854 8.83823 28.16787 33.87624 21.45093 33.86949 19.96735 30.26798 30.8248 19.97105 20.15242 29.45386 30.16141 0.0 18.60081 0.0 7.26666 
1000.0 33.33938 31.45454 9.99313 0.0 22.58507 26.19759 26.95583 10.57532 27.4244 8.18329 13.64184 0.0 17.29099 30.44758 9.36465 25.37213 7.56919 30.22749 29.75499 0.03497 11.9234 9.00145 24.79479 10.91437 12.55364 16.19135 24.40927 18.80891 20.23092 27.9903 11.75888 26.45266 8.16127 13.12876 33.43106 18.29587 19.27557 19.10379 24.04896 35.471 16.23396 26.38736 7.67137 21.17485 22.95841 18.05451 0.0 35.61804 0.0 33.83993 
1000.0 15.76549 31.57558 28.52393 0.0 13.10617 30.41893 9.56477 12.25184 22.15326 8.24741 17.30084 0.0 29.12604 14.95387 7.59313 26.81001 9.09544 30.07565 15.26516 0.02288 27.30817 26.2596 29.45501 30.68499 30.8551 19.01691 19.03718 32.35274 20.6162 27.40906 7.45568 13.34467 24.46769 13.44119 20.66028 11.89477 21.39564 24.70269 7.2868 34.61452 9.20391 19.2952 9.01306 33.78099 23.22937 12.94838 0.0 10.41339 0.0 32.43324 
1000.0 9.32954 15.45445 9.38179 0.0 24.74056 15.78192 10.768 9.1341 17.63553 14.03765 27.98453 0.0 35.56341 12.84793 30.67619 19.55523 21.74491 13.71722 17.50122 0.02411 26.26227 19.52765 15.15272 34.21722 20.24274 8.66964 8.69894 13.65452 30.0142 11.87701 13.36718 25.88614 28.34199 17.09069 11.12242 18.37159 21.16073 15.00537 13.94311 24.35028 12.35049 11.41492 14.95272 27.69105 8.15413 7.18033 0.0 7.68323 0.0 13.16938 
1000.0 34.29167 27.73584 28.01473 0.0 9.40344 21.21163 25.87618 16.81296 13.83516 7.79363 23.96956 0.0 16.53839 20.44801 32.49995 10.02348 20.68381 21.2809 19.51393 0.03901 35.61319 34.19695 32.06843 9.32791 21.08683 30.4041 18.00501 21.48445 12.69092 21.04414 22.32944 14.27568 28.07283 26.04532 19.19006 12.30495 17.9934 32.33616 28.61175 11.92307 22.45045 7.7899 19.4326 31.77662 20.18052 29.85476 0.0 16.21312 0.0 13.26932 
1000.0 28.9035 20.62183 15.75306 0.0 27.34658 29.12204 10.64862 16.78488 14.54395 30.97303 15.7407 0.0 33.18505 9.57832 17.61006 26.83378 21.85489 29.07958 12.59524 0.03209 25.5944 20.90888 16.71698 7.40478 17.17109 13.35151 34.74453 12.29599 30.42368 16.63133 33.15444 24.86425 19.02558 31.13464 27.58098 28.80261 33.31686 23.92208 23.65992 11.97061 23.35431 16.66527 28.14102 10.64175 28.67264 7.79236 0.0 35.65512 0.0 8.38485 
1000.0 30.52318 7.7245 29.95666 0.0 25.0398 27.20027 15.75546 9.02887 25.10879 17.27022 34.77566 0.0 13.31754 17.06781 27.953 34.94685 14.44444 24.28024 23.73062 0.01192 13.08591 26.95088 28.89491 13.12273 14.47323 28.31572 22.40005 27.86823 17.81264 17.84121 9.47177 33.43469 22.50095 32.13774 19.54787 9.45716 7.89856 8.5777 21.6185 22.00995 20.13624 8.61344 18.9568 22.18735 17.73049 35.62746 0.0 22.93515 0.0 25.29019 
1000.0 0.0 0.0 0.0 26.18506 0.0 0.0 0.0 0.0 0.0 0.0 0.0 32.51462 0.0 0.0 0.0 0.0 0.0 0.0 0.0 0.0 0.0 0.0 0.0 0.0 0.0 0.0 0.0 0.0 0.0 0.0 0.0 0.0 0.0 0.0 0.0 0.0 0.0 0.0 0.0 0.0 0.0 0.0 0.0 0.0 0.0 0.0 21.33443 0.0 12.24564 0.0 
1000.0 22.70077 17.55724 28.42752 0.0 27.96118 12.69387 31.39694 23.25091 27.34221 8.69932 23.3901 0.0 9.46563 25.28048 11.83631 15.403 14.2237 19.24365 9.57886 0.03608 24.72729 15.27641 8.584 32.72118 18.56114 9.62005 34.27909 34.62801 12.18869 9.64105 34.57172 25.25994 8.07445 25.2438 12.06556 26.80784 26.24282 35.54701 29.49466 21.0393 11.19776 30.66733 27.90908 25.20338 31.12037 9.47451 0.0 23.1819 0.0 21.85065 
1000.0 0.0 0.0 0.0 10.17396 0.0 0.0 0.0 0.0 0.0 0.0 0.0 8.70492 0.0 0.0 0.0 0.0 0.0 0.0 0.0 0.0 0.0 0.0 0.0 0.0 0.0 0.0 0.0 0.0 0.0 0.0 0.0 0.0 0.0 0.0 0.0 0.0 0.0 0.0 0.0 0.0 0.0 0.0 0.0 0.0 0.0 0.0 24.66694 0.0 21.60366 0.0 
1000.0 28.07252 32.01621 7.88429 0.0 11.25121 16.90495 28.33335 29.93859 13.49355 8.6335 13.35391 0.0 28.91845 15.42413 34.35212 12.88917 20.49511 16.68946 23.47042 0.02122 19.12554 12.30036 18.81388 7.88721 11.31523 25.40592 14.76715 10.93276 34.41868 10.59084 17.89327 18.75365 17.75996 8.12187 29.55952 18.37397 13.4898 15.91996 27.97943 23.80819 31.97053 8.79938 35.52544 24.25882 29.30105 9.44106 0.0 33.95695 0.0 23.32079 
