1000.0 1000.0 1000.0 1000.0 1000.0 1000.0 1000.0 1000.0 1000.0 1000.0 1000.0 1000.0 1000.0 1000.0 1000.0 1000.0 1000.0 1000.0 1000.0 1000.0 1000.0 1000.0 1000.0 1000.0 1000.0 1000.0 1000.0 1000.0 1000.0 1000.0 1000.0 1000.0 1000.0 1000.0 1000.0 1000.0 1000.0 1000.0 1000.0 1000.0 1000.0 1000.0 1000.0 1000.0 1000.0 1000.0 1000.0 1000.0 1000.0 1000.0 1000.0 
1000.0 23.39502 39.92602 25.53908 0.0 23.68055 29.38597 29.02247 38.32779 28.91203 10.34071 15.52244 0.0 26.71206 30.50207 10.15459 31.06014 13.79657 22.80907 22.34124 0.04139 9.19489 34.20348 31.65005 16.22015 25.91254 28.18485 31.09438 19.18907 11.2962 21.38211 27.57632 26.62352 28.30955 25.30466 16.66533 39.60966 36.65298 31.35653 37.39867 20.71471 10.92755 13.49066 15.67075 23.1804 33.98578 8.39812 0.0 8.1302 0.0 11.81811 
1000.0 15.34124 15.65089 39.69069 0.0 28.99535 23.67747 30.11205 19.93831 35.7714 19.04218 13.05803 0.0 38.64143 31.07038 29.07034 18.92574 36.13227 32.45725 27.43959 0.03745 23.41162 26.11187 11.73624 39.65104 30.81904 13.32391 25.33086 37.66914 24.30466 36.19591 27.87622 24.14654 14.65166 31.28886 37.38407 36.20329 34.1161 25.91205 10.88883 15.41521 13.1392 14.6517 37.68776 12.54298 12.3531 18.55739 0.0 34.68544 0.0 15.34938 
1000.0 17.87967 37.25292 26.84128 0.0 25.85806 34.61281 31.5618 40.36565 16.99251 21.34031 19.29572 0.0 15.39218 17.56718 24.98538 27.75134 30.85987 24.70934 12.24665 0.04343 22.69713 37.01773 18.13325 29.22558 40.25356 23.42295 36.58097 10.40868 38.52913 26.53529 23.93813 25.05895 18.44292 27.49436 40.20923 31.73634 15.13282 11.20813 31.43365 35.48335 28.4546 14.13125 11.36417 23.11982 38.01444 9.39569 0.0 32.11885 0.0 18.0898 
1000.0 0.0 0.0 0.0 18.42229 0.0 0.0 0.0 0.0 0.0 0.0 0.0 20.17142 0.0 0.0 0.0 0.0 0.0 0.0 0.0 0.0 0.0 0.0 0.0 0.0 0.0 0.0 0.0 0.0 0.0 0.0 0.0 0.0 0.0 0.0 0.0 0.0 0.0 0.0 0.0 0.0 0.0 0.0 0.0 0.0 0.0 0.0 19.57418 0.0 20.51838 0.0 
1000.0 17.52016 34.93111 34.34332 0.0 38.77005 23.96806 12.11434 26.52039 28.06344 34.44521 15.47349 0.0 11.54572 29.47959 13.57894 11.55926 34.25797 8.83237 31.18788 0.01841 11.17345 28.74793 39.14609 27.34199 28.12825 20.69144 9.14851 22.54677 28.7956 30.00109 19.49614 40.17862 26.21382 8.9746 25.41573 29.51648 25.24308 21.86739 37.21925 29.2825 13.99622 35.91197 22.78351 36.77021 37.70696 35.64097 0.0 13.50047 0.0 37.93351 
1000.0 27.30611 18.19562 38.31915 0.0 16.44258 28.86685 11.50361 25.95059 23.84401 9.54184 29.81933 0.0 18.68039 16.62958 19.3831 24.96653 39.5171 25.26583 21.29275 0.03282 10.31833 26.33431 26.42147 12.33669 25.12903 28.80887 38.17109 36.37632 8.14031 11.66837 27.85722 24.23641 16.25276 21.0809 29.30936 14.76243 33.40837 14.66512 21.53961 31.50233 16.81144 33.05182 20.46655 39.27445 34.06565 8.4501 0.0 18.14282 0.0 27.36831 
1000.0 24.88128 19.24024 15.97932 0.0 29.94354 34.79139 18.62163 17.10565 28.63016 31.29795 25.97541 0.0 28.93586 39.20388 11.55009 28.74542 17.56409 8.51683 28.23101 0.02482 30.82881 18.12283 23.23337 21.57691 9.02385 24.39787 11.56389 18.34455 11.19656 40.21782 25.23654 27.0117 25.64104 33.75577 24.67506 36.57956 28.2237 33.25186 36.1858 23.24068 18.1844 23.74338 26.84965 32.64819 26.19129 31.71364 0.0 14.18626 0.0 36.43941 
1000.0 28.9034 11.73219 25.7091 0.0 11.71494 31.21448 30.91675 20.53437 21.88675 12.62111 12.40377 0.0 28.94038 22.16104 20.26077 9.74733 34.7093 19.37858 16.40501 0.02741 21.22565 10.93302 19.68579 29.74253 10.80392 8.36389 32.46455 38.19372 20.74109 11.02408 19.48977 18.51079 29.65926 23.11481 18.01491 34.31399 9.52564 12.57984 24.32168 28.11901 30.67568 39.39389 25.82739 17.99312 17.21247 24.84773 0.0 14.67296 0.0 30.794 
1000.0 33.28368 15.50958 27.97922 0.0 30.59311 8.10485 35.57379 16.40087 24.78208 13.62745 14.19284 0.0 8.68079 19.07163 13.4173 12.69697 21.96616 28.34577 29.28251 0.0377 40.05513 16.58664 25.22581 24.88771 11.7759 32.32683 28.83608 29.62793 32.00774 39.09948 34.65597 9.63533 15.57821 37.99701 21.60422 14.88097 10.51973 24.8898 38.83675 25.93194 23.04399 33.27317 24.77154 34.42128 23.43355 31.15274 0.0 32.61019 0.0 13.89552 
1000.0 20.21414 35.74646 21.23976 0.0 32.95405 23.67668 26.13316 31.93293 33.75671 19.89982 15.74813 0.0 13.22918 8.40928 32.21016 11.01634 21.78062 28.92293 39.8693 0.02988 29.48678 34.6818 17.13616 38.96753 24.8417 39.1724 18.30078 31.24948 20.03168 10.32323 30.05689 15.00988 20.57462 11.76209 12.07075 26.6173 10.70385 17.13665 22.49429 39.44537 27.79901 38.49908 32.00452 35.06675 20.18839 13.9301 0.0 15.73598 0.0 13.47022 
1000.0 39.91377 12.12287 15.36896 0.0 34.76039 29.87561 30.18877 35.72523 29.88538 18.40243 24.21279 0.0 17.68411 28.64331 14.68001 10.58942 26.46647 33.43502 37.88623 0.03855 13.40454 25.04446 22.36265 17.22534 36.92489 21.30789 36.78853 9.02901 15.2469 17.68748 37.34992 22.85653 18.94644 29.77607 35.41103 33.37572 28.43555 20.15537 22.53507 14.32293 20.19428 22.71174 31.86722 27.89606 19.36287 11.38649 0.0 36.10744 0.0 19.98259 
1000.0 0.0 0.0 0.0 24.25681 0.0 0.0 0.0 0.0 0.0 0.0 0.0 11.53047 0.0 0.0 0.0 0.0 0.0 0.0 0.0 0.0 0.0 0.0 0.0 0.0 0.0 0.0 0.0 0.0 0.0 0.0 0.0 0.0 0.0 0.0 0.0 0.0 0.0 0.0 0.0 0.0 0.0 0.0 0.0 0.0 0.0 0.0 35.59741 0.0 13.33909 0.0 
1000.0 24.11577 33.1422 19.32051 0.0 19.35355 29.87435 15.60095 31.96472 12.3293 11.69958 13.36905 0.0 28.58539 25.63492 34.60444 34.09914 33.06521 30.44623 13.05724 0.01597 34.92854 10.43083 37.88516 12.44503 23.81559 29.96717 33.16729 28.37902 32.03466 14.53469 18.41427 33.12859 13.17101 13.76217 19.89586 21.21157 38.89413 38.60007 18.48194 8.40147 27.48218 30.70793 27.52043 14.2274 11.36702 39.38851 0.0 15.41058 0.0 31.46571 
1000.0 13.57964 37.7582 21.17705 0.0 27.47305 37.65767 14.26768 24.92057 23.01904 39.51984 9.16563 0.0 18.26592 33.19172 11.76477 34.85347 10.91987 16.17894 12.81068 0.03292 13.81749 12.02819 26.57164 14.41793 25.51573 32.18964 26.7586 15.30992 35.71403 24.16381 12.27376 22.75679 23.60413 10.72423 31.41976 34.13348 17.51529 18.72609 29.92983 13.39798 39.66648 35.79735 37.33604 39.24497 9.21366 29.59791 0.0 32.84365 0.0 17.69875 
1000.0 40.13712 28.10292 30.04323 0.0 25.68277 22.23915 39.08343 31.23136 15.65482 35.3762 23.05594 0.0 13.86749 28.60063 17.72469 35.93382 35.36157 8.58608 23.62943 0.03943 35.41873 25.02747 31.85296 37.57375 38.67287 25.47846 15.63859 16.09524 19.55582 11.40313 18.76185 39.49264 11.72171 13.96364 25.44635 17.89328 26.28291 37.04931 29.47791 28.4493 11.74605 22.92998 31.87882 22.0871 21.69726 28.48901 0.0 34.29554 0.0 28.98574 
1000.0 9.35238 39.64645 17.14323 0.0 36.8793 32.88064 26.04169 21.34201 20.72058 34.15618 31.02604 0.0 25.31322 31.07864 24.01648 24.70654 14.26453 21.35608 26.12108 0.03182 28.69796 34.32636 39.27552 33.69372 28.77765 22.64523 24.25514 9.68958 39.86305 20.88517 18.80008 9.48329 20.69487 34.53084 30.14365 19.25033 17.79015 28.46125 26.76464 20.84977 25.85174 26.45303 15.1485 22.79762 29.9002 8.63175 0.0 26.06034 0.0 9.72921 
1000.0 8.77645 20.37015 14.13995 0.0 21.31636 39.8746 11.13452 16.21167 24.76904 10.89927 9.72708 0.0 24.66944 17.00041 26.39329 26.78146 14.78691 32.01152 29.76235 0.01836 22.1196 29.35972 13.78646 32.33852 10.94766 11.11629 14.88319 38.28101 23.44419 34.3612 39.56908 13.59225 22.91639 38.26782 30.82142 15.62271 12.79171 40.17265 25.28419 13.78275 21.0896 39.46488 27.70483 14.64383 23.8892 19.47907 0.0 38.30775 0.0 27.16483 
1000.0 36.81385 20.99547 17.7518 0.0 19.02622 19.56428 9.1949 31.91205 9.93352 11.40325 30.8086 0.0 26.47787 11.62794 27.19405 37.2932 22.58107 14.21742 37.70833 0.02951 11.70193 11.88913 19.41614 12.60305 37.76716 26.71786 16.51619 31.52168 17.50209 20.25062 28.71955 8.43611 14.45677 20.57675 25.35623 37.24729 23.97064 28.92189 26.05354 25.29637 8.38391 36.33614 31.42984 25.20695 27.12253 34.78058 0.0 29.02981 0.0 18.89457 
1000.0 17.27226 14.57088 39.1762 0.0 34.28874 24.09085 36.78837 19.18691 27.85409 34.46828 35.90779 0.0 27.42354 23.46695 37.95136 21.51832 38.68402 17.82991 11.84183 0.02532 9.32545 29.11051 20.41211 31.90728 13.35574 19.14902 31.23088 8.21442 39.70493 28.68677 11.15867 19.38419 11.85391 19.42021 8.76576 8.2063 13.12335 24.84858 26.57811 32.34145 9.21241 9.89663 31.27034 24.04408 37.44742 15.62341 0.0 14.69838 0.0 35.14863 
1000.0 0.07591 0.10698 0.09958 0.0 0.10037 0.05831 0.15638 0.15223 0.04837 0.10109 0.12157 0.0 0.17555 0.14888 0.05587 0.10269 0.13069 0.03843 0.08797 20.65331 0.07996 0.06927 0.14884 0.11746 0.09538 0.12768 0.12383 0.09911 0.16206 0.17535 0.0401 0.06508 0.09735 0.04903 0.12901 0.1186 0.05421 0.16441 0.14629 0.17008 0.09597 0.11369 0.07882 0.1303 0.08801 0.16598 0.0 0.13875 0.0 0.03743 
1000.0 20.6848 16.16003 34.43685 0.0 37.31352 9.30836 18.78379 25.91198 9.64017 13.66789 10.91321 0.0 16.57683 28.15958 9.97088 17.05623 22.50976 16.02959 31.08611 0.04022 24.45674 30.20837 9.96085 32.44723 28.00354 21.03399 24.84721 13.3993 35.10916 38.09982 15.13757 14.4296 14.74364 11.70891 10.74039 13.1262 36.59826 17.55382 35.70322 37.13243 26.41679 21.17611 28.26917 23.45603 12.00877 12.19496 0.0 11.50979 0.0 27.21832 
1000.0 37.39263 18.37832 15.14613 0.0 24.33383 10.80968 34.1273 27.55175 14.99394 27.03893 34.0098 0.0 39.92751 22.4487 15.09772 33.83242 13.70569 30.49055 17.53199 0.02033 10.24697 32.05642 28.83271 35.65671 17.65073 20.37424 15.58189 28.93629 33.49648 34.64653 15.77689 28.70099 30.66594 34.33126 36.15561 14.6058 24.32952 39.50499 21.11044 39.1489 37.7738 37.68016 28.99639 25.57358 28.83172 24.02923 0.0 34.54639 0.0 21.88669 
1000.0 16.95281 13.89324 24.23008 0.0 30.09464 11.68166 23.98518 24.74582 26.48399 34.61769 27.06575 0.0 24.48083 13.31332 18.03834 23.95617 14.68507 38.76443 9.20545 0.03597 24.4629 32.2405 28.00857 35.43967 14.73893 8.14182 30.43429 21.77287 32.36562 18.85741 38.28434 34.37613 14.41711 25.28303 11.38241 25.82558 32.02756 19.40437 8.10965 33.02237 25.46046 15.95027 14.61944 28.47426 22.39915 24.48701 0.0 19.36035 0.0 28.2404 
1000.0 27.26322 13.57979 33.26418 0.0 39.67552 21.01813 39.10353 28.10485 16.59791 37.59431 20.28762 0.0 37.02122 25.74598 8.72298 31.69814 31.24998 17.28022 34.26057 0.01844 13.91577 17.96626 19.82181 9.17557 40.03821 37.71144 11.29857 38.81236 13.52973 37.90002 23.60268 40.1195 9.62417 16.86551 9.49295 22.51622 18.10278 13.40631 29.24823 18.35563 26.00275 31.64865 14.30383 28.06837 24.74514 11.09419 0.0 16.69751 0.0 30.53002 
1000.0 11.67055 30.62346 12.20152 0.0 32.14739 39.23561 14.61386 23.74925 40.02295 11.13772 27.52914 0.0 18.20313 39.92218 30.1483 31.84163 35.95673 26.30547 9.99976 0.03226 37.44185 25.00974 31.71985 17.95919 12.16538 12.36037 21.52417 15.96601 15.67736 18.14945 16.52401 24.7973 29.57759 24.40766 37.15041 27.98101 21.85423 18.75903 33.5538 26.20291 19.08401 37.86707 9.54152 28.59674 31.4966 22.05305 0.0 20.86363 0.0 13.60553 
1000.0 30.92049 19.57629 11.47224 0.0 32.4894 35.64598 32.61639 8.12752 26.59241 15.47978 21.59431 0.0 19.88967 33.24029 25.73722 30.95755 34.91622 9.02276 34.6897 0.01177 10.25187 17.79561 15.22127 28.47835 26.89344 36.56205 34.62899 12.09575 31.03913 40.13389 15.53832 30.82863 30.40143 22.47405 14.8537 19.67193 39.76507 21.68317 21.10947 28.87263 39.40386 11.05505 34.67189 13.71089 20.54765 22.86832 0.0 9.14799 0.0 18.97748 
1000.0 25.10121 26.48413 36.59906 0.0 33.28619 10.36736 36.7637 15.29007 30.42372 22.09529 11.88068 0.0 8.43836 13.40461 40.29981 20.55946 21.75983 18.35554 16.45027 0.02621 28.16731 27.2159 39.65015 38.71133 20.99552 12.18289 32.13956 29.06291 14.27503 35.21925 26.26809 10.99984 23.17992 28.33616 12.57505 18.05394 25.39857 16.72468 36.1983 29.92421 17.59321 22.0279 33.79702 9.04022 8.59965 10.18159 0.0 11.54075 0.0 10.21053 
1000.0 9.90766 36.19849 27.09104 0.0 11.45529 37.21273 30.21343 18.35019 20.81308 33.61937 17.34372 0.0 35.27362 9.6034 8.25705 28.63173 25.61032 34.3268 8.15348 0.01745 13.01785 34.27915 22.65228 37.92154 40.01887 16.98384 37.88989 10.53472 26.39628 9.04483 26.59897 8.1674 9.01243 37.44197 36.81924 14.8145 15.0128 22.12828 36.18502 25.46474 24.23627 22.96361 14.10247 15.64483 33.2187 30.33032 0.0 34.71171 0.0 13.46978 
1000.0 23.34278 26.67283 19.75471 0.0 32.9772 23.03041 26.9222 23.84677 30.25651 24.05239 29.48902 0.0 35.97846 27.55199 32.07091 24.39249 10.34735 27.92966 38.46692 0.03717 18.13288 22.73695 33.71563 38.7142 34.8714 18.79226 14.74555 22.43982 29.68282 18.84694 35.18648 22.62866 27.34731 36.22032 13.42516 12.60533 40.06114 30.11983 34.06928 13.89341 26.29325 13.86151 12.34715 37.02168 13.27339 15.1965 0.0 18.98148 0.0 28.06401 
1000.0 20.20877 18.11004 16.93682 0.0 26.88541 20.97291 30.75111 35.55371 9.8158 26.98213 14.37204 0.0 8.49179 24.54681 22.3023 15.74088 32.71001 21.66947 12.66221 0.00981 10.13939 27.98942 26.26549 14.37464 31.29915 31.58023 12.0657 16.9839 19.58666 35.26149 16.169 39.06784 29.22169 32.7464 13.01801 23.27329 13.99473 20.59451 33.84581 23.0325 18.56252 30.85442 12.21376 22.21078 38.30849 8.73378 0.0 21.04064 0.0 23.86193 
1000.0 29.16391 21.67411 38.30597 0.0 22.39798 27.9307 23.23457 33.60795 29.42362 38.13332 22.01344 0.0 24.31803 12.83499 30.74667 21.77042 11.89305 8.92357 18.30079 0.02149 35.09164 33.12231 23.03464 27.83342 13.3415 27.6007 29.9927 30.09315 20.15052 24.40366 40.33791 30.94485 8.29589 32.78942 39.68695 18.40055 9.73766 20.13743 37.23622 31.31347 35.85086 19.4585 35.74125 23.80653 22.00475 32.42345 0.0 34.73257 0.0 21.35142 
1000.0 28.01608 16.36985 13.63173 0.0 40.27658 33.53525 30.06245 37.15103 20.61832 29.20346 36.71913 0.0 16.38904 35.94089 23.32645 33.7822 35.44058 19.58771 16.27124 0.01103 25.64865 17.72483 30.47999 20.27905 25.56467 23.06285 36.89672 12.67252 13.36293 33.56903 24.40615 22.29866 13.69047 29.2563 28.54267 19.38131 29.71278 11.57981 39.98848 17.57246 25.97004 39.68945 28.31634 30.46285 37.48458 20.97504 0.0 37.25567 0.0 34.47737 
1000.0 34.08409 17.10901 15.50752 0.0 32.99454 22.7964 20.82346 24.98928 33.19012 8.52394 26.47087 0.0 18.97873 10.20859 18.5404 22.86378 18.12769 34.52118 23.4449 0.01066 37.19749 13.8531 37.18737 15.90165 17.22279 31.29553 28.7896 17.65047 26.72333 22.66048 21.11496 33.01532 29.95477 20.86252 38.32974 20.69357 36.0458 18.18702 33.17259 29.34824 34.52735 8.36831 36.73473 29.23199 19.55021 24.14576 0.0 8.33534 0.0 34.78161 
1000.0 31.45936 15.06768 10.65082 0.0 25.06983 17.78781 13.08574 21.51072 20.21431 23.05751 38.80903 0.0 12.46928 29.14149 14.01622 21.91011 12.79101 30.66468 38.37291 0.0382 9.99413 37.31796 37.61044 17.45339 30.30944 18.84342 9.64343 16.31695 36.56661 27.7613 8.37829 16.23203 35.15018 36.25994 36.07794 37.79987 33.1616 34.81378 39.3278 29.22549 18.83007 38.0004 16.01946 36.30347 36.38546 30.91885 0.0 15.07016 0.0 30.02661 
1000.0 16.34631 40.26303 8.86121 0.0 32.4853 35.73974 39.36532 28.41867 13.79386 33.35027 16.66118 0.0 27.58832 35.74989 9.4818 15.6881 19.49395 16.76442 37.82128 0.01328 20.2327 11.89033 17.67005 12.24581 24.68802 29.68692 39.20365 38.90704 31.60319 27.93863 35.11095 13.21754 14.60048 20.1183 26.16916 17.14781 31.75275 14.10232 15.48907 31.47684 12.55705 38.11041 23.1753 33.04775 23.81512 37.00233 0.0 39.75273 0.0 31.74878 
1000.0 16.22852 36.88396 36.82707 0.0 39.39202 39.62441 12.25285 28.72464 14.59811 15.49918 28.98974 0.0 19.17791 16.94244 23.26237 37.98464 19.1531 15.80464 27.77758 0.01181 28.36612 35.83141 27.74534 33.11128 24.41635 33.40199 21.8038 39.3915 21.90786 19.13433 8.76234 33.40999 21.29883 14.90408 24.63172 25.41434 29.27138 20.27752 32.61832 15.26486 28.24726 27.15969 24.50879 20.695 38.47734 29.50145 0.0 12.35361 0.0 24.20335 
1000.0 29.52008 37.68762 16.36101 0.0 8.11796 25.97034 10.49162 35.56064 38.60281 19.8994 21.83666 0.0 38.36269 25.82064 18.41037 22.72726 36.231 14.86618 40.31673 0.03388 13.51177 26.46911 28.20793 22.60544 26.80866 25.76352 35.41942 19.28713 27.16675 8.08055 27.38276 15.47977 38.6138 28.33813 27.7009 22.77393 9.70406 15.49906 32.21766 24.32644 19.51439 30.60923 21.45445 19.88278 15.99846 40.05666 0.0 20.78872 0.0 22.64779 
1000.0 26.75183 32.66153 39.36897 0.0 8.28565 38.32209 34.93334 12.64808 24.04763 11.97493 31.76469 0.0 39.00099 22.63331 25.90262 29.64248 40.35068 8.93952 40.05382 0.03072 24.16665 18.46494 31.01271 36.2312 13.93816 13.72174 33.26964 30.69694 36.90198 11.26529 25.2815 36.5291 11.26046 16.53338 24.72504 24.0886 35.68613 33.95437 20.09923 14.93883 34.9562 37.17496 34.77286 11.57465 33.37349 37.48908 0.0 25.05136 0.0 14.49031 
1000.0 27.0757 34.79638 15.86373 0.0 24.6836 31.95031 24.62756 29.52381 15.34841 37.69934 25.43444 0.0 16.23633 37.98303 10.07076 34.70757 10.639 9.44278 35.07907 0.0136 11.1678 9.77978 25.10213 28.00961 33.17071 13.68178 13.50328 11.67726 12.86458 29.87699 33.39282 29.81784 28.62691 17.83525 36.09411 22.05793 22.8463 12.23882 16.18609 31.77 33.4551 10.00663 18.95025 27.99922 15.32216 21.73476 0.0 18.35934 0.0 28.85896 
1000.0 19.64357 17.34798 31.01199 0.0 14.9006 35.76492 26.4237 17.60814 12.56543 28.1979 38.17128 0.0 40.33948 23.1705 18.75168 29.34747 37.98563 14.64597 11.21993 0.03117 29.46028 9.58719 19.47299 26.68785 15.51007 32.63221 35.82881 23.49143 8.94958 20.25494 11.0235 25.3894 24.95242 33.96588 30.92621 8.87846 15.14678 36.37995 36.22004 11.52266 34.34802 32.39339 35.68906 34.54067 16.68342 23.22491 0.0 14.49737 0.0 36.08824 
1000.0 24.19781 14.71127 11.46308 0.0 32.43713 12.50686 11.38132 33.07461 13.79364 22.71749 20.1167 0.0 10.58137 11.87899 37.3236 19.79486 32.88578 11.35179 39.15267 0.00906 28.25353 34.57378 16.11283 23.34664 32.68414 33.98971 17.71751 12.4842 9.71392 21.25443 26.07654 19.22098 23.86328 24.94844 38.43812 38.03404 34.24495 38.50953 32.79001 20.8034 32.62779 8.57104 9.4681 15.40828 13.21901 37.76026 0.0 10.6415 0.0 33.05822 
1000.0 26.37592 13.26283 37.32677 0.0 35.51674 38.03195 9.798 23.41678 14.45585 26.50146 33.53636 0.0 30.54519 19.05244 21.67832 18.95692 16.46184 38.74331 27.57701 0.02214 21.39046 32.77219 35.91862 10.87873 37.08258 31.37502 12.65124 22.69398 29.84576 10.21852 21.53201 31.00378 13.38119 34.22611 34.88735 37.74739 33.11052 19.24529 11.16717 14.86682 21.21756 32.09277 31.55376 36.09109 38.12844 14.14301 0.0 35.6152 0.0 28.32752 
1000.0 20.37874 17.90708 37.49884 0.0 28.23644 14.51526 8.91882 15.07184 29.41617 31.68488 34.12494 0.0 39.12964 8.25845 17.70766 9.78879 37.90696 38.98048 20.03112 0.01894 14.83849 12.36403 15.60463 28.44981 24.43725 40.26491 35.78279 38.88099 16.71555 12.9737 9.93398 22.47639 21.61993 17.01543 19.78502 26.74705 9.38831 39.75591 20.31085 13.98039 16.49789 34.2137 10.96029 40.13166 36.14483 18.77721 0.0 36.5971 0.0 40.2224 
1000.0 15.50216 20.40257 30.68102 0.0 35.22819 8.69731 35.03731 21.48711 39.12684 23.82715 37.85655 0.0 32.24192 38.17768 34.13786 23.97425 28.63133 24.66237 17.43141 0.02568 26.2919 19.80555 30.67183 40.3512 8.64253 14.37079 13.79427 25.33911 13.64346 26.58739 32.82056 33.36965 40.03282 17.53746 25.02281 36.83014 32.82434 31.21983 33.20845 36.3699 15.80701 24.74822 18.1342 11.7389 19.39558 8.29267 0.0 19.8549 0.0 27.68403 
1000.0 8.84685 14.11796 9.32038 0.0 19.16704 8.83806 33.7351 28.32096 8.652 34.87935 35.4659 0.0 33.44279 39.90624 38.74371 21.04006 22.67399 37.03643 8.95883 0.0252 30.72127 12.70938 12.7342 32.21113 10.23615 22.06658 16.60953 11.28606 10.53919 29.60787 34.2708 26.98715 30.98515 14.42563 14.14506 34.14479 30.3828 17.34707 22.31623 31.09209 10.54899 10.31362 15.24347 11.79373 12.48131 15.24805 0.0 22.2363 0.0 31.15301 
1000.0 12.53423 32.93007 34.8349 0.0 23.32919 17.86817 33.01485 11.05317 9.01999 27.42464 8.84619 0.0 21.47592 29.23608 21.92314 30.80439 30.87401 12.30435 12.48613 0.02942 26.3135 30.72942 35.29778 17.52302 24.96545 32.94615 29.56497 32.88321 15.96494 19.51642 24.46167 35.19839 13.01758 25.9951 24.51461 15.74743 8.81588 24.45562 10.09965 28.08657 9.7557 15.20402 28.9825 25.96387 11.19023 29.05434 0.0 37.69015 0.0 13.99679 
1000.0 0.0 0.0 0.0 25.68197 0.0 0.0 0.0 0.0 0.0 0.0 0.0 30.83053 0.0 0.0 0.0 0.0 0.0 0.0 0.0 0.0 0.0 0.0 0.0 0.0 0.0 0.0 0.0 0.0 0.0 0.0 0.0 0.0 0.0 0.0 0.0 0.0 0.0 0.0 0.0 0.0 0.0 0.0 0.0 0.0 0.0 0.0 22.89413 0.0 25.45726 0.0 
1000.0 8.1265 24.30987 11.55449 0.0 23.73029 26.65709 26.555 35.10171 27.8558 39.36663 37.55118 0.0 25.25814 34.05812 9.69452 20.01032 19.81585 17.23496 17.48424 0.03532 30.87435 32.77424 11.12335 19.70331 15.51436 11.04091 39.49838 33.65287 31.74611 22.23 40.03226 28.67668 37.39265 25.48569 22.20794 16.8021 30.39623 37.30753 14.69082 24.91675 33.9974 37.544 38.059 15.62724 37.47672 11.28542 0.0 17.74535 0.0 10.51027 
1000.0 0.0 0.0 0.0 38.36985 0.0 0.0 0.0 0.0 0.0 0.0 0.0 16.12533 0.0 0.0 0.0 0.0 0.0 0.0 0.0 0.0 0.0 0.0 0.0 0.0 0.0 0.0 0.0 0.0 0.0 0.0 0.0 0.0 0.0 0.0 0.0 0.0 0.0 0.0 0.0 0.0 0.0 0.0 0.0 0.0 0.0 0.0 23.33163 0.0 11.60106 0.0 
1000.0 19.16502 19.48067 9.58987 0.0 24.33248 32.85393 18.47282 30.68114 15.41079 32.20857 22.53423 0.0 15.5018 16.73033 12.37037 39.90912 12.87251 26.99706 14.63296 0.03706 34.51744 36.63186 33.65286 36.07847 32.68706 24.66363 18.82469 27.63898 23.62052 10.64115 35.9929 26.76557 11.51193 8.19837 25.0734 38.44466 33.17697 20.84949 33.65996 12.15692 36.08154 8.17795 25.77905 36.27976 15.7816 18.79231 0.0 9.85286 0.0 16.67706 
