1000.0 1000.0 1000.0 1000.0 1000.0 1000.0 1000.0 1000.0 1000.0 1000.0 1000.0 1000.0 1000.0 1000.0 1000.0 1000.0 1000.0 1000.0 1000.0 1000.0 1000.0 1000.0 1000.0 1000.0 1000.0 1000.0 1000.0 1000.0 1000.0 1000.0 1000.0 1000.0 1000.0 1000.0 1000.0 1000.0 1000.0 1000.0 1000.0 1000.0 1000.0 1000.0 1000.0 1000.0 1000.0 1000.0 1000.0 1000.0 1000.0 1000.0 1000.0 
1000.0 30.0846 25.07817 15.16781 0.0 32.57655 39.99527 10.26574 17.99523 22.22568 44.29809 39.75259 0.0 46.8916 35.10686 28.12324 40.74491 34.9661 16.61546 45.88632 0.01909 40.28124 25.01525 30.8702 12.04041 19.49012 10.46625 18.16358 11.65987 26.43568 13.90044 26.20385 35.98147 41.05374 14.23667 46.74679 34.62408 39.36729 29.49218 12.72493 9.78089 16.56456 22.94137 22.10036 11.10422 17.30941 41.00127 0.0 39.8449 0.0 13.77045 
1000.0 43.69122 26.98918 21.41166 0.0 32.14212 33.64535 45.02502 16.46916 43.44129 37.71088 34.12768 0.0 26.47183 28.82245 13.61928 24.53083 35.83635 31.50031 30.61586 0.02987 22.73987 34.35617 44.6306 34.58188 29.16711 20.01214 32.65816 44.00545 9.59585 17.42279 15.66586 28.66263 25.4223 43.87767 10.08693 40.21653 16.93195 9.78639 35.74292 38.83157 11.16743 46.35396 11.15574 18.33193 12.96353 29.24168 0.0 14.89822 0.0 31.43475 
1000.0 34.51144 34.87889 31.51051 0.0 17.52914 44.42733 46.74472 33.12155 34.43237 44.62245 42.96557 0.0 12.11786 18.20004 24.54346 30.13004 16.84667 39.08321 26.30311 0.02874 31.73342 46.74249 27.36937 21.7336 44.38783 34.41258 41.42574 43.57386 21.71136 27.46265 23.56804 26.59113 23.40165 38.60318 10.34636 36.35027 36.57506 46.08038 19.54706 9.66735 35.95926 14.29159 12.57106 42.6996 41.46304 29.12162 0.0 19.34172 0.0 38.36059 
1000.0 0.0 0.0 0.0 44.5428 0.0 0.0 0.0 0.0 0.0 0.0 0.0 37.12608 0.0 0.0 0.0 0.0 0.0 0.0 0.0 0.0 0.0 0.0 0.0 0.0 0.0 0.0 0.0 0.0 0.0 0.0 0.0 0.0 0.0 0.0 0.0 0.0 0.0 0.0 0.0 0.0 0.0 0.0 0.0 0.0 0.0 0.0 28.32139 0.0 35.57779 0.0 
1000.0 10.18106 17.80374 17.77302 0.0 26.02803 11.87743 36.21568 39.55754 15.56093 19.51854 27.69115 0.0 44.15811 16.23602 23.95526 13.10818 32.7536 37.23076 39.17029 0.03694 14.99093 26.53033 27.3737 10.82498 22.09218 32.11823 35.52286 27.25777 36.24807 25.28732 21.25365 42.00018 10.26754 42.16719 22.91766 38.3484 14.10283 39.25446 38.15319 41.61737 37.65971 15.97147 34.40483 39.12373 19.39033 11.60304 0.0 46.02421 0.0 18.14838 
1000.0 14.13771 14.31888 30.45515 0.0 34.49257 31.92297 40.66894 27.97808 26.97396 11.00519 36.50469 0.0 43.86256 13.67078 37.48011 46.9794 16.1645 35.66807 34.12544 0.03688 30.41771 42.05255 26.73425 14.77144 25.82778 26.31365 19.85052 12.7364 11.24701 10.75875 27.72584 36.00698 44.95917 19.50379 27.28187 29.99108 42.36962 32.53836 26.69643 19.69837 10.82991 22.99113 33.77233 43.87299 28.30365 23.71455 0.0 24.2715 0.0 41.78017 
1000.0 35.60638 22.59591 32.00186 0.0 15.977 27.18445 31.7784 22.80414 24.9261 14.04496 11.96159 0.0 45.88099 29.95755 27.55464 29.39945 11.2752 12.23577 40.51715 0.02305 21.51676 42.59013 27.91965 17.14495 16.54205 12.66341 42.11429 42.04264 43.97585 38.16041 15.28374 22.02609 19.72434 29.76395 31.44188 28.45622 42.27505 12.61383 13.46075 46.79388 22.56085 18.63065 41.09277 40.79339 23.01693 19.79267 0.0 40.14638 0.0 24.78032 
1000.0 14.6609 29.84378 30.09307 0.0 18.1526 41.40008 36.30229 21.70185 38.75505 28.68849 44.08194 0.0 22.86317 38.74331 44.14171 23.74839 41.49095 16.81513 10.77303 0.0307 19.57574 34.35319 19.9805 42.21584 42.76819 41.47961 35.09992 14.12722 16.62301 37.14057 41.67113 12.08694 29.76038 16.24113 36.82225 17.35845 37.52071 42.0668 14.63275 40.20871 32.24296 18.37414 27.70503 11.27696 37.16116 23.98353 0.0 15.70701 0.0 20.67071 
1000.0 38.51885 44.51646 12.54421 0.0 34.34201 39.10988 15.78168 41.53557 20.70609 33.60523 21.03528 0.0 20.87156 33.03989 34.06973 26.54353 46.07503 40.21696 44.20052 0.03785 39.15127 9.55699 26.68739 19.61655 31.61324 40.50746 26.46187 37.44955 21.91309 22.79366 22.97937 27.69309 19.37929 11.0025 22.33378 36.2377 45.59441 19.01156 31.10768 29.71323 34.75884 14.31173 43.55464 21.5987 37.77798 35.12026 0.0 32.32311 0.0 19.09015 
1000.0 12.25812 24.114 14.18695 0.0 18.3934 31.94033 33.26739 11.43341 35.1733 19.86248 25.155 0.0 44.86763 18.14925 45.93509 27.03512 36.36854 12.75202 27.74402 0.04506 38.28191 11.74057 28.73093 13.95721 9.72152 30.55851 44.3626 13.0876 21.58132 15.98894 38.24678 11.777 25.94336 15.48375 20.2629 37.64042 46.93538 40.59834 11.33936 33.43018 15.98401 40.85561 16.04322 41.10078 44.97033 26.98438 0.0 32.29672 0.0 9.97382 
1000.0 31.39641 38.12819 16.72537 0.0 9.74932 22.70997 10.90962 9.47884 20.59309 30.16357 45.16085 0.0 28.57677 43.74316 19.12498 37.47264 11.11965 15.7126 13.35 0.04409 33.26864 43.66033 43.67889 43.13845 26.51903 30.4025 25.48952 41.90688 44.40381 18.57701 17.87479 37.78576 29.68697 46.28286 17.36092 14.05104 24.85323 23.85466 23.17284 46.43334 11.86517 40.98737 39.57488 38.46227 19.46269 19.44137 0.0 46.88873 0.0 36.27889 
1000.0 0.0 0.0 0.0 11.00684 0.0 0.0 0.0 0.0 0.0 0.0 0.0 25.21403 0.0 0.0 0.0 0.0 0.0 0.0 0.0 0.0 0.0 0.0 0.0 0.0 0.0 0.0 0.0 0.0 0.0 0.0 0.0 0.0 0.0 0.0 0.0 0.0 0.0 0.0 0.0 0.0 0.0 0.0 0.0 0.0 0.0 0.0 12.32353 0.0 18.26712 0.0 
1000.0 18.03249 15.00556 33.76377 0.0 28.25451 19.03683 10.02446 35.05554 24.41288 33.64407 16.23254 0.0 10.02773 44.3575 15.07493 44.73365 40.23248 31.41309 46.45985 0.03942 17.62884 33.792 20.20303 42.39357 9.86449 35.29877 13.11316 21.56119 41.76919 29.28415 23.22875 13.50156 37.9713 39.6565 23.2628 32.48296 20.9896 39.99063 22.9545 16.24895 23.12271 39.94204 10.65186 18.00916 37.61505 46.97302 0.0 42.47311 0.0 47.0691 
1000.0 18.53331 29.40437 12.78663 0.0 25.63371 23.51804 46.49244 27.55389 15.89634 31.22292 21.50649 0.0 18.03135 40.57527 37.63487 10.7608 47.15047 11.06484 27.70329 0.01751 26.82479 44.4049 15.05879 44.79794 24.36246 18.61031 38.63023 34.62679 25.544 29.88807 11.78465 29.46593 24.04031 16.59252 23.24211 17.07297 18.43777 36.46904 43.973 35.12426 29.73548 31.46728 27.93845 15.41044 32.32974 30.28788 0.0 33.04884 0.0 38.41244 
1000.0 25.79513 22.99679 17.5658 0.0 10.05273 34.1736 37.25258 25.57344 24.12595 21.72109 22.98157 0.0 12.15756 27.6533 15.01967 41.02791 16.15589 14.48107 20.21669 0.04026 12.53036 46.40745 21.88356 45.3104 41.32698 27.75964 13.5922 30.81345 19.20742 11.02813 24.83697 44.423 21.18944 38.55237 35.96366 29.81743 9.87672 30.52663 31.52183 17.43316 23.82658 20.73876 32.12381 29.35309 16.58438 18.85802 0.0 37.82935 0.0 42.75563 
1000.0 14.85667 24.44812 26.28634 0.0 17.09437 29.05392 28.98951 16.48645 18.68634 24.44573 39.91615 0.0 13.44301 15.5371 23.28085 14.6162 41.23215 33.84941 28.56758 0.01637 9.70259 42.08146 23.56002 43.09792 33.27434 22.59861 37.32576 30.82336 35.10534 17.00089 29.76895 18.40121 22.27124 23.15972 16.70539 29.92287 15.71857 11.56859 10.43657 16.81093 43.31463 17.81756 21.083 22.95846 34.97032 30.52031 0.0 18.2063 0.0 37.74153 
1000.0 45.85093 31.09136 23.53875 0.0 27.64314 11.18254 15.42612 34.74362 37.1672 33.18358 21.4203 0.0 35.52633 37.5691 27.34044 15.85407 24.65196 22.91589 41.32245 0.01167 16.11237 19.04721 32.0659 22.5761 25.05669 33.01814 31.90243 16.72759 45.86197 24.29546 37.10708 23.73875 39.12327 22.6823 15.87396 25.65522 19.57924 14.07192 24.26419 39.19944 13.95899 35.26675 27.28758 22.31153 21.76846 37.68803 0.0 27.28839 0.0 44.39106 
1000.0 35.52661 32.77727 47.02914 0.0 28.27795 12.04681 12.76892 17.0144 39.03173 39.18409 28.99334 0.0 23.59148 41.07879 40.82486 22.9383 15.52642 10.96686 42.52051 0.02093 17.92754 12.85254 18.06493 21.82583 40.87773 42.9822 40.12356 46.10041 35.88012 46.12258 36.82838 33.98455 34.43503 36.89453 10.58654 17.30416 42.90198 44.13613 24.54334 33.73244 12.49219 19.1973 9.76555 38.21182 33.60604 9.99704 0.0 13.43636 0.0 21.88801 
1000.0 14.45511 37.86999 40.75193 0.0 37.81908 13.01905 40.38991 15.96079 34.66389 40.66512 32.86889 0.0 16.27726 21.51314 14.36431 25.12716 38.84897 35.26457 28.95798 0.03496 38.5865 9.64873 26.43572 20.12417 10.05475 21.89151 23.15494 33.4714 26.27286 44.0317 43.45577 10.03853 26.12092 45.5502 32.67577 12.67386 15.14288 12.28486 39.91365 37.22271 32.57104 11.53983 33.56356 30.56103 18.9134 30.63571 0.0 21.26302 0.0 35.75072 
1000.0 0.12174 0.09343 0.08138 0.0 0.15236 0.1304 0.05875 0.17579 0.11621 0.16228 0.1817 0.0 0.12504 0.07536 0.19192 0.1415 0.05534 0.14655 0.12206 28.52109 0.09383 0.04339 0.13884 0.05642 0.11346 0.08246 0.04959 0.0788 0.10934 0.13045 0.17866 0.0987 0.16818 0.10096 0.08936 0.15689 0.18661 0.06073 0.12954 0.10189 0.16965 0.19239 0.09611 0.06032 0.12202 0.18989 0.0 0.0728 0.0 0.04909 
1000.0 17.42938 23.78361 42.0405 0.0 46.77618 44.68825 27.20927 37.22785 15.11674 31.48524 9.70783 0.0 30.08416 11.7247 21.34695 27.04706 32.90618 22.81271 17.36134 0.01609 40.74308 11.72535 29.75903 40.42176 9.85579 12.4889 38.69062 28.31073 28.7853 37.8375 21.21055 32.80412 40.47149 22.12393 19.17093 27.16165 42.8182 12.24312 32.80423 35.71653 21.74564 46.6868 29.95805 10.3229 33.25805 10.53099 0.0 46.16704 0.0 33.19609 
1000.0 36.69981 14.53275 14.46382 0.0 17.84157 28.81236 19.44671 42.91158 18.75882 41.89542 33.07764 0.0 20.99479 29.34205 18.74257 25.16913 28.47649 21.50155 39.7093 0.01661 14.06587 25.53602 37.85198 11.00626 15.96253 46.21861 18.36589 44.31049 19.98925 25.94851 44.10104 13.77667 40.2946 13.81166 16.06384 28.41535 31.54101 22.81433 46.84399 16.16549 9.54454 41.88713 33.69421 37.53012 16.41766 14.7251 0.0 13.62564 0.0 20.01097 
1000.0 38.3208 12.33894 25.6075 0.0 30.71855 28.16486 14.874 20.65402 45.83114 37.8259 40.85202 0.0 40.57114 25.91851 44.41117 39.49231 43.6803 37.8769 35.03544 0.03098 21.86485 14.19194 32.99578 28.0637 28.4292 29.39671 14.06459 38.72329 34.35512 37.38606 13.52433 39.16896 26.21447 15.71029 35.24478 26.40084 20.62914 29.17455 30.7081 28.50936 44.71789 24.63908 27.1205 11.93591 40.43425 29.99049 0.0 17.69186 0.0 24.07667 
1000.0 25.71699 34.29065 37.11566 0.0 18.51071 24.14331 21.27025 26.61798 36.16056 34.05603 11.47284 0.0 29.56674 13.38371 29.08616 41.54228 31.15696 46.04317 43.07948 0.02958 21.83674 43.78873 13.27046 32.23533 31.99684 35.85417 20.76284 46.24678 12.11132 11.50253 40.06588 12.00257 33.06058 30.86598 28.22932 18.74791 24.20071 22.01353 17.64666 23.23215 28.51998 12.19053 44.86104 16.58479 27.22026 30.9879 0.0 21.69178 0.0 37.58686 
1000.0 20.45152 17.36259 33.04014 0.0 19.64259 24.52132 16.40394 14.45329 29.88257 29.57708 12.42947 0.0 12.35886 25.94391 23.43993 27.96034 38.42529 13.68754 33.2803 0.01058 13.81817 44.89479 36.58249 26.30183 22.58471 38.5995 43.21366 30.80776 46.2879 43.46018 17.14757 11.72102 24.62676 16.06449 27.89438 35.4501 19.38688 34.28741 33.42713 44.84982 10.34348 35.62826 37.5822 30.21632 17.49092 19.8299 0.0 32.32303 0.0 28.83249 
1000.0 42.39258 22.86774 26.89427 0.0 38.11114 26.99278 23.31362 45.8437 40.71244 37.21859 47.1447 0.0 31.2195 19.76609 14.00691 12.09545 41.65278 29.06583 25.506 0.03657 19.33159 47.04417 44.84849 35.8568 23.88618 29.52834 13.4708 46.93704 25.618 40.68162 27.52601 13.24923 15.99793 16.42942 13.75142 36.41917 26.61386 22.56967 46.49756 32.20071 29.50812 38.28754 32.16304 16.48581 20.21848 21.50798 0.0 10.88639 0.0 29.75937 
1000.0 36.97806 26.89356 16.07098 0.0 39.76999 30.61379 22.63575 26.35494 34.9134 30.54748 43.17817 0.0 21.73495 34.11667 24.506 44.90847 35.94181 46.92709 40.11792 0.04569 27.71701 41.71143 20.31538 9.69559 11.18315 28.54478 30.38625 19.93457 42.97635 36.67777 39.44232 14.74941 13.12987 44.04165 12.00858 37.50307 25.18987 37.9944 43.69403 27.64729 21.74308 33.67799 21.67978 12.30133 31.17903 39.00274 0.0 28.96297 0.0 39.40882 
1000.0 38.86885 21.44467 32.35779 0.0 31.66163 24.85445 43.97921 46.69358 17.47132 37.91592 13.3107 0.0 19.93423 18.61373 15.11818 43.51177 28.84548 23.01187 21.81006 0.02674 31.29915 41.69947 19.3388 35.04247 9.82368 47.13022 16.40696 17.00612 22.59201 35.76734 35.35803 45.54154 41.5236 14.14466 29.14052 32.19537 22.99535 34.06397 40.52589 22.94239 25.72538 14.87517 26.45368 45.96233 23.25661 41.39491 0.0 39.25113 0.0 41.19764 
1000.0 37.13559 45.0254 9.72844 0.0 42.47736 36.74145 10.72095 12.84514 47.05661 36.09673 17.67081 0.0 37.82337 44.04918 17.8774 40.2737 15.39748 41.33252 13.19777 0.03967 42.50698 11.42579 46.65847 26.87655 19.90726 25.60726 17.98536 41.26805 36.59157 23.76646 39.53771 26.67926 36.83725 11.04978 13.6194 11.40851 10.12466 27.21472 33.10258 30.84705 37.93738 11.75021 31.4382 21.09358 36.00531 24.18253 0.0 35.43623 0.0 41.4867 
1000.0 29.52956 25.54678 23.18617 0.0 26.86277 38.08096 29.71167 31.93192 21.52269 11.52263 43.27347 0.0 44.298 11.55081 39.40354 32.63369 37.26291 37.67118 42.73068 0.03036 39.47029 13.89562 30.50967 39.62363 17.8535 16.09249 26.3321 27.86663 25.29421 11.58151 18.72352 22.56991 39.87355 46.72613 37.37931 39.17165 35.02557 43.34779 26.62794 30.96952 45.91713 11.48895 20.52358 16.24175 26.74997 11.42642 0.0 10.84627 0.0 32.17646 
1000.0 23.94479 23.34854 13.59911 0.0 38.76475 10.68662 26.26256 25.16884 21.51631 40.42748 33.98207 0.0 22.2596 15.46589 19.13584 42.64531 20.08605 9.84246 29.75211 0.0374 13.02104 28.70491 29.04253 33.58854 35.41962 43.5917 38.79077 28.19709 35.83748 27.28229 15.80488 12.49417 32.61283 42.30459 46.64353 40.21899 17.77831 39.13584 14.46985 26.35122 46.56613 10.58162 36.67657 32.48618 11.0865 25.64511 0.0 21.70058 0.0 24.45119 
1000.0 13.96605 39.16099 12.16674 0.0 29.53078 19.16997 41.33487 36.17415 44.69086 41.90938 35.58129 0.0 15.60889 16.44265 43.5525 42.14332 23.39845 18.84765 25.38853 0.01363 27.56565 36.67999 42.50987 10.8546 25.34094 28.51524 34.91023 22.9418 31.97581 32.74783 29.70971 41.90433 26.07354 34.33943 17.96783 28.52974 44.53971 33.2824 30.3462 45.28586 21.70421 45.6546 43.71468 41.71819 9.50069 28.6866 0.0 38.79224 0.0 42.50442 
1000.0 39.49186 23.19163 37.05468 0.0 28.09519 15.72141 24.87652 20.92721 43.3708 43.45173 46.19115 0.0 30.35968 33.71106 20.94466 17.04818 9.92705 21.35165 38.61858 0.01378 28.49684 39.16433 11.66842 22.66579 34.85826 25.7254 25.93401 37.81907 30.87906 25.64184 26.40817 20.67522 43.73097 12.69814 12.03872 44.79358 29.00054 25.63851 31.42579 41.92208 38.52957 27.34646 23.40718 38.95984 14.65975 11.51725 0.0 19.48405 0.0 17.72082 
1000.0 14.79296 42.68857 23.60519 0.0 19.82686 33.65668 23.83954 35.66454 31.37301 36.07804 45.07601 0.0 27.60395 10.05799 47.04421 18.94605 29.47816 41.51865 31.57501 0.04396 44.43275 15.34827 27.12401 12.65096 40.37047 39.62029 30.13187 18.07499 42.85933 16.67013 38.27278 14.43037 36.61519 37.14559 33.51368 38.46545 16.96132 37.37286 37.16425 18.88993 39.13046 15.23162 25.19855 11.21075 39.4313 45.94767 0.0 38.84083 0.0 44.30827 
1000.0 46.37733 16.15462 40.54959 0.0 27.5869 40.04354 44.03196 27.79009 35.80191 23.69641 36.97147 0.0 24.63363 20.57707 32.00591 23.25534 19.82139 12.87901 18.69031 0.03865 32.134 45.26637 32.22924 22.03163 22.19909 43.60561 45.04704 30.46606 23.85727 16.15475 14.02058 18.4806 38.73636 28.69029 21.39761 12.81578 18.17941 47.04718 24.99109 17.91597 18.59115 11.99317 40.723 37.5877 37.3352 34.47925 0.0 45.12267 0.0 40.94289 
1000.0 14.49213 10.06476 25.32419 0.0 15.68586 46.4234 16.10261 23.65201 17.69205 15.50788 35.07506 0.0 40.05583 41.90641 35.7156 43.14871 40.14636 36.71571 29.35307 0.03365 46.56535 27.94916 10.85884 13.9653 25.75446 12.38682 36.11312 24.14135 28.1615 45.76672 11.89906 15.39028 20.97854 33.42406 34.64728 39.60525 28.63507 41.25252 24.64425 46.90604 18.76827 27.82035 24.30662 18.37011 37.15484 20.26828 0.0 13.86452 0.0 41.5056 
1000.0 46.87235 15.96985 10.29369 0.0 35.4364 25.14571 10.48845 42.21142 20.83156 16.80436 26.72805 0.0 25.3784 34.51288 11.12366 45.36228 32.37793 9.93539 41.33154 0.0327 21.90568 38.99314 23.2372 21.39504 40.32451 27.4387 33.55858 22.23445 30.10844 12.21944 15.39757 15.55003 23.02785 41.95479 26.37561 32.71556 43.62046 35.57464 40.0963 13.61767 21.88771 25.69514 16.55231 45.03006 23.91663 34.3407 0.0 13.07548 0.0 42.05948 
1000.0 42.20213 35.93555 40.35008 0.0 10.25427 35.69703 29.45621 33.84404 46.93994 46.83615 30.12687 0.0 11.44159 13.62913 46.10483 19.69585 33.47825 38.02959 37.01031 0.04721 22.98276 45.42005 18.9079 14.00354 27.37951 43.10971 27.60456 45.26571 45.15882 38.1299 21.31399 42.57096 15.91916 42.26728 29.07223 33.67103 46.67296 28.76101 39.84436 23.74339 18.28481 15.82801 33.46272 25.93215 13.46696 43.25075 0.0 45.3307 0.0 18.50352 
1000.0 28.52734 26.87951 26.67768 0.0 10.53089 42.24634 9.54743 12.54169 46.79128 39.40724 46.53519 0.0 36.10938 10.15093 20.90443 31.1108 10.10112 40.73117 21.37479 0.02931 23.01764 42.23253 18.07075 46.10416 29.91487 23.26739 37.80008 20.54067 46.488 19.61586 44.28871 34.89832 25.54441 24.94824 27.11004 35.28037 32.24777 42.39627 20.12043 40.1471 19.67284 45.70384 24.21433 31.4611 13.23375 44.46151 0.0 43.01545 0.0 22.41014 
1000.0 46.67788 29.05021 36.59248 0.0 26.30835 42.56977 42.49931 24.86596 46.22031 16.06747 15.72031 0.0 42.67391 27.38438 17.56721 9.85354 24.69685 11.32844 33.52042 0.0396 22.97793 12.87883 44.95433 36.47955 10.15912 19.29297 40.86462 17.73646 10.04128 45.31925 26.71735 41.12554 29.12918 24.28116 27.49496 43.68661 25.12919 36.0932 20.37998 40.65021 17.07193 28.03074 25.16145 46.82519 10.76953 37.96512 0.0 28.93605 0.0 10.82278 
1000.0 30.65473 34.9647 38.94294 0.0 41.9348 14.92196 12.42485 32.9675 26.95384 14.53423 38.20084 0.0 20.4621 21.36415 18.28193 18.52441 25.03809 29.14465 42.64541 0.03991 41.08222 13.39206 41.99539 9.57432 23.43192 18.36294 42.53895 14.97446 35.23098 15.53927 46.54395 33.79869 25.04451 45.48162 39.44517 31.8172 11.56577 24.29547 29.1256 35.01206 13.99259 30.73752 30.75317 42.79067 36.81596 31.54185 0.0 38.14227 0.0 17.1389 
1000.0 15.09354 44.80725 42.72873 0.0 32.78803 43.47011 18.93868 27.5737 39.67588 34.57749 22.88855 0.0 23.40015 11.61782 38.46511 11.51815 13.96988 35.46442 43.75244 0.03729 24.40682 43.29934 41.59646 20.30449 43.17421 10.69673 18.19518 18.91512 30.32919 23.08562 45.97113 32.18503 26.23873 21.89523 33.37027 19.71154 24.91685 17.15586 30.05347 44.67613 21.65682 26.8405 9.76083 31.25722 28.59466 16.57985 0.0 34.56775 0.0 36.32796 
1000.0 21.73959 40.19307 34.96067 0.0 24.30384 32.34649 23.46947 42.89128 43.1332 28.11028 20.93326 0.0 28.93579 42.01435 11.6306 19.77543 11.09449 25.10856 17.58476 0.01461 39.75131 30.51573 21.20741 44.648 22.52353 12.93167 27.32934 37.72575 16.03187 24.86713 43.04032 28.92627 14.5157 12.68368 12.92628 24.29002 24.19689 18.5112 43.22484 23.48818 26.60423 28.22663 11.96432 26.36687 41.32625 36.20318 0.0 37.7845 0.0 41.03802 
1000.0 13.58142 14.67466 33.09038 0.0 42.24995 15.63267 43.26407 23.51857 38.08786 37.71224 12.80795 0.0 38.26882 26.86835 9.78219 10.87546 34.84845 19.72526 42.82581 0.03539 18.81245 46.29195 14.52046 38.81926 37.84601 20.33062 44.83072 30.3581 27.35147 30.84065 10.66064 18.58745 42.95946 30.36052 33.96617 32.69538 31.44267 44.63849 32.86353 35.46848 39.86196 29.29799 16.24154 24.57255 37.79259 19.68382 0.0 38.84689 0.0 24.85681 
1000.0 17.23764 44.76113 37.68994 0.0 32.84926 46.55495 10.39445 9.99052 27.27573 22.61737 43.67821 0.0 34.37409 24.46345 44.53735 25.70362 40.8746 39.77055 21.05289 0.04516 37.80581 18.19723 28.98084 27.94619 15.66096 11.54554 40.62131 24.65564 41.99552 36.54831 40.1432 26.6532 18.80435 17.3595 13.62376 17.75924 28.3443 17.41351 20.94549 41.76756 15.15322 21.35618 38.87804 46.41804 31.79123 38.19381 0.0 22.79658 0.0 37.45706 
1000.0 44.45366 40.88491 34.79453 0.0 30.36217 44.49068 31.68127 30.96993 36.59248 30.95305 18.69838 0.0 30.22896 44.178 41.34815 28.09096 44.92121 41.49681 34.13441 0.01559 22.83775 43.08305 15.83132 41.84968 21.74244 21.08909 44.72955 41.59548 39.22287 10.60439 10.52845 16.47453 41.03106 38.3188 20.24944 25.94838 29.47697 36.79693 21.31282 45.06395 18.1622 10.09354 45.95521 13.33924 42.33407 11.48814 0.0 31.85306 0.0 37.37939 
1000.0 0.0 0.0 0.0 20.68612 0.0 0.0 0.0 0.0 0.0 0.0 0.0 46.95144 0.0 0.0 0.0 0.0 0.0 0.0 0.0 0.0 0.0 0.0 0.0 0.0 0.0 0.0 0.0 0.0 0.0 0.0 0.0 0.0 0.0 0.0 0.0 0.0 0.0 0.0 0.0 0.0 0.0 0.0 0.0 0.0 0.0 0.0 10.94716 0.0 26.32131 0.0 
1000.0 31.2726 25.82995 19.903 0.0 45.85117 29.34483 40.86841 13.81475 16.00967 18.25769 11.00105 0.0 36.23342 28.68408 29.11394 36.84069 15.59759 21.48194 27.42142 0.01314 30.99848 43.64447 33.96769 26.32833 39.20698 40.89707 38.47602 29.38204 13.98637 12.4286 33.60369 20.18942 27.38863 23.55008 11.85044 16.18899 30.51301 35.36279 38.33685 37.81893 29.33577 35.50398 17.59972 9.67736 23.69728 25.09089 0.0 44.1712 0.0 45.43877 
1000.0 0.0 0.0 0.0 42.39485 0.0 0.0 0.0 0.0 0.0 0.0 0.0 19.39579 0.0 0.0 0.0 0.0 0.0 0.0 0.0 0.0 0.0 0.0 0.0 0.0 0.0 0.0 0.0 0.0 0.0 0.0 0.0 0.0 0.0 0.0 0.0 0.0 0.0 0.0 0.0 0.0 0.0 0.0 0.0 0.0 0.0 0.0 16.38009 0.0 24.98988 0.0 
1000.0 41.09349 10.69376 42.94076 0.0 24.41054 29.82328 37.98148 37.15969 18.379 23.57494 29.27889 0.0 41.62367 21.07669 28.48429 15.52394 16.9005 40.27604 46.97826 0.02854 45.45592 30.53429 39.4326 24.18105 27.25651 30.8027 14.62692 23.36613 37.05431 15.64274 28.53657 22.93145 17.60157 13.98972 10.49654 37.3208 11.25469 23.65979 10.71092 31.65902 15.01764 33.41449 11.7091 29.42959 14.56751 18.62287 0.0 15.51341 0.0 40.97776 
