1000.0 1000.0 1000.0 1000.0 1000.0 1000.0 1000.0 1000.0 1000.0 1000.0 1000.0 1000.0 1000.0 1000.0 1000.0 1000.0 1000.0 1000.0 1000.0 1000.0 1000.0 1000.0 1000.0 1000.0 1000.0 1000.0 1000.0 1000.0 1000.0 1000.0 1000.0 1000.0 1000.0 1000.0 1000.0 1000.0 1000.0 1000.0 1000.0 1000.0 1000.0 1000.0 1000.0 1000.0 1000.0 1000.0 1000.0 1000.0 1000.0 1000.0 1000.0 
1000.0 23.92281 32.42987 19.96842 0.0 9.26239 7.75985 14.96403 19.36042 27.8057 11.11326 31.98609 0.0 8.1968 29.42331 28.08567 31.82342 25.23755 8.10638 7.45653 0.01995 25.96258 15.60015 9.2642 28.94589 20.80491 26.37381 26.59378 10.08469 24.34201 28.31479 19.74963 20.63144 12.48056 30.9923 24.66562 24.2259 29.80212 26.3102 11.30437 20.52837 30.30481 16.88523 17.48213 18.63435 28.24687 19.32443 0.0 28.36162 0.0 24.18854 
1000.0 27.38294 27.75368 11.58525 0.0 7.24158 24.5742 12.14963 27.45041 16.85878 18.52073 29.36937 0.0 29.60574 28.22045 17.24346 23.32646 7.24471 12.48666 9.65266 0.03532 18.12937 23.02855 7.24119 28.28502 27.69693 20.15132 18.37206 18.91522 22.64583 21.81616 25.04494 30.996 8.44173 14.44629 10.56635 7.11318 15.53131 23.21925 31.00935 29.67026 15.7368 22.1938 13.51207 26.12458 25.34093 17.87172 0.0 31.38907 0.0 10.51201 
1000.0 16.36153 22.21168 15.53778 0.0 23.39278 10.28203 24.37187 29.84395 21.4412 20.21303 13.01191 0.0 23.94224 16.49337 24.56622 16.06136 31.44842 9.57774 24.9701 0.0142 32.41841 19.44621 32.43577 7.61776 6.80372 12.86963 22.50508 23.01507 20.12448 16.67907 9.97425 21.33364 32.27773 9.5916 11.17073 26.65342 22.89293 12.31519 8.25048 11.59831 24.26345 9.14369 10.98805 31.60959 29.73984 18.34059 0.0 29.59327 0.0 23.2702 
1000.0 0.0 0.0 0.0 11.31743 0.0 0.0 0.0 0.0 0.0 0.0 0.0 15.1441 0.0 0.0 0.0 0.0 0.0 0.0 0.0 0.0 0.0 0.0 0.0 0.0 0.0 0.0 0.0 0.0 0.0 0.0 0.0 0.0 0.0 0.0 0.0 0.0 0.0 0.0 0.0 0.0 0.0 0.0 0.0 0.0 0.0 0.0 17.46386 0.0 21.93886 0.0 
1000.0 8.90628 18.87341 11.4144 0.0 15.95923 18.16478 24.65306 30.76546 23.50981 29.59702 19.96333 0.0 29.3523 21.71145 9.58276 22.70553 28.87119 26.05549 24.67261 0.02882 13.24556 24.66579 17.82828 27.92295 25.74509 7.54289 12.57892 24.12354 28.20655 8.37244 21.6059 19.97733 20.11524 11.5049 31.73934 23.95386 23.90457 16.58496 13.72769 31.2808 10.18292 23.75537 15.95806 8.02506 11.3164 24.81457 0.0 15.18823 0.0 21.8086 
1000.0 23.46951 26.21943 25.27612 0.0 20.17771 6.84208 23.56969 21.9659 27.49061 14.39025 12.98087 0.0 18.26652 19.98891 22.16864 11.32018 16.1491 22.172 7.59544 0.01463 19.73659 24.2988 8.4265 31.10682 28.32695 24.24715 13.6857 23.75797 7.74999 17.45207 13.89771 28.87921 26.3816 27.22341 27.13857 25.44681 32.23461 15.38965 11.90747 17.06773 21.34487 23.03311 25.09447 12.84337 26.43843 26.84045 0.0 11.81921 0.0 28.18974 
1000.0 20.79858 7.70518 15.78967 0.0 11.22345 24.93302 10.91695 20.72191 19.00259 9.16396 20.60511 0.0 9.4357 13.10996 7.37776 10.73246 20.38834 9.34966 30.96556 0.03225 7.27421 15.26949 18.03994 25.0905 24.62783 24.19356 17.40446 20.65554 10.0786 29.77073 6.71157 12.52966 8.29012 22.78026 21.21048 10.44293 18.37435 24.38976 14.71702 8.53379 23.11424 22.01619 9.10511 30.63984 28.46075 17.13379 0.0 16.13292 0.0 15.85876 
1000.0 16.34219 23.80789 28.07581 0.0 30.83449 15.11415 20.06027 32.17967 15.60857 23.13397 7.42377 0.0 31.73408 30.15574 8.16034 31.31609 16.16662 16.39653 20.70315 0.02924 30.19229 25.77475 28.19387 19.47735 29.59223 22.16596 28.98332 23.24232 12.62817 16.1905 7.63658 22.02602 16.19809 17.01073 18.69405 24.38089 27.77056 14.02689 26.95737 29.62167 20.25918 12.43247 32.26902 18.6351 18.34493 27.83433 0.0 7.03676 0.0 28.40602 
1000.0 27.52547 10.78652 14.2225 0.0 10.18882 28.71694 10.90187 15.16234 8.20573 17.67235 20.04427 0.0 22.84738 28.70147 10.53864 8.73472 15.04261 23.58872 9.27505 0.02667 29.84641 24.56575 23.36431 10.39439 32.21696 16.2889 31.93433 18.14838 12.15659 24.04091 30.49413 29.54994 10.21822 23.8236 19.8868 31.56641 6.92279 12.33223 22.01636 29.27735 21.53952 22.31567 24.72027 12.18993 8.33806 22.91068 0.0 15.02139 0.0 23.43295 
1000.0 23.09419 15.21195 10.04473 0.0 6.65387 28.32213 28.4158 8.82448 26.16013 6.52314 20.84307 0.0 8.34428 20.52484 29.21145 15.66495 14.6054 14.82653 31.36747 0.00894 7.01127 20.63766 14.81307 27.93683 26.86725 26.74249 12.19731 29.71564 20.20383 17.0535 31.19452 12.49313 7.74859 19.6733 17.83713 13.96936 29.38555 9.99248 24.54818 15.2117 24.21124 12.05501 23.55851 22.63744 23.39588 27.67639 0.0 11.29118 0.0 17.53041 
1000.0 7.36867 25.86621 19.25873 0.0 12.81553 13.6705 18.48824 17.85777 19.87499 7.01025 13.95587 0.0 19.69663 18.22065 14.00805 32.07124 8.5343 32.4396 26.0559 0.03716 11.74701 9.20709 21.77283 18.008 27.75093 20.86255 30.40225 30.48933 21.69989 13.7554 23.40055 21.37665 11.17688 23.03262 29.81865 13.70842 13.41601 23.3441 11.03872 26.32952 32.14642 6.66828 28.4599 11.30626 26.67986 11.98017 0.0 21.08189 0.0 9.11669 
1000.0 0.0 0.0 0.0 27.57221 0.0 0.0 0.0 0.0 0.0 0.0 0.0 25.57682 0.0 0.0 0.0 0.0 0.0 0.0 0.0 0.0 0.0 0.0 0.0 0.0 0.0 0.0 0.0 0.0 0.0 0.0 0.0 0.0 0.0 0.0 0.0 0.0 0.0 0.0 0.0 0.0 0.0 0.0 0.0 0.0 0.0 0.0 16.12307 0.0 17.44581 0.0 
1000.0 31.76688 29.11101 14.08827 0.0 13.14691 16.41883 20.62252 32.13526 15.49886 14.91425 15.46837 0.0 26.48086 28.99596 22.94491 10.64981 23.65628 19.85006 8.55099 0.03261 23.64599 31.81542 23.00639 29.64713 21.27115 32.208 6.6503 9.25917 22.14282 21.71793 21.98138 30.619 19.64533 9.95544 18.34793 13.31219 10.39353 11.36718 6.63052 17.33951 17.21553 28.85574 28.72359 15.15257 18.33343 29.55133 0.0 7.82293 0.0 25.48079 
1000.0 17.32793 16.20017 25.20953 0.0 11.68013 20.24965 27.82825 27.71102 10.2498 19.94926 7.35844 0.0 25.43598 21.68948 30.39093 9.32026 12.48122 22.55464 27.64242 0.03763 15.51258 25.5842 13.17691 24.29036 23.99067 16.8564 22.72093 24.52714 13.69688 26.76205 12.34069 11.85739 29.62716 30.73417 26.93549 14.28191 31.37709 32.378 21.65326 13.40969 32.18078 30.51288 27.59279 12.63803 21.93351 11.82594 0.0 7.17562 0.0 25.11194 
1000.0 15.55444 27.0575 24.05896 0.0 24.86069 14.66994 18.01553 14.52712 6.83078 10.7218 15.57474 0.0 23.95788 7.60292 7.32911 12.556 31.57398 30.93255 31.76822 0.03132 15.25823 20.35956 23.83495 15.23292 18.54521 31.87964 15.01778 22.49897 29.00593 26.31281 21.01842 22.10717 9.63761 10.3053 8.05531 29.16629 17.87995 24.72857 20.25765 27.99487 13.46839 18.95574 16.53279 19.27617 8.76348 9.00675 0.0 21.93411 0.0 10.31236 
1000.0 25.67344 24.01358 20.13911 0.0 21.33382 26.94895 31.77433 27.57865 6.58757 23.91877 26.96687 0.0 13.41791 12.87832 10.41845 10.76742 31.31417 19.82943 29.40984 0.02938 31.79993 6.56629 20.377 31.7694 19.64317 27.5182 30.72529 10.74719 19.83394 30.62481 12.41006 13.58083 22.56949 27.45828 21.80016 18.50132 16.46801 10.13332 20.81737 7.27883 7.06524 14.513 19.58092 30.27979 10.59486 29.67072 0.0 13.88578 0.0 7.09234 
1000.0 28.93435 13.29951 18.18003 0.0 8.0528 8.09306 14.20575 25.23293 18.76529 17.17691 22.4813 0.0 19.67611 12.51276 11.75932 19.06228 28.91526 24.49704 32.27897 0.0168 6.5714 20.90904 16.41001 17.59223 19.12263 16.12986 10.80655 10.02255 27.57623 19.93416 9.68956 13.10454 22.49402 32.50066 12.23615 19.49475 13.37296 22.52877 22.55563 23.73693 7.26702 8.14393 30.08091 32.14461 21.72072 26.98692 0.0 18.65674 0.0 21.35366 
1000.0 31.61017 30.50972 9.1069 0.0 30.93812 14.71611 26.19905 26.29541 25.13507 23.54078 27.55251 0.0 11.01731 16.37758 25.16004 26.39212 15.21602 9.55463 27.15777 0.01371 27.88407 22.08167 25.68152 9.63938 26.96712 10.74836 15.51952 29.79935 11.81286 24.3369 30.98575 17.79206 28.41176 11.94808 6.83625 13.84001 11.88863 18.24049 22.28101 26.63909 13.34829 31.82131 32.20271 20.87247 21.60629 30.4548 0.0 22.25936 0.0 11.53966 
1000.0 11.96886 14.22316 14.24816 0.0 29.24654 18.86905 32.25777 12.15848 15.73795 8.52771 19.04774 0.0 25.40798 8.11146 6.79588 31.44224 26.24482 20.36821 18.12387 0.01203 31.35473 13.23861 19.03878 6.53739 8.74566 26.41796 30.09966 22.60482 10.92901 22.94221 16.80345 26.69169 21.19046 8.01611 28.73021 13.89729 23.66369 17.3957 9.17225 18.58962 15.28032 24.22983 25.8932 25.45261 18.36186 29.6879 0.0 32.44685 0.0 27.11657 
1000.0 0.06068 0.15429 0.09141 0.0 0.07163 0.05188 0.06344 0.03799 0.08387 0.03748 0.14016 0.0 0.11819 0.06356 0.15243 0.08259 0.1376 0.03829 0.13269 16.77848 0.124 0.1245 0.04464 0.13028 0.14746 0.03787 0.0961 0.07668 0.09769 0.09018 0.06942 0.14148 0.06164 0.1439 0.10764 0.11382 0.07234 0.11231 0.1262 0.09161 0.14365 0.08866 0.13189 0.1542 0.08732 0.04886 0.0 0.10295 0.0 0.08633 
1000.0 23.3093 7.61793 16.86315 0.0 11.70769 23.843 21.39484 29.73413 32.28488 27.99167 21.2446 0.0 17.51868 15.32101 30.92016 7.45368 22.42154 6.78559 32.49796 0.01189 20.62665 14.16219 6.71857 18.50028 22.12295 21.34667 21.88718 23.04385 7.61902 27.6167 13.86527 10.51303 11.12716 28.2661 20.78852 24.62403 24.2366 19.29978 21.00648 32.50808 14.0157 11.38664 23.78763 12.48836 22.19791 21.95267 0.0 20.68494 0.0 27.17671 
1000.0 28.50288 27.73026 16.98982 0.0 20.09086 31.93495 13.8342 30.22854 20.81829 21.24452 11.70103 0.0 31.99577 16.68934 17.84488 11.76659 20.0353 9.89449 18.66453 0.03246 9.68501 26.91426 16.55833 20.56379 7.9802 18.9756 14.03821 27.45456 13.29804 11.70331 11.47634 29.50918 12.74484 7.33606 10.67265 7.86383 29.52308 8.84621 27.05806 30.80244 12.5897 24.32119 25.49559 11.76578 9.28434 21.90448 0.0 11.27617 0.0 9.40349 
1000.0 32.41372 20.16382 13.89031 0.0 31.43195 24.02321 12.74469 12.9018 14.90468 8.31288 32.22348 0.0 9.70881 7.00681 27.30472 16.00201 15.54123 15.90801 23.44389 0.01387 18.56334 30.71633 21.84966 7.16483 27.45356 20.32419 31.70985 14.81852 22.96623 17.58721 10.09346 14.31987 22.10006 17.33951 32.34322 16.56059 24.07604 17.5497 8.43672 28.38575 10.55923 22.8164 32.25597 8.50927 10.84 18.78435 0.0 18.52352 0.0 16.69701 
1000.0 21.29291 20.15598 22.45014 0.0 7.49405 16.23841 31.04471 21.48838 31.03392 23.27881 27.07443 0.0 30.33766 15.94046 14.65838 12.21986 29.22975 29.24363 10.04237 0.025 7.7715 30.87989 24.75623 20.46198 28.7803 29.03114 12.19349 21.49405 17.89269 14.42421 24.12382 14.01976 13.85983 25.1955 20.27728 21.10692 9.09182 20.66504 9.11662 7.69909 16.00881 13.33063 12.83922 29.21768 16.57079 7.57278 0.0 14.90139 0.0 17.83649 
1000.0 16.73822 24.035 11.6773 0.0 20.02891 27.84942 14.52471 9.17869 18.82262 26.57864 31.38849 0.0 25.85292 26.91057 17.40936 27.57292 23.34645 30.46263 7.18301 0.03202 32.30767 10.85084 31.23793 31.09005 18.62847 12.49673 18.3979 13.12945 21.90802 22.90424 19.41417 9.56401 20.72241 21.92759 7.26196 21.29626 10.64729 23.74845 16.27834 8.25987 22.35605 11.05675 16.72992 12.74445 8.41098 24.19366 0.0 19.38462 0.0 31.57738 
1000.0 30.95668 24.42059 26.97932 0.0 17.38974 32.5259 27.15337 22.47414 8.09611 19.96117 31.14967 0.0 8.64348 12.04105 25.8332 14.94403 25.23602 26.86605 25.14675 0.02518 14.87442 7.36664 11.75772 9.34094 10.70381 30.6723 25.23197 18.91894 9.99608 20.75909 16.50914 30.94328 19.80538 13.84529 10.49543 10.77513 9.32628 29.65655 27.67523 19.24757 15.72692 21.20477 21.14749 32.42994 25.11348 27.26519 0.0 26.17443 0.0 12.73046 
1000.0 6.67566 29.85711 24.48311 0.0 32.24747 9.94201 7.5233 9.00439 26.23342 31.05834 25.78763 0.0 30.47386 7.93159 30.3983 8.58697 8.69312 18.31693 15.08373 0.00847 15.60281 26.02435 11.93969 7.57396 28.38593 32.36919 17.43576 16.69416 23.64687 12.06914 26.00196 18.21881 21.11956 7.98602 12.28533 15.79477 29.98301 32.02111 20.61392 26.67652 10.43372 13.97658 10.63332 22.4102 11.14743 24.14044 0.0 15.16129 0.0 14.59003 
1000.0 14.94059 28.92765 12.87986 0.0 21.85682 9.81805 21.73552 15.81533 14.88352 27.01152 16.75772 0.0 17.78517 10.78939 19.5786 12.71483 6.75421 26.69118 11.38257 0.01798 25.17239 25.40546 6.95972 15.46887 30.24611 14.38934 17.60704 16.37315 25.74655 16.45437 19.20051 11.00225 27.13324 18.49268 16.11418 10.73909 19.67817 25.49537 21.81404 21.72382 31.40341 10.67734 25.91692 17.00364 12.3513 16.10229 0.0 12.04869 0.0 6.83019 
1000.0 28.30645 8.62587 13.6588 0.0 6.64339 28.13645 11.47047 13.29396 11.85093 11.92143 27.63848 0.0 7.68355 10.28643 31.19241 8.72651 10.20454 28.35121 8.81334 0.03422 21.22358 25.83962 17.19491 26.79372 27.1059 24.00566 18.59126 32.47916 17.96307 15.18572 31.20847 18.84645 11.65279 22.95012 24.59997 22.53393 13.95019 26.19718 9.08326 6.95766 30.00508 26.97814 15.58096 16.54553 26.11014 10.17142 0.0 18.73157 0.0 19.14261 
1000.0 23.14569 16.25379 16.17395 0.0 23.7139 19.45074 15.35796 25.35405 23.43102 29.95411 20.7244 0.0 26.92223 16.30285 26.2803 15.08088 20.77361 16.45076 28.96417 0.0229 15.24304 15.92644 7.74866 22.45015 9.13272 14.40154 14.68087 28.93169 16.14647 24.21988 19.9858 27.11743 16.4956 28.37701 8.02729 19.16507 16.76132 29.44136 15.0107 13.07798 28.16578 24.9958 25.19723 22.5203 10.2221 9.91047 0.0 31.652 0.0 15.21123 
1000.0 12.26086 6.84308 30.35612 0.0 29.25584 15.66366 20.17237 30.20486 9.07044 17.62377 28.09834 0.0 13.57914 22.23821 23.78267 13.74176 28.06383 14.2432 32.37561 0.0201 22.17878 24.17475 30.84176 18.41613 16.40514 16.46828 9.28328 30.20629 30.07326 29.43844 30.18248 21.5254 12.62923 20.16407 10.98365 18.77428 22.43416 8.05296 20.73538 16.40444 9.82451 27.66621 14.20191 25.43264 10.96072 20.85366 0.0 21.65038 0.0 13.68717 
1000.0 24.59258 28.30795 6.64457 0.0 31.1982 27.22335 8.57985 22.86343 8.92196 32.15469 26.89427 0.0 12.12688 15.33721 13.58963 13.55251 8.32342 17.45069 15.12899 0.03551 29.93104 16.72186 25.09326 26.04907 32.35069 14.49402 13.6002 7.25399 22.92163 31.82393 9.94703 23.32202 29.56323 23.19776 19.89926 6.57175 23.01096 25.57015 9.68216 7.50796 27.02961 18.53077 8.60121 6.5373 24.55832 8.14519 0.0 26.12394 0.0 10.1706 
1000.0 17.78716 24.25989 21.2135 0.0 31.08003 11.61145 12.28599 9.66015 17.67877 12.41499 20.7626 0.0 28.73083 30.24469 12.12366 7.67883 29.50239 15.11271 16.29026 0.03712 29.36267 29.6782 10.58611 30.89332 11.63725 13.12346 12.43321 9.15633 22.18276 9.51304 26.32959 24.57914 20.54346 27.58892 18.3248 19.12794 24.08109 13.54028 10.42614 25.65899 15.97458 11.0936 18.55804 16.89172 20.93484 8.1547 0.0 23.88935 0.0 14.48168 
1000.0 8.03833 19.02676 15.18172 0.0 9.56523 23.46657 31.69355 7.91028 29.35209 8.92728 31.00857 0.0 26.40558 22.94114 8.46522 23.23709 26.83798 27.46163 10.56125 0.03327 26.24381 12.21003 30.09572 21.53246 11.13011 29.49388 10.24748 11.95996 15.32184 17.88294 11.4688 32.08434 15.467 27.60022 7.32669 24.23372 26.81057 25.83517 16.66436 23.85994 18.42839 6.98002 21.5612 10.0784 10.16754 19.5266 0.0 9.9071 0.0 20.82796 
1000.0 20.93649 27.15434 19.94847 0.0 21.36879 11.84339 26.11461 13.37674 28.16033 9.9693 25.40755 0.0 20.30473 24.15312 28.06416 7.16551 8.84713 28.62214 7.75272 0.02774 12.23804 21.7671 31.17139 12.72024 6.71927 8.61569 23.25292 29.4917 21.26547 7.35415 31.80106 7.64497 10.26062 8.87289 16.95798 26.95183 23.04732 11.60497 22.90934 10.82936 13.77312 13.64429 19.76568 19.21065 25.47353 13.85189 0.0 17.76476 0.0 17.40849 
1000.0 7.19635 21.89513 8.96205 0.0 20.52905 20.48497 13.50103 19.21375 18.99046 13.0348 17.67382 0.0 30.86038 16.79295 16.46023 20.84271 15.53067 30.37247 13.1156 0.03847 26.65512 19.44527 28.47803 7.86839 7.1592 25.27305 7.67297 18.91631 14.01148 26.60667 17.79903 10.79779 11.45431 28.28048 11.39074 29.08316 12.81005 28.36294 22.06798 28.18832 12.79287 28.79226 12.41188 16.54443 27.09531 14.34655 0.0 31.86991 0.0 16.43003 
1000.0 12.95757 31.54915 28.06443 0.0 8.48073 18.46263 22.56541 18.59462 26.95915 24.58031 6.78744 0.0 7.94956 31.40945 24.55435 23.90052 20.89892 32.22149 22.14582 0.01886 19.78598 10.05698 29.54828 19.14434 31.24475 31.16042 10.47241 23.55999 27.27742 6.73619 8.8132 17.44279 13.8822 9.55272 13.50519 30.90131 7.19419 25.21218 28.31528 19.44902 16.67452 15.62047 16.49421 22.15521 22.97279 10.51774 0.0 21.50557 0.0 11.86837 
1000.0 11.59805 6.81199 27.04659 0.0 24.28689 10.50287 17.20075 12.88322 19.27596 9.2753 21.51479 0.0 28.19339 30.50257 23.34996 9.45817 28.55276 27.98046 19.32135 0.02782 28.20804 8.09202 27.59785 21.45809 14.92889 31.94246 7.91611 19.39216 6.85479 16.65102 7.39443 6.73026 11.91184 29.93769 9.53461 10.5414 24.2262 25.64279 7.7898 30.77359 28.59967 12.80866 24.33908 6.96889 18.78298 13.87494 0.0 31.25345 0.0 12.73929 
1000.0 11.7279 7.26582 14.97843 0.0 32.05291 17.19557 30.32124 20.67954 22.11368 18.05824 9.51362 0.0 13.79133 29.18777 11.47878 17.68682 22.97933 12.02506 15.7842 0.02059 12.33202 20.09217 10.1112 16.3007 13.77984 30.62022 19.89027 13.78612 12.62988 19.50602 14.02704 30.3502 18.77109 31.89655 9.52934 20.72861 17.80309 28.70253 14.80308 7.18087 9.23076 16.92048 24.89221 13.5827 24.89088 32.4543 0.0 9.64826 0.0 14.13936 
1000.0 20.85204 22.33068 18.11566 0.0 9.37179 14.68473 23.5638 20.15039 11.47007 7.14418 15.67342 0.0 31.2899 22.51306 30.35659 21.38385 10.12527 25.88528 19.88023 0.02795 29.31483 15.4987 30.64252 22.74134 28.86082 26.52723 14.17435 28.39072 19.13977 11.09844 29.53407 7.26467 20.07912 18.94627 10.91439 19.59694 21.54701 22.48334 26.61777 23.70904 27.79587 20.92456 12.06987 9.51734 12.50088 16.47525 0.0 9.47657 0.0 10.3014 
1000.0 24.83024 24.32211 15.98242 0.0 20.56716 15.75916 19.49245 27.86922 22.53609 11.81952 13.84119 0.0 14.35654 26.19334 11.65561 31.50963 20.25189 14.46151 25.00723 0.01487 26.2205 10.45832 11.39811 7.06097 19.62624 30.77511 16.43816 7.01469 9.00827 10.54861 17.25741 14.76651 7.87038 18.57055 14.54105 20.00433 29.20248 19.94041 28.17867 30.89433 15.43363 29.01638 27.19403 18.76725 21.41141 29.7184 0.0 24.12783 0.0 16.01452 
1000.0 9.08578 32.18076 13.99803 0.0 10.6088 24.81249 30.59104 8.33779 20.81602 7.27873 22.71432 0.0 20.42464 31.45215 8.35311 32.21235 21.72183 25.12387 32.34197 0.01958 19.68899 8.84504 26.9708 10.35965 11.64031 27.67539 6.6959 31.36166 19.86094 18.27163 12.00019 11.35382 27.55105 30.40011 24.11807 25.79985 11.58975 10.16632 20.56812 22.40728 9.46159 14.67725 29.39271 12.81595 7.30771 11.38955 0.0 17.55969 0.0 22.00634 
1000.0 22.4708 25.29092 11.10345 0.0 12.19795 32.3648 7.36514 29.83007 6.74869 13.00747 20.20433 0.0 27.24691 13.87774 21.78752 19.05718 29.67892 18.85833 29.62103 0.03168 28.0545 28.30105 30.51628 11.29743 23.74484 14.44055 23.75648 9.48343 8.65216 30.43565 31.17377 31.56001 16.47777 18.45755 12.76924 18.88748 29.95748 28.62595 14.57216 10.73761 31.45987 19.80795 26.03949 13.39096 11.39461 29.62642 0.0 22.06624 0.0 13.66606 
1000.0 17.47514 11.1453 9.65737 0.0 19.44232 21.59518 28.45418 15.35045 31.06988 17.09888 30.87694 0.0 32.1015 14.302 29.29218 12.42297 27.81557 15.27636 25.99654 0.03857 27.23834 19.79662 23.24537 21.99856 12.97309 6.988 8.05426 21.77167 22.30565 26.30988 8.73205 12.34876 20.97882 16.41648 19.62012 31.15823 24.92466 27.41765 26.73424 13.13737 32.33995 11.17899 23.29607 31.58773 26.32947 23.76397 0.0 30.23852 0.0 27.59872 
1000.0 12.52724 23.52586 21.28977 0.0 20.25375 29.31996 9.97182 24.70095 9.40008 8.11545 15.74788 0.0 26.12336 12.19061 25.85708 11.67147 13.04659 23.44189 25.48012 0.02636 29.31798 12.32527 23.82016 16.7572 8.8832 21.38198 7.40031 7.85248 27.41865 20.77377 16.49361 14.08219 23.19036 18.11004 6.78033 7.39836 23.53427 12.31163 20.79909 15.46909 15.98908 6.72709 30.86413 7.5369 18.67406 9.9533 0.0 7.67051 0.0 19.06345 
1000.0 18.18311 32.02064 27.30162 0.0 12.09709 18.3763 12.37922 16.28956 30.24106 8.02759 16.55817 0.0 23.16946 30.33371 18.34212 17.18987 22.35203 13.00784 22.39985 0.02038 17.5376 28.79923 18.12324 31.91938 20.27067 8.98158 30.79618 32.23743 31.0693 9.84993 26.28291 9.51421 10.50304 26.34856 23.40519 30.2925 17.51316 27.45201 15.55096 22.00651 20.67898 12.05465 13.24611 14.57774 15.72682 32.24996 0.0 27.25244 0.0 32.45875 
1000.0 0.0 0.0 0.0 13.9054 0.0 0.0 0.0 0.0 0.0 0.0 0.0 21.60469 0.0 0.0 0.0 0.0 0.0 0.0 0.0 0.0 0.0 0.0 0.0 0.0 0.0 0.0 0.0 0.0 0.0 0.0 0.0 0.0 0.0 0.0 0.0 0.0 0.0 0.0 0.0 0.0 0.0 0.0 0.0 0.0 0.0 0.0 16.12888 0.0 8.54641 0.0 
1000.0 31.89929 15.03197 22.71598 0.0 15.93762 8.7597 19.35551 14.41389 14.71594 20.16382 24.31897 0.0 12.46803 17.39076 15.24443 6.86532 12.17576 7.27102 7.54014 0.01257 22.31759 31.69271 15.7744 32.47146 18.53179 28.79693 24.7755 26.19298 13.68297 25.22004 32.30912 9.80653 22.75235 24.59277 30.52632 22.22147 12.50328 7.71651 20.14909 28.03639 13.35825 29.22833 24.62691 21.49091 25.35779 10.00567 0.0 8.40568 0.0 13.60466 
1000.0 0.0 0.0 0.0 21.66174 0.0 0.0 0.0 0.0 0.0 0.0 0.0 19.36301 0.0 0.0 0.0 0.0 0.0 0.0 0.0 0.0 0.0 0.0 0.0 0.0 0.0 0.0 0.0 0.0 0.0 0.0 0.0 0.0 0.0 0.0 0.0 0.0 0.0 0.0 0.0 0.0 0.0 0.0 0.0 0.0 0.0 0.0 20.49654 0.0 12.30687 0.0 
1000.0 21.96172 22.00056 15.32776 0.0 28.87636 11.04818 22.54385 21.46453 29.02236 23.03143 22.32225 0.0 17.08916 25.42526 8.63469 22.96952 16.56959 24.82387 28.29584 0.03763 8.25426 32.12911 30.6508 28.66183 31.61688 10.93691 16.56899 15.87218 32.30209 13.93945 14.98092 21.79294 28.2503 28.04243 11.08487 18.81203 6.95441 17.26352 9.91688 19.67079 9.1825 17.80259 23.7481 19.57389 18.73805 13.36984 0.0 21.56728 0.0 12.29312 
