1000.0 1000.0 1000.0 1000.0 1000.0 1000.0 1000.0 1000.0 1000.0 1000.0 1000.0 1000.0 1000.0 1000.0 1000.0 1000.0 1000.0 1000.0 1000.0 1000.0 1000.0 1000.0 1000.0 1000.0 1000.0 1000.0 1000.0 1000.0 1000.0 1000.0 1000.0 1000.0 1000.0 1000.0 1000.0 1000.0 1000.0 1000.0 1000.0 1000.0 1000.0 1000.0 1000.0 1000.0 1000.0 1000.0 1000.0 1000.0 1000.0 1000.0 1000.0 
1000.0 16.55316 18.59425 14.78699 0.0 24.04141 12.69005 38.75201 36.82369 36.28676 43.67667 11.64829 0.0 33.28362 29.14463 26.9868 27.33834 39.32613 15.29276 11.8905 0.02977 39.37172 15.99125 39.68566 40.61205 9.98681 45.53378 11.95697 41.71493 41.98139 40.72598 31.04366 37.20344 43.95215 28.2178 32.87968 40.55502 19.70457 23.90944 34.25272 45.23398 31.66552 38.08396 19.01384 43.87831 30.44291 42.0359 0.0 36.9679 0.0 25.0955 
1000.0 32.38158 30.22377 37.09114 0.0 20.6739 18.0149 13.72814 44.37529 37.66254 16.27017 33.38763 0.0 34.39985 30.11279 11.24306 23.54023 38.03537 19.12015 26.58239 0.04637 14.77053 31.10567 22.51843 13.94818 41.74144 24.11701 44.61105 29.84773 12.0855 30.37988 39.06684 10.25466 34.82218 21.26727 26.51216 36.71192 23.50055 45.24502 26.44516 20.91197 16.80253 33.10744 38.37845 16.78333 45.783 33.11694 0.0 31.24192 0.0 32.46292 
1000.0 16.91457 17.22841 28.88859 0.0 37.68933 43.62456 42.58032 27.32302 23.65336 18.87658 41.92237 0.0 30.39588 36.56809 27.78059 30.79815 21.70609 28.12094 41.55326 0.02009 15.17616 42.48685 10.69033 43.84766 27.72213 40.31972 35.48795 29.31273 11.41097 31.32608 15.71979 11.06328 11.28413 28.19914 25.74898 19.50738 32.16724 33.25834 18.79568 39.30002 18.07461 34.74354 33.80054 41.93873 43.12633 9.26192 0.0 16.59941 0.0 17.03549 
1000.0 0.0 0.0 0.0 44.45809 0.0 0.0 0.0 0.0 0.0 0.0 0.0 43.46515 0.0 0.0 0.0 0.0 0.0 0.0 0.0 0.0 0.0 0.0 0.0 0.0 0.0 0.0 0.0 0.0 0.0 0.0 0.0 0.0 0.0 0.0 0.0 0.0 0.0 0.0 0.0 0.0 0.0 0.0 0.0 0.0 0.0 0.0 18.34982 0.0 14.28533 0.0 
1000.0 43.14284 15.23396 30.13708 0.0 39.03349 21.64051 17.76238 23.52172 30.47576 18.31225 35.42912 0.0 25.75578 20.55714 34.37447 10.99422 23.4757 45.79451 21.14663 0.02157 15.4783 39.82729 29.54468 10.93813 41.63108 34.22564 27.4371 36.49868 41.92323 11.42927 20.47015 29.60398 9.30105 10.91907 44.70504 9.38204 36.29486 27.42613 12.84767 25.14995 39.70124 43.96161 41.4523 44.61059 36.39584 37.3206 0.0 37.13353 0.0 11.07721 
1000.0 28.97927 28.82989 20.73083 0.0 42.43664 13.22419 44.04833 19.95535 36.78596 45.29296 9.55576 0.0 16.64154 15.37685 43.89814 18.52973 42.67072 45.02084 24.72856 0.01871 29.96686 36.48543 33.51111 37.81939 12.76763 13.5578 42.70653 40.06294 28.36897 9.48476 19.26142 23.20992 17.8973 37.07905 44.85713 32.28463 23.41043 22.45656 14.84354 29.63365 13.03611 20.16241 23.64716 42.17679 21.10557 38.02334 0.0 39.086 0.0 41.74559 
1000.0 33.85109 21.29655 25.37918 0.0 45.45041 28.85668 42.96515 38.40954 43.42598 43.4704 9.33067 0.0 43.60713 31.35465 40.77564 39.61581 23.96144 21.41915 38.36438 0.0244 45.21155 21.0585 36.3014 28.09211 29.62997 14.75472 21.74788 16.85791 22.7871 29.7871 30.6088 36.76523 44.80674 28.11195 21.4347 9.44278 38.8679 20.50172 22.94744 21.52215 22.72521 30.78155 17.49207 26.44317 10.9885 35.58247 0.0 39.7252 0.0 36.95815 
1000.0 13.43654 13.45912 41.56277 0.0 26.44137 14.58064 28.28415 13.42906 31.98966 30.23855 18.6233 0.0 29.43324 33.0049 27.97358 15.57694 30.72489 15.01531 24.72624 0.03886 26.61852 20.22508 30.44585 32.17893 18.14651 12.73692 9.30364 45.77296 33.35354 13.85628 44.56461 23.24073 31.58422 10.42295 20.59582 26.38434 11.83271 42.96256 32.94456 12.81131 18.33397 45.12814 34.2654 28.08357 39.45091 31.35121 0.0 33.43086 0.0 38.28713 
1000.0 25.95417 30.67873 19.07003 0.0 28.8726 26.36899 11.56726 36.17179 38.97767 32.09759 21.73317 0.0 20.64858 30.41065 40.49118 22.70631 36.97936 42.03904 41.83927 0.02148 37.13104 27.48465 43.03651 23.12744 18.27202 43.07341 40.05671 24.82694 44.38199 45.70681 21.81905 27.60313 17.96052 45.15621 43.25603 9.31841 23.19112 14.38466 14.5224 29.93935 38.79103 42.6878 32.22368 20.90623 20.96699 14.88175 0.0 12.77185 0.0 13.98701 
1000.0 43.6587 24.67212 34.00461 0.0 16.90592 44.38322 28.25219 19.43194 30.53572 18.78043 24.0536 0.0 43.76481 45.11769 35.24307 36.97953 29.97699 43.02949 11.93135 0.01445 33.10188 36.05034 12.36479 36.67421 38.35971 41.08666 10.10608 38.93218 19.077 32.19798 23.50785 13.23719 16.88592 31.56747 9.32201 29.45262 21.73075 42.74896 42.20007 12.52206 35.72406 31.94896 39.96183 24.80542 36.18944 37.95839 0.0 18.19123 0.0 37.49904 
1000.0 12.22586 24.8012 45.51173 0.0 15.20677 32.69103 22.86699 44.80705 38.93096 25.42585 30.43792 0.0 18.19897 36.28961 44.96535 12.99408 9.27568 32.49878 25.61135 0.02448 32.27931 9.65498 40.65522 35.73171 33.62418 9.52768 15.8377 38.31132 38.14884 43.69989 20.09576 27.924 44.84122 44.97587 12.08701 20.36804 15.09696 24.47554 43.7414 11.5944 12.14118 39.68611 11.66108 44.55303 24.27332 23.22768 0.0 18.17598 0.0 22.56208 
1000.0 0.0 0.0 0.0 41.20163 0.0 0.0 0.0 0.0 0.0 0.0 0.0 23.64889 0.0 0.0 0.0 0.0 0.0 0.0 0.0 0.0 0.0 0.0 0.0 0.0 0.0 0.0 0.0 0.0 0.0 0.0 0.0 0.0 0.0 0.0 0.0 0.0 0.0 0.0 0.0 0.0 0.0 0.0 0.0 0.0 0.0 0.0 31.08195 0.0 25.40674 0.0 
1000.0 16.66596 23.42674 40.61577 0.0 36.16935 34.94981 24.28386 38.65802 36.69395 22.74968 33.46741 0.0 9.54176 11.55541 39.14543 40.39419 24.79913 45.34531 42.89617 0.01257 40.51779 26.24686 13.04551 10.35868 39.28292 15.91348 31.31487 21.85099 23.84465 27.74751 9.9215 42.83057 13.18108 37.45549 12.23017 24.54148 37.76487 30.55003 17.76481 18.31969 41.49629 13.73997 26.80866 38.04807 23.62989 34.55231 0.0 37.03021 0.0 23.60153 
1000.0 19.9408 11.27161 45.30971 0.0 10.04968 39.10829 23.44416 41.34858 36.72527 34.43765 37.27232 0.0 32.85635 44.97816 14.49962 14.60752 29.68487 22.37872 18.13393 0.04116 18.03167 15.3825 18.77634 26.58095 22.10564 28.62663 35.18501 15.48097 39.19672 35.63747 15.29446 10.49149 36.31248 19.97465 44.56529 41.3212 16.87769 35.44355 20.05838 24.1527 10.09129 11.41863 37.30149 19.47242 10.1214 38.77777 0.0 37.9068 0.0 42.53429 
1000.0 45.68712 42.42716 21.38529 0.0 29.23313 12.76562 33.32129 30.91656 17.08073 14.71521 16.76054 0.0 17.44612 36.24187 11.77112 37.61591 37.37495 32.72808 37.58054 0.00963 45.57838 45.50752 43.69756 31.77946 35.74286 39.59741 35.88392 23.75359 25.53011 44.15249 45.33625 32.18726 45.53076 22.56826 44.95894 37.45195 44.51997 35.08524 34.30451 30.90483 30.08364 29.26205 30.05828 38.02437 38.92889 18.16506 0.0 23.63641 0.0 21.45085 
1000.0 34.14505 37.60694 10.96704 0.0 42.58468 29.2544 31.9909 14.41489 20.97903 36.8426 24.16023 0.0 36.96655 41.74257 20.47169 30.56711 21.54913 37.2402 30.98897 0.04098 9.81697 27.95102 12.86667 12.00228 13.45077 26.59855 36.84894 45.05619 25.88378 32.0098 10.0479 22.09822 25.21721 38.02663 37.25382 15.25189 21.29405 31.52702 29.1736 13.05189 40.89659 29.82342 33.59847 21.51821 16.43912 14.85324 0.0 22.04695 0.0 17.45095 
1000.0 28.39404 31.76808 33.41597 0.0 21.29758 31.31834 33.90372 14.91632 31.44252 12.91548 34.07403 0.0 12.53666 43.93433 43.89626 18.80399 18.9346 16.23043 20.18271 0.03742 39.5491 12.70415 24.51558 25.93906 25.57713 10.78601 16.41511 25.7711 12.77227 25.69136 15.18391 30.18801 38.15004 21.05486 43.60832 11.05247 22.99079 40.33468 18.29389 33.96586 10.73513 45.02358 19.54482 38.02387 31.48674 10.93936 0.0 45.64218 0.0 29.7129 
1000.0 33.09606 22.04256 32.61757 0.0 18.55572 15.35062 29.49056 21.00363 24.89805 23.81161 39.97776 0.0 37.35209 27.41207 41.03303 34.50266 28.76584 20.9773 22.92986 0.04686 12.57823 10.48521 16.42372 35.61759 36.45233 29.23201 36.73899 21.57354 33.83401 30.05027 15.02687 39.77022 37.10262 29.44183 28.25324 14.1632 30.05462 22.25184 28.63342 44.14311 25.573 23.98791 11.88739 21.80544 20.45493 26.52867 0.0 33.6723 0.0 37.22862 
1000.0 14.04281 36.39148 15.43804 0.0 18.18446 9.74007 26.73903 27.61014 20.78502 43.96812 22.29927 0.0 36.68423 43.06808 13.20921 21.62147 22.18874 24.48386 37.94637 0.04738 21.19485 27.78927 10.7147 28.84195 39.21891 31.16797 27.47588 9.89573 41.20697 9.41891 23.77919 42.77149 32.67122 11.31011 42.15573 37.26335 23.44672 26.17827 9.95324 42.95522 39.79513 20.14542 9.25036 14.80432 44.75635 34.81593 0.0 34.29159 0.0 10.81102 
1000.0 0.10286 0.14256 0.12252 0.0 0.07331 0.10879 0.093 0.1791 0.10574 0.11732 0.04294 0.0 0.18807 0.05469 0.09639 0.1124 0.18155 0.16068 0.13906 28.27423 0.07067 0.10247 0.04292 0.1909 0.13975 0.14663 0.04512 0.07674 0.10178 0.03947 0.17339 0.13169 0.08333 0.06317 0.08014 0.12361 0.1204 0.09646 0.11958 0.15523 0.10288 0.08651 0.14621 0.09209 0.14051 0.03918 0.0 0.04578 0.0 0.15918 
1000.0 24.82869 25.17872 14.5929 0.0 21.25316 9.56095 31.75661 12.7736 28.68973 15.33746 37.89052 0.0 27.44297 42.18351 10.79255 10.50458 38.43239 25.25704 19.69773 0.02531 41.78514 25.37978 28.60829 29.99628 16.08452 19.63388 21.44367 44.58277 14.8493 26.9479 28.69103 42.34065 42.99445 15.47025 14.3335 14.18632 42.91624 30.58471 43.39874 21.81748 45.13039 10.2542 20.74171 39.02866 30.04387 41.44733 0.0 26.104 0.0 44.3464 
1000.0 20.6813 15.45753 16.37005 0.0 42.68595 37.23504 34.57887 27.71327 17.63355 18.99566 16.73091 0.0 42.53309 16.94112 32.03006 24.47727 26.35494 13.85345 42.69998 0.03927 22.44129 26.35738 14.01318 36.42143 20.92436 28.12535 13.60717 34.93044 37.06258 15.4771 30.31021 16.2316 38.08399 17.8477 32.26184 16.45508 45.04051 16.61375 24.40659 31.54982 24.4879 22.34776 28.79636 44.64309 42.24374 45.59382 0.0 22.05677 0.0 31.62267 
1000.0 10.36629 34.75557 33.86956 0.0 39.84456 36.61685 26.66703 37.10015 36.81129 30.54921 32.68689 0.0 32.63243 21.6224 11.37272 24.3325 23.63512 43.57889 13.06371 0.01383 19.68665 15.68202 30.63795 45.03268 43.07363 35.30573 21.51331 19.30476 14.14539 32.4548 28.31218 33.8443 12.57424 29.04689 28.29419 27.29503 14.08198 33.15993 10.259 30.84156 17.35504 25.55583 30.46801 26.08039 44.70141 15.1999 0.0 36.98047 0.0 43.15251 
1000.0 26.06563 29.23859 16.71952 0.0 35.39612 22.89292 11.85925 23.03555 17.09241 39.21372 18.3615 0.0 36.4833 34.93228 30.00721 26.01734 32.60981 31.42813 16.88697 0.03134 18.72965 37.95694 21.61836 14.56605 18.33838 19.45394 17.36989 23.18049 32.6347 43.49006 31.91505 40.83847 11.73827 42.732 12.00596 42.27444 25.34294 30.91039 39.28049 35.4046 30.06509 32.77284 17.39375 16.36096 30.33151 37.59234 0.0 38.16831 0.0 39.0212 
1000.0 24.74438 9.22772 26.93629 0.0 35.06867 38.29638 15.36034 15.16129 38.92601 17.88712 18.8626 0.0 12.24073 39.69561 24.65305 24.10915 30.45959 30.59215 26.15286 0.03821 36.85347 30.70788 35.16701 32.22233 41.64274 43.87594 15.62463 24.65876 27.7513 43.55725 42.86854 24.6714 18.03992 15.23542 43.01147 11.07543 43.35974 18.24667 37.20902 40.90509 30.58136 27.63859 28.1206 31.36548 36.84456 20.87377 0.0 35.07095 0.0 29.16574 
1000.0 42.10704 32.22508 11.9366 0.0 40.97444 25.44305 16.10814 23.47472 41.44508 30.63903 12.76585 0.0 11.29666 40.27074 36.02314 17.37019 40.99613 22.5693 26.99371 0.03008 12.9229 38.39061 30.44315 14.99197 44.59158 28.02291 43.7581 22.65083 13.8715 33.82868 35.09807 11.6195 35.85951 30.25066 37.58159 37.10645 10.44105 30.40465 28.97151 15.20697 44.35277 12.16968 25.77816 29.98023 11.4998 22.77085 0.0 44.51169 0.0 43.48101 
1000.0 28.82543 31.37346 37.28734 0.0 38.00743 9.47518 17.09275 41.95859 40.51011 38.4031 20.09049 0.0 40.4636 28.51053 16.99755 31.71177 24.94394 24.85414 42.44704 0.02127 24.3664 42.55112 10.57699 23.31052 38.9213 16.63625 44.7934 37.49565 40.29896 24.07052 16.4552 33.16111 9.75572 27.7814 25.03817 15.16199 32.68439 19.62877 38.21639 15.63823 21.28764 17.367 30.31139 20.09745 12.8087 14.20198 0.0 29.77774 0.0 25.0946 
1000.0 16.13666 39.20416 42.90433 0.0 14.74782 9.67779 20.98341 15.10129 16.31426 17.37227 42.61803 0.0 14.07071 28.69846 45.63811 20.86902 37.67943 18.90901 25.2947 0.02369 21.95126 20.41834 12.93513 28.46059 41.87876 26.79139 35.56767 19.4773 29.21613 36.93997 17.78549 41.25465 25.2239 21.79573 30.10801 34.14562 36.94027 40.52806 39.76149 12.85831 35.14257 32.42603 41.30814 18.77588 27.30573 23.5644 0.0 27.10055 0.0 43.72588 
1000.0 9.18802 27.0344 43.08934 0.0 40.75898 33.90195 44.4328 43.87939 12.60334 11.6834 13.48102 0.0 29.01545 45.71462 36.75805 16.28736 16.72991 43.52365 27.1947 0.01143 34.26683 35.82055 15.3851 35.45993 42.85864 19.90387 39.61595 45.35445 37.93765 45.37086 20.14366 41.49145 23.13702 30.07823 41.1961 15.44155 22.82429 43.16105 23.77633 12.81616 44.22895 26.58341 11.55801 39.05325 14.54949 43.57161 0.0 42.72984 0.0 11.99639 
1000.0 15.77267 40.91415 39.34507 0.0 14.84414 33.88202 14.12629 24.65967 23.72054 25.32084 35.69163 0.0 40.16765 35.92511 39.90507 25.32493 43.66783 44.32193 24.86265 0.01719 26.71156 38.52711 44.42755 31.03204 34.17043 32.05751 20.2918 14.2948 17.51128 11.69946 33.68206 34.2613 14.35076 43.13052 14.40298 15.05036 30.15927 37.18973 33.423 14.30769 31.17199 45.43286 19.30401 39.43843 45.47037 15.44691 0.0 42.11215 0.0 45.50466 
1000.0 35.5781 32.40171 20.72713 0.0 28.40668 40.41396 22.89154 33.27891 11.85979 44.21548 36.71577 0.0 25.77423 29.61727 12.92166 27.41251 10.71962 33.00771 31.68624 0.03446 9.93683 18.86696 17.0522 15.27039 18.81304 37.24452 35.8375 42.28291 35.09762 18.17092 32.34817 25.52452 29.73958 36.78406 30.31923 21.35791 44.15869 9.27857 39.62098 13.59453 34.22127 19.44705 21.81861 35.68885 45.22878 19.59035 0.0 15.85222 0.0 13.06578 
1000.0 23.63512 37.70271 9.46353 0.0 17.14789 10.90101 23.4778 26.31233 44.4206 22.15324 44.1329 0.0 27.11221 41.21941 21.61243 25.57111 35.2365 41.29308 17.47948 0.02334 43.64464 12.71585 37.31793 25.06521 33.87738 28.07813 17.2691 17.31754 23.60837 37.84086 10.34735 32.87674 28.01005 27.03426 18.95118 40.55781 20.01004 40.86526 13.69439 25.83721 28.7839 18.21556 14.89146 19.70132 16.27062 21.75623 0.0 24.94219 0.0 22.51502 
1000.0 39.64894 31.92898 29.55319 0.0 25.79468 30.40365 28.54583 35.20107 17.3595 11.09082 40.54842 0.0 30.69653 14.32758 27.84192 25.46275 44.02178 10.81577 32.14728 0.0287 34.58309 10.87587 40.92625 21.45758 33.38152 33.22117 11.13267 43.07239 10.61666 28.00889 26.23341 34.46893 42.68354 33.11732 45.61904 32.49172 30.88041 17.8951 44.96774 15.49178 33.2567 26.09236 36.12388 32.82842 22.89296 11.52117 0.0 15.94485 0.0 9.62208 
1000.0 37.48344 32.89977 21.54272 0.0 19.01579 43.93305 12.79696 17.4432 38.62194 12.83163 36.45971 0.0 40.95381 33.50949 28.12041 44.06773 17.35817 26.09738 30.4386 0.03136 10.25614 29.30936 16.86523 28.11539 41.96116 18.41728 31.978 20.13826 30.01022 44.5688 39.21088 16.69775 22.47787 39.22595 34.15687 19.29462 15.9481 10.43021 28.3559 38.98353 21.34397 12.62429 40.52393 9.2579 16.2376 11.76789 0.0 25.53302 0.0 32.12687 
1000.0 15.73482 41.77902 19.10507 0.0 33.7912 12.00141 29.72066 12.15363 11.30888 26.89687 42.48669 0.0 36.88138 13.85362 16.7237 23.75577 29.71256 33.68839 20.39356 0.03669 12.64193 40.19028 16.59972 16.53781 34.19961 32.78752 14.32483 19.96168 40.89129 41.97226 19.84812 38.3518 34.12545 28.51733 41.68692 37.22246 24.94578 30.09486 12.18385 30.83367 25.47897 20.41302 20.16313 17.94053 40.52855 26.99801 0.0 22.24591 0.0 13.59916 
1000.0 29.55369 45.04434 36.91783 0.0 34.91381 17.81521 21.05181 24.21529 15.81513 15.80757 21.03846 0.0 13.13355 30.3931 44.37021 13.34048 18.88543 17.74906 19.92733 0.03401 41.73508 28.2448 34.14792 33.12989 45.03772 35.54883 22.37631 43.32781 17.10261 26.08443 29.68525 19.14677 37.09162 21.33578 45.64897 12.65401 16.14964 14.35046 20.93096 27.44115 10.12343 22.90691 42.4043 43.32501 13.01331 23.35174 0.0 45.12887 0.0 39.62793 
1000.0 34.17455 11.29797 23.87574 0.0 22.4196 18.13092 32.98394 30.7869 20.39484 37.30921 35.32806 0.0 37.73902 37.98565 25.1622 25.80021 33.75616 29.86016 12.92739 0.047 25.94107 35.52771 37.60693 30.21388 37.50984 37.32474 37.03797 37.9592 15.01209 31.52496 34.64767 30.52356 14.04623 15.61925 17.67418 21.45249 41.43066 42.87922 40.29147 10.85262 25.58702 18.58478 18.68128 33.19246 19.32502 38.71193 0.0 32.99291 0.0 30.85434 
1000.0 14.31136 19.42474 37.84982 0.0 43.41468 41.65691 16.07252 19.74889 28.92154 42.67443 28.37587 0.0 17.70741 15.80854 39.42546 23.83005 43.91641 14.15756 36.36067 0.03538 18.49477 11.26959 19.84641 42.42742 12.72873 14.35012 21.51595 38.88642 11.07882 44.14835 36.21031 26.86001 42.86833 38.97525 17.8659 36.54203 25.91636 32.57201 24.91655 39.10848 40.20561 12.21464 14.75098 12.85446 10.42722 29.78034 0.0 44.21259 0.0 15.82883 
1000.0 37.19504 41.39266 27.81352 0.0 17.39485 10.36219 14.24122 30.46262 37.85303 19.8417 42.35926 0.0 22.69825 42.52099 40.98776 18.85022 31.28342 29.77778 24.76588 0.03953 43.75949 43.06105 16.41064 45.3909 27.2598 26.27772 25.82925 9.58894 45.37888 15.84307 26.61522 31.22653 23.70705 27.85411 28.51366 39.45659 24.9623 16.76563 28.84202 20.97531 10.54695 27.58358 9.22137 40.94681 33.69451 18.25777 0.0 20.39482 0.0 24.67904 
1000.0 21.92472 13.90964 38.83786 0.0 36.88252 30.17181 37.86124 44.65565 18.95193 17.53234 12.20541 0.0 38.09962 12.65016 32.46326 39.58126 42.92961 31.69282 44.62378 0.01529 38.58584 25.16347 39.71122 37.22501 34.47176 15.87897 28.53066 34.68591 35.42865 9.67863 10.27053 44.97877 38.51637 32.85501 29.39506 44.76167 17.24012 18.81872 24.94082 37.84474 35.86013 19.64548 14.431 26.11507 36.58881 26.7336 0.0 26.88668 0.0 14.84197 
1000.0 26.64326 11.37617 21.57793 0.0 18.19503 12.64633 26.2311 12.5101 35.31944 17.15607 11.73223 0.0 27.54751 24.09578 27.49748 19.97622 9.66535 10.0298 36.35585 0.01365 31.32924 32.16063 13.04772 11.819 26.18222 27.1144 38.56644 18.04092 40.40424 27.27745 36.66433 24.43558 22.53404 29.24382 29.37288 43.43645 15.43474 39.82766 44.69798 40.98492 19.22356 12.15878 32.87787 24.22697 10.60018 27.08331 0.0 20.39935 0.0 41.00548 
1000.0 17.92453 17.09357 40.85735 0.0 11.98488 19.47669 30.95347 31.91427 31.42043 42.4736 39.43362 0.0 45.77511 34.97006 9.4413 26.65952 26.50472 12.47976 40.14627 0.01644 36.05087 44.57563 29.09922 24.80419 13.18877 31.33695 36.97805 32.96032 16.35135 18.25693 29.20732 9.9062 10.8536 44.01564 18.61232 18.14991 25.25223 16.7261 18.37749 35.11373 30.55433 43.11707 32.06018 19.14417 43.48339 27.07206 0.0 11.22689 0.0 27.82858 
1000.0 31.30835 19.52292 20.95981 0.0 32.57913 45.18336 27.84274 16.50555 15.61737 36.51842 36.02898 0.0 36.04863 33.47545 9.88463 17.65646 44.66963 14.11991 28.61778 0.02646 40.28626 41.5168 39.18403 36.42803 31.21988 38.97249 25.55127 13.92489 26.16687 17.99058 31.69016 40.37658 39.43016 36.55298 36.45283 39.65005 14.95892 10.24083 33.87623 29.72535 27.26391 27.09615 27.06006 40.70612 31.25749 43.90394 0.0 32.78233 0.0 29.28021 
1000.0 32.64289 26.60647 26.08719 0.0 35.00899 30.22668 39.05433 13.46131 22.02645 20.57963 38.78965 0.0 40.90313 14.16263 28.62889 15.9056 33.54536 13.68207 10.32366 0.0155 26.16028 38.7769 42.79358 29.6263 38.28892 17.92556 14.33325 15.76198 36.26895 30.22097 25.84278 16.24967 18.7959 15.28554 18.2003 23.74673 32.16254 23.17191 34.95711 19.90382 31.46523 24.62296 35.69874 34.03983 45.2416 42.95948 0.0 12.91578 0.0 37.02501 
1000.0 38.49629 37.56738 36.54908 0.0 28.62516 9.52562 30.13163 41.58938 40.45658 21.67358 28.22279 0.0 36.43596 28.48406 41.38304 37.93349 31.16932 9.80917 19.86617 0.01963 39.94371 32.22406 29.47293 16.96031 36.90074 24.09135 16.9815 32.08438 24.42054 32.13208 26.8045 43.28516 33.86848 19.75428 35.04737 9.48589 19.06143 42.78109 10.00698 45.46644 28.22258 38.13419 25.04504 19.78434 9.25859 22.26723 0.0 40.37451 0.0 31.6138 
1000.0 23.08382 23.92655 19.95766 0.0 35.8574 31.60907 20.3979 28.65901 12.06098 40.21815 38.63299 0.0 28.38469 26.0759 23.61458 21.57656 40.17753 24.52297 37.48645 0.02231 41.79996 44.17951 27.3684 22.92095 30.83409 11.24676 35.55198 11.02676 20.61506 11.75146 11.69396 42.45881 45.10138 34.13762 33.08855 18.8601 33.22957 11.03155 27.65886 14.68557 43.68402 25.27959 13.86519 44.54606 32.36933 29.73055 0.0 34.96018 0.0 9.98128 
1000.0 0.0 0.0 0.0 26.63368 0.0 0.0 0.0 0.0 0.0 0.0 0.0 42.13078 0.0 0.0 0.0 0.0 0.0 0.0 0.0 0.0 0.0 0.0 0.0 0.0 0.0 0.0 0.0 0.0 0.0 0.0 0.0 0.0 0.0 0.0 0.0 0.0 0.0 0.0 0.0 0.0 0.0 0.0 0.0 0.0 0.0 0.0 18.31526 0.0 38.19527 0.0 
1000.0 32.90541 18.59306 33.71541 0.0 32.05409 35.36838 33.72915 28.12731 18.96768 40.46166 31.79694 0.0 30.87496 29.07421 38.93019 10.86383 22.18715 41.0868 32.96521 0.03804 20.33301 23.44957 32.07747 32.38258 13.2524 16.23707 41.42159 35.56879 12.7617 12.92201 15.17271 42.7195 16.2301 18.84791 25.06179 26.48897 14.65781 17.63514 42.32663 36.45752 29.40564 45.05478 23.65517 10.89999 25.01538 24.98172 0.0 19.59913 0.0 13.64487 
1000.0 0.0 0.0 0.0 16.31972 0.0 0.0 0.0 0.0 0.0 0.0 0.0 12.30693 0.0 0.0 0.0 0.0 0.0 0.0 0.0 0.0 0.0 0.0 0.0 0.0 0.0 0.0 0.0 0.0 0.0 0.0 0.0 0.0 0.0 0.0 0.0 0.0 0.0 0.0 0.0 0.0 0.0 0.0 0.0 0.0 0.0 0.0 33.34757 0.0 27.13516 0.0 
1000.0 30.46195 27.47182 23.59407 0.0 44.50118 21.18809 39.6042 17.14599 24.49165 10.64704 21.96733 0.0 35.11432 17.3928 36.46987 42.86091 40.98195 34.39341 37.26983 0.03636 25.7856 27.26455 25.16136 43.20484 19.93357 21.66968 19.93677 19.26402 12.55811 27.91762 42.86251 37.5765 39.68749 20.58221 16.33616 19.39223 36.09538 30.00526 12.40407 17.18008 15.09011 39.08057 29.64854 41.92493 30.48505 30.92088 0.0 28.73592 0.0 13.87946 
