1000.0 1000.0 1000.0 1000.0 1000.0 1000.0 1000.0 1000.0 1000.0 1000.0 1000.0 1000.0 1000.0 1000.0 1000.0 1000.0 1000.0 1000.0 1000.0 1000.0 1000.0 1000.0 1000.0 1000.0 1000.0 1000.0 1000.0 1000.0 1000.0 1000.0 1000.0 1000.0 1000.0 1000.0 1000.0 1000.0 1000.0 1000.0 1000.0 1000.0 1000.0 1000.0 1000.0 1000.0 1000.0 1000.0 1000.0 1000.0 1000.0 1000.0 1000.0 
1000.0 36.35758 31.13472 22.8008 0.0 18.05517 42.98477 18.9103 35.61121 33.83429 30.94055 24.28571 0.0 40.08585 40.98887 37.29698 14.35299 34.41935 28.2771 32.90146 0.01355 28.36386 41.77809 33.31396 40.98417 9.86622 12.95339 36.01523 18.8504 15.67954 13.6602 35.3814 38.18378 25.4353 28.71827 43.94051 29.76549 9.49165 21.01383 30.18009 15.99888 43.74396 19.29893 23.77587 33.15214 24.92375 34.87279 0.0 34.9301 0.0 12.52441 
1000.0 34.02713 35.19401 39.44093 0.0 39.14397 27.04847 35.87225 19.72744 9.25851 22.77712 42.2274 0.0 18.65289 19.02071 20.76349 36.56897 37.04482 11.13598 30.54741 0.0178 25.6931 11.85195 35.27368 18.5281 18.65053 14.35096 34.83684 43.50609 36.36961 44.33264 32.25973 31.00867 31.1561 16.85684 31.38354 13.69989 33.38409 41.79727 17.08129 40.50824 33.90199 37.87945 26.3821 41.6595 30.32253 28.56605 0.0 42.34267 0.0 12.93234 
1000.0 23.38737 33.45208 18.39524 0.0 14.96163 35.61309 20.45168 9.44037 10.74696 10.96991 38.99019 0.0 18.59488 36.93675 43.96158 27.67302 44.76632 34.73509 21.67832 0.01313 43.0672 43.33956 21.37216 22.66396 23.91596 36.97128 32.94617 12.77983 30.04817 39.00419 44.68559 23.59212 32.57245 10.44201 9.37621 37.56761 22.06354 29.49572 27.11265 33.1133 21.11625 26.72348 28.44375 16.23889 34.48255 25.17175 0.0 15.27581 0.0 24.21203 
1000.0 0.0 0.0 0.0 22.65613 0.0 0.0 0.0 0.0 0.0 0.0 0.0 34.48155 0.0 0.0 0.0 0.0 0.0 0.0 0.0 0.0 0.0 0.0 0.0 0.0 0.0 0.0 0.0 0.0 0.0 0.0 0.0 0.0 0.0 0.0 0.0 0.0 0.0 0.0 0.0 0.0 0.0 0.0 0.0 0.0 0.0 0.0 23.14945 0.0 20.98237 0.0 
1000.0 43.10743 18.10466 16.13172 0.0 30.95015 11.37376 32.10711 26.7983 39.9204 41.73406 33.08348 0.0 25.10787 25.66068 22.47787 39.00931 34.80401 13.83928 42.74519 0.01678 10.95877 10.07335 39.25442 15.33235 16.25669 13.213 10.47295 38.30084 36.39528 13.62302 34.058 12.4041 39.01592 22.27568 37.20033 40.12485 27.47299 24.4815 30.65266 34.08678 27.85348 44.47886 40.75663 38.24704 14.28181 23.39169 0.0 27.31553 0.0 32.03432 
1000.0 9.97811 43.03613 41.56032 0.0 33.69421 41.1028 14.91616 20.68177 26.1141 15.48829 23.36092 0.0 42.95888 25.30247 18.53554 35.39485 13.96999 12.1869 22.89202 0.02136 30.89606 43.96669 12.53403 36.90992 31.66146 30.31163 42.49685 14.97779 35.65355 18.68877 35.32217 13.75379 31.16017 10.81835 19.97053 20.98041 22.67556 28.53136 32.10217 33.86708 14.69492 26.13225 12.23544 29.35096 35.15 26.5492 0.0 13.66544 0.0 9.82017 
1000.0 35.51375 32.69439 36.47273 0.0 18.55868 42.73654 9.73979 24.96578 14.85691 39.72944 37.20523 0.0 25.2585 38.65618 11.81605 11.58311 36.12285 9.00946 20.20856 0.04301 25.15275 31.28343 44.08908 37.66049 29.30354 42.11855 21.68338 29.55609 44.52243 13.0452 17.50558 35.88624 30.41293 14.18565 42.45399 44.48262 9.84753 26.81879 9.2401 37.29593 27.13428 32.98411 36.74016 43.62869 12.8628 34.75915 0.0 10.80784 0.0 18.52423 
1000.0 43.81549 16.24804 43.29265 0.0 20.91189 33.15393 34.66592 10.18504 26.6023 38.50504 35.68561 0.0 40.62505 16.80514 38.5842 38.48548 42.15232 29.0893 19.56283 0.03611 41.72376 13.79227 20.54013 11.43688 36.90436 17.25256 18.11882 23.86973 41.37727 12.73016 22.02084 28.11668 36.79665 35.73016 27.96107 11.78436 42.48428 19.69138 35.83849 29.88409 15.74816 43.90127 27.69817 14.95985 25.45158 41.06195 0.0 11.67309 0.0 20.92173 
1000.0 20.35945 34.93922 20.74493 0.0 23.02808 33.42187 41.82026 40.82814 33.8737 10.86483 11.39522 0.0 43.67523 20.48951 39.13445 39.43423 24.9759 9.43832 39.17003 0.01676 13.68796 18.92691 20.5738 32.04949 38.58543 36.79396 14.30282 16.52388 15.0521 15.45038 20.82222 37.70295 14.96891 15.39499 34.42585 43.94148 12.1006 22.47008 42.37702 12.34436 34.67889 26.05053 28.09073 30.50563 30.15753 22.13165 0.0 21.0581 0.0 28.05147 
1000.0 14.33799 41.93722 32.816 0.0 36.85038 10.34024 29.9084 22.08125 33.81705 44.89703 24.0643 0.0 43.90201 15.97758 20.67727 42.0956 25.91733 34.71749 16.89105 0.01684 29.4939 10.95772 42.03573 28.6561 42.25911 26.21918 18.1225 40.2163 15.54451 24.18348 30.82995 19.42006 18.49037 13.61461 43.35649 24.46775 37.42676 23.93919 15.97037 37.10924 26.9506 36.96968 44.61703 20.38807 34.19662 17.86651 0.0 12.81741 0.0 19.8763 
1000.0 34.36185 25.01685 35.80147 0.0 40.12279 23.95375 26.60638 9.96463 40.61669 32.54748 19.41051 0.0 11.43567 28.61198 19.85245 24.98142 31.88072 27.66376 24.4914 0.04385 21.63791 19.75864 29.4384 40.04559 23.77558 33.04566 40.90846 36.63176 26.28081 12.55749 35.18173 21.82335 34.46751 16.76609 12.87779 10.75489 19.66417 25.01031 36.87852 34.58472 23.00426 28.65503 36.10915 39.80282 30.2079 37.7958 0.0 15.78153 0.0 16.55203 
1000.0 0.0 0.0 0.0 39.9798 0.0 0.0 0.0 0.0 0.0 0.0 0.0 32.17337 0.0 0.0 0.0 0.0 0.0 0.0 0.0 0.0 0.0 0.0 0.0 0.0 0.0 0.0 0.0 0.0 0.0 0.0 0.0 0.0 0.0 0.0 0.0 0.0 0.0 0.0 0.0 0.0 0.0 0.0 0.0 0.0 0.0 0.0 44.33227 0.0 20.12651 0.0 
1000.0 24.32745 19.7183 14.60539 0.0 40.75832 20.50855 26.06617 30.06091 43.35044 39.05753 34.05208 0.0 11.09466 32.31053 21.22806 37.38374 34.89899 34.97898 12.75213 0.04647 18.53283 39.58436 26.81816 42.28234 23.08859 15.27132 15.1805 41.24085 31.03276 34.77113 41.39248 36.66076 35.84525 30.85684 43.48647 16.01426 30.3903 17.82289 29.86323 10.06134 34.04246 29.6087 20.27517 13.49798 15.93199 42.65771 0.0 44.52728 0.0 14.56851 
1000.0 34.9277 13.76386 26.26905 0.0 25.91162 33.22318 23.34145 25.96968 13.14231 36.31239 42.96678 0.0 39.23903 24.44957 31.12967 23.37025 33.94722 41.874 41.05671 0.01036 23.12193 12.13075 42.99709 19.68782 44.31049 29.84986 38.86449 43.65393 27.68505 39.83191 26.37014 12.83739 38.92034 40.05948 9.20606 39.29674 18.50337 31.51309 26.10279 15.74366 37.75643 37.81353 27.11874 21.27777 13.52395 20.56298 0.0 31.62248 0.0 42.59584 
1000.0 42.92858 31.79435 10.22661 0.0 35.07362 40.86372 28.54439 19.12872 23.00062 9.38256 35.68773 0.0 37.80323 33.45973 12.86326 42.5183 43.76675 13.3112 12.97211 0.04125 12.22941 40.90715 18.62497 21.11875 23.0436 42.3315 13.93448 14.96054 36.52986 24.79164 11.94058 14.64587 14.05443 36.74554 33.03304 20.22303 20.01761 42.17883 30.70744 30.71622 28.57507 26.02394 29.45017 20.99912 29.82011 21.58706 0.0 41.29097 0.0 44.94313 
1000.0 12.26011 16.08216 31.92012 0.0 31.23064 14.9433 34.06864 31.09264 44.90909 12.11674 23.04738 0.0 17.07478 13.60912 32.67067 14.29686 40.77824 44.68159 27.6963 0.03606 31.79379 29.21602 21.89981 22.78413 14.7831 41.5136 18.25316 41.42433 35.10516 20.8328 10.19566 29.88957 13.49074 44.12213 37.25605 30.28213 14.03402 24.87479 44.40304 33.77497 9.34622 38.47052 39.89266 17.28165 13.29867 10.98798 0.0 20.32123 0.0 30.88804 
1000.0 36.38555 35.11089 27.17745 0.0 24.52393 33.55038 11.21635 22.54579 17.85693 15.40672 18.04624 0.0 13.51675 36.13218 14.50721 29.38106 15.9635 33.34301 32.25256 0.04641 25.39585 18.58734 19.92134 28.82247 42.17109 22.53779 25.43798 18.97447 43.97113 25.54021 21.96309 13.45452 11.92056 17.6546 27.01168 33.53626 30.00219 18.13002 30.16012 22.28377 27.23108 15.54291 39.97138 21.18484 16.3657 40.81689 0.0 25.21386 0.0 39.27948 
1000.0 27.61659 31.75331 17.74433 0.0 39.48803 25.19233 42.9879 17.56796 36.32683 37.40724 9.27167 0.0 40.12091 11.30833 28.21271 36.63236 35.35267 42.5426 21.80993 0.02639 21.68716 25.94313 13.45554 12.64325 25.32738 43.95463 9.78612 36.36883 13.55579 29.06063 22.95403 42.67206 15.29179 37.76023 16.97674 30.31498 36.04518 34.69797 28.06601 37.4634 33.41833 18.78831 16.90789 12.08434 37.43292 36.694 0.0 12.02067 0.0 34.56021 
1000.0 17.86669 24.03052 41.17445 0.0 13.48028 42.75694 37.97664 35.64543 41.57467 31.39825 27.12694 0.0 14.72747 12.1299 14.03316 23.89963 12.16694 32.9645 9.18893 0.03607 41.71105 16.44389 28.09363 16.10781 31.06012 33.56403 15.48121 25.71392 29.71633 10.31352 11.25939 9.09747 40.16907 39.93671 23.21168 27.07262 40.52855 23.90818 17.42124 43.04893 29.89545 19.98178 25.8202 41.92543 31.83031 43.18828 0.0 25.46715 0.0 18.80651 
1000.0 0.06463 0.06631 0.13752 0.0 0.16096 0.17445 0.10658 0.11691 0.13185 0.09893 0.0895 0.0 0.09908 0.17256 0.08285 0.17614 0.17961 0.14314 0.17151 9.66087 0.1807 0.04065 0.18071 0.08973 0.07644 0.1146 0.11699 0.08887 0.07817 0.09193 0.07641 0.07871 0.0973 0.08027 0.1524 0.15949 0.0882 0.10322 0.08205 0.12833 0.0987 0.1031 0.12551 0.07076 0.05704 0.06136 0.0 0.06458 0.0 0.15765 
1000.0 35.31929 40.00824 40.53566 0.0 36.65568 17.68528 21.04127 11.57318 27.12638 32.76763 26.70806 0.0 43.35563 41.67161 41.80716 24.11748 20.79081 33.98895 18.22723 0.01274 21.97644 41.37661 17.35466 40.09679 11.08223 18.18116 33.32672 19.10389 36.08585 19.11699 40.10936 17.77083 9.46543 42.97415 22.34642 12.48888 22.43401 11.4419 14.14064 20.60961 32.71615 41.14266 14.9535 27.84662 19.122 44.31447 0.0 12.23983 0.0 34.25944 
1000.0 19.7202 11.43143 24.72129 0.0 38.28878 31.53466 12.65844 11.62424 24.9763 11.04673 40.55506 0.0 17.41769 39.75855 36.53021 9.58685 23.56788 22.1952 23.82496 0.03678 35.64869 40.29582 40.19732 9.93963 20.49516 34.6553 40.89375 31.26708 12.70856 39.49991 16.70521 38.43535 12.47577 21.31402 30.24584 20.74068 16.99062 14.88751 43.79638 43.74265 35.67461 12.14742 11.00254 33.25044 35.35466 14.56451 0.0 19.5005 0.0 16.26068 
1000.0 14.84892 34.07453 22.55514 0.0 31.20601 20.12282 37.40832 40.20996 35.72661 44.5424 24.09328 0.0 14.75008 23.86783 11.61383 10.88716 38.22622 22.60192 15.61807 0.04152 40.32475 20.3236 44.3452 24.51974 15.39618 44.81934 17.62002 14.77314 23.59544 26.08729 27.3757 35.31272 11.8013 32.91365 13.06267 31.02485 34.54654 32.79374 33.87324 11.32403 30.94805 17.0451 40.70112 36.56281 24.24999 41.43675 0.0 41.49732 0.0 13.5132 
1000.0 20.42094 24.51668 32.78265 0.0 42.18278 35.0373 33.51211 34.49968 30.08183 40.28758 36.96016 0.0 10.61827 44.62085 10.8406 10.92959 27.95916 41.97487 25.09037 0.01451 24.52446 35.43735 22.78544 11.29681 42.03713 21.16911 38.19371 30.674 33.27745 38.79333 11.84264 26.43008 27.06477 33.30836 19.31475 28.90955 42.42956 27.86299 18.88968 22.13136 23.19951 16.41984 16.51595 26.38131 40.55612 18.16728 0.0 16.52493 0.0 44.27869 
1000.0 10.47371 31.75876 42.69569 0.0 44.65846 16.11463 9.68117 43.05927 44.94515 33.99027 35.77216 0.0 36.05546 36.68695 30.15753 19.81602 35.75149 12.96108 11.81644 0.03644 43.9568 38.6988 16.95284 22.2566 40.11496 26.73511 17.19136 17.96167 29.35178 28.64789 30.46301 15.15231 10.71466 29.00182 42.89161 38.94403 11.18521 36.50473 37.78606 28.41947 29.55958 40.55539 11.0303 43.95305 42.90749 33.01842 0.0 22.98711 0.0 33.09802 
1000.0 44.13829 36.41136 39.18986 0.0 43.71342 37.78216 23.47846 44.75837 9.53325 14.43953 25.73937 0.0 33.92181 38.79331 41.53176 38.91955 25.06852 18.06788 29.0867 0.01359 36.62275 14.08692 38.18606 41.71293 35.01837 19.90952 25.22202 16.27605 16.78234 9.70506 41.296 38.21613 11.65776 31.25342 25.96501 10.94607 26.25478 28.67766 22.05829 38.85525 37.58741 35.07449 25.20382 29.37037 10.17668 38.98628 0.0 18.35098 0.0 18.87073 
1000.0 17.77072 36.14957 17.27422 0.0 10.12972 12.76292 22.45113 34.78578 12.41442 16.15436 44.52035 0.0 19.27821 40.75911 14.11247 35.30022 34.62032 23.32336 10.39404 0.03194 27.59337 26.99451 26.87775 25.08867 40.55922 39.98259 21.40637 41.36175 13.61632 30.70773 43.18038 25.29901 35.60251 38.79796 32.59708 41.41226 36.93223 44.25059 26.26472 40.05693 28.78318 33.73746 33.45287 17.66674 39.75563 43.77929 0.0 40.80478 0.0 9.32902 
1000.0 25.01071 15.8866 40.07997 0.0 43.83293 29.44097 34.46517 22.85285 18.96933 42.88316 25.56393 0.0 19.51254 37.92648 9.85379 14.88383 17.98144 27.5638 22.5248 0.02683 30.95111 17.59359 38.41633 43.78872 17.37097 18.68735 17.46386 18.05085 14.04066 37.01146 14.32695 41.90707 10.63341 11.55011 14.52719 11.96366 42.63125 13.93292 23.71552 36.01203 26.1937 21.39547 24.39122 27.74529 20.37986 39.77092 0.0 27.15732 0.0 30.36252 
1000.0 27.36466 27.18096 31.14955 0.0 34.45341 31.6137 34.04154 11.24827 9.00769 30.19156 10.24171 0.0 20.91787 9.32873 40.97813 39.89493 35.15521 19.74967 34.58321 0.03017 18.70527 27.3883 31.19937 17.32397 16.30174 18.11616 21.86276 34.2937 13.2036 41.27432 12.68995 23.43714 39.58246 16.73945 27.39855 27.95422 22.43812 39.23556 23.52859 24.8348 20.69421 40.48031 11.00209 17.62747 32.41237 18.99704 0.0 35.36567 0.0 37.35475 
1000.0 35.45026 40.14633 9.23814 0.0 42.15651 37.86825 40.31379 31.84766 24.46754 38.6347 28.69278 0.0 29.9515 33.29348 26.13606 15.41794 27.48777 13.81073 32.32791 0.02902 44.42094 24.52686 42.62532 19.08484 20.06521 21.25337 35.16649 43.87449 29.84163 22.79083 39.4979 36.38996 36.52238 19.22297 14.39412 35.80556 18.02697 29.00083 35.27982 17.78642 10.48329 38.5077 38.58909 34.30422 29.14089 37.67778 0.0 9.36044 0.0 40.00647 
1000.0 35.69521 42.44406 39.40706 0.0 9.93707 12.64986 18.67562 42.77341 30.53332 20.28132 16.6423 0.0 43.45979 37.96544 30.67367 36.6143 44.77263 35.86197 27.36792 0.04318 40.40104 32.42507 36.15379 19.6851 31.11761 37.63207 34.54336 12.20258 29.20852 31.31936 17.79647 19.09956 28.5809 24.93192 18.28653 32.49039 22.12096 44.21749 22.87958 13.97702 26.65045 27.93354 24.21452 31.04504 43.90243 31.35107 0.0 28.45712 0.0 26.26426 
1000.0 28.79223 13.35865 21.17971 0.0 24.75464 20.92921 25.96177 40.43013 33.4457 28.67681 37.31591 0.0 25.91437 27.93909 26.08891 14.0773 20.42736 19.53582 25.34557 0.0253 17.9644 28.87827 40.56971 34.57929 29.17766 38.58242 23.02502 41.78517 27.27928 15.39664 17.09215 32.54386 31.31451 15.30339 39.22156 33.69599 42.18648 30.51186 36.58308 41.99847 10.21197 35.47406 13.52441 44.85524 36.58635 17.19751 0.0 31.30623 0.0 30.90331 
1000.0 32.42887 32.25287 27.46425 0.0 25.7015 24.11434 37.95528 18.27518 9.91633 19.47846 11.37602 0.0 32.7 16.99489 35.70769 11.89011 15.72028 16.09118 18.43533 0.03668 14.74494 40.29022 37.66464 29.4481 33.45803 35.00002 33.91878 30.42061 36.47191 17.94718 30.06352 9.96628 11.8915 19.58582 33.7909 30.43423 25.93625 38.94911 9.83777 40.25363 10.77451 40.64653 12.75968 13.03516 14.11838 23.97403 0.0 38.63668 0.0 22.1322 
1000.0 16.145 34.4945 16.2421 0.0 12.41456 32.19562 10.99999 40.74759 33.09944 22.19862 37.87236 0.0 20.85596 34.23343 27.6655 11.02068 14.14189 19.23994 18.14851 0.04564 26.3643 12.06618 23.52208 43.24003 31.2728 34.94377 42.52542 36.8116 33.54847 11.31716 30.88884 29.69467 33.6566 33.63038 33.0426 44.52443 23.28344 30.18857 23.53216 33.50093 26.55945 14.51915 34.41042 10.99901 41.99499 32.2219 0.0 43.23801 0.0 37.69211 
1000.0 24.22447 40.59881 15.50607 0.0 26.38484 28.24356 31.80424 16.83881 27.3295 35.36097 43.74858 0.0 31.84205 9.65907 28.70094 9.03824 18.82375 35.43762 21.50713 0.0243 43.0883 39.32009 16.90601 13.18451 32.20976 10.44098 33.86689 27.59725 44.81065 11.61503 28.00154 26.79166 10.6815 22.3587 20.86432 27.18724 25.14011 23.75973 23.77184 43.73826 41.97031 44.48679 29.25121 23.56118 23.52607 15.7545 0.0 39.37174 0.0 38.0703 
1000.0 19.87747 44.03188 30.43489 0.0 42.70204 30.49952 10.85355 19.62066 17.44291 23.2694 14.71064 0.0 33.99469 35.84767 20.21109 38.16866 42.71376 18.79192 44.00691 0.01646 10.87146 39.56379 16.72644 24.19573 29.37631 36.1592 13.0399 42.54195 41.15943 32.58561 44.72363 38.0379 18.22394 20.42479 14.69047 17.06579 13.08554 43.00624 34.98019 25.64553 20.32007 29.21716 29.37265 32.97895 14.36551 24.46305 0.0 21.63325 0.0 17.17704 
1000.0 11.01789 39.7986 43.54378 0.0 23.85461 42.80479 29.14049 24.11278 13.11408 39.4105 13.99811 0.0 37.44126 22.45836 9.34459 29.35552 20.77043 23.41487 22.55876 0.04512 31.18876 38.10432 12.99347 21.60711 40.34 40.12442 15.64562 31.07223 9.01079 12.91409 40.78185 29.76225 32.9868 42.21257 21.63944 35.20502 10.97522 11.98003 19.03084 20.9727 26.69133 39.67434 24.01845 26.43614 38.46046 27.78014 0.0 17.10253 0.0 25.39918 
1000.0 30.59515 29.68249 17.63179 0.0 43.62219 10.36425 38.14804 17.86659 41.03203 16.25016 35.15131 0.0 42.6688 22.96598 12.29593 18.97097 34.27438 38.29307 11.83834 0.03511 40.25356 39.65366 36.11913 27.59978 35.62597 29.14769 33.10152 35.72619 12.20278 33.40968 37.98966 34.85347 23.13379 20.6678 42.28996 42.88938 19.60093 32.71254 31.18801 22.2243 24.81017 31.58754 44.40536 11.50817 35.34998 12.00902 0.0 17.50582 0.0 16.16292 
1000.0 39.42103 26.82868 33.07754 0.0 37.93317 30.04206 40.20837 43.39501 17.21453 27.27361 32.53325 0.0 34.10828 15.99217 37.10266 26.03496 23.21804 16.18819 21.42292 0.04681 22.7305 24.21149 22.06474 36.93949 44.64722 16.71707 26.44397 38.24943 8.99997 17.01823 16.43063 15.71621 26.04423 22.83283 11.37 30.47266 42.12928 42.20564 19.77623 35.04366 36.7513 12.78692 21.20551 39.00051 22.33931 17.2302 0.0 9.69377 0.0 26.84285 
1000.0 10.57782 24.59508 10.50538 0.0 32.72299 38.51581 39.08172 29.90086 14.5636 21.24911 37.41124 0.0 43.62665 9.96635 21.09727 12.78169 23.51396 24.7448 15.93823 0.0424 33.2408 21.50612 30.46432 39.17 24.05054 25.1412 16.46668 44.7537 11.99151 21.93816 35.83237 31.50804 33.36476 9.29195 19.50834 21.86966 27.09174 33.2636 35.33808 20.898 40.41283 22.50121 15.66389 43.14074 9.65719 21.78657 0.0 18.95508 0.0 38.13097 
1000.0 19.76754 12.53904 35.71253 0.0 35.39728 35.15571 12.21203 26.93252 27.76667 12.18529 18.73557 0.0 34.9768 35.83482 36.26262 32.11401 36.83679 35.43762 14.48736 0.01934 42.47117 42.23594 37.35639 37.84405 10.02834 28.17461 32.18017 32.69633 20.91129 11.04264 15.10003 15.37475 17.6023 31.98655 25.90434 18.71111 24.21825 13.66425 40.411 42.89162 29.81714 28.70408 10.66012 36.40506 33.06346 13.98132 0.0 30.94741 0.0 9.02427 
1000.0 11.55585 37.11761 19.37452 0.0 36.59212 13.97705 23.24796 12.27191 24.38251 24.02872 21.8275 0.0 43.09474 17.74469 10.98053 17.02648 36.63931 27.00853 27.91101 0.03163 34.75426 28.19553 25.45586 17.54358 38.44021 30.54074 9.92089 11.3187 15.37054 29.85503 30.38205 20.55271 35.65113 24.34168 37.3377 12.2867 40.52233 43.14396 33.62948 23.62299 28.87574 44.58937 14.92929 22.87185 34.33729 22.03895 0.0 40.80917 0.0 27.88525 
1000.0 17.69088 44.13216 13.25126 0.0 13.412 9.59498 15.59751 14.22106 27.81616 36.78448 31.79338 0.0 34.22863 19.44741 11.81784 27.45375 20.1555 43.72759 14.26658 0.03941 36.51843 15.79331 29.21181 26.33049 40.76489 36.45536 36.81035 9.31643 17.63992 15.01073 33.49221 15.5704 18.6753 23.6883 38.68515 27.87719 11.79748 41.94906 11.59176 27.47425 27.15622 18.47561 34.07041 19.39283 14.0926 14.74341 0.0 35.67568 0.0 41.78311 
1000.0 9.85472 16.58831 22.13072 0.0 37.7549 16.52796 35.59175 23.51064 17.82113 35.99858 43.37324 0.0 37.32652 12.99891 23.5326 13.76679 40.54571 26.87329 34.95533 0.01249 37.94648 14.10035 9.65184 20.05044 42.91773 36.1041 43.43361 14.61825 12.73684 25.84939 22.40275 44.02264 40.88491 14.82473 43.85166 13.83087 22.38256 35.63712 14.10887 26.75126 29.45193 40.62615 14.01372 19.92357 42.99917 18.84397 0.0 20.75023 0.0 17.96796 
1000.0 33.0794 29.48616 36.52042 0.0 38.67931 11.70351 38.11025 31.85492 16.58276 26.58946 27.94153 0.0 30.48718 34.23988 37.8546 16.91418 40.74274 42.59521 10.14608 0.03596 39.97026 12.41494 30.78975 22.95607 41.5714 32.21432 43.05493 12.12308 21.38685 43.77074 14.99608 25.80276 39.70365 30.06551 38.18911 29.35832 10.24412 31.36956 40.85485 31.79015 34.22717 11.9756 41.99283 11.15488 42.80902 24.52099 0.0 32.11997 0.0 14.11758 
1000.0 39.57988 22.97414 33.24728 0.0 36.47212 20.54401 21.6839 14.34517 41.87008 44.34133 28.93034 0.0 32.56973 25.03169 27.16633 15.83419 10.48062 13.69396 37.34274 0.03669 16.76025 12.6426 42.16239 18.78982 38.01253 12.5049 14.80541 33.86711 19.34097 36.79171 17.65515 22.10618 22.84341 21.37854 26.60201 43.16245 33.71806 39.48047 35.49518 31.24004 35.58579 16.94934 33.80503 33.82062 29.32626 19.80959 0.0 17.91197 0.0 33.3009 
1000.0 0.0 0.0 0.0 11.88542 0.0 0.0 0.0 0.0 0.0 0.0 0.0 21.8816 0.0 0.0 0.0 0.0 0.0 0.0 0.0 0.0 0.0 0.0 0.0 0.0 0.0 0.0 0.0 0.0 0.0 0.0 0.0 0.0 0.0 0.0 0.0 0.0 0.0 0.0 0.0 0.0 0.0 0.0 0.0 0.0 0.0 0.0 38.46498 0.0 34.24758 0.0 
1000.0 23.37118 30.25892 11.21898 0.0 29.12416 15.87463 28.33722 21.30903 13.8096 22.32596 12.7006 0.0 23.91567 26.84118 17.96833 22.89293 18.37045 38.24997 12.32574 0.04277 43.1799 29.28672 39.00483 41.47903 40.8863 13.45195 15.86661 33.1592 29.06847 27.1963 36.33245 10.51196 36.45368 12.62735 12.37986 40.37985 17.71006 32.65539 10.62416 39.63392 39.93985 34.43579 11.54039 38.56406 16.52054 21.81369 0.0 35.05029 0.0 36.41824 
1000.0 0.0 0.0 0.0 17.18033 0.0 0.0 0.0 0.0 0.0 0.0 0.0 11.91403 0.0 0.0 0.0 0.0 0.0 0.0 0.0 0.0 0.0 0.0 0.0 0.0 0.0 0.0 0.0 0.0 0.0 0.0 0.0 0.0 0.0 0.0 0.0 0.0 0.0 0.0 0.0 0.0 0.0 0.0 0.0 0.0 0.0 0.0 18.49046 0.0 25.94693 0.0 
1000.0 17.25454 22.19982 17.72532 0.0 40.21053 24.56198 31.51004 32.93447 10.99568 28.20297 17.76316 0.0 41.83203 30.43148 37.05426 23.00801 13.71535 21.06796 13.01806 0.02625 41.61747 11.31289 14.68611 30.68536 39.00077 15.82853 20.66036 43.83968 38.72152 15.68782 32.37622 17.73994 22.77256 25.96199 34.26447 26.6267 43.74762 25.19556 37.05816 16.03279 40.21371 32.41627 37.09376 14.19082 25.4838 18.96462 0.0 30.26616 0.0 42.08984 
