1000.0 1000.0 1000.0 1000.0 1000.0 1000.0 1000.0 1000.0 1000.0 1000.0 1000.0 1000.0 1000.0 1000.0 1000.0 1000.0 1000.0 1000.0 1000.0 1000.0 1000.0 1000.0 1000.0 1000.0 1000.0 1000.0 1000.0 1000.0 1000.0 1000.0 1000.0 1000.0 1000.0 1000.0 1000.0 1000.0 1000.0 1000.0 1000.0 1000.0 1000.0 1000.0 1000.0 1000.0 1000.0 1000.0 1000.0 1000.0 1000.0 1000.0 1000.0 
1000.0 21.58064 42.72471 26.49777 0.0 42.33522 9.00046 36.63859 39.95111 22.12972 27.79954 32.36042 0.0 40.89723 15.44778 20.51079 24.31271 34.61651 43.45226 35.47243 0.03042 34.91006 26.37219 20.43849 32.74926 13.9312 9.4644 23.26504 40.3069 33.19927 27.6542 42.90553 37.08759 36.43933 41.67763 35.69951 38.32364 26.52419 15.26464 12.23283 26.98441 30.71036 29.94252 42.49018 25.72 28.66102 22.64889 0.0 14.00531 0.0 36.57007 
1000.0 9.17705 37.55513 38.99273 0.0 38.93146 34.18812 28.41591 44.40107 36.08966 9.36493 13.16861 0.0 29.13117 34.56955 39.42776 32.41123 11.60245 25.62551 23.46341 0.02633 36.96715 14.39297 38.55031 14.58501 30.22261 30.64473 29.53796 17.85797 14.85558 32.81682 16.98626 28.1368 11.81281 15.55131 26.73511 41.46701 43.26793 39.0492 22.31156 16.44029 33.11906 32.04969 20.67703 31.81496 29.86581 32.19451 0.0 38.61707 0.0 28.39209 
1000.0 21.67416 27.65168 11.89205 0.0 9.69656 19.70933 15.88669 37.59107 37.23615 13.42668 33.13108 0.0 10.10093 32.05997 22.19438 31.03838 10.48586 32.9699 31.99361 0.0243 24.30208 42.12775 42.57547 13.38279 44.72727 31.28075 43.16853 9.03713 24.63449 10.3269 22.45332 33.13639 14.99139 35.7914 22.68131 28.73344 15.58365 44.20121 34.27977 11.58216 15.81717 23.25765 35.90764 19.98624 25.26147 16.06426 0.0 30.04326 0.0 25.97809 
1000.0 0.0 0.0 0.0 34.02261 0.0 0.0 0.0 0.0 0.0 0.0 0.0 28.42046 0.0 0.0 0.0 0.0 0.0 0.0 0.0 0.0 0.0 0.0 0.0 0.0 0.0 0.0 0.0 0.0 0.0 0.0 0.0 0.0 0.0 0.0 0.0 0.0 0.0 0.0 0.0 0.0 0.0 0.0 0.0 0.0 0.0 0.0 15.03121 0.0 18.17445 0.0 
1000.0 16.64137 21.17622 27.81647 0.0 38.67705 14.76492 20.12867 17.8559 18.17018 33.63186 11.84204 0.0 32.59354 29.87218 40.12284 10.68135 35.82074 27.22916 29.76505 0.0225 12.68108 9.25366 37.02568 22.82097 11.29095 30.31992 25.11454 20.56499 21.36073 25.09076 39.53135 29.88842 13.3495 30.97748 27.42048 21.8336 17.48993 9.07822 36.27644 33.351 27.83363 39.11939 31.91358 29.32751 40.8171 38.02457 0.0 12.42778 0.0 23.1585 
1000.0 28.81219 12.67004 34.40314 0.0 13.60255 12.18337 33.32952 41.84995 42.62981 21.30687 15.64215 0.0 21.7627 23.42556 17.61187 38.53972 43.93787 34.27177 13.75987 0.02453 19.12453 32.20221 42.07735 24.65105 43.82474 37.85681 12.85685 24.17285 21.74222 13.62552 41.37189 23.04292 21.2815 9.59226 24.29564 29.53679 30.07848 30.1971 18.56911 39.09817 22.8584 22.63935 11.53144 43.49069 10.38395 26.87968 0.0 13.96637 0.0 17.29393 
1000.0 20.57374 15.29228 22.26685 0.0 22.42471 19.39167 27.29173 12.90931 29.35058 23.3426 39.17912 0.0 37.87688 28.66083 10.47899 24.90308 15.35243 37.99676 28.86888 0.02717 34.2048 44.06264 28.29842 32.30799 42.98027 26.50045 37.6087 33.70807 36.49419 30.45952 25.09314 27.90081 40.26897 30.41262 31.58007 35.2487 38.79765 37.32479 38.31215 33.78752 28.90313 29.37041 12.17122 21.72791 17.6278 31.9587 0.0 11.66978 0.0 28.59961 
1000.0 42.67748 9.6325 17.74439 0.0 27.47273 22.53872 21.2469 24.82176 22.95952 42.34836 36.31663 0.0 37.34538 12.03791 13.36989 36.64439 36.66482 15.5636 35.77164 0.02717 38.15664 20.71548 11.55796 11.81864 20.95406 37.02193 33.46909 9.13638 19.52157 27.47351 18.67888 30.44824 28.16286 15.93477 24.20711 40.72257 12.35916 26.65955 32.91843 36.45663 27.38939 35.17951 37.36198 28.28965 28.20369 14.26312 0.0 25.82055 0.0 38.12555 
1000.0 18.98072 14.42593 9.59888 0.0 16.28276 43.28301 11.33751 37.7243 40.81541 13.37347 16.23391 0.0 20.17296 35.04814 40.62317 17.85471 43.41094 14.00342 31.74307 0.02851 12.67169 41.76779 12.87731 37.8985 18.42679 34.47489 9.62582 28.40384 40.89697 42.98331 26.58567 30.02819 41.7874 40.94986 41.62501 33.8137 27.96542 43.56634 24.70202 39.05412 17.85174 39.52029 32.30306 26.08832 40.36297 44.04548 0.0 28.40824 0.0 34.85088 
1000.0 44.5312 28.25493 10.92956 0.0 11.93919 15.64544 19.18964 11.59676 27.82044 31.58201 11.25772 0.0 41.11416 31.99079 41.65194 23.28385 30.75671 30.11315 15.28843 0.02366 18.84524 14.13751 39.91979 32.89355 43.93758 13.95183 16.23085 42.54355 25.36519 25.98051 22.5654 9.78674 40.7774 30.86092 27.5989 41.56737 37.05022 15.14195 17.12701 21.07538 21.74436 12.54916 44.30144 14.36312 34.57992 12.7322 0.0 40.17109 0.0 15.57828 
1000.0 10.86398 42.23228 11.87875 0.0 23.75212 19.97675 17.80108 15.51226 23.48909 41.83217 33.0794 0.0 18.31291 21.27447 41.91069 12.66318 24.67138 35.81958 16.24619 0.02172 25.78883 31.54858 41.77245 25.19877 31.48217 21.24465 13.19216 11.16584 44.2878 19.64519 12.21328 30.1041 21.79258 11.52488 33.45999 15.01583 9.08174 27.67197 18.50758 29.37832 19.19033 30.37085 37.03677 19.43299 14.7469 34.51284 0.0 18.01067 0.0 31.73134 
1000.0 0.0 0.0 0.0 27.09974 0.0 0.0 0.0 0.0 0.0 0.0 0.0 37.55529 0.0 0.0 0.0 0.0 0.0 0.0 0.0 0.0 0.0 0.0 0.0 0.0 0.0 0.0 0.0 0.0 0.0 0.0 0.0 0.0 0.0 0.0 0.0 0.0 0.0 0.0 0.0 0.0 0.0 0.0 0.0 0.0 0.0 0.0 31.10216 0.0 41.58089 0.0 
1000.0 35.20287 44.74702 14.45218 0.0 12.3409 18.59012 26.61674 39.99662 22.63863 41.58859 13.86627 0.0 27.75194 34.85283 44.52802 19.64261 34.00744 14.08598 14.66043 0.02075 23.50125 15.42885 29.49467 24.02661 38.21619 36.80993 12.87726 44.05697 30.80569 43.70099 24.58686 21.19914 12.18928 40.51916 12.60746 13.01315 23.37208 19.28431 39.87338 18.98544 19.40145 20.59566 44.15131 17.32638 9.10217 27.84136 0.0 25.66546 0.0 42.86366 
1000.0 11.61111 39.46311 19.9279 0.0 39.63916 21.58178 35.33684 17.63747 17.22785 23.34498 15.16069 0.0 19.05585 17.17919 34.26577 22.88523 10.23808 18.51503 11.32046 0.01809 32.20969 36.87402 25.28538 10.16209 12.00084 30.80529 17.36848 17.43543 24.34881 40.94506 39.66058 23.69407 24.7916 10.37986 29.8587 33.81055 20.56372 10.26572 26.8237 21.97465 27.58328 23.48956 13.77272 40.63062 31.38128 19.28346 0.0 30.325 0.0 23.33299 
1000.0 33.26483 34.02672 19.90531 0.0 16.76194 43.29891 31.72211 27.26884 27.72437 35.88245 38.44978 0.0 22.23786 18.96328 40.80262 31.28803 28.63151 35.96016 21.4468 0.03327 13.61639 34.4397 13.7764 28.01909 15.17675 31.24613 18.36567 37.27682 36.82625 38.75809 31.28664 35.06701 12.36036 19.9929 10.1032 16.99655 32.84648 44.75578 11.48967 9.48161 19.4497 38.58321 27.49372 29.54532 21.36876 44.0716 0.0 23.57056 0.0 15.56385 
1000.0 26.14861 27.83948 33.61079 0.0 30.56469 19.33553 14.40816 39.69877 40.4493 35.01607 35.40043 0.0 19.10004 32.04438 34.72042 28.74579 34.8699 40.76438 13.88202 0.02659 40.06478 12.35436 28.89622 35.74324 15.42958 28.86104 25.66654 39.44025 26.27531 42.91904 30.80904 27.27811 12.61406 20.7685 9.22331 11.3961 16.64007 10.60443 13.29108 9.49627 21.49509 25.96245 30.59332 11.76704 10.91614 40.66234 0.0 40.90831 0.0 18.89233 
1000.0 26.317 40.59736 44.58998 0.0 16.70749 40.62689 25.48689 39.04128 10.00993 23.85557 34.5099 0.0 32.04746 35.78512 25.29269 22.46373 15.25189 10.93655 43.45373 0.01914 41.53619 39.25767 27.09867 19.98139 14.01359 11.35325 30.08667 20.71969 44.3636 31.58921 43.66751 43.89112 24.12802 24.51565 41.22533 17.4993 37.30292 35.96312 26.8906 11.56364 40.13275 29.4239 23.8844 43.39079 29.87705 13.5449 0.0 21.38008 0.0 22.38529 
1000.0 30.05924 28.98429 29.06025 0.0 13.67629 42.62569 15.32795 16.58084 44.80021 38.37482 19.4767 0.0 35.8376 41.59509 27.64431 19.47406 40.86226 19.64188 12.60904 0.02168 20.44675 28.40176 29.78191 20.18282 30.25614 18.55561 11.96664 43.22171 21.12568 32.6872 10.21983 16.46386 44.23878 11.43352 39.01777 23.48347 38.64495 43.53031 37.09756 11.96322 23.76854 40.11942 20.22136 42.96405 37.11165 31.81185 0.0 40.36152 0.0 24.793 
1000.0 9.92395 38.39452 14.30089 0.0 20.42713 42.2845 42.46951 34.85506 31.40173 17.03842 25.42976 0.0 13.34025 11.83995 11.43769 11.60723 17.97464 19.60926 26.95406 0.04521 21.18728 33.75769 12.10019 35.8773 43.46879 39.03393 41.83286 10.2478 33.17266 18.44309 39.58853 14.75262 38.29693 39.93454 31.11011 27.42938 11.02943 12.52744 44.45557 23.9485 14.02994 43.51886 13.93624 42.32121 44.00823 23.09937 0.0 29.33961 0.0 28.61519 
1000.0 0.09016 0.03846 0.12389 0.0 0.17011 0.06733 0.13435 0.18763 0.05345 0.05718 0.04437 0.0 0.06381 0.09444 0.04 0.08665 0.13334 0.04317 0.0883 38.67426 0.07653 0.08658 0.18812 0.09391 0.10691 0.17566 0.15995 0.18053 0.08701 0.13552 0.13604 0.16121 0.09705 0.11711 0.09464 0.09442 0.1829 0.14945 0.12772 0.12803 0.07512 0.09585 0.13931 0.18771 0.14967 0.13062 0.0 0.04352 0.0 0.13933 
1000.0 22.914 28.01221 33.44776 0.0 39.59978 40.42594 18.5342 32.25081 39.08071 18.22295 26.39126 0.0 10.56024 41.43312 38.23868 40.8432 25.72572 27.02226 30.94099 0.04133 15.26907 27.84768 10.201 26.88518 12.81366 18.67833 9.11484 19.41081 43.44454 17.94745 43.09632 44.4059 27.26626 29.21391 11.13554 29.11388 32.18128 29.91076 26.31633 37.64304 10.534 37.50717 31.42287 13.98334 27.81311 23.03804 0.0 39.06145 0.0 13.19119 
1000.0 28.61744 31.24164 35.47457 0.0 22.71221 22.3658 39.59801 10.96742 28.37146 26.12674 37.49204 0.0 32.57933 18.69128 20.87221 15.85177 17.20501 32.84765 25.32625 0.01712 24.54851 42.73151 27.88243 41.54248 12.82793 31.5959 40.3306 23.03322 33.34385 36.56035 20.71488 36.4706 10.94544 13.24213 36.45532 42.46186 28.04993 9.79755 30.61623 24.3676 36.66042 11.99841 34.7329 40.32771 11.3086 42.28366 0.0 15.53917 0.0 29.17591 
1000.0 26.02637 42.39404 17.15067 0.0 34.41098 22.97341 44.66628 25.65989 22.8777 29.16239 13.34444 0.0 9.30718 38.15224 30.62191 30.26234 26.55261 12.37074 12.53152 0.03263 44.05804 38.7085 17.60753 19.07945 30.76993 20.08226 16.38263 42.6378 30.50206 35.53861 29.9487 11.25087 25.89603 20.44761 24.49726 29.06472 32.85631 12.60488 20.29616 20.08031 31.7857 36.17588 9.8793 44.67653 29.43609 19.98969 0.0 40.94046 0.0 44.67633 
1000.0 31.6323 23.02086 24.6824 0.0 17.98905 36.09356 40.90489 22.78244 22.53648 44.43552 38.34129 0.0 35.46055 13.2781 14.23795 41.35617 17.69934 34.82429 40.06039 0.01904 42.90639 12.70969 41.34621 41.89229 39.20508 36.61416 9.14475 20.11175 31.60739 36.75227 11.17945 22.90751 40.14739 15.32718 42.53462 39.69007 22.29969 30.07635 24.56799 13.99255 25.68144 29.07477 16.01992 24.07406 42.83525 39.406 0.0 36.25677 0.0 23.08787 
1000.0 25.88414 24.36172 16.91962 0.0 35.91767 26.4708 20.70273 42.53099 12.05648 22.34992 39.16933 0.0 33.1233 25.83677 39.98945 11.78232 24.44044 41.58882 16.12591 0.01304 14.14233 31.84019 24.81263 13.41915 13.60108 44.30369 16.72571 17.21766 23.71337 34.03061 15.5524 39.51627 9.26608 33.83369 38.15014 32.69009 29.28802 32.72195 32.42308 29.91773 14.87295 40.61824 22.36828 13.00821 35.79171 30.35599 0.0 10.24753 0.0 30.45006 
1000.0 27.45498 10.08184 25.69812 0.0 15.77748 43.51095 39.42188 13.53029 18.66964 27.6171 43.79982 0.0 27.27101 21.24837 12.12426 12.46034 19.70274 15.89189 16.78285 0.03117 27.88727 11.31921 24.51378 24.26381 19.98874 26.12997 8.97226 42.82089 28.04323 42.88836 27.79224 15.16268 28.54676 13.50032 14.4071 22.69104 9.29823 12.88318 44.37666 23.51243 21.00101 9.38342 32.27763 28.22459 10.92843 32.17387 0.0 25.53286 0.0 10.22337 
1000.0 16.78517 44.59232 44.25839 0.0 25.49007 15.8031 11.21628 18.15189 33.04415 18.14541 24.29163 0.0 29.25602 43.30088 34.36564 38.65881 13.19273 37.95811 9.50989 0.01381 37.79484 28.14668 19.28202 42.38597 27.42934 14.80698 14.94792 23.69738 35.29378 40.00219 10.37448 38.26338 18.9469 25.67117 15.55308 14.37807 25.41131 12.37429 23.75133 32.64432 17.25587 36.65281 26.92154 42.10158 38.07961 42.27263 0.0 21.44801 0.0 38.10042 
1000.0 19.33561 21.3022 28.08882 0.0 31.29952 18.25851 12.01314 32.40071 14.59785 37.66565 13.75912 0.0 36.60906 21.79046 40.2178 40.87437 10.04745 40.1777 12.44298 0.01031 23.82164 37.68291 28.93639 22.44358 15.1133 12.69205 21.5169 43.82114 44.54144 19.36472 36.37303 41.751 18.88971 24.04617 31.75665 9.7465 9.16081 22.33859 38.74598 9.73491 42.03406 19.19825 24.8144 10.0436 20.65503 33.23903 0.0 26.94139 0.0 17.23256 
1000.0 41.97539 10.35391 33.08398 0.0 34.80025 11.6582 25.73843 32.95279 29.14044 44.47693 23.68901 0.0 19.07156 33.93964 34.16503 25.05113 37.37615 34.84483 41.50142 0.02992 17.81527 29.78555 33.70451 41.88865 27.51328 32.9678 34.4685 35.14395 35.63231 16.14111 35.02464 22.85726 40.84406 8.99249 17.97956 41.4767 25.23394 29.4965 23.52413 43.87894 41.71097 9.06267 11.01417 26.76151 38.93868 18.66538 0.0 13.72598 0.0 32.71559 
1000.0 30.68162 9.29191 24.71253 0.0 14.69563 40.49239 31.47448 11.80458 32.44172 24.66896 17.77334 0.0 25.75344 10.37677 44.14787 34.79472 12.52753 41.57834 13.68372 0.04672 31.64975 35.29097 11.30149 33.62935 16.84134 37.48566 33.73605 34.48664 38.00406 19.4464 15.10149 20.56114 36.87724 10.48429 25.9863 26.01383 15.31138 27.42817 12.94978 11.09585 37.48248 24.66697 27.88812 11.89229 36.21934 22.39555 0.0 12.75222 0.0 39.67715 
1000.0 35.3974 27.07973 16.35242 0.0 18.71837 39.7662 41.06332 34.8406 29.76233 36.97822 32.02917 0.0 30.25392 29.67198 44.1176 29.58573 39.17394 25.7166 11.63663 0.01665 39.77997 37.75003 24.76772 33.28437 10.53322 32.05655 21.12764 16.55718 35.14521 23.52962 36.66143 12.34066 41.33724 33.92616 19.96623 32.86058 35.32746 41.57397 10.58894 37.1596 32.28125 20.5798 37.36831 19.45308 17.08922 42.69641 0.0 37.49783 0.0 13.24237 
1000.0 44.74466 25.04487 8.97123 0.0 18.32679 35.29443 29.84903 35.01587 34.55011 31.28846 15.21874 0.0 10.08413 15.18854 15.52022 26.6694 38.17162 27.96052 26.50107 0.02076 31.4845 28.15764 31.60865 33.97612 22.77065 14.15253 11.04241 27.64325 43.21166 26.3555 43.56857 32.76273 37.93668 28.61742 32.63213 20.13767 26.35012 44.1322 19.62109 26.53075 34.71788 26.55292 22.82299 38.82659 24.89812 20.7626 0.0 29.06487 0.0 17.32903 
1000.0 18.89466 10.33041 18.47217 0.0 34.92732 9.12928 36.68241 16.06843 37.76474 38.49438 37.41795 0.0 27.70508 32.42683 10.06938 25.57066 44.29166 21.88706 10.54487 0.04571 41.15764 34.594 34.42146 38.80566 43.62774 32.68151 10.71631 26.33509 43.37612 23.37218 18.45128 9.71196 30.36273 21.94395 26.0364 38.13151 19.70286 23.5231 16.67035 26.70761 15.38105 24.09969 12.27369 33.35312 43.07361 44.16431 0.0 34.12432 0.0 12.46031 
1000.0 31.67254 43.08048 15.17812 0.0 29.14111 24.06163 10.6222 15.57054 27.72518 41.85228 21.90306 0.0 25.97881 39.94722 43.40075 21.99807 36.56511 10.12907 23.11539 0.02308 42.09032 26.84739 21.82242 40.12764 36.93686 20.6377 26.26611 36.20225 35.84663 35.03057 31.4507 34.72963 40.99241 25.31306 35.96011 25.83018 28.93242 42.77175 34.57733 40.20676 35.70375 25.41358 11.97109 29.64445 13.95308 35.69965 0.0 20.30894 0.0 13.15019 
1000.0 24.66242 43.0533 13.39031 0.0 20.26804 13.03121 10.04303 22.87664 42.59165 37.06283 37.9079 0.0 33.82275 39.18393 20.36046 39.54901 26.48297 16.23079 33.22674 0.03515 11.09504 37.35371 13.15438 38.51663 30.57987 13.9838 32.1102 16.78953 26.52648 34.2929 42.98783 32.98739 19.31826 33.6575 11.02745 38.02857 14.55356 35.31717 36.03546 9.77037 23.43019 38.51884 37.83123 14.77531 10.24991 26.66244 0.0 36.57546 0.0 28.14778 
1000.0 24.76778 9.24708 24.56166 0.0 40.08372 42.83722 30.60574 36.94952 31.17793 16.45188 34.87277 0.0 33.39475 27.6311 29.70717 10.13395 44.42217 29.81187 28.31802 0.03356 24.80332 13.67712 20.12183 44.30238 15.87829 17.0783 18.88723 34.19456 29.59267 15.75435 19.58631 37.8416 22.46915 43.08593 30.74852 30.38033 40.82582 29.63833 25.14837 14.04875 39.48968 22.31913 19.9079 25.66932 12.28924 29.25109 0.0 29.30643 0.0 10.68727 
1000.0 25.32192 14.69824 25.74876 0.0 34.22923 19.64084 15.47479 35.14624 20.88812 32.56057 12.39249 0.0 17.23158 24.78099 28.04464 19.01932 19.4033 25.7051 14.45034 0.02233 35.57804 23.68679 17.81647 17.17436 28.51322 44.4978 13.40267 19.37808 22.89909 13.80244 30.26211 30.66793 12.54253 32.48017 21.51386 44.54818 15.53241 34.39922 17.76581 10.28831 31.31691 21.58494 42.58978 17.44063 40.27758 30.08754 0.0 37.74863 0.0 16.4655 
1000.0 10.13766 15.37391 41.09602 0.0 9.90881 15.64496 29.73407 39.00077 27.55321 16.87618 11.80312 0.0 12.47719 27.3973 32.59885 34.72639 29.32115 17.3053 43.17735 0.02333 43.35644 32.50768 18.9018 34.67315 17.05102 26.07836 18.49456 20.21425 31.13301 29.93792 33.38083 30.22186 40.8607 42.23318 14.75509 41.1858 24.17261 36.20456 38.49381 29.3627 13.18438 24.68318 36.86132 22.86203 43.83008 11.91375 0.0 19.56696 0.0 22.23069 
1000.0 15.63397 22.91103 29.45038 0.0 11.09555 25.43974 32.32273 34.67129 23.3616 29.39795 14.20766 0.0 23.23966 20.33143 24.64869 14.84053 23.73618 25.11289 42.11834 0.03851 15.03586 22.84347 33.32442 19.98461 35.40128 9.91386 36.49323 37.53102 39.46604 24.97799 41.02745 34.05516 12.35537 38.91462 11.72423 30.9947 32.09456 9.97171 33.57043 43.61449 29.29564 18.60836 44.46488 27.23928 40.37145 14.77513 0.0 11.36678 0.0 28.24839 
1000.0 23.4625 36.55941 29.69868 0.0 35.4938 27.96092 37.0919 29.85703 37.15369 43.25935 22.93305 0.0 20.33585 43.93248 18.05608 13.74383 13.57439 36.53982 40.70245 0.03973 18.15034 27.23942 18.43586 27.08411 41.93733 37.93543 19.79831 33.21393 43.60428 21.93765 16.53879 40.97828 32.74535 32.90081 44.33086 16.63473 31.28872 27.99378 32.63495 36.83295 34.65837 24.61159 34.4153 13.62125 21.1186 42.92524 0.0 41.53631 0.0 35.45684 
1000.0 19.51636 29.23261 26.65826 0.0 22.83868 27.69453 19.72383 12.53918 44.35431 30.29606 16.98137 0.0 25.30355 26.74471 40.49995 34.76136 44.75453 19.12988 28.49505 0.01907 23.08455 29.25868 21.1059 23.85178 30.46826 35.93453 29.88713 29.04208 30.29068 16.49705 17.69859 24.45583 24.26557 12.6088 30.40703 15.14109 26.15308 33.47945 12.38724 35.29819 25.82283 20.6405 14.702 11.70108 12.78901 39.30609 0.0 15.08133 0.0 38.84725 
1000.0 28.62606 15.39996 39.47175 0.0 18.847 21.67628 22.40824 11.10206 29.11874 33.5954 9.71761 0.0 41.13271 34.12257 16.29987 17.97446 12.22414 43.24402 43.25519 0.03747 39.32642 17.93127 27.62375 17.07924 17.4485 9.92809 39.22145 32.17553 21.2587 10.48463 11.6337 9.73847 42.83168 23.23854 12.98999 38.01231 41.8139 25.26511 36.94518 21.84122 37.11299 40.84298 43.28868 40.62655 35.10431 34.76987 0.0 41.17404 0.0 18.554 
1000.0 23.01647 26.65379 18.02856 0.0 30.89579 30.812 31.98956 21.45001 23.32697 42.74448 13.91935 0.0 19.38985 41.67552 33.11526 38.3725 43.94728 42.26801 39.97674 0.03136 35.04369 44.78808 33.73332 28.04965 40.14915 17.2333 16.56902 23.5583 41.66646 27.09014 33.86307 40.79862 13.75313 19.80955 24.44755 21.00912 42.66421 20.1077 22.05822 29.27053 30.47719 11.08311 15.81185 38.65356 41.4235 28.81018 0.0 39.44339 0.0 28.93487 
1000.0 19.77362 31.11551 30.71731 0.0 12.19044 16.44028 42.7601 12.43345 12.93217 33.91821 15.12255 0.0 43.48241 21.32338 38.76843 42.60805 32.52933 27.90174 32.47242 0.01564 29.28688 41.93827 21.09279 28.47944 21.40083 43.45415 39.0754 27.78222 32.30857 29.90972 41.15451 16.62009 23.62653 15.50827 11.96819 35.40628 14.36615 18.34902 16.14102 33.34169 43.94662 40.9846 29.31312 30.07244 25.79254 32.09286 0.0 11.83739 0.0 29.77528 
1000.0 30.19053 19.95371 20.89598 0.0 37.21459 13.54567 38.94384 37.55547 41.66105 38.39522 33.54393 0.0 18.40938 19.30728 23.50382 13.06896 42.53045 37.4908 16.62004 0.02271 33.35136 40.90963 15.27805 37.4083 38.81996 9.4177 15.09157 34.83747 28.22341 30.75062 30.5525 9.56936 30.04841 31.05055 14.6847 24.28142 12.06328 28.5785 14.98907 20.38374 13.22133 34.60174 37.95848 16.80521 21.69667 33.09279 0.0 17.96917 0.0 36.64001 
1000.0 37.73862 16.14119 34.84287 0.0 32.97797 28.8765 15.14634 11.552 24.35128 27.09934 32.56351 0.0 38.01785 38.94536 14.10921 28.85767 9.22448 30.85347 26.14284 0.03317 26.57559 23.14343 24.59441 30.35848 14.55161 37.14187 36.01491 38.95457 37.73139 28.73493 18.85138 36.261 21.26414 24.16238 11.35443 17.37615 21.37536 39.46644 24.26998 39.80054 22.35225 9.47813 28.29656 14.57873 29.43552 41.32797 0.0 29.91718 0.0 37.77425 
1000.0 0.0 0.0 0.0 15.73459 0.0 0.0 0.0 0.0 0.0 0.0 0.0 31.15969 0.0 0.0 0.0 0.0 0.0 0.0 0.0 0.0 0.0 0.0 0.0 0.0 0.0 0.0 0.0 0.0 0.0 0.0 0.0 0.0 0.0 0.0 0.0 0.0 0.0 0.0 0.0 0.0 0.0 0.0 0.0 0.0 0.0 0.0 11.65675 0.0 34.1145 0.0 
1000.0 34.53353 16.27556 21.46506 0.0 24.47306 15.23848 42.16995 10.74836 42.04796 24.83917 15.09404 0.0 28.21595 19.84326 20.27104 33.97087 11.86127 28.67419 40.40772 0.01163 9.87578 42.4839 14.33229 30.77253 13.34963 14.62151 44.01593 40.81282 43.89472 32.13053 26.43188 13.8735 27.19088 35.10948 22.68032 28.38672 16.49414 25.20388 40.38065 17.16976 29.02968 36.08389 20.95304 20.19741 42.9536 22.17287 0.0 22.93345 0.0 27.47109 
1000.0 0.0 0.0 0.0 24.71772 0.0 0.0 0.0 0.0 0.0 0.0 0.0 38.05129 0.0 0.0 0.0 0.0 0.0 0.0 0.0 0.0 0.0 0.0 0.0 0.0 0.0 0.0 0.0 0.0 0.0 0.0 0.0 0.0 0.0 0.0 0.0 0.0 0.0 0.0 0.0 0.0 0.0 0.0 0.0 0.0 0.0 0.0 11.1997 0.0 21.06851 0.0 
1000.0 15.7073 23.53068 38.17445 0.0 41.24824 13.67352 41.71196 32.01663 36.07493 31.61497 31.09058 0.0 27.84061 19.1755 30.06254 27.45456 19.0232 18.92945 30.63238 0.01631 12.61935 18.67376 23.37079 21.94922 27.24408 36.54714 20.36693 33.58044 39.92226 33.87131 28.1731 32.04196 14.69255 13.89921 35.1083 16.59071 9.76243 36.47676 37.48712 36.90785 13.16897 44.62666 23.75654 39.96605 44.45465 9.56593 0.0 33.12155 0.0 19.37882 
