1000.0 1000.0 1000.0 1000.0 1000.0 1000.0 1000.0 1000.0 1000.0 1000.0 1000.0 1000.0 1000.0 1000.0 1000.0 1000.0 1000.0 1000.0 1000.0 1000.0 1000.0 1000.0 1000.0 1000.0 1000.0 1000.0 1000.0 1000.0 1000.0 1000.0 1000.0 1000.0 1000.0 1000.0 1000.0 1000.0 1000.0 1000.0 1000.0 1000.0 1000.0 1000.0 1000.0 1000.0 1000.0 1000.0 1000.0 1000.0 1000.0 1000.0 1000.0 
1000.0 24.04981 26.91706 30.82756 0.0 16.55807 20.65993 15.15963 28.37896 24.59087 28.44422 16.09492 0.0 14.45487 19.86823 13.28747 17.71189 14.92702 23.10412 12.48496 0.02031 24.73527 29.7703 20.32439 13.28901 8.47659 23.28467 9.61109 8.72316 30.94153 27.85716 13.36236 30.61703 31.13316 31.86199 27.57145 8.47899 32.23722 26.85271 12.41036 15.32092 30.18016 8.36036 29.4976 31.37945 30.9942 7.90097 0.0 9.05145 0.0 21.84727 
1000.0 9.7819 16.21923 13.24541 0.0 23.32392 11.81313 17.01363 10.29314 16.38502 6.72222 13.49564 0.0 13.5027 25.52927 27.06056 30.88808 20.05101 13.26806 29.55334 0.02617 27.32577 23.94149 17.91162 31.74026 11.38456 6.98456 18.73534 16.75036 26.27004 15.59684 26.45612 8.44751 26.88626 21.1156 16.54379 30.1479 7.82724 27.73751 20.52666 22.6965 17.56387 28.57381 25.77659 10.48663 19.02912 22.41305 0.0 32.24117 0.0 13.77057 
1000.0 10.27031 16.27641 11.79583 0.0 22.61174 6.77431 19.06729 16.85901 10.25738 21.96928 14.25812 0.0 18.59025 13.28543 25.91714 28.41393 15.10074 22.21925 21.76224 0.0261 12.53266 26.96314 30.61037 15.74989 29.34725 26.49825 25.3485 27.94956 8.48839 15.75428 23.62687 18.68027 23.88841 21.53856 27.05762 27.21463 32.0658 7.44449 16.79946 13.71174 20.99504 8.61583 29.73786 9.39643 30.79192 25.2295 0.0 12.92504 0.0 20.56898 
1000.0 0.0 0.0 0.0 19.52199 0.0 0.0 0.0 0.0 0.0 0.0 0.0 6.76162 0.0 0.0 0.0 0.0 0.0 0.0 0.0 0.0 0.0 0.0 0.0 0.0 0.0 0.0 0.0 0.0 0.0 0.0 0.0 0.0 0.0 0.0 0.0 0.0 0.0 0.0 0.0 0.0 0.0 0.0 0.0 0.0 0.0 0.0 31.65144 0.0 20.84838 0.0 
1000.0 10.84501 13.66837 6.74118 0.0 16.4512 23.62332 13.54671 32.02818 22.86179 21.16118 20.2663 0.0 15.57189 19.74845 15.03298 10.53901 15.07747 23.50482 14.46739 0.03484 15.07537 28.31701 17.54884 19.83621 21.96099 26.99398 26.73425 13.69048 22.39636 14.01448 17.37289 11.32062 19.56085 16.98338 7.88508 13.19375 18.70389 30.07324 8.36532 12.28237 29.86961 24.41431 28.73108 16.81669 7.39309 8.63921 0.0 15.47018 0.0 22.57866 
1000.0 15.11017 20.43826 29.3471 0.0 30.75776 13.72532 18.19464 20.59373 8.13389 23.5622 15.73615 0.0 25.69694 20.25537 17.3738 26.07395 30.18673 14.40936 15.8253 0.03094 23.05667 17.51667 26.42268 27.3293 8.24144 10.21733 21.25558 22.14198 7.94456 8.80167 19.74605 25.61938 7.18925 8.38899 26.36217 13.35883 9.80738 9.20265 22.8137 13.64169 24.81944 7.38954 11.86752 15.51796 17.63521 9.46315 0.0 18.39134 0.0 8.58477 
1000.0 19.41929 23.18894 31.46557 0.0 9.63592 20.68164 19.89634 13.09418 17.82351 26.42914 10.36019 0.0 14.29561 6.91476 13.26433 15.44529 8.51481 30.15259 23.13752 0.01333 31.11312 24.151 11.79968 24.80421 6.78621 31.94031 9.05187 7.98487 9.22714 15.39865 8.17935 19.28431 31.95343 18.63858 13.06784 17.22481 15.65635 20.88976 18.97756 13.34638 22.63248 31.26747 26.48631 20.52892 9.09162 8.23597 0.0 31.71081 0.0 17.04568 
1000.0 20.51516 13.56264 20.7193 0.0 26.65345 11.523 23.36407 26.79084 21.81707 7.79433 15.66918 0.0 11.78141 18.63788 20.60128 20.67005 24.74814 12.90626 19.83905 0.01016 19.62734 12.16452 28.86461 31.99412 29.50761 19.86029 27.96773 24.54215 27.58691 21.31971 6.48929 15.26897 13.34311 18.38957 30.38289 21.70862 15.87647 6.93408 17.03675 23.47998 18.48019 8.25708 25.37117 20.3711 9.62241 8.52647 0.0 18.25123 0.0 16.67843 
1000.0 19.49947 17.60559 27.06534 0.0 32.07554 31.15695 27.68438 25.55749 21.31391 18.80534 21.05486 0.0 22.88708 30.12239 14.69446 23.6876 23.07159 6.5246 21.82092 0.02359 29.96392 31.19718 8.48062 20.64385 19.99708 15.60015 17.18304 26.13566 17.91619 29.38342 7.51261 24.14982 19.04067 29.94791 28.4089 28.84451 12.05909 23.06862 12.45178 8.24216 27.42659 11.17347 9.35336 28.15703 31.06539 21.90219 0.0 28.05014 0.0 6.73112 
1000.0 23.20742 11.70553 27.41878 0.0 19.91517 31.28646 8.21833 18.29099 24.29019 7.50049 31.76144 0.0 9.06938 15.23292 23.08908 15.40627 12.80285 12.43191 14.05582 0.03221 11.95213 22.74482 16.24453 9.59199 10.09251 25.97682 15.01066 8.18833 24.67565 22.7716 10.57146 16.77592 28.36683 21.9236 27.46801 28.84054 21.68068 20.59802 11.9677 8.9294 15.79289 28.65417 14.36072 25.69265 14.14884 19.02277 0.0 28.59521 0.0 25.31667 
1000.0 22.84861 23.62948 30.71701 0.0 14.91238 24.45765 22.26389 11.76554 11.73356 14.94061 19.20348 0.0 24.01707 26.87802 19.74513 29.40333 16.18178 31.67659 30.68214 0.0189 16.66119 17.64329 29.94986 11.62998 14.62247 25.27036 26.78902 24.18132 31.49687 10.13392 10.06897 27.88266 30.02419 22.97778 24.87714 22.45141 32.1159 24.45066 12.21407 19.39187 6.45455 10.08086 25.56189 18.30049 18.86196 17.57328 0.0 13.69647 0.0 31.38155 
1000.0 0.0 0.0 0.0 31.0174 0.0 0.0 0.0 0.0 0.0 0.0 0.0 24.8219 0.0 0.0 0.0 0.0 0.0 0.0 0.0 0.0 0.0 0.0 0.0 0.0 0.0 0.0 0.0 0.0 0.0 0.0 0.0 0.0 0.0 0.0 0.0 0.0 0.0 0.0 0.0 0.0 0.0 0.0 0.0 0.0 0.0 0.0 9.8198 0.0 28.8412 0.0 
1000.0 27.17283 29.06495 30.2803 0.0 26.84272 27.05983 23.6429 30.28522 28.01185 27.74537 29.21101 0.0 11.93367 28.80171 14.25537 8.61355 6.95235 14.21426 21.40577 0.03504 22.83065 14.98995 13.02177 7.16459 27.96062 11.69793 14.21181 31.31812 10.60382 23.49297 18.30172 7.83606 17.34729 23.65572 26.00703 18.22056 22.21715 17.75729 17.33782 11.04845 20.5 6.53833 26.09678 11.25861 28.49712 24.93085 0.0 23.2648 0.0 9.00228 
1000.0 30.16489 12.70912 6.68289 0.0 30.6281 16.23803 14.70119 10.26589 16.5177 18.36235 30.32779 0.0 24.84623 14.97712 26.1422 19.12776 17.76542 15.85294 15.19948 0.01088 21.14252 8.17487 24.53919 27.01126 13.30003 31.61487 26.26687 16.20651 6.57469 10.28916 27.22155 29.64539 15.92576 15.98858 11.33584 14.68694 8.30952 15.3175 16.28231 14.98782 22.41675 10.14857 14.27675 29.9908 15.31429 23.73201 0.0 21.51893 0.0 31.46172 
1000.0 16.73843 23.88475 22.65435 0.0 23.03762 13.07553 30.18512 30.99689 6.54741 18.73182 30.24391 0.0 20.48896 13.96729 17.7755 10.8882 31.03998 31.98867 12.21133 0.02717 12.30624 24.58422 17.41845 8.27738 12.67342 14.80451 13.15837 21.33363 14.21801 17.19296 31.27607 20.90191 24.74764 20.47816 25.67008 11.21683 14.55866 13.3545 19.66444 24.40988 22.85229 9.11945 24.09309 13.19297 28.33189 15.90795 0.0 23.24088 0.0 29.05157 
1000.0 27.48861 18.80904 29.83196 0.0 18.04305 24.62526 22.82573 28.93898 7.1668 30.9144 12.62628 0.0 19.15547 8.08116 10.36516 27.22799 25.79875 21.19048 22.37305 0.0297 14.16711 25.42955 18.5439 27.24353 26.94096 20.49075 17.63207 18.81508 8.46531 30.0302 16.29081 26.70724 16.7386 12.34426 10.00134 26.28108 31.96546 7.75631 15.19291 26.92866 31.60484 31.33113 10.39614 15.56287 12.26184 19.52318 0.0 8.94835 0.0 13.00117 
1000.0 26.84458 15.34144 19.67216 0.0 9.22228 14.41308 21.76862 17.35665 22.84161 17.98367 17.85789 0.0 17.86256 28.37729 7.44927 10.00074 32.01402 18.96209 20.68826 0.0291 9.85318 27.52206 12.25087 27.19357 27.51031 14.08908 13.83849 12.52125 20.42308 21.9834 24.62396 19.88455 29.38326 32.03335 6.65095 23.26769 9.03449 10.27721 16.73875 29.24582 19.01531 13.80633 28.96964 8.27886 17.99007 9.12594 0.0 27.92008 0.0 19.72696 
1000.0 7.92566 29.63858 12.97081 0.0 19.3009 11.20324 25.56824 14.99417 12.34148 27.35778 24.91742 0.0 14.09976 15.05079 21.62384 30.05088 12.56902 16.29191 10.12407 0.02284 20.45783 15.21542 8.73172 22.27711 21.46687 14.47561 29.63528 14.93974 7.19991 25.67179 26.67777 11.00638 27.16523 14.50272 20.53533 15.92786 13.24787 23.13445 23.44831 9.47715 25.87006 8.32298 13.82383 12.47128 26.73247 24.57186 0.0 12.89736 0.0 23.839 
1000.0 25.44097 12.02348 22.49113 0.0 29.1967 26.08477 15.04905 25.9348 18.01954 8.1848 24.14512 0.0 16.96406 19.93105 26.35548 13.86328 26.47871 21.08133 14.50758 0.03932 25.09714 20.58698 27.08573 26.07412 25.26046 28.71442 28.92862 16.79405 23.86793 26.14619 24.49541 27.52959 14.14945 22.86504 12.67393 16.02085 8.21662 24.79161 25.22048 28.43975 12.67312 21.16593 17.22482 10.40645 10.65267 28.99404 0.0 29.41507 0.0 31.22351 
1000.0 0.03762 0.12194 0.04589 0.0 0.14621 0.13474 0.14105 0.06862 0.12132 0.09321 0.06784 0.0 0.08339 0.0658 0.12756 0.12325 0.11987 0.06018 0.14074 24.82308 0.15071 0.08927 0.07828 0.1181 0.05195 0.11348 0.04635 0.0433 0.1575 0.15213 0.05128 0.0639 0.04947 0.13781 0.05651 0.07333 0.05175 0.05962 0.05246 0.14189 0.10159 0.13687 0.03865 0.16064 0.06091 0.14324 0.0 0.04908 0.0 0.07628 
1000.0 12.20151 16.35595 19.65455 0.0 12.44185 7.55943 31.3142 12.73704 18.01127 21.42834 30.012 0.0 27.05151 7.09262 11.55863 11.30555 15.80846 29.4962 7.44396 0.03657 16.46301 21.88478 24.73398 14.28576 15.46609 27.08258 31.33407 28.1022 26.16419 29.34307 14.42884 10.68079 23.01153 15.09878 22.82281 29.53209 19.4638 27.08296 12.72348 14.06078 26.29819 13.9929 23.90928 21.78031 24.76595 10.37551 0.0 10.25241 0.0 29.97142 
1000.0 31.66637 28.35425 30.49689 0.0 31.99253 22.51263 11.29308 29.80957 13.12322 15.90625 23.08443 0.0 21.85153 12.11873 12.12011 7.90152 28.88364 13.55637 31.3022 0.0206 12.95754 24.31378 20.45862 24.43216 29.66511 29.50245 27.06068 15.17974 17.15191 26.12965 15.63795 10.56394 19.44819 11.3803 11.5889 29.24156 27.33476 27.43355 26.82507 7.53076 13.64715 30.34571 32.25923 27.4285 15.93065 18.09312 0.0 21.38274 0.0 27.00568 
1000.0 20.14287 26.45897 25.5314 0.0 12.03216 9.7765 15.59773 13.80378 24.97953 23.24357 12.20268 0.0 30.99893 6.8091 17.44061 12.00617 9.21722 10.63383 25.1394 0.03022 21.68296 21.76551 10.50158 20.77692 6.71464 16.10702 19.64305 18.64237 17.3331 23.20486 14.02615 30.57443 25.99005 13.93034 8.78891 20.68503 29.1124 23.13107 15.80278 17.11304 16.10974 26.70173 7.8089 7.57955 30.84985 25.73332 0.0 27.101 0.0 11.55242 
1000.0 8.88846 12.98552 13.45615 0.0 13.77836 17.19802 11.11931 7.85475 22.18929 22.74116 29.17231 0.0 27.5747 18.8287 9.20426 18.15783 23.43431 13.53573 25.88663 0.02745 10.67529 15.79583 9.67131 19.18909 7.90084 14.15192 8.71796 8.98226 18.45625 11.59096 20.63663 27.35936 28.53016 8.44376 15.73799 9.35993 24.95518 17.78276 27.72679 8.58516 19.68552 23.08951 17.54664 26.21602 12.81255 11.55045 0.0 9.51151 0.0 9.59371 
1000.0 14.46062 23.60505 19.12745 0.0 29.95563 25.61073 27.78607 13.30291 7.0399 24.9399 7.45916 0.0 19.1953 9.87314 16.61846 11.26492 20.48401 6.67823 29.59235 0.01913 17.17105 28.43816 30.66174 19.882 11.26641 13.6473 31.81159 15.03319 19.20022 6.5392 19.85084 32.04346 12.47116 24.89338 7.37606 13.10959 30.9776 18.20878 30.7905 20.74967 10.95113 13.76655 7.03945 22.64778 31.22047 30.26104 0.0 26.15652 0.0 31.09802 
1000.0 13.70221 31.52406 27.10348 0.0 6.71708 21.48958 26.43645 12.23689 21.73072 23.70928 9.51674 0.0 31.15203 6.88534 31.8809 12.84274 23.41608 7.68935 27.91715 0.03878 30.65338 11.11854 26.51423 16.68513 9.13337 20.30205 22.20407 26.23006 7.00759 15.34645 26.23489 6.70453 28.85513 18.73335 18.36544 21.79012 22.08725 23.14331 27.24855 27.03597 6.65149 12.87967 22.81792 29.22049 18.44632 26.7617 0.0 7.59664 0.0 14.53178 
1000.0 12.28098 28.24911 22.64429 0.0 29.6707 21.16932 27.78143 32.19814 9.32841 19.86406 13.50926 0.0 14.1585 27.72973 26.54505 22.87336 27.28572 29.14749 8.22962 0.01159 10.60334 16.70938 27.55551 9.99326 27.89072 7.36623 15.7135 12.54499 30.30983 15.14025 26.6298 26.36639 10.64781 16.8625 24.74099 7.12667 16.07547 16.12612 11.35979 19.98214 21.44638 11.62231 29.6677 9.29111 23.4004 20.40388 0.0 24.47629 0.0 20.07294 
1000.0 7.0029 14.29823 10.30866 0.0 21.17189 27.33264 23.34492 23.65581 32.015 19.20845 10.64779 0.0 26.26327 30.77894 15.63797 24.66623 18.16957 14.20719 29.80071 0.03609 17.52177 13.13039 30.37885 28.64076 9.19671 15.80726 31.23916 6.9288 14.89678 24.84013 27.63235 26.87816 11.33149 28.35639 16.06523 29.33912 8.62994 28.36097 21.99918 17.31707 13.72258 17.49229 9.12971 27.76901 24.37105 20.18838 0.0 11.82188 0.0 27.00315 
1000.0 14.05614 20.47341 25.38332 0.0 15.4791 10.93937 26.57332 8.98487 28.14747 25.54083 7.7215 0.0 14.56548 24.17144 14.66356 19.80885 17.01208 17.18178 7.02406 0.02689 21.41768 30.76291 17.86243 24.49967 24.61567 24.59988 12.29657 20.92682 7.19376 26.35305 25.69493 31.04887 7.99065 23.40358 21.32407 7.9357 29.67867 22.62825 11.47171 29.14283 26.53041 13.31991 22.48412 8.05099 20.12763 28.95453 0.0 10.40533 0.0 30.53955 
1000.0 6.93387 21.44877 26.86327 0.0 27.09197 20.17596 19.12395 11.17042 28.14791 11.63309 20.05261 0.0 30.6312 19.57538 14.1692 9.3389 12.79242 27.46187 21.04201 0.03374 12.49679 12.39004 18.09589 24.99699 31.07863 22.61749 14.84352 12.84975 26.2732 25.02934 31.63137 9.38028 8.62359 6.5211 23.62543 23.02219 16.78803 12.45224 15.37949 24.10088 25.26403 27.07413 27.39962 26.60635 19.28372 24.13557 0.0 9.64379 0.0 30.47904 
1000.0 25.03629 20.7152 19.40786 0.0 25.80552 16.98265 30.46329 9.02783 24.99243 19.0261 22.99802 0.0 27.17556 31.45144 21.70789 8.88445 27.85677 21.44825 12.03659 0.02187 8.27503 32.07042 24.35556 8.73209 25.73541 11.06459 25.37745 18.13169 12.59036 11.60613 14.50514 27.46096 9.7271 21.73801 30.11331 20.53404 6.78377 10.99454 18.05114 29.99476 11.66871 21.28802 28.93203 9.20505 8.87452 10.56677 0.0 13.20266 0.0 27.32776 
1000.0 18.39189 18.06939 23.47832 0.0 16.98954 8.64349 10.78275 29.54291 24.91128 11.65383 13.11021 0.0 28.8027 21.58233 30.4879 7.26416 8.66157 19.51047 30.03388 0.02675 11.93149 30.53838 8.34943 9.08197 10.84817 9.2396 31.26713 20.40764 14.36143 16.30948 24.32495 26.47072 17.56641 15.14888 8.07619 17.97243 17.55728 15.37542 22.25378 30.34962 26.11367 16.45999 17.68904 19.77847 10.97418 24.72033 0.0 8.34026 0.0 13.21478 
1000.0 26.63229 16.75973 8.185 0.0 23.1818 16.98507 15.51396 7.93473 12.61389 18.25054 27.42148 0.0 13.102 16.29659 30.23751 18.83164 12.42475 21.81374 31.35159 0.03604 7.58052 23.68524 8.38379 21.05054 30.01285 22.28247 31.7216 21.38104 26.32292 8.73947 23.72358 25.99154 13.35609 28.01165 30.97922 19.38068 15.84481 30.48832 11.03634 20.54161 24.3812 28.83423 6.71152 20.64589 22.5284 22.58099 0.0 12.8046 0.0 30.97788 
1000.0 25.32705 13.44583 21.23346 0.0 31.5287 17.49241 23.87299 10.72623 29.15429 24.01317 26.26413 0.0 27.95088 9.903 11.38787 13.90611 8.62935 7.9793 8.66948 0.01403 21.92986 9.7961 30.2692 14.58186 16.38054 14.32492 9.39117 19.94795 14.88824 15.20632 11.70442 24.21929 26.93615 25.05335 21.28327 25.03763 6.70367 9.17358 28.23378 8.34135 17.59552 10.74894 7.42224 15.4166 14.23841 14.75707 0.0 16.39467 0.0 9.07008 
1000.0 20.7677 12.15855 28.4646 0.0 30.31915 14.91009 7.28427 17.08252 10.10559 16.35337 11.47003 0.0 25.88886 27.52606 10.1465 21.13556 26.40445 30.50434 6.68839 0.01677 8.89409 7.29121 32.17743 22.67739 23.44601 22.27821 24.34543 17.11601 18.49546 27.58447 8.48025 10.49314 31.06922 29.28777 18.85713 25.00652 18.904 18.25284 30.2168 20.77532 24.22444 17.47108 21.24766 28.68499 31.37403 13.86863 0.0 23.70912 0.0 30.87473 
1000.0 24.81132 25.87708 14.25404 0.0 18.55302 28.2096 10.50342 14.48489 30.76432 14.21827 24.2644 0.0 29.46629 7.31532 27.24723 30.92079 10.41244 8.78439 8.09336 0.0178 7.5189 20.59734 8.01468 30.96919 13.52512 23.30417 29.8971 14.23755 17.72509 26.02651 29.90563 8.74997 10.56166 17.12535 9.66259 23.99725 31.90371 26.99348 15.53539 23.0866 21.81014 25.48627 16.01733 27.08389 8.85276 6.86041 0.0 32.16502 0.0 19.55727 
1000.0 12.41484 9.01565 25.75743 0.0 31.92154 23.05621 29.1655 25.38641 31.15435 27.60112 12.09469 0.0 29.80518 22.45381 16.44056 9.94866 25.3971 10.59287 22.8179 0.03359 17.13898 15.83725 26.18586 17.37405 29.633 9.77416 24.74832 16.72996 17.13832 11.11508 30.42903 18.6108 9.19182 27.9154 21.98745 17.296 21.14007 22.90736 9.33988 10.17173 13.73074 19.26239 29.40761 27.51126 30.73934 15.86335 0.0 12.75484 0.0 16.36453 
1000.0 11.00286 9.52442 23.04465 0.0 14.41404 8.30731 8.70378 30.31319 31.81191 14.74976 9.19177 0.0 16.54653 16.31097 24.01897 17.42563 28.28696 25.78842 18.85945 0.02486 31.26495 31.94775 15.79068 24.0749 9.06352 24.33187 13.60024 29.86296 20.01333 13.1085 10.04657 20.40576 20.72053 17.11718 15.00894 15.94799 29.60895 25.90559 19.82359 14.07212 32.2608 30.50257 27.18295 18.5213 7.89402 16.7871 0.0 12.19096 0.0 25.5182 
1000.0 25.10283 22.79427 29.56159 0.0 9.81054 25.22739 20.66882 21.07011 15.67183 17.51437 14.49353 0.0 16.20824 15.30889 21.84559 11.27808 13.34438 9.6611 31.16861 0.01307 13.15381 19.61902 9.85273 30.62194 31.94377 22.60338 27.00822 31.87791 18.81334 28.98933 16.42487 8.07757 7.92334 6.8464 20.86522 26.83923 21.86016 28.3778 30.72041 14.58168 27.04358 25.31289 27.18686 20.90931 7.75247 19.04443 0.0 8.42755 0.0 31.69001 
1000.0 16.32851 20.05569 24.18194 0.0 15.98415 7.14192 15.65453 15.75317 28.76052 15.42408 16.08974 0.0 16.19608 22.36034 10.59003 23.28738 27.67044 20.46647 12.21195 0.01113 21.43294 24.21516 28.83736 17.01075 14.49676 22.98454 15.7201 30.39881 10.36095 27.26556 21.46875 16.74842 27.40246 26.81128 25.21384 13.70298 13.59273 9.80806 28.15568 15.64544 29.96288 6.98488 20.41331 28.426 11.04605 9.76018 0.0 27.472 0.0 10.96099 
1000.0 26.68798 15.8658 31.12435 0.0 17.9687 8.13051 14.8595 20.86949 7.77629 16.3813 15.67133 0.0 12.36913 15.14536 30.0741 8.20848 12.68807 24.41063 30.86546 0.01991 30.17486 31.93722 6.78688 17.41311 12.94783 11.95182 15.17558 6.9117 30.97112 10.58308 24.63182 19.21972 17.40249 6.8822 29.47759 9.10458 27.63149 25.58442 25.51819 8.75135 8.97883 26.09552 17.02697 14.18974 21.35657 19.52688 0.0 6.67952 0.0 26.87173 
1000.0 28.25137 29.91682 21.10095 0.0 31.20828 11.32548 18.99732 24.46461 26.42707 28.20886 20.4224 0.0 13.56317 23.94973 24.37686 27.92038 9.6286 10.3518 17.27994 0.00967 25.4371 21.36705 25.7532 18.56334 27.05607 24.48222 25.25411 7.53681 7.74719 21.05197 16.57072 25.88601 12.30493 24.22902 25.37328 7.83632 24.72136 14.24386 14.56192 25.02995 20.24401 7.53617 28.75419 30.66032 14.7227 30.85205 0.0 14.40985 0.0 12.35269 
1000.0 27.57421 17.8942 19.43475 0.0 17.97441 7.26117 24.12126 27.6848 20.56491 18.84244 31.86045 0.0 32.15584 11.13256 31.91224 27.74148 11.22106 11.64661 26.79671 0.03829 26.07323 12.5964 21.42337 8.01285 23.9746 26.71545 20.92567 10.6212 10.91937 20.4741 25.42654 23.34998 9.63939 16.52967 6.92547 16.33719 20.42609 10.12753 14.57838 18.60923 31.5258 13.50144 28.68534 12.47873 12.78711 32.03022 0.0 12.59875 0.0 31.01869 
1000.0 17.08014 16.44593 32.04182 0.0 24.23191 14.46552 19.22731 15.64352 25.29525 17.15928 28.20173 0.0 29.91799 30.28335 30.77354 28.33359 24.04434 25.45044 20.72952 0.02429 20.95835 19.7932 17.7063 27.02485 15.05419 18.69052 14.07583 20.03806 22.7095 25.63073 7.82965 12.36948 21.24715 24.6106 14.39848 9.97951 27.90948 12.47387 31.62089 21.54789 17.32131 26.84553 7.96998 11.41032 10.59709 31.85145 0.0 25.96172 0.0 7.43755 
1000.0 19.04722 17.66407 16.23566 0.0 23.31507 17.84268 12.97755 28.2592 30.6359 9.9634 10.28569 0.0 6.97855 26.45415 28.89514 9.02136 6.62049 25.76966 19.6598 0.01365 15.77759 6.95421 16.69656 15.84274 16.59614 10.58394 28.25831 27.61082 15.50898 24.60653 19.17817 17.24773 19.97568 12.42579 18.66847 11.21223 26.38514 19.38131 31.47968 8.37885 14.368 12.76895 28.88345 26.38095 29.90646 8.02091 0.0 6.91733 0.0 24.1609 
1000.0 19.03299 10.89277 7.67129 0.0 19.99735 17.73904 17.70904 14.39168 19.15414 22.1358 29.9773 0.0 17.37557 20.68853 29.93956 20.2486 7.97603 15.4662 7.47127 0.03826 27.68578 23.87275 26.68771 12.25045 29.49177 6.96058 13.97466 28.65974 30.23638 20.96783 9.18954 32.26237 6.50039 11.06229 7.93116 9.10438 11.57542 17.43184 31.9692 14.86975 9.22781 27.59194 25.45338 21.31304 22.29961 15.90539 0.0 6.76412 0.0 6.91166 
1000.0 0.0 0.0 0.0 6.46953 0.0 0.0 0.0 0.0 0.0 0.0 0.0 31.69465 0.0 0.0 0.0 0.0 0.0 0.0 0.0 0.0 0.0 0.0 0.0 0.0 0.0 0.0 0.0 0.0 0.0 0.0 0.0 0.0 0.0 0.0 0.0 0.0 0.0 0.0 0.0 0.0 0.0 0.0 0.0 0.0 0.0 0.0 23.08627 0.0 23.91173 0.0 
1000.0 27.96562 18.1618 17.47324 0.0 12.00797 18.00486 28.36806 17.6183 11.25917 27.11905 24.10324 0.0 8.21017 13.31431 32.05006 29.78392 16.94836 7.4074 31.03819 0.01569 7.85556 22.10895 19.29642 24.76878 13.38356 28.53783 9.7397 10.9863 26.39061 8.22969 9.33368 10.68896 15.85136 30.6149 8.92447 30.57029 14.96935 22.76692 7.63928 31.53674 23.03959 23.39805 14.06003 12.40773 27.94628 30.47094 0.0 15.45121 0.0 17.6825 
1000.0 0.0 0.0 0.0 26.68028 0.0 0.0 0.0 0.0 0.0 0.0 0.0 9.39497 0.0 0.0 0.0 0.0 0.0 0.0 0.0 0.0 0.0 0.0 0.0 0.0 0.0 0.0 0.0 0.0 0.0 0.0 0.0 0.0 0.0 0.0 0.0 0.0 0.0 0.0 0.0 0.0 0.0 0.0 0.0 0.0 0.0 0.0 11.63801 0.0 26.89255 0.0 
1000.0 11.34783 14.84311 14.21743 0.0 21.84635 23.74646 27.64569 16.00584 28.38757 9.63352 19.81763 0.0 15.54507 10.85624 7.0849 15.27252 27.65743 17.05998 32.228 0.01037 19.76731 25.07873 30.6005 20.74245 30.96721 9.73866 25.66721 25.73083 22.81986 18.57846 22.87596 8.33592 13.55943 8.53455 10.56841 26.1281 18.33821 10.0393 13.79239 7.99695 15.75245 11.87067 31.54461 12.04204 12.00197 25.98963 0.0 23.77057 0.0 26.11856 
