1000.0 1000.0 1000.0 1000.0 1000.0 1000.0 1000.0 1000.0 1000.0 1000.0 1000.0 1000.0 1000.0 1000.0 1000.0 1000.0 1000.0 1000.0 1000.0 1000.0 1000.0 1000.0 1000.0 1000.0 1000.0 1000.0 1000.0 1000.0 1000.0 1000.0 1000.0 1000.0 1000.0 1000.0 1000.0 1000.0 1000.0 1000.0 1000.0 1000.0 1000.0 1000.0 1000.0 1000.0 1000.0 1000.0 1000.0 1000.0 1000.0 1000.0 1000.0 
1000.0 36.97581 19.1809 27.45477 0.0 16.97421 20.34915 34.2872 31.25599 28.16209 15.96999 10.56663 0.0 39.71451 32.54603 8.63074 31.01886 16.19136 24.25288 17.22593 0.02089 22.01901 36.75756 21.86919 15.35095 35.11574 40.27994 18.64119 21.30297 10.71567 33.25569 19.20791 25.75444 38.37403 32.55749 37.72018 17.44955 15.94532 26.97604 38.20978 27.30353 13.92442 34.87427 31.81546 31.91577 40.0677 35.49771 0.0 12.47773 0.0 8.77643 
1000.0 23.20928 16.25143 21.89685 0.0 15.75387 34.16877 23.57944 23.10045 23.43375 39.03051 23.05538 0.0 34.08669 37.67333 33.09672 8.99346 12.23063 15.81793 33.85867 0.02207 23.47354 30.56792 9.91089 37.52914 39.76814 19.03401 20.94144 19.7342 19.5434 32.12489 14.63523 12.66652 8.8046 20.78885 39.84026 18.78679 10.517 27.55691 37.14728 38.59331 24.57309 17.76694 31.02125 29.93614 29.53422 15.93186 0.0 12.49907 0.0 12.7683 
1000.0 33.38007 14.84145 36.94029 0.0 26.39649 19.0752 39.1775 20.6255 30.94942 11.03267 26.65776 0.0 32.54485 34.24835 23.07664 9.11218 38.08643 39.32008 25.80687 0.04334 31.0001 22.43952 28.27843 37.45398 36.26542 17.82504 13.67161 18.89791 27.47174 29.50374 13.34957 37.41999 40.26175 30.76462 26.82351 32.26941 16.57879 29.3172 31.11794 22.77546 8.28201 31.98051 24.99868 12.96723 19.76332 20.90041 0.0 24.64642 0.0 28.09116 
1000.0 0.0 0.0 0.0 14.82036 0.0 0.0 0.0 0.0 0.0 0.0 0.0 15.23471 0.0 0.0 0.0 0.0 0.0 0.0 0.0 0.0 0.0 0.0 0.0 0.0 0.0 0.0 0.0 0.0 0.0 0.0 0.0 0.0 0.0 0.0 0.0 0.0 0.0 0.0 0.0 0.0 0.0 0.0 0.0 0.0 0.0 0.0 33.3412 0.0 26.06272 0.0 
1000.0 29.85102 17.8639 35.70205 0.0 10.92943 24.11564 14.16184 35.13449 14.91845 17.37542 30.72025 0.0 30.01721 18.87311 23.96553 37.4028 39.32291 13.51372 10.6667 0.03843 22.71712 23.81126 9.70533 14.01955 31.02166 28.43906 29.72525 29.53493 19.55558 31.997 14.36072 22.59512 37.14474 8.64459 38.15618 32.33714 27.77625 17.82528 11.08924 35.84088 29.25229 31.48939 30.03893 31.52259 35.96388 22.48318 0.0 9.56745 0.0 37.49673 
1000.0 33.9562 36.66595 20.76681 0.0 32.82513 24.34536 36.9966 38.37737 19.63062 29.24987 31.65358 0.0 21.9552 24.4864 39.54399 28.0306 25.35805 22.47836 15.85149 0.01309 8.75205 20.61875 22.53482 14.33737 40.41434 28.5501 20.35993 19.94669 24.56996 34.88055 39.07951 28.83836 29.20615 28.69918 38.92025 36.07341 28.99095 28.69213 16.49706 23.3982 22.50532 27.07784 40.161 8.17305 12.17617 29.50325 0.0 24.45919 0.0 32.70461 
1000.0 22.15726 18.50582 18.45205 0.0 17.66953 16.28287 21.94254 33.5735 15.45048 26.73689 12.90408 0.0 16.65096 33.21427 34.66516 38.99675 30.62928 9.19835 38.39398 0.0122 37.89108 26.39597 31.4404 18.5565 37.24773 31.9104 14.11995 34.50755 33.81683 39.66682 12.65586 11.13204 23.76366 18.16616 31.17561 26.35046 29.56968 17.02008 23.90888 35.48311 13.23592 19.50735 31.17528 25.26396 27.92041 9.35847 0.0 19.59325 0.0 30.33392 
1000.0 13.66498 26.94774 28.50431 0.0 25.26901 24.08052 10.78603 38.51839 21.51325 29.23014 36.82775 0.0 14.34207 14.10558 27.73506 30.33041 21.35383 26.48811 29.44518 0.04078 11.21268 29.89145 31.90707 40.32449 36.08028 32.01708 36.18571 33.29516 19.52683 13.33409 24.95928 17.59302 29.15609 12.40198 35.82624 34.40004 12.36444 10.60917 14.44147 8.69389 32.43921 24.44066 25.18721 15.20867 33.31154 20.19176 0.0 37.08541 0.0 29.15603 
1000.0 9.21851 18.03681 14.8518 0.0 24.04932 37.2994 27.05756 21.23798 27.95956 11.76614 17.15879 0.0 32.09872 11.09716 12.11746 17.51498 28.67415 12.33125 34.62202 0.03303 33.77357 14.2954 37.65087 27.43222 37.25439 14.55545 11.72873 20.47833 36.89904 15.22122 29.28516 8.76089 32.52616 17.83333 16.1109 34.71768 16.59498 9.17939 21.33236 32.46664 18.67522 28.23391 22.21524 17.40763 15.47748 16.88599 0.0 30.7892 0.0 25.50927 
1000.0 25.12638 25.12763 15.68833 0.0 15.53359 25.88347 9.30634 35.23711 40.04602 13.64585 15.83068 0.0 33.05998 31.22461 40.39984 31.40504 21.44356 19.50698 19.57239 0.0437 15.53006 25.58735 23.91609 27.75039 12.86774 21.62433 22.50263 36.49213 17.76835 11.68449 17.44191 15.01891 27.4313 39.58767 14.50523 23.76025 25.37671 37.667 28.88258 35.31122 34.11376 12.55066 31.81493 16.19524 19.65618 23.47132 0.0 31.43689 0.0 26.73724 
1000.0 29.85066 13.57449 23.89829 0.0 16.24897 17.31326 9.21733 10.16288 28.75771 35.68143 10.2028 0.0 20.52211 39.62647 12.86563 39.13575 9.36481 34.26328 38.37671 0.02229 29.88536 35.60433 24.82418 8.63473 26.82115 8.70923 25.55113 10.24046 34.01771 22.41262 9.94695 9.63542 23.01066 31.70798 31.41731 16.16695 26.08708 14.81978 15.79707 15.9184 21.70829 10.85095 24.78126 12.79049 32.90214 15.63162 0.0 40.13196 0.0 36.46495 
1000.0 0.0 0.0 0.0 15.50121 0.0 0.0 0.0 0.0 0.0 0.0 0.0 34.17436 0.0 0.0 0.0 0.0 0.0 0.0 0.0 0.0 0.0 0.0 0.0 0.0 0.0 0.0 0.0 0.0 0.0 0.0 0.0 0.0 0.0 0.0 0.0 0.0 0.0 0.0 0.0 0.0 0.0 0.0 0.0 0.0 0.0 0.0 32.96441 0.0 11.40638 0.0 
1000.0 23.89154 39.41544 23.04342 0.0 39.39775 21.73583 19.92013 35.59991 11.97295 20.7816 8.9198 0.0 22.59577 17.15071 20.94272 26.84938 35.98415 38.25865 11.73035 0.03404 28.89882 20.44559 34.50785 16.55108 27.60964 14.76258 35.91637 13.76686 22.58515 40.14817 18.99492 38.24568 35.00729 12.89942 34.60783 39.70267 35.75337 19.55088 24.09678 26.55796 28.93625 25.03495 10.88651 39.51872 38.02901 19.86897 0.0 12.91108 0.0 38.96943 
1000.0 27.99365 35.45594 40.20447 0.0 16.29767 15.99282 14.65567 16.48217 24.52934 22.7269 39.00463 0.0 19.00772 23.74484 18.26808 37.74734 24.1308 11.71635 33.36929 0.03066 10.2124 30.57808 22.78775 30.41368 17.85178 17.8445 8.47557 15.87147 12.74149 33.77326 31.72133 18.92052 28.82647 24.78777 20.40709 27.56822 20.83461 27.43077 11.56698 8.54596 29.52141 36.94261 20.42694 12.76903 19.72233 15.94943 0.0 14.89579 0.0 29.84657 
1000.0 21.07355 36.03694 35.60357 0.0 19.05002 29.1328 9.40409 34.18809 31.70386 39.49609 28.21464 0.0 32.65765 11.14825 21.58449 34.29558 30.37012 30.78592 30.39827 0.04066 14.18713 19.53234 23.29337 28.67022 22.3992 36.73623 30.27358 33.2874 10.41894 21.26497 20.47637 37.25622 27.09406 11.44219 18.81121 30.33046 38.96908 36.13174 8.39414 35.03012 26.02085 36.93072 22.01402 28.91957 24.34866 16.42528 0.0 17.58171 0.0 22.08681 
1000.0 20.09517 27.02387 22.63024 0.0 22.45292 25.86208 22.42685 8.3598 13.60866 34.34598 32.09241 0.0 21.86826 17.95853 28.86111 30.58307 38.34315 27.24521 29.17589 0.02292 15.07075 31.84826 10.79117 19.40259 14.85053 17.54725 34.09119 32.01591 26.7382 14.71415 24.87702 28.27855 12.5998 12.87203 31.42687 24.25139 34.40036 17.54509 15.63007 28.46713 33.08315 34.22339 34.4112 13.33268 31.37805 12.14079 0.0 19.65748 0.0 32.47435 
1000.0 21.2054 36.43733 37.20069 0.0 16.00289 32.82313 30.61773 32.83465 14.56653 40.28491 16.7961 0.0 23.48105 9.81579 32.54147 31.98488 26.60404 39.45032 18.10316 0.01338 40.04765 13.1183 15.86153 12.37258 26.5847 30.51676 37.80965 33.39998 23.14794 32.18639 39.14382 22.59993 26.25324 22.81574 12.85136 9.86099 32.11136 39.18475 16.6885 22.81061 8.55714 37.09973 11.7922 17.74702 28.45773 20.50689 0.0 19.88721 0.0 14.70008 
1000.0 15.21285 13.75987 18.68818 0.0 21.12698 35.68581 23.396 20.03579 32.49261 39.93981 38.73969 0.0 31.51915 20.34731 29.37713 12.57709 14.02275 15.82098 12.78089 0.01991 28.69273 13.85634 20.11241 14.18617 16.87577 33.38289 35.17668 35.14369 37.89825 15.20545 38.02569 26.88242 16.54424 16.75544 31.83153 13.82979 38.24632 27.59181 16.44926 15.24614 16.79572 36.48027 20.48277 23.623 17.92071 15.42995 0.0 37.13008 0.0 39.33958 
1000.0 27.59913 12.3737 37.42797 0.0 12.28267 13.05488 11.27503 14.59948 22.57411 30.81885 31.97229 0.0 19.93691 34.73677 21.21423 35.59841 16.73483 18.03522 12.62775 0.01373 29.65574 12.68948 24.49675 28.22026 24.04556 14.87157 32.42719 8.86069 34.99982 8.20869 15.97288 33.86367 38.81612 35.79382 28.97026 18.931 25.85712 8.54727 17.77684 23.50072 27.08776 24.80587 25.79181 33.27112 10.98097 38.16816 0.0 19.83536 0.0 18.01339 
1000.0 0.10503 0.10298 0.15531 0.0 0.14245 0.1018 0.17827 0.08196 0.05195 0.12339 0.11624 0.0 0.07138 0.17441 0.15207 0.17582 0.0568 0.0759 0.12554 14.22855 0.04475 0.04134 0.05612 0.05202 0.14114 0.12682 0.17469 0.05496 0.07002 0.09423 0.10352 0.11368 0.17716 0.05163 0.15001 0.11615 0.13059 0.05326 0.16025 0.05777 0.16187 0.15489 0.10189 0.08924 0.16434 0.0873 0.0 0.04948 0.0 0.11843 
1000.0 28.02131 14.19403 28.81984 0.0 16.44259 33.94742 35.15024 36.62944 16.94095 8.2382 35.06272 0.0 14.02283 14.22162 39.51618 26.43575 20.92711 21.08406 22.33205 0.04277 32.61092 34.27475 40.15636 40.07369 23.3555 32.83201 30.7365 17.22204 33.01638 33.89794 31.89537 22.71744 13.76284 40.15633 10.66788 12.68503 30.55935 32.64495 8.24195 27.97179 20.79396 27.22614 26.6914 27.75458 16.59627 24.86761 0.0 12.26931 0.0 27.6412 
1000.0 24.42667 27.68685 30.92478 0.0 34.03302 15.44196 17.56887 39.61852 10.92123 35.81715 18.00851 0.0 18.64144 38.12032 22.4381 23.93805 29.98527 12.47815 13.96483 0.02277 31.76672 37.78243 9.58735 35.66693 17.4338 35.16639 20.47454 10.07887 21.79826 14.56169 15.08299 14.83401 40.07495 18.83629 25.72486 23.40728 37.78775 18.33456 17.70462 27.31662 26.06649 26.46431 28.16234 34.03793 36.32946 17.43627 0.0 32.39641 0.0 17.35446 
1000.0 14.82614 14.28276 40.21247 0.0 40.3045 29.28599 30.7375 15.87638 19.1678 20.0226 38.03697 0.0 37.42323 19.98854 38.38361 16.9812 40.44087 33.30543 36.65632 0.04157 12.31901 12.31668 8.69889 16.24844 29.93596 26.08621 36.51734 8.257 36.61816 9.06658 21.53595 19.36823 33.25628 26.44445 38.56252 10.42916 15.01509 33.87561 14.18814 31.05248 12.13305 26.95231 40.03939 36.46309 28.02789 40.32731 0.0 23.86293 0.0 12.93013 
1000.0 35.35591 9.98558 35.72435 0.0 15.42706 14.81579 38.05133 26.02023 16.55629 11.01141 36.00839 0.0 29.16122 38.53203 33.26289 14.44393 15.17453 15.67112 20.73118 0.02671 13.54657 36.57382 11.32293 37.77535 26.04133 31.30986 18.9487 32.68942 17.95501 16.52589 23.57308 11.68827 14.78588 18.44055 25.87845 16.04717 37.11698 23.84671 39.60719 9.86161 40.12715 36.39159 8.41079 18.60176 8.32559 16.33104 0.0 14.87136 0.0 14.8163 
1000.0 26.41923 32.21576 9.22686 0.0 30.64135 21.78665 23.98946 17.06838 25.16086 30.59616 18.03299 0.0 14.12357 26.80856 17.48612 22.19519 28.68263 18.12863 37.9226 0.04419 16.21492 17.70165 26.72753 27.60907 24.39301 14.88721 16.26179 27.46001 29.82104 31.32845 16.18655 25.46403 33.49539 25.24607 22.42941 35.35081 19.56666 38.1989 23.21014 24.23813 20.59481 22.42077 14.39189 35.77559 32.31397 12.06585 0.0 11.90706 0.0 13.27095 
1000.0 10.80105 22.62622 25.23333 0.0 8.80227 15.75999 29.87644 14.94155 11.33101 36.77365 17.99792 0.0 10.40804 30.78263 18.30372 29.59643 26.46246 36.09477 38.74346 0.0191 27.03449 28.05527 40.40434 25.66481 11.7091 20.72249 10.79727 24.61378 25.57837 37.26221 33.09493 25.75944 27.026 17.56822 17.23114 36.1642 26.07591 24.45072 16.32714 33.93762 12.08378 15.90324 32.97332 35.11894 21.10265 29.99156 0.0 30.38231 0.0 12.64139 
1000.0 27.79239 12.19126 11.46926 0.0 18.77674 10.26697 32.69527 29.22224 10.40417 27.0913 12.85162 0.0 25.07677 28.15112 31.64022 22.16164 17.94315 11.75763 19.33954 0.02784 10.52635 24.72269 17.23364 40.42404 40.14419 9.04546 36.89614 16.05606 28.32429 9.17069 12.38667 26.32601 12.8379 30.09428 9.72555 36.13483 26.98297 12.06956 12.7632 12.69459 18.89962 33.2967 29.29868 20.86643 16.15244 33.03677 0.0 9.92665 0.0 29.34724 
1000.0 31.0982 8.22751 12.49113 0.0 37.90128 17.6653 33.45995 20.16882 13.21139 23.18783 11.54361 0.0 9.48079 28.72268 12.5832 32.52945 17.51649 24.28334 37.37803 0.01404 10.07006 30.75435 22.17714 13.94418 13.785 25.4367 26.11428 32.62999 9.36427 33.51153 21.94514 17.78871 11.06081 18.88208 20.07444 31.18459 34.48091 26.65343 9.0163 21.20659 11.39593 13.97595 9.26967 31.19445 36.79365 20.43147 0.0 38.91232 0.0 39.7942 
1000.0 19.36204 8.757 10.09555 0.0 33.6748 36.10585 18.5319 14.71145 28.77217 8.32879 29.20122 0.0 21.09553 21.38277 15.34189 31.68392 23.11494 15.91284 14.64205 0.02314 13.24453 32.68982 19.41013 10.80727 35.33237 39.43202 11.40542 22.07796 27.35835 18.17994 36.24984 19.00978 38.62707 17.912 11.05047 23.24376 11.35808 37.90579 38.13098 29.30477 29.01724 29.44299 12.09236 32.9386 24.26328 16.83491 0.0 38.91925 0.0 32.60386 
1000.0 39.35607 23.7511 14.76818 0.0 8.75298 14.47525 26.63371 9.61623 27.91115 34.00378 28.73146 0.0 31.55629 13.14482 31.48576 31.00982 27.04772 38.64396 24.47765 0.01828 18.01137 10.09874 14.22759 33.49657 25.5414 27.59501 10.70659 23.88399 26.10034 37.30454 24.88822 35.18001 22.22807 28.22159 15.8533 25.31093 8.74751 24.31639 10.00992 22.8864 9.26681 20.10047 18.84613 28.42343 33.50923 26.78485 0.0 36.02487 0.0 32.48131 
1000.0 24.59844 17.15946 35.10943 0.0 28.67766 32.29574 23.53961 19.95302 8.55256 25.33286 40.03878 0.0 10.80896 29.77903 33.66732 31.87145 8.24066 30.90911 17.01347 0.03226 8.64236 8.73043 26.50765 19.1455 20.3096 39.51063 37.78045 27.16156 24.66262 40.06888 26.90557 29.41062 18.38308 13.09502 18.28862 11.48943 29.81276 35.93207 18.61982 18.76427 24.65161 38.73126 30.58988 8.30757 33.58708 11.34086 0.0 32.10008 0.0 15.68775 
1000.0 22.68634 29.94686 14.65142 0.0 12.33749 19.83059 29.92354 31.13289 29.21146 19.42985 29.72792 0.0 18.03519 33.27117 22.9415 38.15182 22.20336 19.2905 35.60803 0.03018 26.71085 29.44157 10.74868 16.59376 28.91654 14.2221 35.60813 36.00454 36.79031 33.35821 18.627 14.46676 28.06434 12.53139 15.90035 40.20291 24.31055 15.14067 39.7308 24.09866 23.70075 33.34993 10.82774 22.4407 24.82983 24.39369 0.0 37.81719 0.0 27.54514 
1000.0 38.55554 22.66243 35.3718 0.0 24.1406 23.50019 23.73581 16.37359 20.19039 26.79194 29.01671 0.0 34.83637 22.27086 13.61965 15.43606 21.27718 17.36608 19.85471 0.04035 12.86714 12.29429 24.7151 21.2935 38.25772 25.93863 16.91548 17.81856 15.5354 8.97682 30.61114 38.95654 11.07674 18.03525 31.2426 33.78602 28.47375 14.37742 14.36084 40.05999 22.44696 24.23138 10.8459 13.29126 39.54923 15.0902 0.0 23.00751 0.0 10.49065 
1000.0 20.12006 26.14657 21.69083 0.0 20.83748 37.71998 36.55809 24.3548 14.26039 30.02266 9.58325 0.0 30.58223 8.83367 36.21664 8.5835 29.83937 14.54326 34.48205 0.02747 22.73645 34.40705 14.02118 30.39291 20.08229 19.16536 34.37934 15.95729 33.85953 11.43101 17.37233 13.81863 23.04105 34.57896 30.16426 37.22243 21.69646 23.6649 14.65912 17.43625 14.06372 36.71312 13.92966 25.83276 29.31469 30.49289 0.0 17.43069 0.0 27.25716 
1000.0 14.76505 30.21341 33.81456 0.0 24.06977 15.31919 27.72799 28.47945 17.40368 33.79139 39.8835 0.0 22.99207 26.44518 16.95812 14.12642 40.14742 38.17729 12.83947 0.03693 23.90709 25.19035 38.0064 26.2157 36.92845 26.57863 37.97892 16.06059 18.60993 28.81746 32.54291 14.41581 29.32323 39.04092 9.17365 29.52364 23.11383 38.1809 28.68189 26.04817 27.27973 35.42494 22.01282 9.8417 33.82223 12.03139 0.0 23.73122 0.0 25.90663 
1000.0 32.37618 16.92942 21.37125 0.0 26.12367 36.69044 24.38115 23.6932 14.63879 19.30941 24.67063 0.0 8.2149 24.20502 8.11796 40.28079 22.33555 37.48661 25.24425 0.03946 34.16209 16.8964 36.51438 9.27544 18.16178 40.15919 17.81307 12.59361 22.49448 19.55237 31.40609 19.90004 34.58681 11.90374 17.92167 10.87955 12.01795 13.09699 8.43893 27.9227 10.76802 15.55115 26.22097 12.36802 18.80084 27.54984 0.0 36.9728 0.0 39.08901 
1000.0 17.43217 26.29085 19.62003 0.0 30.62543 22.89051 24.48612 12.96189 28.78427 16.20356 16.70198 0.0 17.09947 21.27913 10.27621 32.95335 17.00471 31.11614 23.05603 0.01797 27.03424 22.98733 33.86274 28.351 39.08261 38.46234 31.90386 37.59404 14.9267 9.12008 29.05327 37.81973 22.13648 21.78868 10.24234 9.22066 9.06156 31.89518 27.56234 25.8873 30.91258 29.16864 13.62701 34.37039 12.02135 34.22503 0.0 20.19712 0.0 14.37402 
1000.0 23.30543 38.33484 33.4914 0.0 18.91891 11.57875 11.61303 39.28924 26.56378 10.58225 38.72818 0.0 32.00971 36.46706 27.31513 21.33402 17.63686 26.16594 34.17188 0.01432 28.13453 37.89006 8.52029 22.89033 25.45247 23.21487 22.76636 33.01754 10.73126 9.68306 34.45082 16.64467 8.85271 33.95059 24.23358 37.97622 16.73167 18.43991 39.44521 16.7803 21.89761 14.26709 24.5746 19.54862 14.58917 33.51197 0.0 31.40771 0.0 25.05775 
1000.0 28.60925 28.59403 26.23484 0.0 30.82079 16.80858 30.43139 36.41349 35.97925 39.90547 33.14562 0.0 20.96793 12.67019 32.49583 9.01901 23.54739 16.31274 13.73926 0.04458 22.00631 26.18745 29.60414 29.9747 11.39575 31.02727 35.44465 18.83602 27.71534 34.79455 13.21369 23.48625 17.40892 28.33358 11.6074 37.82063 21.75192 20.90166 16.1445 25.71476 23.40961 13.75364 13.91863 16.65572 14.95115 29.35691 0.0 23.43291 0.0 36.28473 
1000.0 13.82862 11.69986 8.45837 0.0 9.91187 14.25187 12.9126 15.67052 14.7733 29.0664 37.227 0.0 8.33679 23.87685 13.15145 30.59683 36.76757 17.95373 23.59663 0.04222 9.40912 18.83575 11.6435 17.29108 25.89862 28.8815 35.58888 25.9629 25.53633 23.32645 22.86302 10.63936 14.31617 32.86311 15.65616 35.7667 36.12486 24.29905 20.90048 34.49666 8.91922 26.75182 11.64208 10.91523 14.93577 15.63944 0.0 20.47061 0.0 28.74514 
1000.0 34.4454 26.91747 18.36444 0.0 23.37375 31.48121 8.55038 13.7138 26.15621 36.779 31.83166 0.0 19.03221 19.74904 23.74408 32.92271 28.8127 13.43808 17.97151 0.04148 22.0597 21.58493 17.96702 29.77611 23.8882 16.71204 23.84459 28.56308 30.74699 30.79258 38.82394 19.78322 12.52708 18.49156 36.94566 16.70923 24.34583 11.31352 15.41393 24.16255 37.44472 23.05084 31.31681 27.57447 29.94623 22.58509 0.0 37.08987 0.0 27.9541 
1000.0 23.52996 20.62235 22.46008 0.0 33.3053 32.5088 26.87201 34.95289 9.49833 12.21423 13.88182 0.0 11.87228 10.64029 8.39994 9.50859 35.49493 28.2458 8.50231 0.03 13.91017 15.63128 35.5836 23.94552 33.32667 28.58506 17.42178 36.37559 21.81572 14.95826 29.81363 36.53462 37.83803 9.31403 39.00693 31.51483 16.90299 30.12705 19.76947 8.54131 29.82133 36.36093 36.65478 23.69575 37.50398 35.06341 0.0 11.49124 0.0 37.93057 
1000.0 25.33681 26.22302 24.68494 0.0 25.99586 31.19936 33.01278 20.6503 14.44933 27.81631 34.68984 0.0 18.97183 34.36465 33.4404 17.99028 20.41275 16.33079 27.14913 0.02539 27.53388 28.84052 27.87904 31.8448 25.47344 28.32459 38.90319 18.6477 27.25531 16.72784 29.54435 24.02239 30.38795 23.66274 35.04485 40.12707 26.7468 18.40164 28.88891 15.40861 14.77287 17.95969 14.08873 23.19377 27.53381 19.67179 0.0 32.2828 0.0 33.00177 
1000.0 37.93578 32.82944 14.30448 0.0 22.97186 37.27084 15.96611 10.54427 14.65349 26.44038 35.1418 0.0 23.67039 21.8765 19.0665 17.56165 25.7928 16.23148 33.84293 0.01073 13.65307 18.029 9.22152 28.76824 21.4206 10.85058 24.10273 22.10901 30.16891 34.57151 29.7701 35.69684 31.07443 8.72573 36.80845 25.82956 29.11441 24.88883 25.62811 21.65918 24.37222 22.9271 27.46783 26.36798 34.65904 36.27987 0.0 13.71014 0.0 8.71297 
1000.0 24.61492 23.48059 29.31926 0.0 17.71186 23.64408 11.50301 39.94139 28.92488 28.02205 19.37032 0.0 28.80788 38.40018 32.97066 9.89611 27.05146 22.68992 21.35963 0.04409 32.36338 12.54995 32.39325 15.70086 22.71249 35.41939 21.63965 8.40201 29.92588 25.36188 32.31131 24.4261 31.39347 24.00715 25.621 39.36401 25.09832 13.68721 32.0029 12.65013 10.98066 39.06595 27.61143 16.07421 29.46308 10.04486 0.0 12.05438 0.0 26.5487 
1000.0 12.24344 35.47457 14.004 0.0 31.74513 24.30697 23.34819 37.60023 36.39144 22.45764 33.69904 0.0 39.55976 30.49844 39.41607 37.24978 35.93074 32.25533 35.7815 0.0143 19.82533 22.72073 13.34651 29.7847 15.97371 31.58726 20.69594 38.20693 17.42176 26.9318 25.37541 31.90431 16.37111 38.82718 38.41497 15.074 12.35501 13.12252 19.65336 39.02298 33.30736 29.2818 26.2651 11.17046 14.93002 37.45507 0.0 8.1764 0.0 35.38927 
1000.0 0.0 0.0 0.0 38.70664 0.0 0.0 0.0 0.0 0.0 0.0 0.0 36.11228 0.0 0.0 0.0 0.0 0.0 0.0 0.0 0.0 0.0 0.0 0.0 0.0 0.0 0.0 0.0 0.0 0.0 0.0 0.0 0.0 0.0 0.0 0.0 0.0 0.0 0.0 0.0 0.0 0.0 0.0 0.0 0.0 0.0 0.0 11.02192 0.0 21.16281 0.0 
1000.0 33.02993 28.51094 24.12395 0.0 40.20296 36.02366 9.36073 34.00784 37.65211 23.71449 11.85336 0.0 38.32741 17.95608 33.16316 28.18266 16.98405 38.5551 18.28769 0.00964 14.69816 21.96403 31.54029 29.11565 15.69682 31.15525 22.06197 23.9031 29.68748 26.04184 15.8544 17.31454 14.59453 12.84158 16.85611 29.65049 20.25589 28.08064 16.42751 37.44762 13.91488 18.35255 16.54245 20.33313 9.54019 21.00836 0.0 22.20227 0.0 17.88274 
1000.0 0.0 0.0 0.0 33.45588 0.0 0.0 0.0 0.0 0.0 0.0 0.0 9.30455 0.0 0.0 0.0 0.0 0.0 0.0 0.0 0.0 0.0 0.0 0.0 0.0 0.0 0.0 0.0 0.0 0.0 0.0 0.0 0.0 0.0 0.0 0.0 0.0 0.0 0.0 0.0 0.0 0.0 0.0 0.0 0.0 0.0 0.0 21.30131 0.0 12.8853 0.0 
1000.0 9.74185 29.22426 19.74444 0.0 31.45746 33.04111 13.37205 14.29018 29.62413 20.1522 34.98991 0.0 21.88699 38.36871 35.30527 29.97241 35.0863 36.84639 12.14793 0.0156 29.49186 16.0042 11.10277 31.26191 29.43305 16.32488 39.16267 8.67024 16.85863 29.27195 39.07466 35.47958 27.06174 25.52236 34.39584 29.48968 28.17368 29.10248 20.7411 10.23614 33.75176 30.63011 17.42008 25.53619 37.74647 24.42555 0.0 12.88969 0.0 30.97705 
