1000.0 1000.0 1000.0 1000.0 1000.0 1000.0 1000.0 1000.0 1000.0 1000.0 1000.0 1000.0 1000.0 1000.0 1000.0 1000.0 1000.0 1000.0 1000.0 1000.0 1000.0 1000.0 1000.0 1000.0 1000.0 1000.0 1000.0 1000.0 1000.0 1000.0 1000.0 1000.0 1000.0 1000.0 1000.0 1000.0 1000.0 1000.0 1000.0 1000.0 1000.0 1000.0 1000.0 1000.0 1000.0 1000.0 1000.0 1000.0 1000.0 1000.0 1000.0 
1000.0 32.11081 21.22391 13.0834 0.0 24.84964 16.66942 14.35291 29.80288 32.25044 12.56726 31.276 0.0 26.19672 6.6002 20.99842 22.71642 24.29851 27.55251 30.00279 0.0187 13.60789 8.33965 30.56426 26.11914 25.87033 30.73997 7.79156 27.00012 29.55625 26.60287 14.09314 29.74474 24.99657 27.32343 11.58009 16.46134 26.36394 21.3072 7.04264 32.09461 18.50601 12.99408 17.30814 14.90343 24.59032 9.6548 0.0 7.36885 0.0 10.9894 
1000.0 28.73823 20.61991 26.38052 0.0 24.28363 28.17214 21.94391 12.10001 24.59478 8.83283 22.79556 0.0 6.94387 10.74093 28.09895 25.9746 12.09369 14.48991 29.78033 0.01245 13.1135 11.61522 32.25614 26.6236 22.52965 10.09512 14.66088 31.46372 14.00499 14.78454 26.5656 7.24057 19.78568 14.11381 21.46834 7.5184 22.3368 12.55568 28.55775 24.84055 22.45108 14.65498 18.57744 26.00063 19.61226 8.45758 0.0 21.62248 0.0 31.74605 
1000.0 6.75515 23.30168 16.5673 0.0 21.63484 19.97209 29.54176 24.55082 11.67004 19.12916 20.68311 0.0 11.28753 21.46665 11.8023 21.3099 26.30555 14.04126 20.53861 0.01499 28.3545 27.44855 10.43038 17.83253 27.70447 8.25624 10.70799 18.02026 19.47427 15.6902 11.67081 10.4784 17.34408 20.03262 30.5431 15.43131 32.26012 7.89227 24.87265 16.80162 17.27616 27.46977 8.59091 9.40988 15.38772 24.82483 0.0 17.66254 0.0 29.84062 
1000.0 0.0 0.0 0.0 31.57298 0.0 0.0 0.0 0.0 0.0 0.0 0.0 27.2476 0.0 0.0 0.0 0.0 0.0 0.0 0.0 0.0 0.0 0.0 0.0 0.0 0.0 0.0 0.0 0.0 0.0 0.0 0.0 0.0 0.0 0.0 0.0 0.0 0.0 0.0 0.0 0.0 0.0 0.0 0.0 0.0 0.0 0.0 27.90149 0.0 20.51321 0.0 
1000.0 17.39095 23.82712 25.16195 0.0 11.1089 20.70399 20.94258 24.7558 7.06379 17.62669 13.37359 0.0 29.52381 16.21537 10.65174 25.77812 15.23022 14.27591 18.89496 0.01871 30.10434 15.0396 24.60243 8.14953 26.9161 6.80602 10.93934 27.37673 28.23387 6.67355 8.25758 18.70724 30.88225 30.08813 27.15195 10.45069 27.42479 12.15487 6.62004 23.50851 21.08248 17.54301 23.12961 14.92837 26.37525 28.10809 0.0 20.47905 0.0 13.18852 
1000.0 28.34104 21.21046 23.81456 0.0 21.15178 31.68882 15.31465 22.42849 11.16712 24.36111 16.9231 0.0 17.26118 9.0521 25.54839 32.04009 28.15429 19.05475 26.12651 0.03985 8.04899 18.31728 12.8364 10.71241 12.08314 30.5974 9.47366 12.40179 28.60318 26.2963 8.87477 27.08414 10.78115 27.02779 9.52598 16.91678 31.93963 29.63921 12.23968 27.13572 28.06761 19.54064 20.60729 22.39538 24.68021 12.44918 0.0 24.24775 0.0 15.74663 
1000.0 11.90389 7.20778 6.78377 0.0 30.0846 28.11509 26.86156 12.17017 25.18799 29.71245 30.39583 0.0 23.49042 25.3817 29.82348 9.48945 26.97149 14.91681 26.77494 0.02561 8.14603 15.70478 9.9582 14.12428 32.13636 26.88937 17.92856 10.30174 23.13498 9.67092 19.13538 31.66231 12.46934 27.78679 24.08213 28.52995 28.54884 13.55734 30.09834 13.89758 15.7901 7.71071 14.66631 31.67658 27.60451 19.66808 0.0 28.04897 0.0 31.67617 
1000.0 18.57308 27.64299 27.15708 0.0 16.85433 25.95176 24.76751 8.59783 9.34458 7.78942 9.38183 0.0 26.37526 25.59451 27.36959 24.6825 32.26925 28.84648 19.81438 0.01324 13.18148 28.16945 9.87341 25.76605 26.08988 15.39723 15.82305 17.02445 13.84344 32.28866 23.74589 16.62934 13.56345 23.17074 22.25608 21.47706 11.79406 30.18959 17.51851 31.37456 27.8468 30.60944 28.83411 25.17298 27.99032 29.13871 0.0 17.75467 0.0 28.2767 
1000.0 8.16485 21.49113 29.94114 0.0 20.11017 24.58814 22.24952 8.73315 27.83095 21.94373 13.11693 0.0 19.65394 32.3505 25.23292 23.97595 16.9366 14.24232 7.21804 0.00892 18.25692 26.31682 7.40867 11.60397 6.86877 11.58735 20.55112 27.34108 25.42147 9.61457 27.69205 19.74021 15.61411 7.25216 21.1069 22.12965 15.55772 24.26864 7.91312 25.0014 23.87732 23.60866 28.86612 24.48087 6.8009 29.87179 0.0 17.10393 0.0 31.38943 
1000.0 29.37785 10.8195 7.08428 0.0 25.02135 10.19752 29.06465 20.95735 20.3097 9.415 29.0822 0.0 20.66095 19.9773 13.88252 14.43037 18.30069 7.53116 19.72733 0.01414 19.04987 8.29127 23.07112 14.20502 14.87569 12.77355 6.68907 13.6724 14.63504 30.81686 13.41603 22.46829 11.46464 15.13293 9.93073 17.64581 10.70278 16.00006 21.35614 10.27553 29.20348 32.28504 17.53795 10.04732 23.36014 31.62942 0.0 26.00708 0.0 31.96425 
1000.0 27.66695 16.58415 23.77111 0.0 7.36467 10.91596 25.59131 31.52016 23.26721 27.70743 23.26685 0.0 27.26728 24.72126 29.1009 19.80429 30.39091 23.51805 12.30536 0.03206 19.3832 26.3498 9.1557 27.81558 31.49686 14.17612 12.33468 8.22424 21.49922 20.89403 8.56261 26.96561 20.17491 27.39723 13.35724 16.02469 15.22552 16.54947 14.91241 8.34339 18.17854 25.23712 31.1292 15.83184 20.3484 26.22703 0.0 28.58813 0.0 29.05215 
1000.0 0.0 0.0 0.0 23.24813 0.0 0.0 0.0 0.0 0.0 0.0 0.0 10.04962 0.0 0.0 0.0 0.0 0.0 0.0 0.0 0.0 0.0 0.0 0.0 0.0 0.0 0.0 0.0 0.0 0.0 0.0 0.0 0.0 0.0 0.0 0.0 0.0 0.0 0.0 0.0 0.0 0.0 0.0 0.0 0.0 0.0 0.0 9.04186 0.0 11.1722 0.0 
1000.0 11.33165 23.07608 29.80206 0.0 22.13797 21.41261 31.97484 20.44837 25.77698 28.01285 21.1464 0.0 21.33672 10.34432 16.26855 21.26787 12.81671 14.85077 17.08587 0.02548 31.48119 28.20988 13.05267 12.88785 10.66033 26.48121 31.64708 12.11805 26.58848 28.83439 7.2117 29.2541 21.44177 8.19913 23.47205 8.6381 29.32664 16.95122 10.14397 21.5562 7.92548 8.75985 29.2651 19.49656 25.02977 9.18744 0.0 28.22464 0.0 7.9735 
1000.0 14.0135 11.80478 22.10352 0.0 25.81233 13.96124 17.16625 24.55134 11.56647 29.05401 12.59318 0.0 26.29629 29.80385 14.54199 15.48807 12.76965 26.86557 7.64646 0.0356 6.6471 23.19059 16.98742 24.40747 26.84473 23.43397 16.24168 10.85768 14.88686 17.81761 26.16501 17.15847 31.29814 9.75287 22.14796 32.39028 24.01056 20.31578 11.17196 10.98822 12.72779 16.68969 6.83641 15.53763 15.64364 25.69796 0.0 24.93519 0.0 29.5391 
1000.0 27.12051 18.73254 16.51817 0.0 21.20348 27.45381 21.78879 23.1476 14.81334 13.07302 24.40791 0.0 28.71658 26.50927 23.00355 29.67929 21.25555 13.13067 12.52355 0.01016 8.89864 20.93661 32.23948 28.43809 30.21248 17.7715 15.56449 18.61744 10.48182 25.92132 12.98275 27.89785 19.97852 30.86122 17.18689 31.06367 25.50057 9.90947 8.19216 12.8326 26.1415 15.2248 31.28946 18.55742 24.10891 13.5271 0.0 10.9085 0.0 6.87933 
1000.0 22.70724 27.5791 17.14604 0.0 20.3325 27.38145 24.57996 10.61241 14.33171 6.61732 15.10198 0.0 13.39197 23.40485 8.20409 21.29011 20.77821 14.96828 28.34215 0.03319 19.66248 29.96123 26.3425 7.75986 31.48846 11.06367 30.2621 13.43119 24.51948 16.40467 17.29052 27.71883 12.54338 29.34694 6.6652 7.07834 27.33063 10.25176 18.36601 32.25702 8.8767 8.20886 14.18235 31.50834 32.34279 24.91114 0.0 21.06248 0.0 29.72431 
1000.0 20.87646 12.218 17.87635 0.0 18.45932 17.98184 9.09759 9.72141 11.14777 22.14795 9.3723 0.0 20.13688 29.3031 32.31128 9.85261 23.71008 31.10547 30.78807 0.01976 22.09735 12.34874 30.08477 23.81696 27.06988 17.95228 20.39643 21.50844 29.30664 23.9634 24.66805 11.71246 17.34497 31.50775 28.61479 22.1072 30.73179 31.4264 6.64406 27.06508 25.91663 13.2613 22.12064 16.85646 22.14578 20.62426 0.0 29.78029 0.0 8.43006 
1000.0 31.80629 28.38975 20.37943 0.0 11.66502 22.84855 23.65111 6.82812 21.00178 7.00276 11.9403 0.0 18.56211 23.968 30.89461 7.67007 17.15514 7.56755 29.68483 0.01443 14.43982 31.27014 32.29829 7.73509 25.36557 18.50903 7.97456 26.61347 16.57555 21.69059 28.9265 25.70945 10.76133 20.2861 26.24024 31.29178 18.40089 26.83901 11.36533 30.65408 12.68944 30.60857 18.29189 28.22004 9.01572 16.91505 0.0 29.00225 0.0 28.71105 
1000.0 20.97153 22.09089 12.71516 0.0 11.72381 11.05869 23.18385 20.88169 8.56308 32.04083 18.65813 0.0 22.81365 15.47755 6.85393 21.65809 21.71506 31.35332 22.26564 0.01765 9.3287 20.79874 18.24272 31.88536 29.16821 14.43128 25.05408 7.57036 8.13209 9.16493 14.17445 16.4053 24.26522 21.35532 10.12016 31.12349 27.29053 14.67128 18.62767 17.30286 10.31372 23.54291 28.01859 13.10257 29.21057 12.79905 0.0 13.1306 0.0 8.18302 
1000.0 0.07325 0.0661 0.06969 0.0 0.07835 0.12632 0.15798 0.06871 0.07458 0.06338 0.08666 0.0 0.15003 0.11618 0.12942 0.07053 0.11716 0.065 0.08819 29.24438 0.14524 0.12658 0.08285 0.05292 0.14386 0.14046 0.13247 0.11856 0.08059 0.0865 0.03593 0.05886 0.0794 0.12202 0.03691 0.04883 0.13645 0.16012 0.08496 0.03755 0.0746 0.04034 0.0561 0.06198 0.12059 0.15534 0.0 0.03505 0.0 0.09099 
1000.0 23.15585 18.46358 14.16107 0.0 16.39129 21.69325 23.377 22.2177 12.76247 8.58204 21.16901 0.0 28.77398 17.84639 12.7479 7.37829 30.33869 27.6728 6.62763 0.03593 10.46452 19.92501 30.81825 12.41455 26.32035 30.00405 13.47254 28.85154 20.10109 27.42999 11.51424 31.59553 25.82838 6.84308 29.7426 24.48192 15.15742 7.63176 29.49494 24.16464 21.32755 22.35185 7.78634 30.36421 18.76377 18.41963 0.0 11.46652 0.0 24.07562 
1000.0 13.67152 9.569 25.78686 0.0 18.19392 10.20606 24.01318 20.50942 23.2517 30.34932 16.3617 0.0 23.6412 22.97745 19.24529 10.21449 18.27421 28.58866 15.47767 0.02627 25.51126 22.32243 16.84732 11.87829 7.33128 20.91573 25.56439 12.81257 12.49599 21.71546 11.59497 10.40121 22.14451 13.88051 26.88552 8.16175 19.24897 19.26338 31.52023 25.03816 13.47294 9.59323 30.08941 26.91377 16.59737 17.77622 0.0 7.93041 0.0 8.78244 
1000.0 18.19975 27.44894 7.52718 0.0 8.09469 30.95757 20.97677 7.90591 30.07954 24.34481 12.13846 0.0 14.83348 21.90356 18.39937 26.75095 28.1858 8.25914 16.03754 0.0117 16.01185 20.489 22.16066 32.16887 13.19783 26.53688 27.99119 27.79267 29.57523 26.19224 24.17108 19.41375 19.01144 13.52826 21.60315 31.7003 19.67474 25.3093 15.89183 16.59934 19.42248 31.33935 24.84919 13.14651 26.82331 28.0632 0.0 22.97381 0.0 16.98415 
1000.0 21.42065 16.39316 9.07162 0.0 29.88363 14.26539 30.4748 29.56294 31.70305 8.71589 18.27864 0.0 6.83391 31.38467 31.42382 19.79827 23.67304 8.84389 22.96507 0.01836 9.82749 17.80803 16.05159 6.69558 7.31104 18.20765 14.53383 29.23422 8.97885 18.99017 25.13525 22.27447 20.03908 24.82686 31.72216 26.86666 32.24516 16.18599 21.12081 28.83423 30.78119 12.49023 6.78005 12.85323 10.15453 22.61446 0.0 26.02317 0.0 18.06603 
1000.0 10.67423 29.02511 32.2765 0.0 21.55131 27.73191 28.23726 9.08751 32.12976 31.64493 26.82997 0.0 12.65194 22.75944 30.44424 23.14218 15.1152 10.05285 9.99188 0.0383 27.65279 27.53209 32.05037 11.86328 19.95509 15.16337 20.47762 30.73695 27.55321 16.55962 12.35553 12.32164 25.7231 14.69667 27.5613 26.72855 18.49848 21.38411 15.68771 25.71979 22.9613 25.68996 25.45587 8.15002 32.1198 16.8299 0.0 26.08538 0.0 12.54784 
1000.0 10.22718 13.59461 15.86291 0.0 8.81227 16.22725 12.60176 7.46625 30.19991 18.82486 24.89715 0.0 32.26243 18.92898 8.52285 15.15164 7.1957 15.48023 25.14393 0.02618 21.1506 10.90198 20.37442 29.83009 18.77217 9.69349 27.56814 30.25128 13.72611 30.93125 8.12209 16.98808 30.07426 22.23547 26.03312 23.25099 28.86251 31.89483 12.85066 27.26397 12.75199 20.16409 16.9047 7.4965 15.64939 26.34124 0.0 7.78557 0.0 15.35146 
1000.0 31.4318 7.11597 22.11446 0.0 22.15705 18.01095 9.58107 9.84691 8.34524 20.67512 32.10934 0.0 10.6396 31.71578 24.88854 7.52741 8.71732 21.57588 21.68533 0.02362 16.03389 28.45621 7.73883 29.97436 18.06038 15.01051 19.40685 20.62236 26.98697 19.28622 9.17588 13.54079 13.96212 9.66245 18.50581 11.84868 21.04973 13.89882 13.37759 10.6013 16.09195 11.22107 19.55037 30.62013 17.45584 27.65263 0.0 26.4846 0.0 12.22765 
1000.0 23.37909 9.78968 27.65651 0.0 14.36247 18.09538 11.4229 19.56014 15.31119 15.82811 17.17627 0.0 15.7854 16.68241 16.51324 27.4526 27.13332 26.48442 13.10003 0.01211 13.61661 15.83763 28.73619 6.8086 11.42389 13.2716 13.56737 14.37846 14.98381 16.70882 31.57538 9.3097 17.64488 8.45626 13.06853 31.40833 25.24113 10.85314 28.94443 27.50718 19.11442 22.19243 16.15171 21.93689 11.62102 20.0413 0.0 29.40691 0.0 16.43549 
1000.0 21.07461 24.99114 25.07275 0.0 23.33676 16.44267 26.23487 17.99245 27.22908 25.00551 26.24771 0.0 29.1595 18.44267 30.78978 21.55508 24.62989 22.00474 11.75975 0.01894 14.71795 15.24546 28.81062 30.5247 19.38185 32.32187 23.32257 8.94213 26.55466 14.47331 14.97194 9.93811 14.88657 20.10933 32.24351 14.96284 31.79392 17.742 7.84171 26.51566 21.64347 24.73186 14.90268 30.33323 26.7272 26.34818 0.0 15.64185 0.0 26.61497 
1000.0 30.91727 27.95292 25.23814 0.0 25.2278 18.38033 32.2931 15.72669 25.34949 25.6874 16.48418 0.0 29.92912 9.98142 15.636 18.13197 11.58737 13.55859 11.86553 0.03913 23.51426 22.06726 12.66904 8.30263 14.62885 21.21635 18.61794 14.20333 14.9798 14.7377 27.73664 12.10856 6.79178 31.13309 15.17198 7.66432 28.75789 7.04655 14.56114 31.92607 6.71428 10.08847 12.91164 31.44106 10.29267 16.17859 0.0 18.08983 0.0 31.56587 
1000.0 31.94069 8.06019 24.4459 0.0 12.44266 12.06133 8.04092 15.72714 24.07265 25.24559 21.30206 0.0 24.09336 22.13189 26.41858 15.08716 12.75186 29.99516 29.57749 0.03436 28.83275 27.80579 30.18735 14.04733 15.3257 11.40408 21.19707 28.22244 12.82261 17.55869 23.13371 23.86925 10.50646 9.6882 13.7316 14.48205 13.68996 10.72228 30.00993 17.11704 9.75553 13.8619 11.94383 8.57146 25.7031 22.01415 0.0 22.73357 0.0 25.44865 
1000.0 23.55045 12.33969 21.52518 0.0 16.55321 31.85232 26.86518 21.38936 25.99455 16.09019 14.01634 0.0 9.44752 30.51117 20.08916 8.40325 17.20447 21.16181 30.4956 0.01351 31.77439 17.60162 10.8898 6.49504 8.74006 23.09484 14.21491 16.27196 28.09348 30.17486 12.23925 7.18257 21.12551 9.98579 21.70976 22.24786 7.96204 21.02066 26.36192 6.77534 11.41575 21.01557 11.68928 17.6896 7.21024 10.40005 0.0 18.02754 0.0 24.3227 
1000.0 24.17962 23.9317 29.67059 0.0 23.59422 8.9786 16.19423 26.7756 25.82288 8.8143 24.18245 0.0 12.15443 26.00695 11.3278 20.04878 20.99872 16.56276 20.07777 0.02422 30.95891 7.40545 18.84691 19.52251 31.4202 7.53637 9.80942 19.56657 9.41214 16.38587 28.30877 29.74034 21.69493 21.19858 22.83085 25.57222 13.65159 13.41972 26.0915 9.50635 25.50836 9.29335 19.4258 29.39447 10.37774 32.27652 0.0 12.9498 0.0 14.1753 
1000.0 11.69 29.07406 11.64531 0.0 24.86067 15.30507 8.61673 16.2323 22.91869 8.08459 31.80856 0.0 31.62149 8.92979 10.57303 30.7863 32.31788 27.04205 10.24854 0.03468 17.43777 27.2821 23.00549 32.1459 7.65692 11.39932 17.73107 27.1931 9.96993 29.61336 10.46404 8.95902 20.94759 12.8667 15.53772 20.14509 14.18929 10.45587 9.1324 22.02722 6.93173 18.99232 11.79798 25.41051 14.37056 9.95641 0.0 27.22645 0.0 17.88785 
1000.0 29.87046 28.58569 21.02913 0.0 6.62141 8.94818 24.1314 8.26926 31.363 29.87794 30.40896 0.0 10.65482 14.88307 29.85503 7.73241 18.70896 6.9354 11.34749 0.02481 9.42089 19.1798 30.64222 28.74918 10.79285 8.18764 8.45837 31.08444 14.96405 7.51371 11.09759 15.64384 23.80328 7.33355 22.10206 29.40427 22.85498 30.40084 12.39052 16.79287 24.95848 25.86706 13.83942 25.14794 14.30065 30.07431 0.0 19.21888 0.0 16.12916 
1000.0 22.29471 26.12327 7.81081 0.0 7.37892 19.61741 11.13142 24.80665 24.51208 21.14577 29.8975 0.0 27.68669 23.34604 30.57329 29.63463 18.31 12.63426 27.5422 0.01761 7.91228 19.8731 8.34184 29.78299 24.61876 31.87935 30.14009 31.57886 21.56948 12.77455 13.07348 13.53881 16.3656 22.47419 19.01221 29.41338 18.51942 16.28177 8.43825 18.79699 22.444 29.34054 25.38127 19.67165 13.13226 14.93771 0.0 19.53311 0.0 31.17191 
1000.0 7.00463 10.24576 9.48259 0.0 27.6274 15.9137 20.46689 24.84186 14.74042 23.98727 20.69895 0.0 16.37801 23.14521 15.80789 11.43393 19.13207 7.52017 13.50582 0.02939 24.50603 12.55103 18.47699 15.87005 27.00307 24.58587 22.14845 31.08556 32.17722 29.94752 10.38833 23.70577 11.14659 21.89873 11.94893 27.07797 9.55647 12.6629 24.03258 30.70801 20.84831 31.22146 28.08572 30.7866 26.90057 25.74305 0.0 22.52325 0.0 26.02761 
1000.0 22.40552 24.18024 21.44391 0.0 12.37707 11.62381 9.65707 15.65202 14.08894 12.29667 26.75545 0.0 20.29985 30.05548 20.80455 8.35273 17.36704 29.09158 21.86169 0.01656 11.91156 13.19836 13.20624 32.28303 23.55966 19.81686 17.99856 17.43801 10.95433 21.05188 18.76445 20.89781 27.39239 15.63104 15.46006 24.60278 25.18533 17.91401 9.04657 9.42274 11.15223 14.15308 15.21769 24.76813 28.92381 23.65499 0.0 7.88308 0.0 13.84584 
1000.0 23.19869 25.92697 16.35855 0.0 28.8546 21.50683 25.74719 23.68891 15.72262 17.30149 12.53333 0.0 11.15496 7.18594 24.45788 18.28567 27.75384 30.3439 10.05293 0.02233 10.30371 10.281 18.62864 19.99872 16.01859 14.53041 14.01325 11.41815 28.06437 10.81994 27.21764 19.92337 20.06705 30.54872 6.6122 7.58389 9.23713 17.40743 17.0119 29.79947 32.00385 9.4221 18.20488 9.21775 14.17277 7.50827 0.0 12.28126 0.0 20.12031 
1000.0 26.95323 12.40865 7.11961 0.0 27.39951 24.3376 13.22517 19.15269 23.30474 18.44263 23.71632 0.0 30.83384 20.08225 26.03762 18.2447 23.73286 23.70217 20.39503 0.02154 16.57193 9.53289 16.69143 29.57639 22.45367 26.18997 16.67745 20.08401 11.58869 27.49936 12.09867 22.64208 30.33316 25.83897 24.55331 28.09963 15.75548 6.91557 17.84783 8.02785 17.07484 20.76984 25.16771 13.10999 8.70349 17.35655 0.0 16.09489 0.0 19.09776 
1000.0 25.67112 7.60585 25.04471 0.0 32.15502 14.0818 12.75094 23.23645 28.97421 18.80134 17.78262 0.0 14.48857 10.54134 31.84791 10.88289 22.25374 31.44412 9.99764 0.02041 10.20497 14.07434 17.61159 28.9768 20.97009 28.77495 17.96429 14.73645 22.73984 13.05089 12.8726 11.14891 17.88158 7.72409 26.10188 30.00617 23.55 14.30492 14.98249 9.13594 32.01413 21.40957 26.21676 8.21007 23.30546 20.745 0.0 31.41529 0.0 32.32334 
1000.0 21.93696 7.54532 31.17679 0.0 13.37749 27.97477 22.31547 22.15975 12.908 21.56179 17.67661 0.0 22.74631 24.41323 14.73023 7.04224 7.58607 14.19755 29.14927 0.03987 18.1197 9.56666 27.25869 28.46494 23.85366 23.06461 11.92294 20.5266 25.30177 29.96157 23.73049 21.78535 6.80053 14.44741 10.69055 28.78498 9.16026 11.94014 6.52391 19.85881 22.13067 20.70726 22.71311 7.91373 23.02707 23.46564 0.0 6.85009 0.0 30.72436 
1000.0 20.06927 21.25039 28.71844 0.0 7.73748 28.22551 13.63421 20.16861 20.81969 13.87934 14.85348 0.0 11.13447 13.61611 16.16119 11.71947 24.33231 19.14158 24.58706 0.01364 31.52276 17.57383 24.30677 23.67316 30.68672 16.43954 9.30033 6.84094 25.85121 11.27573 7.55329 19.71261 28.71128 7.76279 7.03749 10.32472 29.27431 25.07259 13.4752 11.45957 27.88401 30.76518 22.40046 19.59894 15.53424 22.07299 0.0 28.02431 0.0 7.03927 
1000.0 29.73331 20.01548 22.75327 0.0 21.57809 20.39646 23.74008 30.78087 27.75105 15.613 22.34697 0.0 12.22932 27.80503 17.28511 21.89964 25.38735 7.67958 20.5371 0.01478 22.6256 28.76253 29.99808 14.43435 24.07508 9.38398 25.15231 8.14462 18.33495 6.95138 14.91117 22.831 8.66354 29.27429 21.34597 26.65162 29.20833 10.827 7.0148 15.85505 19.4974 30.63425 15.39378 8.90413 26.43363 12.39288 0.0 15.23727 0.0 20.59717 
1000.0 22.0961 30.51584 13.43453 0.0 23.38621 29.73126 16.37683 7.18826 14.41098 25.36103 9.71305 0.0 18.14131 13.01317 20.70248 29.58963 9.80705 16.35064 23.56857 0.01243 24.86453 26.95858 31.62238 20.37275 13.57762 24.22745 7.89171 22.22218 23.81029 29.42924 7.25075 8.57466 13.34867 17.03604 16.36948 25.04237 29.3399 25.24415 20.41673 9.66527 31.18462 24.91885 25.75757 27.59462 8.52129 29.35151 0.0 13.80106 0.0 19.49325 
1000.0 21.3552 22.49504 23.98332 0.0 31.73416 10.32072 14.17914 27.77669 10.65021 29.3644 21.77924 0.0 26.87006 15.19992 11.78945 9.56237 13.02434 29.9713 12.34267 0.02118 19.89878 21.81986 12.63528 26.96506 13.58176 31.10228 19.49653 22.58617 19.47403 16.66126 32.14865 28.47332 17.62989 30.09594 21.24053 12.72859 21.9886 20.19957 29.32876 17.67571 6.8321 23.4854 7.26409 7.6322 10.78142 18.41895 0.0 28.8426 0.0 22.78953 
1000.0 0.0 0.0 0.0 18.22642 0.0 0.0 0.0 0.0 0.0 0.0 0.0 29.25968 0.0 0.0 0.0 0.0 0.0 0.0 0.0 0.0 0.0 0.0 0.0 0.0 0.0 0.0 0.0 0.0 0.0 0.0 0.0 0.0 0.0 0.0 0.0 0.0 0.0 0.0 0.0 0.0 0.0 0.0 0.0 0.0 0.0 0.0 13.697 0.0 31.14279 0.0 
1000.0 11.82952 22.17853 27.18074 0.0 26.92795 26.68095 28.23549 21.25609 21.24216 14.71832 11.8069 0.0 21.58612 32.18158 18.26667 12.2347 14.28022 14.83132 11.96121 0.03835 24.6538 22.24809 26.14108 18.42452 16.78901 8.47418 18.07894 22.27902 24.95371 24.8222 19.29193 29.58263 27.10761 18.98253 25.32368 30.05101 13.54547 20.3069 11.13446 10.33451 12.49421 19.13229 10.58553 16.44607 21.47477 31.99185 0.0 20.81697 0.0 11.50785 
1000.0 0.0 0.0 0.0 29.62957 0.0 0.0 0.0 0.0 0.0 0.0 0.0 26.59182 0.0 0.0 0.0 0.0 0.0 0.0 0.0 0.0 0.0 0.0 0.0 0.0 0.0 0.0 0.0 0.0 0.0 0.0 0.0 0.0 0.0 0.0 0.0 0.0 0.0 0.0 0.0 0.0 0.0 0.0 0.0 0.0 0.0 0.0 22.63218 0.0 25.3861 0.0 
1000.0 12.12782 31.20117 9.06473 0.0 17.62817 18.24951 17.63459 22.43238 28.36884 8.30303 8.53735 0.0 8.22467 9.97421 6.71755 30.53953 23.42224 15.15213 30.32725 0.03742 23.93199 16.63319 29.10678 18.22455 6.60898 14.35003 32.16695 7.17747 25.2759 20.01111 11.0596 7.5606 19.63448 24.64336 13.42321 17.06592 27.2136 18.25886 31.25911 23.62826 12.61166 26.79157 25.42606 27.36238 30.44455 22.08926 0.0 15.33422 0.0 31.31056 
