1000.0 1000.0 1000.0 1000.0 1000.0 1000.0 1000.0 1000.0 1000.0 1000.0 1000.0 1000.0 1000.0 1000.0 1000.0 1000.0 1000.0 1000.0 1000.0 1000.0 1000.0 1000.0 1000.0 1000.0 1000.0 1000.0 1000.0 1000.0 1000.0 1000.0 1000.0 1000.0 1000.0 1000.0 1000.0 1000.0 1000.0 1000.0 1000.0 1000.0 1000.0 1000.0 1000.0 1000.0 1000.0 1000.0 1000.0 1000.0 1000.0 1000.0 1000.0 
1000.0 38.23531 28.92881 37.58687 0.0 15.05282 36.5775 20.45919 31.83927 19.13858 19.49503 21.45802 0.0 32.91237 15.40249 21.41917 26.39551 22.00894 20.1595 24.20798 0.03513 24.79373 25.66338 41.82641 14.46322 34.95878 27.3366 23.87496 28.5281 29.61688 17.59064 39.067 9.98676 8.54358 24.37544 24.8358 10.01863 41.38266 23.00405 27.22022 30.94698 33.67695 33.97857 28.19582 9.59633 13.15376 29.37833 0.0 35.24846 0.0 37.03875 
1000.0 30.21469 10.61413 25.5566 0.0 12.94976 37.9383 23.10689 21.82919 39.84323 31.69338 12.36767 0.0 10.80312 18.8453 40.14941 29.43737 11.57312 23.36662 11.07235 0.02379 27.7171 17.116 32.96375 35.80738 9.20824 40.54811 32.80297 10.24072 13.94508 30.7145 40.85332 14.54333 21.09461 32.23735 19.67771 24.09704 20.94409 39.91423 16.05742 20.3582 35.74067 12.17171 34.65444 33.79533 27.47126 15.9162 0.0 10.32759 0.0 12.1109 
1000.0 20.23479 9.39697 21.64565 0.0 39.08961 18.311 14.20488 27.16496 23.9978 20.07747 10.07692 0.0 28.37536 20.24723 30.94112 8.48158 39.70621 31.4805 28.35716 0.03675 25.35576 31.4683 24.33689 34.29259 18.82118 40.36581 11.03617 29.93653 12.92137 23.06204 33.82173 29.92908 22.74028 31.27046 36.91135 10.19908 31.47195 35.67134 16.78825 35.34282 24.94224 12.47431 33.23846 11.94523 16.94678 13.88214 0.0 28.53942 0.0 36.16401 
1000.0 0.0 0.0 0.0 31.61552 0.0 0.0 0.0 0.0 0.0 0.0 0.0 38.8773 0.0 0.0 0.0 0.0 0.0 0.0 0.0 0.0 0.0 0.0 0.0 0.0 0.0 0.0 0.0 0.0 0.0 0.0 0.0 0.0 0.0 0.0 0.0 0.0 0.0 0.0 0.0 0.0 0.0 0.0 0.0 0.0 0.0 0.0 25.86485 0.0 16.88862 0.0 
1000.0 36.2725 12.80516 11.30667 0.0 22.55556 17.88634 29.33373 40.96743 35.66345 32.6182 10.55968 0.0 20.77235 18.95788 31.2742 18.81462 38.48874 24.06596 33.08978 0.01085 8.9794 27.61795 10.96899 15.19382 10.46167 10.05542 15.03332 26.41691 33.52415 20.27255 26.843 11.67485 16.68608 34.62188 29.91579 16.65095 28.95072 34.09828 28.27484 13.67193 32.41401 11.7939 10.68522 26.86045 39.12054 24.80272 0.0 41.85095 0.0 21.17766 
1000.0 11.97104 35.0819 19.06154 0.0 17.41872 33.86325 39.46198 32.31901 26.2708 42.04917 20.90458 0.0 29.99831 30.30084 31.01018 16.33455 9.35037 22.94091 26.72621 0.02369 24.77442 40.73454 13.20981 17.33501 10.91319 26.31379 33.82035 9.02362 13.02707 38.32171 34.27237 31.60125 37.24565 35.98643 25.79108 33.22158 13.35103 40.17383 14.78131 21.02477 41.25253 33.52843 28.46475 16.46139 23.07345 32.34255 0.0 37.66608 0.0 38.05475 
1000.0 27.47918 19.59835 14.79442 0.0 29.70042 18.62329 37.30014 34.06558 32.28054 32.41519 17.43858 0.0 12.38921 10.63844 10.26403 32.69228 19.62659 15.69876 13.50808 0.01818 16.23278 15.44383 28.53883 11.55905 30.54799 24.68182 36.08545 33.24618 16.10891 23.18191 40.21667 34.45216 15.14883 22.09949 12.12897 36.39555 28.08852 20.45282 12.50868 37.35662 26.75334 22.57679 40.12381 10.98098 23.45696 10.42505 0.0 24.84857 0.0 20.1176 
1000.0 30.42043 19.96494 8.82958 0.0 14.65551 32.71143 13.64697 12.41637 14.48248 33.72295 35.95232 0.0 13.09946 28.80677 25.89968 28.9045 17.42537 11.00525 32.3701 0.04102 36.86407 28.70642 13.18288 41.77571 22.03621 35.46603 14.9671 17.49146 24.60943 39.23678 24.42712 41.34571 22.07947 23.92366 33.75918 19.51728 26.94611 19.45578 29.36467 36.04109 20.5581 37.87981 35.65364 21.43349 28.4705 13.17523 0.0 31.61069 0.0 10.97938 
1000.0 34.65971 11.03537 37.44609 0.0 31.05863 14.86396 33.11056 12.00289 26.31422 30.39922 21.23719 0.0 34.06872 24.39408 36.16125 32.01492 16.36808 9.29396 28.57778 0.03447 20.10924 22.63635 18.39562 14.55551 19.75523 24.37711 36.86832 31.88673 33.28279 32.60445 21.80397 31.72521 33.46102 28.58395 17.97776 28.53364 35.0391 10.17895 22.53942 10.47314 41.85408 10.80332 10.40882 30.29357 11.97496 27.50186 0.0 35.76547 0.0 35.52115 
1000.0 40.91242 16.10283 10.66422 0.0 9.56604 32.17495 13.12188 21.26603 18.36302 9.00439 16.86212 0.0 30.11248 19.60089 12.81948 29.4802 19.94735 30.18756 31.64619 0.02042 13.74453 14.52983 11.81531 39.86486 34.09798 10.86156 17.79311 29.9081 39.23283 40.27068 17.09614 35.07634 23.11663 13.18949 20.09327 13.53837 17.38238 27.63976 17.5345 38.80771 35.89694 11.62075 15.48713 25.11111 8.67671 12.00423 0.0 9.75725 0.0 29.06135 
1000.0 10.69092 29.83052 23.29327 0.0 12.11388 9.25133 18.4057 33.1192 33.52288 34.77854 32.84361 0.0 34.52104 33.025 20.8678 30.16083 27.76783 15.42729 20.64755 0.01649 14.45406 33.56747 10.58522 24.04526 20.29585 25.09944 8.68967 35.8022 24.55321 24.66346 11.72301 35.27298 38.08464 26.67116 9.85132 12.24787 35.2907 36.64972 11.89842 14.79007 24.95346 10.51068 41.52346 19.58048 10.06867 38.34983 0.0 25.57295 0.0 19.9779 
1000.0 0.0 0.0 0.0 28.34472 0.0 0.0 0.0 0.0 0.0 0.0 0.0 27.15333 0.0 0.0 0.0 0.0 0.0 0.0 0.0 0.0 0.0 0.0 0.0 0.0 0.0 0.0 0.0 0.0 0.0 0.0 0.0 0.0 0.0 0.0 0.0 0.0 0.0 0.0 0.0 0.0 0.0 0.0 0.0 0.0 0.0 0.0 23.27497 0.0 33.96586 0.0 
1000.0 22.65252 18.23253 23.32666 0.0 14.81607 29.12775 21.50001 16.08554 20.34331 27.27417 30.27566 0.0 8.70544 27.25095 25.39404 39.44957 15.13077 38.74446 12.2163 0.01308 14.08807 31.90541 35.94024 12.00506 18.04392 18.46367 14.72063 34.53337 11.88732 21.49589 25.86816 16.22316 26.7056 11.63576 17.99792 19.96432 30.46154 30.50013 20.25355 17.3305 22.42294 12.38646 23.567 13.10499 18.53615 34.92095 0.0 38.27879 0.0 10.04679 
1000.0 41.76601 40.89024 27.28277 0.0 10.52354 20.46651 15.0586 16.6828 22.16854 20.43824 18.03545 0.0 40.04793 18.44514 26.46144 10.16986 23.55434 26.90716 32.24811 0.02253 26.94797 24.00218 41.32682 37.06039 29.68084 10.36874 34.8128 32.93107 38.8371 40.27232 32.81369 15.62265 18.51017 26.03761 28.23295 15.8733 41.63269 28.03882 36.7781 18.29367 30.95795 35.00091 27.56295 30.72908 24.64483 41.73398 0.0 15.50665 0.0 19.91611 
1000.0 28.4512 25.62237 36.97299 0.0 10.75826 39.41302 35.77392 30.98949 22.83179 34.79022 28.40868 0.0 11.62776 21.2824 12.47344 35.86713 23.77293 22.51831 9.16356 0.01554 29.49823 37.00619 14.39259 30.40105 25.47861 34.1192 22.13313 40.18144 26.77511 13.5732 38.41347 14.64653 14.05401 26.84821 21.30651 13.47071 12.53244 12.88555 12.58296 22.78372 39.07818 37.23399 33.44314 31.70414 33.49353 29.42061 0.0 16.34538 0.0 30.60727 
1000.0 15.54111 17.96054 17.58894 0.0 18.27454 23.44197 29.0323 23.95479 23.56066 23.84261 28.17976 0.0 18.88216 37.40075 23.30554 16.65844 21.09701 36.27224 27.49926 0.01742 37.84769 10.43491 36.31528 30.6447 27.74755 15.60479 22.07377 23.13042 14.65392 33.03719 15.16893 41.87608 19.0229 31.24184 14.59967 35.84208 40.9737 8.50322 11.00821 41.86533 41.15636 11.99968 14.78009 8.88963 39.19734 25.1381 0.0 22.25539 0.0 26.44852 
1000.0 8.49764 35.22482 19.31194 0.0 27.49487 39.57191 26.98824 27.52876 18.48751 23.79229 21.0039 0.0 22.20611 13.77894 32.84297 17.171 22.65714 34.76832 17.32577 0.01455 40.95513 37.16869 31.36217 8.99203 9.27187 14.82457 22.24001 33.23515 16.44335 24.87547 11.57737 14.40857 40.70301 20.60581 22.42985 40.60901 40.78479 16.86972 16.46676 23.31312 39.8696 35.55438 29.9651 25.73388 24.66683 41.88373 0.0 17.74019 0.0 24.71857 
1000.0 9.77858 20.73653 10.40994 0.0 39.30967 9.04985 22.45555 31.11459 16.32162 32.3633 31.30525 0.0 28.81002 10.75601 19.53431 41.76552 26.69148 30.11536 10.43739 0.04487 37.23335 24.61573 23.7734 12.8871 23.52248 24.19548 40.35104 24.89404 20.83548 36.07235 24.96186 9.56453 14.52755 15.30735 22.968 30.78066 16.57709 14.58521 11.25586 15.85871 14.21597 12.55035 35.00655 18.7834 11.97415 10.96283 0.0 11.04478 0.0 8.78087 
1000.0 33.5826 24.41272 16.5104 0.0 22.59592 26.64208 28.84672 26.52164 39.1562 35.46399 33.93355 0.0 24.98276 24.92175 36.60355 36.64923 19.14985 9.21067 16.28376 0.04342 14.42617 27.60814 10.57476 23.23766 22.89089 33.25345 30.53745 25.78222 17.54368 26.46528 33.59581 26.25434 41.70948 14.01986 13.03765 14.06802 25.78222 41.06935 23.3767 14.69083 38.30218 40.75782 39.52634 20.69063 27.09057 23.69056 0.0 28.80376 0.0 31.01419 
1000.0 0.0679 0.15782 0.13174 0.0 0.08983 0.1256 0.08943 0.09132 0.18027 0.1059 0.09049 0.0 0.13706 0.1503 0.13294 0.08686 0.09766 0.06053 0.13573 41.00073 0.11322 0.13578 0.06531 0.10939 0.17942 0.13267 0.04696 0.12932 0.11045 0.06075 0.12239 0.14719 0.07738 0.03735 0.1561 0.04285 0.14059 0.16325 0.11598 0.09308 0.09571 0.08833 0.09592 0.07769 0.14716 0.17999 0.0 0.04183 0.0 0.03754 
1000.0 41.6627 31.13366 21.84014 0.0 38.49721 34.65433 39.15812 37.00557 39.34046 32.93476 41.7783 0.0 33.84189 16.08239 39.32461 15.78113 26.85525 33.45612 12.36969 0.03218 16.6343 31.50246 33.73483 34.0787 40.35702 21.16845 41.99074 30.96385 10.68132 26.17881 36.64962 15.17377 16.58583 15.72092 20.60091 38.28945 33.85341 27.89399 17.49704 21.22151 21.51218 17.16306 27.89926 18.45423 22.33859 38.10447 0.0 41.13419 0.0 16.45706 
1000.0 39.95927 17.52095 36.116 0.0 24.23611 34.56704 22.19306 27.99038 21.19515 8.94813 37.23865 0.0 11.23813 20.98297 28.79787 39.37295 18.00513 25.325 34.7521 0.01541 37.81516 23.14822 38.49972 34.70252 13.28911 39.20047 15.58302 13.90526 19.96603 19.73628 34.71884 12.14584 30.04675 18.64953 15.79266 36.34367 18.40464 33.24065 37.65964 26.7278 41.39372 30.42936 27.19486 23.15451 23.4534 31.97767 0.0 40.83381 0.0 31.50179 
1000.0 11.86415 37.73077 23.58959 0.0 21.28512 31.32632 14.51666 39.43852 38.05415 40.11282 29.82586 0.0 26.26793 21.88512 18.44463 25.64416 19.65761 34.3029 16.25591 0.01305 13.53808 25.38787 38.89707 33.87432 14.33782 22.80336 11.53713 39.58663 30.32395 33.38436 17.44373 23.46685 39.76608 21.14406 22.86026 35.9491 24.78127 14.75791 25.6152 41.60467 28.4447 20.42775 29.77213 22.17078 19.6921 34.2705 0.0 27.97399 0.0 36.95181 
1000.0 25.61111 29.50948 18.18336 0.0 22.10562 33.52916 12.81932 24.41366 37.92196 13.48351 40.74659 0.0 28.9928 10.39548 8.7706 21.41812 32.79024 30.48204 9.75142 0.01985 10.83969 41.19373 41.40024 11.2935 10.35623 20.54648 11.81494 41.04559 26.84393 36.26313 40.59195 30.73833 28.41729 35.38434 18.58681 26.68215 30.16068 16.95589 33.095 31.01933 18.01263 39.69344 33.21866 24.85777 31.11498 17.43736 0.0 40.76183 0.0 12.83957 
1000.0 36.62584 25.0623 35.10428 0.0 28.80633 21.28557 10.64472 13.92846 12.94391 34.67205 36.59424 0.0 34.09966 29.79413 27.82848 33.72443 10.65708 20.14789 19.72354 0.02171 38.78097 27.69601 10.11957 28.80498 41.19265 18.89477 29.39141 20.51696 26.72244 23.34573 13.76896 12.79944 19.30154 12.65451 23.24205 32.61201 21.68872 35.30493 17.22186 35.20371 40.52758 27.40344 22.49955 19.02422 34.91199 19.03659 0.0 35.07672 0.0 28.17607 
1000.0 9.07235 31.16951 36.9288 0.0 35.29543 27.72298 33.08761 41.04206 16.23298 26.18456 30.7881 0.0 21.03496 37.25347 27.95927 10.42561 32.03087 39.17643 20.70166 0.01605 26.72878 41.81556 40.99845 14.99539 21.01318 10.77293 29.02942 31.78968 35.5781 29.90945 11.20188 32.15549 37.0525 16.31051 23.48766 19.44641 17.51232 18.23749 15.84266 17.7731 36.99645 14.0044 17.50824 18.81591 39.77914 27.5597 0.0 28.92922 0.0 40.34091 
1000.0 37.60512 24.4094 24.79733 0.0 30.3659 9.93936 38.10933 14.76904 40.69217 9.7191 24.7349 0.0 32.048 16.62135 23.65876 32.4364 23.6619 29.43708 14.73043 0.01002 33.00479 41.35093 12.25171 18.306 15.76211 26.92674 20.76262 23.28374 22.79979 26.07246 26.90469 38.06223 12.37933 8.4757 12.32934 14.34287 12.30554 24.64672 33.60666 38.00548 17.12297 28.00474 10.97868 37.51342 21.40262 19.33715 0.0 36.16826 0.0 10.26661 
1000.0 19.02707 17.21511 28.93638 0.0 21.20707 22.94319 36.30598 35.04302 20.72393 24.94387 32.46353 0.0 9.48624 13.42469 34.02632 24.12723 33.69113 18.92039 9.47629 0.02551 25.94575 12.5069 31.48265 40.39235 31.70934 34.63362 12.98622 37.94917 20.38084 13.94748 24.3248 23.88194 39.07023 23.11156 20.94042 38.75484 41.53329 19.65391 37.71725 31.07531 35.2497 26.94195 11.68867 22.36051 32.74456 8.78015 0.0 23.53975 0.0 38.13332 
1000.0 14.59941 24.1258 17.50747 0.0 32.24466 32.12125 34.1839 14.5847 29.70408 25.4955 18.30363 0.0 18.47609 36.04027 18.3337 27.60252 21.52167 28.60644 30.38996 0.03335 32.42789 15.22802 37.84936 25.0888 13.0521 31.53933 26.69047 12.42146 27.72124 8.4513 34.95887 21.04551 21.56952 30.27294 41.50846 40.93771 19.15577 23.75598 36.52962 14.93043 31.85357 15.80082 32.28345 21.75462 40.70958 9.96396 0.0 13.37566 0.0 14.24098 
1000.0 37.36982 10.45164 38.88955 0.0 15.57075 31.51259 33.84126 19.96029 40.05093 37.90735 31.05791 0.0 31.40996 28.21836 23.39364 27.20269 17.44956 15.89549 14.39494 0.03826 42.08155 21.24414 33.62491 34.61887 34.15006 18.58773 31.22032 41.16416 20.35336 11.04645 30.38047 11.62709 18.13714 23.76309 27.632 19.02486 39.51646 10.02172 35.26218 42.04866 15.78978 9.18937 31.71449 25.43071 41.10141 18.40096 0.0 9.56053 0.0 32.34226 
1000.0 33.13903 38.57974 10.59091 0.0 25.67118 35.12626 13.52931 19.94869 23.54926 22.39574 27.82099 0.0 12.11261 33.78239 13.98739 23.311 8.67071 37.35681 21.91757 0.0106 32.83081 30.54152 30.3136 17.56895 14.42243 16.99859 31.02877 27.2658 36.59641 20.31501 36.20556 16.86416 41.368 40.14478 38.54292 20.48949 34.40678 32.9714 29.2336 23.60771 25.67799 27.94577 29.98474 14.59127 40.25667 28.04101 0.0 36.29793 0.0 37.83176 
1000.0 32.38452 18.36291 38.34855 0.0 10.92991 12.83998 17.2101 27.67277 40.47331 22.78881 40.41158 0.0 14.01399 19.40832 37.76704 23.94053 9.58727 21.99046 21.49423 0.02343 17.62826 20.63578 19.69924 30.21004 15.97032 11.10006 15.57643 23.27086 16.80451 35.29493 39.78703 40.34413 31.96366 24.55439 41.47994 15.7233 27.61803 16.95405 39.84175 39.79988 35.52219 10.71316 35.44141 38.19923 31.64229 33.30293 0.0 9.72561 0.0 11.00224 
1000.0 12.99381 39.94337 14.88451 0.0 29.58264 14.82601 34.66781 14.07377 15.79041 32.98225 41.7753 0.0 35.75291 16.43889 31.54608 21.18 32.75549 22.34376 37.87798 0.04518 11.73003 11.09364 32.28573 23.87214 13.77848 31.54586 24.48648 13.61889 22.09042 23.87372 22.96449 17.79055 31.03984 30.21182 32.75982 19.79763 21.71436 39.03425 10.13792 33.72535 14.74164 31.16102 28.95463 18.00815 40.11667 35.97244 0.0 36.97658 0.0 18.59903 
1000.0 15.42617 12.25548 33.93322 0.0 41.85062 22.48398 13.85605 31.26154 15.51471 32.08311 38.4029 0.0 37.09509 15.20617 12.62315 23.35583 40.10013 33.56939 18.85864 0.0189 19.48959 29.03568 17.15514 30.25132 13.4538 9.69417 37.23581 10.26852 23.87778 18.87437 18.96297 38.01597 35.88199 33.35302 25.01001 23.36777 23.4736 23.95786 18.26129 32.04464 40.85357 31.45269 21.2583 9.11788 13.39665 13.76244 0.0 26.50986 0.0 29.96145 
1000.0 19.20377 41.60125 9.26455 0.0 40.72616 9.19147 9.81482 10.15763 23.1341 25.57957 12.79884 0.0 35.33525 11.07561 40.92386 41.31413 37.26012 40.72409 35.8368 0.0261 8.7545 27.7196 41.64435 15.86299 41.20882 40.8581 10.04332 36.81319 25.24417 36.05408 27.77911 16.0499 20.51716 26.81953 8.9701 15.09097 22.40697 31.94623 38.19809 29.89532 14.42562 25.96055 30.01511 29.4409 12.06413 31.00054 0.0 30.06465 0.0 29.0806 
1000.0 31.32751 38.16768 19.29016 0.0 38.21811 9.79528 24.39927 17.80829 39.73998 19.37272 23.74427 0.0 25.08375 31.25262 35.8013 41.77748 29.18905 38.54278 10.63402 0.04537 20.56077 23.6899 19.45679 21.32899 28.77064 11.54166 29.66743 10.88438 13.93849 37.05613 24.52562 32.72092 15.51995 18.70473 34.06845 19.56626 23.51997 32.75513 39.73621 34.16042 20.87099 30.45397 42.03165 24.37691 32.09992 10.081 0.0 11.33535 0.0 31.64276 
1000.0 10.01898 16.60927 18.23345 0.0 31.86406 28.981 17.31308 11.50853 39.14522 20.60587 14.59491 0.0 22.46079 28.98347 28.90548 42.01807 40.75047 30.23515 41.41335 0.01552 40.52632 23.66553 17.19282 15.85153 37.88609 36.02011 21.14525 20.79104 30.66088 19.07477 18.04949 9.13417 8.72651 35.47287 23.63758 23.9414 15.00023 16.98631 13.50887 28.50547 15.86223 24.95409 33.15044 13.81559 34.76407 30.60303 0.0 41.95575 0.0 31.98441 
1000.0 35.34775 34.34891 30.18249 0.0 9.08332 30.7959 28.40236 26.22322 34.2623 26.27616 22.5523 0.0 17.7716 11.20088 10.87347 38.63156 16.44418 37.10016 28.87674 0.02724 36.4467 38.64409 41.99657 24.30614 23.2864 35.0986 32.98691 35.16489 36.52915 31.80341 13.92481 15.63048 25.81663 11.42824 30.77637 35.95846 36.73297 14.55279 13.87985 19.05004 15.11227 39.93757 21.29689 17.36439 39.90516 24.29195 0.0 19.99454 0.0 9.69939 
1000.0 31.18867 19.32819 28.66375 0.0 14.51375 17.95144 31.63962 19.726 21.49071 27.2484 39.82467 0.0 30.98917 13.28756 35.50007 34.81626 41.72441 30.96116 24.87379 0.03276 25.76941 14.26554 38.85881 39.15684 18.85233 35.42724 19.1779 15.26865 37.5244 32.86117 27.98755 32.25314 16.50949 15.01013 8.47425 39.01182 35.20294 37.06279 26.67389 32.39236 13.49194 23.91229 25.82919 10.63277 36.82557 12.09144 0.0 41.05339 0.0 41.13298 
1000.0 38.69286 27.65799 18.48001 0.0 15.88069 18.60708 9.8753 9.66149 22.29575 17.67537 41.72419 0.0 9.73151 8.49527 28.12701 16.26302 37.10189 17.44527 25.51864 0.03744 10.70011 14.13645 35.29503 23.47762 8.84452 24.83316 22.72926 23.50347 37.43373 13.56682 21.09191 37.81952 15.16876 20.13171 29.81713 26.20782 33.30005 32.68967 19.19701 30.27213 26.83649 22.12101 37.44916 13.45191 19.92679 12.05846 0.0 16.61782 0.0 37.70668 
1000.0 31.69889 41.36295 9.65024 0.0 18.37478 25.76327 30.07646 21.44435 39.04234 34.70182 27.0283 0.0 12.64294 21.43388 31.72394 34.77069 41.50404 33.97906 31.61554 0.02496 24.65798 19.67717 12.1374 27.1031 25.44025 17.30133 26.66113 24.26132 26.89693 10.08884 37.94071 28.60878 24.83771 10.62618 37.26005 13.98784 40.43752 33.48761 19.72323 41.9622 36.48019 14.17662 24.3137 12.58911 15.27751 24.63884 0.0 8.96778 0.0 32.11225 
1000.0 10.50293 29.60813 23.02583 0.0 37.55711 36.08758 34.77185 12.51253 20.24873 11.80593 25.618 0.0 23.27147 32.15968 12.39556 16.74006 41.04236 23.35403 12.85219 0.03098 11.40029 9.54757 22.56709 28.09048 13.75405 26.33885 26.08877 31.83695 18.49198 14.91469 30.96205 12.64176 27.48835 12.108 19.18081 29.43247 35.58788 13.33703 38.31549 27.19736 18.11002 16.82404 8.9192 14.88482 37.09558 41.09176 0.0 13.74703 0.0 19.29298 
1000.0 33.77806 24.24354 13.03705 0.0 34.37889 21.97791 32.44484 9.01167 35.54073 11.24889 25.55492 0.0 22.2561 17.01571 24.1999 41.03428 41.18371 15.1629 9.99475 0.04527 13.57327 18.25813 13.14332 9.62363 17.69273 22.03551 30.37527 22.34399 12.41561 16.19303 14.69919 14.61753 15.43502 28.40066 30.22411 34.33806 20.47879 12.76413 16.2248 33.43856 10.39571 23.56617 27.94045 32.7543 27.54671 32.78015 0.0 27.90656 0.0 8.84134 
1000.0 12.81832 41.88564 40.41651 0.0 31.69394 35.51699 39.28423 27.12914 19.41073 9.02098 25.70994 0.0 35.66417 40.63214 21.97792 20.7768 32.39111 24.70674 31.32082 0.03539 25.01869 11.31866 22.25737 8.61587 18.00004 20.68678 10.47061 28.37581 19.6642 35.78191 13.30248 34.54022 11.09052 34.55374 14.29792 19.16843 17.12921 36.2339 19.26232 35.35123 14.90475 39.05131 10.07047 36.28141 15.69805 9.12773 0.0 30.4243 0.0 40.46822 
1000.0 25.1704 12.0695 37.5261 0.0 13.01413 33.26144 23.67614 36.63226 15.60702 41.11616 21.43772 0.0 19.69812 40.57311 36.45765 9.03906 17.05851 37.22205 26.31146 0.02687 31.51441 26.29585 20.86371 16.7568 36.94655 21.73778 15.22509 25.85918 20.30783 31.153 38.82441 24.70246 14.93073 36.34371 15.82456 33.20591 34.84278 13.49851 17.1943 29.37286 28.74508 17.54593 39.16887 34.4353 18.07882 11.91278 0.0 13.09878 0.0 21.05005 
1000.0 27.01175 36.00077 26.35103 0.0 20.25789 36.93109 35.62059 22.84025 17.90201 33.20672 32.96158 0.0 36.3661 41.22924 17.12888 15.02069 25.72176 22.9038 40.68887 0.01878 10.29988 12.51586 14.5936 15.72257 27.61812 25.27878 36.73506 40.41582 37.13766 20.29029 18.86731 24.36213 37.50703 14.05957 8.49138 10.77046 41.8721 35.26771 34.2619 41.38942 35.25925 8.73467 40.52611 14.77326 14.18945 35.55058 0.0 15.75529 0.0 30.36032 
1000.0 0.0 0.0 0.0 13.24786 0.0 0.0 0.0 0.0 0.0 0.0 0.0 18.81784 0.0 0.0 0.0 0.0 0.0 0.0 0.0 0.0 0.0 0.0 0.0 0.0 0.0 0.0 0.0 0.0 0.0 0.0 0.0 0.0 0.0 0.0 0.0 0.0 0.0 0.0 0.0 0.0 0.0 0.0 0.0 0.0 0.0 0.0 22.36282 0.0 36.12405 0.0 
1000.0 33.12933 29.42386 35.16836 0.0 39.8679 17.11439 12.96714 38.14704 30.31293 14.82189 31.50678 0.0 40.54919 22.90405 38.96704 32.47006 18.80264 20.37943 31.02701 0.02148 27.33553 24.95379 40.7174 18.73609 38.77598 38.85251 28.13774 29.32695 28.83466 39.44588 22.84439 22.2457 25.73281 27.99872 24.43349 12.62853 21.79903 16.13846 13.31786 37.49448 24.90797 18.08998 14.83147 40.54947 12.0183 33.40113 0.0 23.97342 0.0 20.31698 
1000.0 0.0 0.0 0.0 39.8983 0.0 0.0 0.0 0.0 0.0 0.0 0.0 41.77448 0.0 0.0 0.0 0.0 0.0 0.0 0.0 0.0 0.0 0.0 0.0 0.0 0.0 0.0 0.0 0.0 0.0 0.0 0.0 0.0 0.0 0.0 0.0 0.0 0.0 0.0 0.0 0.0 0.0 0.0 0.0 0.0 0.0 0.0 32.52671 0.0 35.21393 0.0 
1000.0 30.91025 28.58345 14.25991 0.0 8.45931 15.35486 10.14932 27.90812 18.38525 37.24465 10.70504 0.0 20.88487 21.77977 41.44696 20.20128 11.23052 14.36965 21.02135 0.01806 28.64884 30.31846 23.76857 20.60803 14.88906 33.37524 11.65032 15.9608 37.21007 19.37209 33.1659 32.33994 8.61461 37.42582 9.87969 37.69454 30.34736 12.57878 13.65226 10.62703 35.8941 35.08086 27.15481 32.54913 35.16914 14.67933 0.0 40.72078 0.0 38.05575 
