1000.0 1000.0 1000.0 1000.0 1000.0 1000.0 1000.0 1000.0 1000.0 1000.0 1000.0 1000.0 1000.0 1000.0 1000.0 1000.0 1000.0 1000.0 1000.0 1000.0 1000.0 1000.0 1000.0 1000.0 1000.0 1000.0 1000.0 1000.0 1000.0 1000.0 1000.0 1000.0 1000.0 1000.0 1000.0 1000.0 1000.0 1000.0 1000.0 1000.0 1000.0 1000.0 1000.0 1000.0 1000.0 1000.0 1000.0 1000.0 1000.0 1000.0 1000.0 
1000.0 43.54106 26.68735 16.11555 0.0 36.28167 10.39692 38.84606 22.63865 20.2528 37.22473 47.95168 0.0 12.68689 39.41122 10.8429 13.43898 9.916 32.0693 39.84568 0.04031 11.3735 13.09464 33.46053 35.52486 30.47863 11.90731 31.21189 19.97492 22.50437 29.06121 29.07935 30.39202 22.77023 28.6915 39.45368 46.38681 32.81222 14.47779 14.05574 16.89637 38.00372 38.09457 47.96938 21.24799 26.50141 36.88866 0.0 34.99252 0.0 41.31449 
1000.0 31.97793 37.73194 10.83494 0.0 14.11511 32.53345 21.21413 17.43175 23.37446 44.66217 20.49553 0.0 48.84741 31.03634 48.05839 40.18589 32.70888 27.17446 48.65314 0.04279 44.87697 21.64264 27.55759 11.10371 45.6748 39.61854 19.88456 21.41801 32.95087 14.00413 25.61067 13.7555 25.30851 44.87035 18.37174 39.42586 25.36038 39.66347 13.43843 14.52572 20.90357 23.60572 27.26175 41.18879 39.54435 44.12287 0.0 25.08162 0.0 42.17682 
1000.0 18.48056 22.71887 47.19511 0.0 43.01754 37.81721 35.58812 14.05456 15.48721 39.87112 16.08883 0.0 37.46021 41.42771 46.99178 37.86505 43.7541 27.89318 29.46061 0.02601 11.54799 39.41723 48.13117 14.64629 26.83832 11.27229 23.34526 22.36033 41.57291 48.42216 29.46963 34.96863 43.61356 18.78554 18.07092 16.75906 14.79512 46.45539 13.90885 28.53895 22.29877 31.52797 29.42818 24.9515 45.03906 34.54409 0.0 42.01006 0.0 37.44676 
1000.0 0.0 0.0 0.0 34.79968 0.0 0.0 0.0 0.0 0.0 0.0 0.0 36.38167 0.0 0.0 0.0 0.0 0.0 0.0 0.0 0.0 0.0 0.0 0.0 0.0 0.0 0.0 0.0 0.0 0.0 0.0 0.0 0.0 0.0 0.0 0.0 0.0 0.0 0.0 0.0 0.0 0.0 0.0 0.0 0.0 0.0 0.0 40.7263 0.0 29.96081 0.0 
1000.0 20.61452 20.14738 33.72542 0.0 47.87629 43.59218 24.57645 10.02957 45.32238 33.54078 38.92713 0.0 13.61951 45.65184 25.15868 31.64511 37.9686 11.77211 28.30313 0.0251 29.9382 36.84443 29.89362 19.21736 16.62804 10.37628 36.64324 29.17879 46.83177 14.17167 39.51827 28.8407 43.91582 44.18757 39.80406 34.44212 45.88357 40.23714 23.77868 16.32083 17.9472 42.96182 47.35921 25.53302 33.03309 38.21115 0.0 47.88316 0.0 27.412 
1000.0 44.88315 36.15477 35.32881 0.0 39.06961 17.99741 38.42665 36.45907 39.21582 42.29412 11.0842 0.0 42.6676 9.99177 20.44113 27.68696 34.74333 44.96787 25.02863 0.03033 20.70907 26.83799 14.4449 21.29745 43.90631 13.09644 32.45996 24.85504 41.22171 46.44879 31.26332 15.32869 35.05613 16.69207 26.46578 11.57963 25.99216 21.70949 14.71186 20.87228 35.02861 27.81916 20.9876 11.74987 20.8526 35.21222 0.0 31.0289 0.0 36.2656 
1000.0 32.8313 43.52932 17.54283 0.0 15.97303 19.52191 14.62355 46.72976 36.22089 19.94524 48.11145 0.0 21.80388 31.47308 33.85527 30.46658 43.52781 48.94648 41.5619 0.02348 30.73595 45.03374 48.85366 39.34604 19.32911 23.64997 32.92021 10.73316 31.25047 46.79935 16.62091 28.63496 41.68544 31.48937 34.81539 39.23472 14.90887 26.02939 12.26706 27.61619 26.39895 18.22446 15.40534 37.58398 26.50256 45.50252 0.0 12.00704 0.0 22.73053 
1000.0 28.66289 41.40585 20.78105 0.0 39.92038 20.98775 32.80113 44.75411 36.09921 40.57768 48.32386 0.0 30.9898 24.08426 18.99995 30.13399 14.2528 35.98722 31.50784 0.0103 20.13176 19.42154 35.45041 21.64274 37.1978 21.20286 36.79061 28.87794 23.7472 14.77543 19.25529 32.19413 16.79509 19.90095 29.35592 12.58452 40.5076 45.62746 11.85081 24.15862 38.96845 39.15298 44.4067 35.22105 14.185 26.19444 0.0 17.61503 0.0 44.38606 
1000.0 18.79318 19.50078 27.06001 0.0 46.63883 17.21839 30.58222 25.32025 34.05046 40.18113 16.74052 0.0 22.72348 30.13683 37.99791 41.35255 24.92791 42.90893 23.61595 0.01008 30.22358 12.42119 35.93028 47.25687 10.76552 48.5912 27.26135 38.24607 44.71378 16.13535 17.34505 40.13154 44.56705 33.81519 29.94773 10.91454 44.02339 18.47921 28.39705 37.86536 42.59218 27.49073 47.1217 21.41086 21.44031 12.52915 0.0 16.20944 0.0 18.08975 
1000.0 45.1366 43.89226 37.92388 0.0 16.06717 19.83956 19.78396 45.97744 48.97488 20.86529 19.35507 0.0 25.45175 21.30193 19.20168 9.88664 24.51397 46.7805 32.52922 0.02906 14.02326 42.75184 43.99416 33.11724 15.35927 42.37259 26.66217 29.54082 31.62799 12.19928 37.80285 44.02274 37.13336 47.54264 35.57608 38.17751 21.35658 33.8683 23.93892 25.84756 35.10794 29.60442 22.88692 11.63188 32.61533 47.3375 0.0 27.84522 0.0 17.75535 
1000.0 18.53933 16.59598 19.83414 0.0 33.2591 13.0389 40.93663 38.50385 32.95172 13.37176 28.42774 0.0 48.88978 46.26262 28.21311 17.2637 10.23266 31.54843 39.05978 0.02954 25.52129 31.56644 40.31688 35.74067 21.03278 48.05652 9.96257 47.3451 19.18336 16.94241 20.83526 48.82826 38.76797 33.94903 10.63656 26.72859 23.18194 35.17421 22.46527 36.39045 41.21522 19.36486 19.17387 32.70662 36.9857 21.57063 0.0 19.9069 0.0 48.02317 
1000.0 0.0 0.0 0.0 12.85907 0.0 0.0 0.0 0.0 0.0 0.0 0.0 10.78997 0.0 0.0 0.0 0.0 0.0 0.0 0.0 0.0 0.0 0.0 0.0 0.0 0.0 0.0 0.0 0.0 0.0 0.0 0.0 0.0 0.0 0.0 0.0 0.0 0.0 0.0 0.0 0.0 0.0 0.0 0.0 0.0 0.0 0.0 30.02128 0.0 28.60122 0.0 
1000.0 44.10312 30.21018 19.84413 0.0 22.95357 35.23494 39.04142 47.61258 10.50531 48.8934 26.99924 0.0 47.55321 23.10901 41.87541 10.1393 22.3583 27.41759 10.18733 0.01346 24.57285 22.6613 38.41633 25.83501 22.82056 38.14248 22.72591 37.26078 20.41817 39.81816 10.58511 22.12131 41.01482 25.38471 33.68702 38.94626 26.98492 24.07188 44.12426 40.06126 34.26585 22.21271 24.66753 18.7239 13.88212 20.34942 0.0 40.89243 0.0 42.87973 
1000.0 44.3 17.79978 46.8268 0.0 33.7395 41.56028 26.45252 13.83199 11.53731 14.1875 33.43948 0.0 14.67952 40.58125 27.33156 15.22687 34.72818 47.12347 34.10485 0.04223 24.51282 20.9305 45.47358 46.65032 15.13118 28.89053 16.55235 13.89992 9.94024 11.48476 35.54308 16.33749 48.98236 16.65606 41.0431 29.30264 14.27712 31.7468 14.41128 12.80621 44.70978 35.68788 38.8524 23.91737 41.59023 41.91233 0.0 46.50929 0.0 15.95833 
1000.0 42.17082 26.44637 20.09709 0.0 17.90069 13.7411 40.11413 19.35067 37.58701 10.747 28.30235 0.0 39.28533 42.58957 15.77025 45.14468 10.69078 22.76767 38.08248 0.03701 45.23366 42.98296 46.68136 10.92214 32.10634 21.20038 46.28878 27.58282 42.34581 28.56076 41.60985 47.25871 46.7602 14.84729 40.91078 24.9782 29.41782 16.51694 48.55869 37.73638 20.8916 15.38097 19.06487 17.76015 45.67593 25.18084 0.0 40.43109 0.0 19.09147 
1000.0 21.26129 47.06007 36.59011 0.0 29.62485 32.86182 38.1058 26.55616 40.15088 39.44285 20.96627 0.0 19.92843 28.56118 34.21733 37.81771 15.57051 43.9589 41.40188 0.0213 48.26411 18.08485 10.55341 40.15583 10.62755 16.23505 27.36772 40.93025 23.84503 39.36122 13.78275 32.24226 28.53832 19.59054 22.25402 10.32296 44.31195 34.62099 25.33983 20.43383 46.77299 13.51945 18.81339 18.38645 32.88776 30.78205 0.0 36.86435 0.0 13.95038 
1000.0 44.24758 32.54945 17.72328 0.0 16.18658 26.39882 32.95242 11.11197 32.93243 33.20831 42.83824 0.0 33.79611 11.46306 18.90893 47.31179 19.30713 34.38482 38.9422 0.0321 34.44639 38.19114 13.17974 25.2482 25.81244 18.29562 44.30306 37.53289 11.32017 20.66455 23.47336 47.57816 28.79023 12.77177 41.6577 41.23779 19.89756 14.4105 37.39318 33.50343 21.43049 16.47867 13.2794 46.15064 15.18964 18.0922 0.0 10.52242 0.0 23.70523 
1000.0 15.61624 15.12057 30.70617 0.0 23.07786 47.55562 32.81318 38.72908 11.97423 47.66584 31.28318 0.0 36.3597 14.8037 40.3132 46.17194 16.91442 39.33818 43.77572 0.03216 45.59011 27.6321 19.24332 36.43403 43.71268 46.46222 10.26358 27.35713 45.06693 20.18786 21.80808 46.44926 34.46946 20.07278 35.87508 44.72466 17.06306 26.93461 39.20884 21.92875 43.49525 33.1789 31.21327 25.25888 38.30114 11.43883 0.0 15.3187 0.0 17.66729 
1000.0 27.36561 43.22613 20.00736 0.0 30.06841 38.60623 12.55636 32.43264 39.75415 44.23945 25.3609 0.0 12.29813 38.24495 24.56232 34.20975 46.68035 44.01523 32.72749 0.03378 47.56928 46.66652 47.08884 30.97068 27.55545 31.73857 23.2 29.3377 23.3512 36.88756 40.27701 40.25317 38.92316 43.88142 36.08152 14.95002 20.89084 28.32582 28.02012 21.43919 37.45893 24.57965 13.50733 34.72961 41.3716 24.83551 0.0 41.88771 0.0 14.39782 
1000.0 0.06873 0.10428 0.12682 0.0 0.0668 0.07743 0.10206 0.09652 0.17335 0.08383 0.14718 0.0 0.14746 0.17341 0.04313 0.04935 0.09036 0.17005 0.04135 25.58282 0.13031 0.13613 0.06042 0.16836 0.0721 0.11669 0.06248 0.14403 0.13271 0.17785 0.0418 0.0704 0.08315 0.05932 0.11179 0.07713 0.11547 0.09902 0.09726 0.12358 0.17891 0.06557 0.12447 0.18253 0.0993 0.05517 0.0 0.10023 0.0 0.11637 
1000.0 45.93782 23.95121 44.97567 0.0 35.78584 11.99114 33.64926 12.31353 23.3926 18.60633 9.8238 0.0 34.00029 40.7471 32.24547 28.64224 9.89813 40.67702 28.12123 0.01799 25.42433 41.78673 14.07886 28.71671 31.81921 28.7875 31.22039 23.60906 44.68378 17.93575 38.69324 44.53701 29.22407 13.86112 38.02019 9.98186 36.16428 18.14736 24.02599 44.01085 21.2618 15.61854 34.00707 33.39844 45.40611 10.66447 0.0 40.30369 0.0 48.75617 
1000.0 19.53547 33.58021 13.37701 0.0 39.18466 35.08675 16.72128 32.59388 30.39244 10.20745 17.52924 0.0 22.60929 23.97226 18.58657 42.88429 47.81196 22.35381 27.12471 0.0268 32.41764 22.49148 22.99094 19.18211 39.33544 11.61161 47.41082 18.58828 37.46072 37.53956 13.56162 22.61892 46.14636 16.77185 23.90769 22.04159 41.43232 29.12468 45.63029 25.09386 34.94121 24.1928 10.91836 18.17356 18.46448 44.27593 0.0 28.57461 0.0 35.63411 
1000.0 37.77543 25.48102 17.92321 0.0 38.20427 24.12592 24.25181 46.1948 45.90543 38.26843 18.59585 0.0 31.84992 17.2089 29.30066 43.21117 41.45598 12.07841 36.50138 0.04005 49.00508 25.82327 39.26389 23.31046 21.21158 20.52725 9.98516 40.38161 47.87963 26.44625 42.62622 28.07532 34.05369 24.56486 45.26414 33.514 30.67304 12.39882 26.5542 16.81651 22.45961 48.29227 40.76416 26.59972 26.22175 44.17858 0.0 14.71471 0.0 28.05302 
1000.0 23.06528 48.4312 36.16563 0.0 15.16518 34.37221 48.5129 15.67492 39.03483 21.01096 35.75338 0.0 14.40515 25.1117 35.09222 26.72766 12.89608 40.27727 33.34362 0.02236 28.38672 35.32417 24.84258 43.3433 39.60803 23.0298 35.68408 26.38688 20.75735 25.24495 46.84617 40.45565 46.85906 29.17124 45.36505 29.70805 29.79633 18.38908 29.91374 21.20032 43.19202 44.10819 38.53952 24.126 17.07661 20.87719 0.0 38.50753 0.0 48.27304 
1000.0 37.2845 24.06731 40.95147 0.0 39.78118 44.43388 27.29241 44.24601 32.37726 23.83953 30.96163 0.0 23.51054 45.56539 18.48419 25.66143 25.24337 25.13037 38.05601 0.02739 28.48263 19.77349 34.8585 36.01153 45.22022 43.11939 31.5938 26.66384 30.77892 30.39337 11.29283 36.35731 25.64147 26.92508 25.92882 33.82385 48.39464 33.74359 13.77861 33.92316 36.95442 37.13271 36.27159 30.98716 46.64317 46.36273 0.0 34.25593 0.0 40.48843 
1000.0 39.48142 38.69076 19.34756 0.0 16.55438 22.62744 38.79233 28.55916 20.12372 21.59389 13.42517 0.0 19.30482 10.31409 47.72289 27.27908 14.09708 32.6481 29.92779 0.02127 44.6162 31.4935 43.0285 15.01339 30.10812 47.66575 17.25263 45.94815 11.53967 36.59585 39.7291 37.17697 30.87251 10.16125 22.3345 36.24907 40.71396 27.32854 26.25789 36.57921 18.46012 32.24412 42.37184 35.98946 23.64959 41.48413 0.0 16.07502 0.0 16.59245 
1000.0 16.39738 40.10403 17.39006 0.0 18.55123 14.15438 13.21425 14.38252 29.0905 13.30138 27.01625 0.0 31.43526 34.47626 40.34566 25.54746 29.14099 18.01121 28.88023 0.04821 41.79821 33.69835 18.79714 9.9408 31.2441 37.29569 38.01223 40.00393 35.92299 37.61217 35.13481 41.1939 31.7229 17.07416 27.46666 24.96675 48.30839 20.49632 42.25851 22.14509 12.34511 47.86437 48.06041 47.72816 33.31521 17.96786 0.0 13.09558 0.0 32.54774 
1000.0 40.34572 10.43964 22.69906 0.0 43.84652 26.50868 46.85454 19.9438 17.12668 38.06015 25.78243 0.0 15.00801 42.86515 15.95432 20.23183 36.94603 26.46054 35.19287 0.03535 37.37987 12.74516 11.61454 35.67502 27.84016 14.07425 22.42562 14.80338 30.1304 25.48566 11.79004 39.09685 13.47697 24.31512 48.55493 38.28978 17.58455 11.88221 42.8099 47.68379 30.43303 26.60718 38.86141 31.77633 18.7709 40.15101 0.0 20.86073 0.0 45.12583 
1000.0 29.6432 18.22824 21.11175 0.0 48.93353 31.54327 41.40159 37.75959 18.20529 44.88146 24.48559 0.0 29.72629 18.67124 37.58656 35.68767 34.43804 20.07844 24.07666 0.02207 26.48442 27.78886 28.29027 26.28986 18.71649 26.97834 22.97815 29.20524 43.58136 36.70816 19.2376 13.2996 31.99864 41.67816 11.52868 44.88708 14.59204 18.83251 48.78625 23.51004 48.3803 48.94785 33.97532 32.3175 40.53683 35.9769 0.0 22.00903 0.0 23.94975 
1000.0 24.14646 27.42934 25.93229 0.0 18.36273 30.66645 10.9618 18.66827 25.71699 45.42788 45.85001 0.0 21.87012 17.59711 22.02291 10.6588 29.52264 33.83918 14.19297 0.02437 31.88426 39.87174 33.2688 44.00712 48.01452 39.49071 23.39268 22.33824 37.59233 48.41146 37.49314 36.08726 25.33682 34.48554 34.80048 11.61448 10.02211 21.04015 16.65666 19.27768 46.87112 15.61994 19.85811 16.34733 19.46934 38.95208 0.0 45.801 0.0 22.75503 
1000.0 24.69191 26.96699 21.8229 0.0 40.9934 24.90246 39.54052 47.63798 48.56361 19.35616 30.35437 0.0 17.43323 18.7669 44.98345 16.75136 13.21243 21.27378 10.99352 0.02512 28.73916 32.7321 45.85136 31.7646 23.30407 32.89733 24.28104 20.36701 22.96262 31.27051 40.59217 19.60001 46.8857 13.05929 36.72287 39.69729 45.21508 21.26331 26.90109 42.0146 15.12098 46.93197 48.66989 44.31127 36.58011 19.27397 0.0 30.72683 0.0 46.37783 
1000.0 42.97276 28.23115 27.30066 0.0 28.83641 36.2229 22.2684 38.03593 45.847 18.15888 45.81904 0.0 46.5675 13.87872 44.94235 40.66332 45.09521 43.42742 12.45535 0.04854 40.85433 25.46667 48.01069 36.52562 35.28939 28.39119 29.08979 20.46698 19.54117 36.74105 45.84672 34.17258 18.56224 28.56826 40.15002 31.94657 47.12542 26.42505 40.63303 44.86791 48.73118 23.46925 44.45939 46.11012 15.79561 44.62531 0.0 45.64615 0.0 35.70415 
1000.0 41.47894 29.99908 38.65231 0.0 40.35248 38.98746 44.68834 22.80069 24.13173 16.83763 22.88923 0.0 25.77262 30.46986 40.70528 11.17207 10.0327 45.38183 10.37236 0.04221 42.6609 42.70163 12.48789 28.67191 10.13851 13.75148 39.9247 43.57985 39.83749 12.62962 32.46816 15.31212 27.01301 32.04041 39.94142 17.72038 17.78513 42.76846 21.93581 33.07449 37.26152 12.42037 48.10757 10.82564 32.70455 27.17772 0.0 30.02837 0.0 32.368 
1000.0 25.6457 32.55012 20.06748 0.0 37.98454 12.37804 34.09195 33.79075 20.07922 22.56104 22.56247 0.0 39.36742 31.86315 11.59983 43.84862 19.72249 28.06059 29.4553 0.0145 20.06675 36.03187 40.33336 22.68566 40.3592 40.9522 14.0865 23.72969 30.51888 42.05694 26.34055 29.50274 30.89843 46.20478 25.26232 47.434 21.84094 20.77699 45.43963 39.02228 34.72063 16.56343 36.50242 37.95875 27.54577 44.80839 0.0 34.18543 0.0 29.69386 
1000.0 43.96263 44.23063 47.19818 0.0 19.22527 36.29605 10.89269 17.8174 12.55029 46.01251 40.21213 0.0 16.92995 31.33696 25.51381 15.55305 26.1211 28.58485 19.87479 0.0207 35.08373 13.60866 26.44421 40.49955 33.30201 46.8744 43.47413 20.15909 38.83906 13.15551 48.94468 39.6022 32.47224 42.79861 18.0805 22.08421 11.20309 18.43639 37.54205 28.18276 23.50869 19.43824 45.45491 39.31384 17.39894 31.59812 0.0 36.89818 0.0 43.12782 
1000.0 32.94057 33.20896 32.74823 0.0 13.27947 26.70353 39.7622 14.0743 26.19612 18.51717 14.17276 0.0 46.24279 41.25256 39.33916 28.73718 20.69795 19.11809 36.01013 0.02995 15.93146 40.18742 44.39988 45.86709 22.542 31.31134 48.22739 43.99346 33.14618 25.31561 35.55587 33.0358 14.58013 12.19076 23.42387 47.3756 12.93621 34.74694 17.64879 19.98556 26.45343 10.72884 48.75805 35.39919 24.69 21.70402 0.0 46.79594 0.0 20.23665 
1000.0 9.93508 39.5601 47.73539 0.0 46.82043 21.74627 42.13438 41.70418 12.07704 42.95386 36.78842 0.0 33.679 24.26109 21.695 15.57595 37.99884 48.40892 26.64155 0.02941 37.97819 41.1943 22.09241 22.52343 28.80907 10.89086 28.04677 43.81993 26.8331 26.01895 48.75697 13.25701 42.99412 24.35535 22.65188 10.8559 47.44307 40.63425 48.27558 16.21759 32.85996 30.8874 15.65508 17.53067 41.80304 44.52057 0.0 24.7949 0.0 12.51629 
1000.0 39.74625 26.73348 35.98944 0.0 37.72247 15.34457 33.2218 27.35465 21.00132 41.52552 11.52764 0.0 24.82701 15.06858 16.29866 16.10824 41.44998 41.68327 38.40363 0.0361 34.7956 22.63639 16.46724 24.09106 16.14651 48.16884 46.91059 22.73637 32.34817 31.87389 44.29355 26.57612 43.57059 36.91738 40.74899 42.85 18.91408 44.86031 21.01932 32.08607 47.55229 31.82452 27.4744 34.36399 36.37141 41.42072 0.0 31.14337 0.0 28.36478 
1000.0 25.65714 10.58705 31.35902 0.0 17.1468 20.7417 32.51378 25.6958 13.29378 43.33221 46.81215 0.0 35.32971 17.79986 44.55255 12.23822 44.22402 21.22659 41.31638 0.04704 43.30801 19.3286 34.41107 47.63398 23.32023 43.56323 40.89784 36.18142 14.48749 47.81057 27.90587 22.67837 48.80621 39.20051 29.07507 28.24846 31.46553 45.63164 38.26317 46.27651 14.12841 13.5426 27.97447 46.27923 15.97337 27.17538 0.0 10.89624 0.0 31.45014 
1000.0 44.51853 32.72543 13.87241 0.0 42.64766 26.58124 24.12517 41.86673 11.6825 17.32262 15.54374 0.0 20.82171 31.13768 27.65877 40.40671 42.80961 32.4123 45.38627 0.01733 20.78965 24.41545 19.61986 23.21443 12.66961 33.11196 25.70754 33.3496 35.99444 25.54989 22.50873 31.75765 19.87473 10.33815 33.43658 39.4002 39.99982 16.57873 35.1001 32.52782 24.86852 35.62839 42.07281 21.7733 46.10868 48.26577 0.0 32.5641 0.0 20.77353 
1000.0 29.99345 21.05651 36.60515 0.0 16.89999 46.71001 41.46564 38.72512 10.22522 21.28489 24.9259 0.0 37.57521 40.63116 45.10236 22.85441 33.77925 42.49848 44.14662 0.04848 15.77174 28.1853 36.67925 29.56388 40.59271 31.93581 41.93221 44.30198 32.95502 17.15107 37.89488 13.36575 44.04635 14.11724 29.81793 39.25967 22.3646 19.0928 25.28204 48.48126 9.92884 45.88837 40.80609 27.79314 41.44475 15.62935 0.0 25.42649 0.0 18.19541 
1000.0 26.21453 40.35732 39.4969 0.0 13.52708 11.02998 33.85585 47.76901 26.1979 26.95983 33.71811 0.0 18.14765 46.39337 48.4712 12.26237 35.82133 30.81143 29.97673 0.04178 42.30433 20.55875 11.57032 30.92072 37.28544 25.73126 15.15527 40.53204 46.43564 47.12128 48.74031 44.51689 9.83312 24.89181 12.83177 41.72302 16.2604 13.70833 20.39557 36.89713 43.04004 40.61831 39.23241 39.6393 29.85969 30.25293 0.0 42.50831 0.0 17.99216 
1000.0 19.66308 28.18166 10.88331 0.0 15.62327 18.14483 15.74108 15.08784 31.99726 28.16754 45.7864 0.0 47.13087 28.903 20.67745 28.88944 25.8717 21.25604 16.11548 0.02521 44.59824 32.36871 21.16974 18.74317 36.03874 20.15812 43.41434 30.52855 16.65394 41.73078 19.53443 30.44083 23.07981 44.22643 34.78668 28.72058 46.04184 39.17598 47.45 19.87255 19.67536 17.29308 37.67644 12.09466 13.55589 33.65207 0.0 30.66152 0.0 19.95167 
1000.0 30.11787 25.77499 13.26872 0.0 37.22712 24.94928 22.92243 22.63276 41.76917 16.74375 20.9005 0.0 43.56777 41.68351 9.90394 40.63858 16.47587 19.03991 19.62402 0.01088 26.91928 44.03395 17.84667 37.06772 21.77734 40.59502 37.35421 28.74098 25.23406 26.21987 38.03345 24.71656 42.25489 47.58405 13.59197 10.99475 27.86008 34.70632 15.8573 19.05567 42.91888 14.23397 31.22402 21.69234 41.77668 19.09475 0.0 25.66103 0.0 17.22919 
1000.0 27.61866 16.5647 37.29682 0.0 28.1854 13.84897 25.15664 36.63318 17.35449 24.3273 21.30379 0.0 31.81526 34.71825 12.78362 34.79585 16.8017 11.55783 14.38122 0.02574 32.06891 45.32229 27.99837 34.11361 17.59009 13.74567 30.14747 44.62913 36.38633 19.51227 42.03172 29.28718 39.89267 40.06629 33.2588 28.49004 12.36913 34.30234 43.01803 43.50326 37.80648 15.68568 41.57899 16.5855 46.35046 15.04198 0.0 32.21968 0.0 20.32571 
1000.0 32.66105 43.92061 13.1472 0.0 27.57024 19.81791 41.55488 23.03801 46.81843 45.43884 40.42337 0.0 22.67647 31.1546 39.12377 11.94255 11.17309 48.83121 41.21788 0.02498 45.98498 19.33218 21.85706 26.42729 49.01251 36.45982 27.16166 28.11467 25.85744 25.54264 45.14101 36.07442 12.76326 26.3026 17.23047 12.99507 25.7262 35.98638 18.66238 27.71475 32.42451 38.45726 16.55191 47.00663 41.77809 43.71144 0.0 15.77078 0.0 37.95786 
1000.0 0.0 0.0 0.0 19.36273 0.0 0.0 0.0 0.0 0.0 0.0 0.0 21.10343 0.0 0.0 0.0 0.0 0.0 0.0 0.0 0.0 0.0 0.0 0.0 0.0 0.0 0.0 0.0 0.0 0.0 0.0 0.0 0.0 0.0 0.0 0.0 0.0 0.0 0.0 0.0 0.0 0.0 0.0 0.0 0.0 0.0 0.0 12.2681 0.0 47.51816 0.0 
1000.0 46.30098 11.57915 42.32622 0.0 29.74962 46.91761 31.4408 38.05733 28.35221 16.17233 25.17782 0.0 22.26016 29.28115 46.88882 24.7823 14.41647 22.40133 29.87853 0.04134 13.37725 10.88914 20.39619 10.71827 24.08359 34.91928 14.00372 10.34504 35.27019 28.98798 13.76274 15.62933 38.49482 20.66504 45.89475 27.17365 44.19408 19.01621 23.16309 43.17513 13.94259 45.86191 27.78182 29.4079 33.48901 28.49615 0.0 10.93814 0.0 12.05582 
1000.0 0.0 0.0 0.0 17.82971 0.0 0.0 0.0 0.0 0.0 0.0 0.0 19.98986 0.0 0.0 0.0 0.0 0.0 0.0 0.0 0.0 0.0 0.0 0.0 0.0 0.0 0.0 0.0 0.0 0.0 0.0 0.0 0.0 0.0 0.0 0.0 0.0 0.0 0.0 0.0 0.0 0.0 0.0 0.0 0.0 0.0 0.0 45.23391 0.0 40.90688 0.0 
1000.0 9.84865 23.57379 37.75308 0.0 40.53099 32.28815 24.74519 12.24513 38.7187 13.91737 33.1092 0.0 33.16729 10.34558 12.2803 13.5682 22.2429 47.93463 32.16469 0.01428 41.12054 45.33712 36.78364 39.52476 29.8868 39.67138 42.47912 38.4684 30.42017 19.42991 23.90671 16.522 18.03352 48.47461 31.53753 37.2147 34.46685 15.25071 25.7421 31.09844 43.1518 12.83251 29.2833 41.27486 44.51462 18.59699 0.0 14.18145 0.0 42.49921 
