1000.0 1000.0 1000.0 1000.0 1000.0 1000.0 1000.0 1000.0 1000.0 1000.0 1000.0 1000.0 1000.0 1000.0 1000.0 1000.0 
1000.0 48.38314 40.74673 41.33094 0.0 35.90745 34.102 45.8206 15.38154 42.67698 10.73134 31.76754 0.0 36.00646 42.21684 48.96516 
1000.0 18.97035 22.17201 16.34147 0.0 39.64145 29.98012 35.13547 40.24355 23.97195 26.30043 28.85507 0.0 30.40087 23.62169 34.37778 
1000.0 23.98623 21.92591 42.86084 0.0 19.1526 25.80297 31.07406 25.98799 47.64218 45.94221 43.53146 0.0 42.95008 17.94689 42.19789 
1000.0 0.0 0.0 0.0 34.81051 0.0 0.0 0.0 0.0 0.0 0.0 0.0 37.72672 0.0 0.0 0.0 
1000.0 48.05859 36.27606 34.21892 0.0 13.59656 40.05123 30.45023 19.54981 46.72466 47.02779 28.7898 0.0 21.74739 31.14935 13.65036 
1000.0 11.08785 21.10385 33.83756 0.0 45.05849 27.77402 15.07006 33.66632 19.54398 40.12589 16.86459 0.0 10.40154 18.42118 35.19843 
1000.0 17.69381 37.10173 13.50555 0.0 26.15882 16.27116 11.54377 32.01889 25.53995 35.16126 37.71424 0.0 37.6782 12.42706 31.0642 
1000.0 24.52043 35.84007 38.76707 0.0 20.70607 11.98141 39.99953 43.03301 23.77551 44.99661 48.14158 0.0 44.77399 17.928 38.54146 
1000.0 33.98008 26.66231 26.88017 0.0 48.86227 43.06451 45.37949 31.48246 34.95398 14.48227 36.51932 0.0 41.22179 32.79527 16.83515 
1000.0 46.93944 13.8263 46.96938 0.0 41.11923 48.88766 24.44758 29.93305 37.83362 22.34563 14.50182 0.0 24.38922 18.12391 29.86411 
1000.0 38.3523 30.70752 31.90841 0.0 15.58543 11.89721 30.02423 11.80448 44.4124 25.16771 45.89657 0.0 20.58642 36.59294 25.79784 
1000.0 0.0 0.0 0.0 11.49327 0.0 0.0 0.0 0.0 0.0 0.0 0.0 19.42928 0.0 0.0 0.0 
1000.0 14.26544 21.29593 15.62225 0.0 23.72265 34.32287 45.8319 27.43951 14.14608 14.92333 37.0914 0.0 45.64338 28.78846 38.06733 
1000.0 37.34166 15.30865 47.65205 0.0 10.25556 22.60997 14.23605 28.51073 21.97914 34.57031 42.25714 0.0 12.32612 12.51464 16.97101 
1000.0 12.77586 21.19825 42.48422 0.0 45.30076 27.49723 27.44951 30.38243 34.38269 45.07611 33.22113 0.0 45.62042 39.0407 30.44013 
