1000.0 1000.0 1000.0 1000.0 1000.0 1000.0 1000.0 1000.0 1000.0 1000.0 1000.0 1000.0 1000.0 1000.0 1000.0 1000.0 
1000.0 19.72267 20.52147 25.37721 0.0 20.90455 31.42986 7.26371 8.50696 30.20104 20.67165 11.69376 0.0 24.40181 23.9022 24.58981 
1000.0 32.62016 23.80982 28.47191 0.0 20.07329 12.14431 25.62864 14.76177 27.63888 22.83412 8.39872 0.0 6.68766 24.21668 11.39286 
1000.0 15.66578 20.25431 23.28098 0.0 18.44265 7.70173 27.94651 7.4773 8.1121 12.26545 30.68991 0.0 27.26085 23.16817 16.94971 
1000.0 0.0 0.0 0.0 18.92759 0.0 0.0 0.0 0.0 0.0 0.0 0.0 15.38895 0.0 0.0 0.0 
1000.0 30.89947 27.59713 28.16681 0.0 28.99182 20.45568 21.32694 22.26732 22.05315 18.35652 7.56539 0.0 27.78713 14.97728 13.53432 
1000.0 29.41854 26.17708 13.77636 0.0 9.70256 20.80079 30.25445 27.61292 12.2525 30.19403 24.70425 0.0 14.20508 22.33404 12.53433 
1000.0 12.64962 17.96739 22.24322 0.0 30.23169 15.29482 7.68492 20.57516 21.55702 16.97019 22.03682 0.0 24.49165 12.39293 15.62609 
1000.0 28.24677 21.36024 19.00159 0.0 19.06515 23.26847 14.64498 17.12919 21.90227 13.38737 17.50529 0.0 15.68384 29.02154 20.30505 
1000.0 14.91755 27.48056 16.94298 0.0 29.81556 29.85076 13.37527 27.26027 14.26708 12.84201 28.73947 0.0 23.26815 22.26469 25.18207 
1000.0 18.07314 26.06537 31.5557 0.0 15.76324 7.55698 15.77083 10.89695 19.22607 20.27433 20.66336 0.0 16.52143 28.69306 19.53977 
1000.0 27.24787 16.19531 17.2271 0.0 7.47761 17.04715 32.07727 25.12375 16.49265 32.76535 26.01535 0.0 29.44243 29.68473 21.76348 
1000.0 0.0 0.0 0.0 29.08257 0.0 0.0 0.0 0.0 0.0 0.0 0.0 30.4187 0.0 0.0 0.0 
1000.0 28.27307 25.52519 24.72247 0.0 25.90623 10.14339 18.83519 27.21204 11.5075 12.07387 8.36014 0.0 14.55676 12.48008 20.68429 
1000.0 13.83722 14.30483 9.89058 0.0 21.10509 30.41204 9.49049 29.55602 32.44239 15.43911 31.06825 0.0 15.22237 14.22348 32.5667 
1000.0 26.14195 8.78291 8.84677 0.0 8.54634 16.65433 17.13144 16.15852 9.5862 31.42754 16.03908 0.0 9.79071 10.01433 8.81432 
