1000.0 1000.0 1000.0 1000.0 1000.0 1000.0 1000.0 1000.0 1000.0 1000.0 1000.0 1000.0 1000.0 1000.0 1000.0 1000.0 
1000.0 42.7398 16.74571 26.28196 0.0 30.89585 10.56627 46.97963 29.65128 13.95018 23.10364 12.11618 0.0 22.69822 32.52277 44.61549 
1000.0 17.05698 18.61899 11.75133 0.0 24.00509 35.16922 35.46914 36.68407 11.89422 13.46192 10.34352 0.0 14.55396 29.64184 37.34508 
1000.0 35.75746 46.9796 26.15082 0.0 38.5615 16.12788 31.46578 27.58074 44.12454 12.22179 41.1071 0.0 31.43218 29.21833 19.56578 
1000.0 0.0 0.0 0.0 20.43283 0.0 0.0 0.0 0.0 0.0 0.0 0.0 44.02881 0.0 0.0 0.0 
1000.0 45.62495 43.70755 41.93128 0.0 21.47043 25.93789 33.72365 15.69985 20.61722 10.70306 44.06778 0.0 12.70172 36.35244 17.69831 
1000.0 19.26059 26.69184 14.59528 0.0 22.3265 21.7039 27.60881 37.29682 42.02572 44.65596 14.68907 0.0 45.61074 33.2634 44.8293 
1000.0 33.04995 26.71369 42.76722 0.0 19.07157 12.56327 39.30228 11.1554 45.09046 35.16223 26.34281 0.0 47.02625 46.57422 28.86954 
1000.0 14.08596 37.24082 33.58931 0.0 17.22427 15.20838 10.74105 46.01964 47.13365 12.58679 40.26198 0.0 26.56806 16.09006 22.86338 
1000.0 43.82993 38.48898 22.72273 0.0 27.58848 38.0013 10.15369 30.39326 34.74563 37.63631 24.15145 0.0 19.14175 16.64997 29.50803 
1000.0 47.687 14.09912 41.31131 0.0 46.42124 27.64316 29.34698 44.3322 28.85368 16.88647 21.0489 0.0 13.78282 35.37287 36.1372 
1000.0 14.37948 28.52817 31.39529 0.0 38.56847 15.95 20.10334 42.93172 45.63237 24.52486 39.16392 0.0 39.89747 13.08861 42.0241 
1000.0 0.0 0.0 0.0 41.52397 0.0 0.0 0.0 0.0 0.0 0.0 0.0 31.61002 0.0 0.0 0.0 
1000.0 20.91727 42.68399 27.31724 0.0 16.0195 12.90721 14.61404 35.34298 29.73375 35.75086 41.84808 0.0 12.89046 20.01516 28.25369 
1000.0 42.6952 31.47621 16.83986 0.0 44.99496 21.5061 12.28977 36.7113 14.89492 17.50504 40.45492 0.0 41.79765 10.66275 48.41755 
1000.0 32.16794 43.64908 19.74129 0.0 27.35095 30.64576 11.60324 19.19292 40.90069 25.49845 10.2866 0.0 12.3247 37.00732 13.20697 
