1000.0 1000.0 1000.0 1000.0 1000.0 1000.0 1000.0 1000.0 1000.0 1000.0 1000.0 1000.0 1000.0 1000.0 1000.0 1000.0 
1000.0 38.86874 9.54293 26.98876 0.0 23.64951 42.1618 11.86732 30.64078 40.74482 36.00892 20.15849 0.0 35.55103 39.13736 40.22077 
1000.0 42.47896 36.54123 22.09229 0.0 41.05011 26.48564 35.77361 35.44366 26.11469 21.53054 37.15069 0.0 15.77629 41.39937 18.33474 
1000.0 35.40826 31.3439 13.65119 0.0 11.86139 29.84028 8.65661 9.34832 21.85411 8.82309 38.35351 0.0 38.95336 15.65276 30.51777 
1000.0 0.0 0.0 0.0 31.83522 0.0 0.0 0.0 0.0 0.0 0.0 0.0 41.51705 0.0 0.0 0.0 
1000.0 19.64224 21.64129 25.16884 0.0 34.48264 14.37645 26.12881 36.12889 17.81187 18.0591 27.17272 0.0 12.43205 37.23419 21.09907 
1000.0 21.4029 18.47401 37.0652 0.0 19.42375 26.56032 15.13017 31.75208 20.69745 22.3986 35.04188 0.0 39.72359 35.99769 25.04966 
1000.0 15.09459 34.3031 30.61639 0.0 12.43904 34.25213 20.84532 9.59629 35.15499 26.31969 25.38604 0.0 42.13983 10.49229 41.12499 
1000.0 30.76048 28.26204 40.37274 0.0 30.38366 39.44189 23.68133 10.80016 13.20585 18.24404 40.87813 0.0 9.92034 28.80283 38.58735 
1000.0 32.1915 19.47252 25.42548 0.0 17.93073 17.40698 27.2446 16.02272 16.28953 11.98558 32.15333 0.0 40.24928 41.57575 15.11823 
1000.0 17.53926 36.48817 17.99793 0.0 38.7595 19.30763 26.76443 33.19898 35.36989 13.12262 27.04923 0.0 23.64848 36.99003 41.80312 
1000.0 12.3476 19.33378 27.97538 0.0 35.47275 13.31916 15.33486 18.52276 9.37643 16.05516 33.75409 0.0 20.05279 36.33516 32.5088 
1000.0 0.0 0.0 0.0 14.13616 0.0 0.0 0.0 0.0 0.0 0.0 0.0 34.30925 0.0 0.0 0.0 
1000.0 15.54616 12.27641 11.51806 0.0 21.53714 19.25845 41.28137 22.54896 40.90359 36.92799 15.78815 0.0 41.78974 18.14741 21.42744 
1000.0 38.77851 32.47215 27.62959 0.0 30.32977 8.79116 30.72443 36.3669 22.98564 23.08105 12.54664 0.0 14.79758 33.37145 15.99732 
1000.0 32.34136 18.09024 24.92421 0.0 31.68437 25.66073 34.03071 34.7668 14.95768 21.48365 32.20866 0.0 19.12901 26.42735 9.92889 
