1000.0 1000.0 1000.0 1000.0 1000.0 1000.0 1000.0 1000.0 1000.0 1000.0 1000.0 1000.0 1000.0 1000.0 1000.0 1000.0 
1000.0 29.54957 14.9308 32.78245 0.0 32.99159 29.05475 7.68974 13.85097 23.00447 33.87806 32.40802 0.0 32.18259 24.4323 7.77933 
1000.0 15.47743 22.28487 13.57768 0.0 16.4706 33.53885 7.92715 13.86567 32.44322 15.88653 24.39295 0.0 29.08569 14.04217 33.17767 
1000.0 28.85713 13.99608 35.51597 0.0 15.1956 35.69786 17.49484 10.5357 12.20919 27.71062 27.58426 0.0 36.42737 14.9933 17.58603 
1000.0 0.0 0.0 0.0 20.43285 0.0 0.0 0.0 0.0 0.0 0.0 0.0 32.95994 0.0 0.0 0.0 
1000.0 17.95993 28.65225 14.5781 0.0 34.64003 34.43456 32.1337 10.53142 23.51986 35.77484 21.89477 0.0 17.63132 31.96792 30.03566 
1000.0 19.42281 25.53514 11.6466 0.0 16.74018 26.03239 20.56409 22.66685 19.31934 18.45528 30.61164 0.0 12.77335 25.54923 36.42917 
1000.0 21.07259 29.20239 35.55731 0.0 13.22614 34.01457 22.2138 36.63329 37.39219 37.08445 9.08177 0.0 30.9697 30.53918 32.47687 
1000.0 13.15683 11.98981 21.29979 0.0 25.79948 14.57472 34.91968 19.41175 20.31484 12.3477 22.90644 0.0 29.64936 16.73742 23.87013 
1000.0 30.22789 25.68433 11.38825 0.0 9.97833 18.99381 33.47593 9.49124 12.32174 17.91068 12.21565 0.0 24.80325 27.23054 31.16233 
1000.0 18.68141 10.00765 36.15408 0.0 25.57392 24.76905 17.30676 23.58489 31.60707 32.68838 35.26294 0.0 12.87091 37.53484 8.19569 
1000.0 27.87188 8.73531 26.66581 0.0 14.60364 31.13169 21.0678 27.06224 36.74846 35.19462 32.43264 0.0 37.61808 26.78388 36.3883 
1000.0 0.0 0.0 0.0 8.31929 0.0 0.0 0.0 0.0 0.0 0.0 0.0 36.1805 0.0 0.0 0.0 
1000.0 8.85138 37.34678 32.17502 0.0 14.14384 10.2604 20.17254 31.11332 24.98511 11.98379 25.33869 0.0 29.75195 13.92449 13.67167 
1000.0 7.80091 18.9962 23.89251 0.0 37.44855 21.00875 13.58416 26.93899 10.87122 36.6672 35.69137 0.0 34.76279 19.98486 35.47265 
1000.0 28.64873 30.12009 13.39626 0.0 36.96918 14.67086 18.96962 17.92687 7.70509 33.54619 32.64781 0.0 22.22421 36.5901 37.69372 
