1000.0 1000.0 1000.0 1000.0 1000.0 1000.0 1000.0 1000.0 1000.0 1000.0 1000.0 1000.0 1000.0 1000.0 1000.0 1000.0 
1000.0 19.84409 28.79141 29.89471 0.0 19.41372 32.71861 10.35082 11.10794 16.69545 17.12451 14.48812 0.0 27.52325 24.64072 11.89028 
1000.0 19.4569 17.31615 22.54619 0.0 23.2193 30.69459 10.41321 7.91784 24.7303 27.70655 14.83359 0.0 14.77953 15.00186 29.38468 
1000.0 17.60882 27.08994 20.45586 0.0 15.20657 17.40866 17.0955 17.36245 13.36454 25.48942 23.6099 0.0 29.53691 10.16836 11.39194 
1000.0 0.0 0.0 0.0 15.70714 0.0 0.0 0.0 0.0 0.0 0.0 0.0 26.75246 0.0 0.0 0.0 
1000.0 11.26074 24.08983 7.89504 0.0 15.39855 21.14331 27.26384 7.6134 17.78039 33.24527 30.42216 0.0 24.99453 19.67983 18.74625 
1000.0 29.54088 29.9242 32.20646 0.0 28.57923 18.82389 25.42767 19.07906 19.0299 15.15033 31.80427 0.0 20.23135 12.7008 26.10352 
1000.0 20.70434 13.06227 26.3699 0.0 31.85485 12.22535 32.11391 33.89027 19.09443 31.28472 31.7059 0.0 23.31329 19.3378 16.87435 
1000.0 9.16066 12.52415 18.60798 0.0 7.22201 10.51167 12.72543 16.3197 29.16292 14.6084 14.47993 0.0 14.71439 13.84828 24.01994 
1000.0 26.15486 29.75138 12.16687 0.0 25.08575 7.04217 7.19717 18.60132 14.93174 23.969 28.23005 0.0 33.84861 19.00924 23.39069 
1000.0 20.80727 12.78544 28.42841 0.0 8.97127 21.34151 19.32713 28.65159 8.55606 32.80896 20.75494 0.0 12.38075 28.13427 15.18511 
1000.0 21.56439 14.27704 23.18007 0.0 14.38911 12.27564 12.85643 19.63917 33.74466 32.23974 9.59531 0.0 17.67725 18.17342 17.73868 
1000.0 0.0 0.0 0.0 16.17114 0.0 0.0 0.0 0.0 0.0 0.0 0.0 33.20189 0.0 0.0 0.0 
1000.0 21.2811 26.86922 21.86412 0.0 8.72277 28.16561 29.12327 11.5612 30.44813 10.73714 20.25095 0.0 28.84894 21.92252 9.71529 
1000.0 13.10377 25.85253 33.56859 0.0 30.78824 28.41428 9.50605 31.294 15.43614 19.68845 19.98552 0.0 18.38257 31.32321 10.46862 
1000.0 6.9024 18.6935 32.6747 0.0 30.59642 10.65258 17.52125 23.26911 9.76985 14.5157 10.54751 0.0 14.3706 11.10298 29.55114 
