1000.0 1000.0 1000.0 1000.0 1000.0 1000.0 1000.0 1000.0 1000.0 1000.0 1000.0 1000.0 1000.0 1000.0 1000.0 1000.0 
1000.0 38.37076 34.57898 28.96724 0.0 23.42126 41.12779 10.89073 25.29255 42.46916 24.06353 38.54402 0.0 46.77672 14.83685 14.70253 
1000.0 18.98858 24.62063 41.35411 0.0 19.42581 35.51017 18.92012 42.0702 43.02209 24.5159 26.87043 0.0 26.10908 44.31363 13.92379 
1000.0 20.999 20.22598 13.74872 0.0 35.87175 23.60083 26.29609 30.3884 38.35751 21.16824 40.00086 0.0 38.12014 28.34153 27.09342 
1000.0 0.0 0.0 0.0 27.53943 0.0 0.0 0.0 0.0 0.0 0.0 0.0 9.52341 0.0 0.0 0.0 
1000.0 24.9548 39.38104 41.84249 0.0 21.91385 12.82155 23.59645 15.69112 22.2803 38.3691 45.97177 0.0 19.73849 27.81585 24.78267 
1000.0 23.12889 33.52979 45.29431 0.0 44.35396 40.30109 30.44662 12.40268 19.91599 12.42701 46.17384 0.0 18.25907 13.57022 43.0784 
1000.0 16.85308 44.29559 11.52431 0.0 18.41693 34.12416 31.11211 30.74411 19.85832 16.36943 37.29296 0.0 28.26746 40.47551 18.15969 
1000.0 34.73485 11.42655 24.54232 0.0 23.14548 30.5074 18.04874 17.32234 36.97887 44.1687 10.82007 0.0 34.17258 30.86319 44.14876 
1000.0 37.28928 32.64775 28.01204 0.0 23.77938 27.41966 11.81936 41.0201 16.02073 29.55449 20.23243 0.0 22.30899 16.27879 46.55552 
1000.0 27.37994 37.09739 43.30526 0.0 43.13107 19.79169 35.76688 15.75998 33.75571 15.08802 14.5383 0.0 13.10169 32.58917 11.83102 
1000.0 22.23241 32.21438 27.2442 0.0 20.05642 44.80636 32.83771 11.64883 11.04446 26.78724 20.08002 0.0 37.45582 42.97333 39.71427 
1000.0 0.0 0.0 0.0 31.03918 0.0 0.0 0.0 0.0 0.0 0.0 0.0 10.25644 0.0 0.0 0.0 
1000.0 23.75851 33.74379 43.27801 0.0 18.63227 43.92493 41.59669 46.62359 17.97622 18.46474 43.00145 0.0 21.4299 23.64941 42.64381 
1000.0 13.99545 37.14073 12.20165 0.0 36.9079 37.7625 29.70948 12.14947 47.10179 31.19274 22.94567 0.0 18.10453 43.51398 41.67644 
1000.0 36.04958 16.73375 27.95258 0.0 27.21151 10.80258 29.60959 31.71495 35.59584 43.43422 45.95569 0.0 26.8973 43.3654 42.78014 
