1000.0 1000.0 1000.0 1000.0 1000.0 1000.0 1000.0 1000.0 1000.0 1000.0 1000.0 1000.0 1000.0 1000.0 1000.0 1000.0 
1000.0 14.86436 29.03704 49.38915 0.0 36.54236 36.82026 38.94742 22.17915 21.15209 10.77277 16.86534 0.0 43.28131 39.4877 28.42559 
1000.0 31.36824 35.9183 11.86302 0.0 18.47941 20.12416 17.55065 32.47095 24.61254 25.20096 46.71447 0.0 36.87771 25.94862 45.4271 
1000.0 10.82199 12.0505 24.1205 0.0 24.7325 24.51704 42.28049 44.94668 45.85521 24.01615 17.1152 0.0 10.23805 15.57018 44.8859 
1000.0 0.0 0.0 0.0 47.32811 0.0 0.0 0.0 0.0 0.0 0.0 0.0 11.1047 0.0 0.0 0.0 
1000.0 42.05468 34.83837 16.19173 0.0 39.81461 39.38059 17.06965 16.51619 47.29004 32.74585 36.26275 0.0 13.99837 12.14521 41.56287 
1000.0 32.76979 44.34973 47.68896 0.0 30.97383 29.08838 48.84287 41.11666 32.44954 17.69283 15.65612 0.0 49.09547 11.23778 35.9024 
1000.0 17.68199 47.79903 37.01279 0.0 11.14268 38.62714 36.82238 31.2497 35.40856 20.91921 36.41829 0.0 42.33695 40.03465 49.35273 
1000.0 38.7214 30.55838 26.16496 0.0 37.56812 11.75106 14.91836 18.75072 27.16114 43.27356 24.11129 0.0 35.55171 35.68436 25.19134 
1000.0 43.10018 36.62485 26.56987 0.0 16.77138 31.52974 24.13624 38.58941 11.32949 45.30388 23.99008 0.0 21.12329 10.78448 40.06094 
1000.0 40.60225 39.91572 12.23965 0.0 42.13512 48.64471 16.36644 40.1958 12.77131 49.59829 31.35382 0.0 29.38372 32.15018 38.5505 
1000.0 24.87645 24.40483 39.66263 0.0 35.08487 26.69342 15.77952 40.41424 45.53704 13.96031 15.51885 0.0 40.56089 15.9273 44.61886 
1000.0 0.0 0.0 0.0 20.26012 0.0 0.0 0.0 0.0 0.0 0.0 0.0 38.75099 0.0 0.0 0.0 
1000.0 26.30117 35.45213 31.7514 0.0 39.31011 24.2036 49.45482 10.26216 26.1343 39.32132 46.82355 0.0 28.18605 28.88922 24.15561 
1000.0 23.94094 18.19207 30.595 0.0 45.83908 43.97644 10.71768 12.83744 28.8171 42.15716 33.77597 0.0 34.24582 30.40127 41.89914 
1000.0 46.29162 32.60539 21.58447 0.0 25.67775 13.1017 21.21534 46.28829 30.82466 37.47982 18.12408 0.0 12.58213 48.30423 38.41304 
