1000.0 1000.0 1000.0 1000.0 1000.0 1000.0 1000.0 1000.0 1000.0 1000.0 1000.0 1000.0 1000.0 1000.0 1000.0 1000.0 
1000.0 12.30366 25.95272 42.35585 0.0 9.86691 36.07018 13.77182 28.09407 22.89411 39.2975 29.50975 0.0 20.18772 24.85482 17.00812 
1000.0 8.92888 40.50685 14.82413 0.0 30.71624 19.41081 28.41404 21.81593 26.92848 37.26352 27.49153 0.0 13.98881 23.36928 16.25675 
1000.0 29.06451 11.96119 40.31578 0.0 13.52162 20.48222 42.17939 39.3395 36.70839 11.53194 16.82106 0.0 35.29382 25.93664 27.58101 
1000.0 0.0 0.0 0.0 18.27575 0.0 0.0 0.0 0.0 0.0 0.0 0.0 28.74647 0.0 0.0 0.0 
1000.0 19.44555 40.45977 22.65981 0.0 21.292 37.34853 8.7835 35.9089 33.52166 19.66098 36.27431 0.0 18.86013 8.68899 33.16087 
1000.0 27.01588 42.37104 40.2019 0.0 16.79472 10.06302 24.53373 42.00016 38.61686 40.31394 27.33238 0.0 33.15044 8.86863 12.55227 
1000.0 40.39138 36.36443 35.55265 0.0 38.86314 39.53623 29.91205 34.05837 13.71935 40.12525 28.2475 0.0 22.24552 16.00635 11.32508 
1000.0 8.74792 28.53769 8.99012 0.0 24.4076 22.63714 22.03718 13.33928 32.24394 25.6024 25.58125 0.0 15.91618 35.88618 10.411 
1000.0 39.50057 23.13826 17.66426 0.0 34.64588 29.70067 15.99436 36.11378 9.43317 18.34778 40.23149 0.0 36.82059 24.60552 23.23275 
1000.0 10.67205 10.57828 14.60705 0.0 37.42757 24.98523 28.96626 42.45033 28.5208 22.11376 17.86643 0.0 35.33733 21.40764 15.0916 
1000.0 14.33884 14.65448 34.78141 0.0 25.17339 40.52424 9.63699 13.73803 31.68486 23.83619 24.24002 0.0 40.99102 37.9146 28.68656 
1000.0 0.0 0.0 0.0 23.68826 0.0 0.0 0.0 0.0 0.0 0.0 0.0 41.51427 0.0 0.0 0.0 
1000.0 13.90887 23.63964 10.83585 0.0 28.65422 37.98795 30.85889 19.26254 21.39626 35.61187 20.44758 0.0 42.60869 35.99011 13.84664 
1000.0 16.28507 36.25508 19.14005 0.0 31.84435 19.96752 41.67063 34.03283 31.67855 23.53123 9.70573 0.0 10.00968 40.58227 20.68313 
1000.0 25.58515 25.14985 9.42751 0.0 31.44052 16.88571 20.90895 17.34198 28.40094 21.7144 16.95849 0.0 37.54739 19.33248 32.30096 
