1000.0 1000.0 1000.0 1000.0 1000.0 1000.0 1000.0 1000.0 1000.0 1000.0 1000.0 1000.0 1000.0 1000.0 1000.0 1000.0 
1000.0 9.26101 11.39587 18.06888 0.0 20.09708 19.663 25.90339 26.76674 27.42765 19.87033 21.82982 0.0 16.90614 22.7726 8.05984 
1000.0 13.0092 29.46152 14.3666 0.0 28.8241 25.20982 9.30103 29.95753 11.79235 7.5129 22.65282 0.0 11.66558 30.81671 25.61601 
1000.0 11.78644 29.70186 22.94825 0.0 12.62551 20.49229 18.79467 11.16854 22.25677 29.09222 26.81614 0.0 19.43799 28.76875 15.16244 
1000.0 0.0 0.0 0.0 10.29687 0.0 0.0 0.0 0.0 0.0 0.0 0.0 13.2235 0.0 0.0 0.0 
1000.0 21.23931 11.76964 16.72796 0.0 8.46351 30.68015 16.56895 25.25621 22.89961 11.41939 20.11299 0.0 34.72659 12.98453 19.96853 
1000.0 27.10994 27.3813 11.94994 0.0 32.89222 19.36062 20.73884 9.2195 19.19159 8.38649 26.94335 0.0 22.09392 11.47894 9.26439 
1000.0 8.25404 16.39993 8.67663 0.0 15.19399 20.47796 27.23244 12.02148 33.71639 12.21197 27.59061 0.0 17.9844 23.64878 30.92049 
1000.0 9.71526 12.9882 13.99403 0.0 34.73208 34.93632 12.05156 9.5484 8.8432 14.56941 23.95571 0.0 18.37548 17.23073 8.46082 
1000.0 27.54862 7.43859 18.88517 0.0 18.99388 12.19474 34.36357 18.57561 13.20792 7.10054 9.294 0.0 22.16484 33.40747 27.77162 
1000.0 11.16084 16.404 9.65015 0.0 20.91538 16.6904 31.11329 22.55549 13.06484 34.53366 34.1977 0.0 29.79198 23.61136 11.49748 
1000.0 25.17003 33.34292 14.79584 0.0 11.19129 23.05558 15.42489 26.25463 12.1708 29.05543 34.24191 0.0 18.91447 15.09299 7.39992 
1000.0 0.0 0.0 0.0 26.03979 0.0 0.0 0.0 0.0 0.0 0.0 0.0 11.6861 0.0 0.0 0.0 
1000.0 7.58638 27.23693 11.99378 0.0 26.38669 24.8814 20.97979 9.41036 13.32303 24.40357 25.93404 0.0 25.60745 8.48272 25.70758 
1000.0 11.28052 9.71031 13.63997 0.0 34.67048 32.84448 12.75809 34.35789 28.73249 23.71672 29.66425 0.0 23.07113 8.74417 17.30319 
1000.0 13.31579 14.14799 30.85132 0.0 20.50143 27.38242 14.74394 7.30328 29.10189 22.82321 33.90004 0.0 27.13478 15.88656 12.17328 
