1000.0 1000.0 1000.0 1000.0 1000.0 1000.0 1000.0 1000.0 1000.0 1000.0 1000.0 1000.0 1000.0 1000.0 1000.0 1000.0 
1000.0 18.87681 25.3437 24.49332 0.0 45.57371 15.7075 21.20427 19.70724 36.29913 38.4379 36.87521 0.0 27.27309 18.23616 45.96854 
1000.0 30.88623 16.102 10.73049 0.0 15.58954 39.84406 13.94234 19.25924 21.4667 16.13095 33.21938 0.0 39.05076 34.01636 36.46424 
1000.0 12.92417 12.11205 30.06226 0.0 35.96326 29.29527 46.86348 45.25602 48.55152 25.26033 12.20221 0.0 11.44916 37.20203 20.88083 
1000.0 0.0 0.0 0.0 18.49123 0.0 0.0 0.0 0.0 0.0 0.0 0.0 11.45276 0.0 0.0 0.0 
1000.0 41.70704 35.40072 30.5274 0.0 26.33007 32.25959 11.2852 10.43089 35.68626 33.54558 26.62115 0.0 28.13678 30.93939 41.42689 
1000.0 18.02252 48.97334 46.74016 0.0 21.01226 17.98833 29.24346 42.44695 17.43183 22.47215 30.17305 0.0 26.84477 15.93078 45.59405 
1000.0 10.038 18.08271 21.92185 0.0 47.05463 11.22123 21.99472 31.12443 36.16283 26.3211 37.2564 0.0 13.28892 41.37727 48.45412 
1000.0 13.02609 48.89916 18.4817 0.0 11.96199 31.56627 38.69082 16.86825 29.09048 28.41265 14.94335 0.0 33.28376 13.10555 26.37501 
1000.0 11.13138 16.20255 35.90287 0.0 16.97481 17.5352 37.21644 30.53686 17.68923 20.72287 24.87477 0.0 20.69624 20.3684 29.67622 
1000.0 20.72228 42.82443 10.54923 0.0 26.00402 42.96934 30.77036 40.69416 25.00348 27.91259 33.20897 0.0 33.90913 49.59081 10.50423 
1000.0 19.21329 42.72086 29.74281 0.0 21.15858 29.40968 12.9428 47.00664 17.28236 13.84065 11.56017 0.0 47.5831 38.54491 48.8806 
1000.0 0.0 0.0 0.0 41.27809 0.0 0.0 0.0 0.0 0.0 0.0 0.0 14.54618 0.0 0.0 0.0 
1000.0 14.78317 29.63816 41.91257 0.0 41.72319 43.94697 28.11154 34.13365 47.88803 44.09275 20.39157 0.0 22.6211 44.11928 36.1773 
1000.0 29.1092 35.96967 27.54471 0.0 14.77031 20.74297 28.75016 47.82281 13.72172 14.57789 26.3785 0.0 16.66943 30.04136 22.91418 
1000.0 45.61029 40.51546 13.1368 0.0 19.03846 14.94639 15.41987 19.23901 31.87928 12.94975 13.12131 0.0 16.26144 38.84567 44.69715 
