1000.0 1000.0 1000.0 1000.0 1000.0 1000.0 1000.0 1000.0 1000.0 1000.0 1000.0 1000.0 1000.0 1000.0 1000.0 1000.0 
1000.0 25.26354 28.01457 26.05354 0.0 8.26252 31.53876 31.70353 11.40651 27.49639 31.05071 35.3149 0.0 28.60845 9.26546 11.27457 
1000.0 36.28461 13.58114 22.03791 0.0 33.23996 10.2808 14.58072 14.40704 18.48901 22.89782 17.8384 0.0 13.76526 20.46128 9.15334 
1000.0 10.15022 17.73009 37.11423 0.0 14.65328 18.00858 33.43715 17.77469 11.16135 33.07764 10.24149 0.0 32.30901 34.99066 28.30264 
1000.0 0.0 0.0 0.0 26.96636 0.0 0.0 0.0 0.0 0.0 0.0 0.0 12.24037 0.0 0.0 0.0 
1000.0 34.22662 19.48053 27.0418 0.0 9.54691 21.05906 26.42797 28.40315 14.40587 35.43589 23.00188 0.0 27.72766 10.26282 27.20623 
1000.0 39.59339 29.45048 35.11236 0.0 31.84858 15.30854 36.23708 8.50094 24.0319 25.22903 15.29642 0.0 13.88892 39.5515 10.18256 
1000.0 30.9964 8.18967 10.7701 0.0 15.31036 18.16042 36.78523 26.39846 37.10515 38.44592 36.77361 0.0 12.9536 19.86046 27.93902 
1000.0 12.05581 8.54514 38.74297 0.0 22.69404 25.92297 32.60486 12.32195 19.99554 15.94936 35.97794 0.0 23.50573 33.55757 28.43834 
1000.0 33.88119 14.61853 30.36842 0.0 27.66275 39.01799 8.23627 21.42251 13.96987 11.20029 17.71697 0.0 18.9756 18.67741 34.35422 
1000.0 26.11709 38.10841 13.37791 0.0 29.57267 17.61709 24.84674 10.69999 17.27013 19.95234 32.57261 0.0 34.08712 32.681 12.58819 
1000.0 15.64046 27.50005 23.02977 0.0 18.15595 18.8847 23.77792 27.9478 23.75197 8.72266 29.41923 0.0 16.03262 25.41352 19.39016 
1000.0 0.0 0.0 0.0 14.37605 0.0 0.0 0.0 0.0 0.0 0.0 0.0 38.69663 0.0 0.0 0.0 
1000.0 9.73751 20.87305 30.75034 0.0 28.48986 17.00943 26.21388 17.7625 23.6893 26.16676 33.13863 0.0 19.4746 15.66017 15.53036 
1000.0 30.05185 25.79575 15.98874 0.0 10.23536 28.76628 14.48069 22.99708 35.32938 23.87251 33.61371 0.0 22.39108 35.34361 14.26467 
1000.0 39.42391 10.78314 9.94288 0.0 24.64627 20.42909 34.38112 30.07178 9.6045 32.11103 34.56824 0.0 19.97754 33.52686 34.86364 
