1000.0 1000.0 1000.0 1000.0 1000.0 1000.0 1000.0 1000.0 1000.0 1000.0 1000.0 1000.0 1000.0 1000.0 1000.0 1000.0 
1000.0 31.90282 21.98371 15.52266 0.0 18.07821 9.16183 40.7777 11.77573 38.88619 14.73036 22.99384 0.0 33.20095 22.46249 37.96443 
1000.0 37.28751 29.37414 32.86234 0.0 18.30214 12.5639 37.20748 37.33621 40.69315 27.2324 14.92289 0.0 40.47474 29.16042 28.68748 
1000.0 36.51869 19.50137 32.89417 0.0 23.20378 21.698 38.45223 40.653 17.07121 44.27388 39.59909 0.0 24.19965 44.78852 11.10895 
1000.0 0.0 0.0 0.0 44.59253 0.0 0.0 0.0 0.0 0.0 0.0 0.0 21.91358 0.0 0.0 0.0 
1000.0 13.74135 31.12948 31.79302 0.0 22.23209 38.75835 43.51551 10.77057 22.04868 36.15189 20.69526 0.0 36.75987 29.13185 27.46149 
1000.0 44.318 13.21039 12.37594 0.0 45.02749 28.51413 33.12676 16.65305 35.63055 41.91594 29.32112 0.0 32.55453 24.19022 16.98083 
1000.0 41.07992 30.21242 44.66814 0.0 41.0632 15.9597 36.36181 32.36286 31.27074 11.35236 35.23171 0.0 42.47245 27.29645 32.02027 
1000.0 43.50036 32.33634 31.54139 0.0 22.38513 13.36129 34.18962 37.20914 16.28192 28.36421 31.72883 0.0 29.70432 29.02115 10.55663 
1000.0 38.48672 16.56089 13.695 0.0 19.14471 32.20055 30.08513 40.24004 16.67856 26.65553 19.91024 0.0 24.47914 18.15137 21.05907 
1000.0 33.9277 36.84696 20.43076 0.0 35.06957 19.01272 12.95128 38.49651 15.56166 15.61466 44.44507 0.0 37.51088 32.96029 29.92782 
1000.0 28.88698 43.40757 37.15808 0.0 40.39125 12.85616 32.71094 34.6131 37.02797 39.70129 44.66883 0.0 43.52791 14.78526 41.70797 
1000.0 0.0 0.0 0.0 28.28628 0.0 0.0 0.0 0.0 0.0 0.0 0.0 13.15276 0.0 0.0 0.0 
1000.0 9.26797 13.38003 22.5794 0.0 30.37502 9.63224 38.21152 25.04471 39.55007 9.99781 24.03128 0.0 18.65249 20.88601 28.01472 
1000.0 32.78075 38.87738 35.65165 0.0 27.88778 43.79816 20.3112 10.68858 19.5536 19.27083 41.7505 0.0 32.42754 27.73412 9.37041 
1000.0 22.32988 32.34343 27.48482 0.0 16.68064 44.76757 44.48928 10.64524 12.05071 19.63449 37.63595 0.0 20.32141 35.05986 34.48326 
