1000.0 1000.0 1000.0 1000.0 1000.0 1000.0 1000.0 1000.0 1000.0 1000.0 1000.0 1000.0 1000.0 1000.0 1000.0 1000.0 
1000.0 25.01569 17.26252 30.97791 0.0 23.73596 16.06638 16.97514 21.5545 26.07697 27.47827 24.2614 0.0 7.72274 18.91165 28.99381 
1000.0 27.47277 13.32811 27.22428 0.0 10.28088 26.24157 15.27557 16.11925 24.84427 10.01623 21.34392 0.0 26.87317 29.12933 28.55936 
1000.0 16.1157 30.66917 22.20522 0.0 31.62407 19.02536 15.15108 19.67874 12.36674 26.84276 11.99338 0.0 19.75553 26.87507 23.73425 
1000.0 0.0 0.0 0.0 20.03901 0.0 0.0 0.0 0.0 0.0 0.0 0.0 8.85151 0.0 0.0 0.0 
1000.0 10.07278 16.20654 19.87439 0.0 28.94594 31.66822 30.68692 22.85264 23.86312 25.87039 25.33582 0.0 20.08959 22.05575 26.59604 
1000.0 20.69427 22.51121 10.65884 0.0 19.09032 9.358 20.77831 7.60996 6.49518 24.61748 29.92531 0.0 6.97289 15.01708 12.44682 
1000.0 28.23726 20.21183 25.81148 0.0 25.58799 15.96644 21.91641 15.11665 26.48537 24.89531 22.11345 0.0 26.77377 7.77052 13.77275 
1000.0 17.44059 15.69346 9.24537 0.0 30.99809 26.82416 22.81666 27.39011 22.03456 19.26673 16.91792 0.0 24.33108 18.55604 21.88279 
1000.0 11.8862 18.66371 26.08163 0.0 16.75379 25.47478 17.49929 27.53228 7.04418 27.65893 17.07568 0.0 17.79618 16.28952 10.99213 
1000.0 12.06119 13.45193 13.78032 0.0 30.60443 18.68854 30.29323 31.95018 30.63733 16.19073 18.72949 0.0 26.61118 24.1248 14.13318 
1000.0 27.25169 7.7862 8.32559 0.0 26.60545 14.04952 22.29686 29.18245 7.59213 13.06482 23.4339 0.0 14.71863 27.82609 22.18448 
1000.0 0.0 0.0 0.0 13.31865 0.0 0.0 0.0 0.0 0.0 0.0 0.0 12.88492 0.0 0.0 0.0 
1000.0 20.13299 24.41094 29.19415 0.0 31.89811 13.43647 26.26899 9.44951 27.94636 8.9698 8.88797 0.0 22.24812 23.04083 14.42879 
1000.0 23.08997 9.75083 28.84978 0.0 14.20078 30.61382 31.59257 7.34939 9.11706 21.50321 27.20897 0.0 13.0867 16.44903 16.16432 
1000.0 18.72703 8.04028 25.31224 0.0 20.50129 15.65764 26.4802 16.03438 18.36378 22.86387 31.63405 0.0 29.44587 10.46701 28.63078 
