1000.0 1000.0 1000.0 1000.0 1000.0 1000.0 1000.0 1000.0 1000.0 1000.0 1000.0 1000.0 1000.0 1000.0 1000.0 1000.0 
1000.0 8.80646 16.04663 12.35877 0.0 31.06653 16.17497 42.08962 39.34129 12.64876 22.3599 33.34193 0.0 36.21308 14.10385 21.7986 
1000.0 18.58838 19.26645 12.90711 0.0 30.00002 33.28746 9.89572 22.17196 24.25394 37.03732 27.6756 0.0 20.54523 21.00827 16.26821 
1000.0 23.97495 16.67104 41.19592 0.0 23.13572 30.53934 27.83812 22.34163 17.44045 18.87289 15.65468 0.0 23.19669 15.47962 23.3259 
1000.0 0.0 0.0 0.0 39.93704 0.0 0.0 0.0 0.0 0.0 0.0 0.0 35.14597 0.0 0.0 0.0 
1000.0 11.16026 27.10418 12.48568 0.0 14.94255 39.34386 15.2994 10.24719 36.0615 24.87203 13.11068 0.0 30.87141 21.79478 9.94317 
1000.0 28.55546 21.4525 28.59112 0.0 22.0317 33.64673 41.51497 21.68765 21.72055 31.27066 24.95197 0.0 41.08482 31.33331 25.73811 
1000.0 32.68907 42.21658 19.85092 0.0 16.24404 29.90966 25.51739 10.58795 39.04175 27.28662 23.73773 0.0 20.22836 31.52324 17.15443 
1000.0 39.74173 17.95884 8.72034 0.0 42.13062 35.07889 14.84588 38.46318 16.22432 24.5042 10.65569 0.0 11.51014 26.95486 24.48614 
1000.0 31.01527 34.55057 21.45376 0.0 21.87427 34.0338 17.90192 15.33623 22.03354 21.85342 11.93682 0.0 35.52036 8.95395 39.60373 
1000.0 22.42875 33.63726 39.62303 0.0 21.68563 13.45214 9.41568 9.08776 13.15413 29.24494 29.01013 0.0 10.99316 30.46166 38.63887 
1000.0 32.74705 26.82412 19.25298 0.0 32.17069 12.21276 15.71469 29.8799 10.52334 40.18221 31.70067 0.0 30.61488 20.87067 24.69174 
1000.0 0.0 0.0 0.0 24.39852 0.0 0.0 0.0 0.0 0.0 0.0 0.0 8.75615 0.0 0.0 0.0 
1000.0 12.66583 31.68436 38.03447 0.0 10.94127 16.3969 14.77073 38.62659 36.25878 37.69988 33.27992 0.0 32.05237 31.1652 17.28153 
1000.0 36.51154 40.80306 8.97268 0.0 40.11491 19.01278 22.41305 17.71409 28.25176 33.3821 9.61203 0.0 32.01465 36.63619 34.86211 
1000.0 30.74686 28.003 20.18981 0.0 40.12546 31.85122 39.52101 41.8297 41.74185 8.72286 21.83617 0.0 17.47682 11.72345 32.16696 
