1000.0 1000.0 1000.0 1000.0 1000.0 1000.0 1000.0 1000.0 1000.0 
1000.0 0.00323 0.01026 0.0002 0.01414 0.013 0.00172 0.00528 0.00662 
1000.0 0.07876 0.10411 0.13333 0.08923 0.09723 0.03061 0.06999 0.01369 
1000.0 0.15112 0.03718 0.1318 0.08757 0.10947 0.10279 0.15736 0.08298 
1000.0 0.0298 0.03794 0.04014 0.01215 0.02857 0.02308 0.00486 0.03475 
1000.0 0.08709 0.10614 0.03044 0.0726 0.10165 0.07664 0.0462 0.04856 
1000.0 0.03862 0.063 0.06196 0.06689 0.02135 0.02511 0.00451 0.03666 
1000.0 0.00284 0.00029 0.00189 2e-05 0.00402 0.0028 0.00455 0.00459 
1000.0 0.16031 0.06798 0.17545 0.1466 0.211 0.14817 0.17823 0.10656 
1000.0 0.0045 0.005 0.00267 0.02181 0.01412 0.01848 0.00524 0.01626 
1000.0 0.03292 0.04696 0.03168 0.02142 0.01888 0.01108 0.01296 0.03651 
1000.0 0.0271 0.26132 0.22528 0.13953 0.4263 0.38231 0.11575 0.21328 
1000.0 0.00864 0.03864 0.02929 0.05585 0.05128 0.03352 0.01002 0.03088 
1000.0 0.06628 0.05412 0.02059 0.04361 0.0957 0.07737 0.01386 0.02062 
1000.0 0.11783 0.12825 0.05799 0.1372 0.01037 0.05812 0.09721 0.07069 
1000.0 0.01589 0.01594 0.02171 0.00079 0.01154 0.01005 0.00848 0.01859 
1000.0 0.00773 0.01439 0.00459 0.01717 0.00664 0.02113 0.00408 0.00656 
1000.0 0.00392 0.01139 0.0175 0.00471 0.0342 0.01818 0.03415 0.0004 
1000.0 0.02969 0.00655 0.02073 0.00296 0.0001 0.01307 0.01335 0.02891 
1000.0 0.01069 0.01998 0.00077 0.03091 0.05993 0.03799 0.01031 0.00269 
1000.0 0.02321 0.00278 0.01584 0.00564 0.0036 0.02108 0.00931 0.01476 
1000.0 0.00554 0.00291 0.00889 0.00675 0.01338 0.01519 0.00016 0.00258 
1000.0 0.00714 0.00043 0.02973 0.00672 0.00725 0.01515 0.00976 0.03105 
1000.0 0.00395 0.0011 0.00407 0.00159 0.00305 0.00256 0.00191 0.00284 
1000.0 0.0526 0.04209 0.04371 0.07672 0.08026 0.02366 0.0308 0.09178 
1000.0 0.07429 0.0028 0.003 0.07801 0.08352 0.10701 0.08347 0.09888 
1000.0 0.00756 0.01594 0.03191 0.02946 0.00846 0.0306 0.00528 0.00262 
1000.0 0.01684 0.01671 0.00656 0.02321 0.01244 0.01159 0.00657 0.01538 
1000.0 0.04081 0.03626 0.00151 0.02825 0.04905 0.03689 0.00473 0.04824 
1000.0 0.03861 0.01686 0.00143 0.00688 0.00412 0.00684 0.02025 0.01524 
1000.0 0.01758 0.01276 0.01014 0.00772 0.01732 0.02105 0.00155 0.0063 
