1000.0 1000.0 1000.0 1000.0 1000.0 1000.0 1000.0 1000.0 1000.0 
1000.0 0.00348 0.01372 0.00273 0.00957 0.0147 0.00951 0.00873 0.0113 
1000.0 0.03528 0.06799 0.1155 0.11746 0.05485 0.09535 0.0129 0.05467 
1000.0 0.06254 0.16232 0.17752 0.14614 0.0543 0.10127 0.05043 0.04804 
1000.0 0.03561 0.03478 0.0096 0.00757 0.01702 0.00253 0.04186 0.03442 
1000.0 0.05161 0.00087 0.06803 0.04933 0.057 0.07668 0.07206 0.02607 
1000.0 0.02239 0.06117 0.01673 0.01259 0.03592 0.02493 0.02715 0.05139 
1000.0 0.00627 0.00616 0.00588 0.00166 0.00644 0.00234 0.00057 0.00159 
1000.0 0.19692 0.11145 0.14892 0.18523 0.1317 0.05911 0.20776 0.03241 
1000.0 0.02793 0.02144 0.01037 0.01173 0.02103 0.02847 0.02963 0.00255 
1000.0 0.01966 0.04038 0.01166 0.04511 0.03764 0.03831 0.02659 0.02461 
1000.0 0.38692 0.24627 0.03953 0.27304 0.42878 0.45276 0.21869 0.00569 
1000.0 0.04923 0.02767 0.05333 0.02225 0.03941 0.05782 0.04043 0.06592 
1000.0 0.09018 0.04581 0.05124 0.09412 0.08072 0.05406 0.02982 0.01971 
1000.0 0.09197 0.0985 0.01884 0.07117 0.05759 0.06042 0.08051 0.03526 
1000.0 0.01988 0.0166 0.0078 0.00718 0.02035 0.02297 0.01863 0.0144 
1000.0 0.00926 0.02381 0.00305 0.02327 0.01549 0.00138 0.00305 0.00784 
1000.0 0.00302 0.03314 0.02833 0.0157 0.03568 0.01585 0.00547 0.02854 
1000.0 0.02114 0.01862 0.01245 0.00248 0.00434 0.01917 0.02629 0.02057 
1000.0 0.05963 0.03769 0.03465 0.04189 0.04463 0.04329 0.01487 0.03 
1000.0 0.01355 0.01305 0.00234 0.01001 0.01925 0.00396 0.01492 0.02069 
1000.0 0.00812 0.00908 0.00215 0.00894 0.00663 0.00467 0.01074 0.0099 
1000.0 0.00273 0.0492 0.01503 0.01837 0.04693 0.02118 0.02718 0.01796 
1000.0 0.00293 0.00105 0.00146 0.00234 2e-05 0.00312 0.00116 0.00151 
1000.0 0.09886 0.09016 0.06204 0.00727 0.02028 0.00562 0.06786 0.05977 
1000.0 0.01091 0.08327 0.08344 0.04501 0.08344 0.07888 0.05757 0.06247 
1000.0 0.00547 0.01337 0.01571 0.00751 0.03145 0.01498 0.00407 0.02217 
1000.0 0.02203 0.01223 0.00883 0.00305 0.00399 0.00259 0.02157 0.00021 
1000.0 0.04466 0.04725 0.02451 0.01109 0.03146 0.00468 0.01104 0.05122 
1000.0 0.01501 0.00095 0.01536 0.04707 0.03932 0.01343 0.03184 0.02671 
1000.0 0.00598 0.00304 0.01994 0.00085 0.02232 0.01676 0.00525 0.00919 
