1000.0 1000.0 1000.0 1000.0 1000.0 1000.0 1000.0 1000.0 1000.0 
1000.0 0.01117 0.01445 0.0064 0.01214 0.00215 0.01081 0.0042 0.01438 
1000.0 0.01555 0.04878 0.12721 0.11598 0.11276 0.07165 0.1159 0.1253 
1000.0 0.05523 0.0578 0.18996 0.0896 0.11298 0.02687 0.08879 0.07602 
1000.0 0.00979 0.03082 0.02897 0.00966 0.01598 0.03558 0.02616 0.03931 
1000.0 0.04034 0.01084 0.00103 0.04888 0.07749 0.09455 0.09385 0.03999 
1000.0 0.0568 0.03305 0.03075 0.01525 0.0252 0.01299 0.02197 0.0596 
1000.0 0.00626 0.00662 0.00622 0.00249 0.00425 0.00589 0.00159 0.00131 
1000.0 0.19067 0.02475 0.20799 0.13388 0.16338 0.04639 0.11349 0.12784 
1000.0 0.00074 0.01773 0.0246 0.00752 0.0048 0.01227 0.02433 0.01279 
1000.0 0.00725 0.04742 0.03331 0.0288 0.00976 0.03362 0.02024 0.0435 
1000.0 0.145 0.31123 0.28641 0.08963 0.33072 0.35272 0.1774 0.31853 
1000.0 0.01282 0.0482 0.03995 0.04115 0.04632 0.01985 0.07003 0.0487 
1000.0 0.04187 0.01869 0.07081 0.09911 0.08128 0.02341 0.07279 0.02128 
1000.0 0.08211 0.03036 0.14051 0.1219 0.11777 0.02783 0.13837 0.00733 
1000.0 0.02171 0.01414 0.02217 0.00615 0.02191 0.01093 0.00335 0.02181 
1000.0 0.00049 0.01899 0.01132 0.01493 0.0018 0.01892 0.02114 0.00041 
1000.0 0.02572 0.00603 0.0005 0.02308 0.01097 0.0145 0.01466 0.02441 
1000.0 0.01101 0.00511 0.01606 0.01391 0.02412 0.01933 0.00377 0.00141 
1000.0 0.03595 0.0418 0.01298 0.03726 0.05997 0.00118 0.03892 0.058 
1000.0 0.00253 0.01694 0.0061 0.01201 0.01767 0.01737 0.01431 0.02363 
1000.0 0.01411 0.00537 0.01076 0.00368 0.00914 0.00924 0.01129 0.0124 
1000.0 0.03425 0.02619 0.00716 0.0191 0.03411 0.03257 0.00931 0.02586 
1000.0 0.00041 0.0031 0.00026 0.00192 0.00031 0.00018 0.00163 0.00071 
1000.0 0.001 0.10148 0.05057 0.01163 0.07659 0.05234 0.03215 0.05868 
1000.0 0.04649 0.01202 0.09567 0.0299 0.02608 0.09486 0.04331 0.00539 
1000.0 0.03086 0.03277 0.00444 0.02178 0.01465 0.01838 0.03224 0.00652 
1000.0 0.02222 0.00742 0.00176 0.01352 0.00465 0.01101 0.01738 0.00849 
1000.0 0.00417 0.03767 0.02553 0.02594 0.04036 0.05173 0.00094 0.00712 
1000.0 0.01148 0.02182 0.03642 0.02502 0.03108 0.04213 0.00026 0.04316 
1000.0 0.00548 0.02158 0.01916 0.00308 0.01001 0.01634 0.00647 0.00919 
