1000.0 1000.0 1000.0 1000.0 1000.0 1000.0 1000.0 1000.0 1000.0 
1000.0 0.00987 0.00825 0.00064 0.01455 0.00507 0.00329 0.00562 0.00589 
1000.0 0.01742 0.06815 0.00148 0.06863 0.06209 0.02715 0.14721 0.05557 
1000.0 0.00639 0.03611 0.19551 0.12639 0.17464 0.15359 0.05408 0.10423 
1000.0 0.03744 0.01419 0.00487 0.0413 0.03489 0.00994 0.03233 0.00531 
1000.0 0.10663 0.05074 0.03007 0.0013 0.09138 0.02989 0.01213 0.08888 
1000.0 0.01417 0.02127 0.0133 0.07141 0.01733 0.05081 0.02901 0.06348 
1000.0 0.00187 0.00201 0.00449 0.005 0.00049 0.00653 0.00379 0.0041 
1000.0 0.17252 0.09995 0.19834 0.13293 0.04297 0.1161 0.15803 0.11939 
1000.0 0.01449 0.02894 0.02708 0.00528 0.00732 0.0124 0.01308 0.01862 
1000.0 0.04316 0.02439 0.02862 0.04823 0.0191 0.02269 0.03347 0.03195 
1000.0 0.32646 0.27924 0.17183 0.37642 0.40135 0.00584 0.16146 0.08952 
1000.0 0.03217 0.03259 0.04473 0.00181 0.04253 0.0188 0.05236 0.00647 
1000.0 0.08214 0.01319 0.05425 0.08857 0.0565 0.01836 0.05479 0.01417 
1000.0 0.0393 0.09559 0.00997 0.13875 0.12496 0.02088 0.09016 0.0807 
1000.0 0.01845 0.02382 0.01416 0.00289 0.00751 0.00472 0.01145 0.00242 
1000.0 0.01907 0.0011 0.00113 0.01257 0.01951 0.00655 0.00894 0.02207 
1000.0 0.00614 0.0303 0.02103 0.03312 0.01078 0.02312 0.00696 0.01301 
1000.0 0.02957 0.00949 0.00758 0.01546 0.02866 0.02997 0.01472 0.00678 
1000.0 0.01662 0.02446 0.02249 0.03189 0.00332 0.01859 0.0353 0.03646 
1000.0 0.01804 0.01573 0.02253 0.01203 0.02155 0.01878 0.00373 0.00805 
1000.0 0.00118 0.00476 0.00375 0.00159 0.00575 0.00513 0.00376 0.00768 
1000.0 0.01106 0.02798 0.03139 0.04039 0.00797 0.02297 0.02245 0.0283 
1000.0 0.00404 0.00094 0.00399 0.00239 0.0024 0.00265 0.00373 0.00372 
1000.0 0.0142 0.02781 0.01825 0.06851 0.10435 0.03767 0.00777 0.10504 
1000.0 0.08363 0.06248 0.08951 0.03482 0.10379 0.10008 0.02723 0.06417 
1000.0 0.00399 0.02918 0.03178 0.00603 0.00965 0.02094 0.00839 0.00947 
1000.0 0.01585 0.00947 0.00781 0.01501 0.01607 0.0134 0.00121 0.01919 
1000.0 0.02475 0.03094 0.00625 0.02751 0.04352 0.04335 0.03206 0.00463 
1000.0 0.0257 0.02734 0.00117 0.00775 0.01849 0.00592 0.04489 0.04016 
1000.0 0.0186 0.00853 0.00951 0.01897 0.00681 0.00124 0.01122 0.01893 
