1000.0 1000.0 1000.0 1000.0 1000.0 1000.0 1000.0 1000.0 1000.0 
1000.0 0.00088 0.0005 0.01195 0.01453 0.00832 0.01384 0.00185 0.01048 
1000.0 0.08421 0.13266 0.0757 0.00549 0.11308 0.00752 0.07958 0.06803 
1000.0 0.10325 0.01851 0.19346 0.15315 0.05883 0.02033 0.00834 0.03151 
1000.0 0.00183 0.02409 0.00631 0.02075 0.00084 0.02634 0.01673 0.0252 
1000.0 0.03731 0.09446 0.04159 0.00995 0.01025 0.02126 0.08916 0.05933 
1000.0 0.0574 0.02537 0.03007 0.05033 0.06553 0.06826 0.02783 0.02967 
1000.0 0.00122 0.00242 0.00056 0.00411 0.00039 0.00654 0.00131 0.00542 
1000.0 0.15002 0.02021 0.03532 0.2127 0.17518 0.1941 0.04968 0.03335 
1000.0 0.02354 0.01853 0.02565 0.02895 0.01572 0.02192 0.01622 0.02505 
1000.0 0.00064 0.03085 0.01428 0.00209 0.00356 0.02406 0.0251 0.02651 
1000.0 0.35909 0.42512 0.03673 0.12242 0.19955 0.42236 0.17063 0.46099 
1000.0 0.03414 0.04325 0.02119 0.01328 0.00499 0.05068 0.06227 0.04962 
1000.0 0.01913 0.09776 0.05566 0.10315 0.0769 0.01856 0.02106 0.01619 
1000.0 0.07235 0.00805 0.10354 0.05509 0.14459 0.01797 0.13895 0.02322 
1000.0 0.00944 0.02078 0.0107 0.01569 0.00022 0.01666 0.00194 0.02191 
1000.0 0.00221 0.02285 0.00354 0.01505 0.02124 0.01622 0.02232 0.02391 
1000.0 0.02663 0.01008 0.02109 0.00641 0.03279 0.01504 0.01835 0.03343 
1000.0 0.00873 0.02953 0.00393 0.02502 0.01363 0.02597 0.00478 0.00846 
1000.0 0.00566 0.05663 0.04299 0.03548 0.03456 0.05568 0.06145 0.03917 
1000.0 0.00615 0.01747 0.02353 0.00658 0.01178 0.01038 0.01841 0.02234 
1000.0 0.00803 0.01026 0.01133 0.00505 0.00667 0.00271 0.01083 0.01352 
1000.0 0.04657 0.00091 0.0467 0.03265 0.01027 0.04002 0.00666 0.00292 
1000.0 0.00119 0.00374 0.00297 0.00283 0.00071 0.00318 0.00163 0.00193 
1000.0 0.0809 0.08466 0.03129 0.00013 0.06026 0.08324 0.02211 0.09741 
1000.0 0.08959 0.03266 0.02169 0.01562 0.01544 0.05143 0.01562 0.08079 
1000.0 0.00114 0.03192 0.02683 0.03012 0.00756 0.02804 0.01975 0.03432 
1000.0 0.00794 0.00022 0.00468 0.01096 0.00996 0.00669 0.01176 0.01175 
1000.0 0.036 0.03794 0.0283 0.03643 0.03831 0.00234 0.03675 0.03723 
1000.0 0.04347 0.04134 0.00684 0.04679 0.00728 0.01213 0.04858 0.03898 
1000.0 0.0005 0.00604 0.01803 0.00541 0.00849 0.01916 0.00977 0.01481 
