1000.0 1000.0 1000.0 1000.0 1000.0 1000.0 1000.0 1000.0 1000.0 
1000.0 0.01455 0.00108 0.01523 0.00028 0.00469 0.01325 0.01035 0.00221 
1000.0 0.00958 0.13119 0.10273 0.07263 0.03684 0.01708 0.11929 0.12517 
1000.0 0.16588 0.12345 0.11503 0.1936 0.00126 0.12168 0.05685 0.11769 
1000.0 0.02592 0.01366 0.02973 0.01133 7e-05 0.01877 0.02497 0.01052 
1000.0 0.0247 0.04598 0.02797 0.07504 0.1003 0.03924 0.06602 0.09143 
1000.0 0.07103 0.01331 0.00263 0.01167 0.03107 0.00426 0.01883 0.02617 
1000.0 0.00178 0.00482 0.00554 0.00633 0.00191 0.0015 0.00168 0.00595 
1000.0 0.21696 0.03452 0.12287 0.22554 0.16771 0.12911 0.01906 0.04044 
1000.0 0.00932 0.02604 0.02171 0.01972 0.00044 0.02235 0.01557 0.0104 
1000.0 0.03967 0.04393 0.04818 0.00981 0.02271 0.01609 0.04803 0.00115 
1000.0 0.06221 0.10244 0.05939 0.13674 0.33291 0.03923 0.23974 0.14903 
1000.0 0.01673 0.03054 0.04438 0.06993 0.03204 0.05752 0.03134 0.02312 
1000.0 0.07302 0.03266 0.04337 0.09113 0.00109 0.04853 0.00915 0.07184 
1000.0 0.07103 0.01947 0.14064 0.00879 0.00606 0.03911 0.04006 0.1392 
1000.0 0.00227 0.00432 0.02222 0.02071 0.00297 0.02148 0.01724 0.01966 
1000.0 0.01192 0.0136 0.00628 0.01103 0.01249 0.01661 0.0076 0.01016 
1000.0 0.02055 0.00909 0.00468 0.0059 0.00745 0.02786 0.00733 0.00837 
1000.0 0.02626 0.03014 0.01227 0.02942 0.00228 0.01267 0.02029 0.00101 
1000.0 0.02872 0.02691 0.03152 0.02886 0.01139 0.02735 0.01849 0.04731 
1000.0 0.00838 0.00034 0.01782 0.02245 0.01563 0.01881 0.0091 0.0088 
1000.0 0.01426 0.01268 0.00048 0.01024 0.00045 0.00243 0.01076 0.00991 
1000.0 0.04244 0.00913 0.02927 0.02566 0.01513 0.04476 0.0395 0.01783 
1000.0 0.00067 0.00256 0.00326 0.00102 0.00388 0.00011 0.0029 0.00303 
1000.0 0.06866 0.02034 0.05241 0.06357 0.05899 0.06714 0.02474 0.00711 
1000.0 0.06898 0.04408 0.00136 0.05195 0.00405 0.05894 0.08667 0.10072 
1000.0 0.03391 0.00738 0.03112 0.01785 0.02352 0.03122 0.02201 0.0157 
1000.0 0.02039 0.00219 0.00314 0.01968 0.01685 0.01869 0.0023 0.0185 
1000.0 0.02804 0.00742 0.03023 0.04252 0.05353 0.03955 0.0283 0.03803 
1000.0 0.01293 0.01706 0.02471 0.03412 0.01428 0.02584 0.00843 0.02959 
1000.0 0.01888 0.00781 0.01433 0.00117 0.00419 0.00579 0.00735 0.01292 
