1000.0 1000.0 1000.0 1000.0 1000.0 1000.0 1000.0 1000.0 1000.0 
1000.0 0.01423 0.0125 0.01479 0.01285 0.01431 0.00528 0.00994 0.00073 
1000.0 0.10903 0.09232 0.03508 0.06023 0.14249 0.03252 0.02609 0.08703 
1000.0 0.07782 0.10224 0.09907 0.13264 0.10672 0.04992 0.02265 0.12295 
1000.0 0.02983 0.01033 0.01039 0.02643 0.02893 0.03177 0.01768 0.04284 
1000.0 0.09951 0.05085 0.03477 0.05304 0.08601 0.04767 0.05709 0.08062 
1000.0 0.01159 0.00955 0.06133 0.03292 0.0272 0.05399 0.05472 0.00519 
1000.0 0.00627 0.00251 0.00466 0.00653 0.00252 0.00083 0.00611 0.00092 
1000.0 0.16611 0.04934 0.03943 0.02452 0.09193 0.14922 0.19487 0.21438 
1000.0 0.01662 0.01788 0.00973 0.02726 0.00792 0.00292 0.02631 0.00959 
1000.0 0.00936 0.0084 0.03058 0.02918 0.03193 0.02431 0.02016 0.03628 
1000.0 0.33985 0.11105 0.45162 0.16424 0.42316 0.43588 0.02553 0.3385 
1000.0 0.02457 0.05449 0.06773 0.03765 0.0149 0.04191 0.06312 0.00527 
1000.0 0.06437 0.06164 0.01303 0.05764 0.05011 0.04159 0.09978 0.04581 
1000.0 0.14175 0.06538 0.10256 0.13157 0.13889 0.05857 0.06561 0.11183 
1000.0 0.00074 0.00779 0.01651 0.00621 0.00462 0.01401 0.01769 0.01571 
1000.0 0.01927 0.02119 0.01234 0.00707 0.00655 0.01126 7e-05 0.00276 
1000.0 0.00395 0.02078 0.02801 0.02076 0.00919 0.00536 0.00612 0.02273 
1000.0 0.02763 0.0134 0.01029 0.02378 0.02603 0.01756 0.02993 0.02746 
1000.0 0.01693 0.0286 0.00912 0.02075 0.03107 0.04297 0.0459 0.00589 
1000.0 0.00337 0.00235 0.01174 0.01353 0.00433 0.02124 0.02378 0.00069 
1000.0 0.01175 0.00766 0.01228 0.00315 0.01191 0.00993 0.01406 0.01522 
1000.0 0.04886 0.0375 0.00084 0.00452 0.04746 0.02043 0.0131 0.03963 
1000.0 0.00172 0.00032 0.0039 0.00033 0.00015 0.00235 0.00041 0.00322 
1000.0 0.0765 0.06126 0.04045 0.07972 0.00593 0.0189 0.00152 0.02131 
1000.0 0.03196 0.09002 0.02644 0.0595 0.09605 0.06661 0.00435 0.03597 
1000.0 0.0331 0.01094 0.00166 0.0126 0.0213 0.02468 0.00421 0.01066 
1000.0 0.01507 0.00948 0.01407 0.00973 0.01555 0.00595 0.02388 0.00052 
1000.0 0.05084 0.03991 0.02614 0.00455 0.05176 0.04771 0.05107 0.00501 
1000.0 0.01375 0.03031 0.0425 0.04485 0.00328 0.00355 0.01329 0.01945 
1000.0 0.0144 0.00016 0.02221 0.01646 0.00384 0.0097 0.01083 0.01672 
