1000.0 1000.0 1000.0 1000.0 1000.0 1000.0 1000.0 1000.0 1000.0 
1000.0 0.0052 0.0031 0.00942 0.00688 0.01259 0.00535 0.01249 0.00021 
1000.0 0.08858 0.11378 0.11315 0.11318 0.02603 0.04169 0.08001 0.10408 
1000.0 0.09234 0.18333 0.12906 0.03277 0.06816 0.1677 0.00063 0.16686 
1000.0 0.04104 0.02088 0.01746 0.03119 0.03535 0.02776 0.04114 0.03768 
1000.0 0.06952 0.04802 0.00378 0.08885 0.03791 0.00111 0.09704 0.09517 
1000.0 0.05644 0.06574 0.04645 0.00027 0.0636 0.03105 0.02635 0.00069 
1000.0 0.0017 0.00526 0.00602 0.00404 0.00322 0.00018 0.00426 0.0004 
1000.0 0.08232 0.13933 0.04672 0.07491 0.01297 0.07716 0.15084 0.16989 
1000.0 0.02229 0.01894 0.01854 0.02829 0.00471 0.02124 0.02868 0.00745 
1000.0 0.0114 0.02197 0.02255 0.01276 0.00033 0.03692 0.02531 0.02503 
1000.0 0.36821 0.07174 0.3981 0.29807 0.46628 0.01531 0.13947 0.32011 
1000.0 0.02969 0.01847 0.04705 0.00879 0.03005 0.0298 0.04552 0.06238 
1000.0 0.08297 0.00461 0.06363 0.00901 0.02517 0.06282 0.02308 0.03453 
1000.0 0.05902 0.02893 0.01497 0.13573 0.04287 0.00965 0.10366 0.11301 
1000.0 0.00568 0.02205 0.01999 0.01667 0.0144 0.0006 0.02076 0.01061 
1000.0 0.01272 0.0239 0.02139 0.0192 0.00511 0.00936 0.00151 0.00453 
1000.0 0.0187 0.03385 0.01821 0.02786 0.03375 0.03495 0.001 0.01415 
1000.0 0.02599 0.02673 0.01208 0.01071 0.02696 0.01693 0.02287 0.00278 
1000.0 0.03295 0.02469 0.00907 0.01358 0.04069 0.00086 0.00077 0.03737 
1000.0 0.02048 0.0134 0.00613 0.02265 0.02177 0.00132 0.00782 0.00116 
1000.0 0.0106 0.00593 0.00513 0.00389 0.01248 0.0112 0.01176 0.00975 
1000.0 0.04969 0.02636 0.02399 0.00176 0.01553 0.0134 0.02782 0.04922 
1000.0 0.00381 0.00205 0.00342 0.00281 0.00182 0.00207 0.00067 0.00075 
1000.0 0.02349 0.10294 0.01648 0.09823 0.02333 0.01522 0.02596 0.00703 
1000.0 0.06555 0.02471 0.0524 0.05434 0.07273 0.04004 0.0831 0.07705 
1000.0 0.01098 0.02217 0.01066 0.03492 0.01377 0.009 0.02651 0.03016 
1000.0 0.00725 0.02252 0.01426 0.01971 0.01662 0.00526 0.02025 0.02111 
1000.0 0.00027 0.01087 0.00863 0.03236 0.03167 0.03621 0.0145 0.0129 
1000.0 0.00562 0.00501 0.00999 0.04909 0.03978 0.04495 0.02576 0.01492 
1000.0 0.02271 0.01565 0.00983 0.01421 0.01694 0.00998 0.00508 0.02219 
