1000.0 1000.0 1000.0 1000.0 1000.0 1000.0 1000.0 1000.0 1000.0 
1000.0 3e-05 0.00375 0.0083 0.00372 0.01239 0.00169 0.00476 0.01046 
1000.0 0.11255 0.01781 0.03308 0.13347 0.14343 0.08925 0.00747 0.14463 
1000.0 0.10824 0.17358 0.13692 0.05094 0.10941 0.02549 0.08429 0.12987 
1000.0 0.0375 0.00179 0.03828 0.03582 0.0037 0.03581 0.00419 0.03342 
1000.0 0.10608 0.03122 0.05668 0.06284 0.03767 0.10079 0.00782 0.0377 
1000.0 0.04545 0.04308 0.03266 0.05826 0.01845 0.0296 0.04144 0.0013 
1000.0 0.00514 0.00184 0.0044 0.00061 0.00145 0.00205 0.00667 0.00556 
1000.0 0.19244 0.11335 0.22505 0.04354 0.08538 0.00429 0.16528 0.21365 
1000.0 0.00766 0.02596 0.02677 0.02479 0.02939 0.02071 0.00217 0.02249 
1000.0 0.00769 0.01641 0.00392 0.01882 0.01677 0.04686 0.01343 0.01504 
1000.0 0.15315 0.08396 0.26799 0.22197 0.09958 0.42979 0.1635 0.38609 
1000.0 0.02741 0.01008 0.06119 0.03878 0.00138 0.01795 0.01294 0.01107 
1000.0 0.06681 0.07148 0.00836 0.03062 0.0445 0.06516 0.04231 0.05397 
1000.0 0.08515 0.03982 0.07959 0.03462 0.13892 0.06974 0.02918 0.09398 
1000.0 0.01113 0.01969 0.01377 0.01462 0.02385 0.01912 0.00429 0.00389 
1000.0 0.01431 0.0213 0.01405 0.0114 0.00965 0.00763 0.01958 0.00343 
1000.0 0.00239 0.0209 0.00193 0.02821 0.00985 0.011 0.01178 0.03568 
1000.0 0.02228 0.00889 0.00488 0.0206 0.02068 0.00615 0.00156 0.00251 
1000.0 0.04167 0.02591 0.03809 0.01922 0.02662 0.03978 0.02977 0.00994 
1000.0 0.01493 0.01531 0.01575 0.01287 0.00956 0.01243 0.00472 0.0221 
1000.0 1e-05 0.01509 0.00676 0.00633 0.00711 0.00054 0.01076 0.00274 
1000.0 0.0113 0.02134 0.04147 0.0038 0.0341 0.02221 0.00121 0.04204 
1000.0 0.00316 0.00305 0.00133 0.00291 0.00262 0.00266 0.00206 0.00092 
1000.0 0.00807 0.0124 0.09318 0.02072 0.05206 0.00477 0.05105 0.03332 
1000.0 0.06339 0.02951 0.09416 0.10063 0.08641 0.0238 0.00632 0.08074 
1000.0 0.01664 0.02548 0.02881 0.0031 0.0087 0.03137 0.02865 0.02766 
1000.0 0.01238 0.01442 0.00243 0.01926 0.01828 0.00674 0.02273 0.00346 
1000.0 0.04706 0.00929 0.0246 0.02315 0.03987 0.03323 0.00392 0.03245 
1000.0 0.01676 0.03713 0.0089 0.02826 0.00203 0.03059 0.04456 0.02381 
1000.0 0.01767 0.00611 0.01118 0.01998 0.01706 0.01607 0.01594 0.0184 
