1000.0 1000.0 1000.0 1000.0 1000.0 1000.0 1000.0 1000.0 1000.0 
1000.0 0.01524 0.00788 0.00761 0.0018 0.00811 0.00631 0.00397 0.01264 
1000.0 0.10368 0.09566 0.05472 0.04804 0.12211 0.04036 0.10874 0.02787 
1000.0 0.01507 0.05663 0.12599 0.17626 0.1197 0.17741 0.02225 0.14538 
1000.0 0.01657 0.00816 0.00119 0.01632 0.01044 0.02045 0.03303 0.00572 
1000.0 0.05107 0.07119 0.09056 0.01865 0.01621 0.04363 0.07683 0.06715 
1000.0 0.0327 0.04364 0.01769 0.02542 0.04577 0.04123 0.06645 0.04956 
1000.0 0.00274 0.0034 0.00351 0.00273 0.00073 0.00297 0.00596 0.00337 
1000.0 0.15613 0.07195 0.11065 0.21685 0.22179 0.03114 0.08442 0.22025 
1000.0 0.01657 0.02837 0.01175 0.02537 0.02911 0.01365 0.01775 0.01679 
1000.0 0.04827 0.04611 0.04652 0.03673 0.03786 0.03086 0.00304 0.02248 
1000.0 0.2688 0.18949 0.22371 0.03982 0.15185 0.1802 0.03702 0.00925 
1000.0 0.02591 0.05012 0.01047 0.05017 0.00858 0.04067 0.04798 0.00411 
1000.0 0.04672 0.04259 0.00667 0.06991 0.09668 0.01705 0.10114 0.03879 
1000.0 0.14273 0.09662 0.13507 0.1181 0.0946 0.09431 0.10451 0.01127 
1000.0 0.01033 0.01514 0.0131 0.01658 0.00899 0.0182 0.00478 0.01765 
1000.0 0.00935 0.00509 0.01852 0.0195 0.01493 0.02367 0.02046 0.00497 
1000.0 0.00468 0.00231 0.01878 0.01592 0.032 0.01741 0.03193 0.0346 
1000.0 0.01728 0.02422 0.00871 0.02545 0.00984 0.02729 0.01478 0.00897 
1000.0 0.02593 0.05429 0.03573 0.0485 0.02019 0.02783 0.0115 0.01892 
1000.0 0.02306 0.00322 0.00962 0.00593 0.02241 0.00604 0.01606 0.00322 
1000.0 0.00703 0.00942 0.00273 0.00158 0.01515 0.00549 0.00297 0.0151 
1000.0 0.0459 0.0424 0.00104 0.03405 0.04283 0.02641 0.03304 0.04837 
1000.0 0.00288 0.00343 0.00092 0.00253 0.00272 0.00214 0.00194 0.00108 
1000.0 0.01954 0.03926 0.02034 0.07279 0.06084 0.02759 0.04431 0.0889 
1000.0 0.07079 0.04481 0.07984 0.10109 0.01845 0.01556 0.05458 0.02769 
1000.0 0.00057 0.02725 0.01782 0.02008 0.00692 0.0077 0.00918 0.01471 
1000.0 0.01218 0.00347 0.01342 0.01803 0.00171 0.02318 0.009 0.01279 
1000.0 0.03512 0.03393 0.0494 0.03308 0.01032 0.04758 0.01826 0.03609 
1000.0 0.00442 0.0356 0.04393 0.04138 0.04515 0.03886 0.01563 0.03042 
1000.0 0.01238 0.0236 0.01632 0.00586 0.02231 0.01446 0.00813 0.01367 
