1000.0 1000.0 1000.0 1000.0 1000.0 1000.0 1000.0 1000.0 1000.0 1000.0 1000.0 1000.0 1000.0 1000.0 1000.0 1000.0 1000.0 1000.0 1000.0 1000.0 1000.0 1000.0 1000.0 1000.0 1000.0 1000.0 1000.0 1000.0 1000.0 1000.0 1000.0 
1000.0 36.09441 14.34357 14.89534 0.0 45.69442 10.95621 43.76684 34.16837 39.6797 25.73901 36.51936 0.0 37.73549 36.3861 45.07759 13.87954 25.80041 43.07538 15.15946 0.02895 13.91217 34.77655 13.21702 36.67615 29.85127 44.42702 27.48152 41.57015 38.56707 21.8589 
1000.0 34.37644 27.62108 14.75679 0.0 20.02782 21.62679 36.18524 28.66232 14.86068 16.98792 32.55523 0.0 43.00747 37.22323 31.80238 22.96576 35.19997 43.54899 41.05192 0.0205 38.209 40.20654 33.67401 34.0331 45.60434 11.06268 44.32836 16.28727 28.22956 17.63297 
1000.0 25.30918 35.05551 41.32823 0.0 13.65757 43.16727 29.09705 24.0225 45.31682 36.33645 29.29952 0.0 20.13797 9.87 26.24078 11.71298 21.03751 22.81476 22.95952 0.03753 21.00777 13.5978 27.4869 44.73195 15.92625 15.65685 35.44447 18.23523 36.51809 38.91447 
1000.0 0.0 0.0 0.0 36.75035 0.0 0.0 0.0 0.0 0.0 0.0 0.0 17.97654 0.0 0.0 0.0 0.0 0.0 0.0 0.0 0.0 0.0 0.0 0.0 0.0 0.0 0.0 0.0 0.0 0.0 0.0 
1000.0 26.97626 32.06442 44.09639 0.0 32.07364 24.57603 22.87223 32.75753 45.79505 41.99874 31.48112 0.0 30.40121 9.43789 38.17005 38.52692 14.81146 25.25817 32.59551 0.02968 23.00525 29.75996 29.70505 44.02903 25.16127 20.82764 14.85158 33.4709 16.02233 28.03344 
1000.0 36.47949 11.65075 17.46373 0.0 29.28927 22.60657 29.89527 22.95006 38.66634 21.55809 19.9798 0.0 26.94537 15.16449 28.11631 41.57506 20.66663 39.37594 17.66575 0.01831 41.51886 31.63818 25.65056 10.33411 35.23085 41.94843 28.10373 16.94265 25.71666 46.04093 
1000.0 10.26635 15.94021 38.00015 0.0 45.44689 22.94781 36.35598 29.67899 20.64957 10.25853 38.78066 0.0 35.4313 21.49859 19.99246 14.0107 15.19466 19.7186 36.23122 0.02789 25.14471 45.9058 32.83204 36.0064 14.45094 35.51231 45.47405 35.62815 23.45302 31.92421 
1000.0 28.17061 38.78455 21.26337 0.0 21.37599 11.01937 33.56838 44.07506 30.53482 38.52664 38.50821 0.0 16.33967 20.01285 35.67775 27.16752 43.71374 45.85474 28.94036 0.03156 16.55021 34.60599 43.16105 18.29597 23.37899 21.56969 29.91995 28.22863 38.44785 10.52788 
1000.0 13.96674 25.01953 16.68953 0.0 18.39503 29.44354 36.11517 21.11068 9.71522 40.58927 10.47184 0.0 18.07858 20.45212 14.28949 28.18846 43.57729 14.93166 16.01385 0.01825 29.24047 20.13455 45.98558 18.79434 16.4677 28.70501 36.03173 16.99057 16.01325 23.55181 
1000.0 22.66655 34.97931 41.91384 0.0 33.37964 15.58304 20.15595 44.51621 32.82399 21.55338 37.13685 0.0 21.89952 36.2992 45.81613 21.5407 23.79985 35.84416 27.56731 0.01567 32.90306 23.50297 18.91485 41.82253 30.00888 26.09876 37.7216 21.89646 37.90494 27.43993 
1000.0 25.52856 33.94705 31.48567 0.0 17.53899 11.46365 20.87266 33.21684 20.48403 18.22172 37.77629 0.0 20.82907 12.90987 40.9756 28.40417 20.69963 29.49245 24.45939 0.01831 18.53705 43.07342 30.06567 22.5485 24.03262 11.89052 24.08326 44.24784 11.06326 42.19083 
1000.0 0.0 0.0 0.0 19.01406 0.0 0.0 0.0 0.0 0.0 0.0 0.0 13.5992 0.0 0.0 0.0 0.0 0.0 0.0 0.0 0.0 0.0 0.0 0.0 0.0 0.0 0.0 0.0 0.0 0.0 0.0 
1000.0 14.01298 45.76865 15.91759 0.0 34.99236 26.14339 43.91269 18.70365 29.96636 25.83652 23.48327 0.0 27.33677 20.67837 38.42259 26.72535 43.93095 25.8094 15.41151 0.03131 34.2832 20.85384 27.39671 43.03145 16.51418 43.5466 18.50901 29.07534 24.84193 36.33542 
1000.0 36.53378 30.18507 20.78123 0.0 17.93086 9.88924 43.85603 23.2363 37.34885 41.38024 29.83412 0.0 30.58036 22.08006 17.15685 27.09841 37.1875 24.39125 29.4479 0.03665 18.12752 33.98097 43.78228 43.09255 45.52548 44.08604 39.2185 41.29212 20.98954 19.61194 
1000.0 38.27489 44.40441 18.29985 0.0 34.6329 18.24296 44.01721 11.35466 35.54382 37.59157 26.67475 0.0 22.54573 43.58604 10.87167 40.70534 44.91055 27.97353 38.47646 0.01319 21.15397 44.54517 19.84813 44.79111 14.41555 19.40365 29.5834 26.54995 39.81328 29.55148 
1000.0 23.61535 11.66175 14.34014 0.0 30.53448 29.51343 13.17097 11.55629 24.73547 26.66478 41.2363 0.0 39.21806 23.23038 44.04853 46.17683 39.27288 11.97041 39.24356 0.03131 35.39368 42.04697 16.40483 23.61495 22.9058 23.15244 19.69891 42.80278 21.17818 33.25001 
1000.0 26.14669 36.42001 27.04073 0.0 36.477 14.81894 15.51849 30.32958 12.20513 15.03664 44.12432 0.0 31.47517 15.86061 17.40664 13.7925 42.33849 40.38071 33.94121 0.04468 27.45779 38.00586 18.92443 40.3552 21.26678 39.81574 37.70391 36.85773 33.46335 31.48122 
1000.0 11.93473 39.14206 18.06656 0.0 14.68333 30.53297 35.68437 31.11468 18.88462 21.59439 17.30846 0.0 12.69966 43.03522 15.63621 26.16407 14.32656 36.66806 37.6967 0.01259 41.26258 15.46716 16.99764 12.9355 9.98371 44.07835 34.27827 18.19883 40.05692 34.47016 
1000.0 27.56056 38.73147 36.63276 0.0 15.38814 31.60077 10.12301 25.88663 33.25681 12.19158 42.89096 0.0 28.2207 10.23919 21.97548 37.68049 45.96066 19.70696 16.9083 0.02602 22.96957 25.46294 28.61313 11.40203 31.61804 25.43284 38.08048 39.30324 38.01532 12.25712 
1000.0 0.04763 0.11634 0.09847 0.0 0.0748 0.08443 0.17 0.0581 0.06089 0.17779 0.18528 0.0 0.09841 0.17547 0.07418 0.1289 0.07065 0.0743 0.10263 34.78428 0.18128 0.11381 0.08542 0.09689 0.09095 0.16862 0.1923 0.08987 0.17051 0.03866 
1000.0 31.93324 26.65768 17.95594 0.0 19.57968 20.73983 28.39216 43.2976 18.01458 16.37467 16.40361 0.0 12.12169 45.85852 45.50734 25.56363 29.98499 35.78097 36.69662 0.01388 24.07321 19.6845 11.34672 28.63619 12.78068 18.39239 41.70265 30.17228 21.86135 39.63727 
1000.0 10.64242 24.81798 14.31089 0.0 21.37668 17.22069 29.2077 28.01988 42.95331 43.49839 36.82618 0.0 36.11441 23.28171 40.37386 16.69776 14.6235 29.64728 23.63135 0.02132 37.64139 31.55035 33.8537 43.90452 23.88166 21.5283 44.88622 31.56306 42.44007 14.61248 
1000.0 28.44575 29.94942 44.86992 0.0 17.5686 38.38361 29.97224 45.20118 20.6799 13.25163 43.45021 0.0 11.98881 36.61162 42.33469 11.6556 9.81144 36.97745 11.97657 0.03758 32.01553 44.14725 23.6219 25.39121 17.26119 35.65797 27.11991 26.88048 21.47822 34.52606 
1000.0 36.87307 10.76287 26.97225 0.0 37.74085 21.30023 25.97358 42.87007 13.72059 22.6617 10.40311 0.0 43.52052 28.5517 38.63874 15.09102 39.82974 20.52528 27.3117 0.04318 25.39172 32.55995 10.9641 32.04508 11.72273 30.37737 13.60617 24.79825 23.89605 39.98142 
1000.0 40.50218 25.7921 22.96439 0.0 35.95019 44.42009 33.83506 25.92221 25.45501 14.07905 22.7427 0.0 26.78956 20.35119 44.31843 44.01779 22.3747 17.348 20.07414 0.03118 13.80843 27.00557 36.8117 36.95404 41.5227 43.39763 27.428 34.40506 28.40565 23.14938 
1000.0 10.21908 40.75751 15.65307 0.0 13.79269 20.07243 18.23915 36.89418 40.37429 39.4309 15.43901 0.0 14.33909 22.25728 30.91787 19.96806 13.26392 16.67681 16.765 0.01588 30.70684 39.86197 18.15224 31.38098 38.95196 13.85116 11.31713 19.07645 19.97178 29.64331 
1000.0 42.25237 43.37285 11.25267 0.0 25.07635 17.98798 38.83319 25.85586 9.55683 21.17651 43.30319 0.0 11.12912 19.99277 28.72134 32.57452 23.76975 18.78245 17.95822 0.01661 37.32729 45.64696 42.46991 11.713 24.25439 44.99406 28.09721 11.35818 33.46875 10.20002 
1000.0 38.53122 23.0239 21.438 0.0 24.82408 36.7484 18.03802 13.83665 22.58607 36.84881 35.51306 0.0 13.39991 21.58436 43.70216 42.62041 15.04434 31.83566 23.24742 0.03835 35.40955 45.29435 35.04796 42.7704 26.96251 42.89934 35.31104 41.11573 18.86698 11.31386 
1000.0 45.77165 18.72819 45.89177 0.0 19.90899 17.89591 42.27202 26.31563 35.66081 9.55473 44.55331 0.0 33.46499 24.02746 20.5385 24.52676 36.3735 31.31942 26.1889 0.02279 9.65879 17.04824 21.80563 24.74392 22.13375 34.57948 13.72111 28.73413 42.60565 30.54686 
1000.0 9.34898 41.44832 35.9654 0.0 21.35557 37.60204 22.48457 43.8818 44.17467 18.12156 15.24412 0.0 12.55347 44.90088 37.16244 10.02223 19.09123 42.67669 44.13003 0.04185 44.67329 42.97935 17.65735 42.32507 31.56354 46.05578 22.37141 41.42881 18.11537 14.81828 
