1000.0 1000.0 1000.0 1000.0 1000.0 1000.0 1000.0 1000.0 1000.0 1000.0 1000.0 1000.0 1000.0 1000.0 1000.0 1000.0 1000.0 1000.0 1000.0 1000.0 1000.0 1000.0 1000.0 1000.0 1000.0 1000.0 1000.0 1000.0 1000.0 1000.0 1000.0 
1000.0 19.37667 34.82897 28.86224 0.0 20.64877 7.93513 29.45915 22.24427 13.66084 21.05676 25.83202 0.0 7.74364 32.45224 22.65252 31.48656 12.85582 30.41401 10.80367 0.01412 24.73374 21.94877 35.11949 20.85309 28.9375 25.89952 17.14219 8.59946 15.71985 7.33729 
1000.0 16.08116 22.19446 12.97029 0.0 10.4477 26.20384 7.60961 8.72603 25.86095 20.12765 29.75121 0.0 22.57425 33.73398 12.59223 9.42589 22.87081 25.36935 9.65917 0.01411 29.31336 15.85363 21.78217 15.51171 24.65777 22.60316 35.32241 27.33317 15.67781 25.62222 
1000.0 11.4903 34.88461 8.73582 0.0 18.34515 32.60253 11.76288 12.64888 35.47581 8.15914 10.80587 0.0 16.38216 18.34674 28.4625 11.78847 29.18253 10.89264 17.36078 0.01168 29.36166 14.57131 10.06251 12.0589 26.45406 10.88357 19.90363 24.95498 20.60372 11.29865 
1000.0 0.0 0.0 0.0 27.56012 0.0 0.0 0.0 0.0 0.0 0.0 0.0 17.32337 0.0 0.0 0.0 0.0 0.0 0.0 0.0 0.0 0.0 0.0 0.0 0.0 0.0 0.0 0.0 0.0 0.0 0.0 
1000.0 7.80728 10.21591 30.905 0.0 15.37181 34.55581 34.94959 23.72818 31.40527 34.71799 9.93765 0.0 11.58297 14.31908 15.30453 29.32548 18.75799 28.41243 13.2259 0.03871 15.40827 26.59881 35.45738 31.78632 9.01233 27.19179 25.71887 27.76038 26.64029 23.04475 
1000.0 16.75213 17.97237 13.76731 0.0 20.54213 35.29669 27.62362 26.24396 33.83429 7.36454 14.61968 0.0 20.59113 9.31888 21.79376 34.08652 26.86035 24.5401 26.96861 0.02297 8.69036 21.629 13.49034 7.57087 25.50036 33.02465 15.23297 28.60128 8.29817 19.42598 
1000.0 28.4604 28.281 22.47279 0.0 27.53204 10.69018 8.63082 25.95514 15.16062 20.26108 20.98307 0.0 28.26944 9.12277 30.04814 10.97581 20.41063 33.40279 15.62093 0.03726 10.81644 34.41818 13.21344 11.94295 16.56296 32.12525 15.86097 28.85579 28.34285 8.27825 
1000.0 31.52143 18.59758 14.23898 0.0 8.57657 11.83354 12.54512 13.29773 30.12244 15.32165 35.29865 0.0 35.52389 9.30714 21.69405 32.00773 24.92659 33.48016 33.41221 0.0253 9.46686 7.24125 31.7663 32.88701 8.69992 11.0231 12.45636 15.97648 24.93021 10.72125 
1000.0 27.47768 32.36948 20.33336 0.0 12.41959 35.04042 13.27422 20.86752 31.35335 20.73924 12.33107 0.0 15.43945 20.4356 19.52245 18.98666 9.92335 17.67142 16.96422 0.04102 31.35289 31.42443 23.22615 28.05502 29.53651 34.76274 13.37036 14.7811 11.15645 15.05562 
1000.0 7.15034 33.73716 31.96944 0.0 15.46751 14.00068 15.93571 11.05706 15.8526 24.50461 20.99893 0.0 13.3116 22.90419 21.29533 15.72355 14.36477 27.61961 26.65537 0.02278 12.51629 17.13891 15.58381 16.72256 31.32188 22.7715 18.58091 35.48504 11.30883 17.52154 
1000.0 8.78027 19.65961 21.98149 0.0 12.09061 18.00493 14.46401 15.2432 34.8513 7.35685 30.28006 0.0 17.99881 14.82709 30.13166 21.24927 30.05997 14.61176 28.07033 0.02054 32.17245 7.75899 18.24083 15.3868 13.97613 15.40734 34.40357 35.19844 29.86929 32.67566 
1000.0 0.0 0.0 0.0 11.65813 0.0 0.0 0.0 0.0 0.0 0.0 0.0 20.03733 0.0 0.0 0.0 0.0 0.0 0.0 0.0 0.0 0.0 0.0 0.0 0.0 0.0 0.0 0.0 0.0 0.0 0.0 
1000.0 16.69683 17.72253 34.16578 0.0 10.99407 29.14903 33.28687 23.44575 18.67149 28.54865 26.35133 0.0 16.78586 15.76498 35.31986 7.54394 28.99941 30.10434 29.60003 0.02482 33.07789 14.66616 10.36866 8.31855 10.36658 23.02774 12.08981 8.42499 28.84579 15.45052 
1000.0 17.26877 23.5461 26.4371 0.0 10.31909 22.24065 23.61653 20.70797 35.25164 11.59214 19.46707 0.0 20.42062 15.80187 19.71384 15.021 30.4506 8.8549 10.95728 0.03523 30.32076 32.30359 32.32176 13.32987 17.35712 9.48802 9.75132 21.56686 21.1244 15.53776 
1000.0 25.92474 34.09778 26.28473 0.0 12.89599 8.38908 21.99328 17.53648 21.6117 19.93833 31.6265 0.0 18.24314 26.65827 30.2276 29.75986 32.99346 24.34557 20.47334 0.02356 16.30008 16.99229 19.76198 21.91277 7.26147 26.98192 9.30356 14.31245 33.18762 14.9085 
1000.0 23.36231 25.07075 21.73719 0.0 24.09345 24.82493 28.3102 9.8734 7.25182 16.56704 23.02723 0.0 13.26024 28.92497 25.43499 32.04583 27.89604 22.05822 19.10408 0.02488 20.31625 30.22505 15.46641 18.14937 24.74348 16.92837 9.84246 17.90457 31.85925 8.33951 
1000.0 32.75897 33.87892 32.47517 0.0 31.82689 16.78222 10.66477 28.30482 17.75798 14.03872 29.30872 0.0 8.08232 35.2882 17.50189 13.27783 9.58008 27.83464 10.04158 0.02734 32.72725 20.48315 7.49024 31.86086 7.18317 26.14585 34.01682 11.71771 33.07984 10.19672 
1000.0 8.33332 15.228 23.31377 0.0 22.76816 35.34724 19.23384 17.23649 26.33247 26.47539 24.02867 0.0 21.89606 28.52324 33.93857 9.90078 9.27419 13.30274 16.37996 0.02725 11.82646 34.14515 24.28014 25.03528 20.63046 29.19238 29.29994 24.64192 7.16536 11.65663 
1000.0 8.23316 24.13772 7.1695 0.0 31.52312 15.74874 18.14778 23.31315 23.28168 19.37375 7.99117 0.0 12.09957 12.46562 28.9341 9.32376 24.91888 17.37957 31.34336 0.01972 13.12683 13.48548 10.79288 31.71446 25.54508 13.32057 20.00133 22.71483 15.80631 32.4628 
1000.0 0.16284 0.10532 0.14392 0.0 0.11388 0.08174 0.15923 0.14545 0.16569 0.11157 0.0403 0.0 0.09365 0.10035 0.14854 0.05053 0.16603 0.13315 0.08965 18.11429 0.0887 0.13192 0.08037 0.05106 0.04061 0.15928 0.05989 0.13501 0.06259 0.14779 
1000.0 25.62044 20.73978 30.05668 0.0 12.19885 16.54883 33.50955 10.92027 34.34182 13.79798 28.20951 0.0 20.74186 10.65988 20.61796 12.73181 12.61141 24.17107 29.97276 0.03102 19.19246 7.85068 34.27616 13.45163 32.72069 16.66772 12.58932 18.73136 17.91429 12.22544 
1000.0 21.91727 13.41598 19.77286 0.0 11.82785 34.28357 22.28574 17.6631 32.08094 11.43184 7.79149 0.0 24.13772 19.41573 35.48754 15.50069 26.38116 30.40066 8.29649 0.03356 24.89213 12.00732 18.64675 30.92327 11.92932 26.42854 17.40674 30.3789 19.49186 34.2729 
1000.0 32.39411 18.30803 23.33413 0.0 28.83369 30.49401 33.77785 26.49366 21.73866 15.99844 8.20647 0.0 10.53168 16.03506 17.75092 22.87907 27.06531 33.8658 30.65756 0.02624 28.7627 18.63992 22.72711 25.35732 11.35489 17.6057 20.39773 29.91603 13.55598 25.51765 
1000.0 7.86897 8.53288 29.05559 0.0 14.67046 23.0906 32.09596 27.60886 14.06211 18.74611 12.36992 0.0 22.37409 16.78659 32.957 21.29446 9.9247 18.53679 28.75457 0.03915 11.99572 17.60178 16.65471 31.83623 22.46775 23.46747 28.6365 22.1655 32.63726 21.2641 
1000.0 14.97716 15.54558 30.58167 0.0 8.78651 7.81346 28.12054 25.14369 26.45219 22.25362 33.45835 0.0 28.24756 20.10515 25.27635 30.18615 14.29719 34.71723 23.8415 0.02208 35.04938 21.75734 27.40176 8.07318 19.4988 13.98819 20.55131 30.92064 30.99152 31.19501 
1000.0 18.78545 21.45294 26.19755 0.0 25.09634 14.78979 16.99756 7.23589 32.80973 19.49226 27.70836 0.0 8.73726 25.04877 22.66857 22.01084 19.25084 18.76774 28.99822 0.0192 10.56764 21.55893 35.07049 7.9582 24.93972 24.5032 30.92036 15.51262 13.7316 25.10897 
1000.0 13.00818 11.99233 28.98694 0.0 18.47098 21.84888 30.74298 9.11565 11.41369 33.94108 16.54666 0.0 11.03726 16.48952 26.9814 14.83315 34.53167 8.13494 24.30391 0.03931 8.41324 33.56821 33.22929 15.0851 22.42393 11.97862 29.62051 25.53891 24.09277 35.31466 
1000.0 13.19038 28.73567 31.30793 0.0 35.14162 28.64309 30.11412 35.13504 33.93129 17.027 24.88871 0.0 31.55642 32.23064 19.12656 25.14842 35.30428 19.32535 8.27496 0.02533 15.61317 23.20355 22.62919 29.75547 7.35238 9.09301 29.40542 15.07287 14.67201 11.23829 
1000.0 16.8942 11.46288 20.20704 0.0 10.56817 12.53991 16.81867 27.76788 19.41038 11.10088 23.84347 0.0 22.62939 14.89137 16.75108 33.42032 14.59401 8.61538 10.25599 0.01813 12.19762 31.88 20.3852 14.91441 22.90987 23.75021 18.79378 35.07925 12.96626 14.34564 
1000.0 10.78826 28.41197 23.84108 0.0 32.77347 30.98924 27.67671 14.56031 21.32619 9.4567 17.74033 0.0 27.51283 33.43127 8.60431 26.4106 16.40909 26.68417 32.61274 0.03685 22.81848 22.02868 32.73692 20.67855 33.12415 18.51908 29.26456 14.32028 29.52197 29.1571 
