1000.0 1000.0 1000.0 1000.0 1000.0 1000.0 1000.0 1000.0 1000.0 1000.0 1000.0 1000.0 1000.0 1000.0 1000.0 1000.0 1000.0 1000.0 1000.0 1000.0 1000.0 1000.0 1000.0 1000.0 1000.0 1000.0 1000.0 1000.0 1000.0 1000.0 1000.0 
1000.0 21.10342 12.94264 7.52136 0.0 35.70492 29.2098 16.814 27.82688 21.66078 7.82986 31.31233 0.0 18.09257 26.27558 30.11286 29.6292 31.82526 8.48469 7.7055 0.03094 30.43294 26.54487 35.20349 24.15527 27.29271 32.19098 35.61271 15.85988 35.60014 31.96396 
1000.0 15.05414 30.43454 13.21155 0.0 18.13088 18.51555 14.35884 17.69628 19.79448 12.31284 20.31979 0.0 14.45963 11.70391 26.02107 10.98874 7.65163 33.0349 12.14592 0.02724 28.2128 30.23619 14.07991 23.39343 23.96729 30.49905 31.93157 35.29769 13.76859 23.78523 
1000.0 32.40465 33.48341 34.17705 0.0 12.49317 11.97825 27.59797 10.99903 14.35708 9.73153 25.15088 0.0 29.21038 34.63561 15.71289 26.79952 32.31083 24.38833 32.59415 0.01672 12.84427 23.31925 18.38137 31.03222 22.43421 22.10404 8.27171 8.70096 15.73956 19.46416 
1000.0 0.0 0.0 0.0 32.87844 0.0 0.0 0.0 0.0 0.0 0.0 0.0 12.63686 0.0 0.0 0.0 0.0 0.0 0.0 0.0 0.0 0.0 0.0 0.0 0.0 0.0 0.0 0.0 0.0 0.0 0.0 
1000.0 31.86295 16.34697 18.32361 0.0 14.97222 16.37487 25.44428 30.04275 10.86144 11.41576 13.74128 0.0 22.9735 26.83851 24.07984 29.84351 16.11826 35.11442 19.45516 0.02995 13.96478 17.72769 17.87263 35.88114 35.99158 8.1735 34.8185 16.49296 16.42356 19.26699 
1000.0 14.46955 35.0087 11.9725 0.0 28.91349 31.83505 30.65184 21.17201 16.41387 32.4823 36.35253 0.0 32.77305 31.23425 16.10435 24.69211 19.99439 20.12008 22.47551 0.03507 8.31611 26.53266 25.89362 30.74516 9.53142 34.98037 17.47502 28.74146 10.89231 29.54754 
1000.0 20.3228 11.7937 12.74937 0.0 24.28009 13.73524 17.95591 12.17981 21.90865 18.29786 15.39556 0.0 23.24487 23.14534 7.61891 14.56196 12.26872 34.85069 22.57727 0.01047 19.90664 28.01844 28.30366 31.62886 28.77346 10.11643 17.63373 10.52994 36.01251 10.19095 
1000.0 17.66975 25.95925 8.84752 0.0 18.19157 8.64714 17.79397 28.12014 25.07937 34.55234 34.70254 0.0 13.08027 31.86987 14.24085 17.3727 30.19622 22.02839 8.38219 0.00934 30.15307 29.86007 35.31661 33.24774 13.01508 30.5399 20.06235 24.74016 21.79599 22.15281 
1000.0 9.03397 10.33067 31.75896 0.0 16.93845 13.37216 34.52158 10.80233 20.4395 16.81992 14.35393 0.0 11.04758 17.38167 32.58924 8.99081 9.81487 29.74325 23.33227 0.01263 18.46564 30.09128 31.09135 11.82636 16.54859 26.02628 30.45356 32.77032 21.91589 36.20602 
1000.0 8.11671 27.38112 9.9654 0.0 11.40942 21.45213 18.54448 25.32651 31.30111 27.07356 23.34042 0.0 32.63118 18.87912 12.24168 18.09653 34.73777 29.80335 28.2539 0.01121 12.02317 15.46107 12.7409 31.10017 25.64872 20.08265 12.57403 12.15007 35.16705 14.29198 
1000.0 16.24423 30.02911 15.57258 0.0 31.51374 7.43439 31.08351 34.0817 24.5619 8.23149 28.63958 0.0 22.44603 24.76068 18.11634 14.39136 33.00202 24.11689 14.62654 0.01541 21.54634 15.49865 22.36827 19.09371 11.43001 17.43545 24.80735 21.68818 35.46302 7.70658 
1000.0 0.0 0.0 0.0 15.75121 0.0 0.0 0.0 0.0 0.0 0.0 0.0 14.78519 0.0 0.0 0.0 0.0 0.0 0.0 0.0 0.0 0.0 0.0 0.0 0.0 0.0 0.0 0.0 0.0 0.0 0.0 
1000.0 16.65348 35.94228 14.87335 0.0 21.24207 9.5145 13.56663 21.8519 25.56315 22.80562 21.44589 0.0 8.66941 35.79437 11.76258 21.54304 35.17985 13.44659 13.68717 0.01632 32.4776 26.64406 11.45176 23.35406 33.81588 22.2871 12.23041 7.8973 16.91327 24.81783 
1000.0 9.95731 10.4621 21.74576 0.0 25.77959 18.24075 8.40313 14.63619 7.36863 27.86206 15.96914 0.0 28.96945 33.51094 9.24768 14.33894 29.68183 25.72036 34.97806 0.00991 9.49989 25.4948 12.50181 16.41117 23.65735 19.01927 33.73719 20.03861 20.84609 18.30443 
1000.0 28.80929 22.38779 14.0569 0.0 13.04507 30.50138 9.82373 15.21983 33.12811 23.13808 14.71876 0.0 15.52466 12.63674 22.86655 34.29023 24.8137 11.87315 9.78408 0.03691 36.3747 28.72221 19.56226 18.36779 20.87193 19.55534 8.79678 9.2872 24.95554 34.57514 
1000.0 34.09727 28.68948 20.78727 0.0 18.7634 30.39369 13.30452 18.1727 33.28584 7.53959 15.23344 0.0 18.54511 30.7721 26.02607 10.35056 12.03402 20.33881 12.35002 0.03054 31.99507 15.44457 13.98916 13.44513 25.02279 25.99091 32.00772 10.52516 27.86724 9.63602 
1000.0 9.65105 32.70925 35.7132 0.0 9.89769 35.63231 23.48079 24.2284 18.24084 13.7131 33.29218 0.0 35.13417 18.87498 23.31112 7.60686 13.9888 26.09552 35.29075 0.02634 10.09679 13.54633 7.43243 14.68999 34.94505 15.27696 32.13303 28.33581 25.47699 15.43726 
1000.0 31.55021 8.45484 8.8251 0.0 27.63623 24.42838 32.76496 15.74117 23.15161 34.88881 29.64938 0.0 21.63618 8.92157 35.35851 13.0508 9.64623 33.18203 16.48936 0.01377 12.77654 32.20004 11.76351 19.43691 32.96158 23.84407 27.84853 29.00855 18.04767 32.33599 
1000.0 19.58787 29.37172 21.21224 0.0 18.17168 25.3147 35.10831 19.69018 29.13072 34.19121 24.49271 0.0 24.62027 16.22828 15.10613 9.51773 27.57558 32.03409 30.72054 0.02892 22.10905 25.67666 26.91556 28.07191 19.64936 26.4183 34.58083 21.98158 22.07533 11.4287 
1000.0 0.08784 0.14653 0.16179 0.0 0.11664 0.03559 0.16751 0.1642 0.16704 0.11375 0.09926 0.0 0.09129 0.05098 0.11024 0.14322 0.08703 0.04648 0.13247 18.18707 0.10072 0.08329 0.03642 0.09441 0.06956 0.16417 0.07906 0.12652 0.16182 0.08302 
1000.0 15.29393 31.13058 22.3697 0.0 19.99163 24.28066 17.59844 25.53166 18.58333 11.00907 15.44803 0.0 10.28994 10.60651 18.78958 24.06944 33.16953 24.59029 13.9105 0.01714 24.19183 34.14281 26.41377 35.30738 25.84203 11.7654 32.05247 33.07569 27.4555 24.21108 
1000.0 26.46863 12.77969 15.35486 0.0 28.28724 11.02832 19.15601 10.18961 14.1692 12.19545 17.55431 0.0 31.85669 34.33907 24.13659 16.20711 18.93173 28.63473 19.83424 0.02782 30.94595 24.99528 23.46618 33.34529 14.75419 26.01187 12.54307 21.44315 12.99898 12.42858 
1000.0 30.32515 7.39224 24.99283 0.0 33.60767 25.1603 17.21225 16.88564 15.82283 16.57797 21.45839 0.0 21.78709 26.26751 7.5102 11.20347 23.76669 22.87552 29.85376 0.02426 10.83005 8.61505 30.59159 22.53342 15.99704 30.54918 11.66402 11.70453 21.0193 34.66824 
1000.0 12.9328 35.56295 22.89792 0.0 16.91547 10.87216 9.76685 16.78635 18.94693 19.07132 31.23953 0.0 21.93783 35.5717 27.33078 29.30409 13.07232 30.54092 24.481 0.01579 30.19895 15.81622 10.90893 7.51814 30.78235 15.79056 31.64517 14.48587 18.21661 34.51173 
1000.0 10.07038 30.97609 30.10673 0.0 9.64525 17.93418 31.9796 12.19108 23.95063 9.46266 10.25779 0.0 26.78795 12.71974 25.65802 23.42636 9.01389 13.80129 30.0446 0.02359 13.04256 18.4401 23.15643 19.00016 17.52393 34.69087 18.20335 36.00004 11.36831 34.62197 
1000.0 24.71555 9.0894 27.38002 0.0 12.61512 30.81961 32.36667 18.66901 27.05004 10.46456 30.46338 0.0 26.29234 24.20845 28.91202 7.76764 23.84662 26.4484 32.26548 0.03892 21.65224 9.01866 25.76954 27.11425 33.96553 8.32477 31.73411 34.99731 26.18154 21.38844 
1000.0 11.43293 25.90653 29.77449 0.0 24.65067 9.97827 35.29883 12.90867 14.84888 22.16801 14.25347 0.0 13.7727 10.78562 11.70363 19.55191 32.92061 32.20497 25.28091 0.03843 33.51213 35.81258 31.17989 27.04389 14.97381 11.17808 23.07723 32.99798 25.74748 19.2852 
1000.0 24.26605 9.88598 29.61143 0.0 26.74792 25.14645 34.62578 25.28472 32.14596 13.93512 9.58466 0.0 28.70633 27.94209 12.7338 25.53581 14.10275 35.94666 17.86318 0.01872 25.58698 23.5767 20.35523 19.42365 31.86917 33.62983 18.82931 33.71477 28.49265 32.63511 
1000.0 20.31721 16.36618 29.83722 0.0 16.94424 25.08232 24.63129 26.27314 17.83792 16.64795 25.32268 0.0 23.09664 35.0642 12.98486 10.99429 14.30733 7.65711 27.25599 0.03587 28.71715 25.68591 13.6414 15.26755 22.65952 28.14487 20.02167 29.10414 23.89604 22.56592 
1000.0 15.68077 13.83526 28.4158 0.0 30.80365 19.74875 30.75181 16.98108 10.44775 30.90994 33.25241 0.0 22.70032 23.00881 8.8727 24.67376 17.66602 10.24448 25.56102 0.02274 32.78823 35.60427 24.60251 15.84557 35.19568 19.45529 13.15004 9.27291 23.88679 10.69726 
