1000.0 1000.0 1000.0 1000.0 1000.0 1000.0 1000.0 1000.0 1000.0 1000.0 1000.0 1000.0 1000.0 1000.0 1000.0 1000.0 1000.0 1000.0 1000.0 1000.0 1000.0 1000.0 1000.0 1000.0 1000.0 1000.0 1000.0 1000.0 1000.0 1000.0 1000.0 
1000.0 11.95484 34.21981 23.69167 0.0 24.87969 16.37096 15.26857 40.15841 17.40402 9.70353 17.80008 0.0 18.75997 12.63753 13.04098 27.76974 25.45128 19.51274 32.09811 0.03895 18.02272 31.45982 32.16796 37.14115 16.21865 22.50355 15.18279 17.26132 27.59608 41.15771 
1000.0 9.95822 35.91377 38.44997 0.0 35.04885 28.25886 37.39023 30.45546 12.61928 19.72501 33.21281 0.0 26.41256 18.3937 33.09918 18.01484 22.2173 34.49254 28.53875 0.03861 33.37893 25.1877 11.71531 41.04621 15.79541 13.19332 37.41792 13.89939 15.19013 31.56585 
1000.0 11.22232 23.02607 28.31824 0.0 23.17174 15.58981 11.72204 29.04566 34.35483 17.40401 20.68565 0.0 22.98192 8.90748 31.12265 25.53573 9.57053 40.22079 32.16066 0.02585 9.04712 38.64304 22.28967 32.16158 38.07727 38.68063 37.90107 8.62651 11.57362 39.80253 
1000.0 0.0 0.0 0.0 29.97649 0.0 0.0 0.0 0.0 0.0 0.0 0.0 18.38476 0.0 0.0 0.0 0.0 0.0 0.0 0.0 0.0 0.0 0.0 0.0 0.0 0.0 0.0 0.0 0.0 0.0 0.0 
1000.0 15.36063 18.2523 35.50293 0.0 31.63272 36.05741 39.79031 31.58049 12.68356 25.13618 23.08969 0.0 11.75456 15.62831 36.54693 13.10138 36.12319 22.74771 10.79853 0.02632 21.59065 11.45497 31.84368 26.63134 20.10871 16.31819 31.60554 9.94463 17.6773 22.04791 
1000.0 15.89361 17.02798 12.08141 0.0 9.71093 19.27791 34.91679 16.72132 22.18679 28.33536 16.01983 0.0 33.16578 36.19825 39.67821 14.50541 37.8719 37.41491 15.48947 0.04353 10.21491 29.86232 17.28414 35.01367 32.25979 19.61642 15.33369 16.78104 38.02262 14.40544 
1000.0 39.88389 21.17131 12.35529 0.0 38.30429 18.52388 35.63615 37.5005 15.04139 20.04916 28.00828 0.0 22.23446 21.40106 23.87507 9.70343 23.8108 34.72208 40.15126 0.0128 26.00026 21.57219 28.33249 9.69188 38.03432 35.00416 14.38432 39.41563 39.71674 13.25811 
1000.0 21.4857 21.72505 10.37694 0.0 30.59164 19.49025 21.72033 17.6303 20.25357 37.30502 35.21579 0.0 13.36073 13.40957 10.0156 30.20449 24.96913 22.87588 40.01281 0.02293 19.83576 29.82327 29.98069 33.01813 9.76824 26.56108 17.15742 30.59448 21.72932 28.2871 
1000.0 25.35983 26.95967 36.82689 0.0 29.91796 29.44664 32.89948 10.35856 10.82012 15.21594 40.1355 0.0 9.36657 11.48915 33.87796 30.1751 40.34096 30.03618 14.33878 0.03515 29.25667 30.36246 27.82754 11.61977 25.03662 11.95432 8.61335 12.16526 31.14075 8.45732 
1000.0 23.5394 29.27902 17.99281 0.0 37.32151 19.71505 9.38332 36.3381 21.34223 20.123 13.47476 0.0 10.74624 28.58292 17.95683 9.79526 10.76098 27.4024 23.37142 0.0153 31.07945 18.17875 22.37215 23.829 10.32761 37.21531 28.4502 11.20876 27.662 39.7903 
1000.0 34.78278 28.20567 36.29956 0.0 40.28642 40.05372 10.58913 13.61864 29.66157 14.99235 34.06873 0.0 22.96868 23.29545 9.95954 17.35581 13.63829 15.52182 36.92721 0.0206 36.26632 25.84339 29.9414 30.27627 21.2629 23.95608 23.95842 35.31402 15.33408 10.25248 
1000.0 0.0 0.0 0.0 24.09574 0.0 0.0 0.0 0.0 0.0 0.0 0.0 13.24532 0.0 0.0 0.0 0.0 0.0 0.0 0.0 0.0 0.0 0.0 0.0 0.0 0.0 0.0 0.0 0.0 0.0 0.0 
1000.0 31.06573 8.97475 18.31112 0.0 15.86265 21.80295 14.11757 27.73709 22.12708 31.09481 36.87403 0.0 27.59078 12.40618 23.83935 19.36885 36.96548 25.72767 34.46534 0.02356 18.39657 10.36371 19.50339 26.17751 34.92592 11.08858 37.41606 26.00363 24.0138 12.86972 
1000.0 16.88212 35.74802 22.98995 0.0 17.39978 26.96623 27.98105 34.66165 14.71103 13.81578 28.95048 0.0 10.78886 31.46026 35.687 15.48371 12.98902 20.13293 22.64269 0.02463 15.15173 18.11126 13.78036 39.61005 8.93982 35.56033 36.65183 25.03369 37.368 27.14822 
1000.0 21.51545 35.04389 18.3395 0.0 21.25474 31.16989 9.72813 28.14217 21.90582 39.92609 13.34557 0.0 38.23782 29.41711 26.99322 11.27116 30.33454 38.07466 37.12054 0.03835 16.74418 13.44344 21.75484 32.22998 17.61668 34.81655 22.57744 36.18286 8.76737 31.24779 
1000.0 26.65169 17.90047 37.05167 0.0 25.16726 36.263 40.53975 12.58728 13.09994 20.61826 36.98411 0.0 37.72987 11.76536 31.66806 37.10918 29.92784 13.91617 19.89517 0.02719 38.13905 10.79682 35.2025 12.91651 24.78036 37.61763 8.8563 25.29795 13.32937 11.66197 
1000.0 35.79128 16.50512 15.79553 0.0 20.45321 8.59888 37.09929 35.86269 26.15288 22.45546 30.53603 0.0 38.26586 25.04053 8.86915 23.35373 22.11554 40.15892 10.99968 0.04326 31.6886 21.49518 39.75322 16.03408 39.66016 38.43213 21.88709 9.35533 25.92712 11.44533 
1000.0 31.69529 35.62432 15.54531 0.0 40.77309 38.49666 15.13324 21.57002 25.1091 31.41425 27.134 0.0 31.47199 24.42224 18.62916 19.98538 40.85624 41.01274 23.25828 0.04253 15.94368 40.8673 31.96774 11.16387 37.71611 19.76105 14.2214 20.94544 41.04855 35.27729 
1000.0 29.35493 39.70811 20.99749 0.0 36.22676 28.27228 11.34088 28.75995 40.45357 36.77855 27.67555 0.0 10.98463 28.52245 40.3881 23.08373 21.53714 34.35529 26.9687 0.04472 32.97773 28.42427 16.20917 14.2322 21.84492 9.78124 39.40167 22.86191 38.99021 10.46552 
1000.0 0.07179 0.09592 0.08744 0.0 0.14395 0.11888 0.12539 0.1348 0.15593 0.17382 0.05254 0.0 0.13046 0.04775 0.11098 0.12155 0.12677 0.0845 0.11718 14.46251 0.13851 0.07162 0.05708 0.11698 0.13419 0.0801 0.05444 0.18014 0.08944 0.07322 
1000.0 37.30726 14.17504 15.13614 0.0 11.48305 38.72469 13.77615 34.00067 18.18736 18.0336 40.70292 0.0 37.75183 16.5518 23.76025 10.66512 21.84658 32.80597 37.32086 0.01887 12.26923 18.07285 36.24503 32.54331 17.84284 16.60615 38.0928 16.61406 26.64672 13.95928 
1000.0 29.44308 10.79834 12.1805 0.0 23.41081 9.45454 17.35282 12.12379 19.05985 21.94036 11.77137 0.0 30.51915 22.32055 22.65795 38.80896 31.73779 14.80231 25.84829 0.02641 11.86505 35.71773 18.90016 29.41587 17.01722 9.07829 31.81365 26.85743 23.51001 34.34766 
1000.0 24.66613 38.90234 22.18373 0.0 16.60388 28.65022 15.7244 14.59282 14.3304 12.55637 12.88951 0.0 34.11678 40.40613 16.72126 11.28652 19.68565 38.2176 11.51706 0.02544 28.85545 10.01125 33.45289 35.15473 15.53218 29.01012 9.87407 40.01924 37.96096 18.75621 
1000.0 38.26037 37.1078 9.71911 0.0 12.05127 19.24404 15.18118 27.62726 27.81061 14.97857 27.13651 0.0 30.25736 36.79369 17.6698 25.45241 29.19315 37.93686 27.3435 0.03269 17.53145 24.26449 23.31132 23.1096 23.27913 17.13572 36.85983 9.1289 18.81807 8.86702 
1000.0 11.84637 18.28664 14.47693 0.0 18.45246 9.93953 17.81319 20.54865 33.68085 35.07683 14.51253 0.0 23.42079 12.5511 35.40446 14.72387 29.98221 19.16556 23.01499 0.01536 27.25783 21.44946 14.07146 18.77665 33.94474 9.81512 26.77823 21.89557 35.24807 17.2352 
1000.0 34.4978 18.056 30.13047 0.0 10.48487 25.22998 21.03146 24.8195 33.372 21.81487 18.01468 0.0 28.86395 9.885 27.96084 16.67804 8.35353 25.41613 12.60651 0.01781 18.37098 37.91523 15.10074 31.55308 40.10813 33.87609 32.1526 18.06253 30.78149 28.31649 
1000.0 30.52497 28.32845 28.40256 0.0 23.33189 35.402 14.35852 18.63354 32.97712 39.07679 26.71066 0.0 20.10816 28.72971 8.72154 40.68042 16.451 28.32172 11.80722 0.03412 35.23992 25.28667 13.96905 13.25855 14.12149 15.9163 27.68671 19.38212 31.97379 29.75167 
1000.0 24.87053 24.45351 38.24444 0.0 23.35584 33.22225 27.37218 36.85259 37.1022 23.83678 31.17762 0.0 12.24727 37.83287 22.24688 40.52511 26.5477 17.13896 36.48337 0.03435 38.79349 34.91215 15.05473 40.08432 31.52715 24.92173 25.9179 32.49085 35.52239 21.80497 
1000.0 17.65473 36.55253 11.52367 0.0 26.62472 30.99907 30.33235 13.9758 37.9932 29.25186 29.56671 0.0 33.25394 40.17489 37.91513 25.57652 15.15587 27.69374 21.95924 0.03229 9.59092 40.39411 31.49666 31.47194 21.97293 40.1008 18.30872 28.8634 22.67094 19.63016 
1000.0 31.35613 8.86629 10.19061 0.0 36.2674 29.10865 13.83266 16.57687 35.40991 26.0117 38.11169 0.0 27.57281 22.39994 17.65228 36.60544 11.16165 32.0193 23.83487 0.01227 34.80217 23.73016 27.90843 41.20389 31.45461 35.68873 33.9045 29.84945 30.38847 11.87491 
