1000.0 1000.0 1000.0 1000.0 1000.0 1000.0 1000.0 1000.0 1000.0 1000.0 1000.0 1000.0 1000.0 1000.0 1000.0 1000.0 1000.0 1000.0 1000.0 1000.0 1000.0 1000.0 1000.0 1000.0 1000.0 1000.0 1000.0 1000.0 1000.0 1000.0 1000.0 
1000.0 41.99526 15.38463 36.06068 0.0 25.52217 41.99681 23.74789 18.72128 11.11787 27.84236 32.05046 0.0 32.12544 32.43762 40.73318 38.22247 15.94105 13.25068 10.42733 0.04375 44.52056 24.30446 9.75715 36.47476 43.05925 11.69112 18.74108 31.07941 35.04282 25.69631 
1000.0 43.78163 21.91175 48.08792 0.0 16.50674 26.99055 35.69367 15.85853 18.47192 23.64724 21.60545 0.0 20.97745 27.92117 48.59432 34.78195 17.77172 20.17415 29.67248 0.04837 18.7738 24.77153 37.09003 26.67277 29.00983 32.04184 10.60533 13.6696 33.95855 44.68789 
1000.0 36.03523 26.61666 15.41567 0.0 43.23084 24.95099 11.9242 18.9305 42.42282 13.90996 36.46587 0.0 24.18003 13.34211 31.32331 35.7104 19.45496 23.59261 34.0856 0.02185 46.33648 45.13564 13.59119 37.13955 27.62237 33.15113 16.15154 12.39626 18.2957 36.11392 
1000.0 0.0 0.0 0.0 48.34114 0.0 0.0 0.0 0.0 0.0 0.0 0.0 41.78352 0.0 0.0 0.0 0.0 0.0 0.0 0.0 0.0 0.0 0.0 0.0 0.0 0.0 0.0 0.0 0.0 0.0 0.0 
1000.0 28.46448 15.65805 11.77427 0.0 31.00982 31.12646 15.30021 43.01999 44.94757 24.91023 31.40418 0.0 28.41591 14.51977 26.4621 13.00136 18.03417 30.88228 36.01079 0.02199 46.92381 41.16618 10.13057 19.32096 29.05685 12.88781 15.0554 27.70021 42.98847 46.98944 
1000.0 34.75001 13.90132 39.22369 0.0 14.96487 11.20407 38.88754 18.86708 23.6727 36.91153 14.40465 0.0 18.52228 18.29475 37.29714 39.55339 34.38991 16.32959 16.8383 0.01391 44.29627 14.29421 42.6531 27.02962 27.87269 14.46859 32.69631 34.28281 33.6072 45.90672 
1000.0 33.86044 27.43194 43.31202 0.0 15.02962 39.467 16.27933 38.20365 43.40309 34.45074 22.52458 0.0 15.27439 30.79055 42.72285 44.30937 25.20076 24.28999 37.78293 0.01419 36.90839 10.11893 27.09047 34.91845 20.39596 37.72827 39.22084 44.95622 47.44563 42.17495 
1000.0 31.35273 15.30126 28.66414 0.0 44.10321 40.24951 24.22752 16.52813 35.55929 45.54263 43.87066 0.0 38.09048 18.02251 40.44484 31.61147 18.68699 10.4831 32.77464 0.03411 27.72826 32.74756 15.68093 33.02235 25.64893 43.3239 10.69055 13.02772 16.33727 13.82219 
1000.0 46.82109 43.39591 17.73308 0.0 29.00136 30.25802 34.0329 32.25483 23.42981 41.28128 28.13131 0.0 13.19943 28.37399 33.73833 48.21013 33.47293 11.79553 27.05705 0.01155 24.74623 44.16376 32.16419 37.55538 36.28168 44.13156 18.35949 23.99108 28.09457 42.21441 
1000.0 41.584 46.65449 13.08577 0.0 14.13728 32.15847 34.79231 18.73796 35.91168 47.39216 28.42731 0.0 47.03207 18.99867 41.40339 33.99865 11.59662 38.33348 21.86531 0.03551 9.94008 10.32349 38.17387 13.38209 18.72517 27.05449 41.50245 31.81188 40.20746 31.60978 
1000.0 31.17845 25.58324 38.38094 0.0 45.86787 25.98959 11.1661 19.05212 21.23995 37.58789 19.31117 0.0 32.37351 10.81397 31.61298 20.50991 12.69684 45.80447 26.63702 0.01088 43.56008 23.16195 10.25064 31.49252 21.14485 41.26232 24.56975 23.03088 32.07664 12.80947 
1000.0 0.0 0.0 0.0 13.1819 0.0 0.0 0.0 0.0 0.0 0.0 0.0 42.77965 0.0 0.0 0.0 0.0 0.0 0.0 0.0 0.0 0.0 0.0 0.0 0.0 0.0 0.0 0.0 0.0 0.0 0.0 
1000.0 46.14403 15.4361 45.45401 0.0 46.56771 37.62651 31.012 19.98757 14.14781 17.49314 29.17986 0.0 32.42152 41.38349 45.87997 37.85846 37.86333 41.9774 10.80587 0.01046 31.15907 34.05994 33.18144 17.21182 29.29335 10.12266 10.71994 13.90563 35.93101 48.58377 
1000.0 38.46713 11.66888 21.76631 0.0 16.57771 20.02334 31.95412 45.89106 30.96428 38.76405 41.43176 0.0 27.29635 25.68284 21.99556 29.48941 46.66889 32.02035 12.14848 0.00989 47.20216 44.4445 29.89708 28.47492 29.40287 27.07746 43.44513 27.33737 23.71432 38.93598 
1000.0 35.36885 15.83691 14.26296 0.0 30.5485 21.68597 47.27006 16.56796 21.10259 15.22918 27.65126 0.0 28.41945 45.46369 15.14233 33.78324 29.59153 14.62867 21.3679 0.04752 30.80996 18.69005 15.12593 44.1375 13.26882 12.82624 29.37573 21.29006 11.83091 33.5501 
1000.0 47.12314 11.50026 47.22228 0.0 48.54384 17.33359 46.90606 15.57691 18.77015 34.08014 41.89432 0.0 45.9252 35.74729 44.41175 41.37044 43.24666 11.24525 42.36992 0.04914 38.43803 37.82511 47.29593 32.78397 44.46018 47.25046 41.71619 42.91873 24.23822 41.242 
1000.0 47.09031 43.79195 17.27612 0.0 36.22168 26.17051 38.72266 42.28067 30.60621 12.80569 21.75843 0.0 45.66073 46.83886 26.39663 34.00237 47.49306 34.0876 46.92102 0.03045 39.87944 16.42273 46.89823 14.916 37.25409 12.43781 15.74954 38.00323 19.14664 22.55783 
1000.0 22.82228 29.82304 31.95571 0.0 45.38133 25.59248 37.65225 15.15492 11.62461 23.38181 15.36991 0.0 10.89499 40.50717 21.44559 24.81792 31.96022 20.50378 17.97852 0.03165 32.44932 27.64307 21.0271 10.81225 45.78476 47.19193 39.65697 26.02298 47.39297 11.12295 
1000.0 35.18451 23.76234 23.91764 0.0 15.2774 16.39617 32.57949 38.79752 17.14435 25.11211 20.18974 0.0 15.34065 32.40448 22.98232 18.14867 27.26048 48.29814 24.02496 0.03078 10.28183 26.90372 19.09552 39.78456 29.84198 14.50858 36.34516 14.47065 19.84472 16.22691 
1000.0 0.11851 0.05363 0.18098 0.0 0.1827 0.16844 0.16899 0.07217 0.13561 0.19345 0.07819 0.0 0.16833 0.09224 0.12222 0.07472 0.10203 0.13544 0.11824 42.77264 0.12988 0.05104 0.10878 0.13956 0.08289 0.04858 0.14039 0.06309 0.14226 0.09817 
1000.0 15.99386 21.90263 40.92033 0.0 12.77322 32.20606 33.39172 44.46418 26.06762 25.42163 17.06729 0.0 38.92726 39.13456 34.70667 34.35823 30.12724 23.23735 27.40099 0.03038 10.82098 25.33736 42.54828 34.86943 28.49808 44.95636 38.57422 31.60219 17.48944 12.06839 
1000.0 14.41017 27.6114 37.3198 0.0 27.91492 24.98376 27.28553 12.39142 11.5829 45.77504 27.25602 0.0 23.2625 24.41784 48.15587 39.34387 13.84701 18.25023 17.31281 0.03894 28.90909 24.85111 41.9993 15.11931 30.5273 34.47336 36.19816 23.1255 35.4987 35.25186 
1000.0 28.7531 42.18733 43.87199 0.0 11.69974 48.12429 29.5702 38.50801 14.2455 43.73335 18.46811 0.0 19.91143 48.28962 43.76417 40.07108 29.60755 33.46353 47.24687 0.03176 47.66125 35.18699 32.38379 24.46192 38.44312 26.09363 26.3304 24.87687 40.99681 42.76248 
1000.0 11.83019 34.94979 12.61355 0.0 14.31437 22.70329 33.80123 32.88883 19.35552 29.70452 40.99154 0.0 41.48128 36.89376 48.45885 46.70467 40.10267 41.02508 40.69952 0.04929 47.47966 41.95636 33.68632 9.90855 43.2873 11.9712 25.11596 19.23642 21.12667 30.20531 
1000.0 19.75382 39.47101 39.10955 0.0 28.03268 28.0376 20.18747 30.25756 43.76533 30.47283 27.02677 0.0 27.09988 33.18377 12.62756 43.36226 14.53366 44.01042 38.57312 0.03797 20.8426 23.59273 41.13833 22.90365 42.47396 45.59449 18.05998 16.67484 10.82004 15.38561 
1000.0 32.20843 40.12963 21.77425 0.0 20.92931 44.71087 11.12335 23.21666 38.50418 21.60794 10.61724 0.0 10.67584 22.02443 42.03689 36.97244 43.81438 11.0588 31.22666 0.02835 12.05334 10.75553 12.13546 9.91731 10.35055 31.09289 45.4069 16.46196 42.55602 24.7536 
1000.0 43.1874 18.98485 35.01528 0.0 40.29687 10.87828 26.05241 30.45145 23.31187 19.9973 31.90374 0.0 32.49892 39.94143 24.58985 21.52744 47.99404 45.06099 18.73466 0.02483 26.6887 46.50185 38.28012 10.07797 10.37416 43.44176 45.90898 46.73423 37.60834 35.10945 
1000.0 19.2257 11.29232 10.97482 0.0 15.82897 28.99323 21.19921 46.01657 27.36832 37.82619 48.1195 0.0 22.90175 34.42317 11.29224 32.66971 21.09942 33.73713 24.3608 0.0395 34.76207 39.33035 42.53187 42.303 23.68278 19.36891 35.04208 24.29787 11.35777 34.40801 
1000.0 16.31088 42.38761 45.6076 0.0 43.60967 27.28801 31.00378 29.71718 9.86996 10.12601 10.2163 0.0 14.87233 39.15449 27.8261 34.15488 36.58422 29.35536 17.75751 0.0382 13.9872 10.88081 24.43993 20.77887 39.14266 18.05818 38.2511 18.6504 24.14387 23.86724 
1000.0 23.81132 27.94943 14.33329 0.0 44.85587 14.9437 14.40423 47.8573 18.35978 35.38683 28.10026 0.0 33.96404 22.03177 41.17565 24.66917 33.93314 43.32682 11.94572 0.02026 42.61472 20.43437 31.62753 16.88567 38.30984 11.2099 28.76985 37.91586 31.89541 13.49552 
