1000.0 1000.0 1000.0 1000.0 1000.0 1000.0 1000.0 1000.0 1000.0 1000.0 1000.0 1000.0 1000.0 1000.0 1000.0 1000.0 1000.0 1000.0 1000.0 1000.0 1000.0 1000.0 1000.0 1000.0 1000.0 1000.0 1000.0 1000.0 1000.0 1000.0 1000.0 
1000.0 22.02899 13.63471 27.70384 0.0 27.24682 17.36331 17.35757 16.69007 14.63057 20.51164 31.70671 0.0 20.51762 10.09725 29.49583 30.65363 21.17908 18.26953 17.25053 0.01679 21.42248 8.01252 22.7741 11.81264 7.04036 27.49136 12.49695 30.37152 17.59414 17.72286 
1000.0 9.90845 31.75774 11.91255 0.0 27.79249 23.20197 27.37747 18.08461 32.15866 11.14547 8.72256 0.0 24.48887 17.55038 30.48336 21.06567 17.2136 19.63201 11.02507 0.01071 15.09552 19.02583 13.7659 26.94684 15.4693 13.50226 20.86618 22.5869 18.03462 10.11773 
1000.0 13.90849 17.75174 27.68391 0.0 24.46371 7.18965 20.52363 16.74356 25.96997 11.76888 18.61179 0.0 11.85595 16.5289 18.88691 19.97819 23.03637 14.82677 28.45036 0.02811 14.95476 26.75517 10.11093 16.33259 22.29856 27.34465 8.27036 28.80062 18.17108 30.12248 
1000.0 0.0 0.0 0.0 12.01404 0.0 0.0 0.0 0.0 0.0 0.0 0.0 22.4888 0.0 0.0 0.0 0.0 0.0 0.0 0.0 0.0 0.0 0.0 0.0 0.0 0.0 0.0 0.0 0.0 0.0 0.0 
1000.0 30.13349 26.01339 6.53531 0.0 21.70799 21.71662 31.63752 19.08553 21.44909 13.70328 28.18123 0.0 23.56167 27.37173 16.61087 16.72323 14.40229 27.00732 14.02842 0.03129 10.39177 28.99955 28.88316 28.25593 17.30706 22.58952 31.31613 14.42317 22.84752 9.42786 
1000.0 11.58563 28.66196 24.03265 0.0 10.96231 28.01433 16.52388 12.15819 10.38248 31.16747 7.42409 0.0 7.39558 17.72096 30.19913 12.65705 20.62239 15.26694 29.14168 0.02284 29.87526 11.34037 10.46656 16.35738 9.82398 6.70684 11.67867 24.89504 30.68804 10.89498 
1000.0 23.31379 26.57484 30.25038 0.0 19.46488 11.06089 7.22994 7.9859 29.99705 11.59271 14.22086 0.0 14.17116 26.14187 6.96713 28.95995 19.64532 25.87162 16.54514 0.03234 31.71159 31.6385 27.95372 22.75292 28.29149 19.38147 8.77328 15.0136 14.6292 25.76459 
1000.0 29.33824 24.51141 15.1371 0.0 11.64709 10.19589 19.89286 12.37272 24.87143 20.82835 12.24293 0.0 26.73712 31.6309 26.86345 25.75899 27.36564 11.98319 11.58148 0.02939 24.19141 10.64061 7.46888 25.16876 11.48235 27.59934 23.40543 31.52746 9.71624 23.68057 
1000.0 22.40673 15.90014 7.5382 0.0 30.28058 8.66241 15.38773 15.97417 16.74177 9.66909 29.01495 0.0 19.81577 13.73952 25.73177 28.63736 11.09872 13.09768 26.79399 0.03318 22.01364 18.91354 17.7528 28.37584 15.84122 7.06857 20.15487 22.13295 18.65493 13.60452 
1000.0 26.18811 30.02675 22.74782 0.0 17.87727 6.84036 22.37335 18.0141 22.5006 19.08899 23.36845 0.0 21.96277 17.36754 25.85593 11.23697 25.56581 21.53351 31.44964 0.01457 27.07602 21.55557 18.04533 21.42638 12.33882 9.58029 11.7108 15.55268 7.25243 26.34868 
1000.0 18.98789 13.23429 16.6809 0.0 28.60652 12.81007 25.78136 15.33454 31.54679 10.00301 10.08516 0.0 20.37924 9.18372 16.74338 10.02319 17.11488 24.47575 28.02827 0.01977 8.55806 24.76008 14.65006 30.54957 13.78124 14.23426 7.68265 30.18849 22.79443 24.11549 
1000.0 0.0 0.0 0.0 18.12541 0.0 0.0 0.0 0.0 0.0 0.0 0.0 25.35458 0.0 0.0 0.0 0.0 0.0 0.0 0.0 0.0 0.0 0.0 0.0 0.0 0.0 0.0 0.0 0.0 0.0 0.0 
1000.0 23.13775 16.147 19.83639 0.0 16.98897 29.0961 23.89552 21.36434 8.55735 20.61064 23.92667 0.0 12.37303 31.81419 30.23303 28.60287 27.78793 24.89265 22.92836 0.01491 24.3145 24.15653 26.89024 22.93616 17.15944 6.46931 29.272 14.6377 14.13165 28.4528 
1000.0 12.92372 27.19548 12.79144 0.0 21.64857 7.14289 11.34594 27.46332 29.23864 11.27691 14.56535 0.0 30.23887 23.28142 24.25319 30.69332 19.29634 11.25213 25.45024 0.03846 10.56054 24.71493 7.43174 18.78072 24.10608 22.75908 10.6397 31.27577 8.4254 13.75643 
1000.0 19.77886 31.62366 15.53904 0.0 18.57283 6.59839 26.78634 14.53301 21.7817 9.89086 19.0589 0.0 28.14137 28.3516 17.97362 17.20991 10.79421 25.02408 12.17539 0.0143 31.99465 27.18791 7.20185 26.72903 8.08742 11.77981 29.69381 9.13025 20.56979 22.79516 
1000.0 19.89991 19.90417 11.78542 0.0 14.90155 28.36717 11.02414 8.76892 9.3066 30.49612 24.39911 0.0 31.74853 9.25023 11.47099 27.44914 31.60361 27.8325 31.91234 0.0229 14.77611 17.95772 12.16929 29.79406 16.01918 18.40913 12.47608 31.83051 9.71532 16.35027 
1000.0 17.6176 12.07963 23.97655 0.0 23.27807 20.65451 8.97823 15.97307 9.47104 23.13714 15.68873 0.0 28.49072 16.91113 22.64775 16.18618 23.09511 16.56589 20.72811 0.02696 12.24082 7.75132 7.98955 16.24711 11.6292 22.57202 29.78181 21.02381 6.46281 31.29775 
1000.0 16.02798 27.26297 11.48461 0.0 13.59325 28.5614 28.32823 30.62974 28.39294 8.21601 15.77555 0.0 11.39612 30.47399 22.10807 26.61573 17.01472 16.71034 17.99925 0.0376 10.13295 30.29952 31.18248 9.65623 8.18538 26.9163 11.16618 8.44306 17.6101 25.05907 
1000.0 28.05201 7.51359 21.15876 0.0 24.16893 7.96104 22.36069 18.74464 22.90964 18.0817 17.21866 0.0 7.87882 23.69414 18.75847 17.19311 25.93818 24.74525 24.56828 0.0124 18.6692 20.5613 25.81124 28.9126 29.72263 28.95485 20.76664 22.42675 13.697 31.56802 
1000.0 0.10977 0.09778 0.07217 0.0 0.13927 0.11921 0.04539 0.1058 0.08036 0.1298 0.14863 0.0 0.13454 0.1054 0.13334 0.14594 0.06995 0.05339 0.10212 31.19756 0.06696 0.15088 0.0377 0.07497 0.04135 0.15257 0.06379 0.08432 0.07412 0.08169 
1000.0 12.67989 12.10878 29.94855 0.0 14.97442 8.96183 9.75013 8.07012 19.017 24.17265 12.64831 0.0 15.74566 13.30391 31.00237 23.7397 29.21405 12.41464 26.2522 0.0313 19.14596 11.65897 28.80978 27.82097 13.65022 30.99585 15.04766 30.88461 25.21181 28.3927 
1000.0 28.64748 24.19764 31.40345 0.0 26.96892 25.44367 29.77317 21.02793 26.79621 12.09713 23.9028 0.0 31.3145 18.84728 28.22894 18.04969 11.38268 26.27572 9.86504 0.03031 17.00273 9.79497 19.26467 21.44874 29.64339 8.53504 13.87288 27.8529 20.54711 21.8625 
1000.0 8.10855 7.21696 8.40154 0.0 21.20652 11.8354 23.29654 29.22836 29.70651 13.66281 16.51365 0.0 25.17366 19.28972 19.86181 10.93256 22.19969 9.51313 7.87415 0.01466 11.4679 6.79171 14.32947 9.02107 20.24211 23.52645 14.68094 13.14353 24.52525 26.30534 
1000.0 25.30909 15.36133 7.3507 0.0 19.17371 9.77054 16.47432 8.15084 23.3096 22.08627 14.63904 0.0 24.58308 29.33332 26.59693 29.98254 24.37551 22.58212 24.46634 0.01597 23.31788 18.25025 24.64366 13.06678 29.52418 15.24705 24.14546 28.36278 10.96976 6.65926 
1000.0 9.24936 21.77138 10.79032 0.0 23.29871 11.35713 25.92154 18.02343 29.93392 31.05076 18.91597 0.0 6.43425 28.3092 10.73115 21.22202 15.81199 11.99012 15.85883 0.03773 27.7793 14.50881 30.26126 21.52972 18.73638 18.32588 16.92494 24.77211 22.17495 19.85725 
1000.0 27.86977 19.28636 6.98014 0.0 24.21644 26.05655 10.3747 23.03204 16.97512 29.42207 17.62738 0.0 21.93318 19.49302 9.00484 8.42939 21.2028 21.23031 16.259 0.02272 21.62324 6.85971 9.24765 20.94874 8.62422 12.21944 21.10235 25.07603 9.66363 13.55591 
1000.0 17.89602 14.09725 29.52989 0.0 16.53226 16.982 29.52637 8.06868 6.73829 26.98111 8.33495 0.0 14.84819 8.4142 13.09789 18.08 26.02038 29.7142 11.59557 0.03841 30.3147 9.08276 12.91843 7.30183 26.01972 26.14535 14.84101 27.0397 9.98644 28.25538 
1000.0 25.06371 9.167 28.4306 0.0 15.35434 22.42501 18.19941 19.89304 25.02222 16.50402 26.82224 0.0 19.94178 9.10597 18.5047 11.52774 17.69156 16.13114 30.38304 0.03372 31.4178 13.70204 26.67002 18.34074 14.48529 14.12093 7.38115 31.53378 16.89184 17.10738 
1000.0 9.9189 29.28874 9.48483 0.0 28.94752 26.20602 30.66266 17.33904 20.43323 23.48355 28.56491 0.0 8.44061 13.28688 16.04746 28.54961 27.0829 21.55217 11.45184 0.02524 14.30539 29.79079 17.60493 17.3564 14.85997 7.84637 23.51128 22.34579 12.47931 17.47379 
1000.0 9.1397 17.57755 18.52905 0.0 20.52115 8.63985 31.96006 17.21037 31.90337 29.08505 15.98758 0.0 19.70912 25.66075 13.75645 20.36232 6.49414 14.07556 27.81122 0.01778 26.08455 31.95677 28.89691 30.34919 16.01071 20.50059 32.12587 8.12679 26.53234 23.64711 
