1000.0 1000.0 1000.0 1000.0 1000.0 1000.0 1000.0 1000.0 1000.0 1000.0 1000.0 1000.0 1000.0 1000.0 1000.0 1000.0 1000.0 1000.0 1000.0 1000.0 1000.0 1000.0 1000.0 1000.0 1000.0 1000.0 1000.0 1000.0 1000.0 1000.0 1000.0 
1000.0 27.09165 20.74298 39.72695 0.0 27.19407 22.26234 29.04501 18.6514 24.43402 17.99556 10.29021 0.0 18.1433 15.63248 39.93904 30.94605 38.24489 11.66371 28.90893 0.02285 12.24609 11.26182 30.83506 26.09062 18.54256 13.04992 35.3949 23.66425 34.36842 21.65084 
1000.0 16.26862 33.93962 18.75111 0.0 21.00714 29.7099 30.02439 15.89872 24.83888 27.4244 37.38411 0.0 21.16447 20.40594 36.12564 11.1501 29.53847 8.63888 37.42996 0.03006 8.39597 32.29839 12.38947 9.08101 12.99481 13.13562 36.96976 30.25775 16.66102 24.89463 
1000.0 30.15334 14.79538 35.904 0.0 32.91687 21.69868 30.13628 17.94486 17.21449 17.97982 36.25699 0.0 40.36566 15.89246 28.25409 38.43474 33.19944 12.69351 11.49897 0.00975 25.87011 36.52819 17.58478 27.61395 17.24526 20.30314 33.17129 9.57403 24.89192 33.82119 
1000.0 0.0 0.0 0.0 27.9327 0.0 0.0 0.0 0.0 0.0 0.0 0.0 36.78666 0.0 0.0 0.0 0.0 0.0 0.0 0.0 0.0 0.0 0.0 0.0 0.0 0.0 0.0 0.0 0.0 0.0 0.0 
1000.0 15.25664 28.78646 38.81622 0.0 28.47387 40.46242 39.05921 12.2144 40.75911 29.12457 23.6932 0.0 22.39099 22.07284 37.82357 33.99885 30.36985 25.67285 14.00553 0.04505 32.08153 30.72079 39.1314 38.29453 33.41328 31.64891 32.65556 28.79067 38.15232 37.46498 
1000.0 15.36643 26.1919 37.49989 0.0 16.21755 18.36092 17.199 11.57332 15.35435 38.69065 33.58147 0.0 31.97055 20.31198 41.00728 8.83863 24.17454 15.40148 12.57707 0.02028 21.30267 15.33095 14.27095 16.06165 13.02462 36.89087 11.8153 41.06304 37.58221 13.87963 
1000.0 14.42282 25.88934 29.09728 0.0 18.49952 36.82435 26.79477 12.39525 14.2525 10.40513 24.62528 0.0 31.73506 20.21808 10.25586 21.82682 19.47318 17.94741 27.8856 0.02904 24.05501 18.84331 11.36782 23.60338 32.03712 24.97867 32.48727 33.05727 24.18162 10.92894 
1000.0 13.05469 19.75679 39.72702 0.0 30.84155 38.15851 10.83205 11.11278 34.79837 28.41152 11.50918 0.0 10.33245 29.78486 16.75526 11.38492 34.47807 19.48365 28.8115 0.0231 30.7417 30.23801 12.83598 36.90745 13.29936 20.32332 27.06397 9.95023 37.92222 33.67982 
1000.0 12.73944 19.74079 11.35381 0.0 31.89896 30.12828 34.84752 9.15688 27.44424 15.9501 20.80514 0.0 32.75831 9.13597 17.10051 25.00911 33.22238 23.27726 11.57232 0.02139 30.19379 21.64771 16.51938 8.55158 10.92636 16.245 27.97324 9.22679 20.55219 15.32125 
1000.0 25.49781 15.3983 29.22906 0.0 18.69419 38.57823 19.11182 13.55415 9.80727 16.8995 8.27724 0.0 37.04242 30.46322 10.76216 15.04723 29.48653 10.31604 16.66598 0.03536 40.15781 31.76529 13.4102 30.95799 12.24031 8.66637 39.83965 13.72936 16.42191 37.92823 
1000.0 11.30753 14.51477 29.64812 0.0 10.09985 20.02187 36.2808 11.32568 28.86969 28.97527 16.16474 0.0 34.36103 28.89191 9.93087 21.61307 40.49039 13.99632 18.10768 0.03849 30.32386 30.0204 35.33748 38.49478 24.23148 17.2474 17.90053 39.35769 29.75635 11.09808 
1000.0 0.0 0.0 0.0 23.83152 0.0 0.0 0.0 0.0 0.0 0.0 0.0 35.05705 0.0 0.0 0.0 0.0 0.0 0.0 0.0 0.0 0.0 0.0 0.0 0.0 0.0 0.0 0.0 0.0 0.0 0.0 
1000.0 37.58238 13.64975 37.28133 0.0 39.90347 13.6811 14.84628 40.98494 14.47381 10.99182 13.46071 0.0 37.76008 37.73174 19.18715 21.50055 17.82935 34.681 13.41994 0.03145 22.93004 15.87377 20.39076 19.56034 21.38087 12.61348 14.57397 33.15652 22.39193 34.96225 
1000.0 9.13314 36.63716 21.71964 0.0 39.6431 24.93626 39.86405 35.637 28.7326 34.87407 12.17071 0.0 36.39816 23.75012 28.10505 12.13496 19.64485 27.78274 15.98511 0.02841 40.78229 38.00686 30.2967 15.18755 27.72599 40.73111 12.66538 24.66829 39.97475 35.20256 
1000.0 20.0348 32.57793 35.57667 0.0 11.55317 21.95508 19.58996 13.89178 36.49098 33.6328 13.23707 0.0 34.35804 9.00903 34.72744 37.83773 16.77024 20.08677 20.44739 0.03449 35.9498 9.41794 17.7381 33.26152 21.91357 23.58475 34.55712 15.47522 30.45493 23.55988 
1000.0 33.59343 25.70526 33.7134 0.0 35.3418 10.93724 24.70694 17.58604 27.05068 17.23172 24.64601 0.0 36.85902 26.57151 36.9223 40.71013 39.62382 37.41855 29.35563 0.02496 11.31898 12.12363 30.83509 32.26814 36.33109 25.99139 14.18552 21.53566 15.19146 24.53603 
1000.0 26.15366 24.18024 29.26936 0.0 40.42126 8.33822 33.55349 33.63332 26.48619 10.01131 15.02542 0.0 16.73312 16.60833 8.24537 24.44103 40.44269 9.71882 30.28417 0.02379 40.83311 19.13723 25.19409 20.46758 29.7034 24.17959 33.3777 30.38652 34.91846 24.35289 
1000.0 32.11193 9.97187 18.12463 0.0 27.54064 31.76227 26.71149 32.86702 39.24033 18.98558 16.14753 0.0 22.58511 20.47177 20.51302 18.80007 19.08199 12.56853 17.26547 0.03656 30.92607 18.1768 15.639 30.00206 32.0522 33.67608 37.58938 29.94228 19.80711 11.66649 
1000.0 11.34859 40.63887 37.10092 0.0 35.81694 35.82231 36.1777 39.02902 22.81045 28.16281 40.60104 0.0 16.01207 31.26647 23.96448 20.04687 11.72265 21.44786 14.75251 0.0213 32.24989 18.05634 28.99491 34.09911 21.76788 36.00852 16.36903 17.19866 33.33269 28.93405 
1000.0 0.11724 0.17953 0.14506 0.0 0.16953 0.04988 0.04673 0.04652 0.03999 0.08849 0.07969 0.0 0.12406 0.05598 0.17102 0.11523 0.06191 0.14452 0.17525 14.12169 0.12676 0.14264 0.04705 0.18019 0.15446 0.10541 0.10927 0.04063 0.04461 0.16835 
1000.0 38.52603 25.73511 36.46077 0.0 37.75994 37.19381 9.0796 11.11807 13.7968 38.85621 12.75731 0.0 36.89407 18.94805 26.0415 33.41586 34.70508 34.58493 12.99152 0.01737 32.18458 17.37298 15.38448 30.27065 11.87429 35.2602 15.04641 31.0031 16.32441 22.41342 
1000.0 34.38306 25.75096 36.59568 0.0 11.88682 36.21206 14.63244 10.75191 30.84195 14.74645 9.69331 0.0 38.52929 9.11092 18.59197 33.59085 10.53277 25.69938 33.57759 0.02482 26.01613 24.13403 30.69008 20.15188 20.53707 13.1379 27.87628 33.16145 13.5126 10.98261 
1000.0 31.06921 31.02296 30.72567 0.0 33.57164 14.92089 12.36614 31.22912 19.5527 33.69394 18.38702 0.0 27.31549 26.59211 11.8857 10.71954 37.67433 23.82575 35.94945 0.0291 9.6256 36.86531 16.35138 11.41667 40.85868 13.04917 34.04931 37.69758 36.34766 23.71693 
1000.0 40.37198 14.8446 29.69319 0.0 36.90652 14.1599 26.39858 14.67182 22.35068 39.30773 18.80597 0.0 33.84259 27.95218 16.19851 9.33996 38.88749 23.83016 35.38527 0.01677 11.1051 31.39291 29.59973 12.47184 34.94325 10.60143 39.5833 22.87705 25.61198 32.2056 
1000.0 36.50572 15.08211 35.24066 0.0 35.89864 16.38136 19.05674 22.1177 38.40578 32.43919 9.98288 0.0 36.89866 36.63462 39.98229 12.41112 9.69822 19.62436 26.77065 0.03075 20.53142 8.28031 16.89521 31.50297 21.46385 25.60238 33.78705 11.69198 14.1307 11.08653 
1000.0 13.44178 31.61621 25.23245 0.0 9.21278 39.27238 9.50668 34.77114 37.53812 16.25778 17.91586 0.0 14.93799 35.76084 16.83515 37.78439 29.63974 32.70519 16.94778 0.03644 36.42905 22.32825 34.02305 38.14912 19.72946 20.73826 33.14587 11.01024 40.43676 35.1442 
1000.0 38.45049 36.30644 25.02672 0.0 29.85275 39.64524 24.81157 36.06727 21.32524 15.39603 35.29831 0.0 11.98526 21.48355 16.31769 19.111 31.82775 40.30805 27.03626 0.01412 19.14668 10.46071 19.66966 19.01835 39.0893 36.21598 39.24696 33.16512 40.50912 8.60136 
1000.0 32.99624 20.71914 20.83132 0.0 9.11026 23.37548 32.01708 35.97918 41.05774 23.66572 20.31854 0.0 15.46544 25.55869 31.69607 10.79199 16.27265 17.55932 22.01563 0.03212 16.16939 21.0064 14.90204 30.44001 25.50317 18.36169 34.15302 34.96326 38.67582 12.04347 
1000.0 28.97042 20.01986 12.45765 0.0 23.19398 30.70894 13.26815 15.95007 10.55155 11.42275 16.95165 0.0 24.33326 20.55309 27.03489 38.52642 33.21048 38.02844 21.45986 0.01813 28.8289 34.12175 30.51636 20.58449 19.74834 34.06091 18.18054 28.21097 24.41638 36.17837 
1000.0 34.51692 21.28518 14.34211 0.0 31.63137 25.23648 27.84605 8.34753 14.8046 32.43938 11.72474 0.0 18.70503 10.49737 32.22113 32.41818 17.67734 15.31742 40.95729 0.03457 29.77644 23.33578 26.16472 11.87217 20.53422 40.98641 13.86592 23.03432 40.53743 34.16774 
