1000.0 1000.0 1000.0 1000.0 1000.0 1000.0 1000.0 1000.0 1000.0 1000.0 1000.0 1000.0 1000.0 1000.0 1000.0 1000.0 1000.0 1000.0 1000.0 1000.0 1000.0 1000.0 1000.0 1000.0 1000.0 1000.0 1000.0 1000.0 1000.0 1000.0 1000.0 
1000.0 19.67719 34.37724 28.97198 0.0 15.19619 19.4847 30.32733 18.43477 28.46225 9.61985 14.8829 0.0 34.98641 38.15265 20.87003 36.75956 31.74729 27.54331 8.04154 0.03429 24.99168 27.93235 18.90048 34.34182 22.36417 7.88127 18.31749 28.79659 21.61197 38.37647 
1000.0 31.6925 29.78941 19.54075 0.0 20.06587 23.36606 27.05244 11.03109 25.01318 8.13683 21.74651 0.0 27.85996 34.77575 36.35304 31.68409 15.54506 32.91003 7.7723 0.02983 22.92225 31.50496 9.96744 22.74539 17.65648 8.0088 8.19969 33.43044 33.66369 23.20769 
1000.0 15.31856 19.24667 11.51712 0.0 7.80337 25.38763 12.17012 13.11898 13.41334 33.52347 34.40275 0.0 11.0203 19.03726 37.51528 22.63468 20.56362 26.55389 25.74751 0.02931 33.29825 32.00237 13.91262 18.75644 12.61909 10.09907 21.28746 14.78139 9.33095 9.74498 
1000.0 0.0 0.0 0.0 12.20072 0.0 0.0 0.0 0.0 0.0 0.0 0.0 9.04924 0.0 0.0 0.0 0.0 0.0 0.0 0.0 0.0 0.0 0.0 0.0 0.0 0.0 0.0 0.0 0.0 0.0 0.0 
1000.0 14.45331 24.30874 30.15866 0.0 24.44269 13.30973 22.32399 27.30694 22.00171 37.20573 29.99554 0.0 16.19505 14.22206 31.43605 23.50753 38.17802 35.33346 21.62249 0.03319 33.71401 12.73072 15.97863 38.72623 22.83457 25.26859 19.86342 19.06089 18.90433 13.85763 
1000.0 34.99382 18.51794 28.9586 0.0 36.69534 30.30834 16.84679 10.4054 37.3682 8.78913 24.4784 0.0 14.23909 23.69634 13.57982 20.44104 16.34909 35.76807 33.21726 0.01349 9.45914 31.55632 29.90821 15.90811 13.10561 38.37462 36.87528 21.9154 20.37052 33.46148 
1000.0 27.36823 24.44059 12.41701 0.0 32.9919 14.76583 19.67437 15.11921 34.91206 16.74185 33.64441 0.0 19.17016 30.07339 19.06121 18.45146 13.22011 19.13733 37.30893 0.04054 37.9673 9.2296 23.18273 10.76838 11.19079 23.44734 26.09449 17.37667 17.01102 38.19241 
1000.0 20.58568 14.84676 32.01307 0.0 12.98761 20.27851 32.12758 34.00883 34.88845 20.31141 29.19047 0.0 24.6649 27.13658 33.23193 9.47191 37.49425 38.42767 31.7636 0.01956 36.66173 8.74017 34.34138 20.50755 15.76024 38.12599 10.16227 31.77491 26.31235 38.36392 
1000.0 38.73367 25.58119 33.94142 0.0 22.87251 23.36703 13.91263 29.65494 31.32908 15.59538 13.37486 0.0 25.85164 24.6339 28.51556 29.14964 9.18563 30.76925 27.49661 0.03867 12.70336 11.86897 33.37634 17.79364 12.99893 35.43564 27.88666 27.2398 34.51885 16.86121 
1000.0 34.58601 10.52893 34.05121 0.0 13.67484 29.68134 37.7023 32.21474 21.7662 25.81753 21.80627 0.0 18.68343 31.92757 24.64893 35.63962 32.3668 34.00609 11.28124 0.03194 12.38007 19.38615 29.76942 24.1482 8.9897 14.49152 38.59692 12.90511 25.93433 19.72405 
1000.0 14.68494 22.8582 20.87822 0.0 24.62123 15.60743 11.44011 21.73123 37.29188 37.62683 30.97582 0.0 23.83599 24.91351 21.31597 31.82821 28.18579 27.28498 29.68158 0.01782 18.36955 33.42214 35.14349 24.98423 27.8379 10.52391 16.00371 27.8477 27.29914 14.49173 
1000.0 0.0 0.0 0.0 23.17255 0.0 0.0 0.0 0.0 0.0 0.0 0.0 34.93345 0.0 0.0 0.0 0.0 0.0 0.0 0.0 0.0 0.0 0.0 0.0 0.0 0.0 0.0 0.0 0.0 0.0 0.0 
1000.0 38.65713 20.51195 8.8195 0.0 30.54764 29.2466 11.7583 26.43246 27.54742 24.02235 26.71155 0.0 21.61755 35.024 23.60844 20.26624 27.12447 22.72764 31.97742 0.02123 35.07926 12.6637 19.60898 33.71283 38.64332 8.40074 13.33564 13.89683 22.62692 29.87328 
1000.0 34.03503 20.09471 31.62384 0.0 14.65025 11.68103 15.31741 25.6736 17.55926 29.16611 8.85695 0.0 23.34558 36.9943 22.40454 11.32365 22.26629 31.61601 25.50392 0.00903 28.42014 18.30602 36.72877 28.47022 13.59324 10.52601 16.46981 36.50485 8.40052 9.09628 
1000.0 8.53771 35.15607 35.52096 0.0 26.12064 11.01122 14.82052 27.91982 12.5128 37.07465 16.47777 0.0 19.52416 27.30221 38.35717 23.43478 15.33586 17.4606 14.6117 0.02609 14.87476 29.54742 28.99129 15.05916 34.03477 22.57842 33.29424 35.89069 28.42403 26.37884 
1000.0 36.06635 11.48142 10.80092 0.0 13.7216 17.38808 36.32768 29.67594 30.58467 10.11914 19.20217 0.0 14.51373 13.03762 9.45827 35.67239 34.29094 10.46715 35.14185 0.03054 17.08217 19.21295 18.72638 35.81888 9.1227 13.26465 35.66509 10.6762 9.70019 12.72157 
1000.0 30.73816 21.00957 25.52784 0.0 36.22294 15.32833 23.23497 16.41963 33.29796 31.6341 30.17923 0.0 34.7903 36.55911 12.53027 21.94676 28.9818 26.32557 12.25464 0.01226 10.48585 36.61767 8.16089 20.20421 28.0496 10.13144 18.78941 33.84037 14.14378 30.91477 
1000.0 13.25268 29.10236 37.49789 0.0 8.35653 16.09203 30.62149 22.67295 29.69454 26.992 15.83425 0.0 30.91343 18.66823 18.46097 34.17109 15.77558 21.74333 8.65275 0.03173 26.86155 33.30907 36.20718 9.87979 33.93594 37.65218 25.36686 34.86218 28.64714 21.5665 
1000.0 28.96706 22.87054 18.97367 0.0 38.60964 35.48279 24.88755 23.5393 35.4045 17.41178 26.82318 0.0 38.1582 34.75585 17.83184 37.02879 26.67802 8.40917 38.50116 0.02178 15.8413 36.69326 8.24746 8.86131 23.48681 36.36354 15.01628 24.59537 24.24341 14.53278 
1000.0 0.08583 0.09031 0.06463 0.0 0.11817 0.16986 0.15943 0.11795 0.12468 0.14694 0.05996 0.0 0.12484 0.05864 0.05036 0.16312 0.04851 0.06749 0.11153 32.73228 0.10471 0.16251 0.046 0.12011 0.15882 0.14473 0.0833 0.10325 0.09435 0.15212 
1000.0 14.50662 22.58445 28.28602 0.0 13.51385 16.74102 14.90947 21.51382 25.79096 12.18925 30.25805 0.0 33.86913 14.68132 11.66227 34.71215 26.53901 25.97714 25.08378 0.02701 21.05359 23.17007 14.03567 29.38202 31.97142 38.13153 19.77598 10.16049 35.34277 8.81328 
1000.0 28.90638 10.77144 28.1467 0.0 11.65088 32.09401 9.96789 31.24244 8.30603 32.32776 8.51815 0.0 13.90237 14.53045 30.20617 37.06242 27.16409 23.12206 13.5909 0.03016 23.80762 38.2786 11.89765 26.95463 18.55964 36.36191 9.69182 32.81492 36.74539 14.23239 
1000.0 17.85367 34.0156 8.06607 0.0 18.77204 14.78468 25.70815 8.53044 10.48919 37.64651 14.1348 0.0 10.1443 28.12578 10.86798 31.53248 19.81993 16.78444 24.98964 0.02406 25.87895 20.81129 37.28317 9.88647 17.65568 34.36703 14.23838 35.70185 34.33582 34.62021 
1000.0 36.71928 12.59061 8.11308 0.0 33.27651 10.4558 9.80149 12.44071 32.62636 36.12187 34.22364 0.0 11.11997 16.73229 20.94088 11.71433 30.02273 37.60881 8.91355 0.02479 22.97794 33.8103 10.13978 19.21497 26.92691 30.7813 10.65843 36.30392 32.09338 9.2294 
1000.0 34.92419 16.84375 24.94669 0.0 37.74483 36.71188 30.58669 38.55029 9.03122 29.42395 18.9988 0.0 28.16064 11.40534 17.64685 37.55667 9.05824 23.58334 23.83535 0.02571 14.0646 11.75441 15.83692 25.20859 18.05462 9.04735 21.75386 27.78532 34.26522 7.975 
1000.0 25.79628 14.03094 33.81258 0.0 23.74281 21.31123 14.89882 34.51075 31.34047 16.94958 33.55987 0.0 35.1038 38.43046 30.06082 33.98596 29.15238 26.30388 31.06022 0.0359 14.44106 35.71756 8.96574 20.11642 35.26392 8.65896 32.3069 18.76266 17.53664 38.44198 
1000.0 9.32146 37.66241 37.32103 0.0 19.01751 14.50267 21.04792 15.62329 21.67371 24.83819 19.00904 0.0 36.13894 15.69318 33.72862 20.79335 15.47877 28.15534 25.47629 0.01538 37.92059 16.07347 30.20446 11.85247 8.51068 9.76823 26.38404 18.45988 18.30248 29.91551 
1000.0 20.99528 9.98749 17.12684 0.0 36.32489 38.55129 28.54184 34.96594 12.45571 16.35218 19.52838 0.0 20.11283 28.09972 33.44051 11.84943 30.02751 19.26138 12.44768 0.01278 36.8113 12.28526 31.89597 36.33541 12.96315 19.54323 11.79483 24.82987 14.69763 28.58542 
1000.0 33.84197 37.24796 13.01638 0.0 16.8777 36.24663 15.32158 34.12791 37.00762 14.61184 30.76758 0.0 37.27795 15.53726 36.05337 29.55138 17.8913 11.93826 24.01796 0.03582 14.20219 14.09212 28.77053 37.39914 31.56634 12.03999 32.19833 26.53971 19.83134 22.25633 
1000.0 37.14418 21.37599 38.19543 0.0 37.06035 10.85113 18.31299 34.13197 35.29358 38.015 35.6912 0.0 14.50327 24.34905 10.65793 33.97752 34.42113 13.00752 34.86327 0.04388 17.58727 21.80169 38.79832 22.92399 8.35959 14.8147 18.492 9.53468 29.86906 19.19479 
