1000.0 1000.0 1000.0 1000.0 1000.0 1000.0 1000.0 1000.0 1000.0 1000.0 1000.0 1000.0 1000.0 1000.0 1000.0 1000.0 1000.0 1000.0 1000.0 1000.0 1000.0 1000.0 1000.0 1000.0 1000.0 1000.0 1000.0 1000.0 1000.0 1000.0 1000.0 
1000.0 35.50194 13.68889 10.10075 0.0 26.11168 23.11162 42.35758 21.47907 44.90475 29.7703 28.10916 0.0 24.4177 30.2296 14.22975 23.24663 40.03419 38.99477 25.23548 0.02891 44.36356 38.25621 14.51372 39.27806 12.27491 37.99359 36.61189 32.1445 43.20558 25.46715 
1000.0 24.2998 19.40119 24.00513 0.0 22.97163 38.1058 19.75755 11.501 30.68345 32.88926 33.83544 0.0 30.32198 13.98171 34.53794 33.61731 15.25658 39.33932 26.29958 0.01247 38.21563 36.98919 14.24194 10.024 45.21193 26.6217 43.21275 17.9342 40.4299 16.59047 
1000.0 42.12658 16.13498 23.48456 0.0 34.35786 37.01151 16.6721 22.94954 18.63769 30.04234 14.41869 0.0 10.14632 21.86245 15.9108 15.93389 14.04646 19.03919 21.57499 0.04421 33.49153 34.43239 30.14952 41.05895 20.06837 19.18092 43.01745 22.31309 35.16874 42.17259 
1000.0 0.0 0.0 0.0 18.68648 0.0 0.0 0.0 0.0 0.0 0.0 0.0 41.56058 0.0 0.0 0.0 0.0 0.0 0.0 0.0 0.0 0.0 0.0 0.0 0.0 0.0 0.0 0.0 0.0 0.0 0.0 
1000.0 18.43889 11.42517 28.39735 0.0 14.13859 15.50933 10.14632 15.8618 9.24484 18.28248 25.98096 0.0 22.35257 23.59315 38.39855 36.51327 13.55303 37.39834 33.17522 0.02448 23.91565 26.65727 17.34566 21.40602 20.02979 16.03217 39.47256 34.03775 11.49572 43.00885 
1000.0 25.62408 38.49834 10.57913 0.0 39.7826 42.44067 45.64293 34.15966 11.41145 41.23923 19.10752 0.0 41.41199 34.19285 16.41095 16.25359 42.60239 42.68059 40.27207 0.04693 37.9858 31.24627 32.36817 43.43626 37.70802 37.3527 20.91994 30.86284 12.75962 38.12541 
1000.0 16.66612 39.26017 26.374 0.0 33.41983 18.33408 23.34706 40.67079 41.59333 15.92565 16.12876 0.0 34.97796 43.5878 24.24192 33.14974 29.06015 14.23881 11.86334 0.01253 34.6528 18.1339 34.10174 40.30767 33.23727 36.02489 21.21993 27.17707 20.63967 36.39209 
1000.0 27.83304 45.42819 14.20151 0.0 28.0014 34.94174 26.99211 37.32053 34.21226 36.17518 33.67709 0.0 38.08195 38.62186 31.64166 30.18899 34.08686 14.85302 35.60475 0.03109 16.04382 11.53537 9.23247 17.27204 26.03265 15.01405 41.07669 30.32839 31.93295 38.17835 
1000.0 31.88619 36.15684 25.3527 0.0 31.69197 43.75695 28.16452 25.53479 43.02253 15.8246 19.44529 0.0 39.74536 41.76639 37.35129 41.00081 37.51361 31.93818 42.75777 0.03714 14.52208 33.58422 15.67851 20.55409 40.92295 11.01245 29.52374 22.90403 30.8643 13.78693 
1000.0 45.0243 41.74928 39.78373 0.0 9.92062 26.35797 43.48787 13.65223 19.44358 33.12856 14.56319 0.0 33.20281 10.68 29.12737 19.09487 20.14447 26.23221 30.44035 0.03366 34.18315 40.45352 25.3943 19.55964 22.62149 9.3605 24.87731 21.94731 30.73507 23.66798 
1000.0 13.92772 28.07935 9.63577 0.0 15.05849 36.86145 15.55332 18.85141 12.47828 10.48506 45.04663 0.0 24.3974 26.06102 44.37208 24.48987 24.3472 13.32877 9.22616 0.0426 39.36895 16.40638 29.937 26.90983 12.92955 39.38926 33.40119 45.02777 14.594 38.24644 
1000.0 0.0 0.0 0.0 35.6596 0.0 0.0 0.0 0.0 0.0 0.0 0.0 43.09302 0.0 0.0 0.0 0.0 0.0 0.0 0.0 0.0 0.0 0.0 0.0 0.0 0.0 0.0 0.0 0.0 0.0 0.0 
1000.0 24.206 19.39269 43.32318 0.0 37.414 33.49039 32.97935 13.2843 20.75081 30.46236 25.92192 0.0 35.63528 19.50816 24.97075 32.845 19.08723 19.92688 15.78549 0.04584 13.92632 38.36046 25.24525 44.66701 25.70959 25.79525 40.60442 11.03904 37.25486 17.67811 
1000.0 23.82955 14.51751 14.39035 0.0 15.42219 37.76245 16.45771 28.14313 12.8028 10.21353 18.30134 0.0 17.70156 25.3506 14.71753 17.17402 17.4408 41.09673 42.25194 0.04758 35.09252 38.54939 25.51151 20.22022 38.9658 17.03283 21.83663 14.72843 12.32942 44.72481 
1000.0 41.14812 34.5819 11.68561 0.0 10.36326 18.97654 9.86133 35.39924 27.5158 13.75035 39.23122 0.0 10.70295 42.30827 30.79092 16.34253 45.5009 11.3663 25.28594 0.02828 41.67748 22.24235 29.91533 45.59198 44.85273 12.67903 9.30099 19.47188 27.92043 42.20026 
1000.0 38.53827 15.22517 43.79926 0.0 25.0639 9.57829 36.69653 36.58808 18.00275 20.25785 36.3121 0.0 25.22264 22.84354 18.98428 14.64965 17.96979 14.6104 16.0619 0.03094 45.61415 21.42432 45.59568 19.22735 35.38401 42.17409 17.89697 39.11787 27.52865 10.82281 
1000.0 16.0621 13.46476 45.12856 0.0 26.79966 11.91981 36.20003 9.70715 45.80706 31.9848 22.05511 0.0 39.36884 41.61567 29.66319 40.47271 17.71875 16.82862 15.31053 0.04723 30.62279 38.57918 43.66652 27.95414 15.29395 35.93803 28.51695 26.94113 11.63677 10.1748 
1000.0 24.56109 30.64548 34.22252 0.0 39.86119 38.93915 14.00368 26.58795 41.20751 22.60998 11.02373 0.0 30.4179 37.51641 11.10071 43.95754 43.66942 45.00477 41.44019 0.03614 25.75839 22.44558 38.70567 12.75925 44.7975 18.18397 21.27833 29.21501 32.65847 34.93642 
1000.0 30.99241 40.04786 11.69564 0.0 10.5573 34.09907 15.54222 32.64468 28.83134 35.95057 43.73348 0.0 13.93428 44.77097 41.92423 34.14062 36.54456 18.04134 45.66017 0.04493 11.73855 12.50949 21.57982 30.77732 39.59218 38.40376 14.09137 39.99334 22.24321 38.37988 
1000.0 0.08403 0.08189 0.1642 0.0 0.11406 0.14218 0.1822 0.11965 0.06107 0.14851 0.05731 0.0 0.12968 0.10484 0.08753 0.14317 0.11172 0.14351 0.16572 15.49899 0.13499 0.18822 0.07805 0.05412 0.17117 0.15256 0.0568 0.06457 0.16917 0.03923 
1000.0 30.62606 42.2349 18.27531 0.0 40.12594 27.75349 17.08397 37.27854 23.24951 35.39328 27.03209 0.0 35.76533 20.509 18.82425 16.17716 38.04745 21.21928 40.78225 0.01533 15.65948 21.54124 44.34512 27.01273 13.37606 27.25468 40.01854 21.06282 29.86902 10.05723 
1000.0 15.61103 19.72233 12.74567 0.0 10.51848 41.16313 37.35798 29.1438 41.529 15.38204 14.35609 0.0 15.70855 44.13667 36.53805 12.13116 33.75041 13.35802 16.57182 0.0112 36.0211 9.22709 18.96756 25.12474 30.74182 36.05822 22.8833 43.07398 45.55865 20.70411 
1000.0 25.704 25.53459 21.25862 0.0 41.78999 43.72342 20.19281 43.87547 33.43907 44.75378 17.00603 0.0 21.35727 36.73787 30.11047 27.35192 36.47614 29.12021 20.31006 0.0331 43.95563 33.92336 39.157 21.04302 18.73628 14.93302 21.05447 9.26322 29.11091 17.12937 
1000.0 33.42796 23.11431 38.68092 0.0 17.98987 41.49338 24.68809 17.59964 33.78346 43.879 21.44566 0.0 38.36028 17.89041 20.73428 10.12294 12.85126 33.47752 44.85967 0.01744 24.99703 15.37905 40.13725 28.39579 15.34108 43.1828 20.92692 44.48306 41.36017 27.31174 
1000.0 12.9317 39.57384 40.72158 0.0 16.50921 10.88209 16.1344 32.53625 40.65358 31.29186 9.69178 0.0 32.4776 36.36135 22.93588 18.65024 16.46143 42.67349 17.07335 0.01864 25.42257 23.44793 19.73613 22.506 22.08744 10.8404 40.06015 38.88972 11.28572 18.49705 
1000.0 30.59125 40.04409 40.89099 0.0 24.09853 22.02354 22.84299 27.60066 43.32516 18.79541 24.81617 0.0 16.06958 17.01493 43.55828 41.48698 31.86948 39.19008 42.24532 0.01241 30.3906 23.03604 31.49162 12.60813 21.9592 27.31152 17.56954 45.34529 38.50824 31.38121 
1000.0 14.78279 20.35356 10.09908 0.0 10.88804 18.18177 37.936 21.04681 37.99307 34.77641 33.56756 0.0 32.35656 9.21211 32.07222 42.39132 38.64976 21.49437 11.53608 0.02211 31.28207 13.86465 28.20687 18.58399 41.40305 40.20685 11.4639 18.03755 10.56216 32.77308 
1000.0 39.92127 12.6361 35.29506 0.0 35.90439 16.57292 39.13918 12.65532 37.86084 17.63804 20.08378 0.0 34.49227 29.17258 11.49813 40.48085 16.93675 42.54411 32.86774 0.02366 25.47446 38.1224 21.46476 40.48455 32.50065 18.43988 43.85796 10.0334 33.1571 34.57514 
1000.0 32.81948 35.37355 40.50696 0.0 12.0998 31.14524 12.47801 28.61099 34.84415 40.02713 22.42088 0.0 31.40838 29.97862 34.22525 24.30678 43.17003 12.01493 30.67924 0.02585 43.52084 23.29462 22.64565 40.21567 19.57121 12.28694 10.13859 43.28983 30.23473 17.92638 
1000.0 35.58305 24.60201 29.88217 0.0 26.18665 30.4199 17.64941 15.14996 35.11684 17.67488 15.30653 0.0 30.84062 35.84591 27.89265 36.03253 27.52331 16.78883 41.40039 0.0244 31.50772 29.71016 32.38612 25.45936 34.91833 11.07391 42.16706 31.0283 10.01946 35.20948 
