1000.0 1000.0 1000.0 1000.0 1000.0 1000.0 1000.0 1000.0 1000.0 1000.0 1000.0 1000.0 1000.0 1000.0 1000.0 1000.0 1000.0 1000.0 1000.0 1000.0 1000.0 1000.0 1000.0 1000.0 1000.0 1000.0 1000.0 1000.0 1000.0 1000.0 1000.0 
1000.0 24.08204 24.9909 22.48521 0.0 35.04218 29.03755 24.19834 29.44077 20.30397 32.61216 18.61041 0.0 33.76498 35.60545 21.35484 11.39096 15.32227 21.05815 24.68887 0.04408 30.51806 10.14521 37.30717 13.03661 35.40928 18.1328 25.1349 17.93809 32.87665 30.25401 
1000.0 37.08518 21.83717 25.17128 0.0 15.04555 39.15565 36.13203 22.15234 21.1511 26.82661 24.93372 0.0 10.2681 10.44828 25.96005 20.58228 31.38507 36.16992 9.56216 0.02068 35.27261 8.12454 17.54254 18.7789 30.6971 23.77947 12.03649 33.87551 9.36841 29.30742 
1000.0 21.74671 26.66583 11.62617 0.0 13.16188 20.63491 16.73654 22.90963 26.40198 29.83665 26.25615 0.0 34.64159 17.3729 27.33684 25.04196 36.48833 26.97446 20.35426 0.01649 11.28942 14.42028 24.51356 11.28416 8.63805 32.4283 24.79646 38.14611 16.08625 34.37353 
1000.0 0.0 0.0 0.0 23.75461 0.0 0.0 0.0 0.0 0.0 0.0 0.0 37.49215 0.0 0.0 0.0 0.0 0.0 0.0 0.0 0.0 0.0 0.0 0.0 0.0 0.0 0.0 0.0 0.0 0.0 0.0 
1000.0 38.33621 19.40884 25.26695 0.0 20.49344 21.73048 36.91212 12.34845 22.09044 33.75655 13.87011 0.0 11.01911 8.44309 12.4758 15.90407 28.59727 15.03991 12.15347 0.01011 30.11715 35.6902 27.47155 30.87446 29.94701 22.26604 25.69835 18.49005 22.60898 21.3766 
1000.0 31.11781 31.01983 7.84648 0.0 32.75909 24.0668 16.38934 33.08896 12.3106 17.57732 31.13644 0.0 16.21711 23.86028 27.25888 23.48495 30.14244 25.12378 16.09702 0.01952 25.07481 34.32284 21.51697 25.85091 23.28193 33.35132 27.71665 14.78805 16.18156 9.39573 
1000.0 18.27033 16.0519 38.28588 0.0 19.89232 38.93663 15.80074 21.65502 8.52129 24.73588 27.41324 0.0 23.38272 10.31802 9.86486 13.20364 11.4028 28.76987 38.2916 0.0151 32.95595 32.14331 30.5114 29.39926 32.14524 21.36288 14.99232 38.80932 38.42952 20.30693 
1000.0 22.09477 39.00186 15.35161 0.0 29.10917 20.79727 32.99896 27.58608 10.50769 35.7923 28.37458 0.0 24.76702 8.51075 9.56482 29.40811 36.32871 10.78841 29.75443 0.02261 32.98869 38.27637 33.90239 20.23186 20.19573 37.49553 27.29132 17.55589 26.4876 22.76092 
1000.0 22.03308 17.96075 10.27446 0.0 26.98439 17.40698 11.83968 13.32357 36.71448 16.47442 38.07865 0.0 16.07836 25.96487 7.93323 27.56268 32.45335 19.47368 19.17837 0.01806 19.45563 34.42203 12.62125 28.3564 12.20834 36.61918 26.36947 14.56347 39.09024 9.27858 
1000.0 22.96205 28.07226 34.33155 0.0 36.28709 15.57851 16.44288 11.59775 23.51494 32.2462 11.15869 0.0 34.17306 15.47902 33.94769 25.97152 11.38527 21.83914 18.49677 0.0102 11.5437 29.66748 31.49016 36.40464 29.9503 29.22694 14.18211 10.91906 17.9169 36.73308 
1000.0 24.86375 38.18597 16.10583 0.0 23.52767 31.98399 30.0991 23.18713 23.45587 34.35278 32.88358 0.0 22.40655 35.7201 17.49128 27.79518 12.9961 16.27602 15.127 0.01203 37.01748 27.01748 37.21994 25.72159 23.73089 21.05758 29.84946 15.86597 29.72689 33.74971 
1000.0 0.0 0.0 0.0 35.51917 0.0 0.0 0.0 0.0 0.0 0.0 0.0 10.65507 0.0 0.0 0.0 0.0 0.0 0.0 0.0 0.0 0.0 0.0 0.0 0.0 0.0 0.0 0.0 0.0 0.0 0.0 
1000.0 21.08248 32.33676 26.00293 0.0 20.41659 10.01114 18.31356 23.08158 18.37686 33.73103 23.28762 0.0 35.20326 25.24186 33.01612 27.8137 25.85188 24.08941 15.83537 0.02311 19.90266 25.77053 32.22762 36.68826 38.62214 38.94364 19.68014 15.55523 36.95666 28.05097 
1000.0 12.53377 8.66452 25.80063 0.0 27.47029 20.42127 11.42867 30.61617 10.23019 32.60747 28.11394 0.0 16.51583 18.50086 8.96076 31.57046 38.71394 8.42473 37.07479 0.02867 23.98504 22.00302 22.49916 34.68479 24.3928 38.73596 25.0192 38.15038 16.61715 25.24777 
1000.0 22.55311 33.48154 18.93322 0.0 36.82807 23.1347 24.05722 21.09258 15.95645 14.01289 14.82836 0.0 26.28264 23.33794 36.79681 28.17072 27.33869 31.85792 38.50652 0.01867 37.31626 31.79687 12.33704 8.95623 34.44034 27.27926 23.56883 16.28497 21.93324 16.31468 
1000.0 19.996 23.05762 19.63886 0.0 32.51765 21.9486 20.08847 11.73294 20.43553 18.23459 34.19567 0.0 20.54469 33.22037 22.4904 38.51575 37.64697 22.22353 8.92714 0.03658 12.32399 37.60896 26.32357 24.88941 18.18553 20.4374 38.57695 24.68402 34.40583 24.26993 
1000.0 11.38488 33.6623 35.86189 0.0 23.16611 10.87397 17.72312 30.62911 13.10251 23.62174 11.00239 0.0 20.29506 14.54463 12.38881 16.24107 38.38838 38.83385 35.50355 0.02845 8.30211 9.57189 28.2735 26.8657 24.51088 14.59524 28.81903 27.38526 10.92339 36.48122 
1000.0 21.57042 31.74035 16.06296 0.0 30.01917 8.81399 36.28063 20.14231 33.30844 12.87874 17.45477 0.0 22.22367 16.27943 25.05869 9.05655 20.69725 30.80059 8.23557 0.04245 24.46184 24.36151 11.88126 14.85794 31.09048 39.15661 34.41426 26.50543 16.05016 33.32203 
1000.0 14.60619 35.29471 19.12359 0.0 14.13622 29.34729 32.61161 16.92882 36.21496 32.93232 14.89956 0.0 22.04316 21.44217 29.72044 9.18929 25.31523 11.22769 32.91827 0.0424 36.84689 34.75416 30.32698 22.09155 24.01671 30.63526 28.85149 24.77229 19.95043 32.65177 
1000.0 0.08037 0.04049 0.10575 0.0 0.09795 0.10517 0.16091 0.16313 0.10026 0.11171 0.08273 0.0 0.15593 0.09273 0.08813 0.14482 0.12762 0.09951 0.07992 34.69181 0.06453 0.11889 0.08988 0.15571 0.07992 0.10873 0.11823 0.12584 0.15772 0.15083 
1000.0 9.73233 23.67503 16.19566 0.0 14.22937 20.90426 35.08746 29.90827 10.4483 19.98489 21.59236 0.0 21.73141 15.30331 17.9429 35.39654 29.03939 28.74433 28.01553 0.0309 9.20064 32.79322 21.26344 38.40799 18.14809 19.78848 30.8237 17.73229 15.77118 13.90901 
1000.0 13.79328 10.18588 17.26089 0.0 26.74839 21.16346 12.82692 38.28617 29.51073 18.05247 18.71055 0.0 14.72081 23.66014 18.94503 29.84774 34.12001 12.65694 24.7558 0.04113 39.00459 30.80314 20.52261 27.77315 27.84237 8.13406 26.03719 17.50795 9.20238 21.644 
1000.0 12.24813 22.74214 38.60535 0.0 29.41478 32.04659 18.38234 28.24525 13.73439 36.4672 16.01976 0.0 15.77583 26.46221 33.85871 8.84603 31.51067 27.00526 28.28274 0.02486 29.49969 22.93181 32.99966 31.61214 10.67218 27.6913 19.96132 30.7599 32.12129 24.16909 
1000.0 13.69131 25.20221 31.37003 0.0 35.6135 33.37279 23.32725 26.7199 14.25899 25.16936 12.61886 0.0 13.04435 19.79703 14.31526 30.84444 37.43971 35.11638 36.32416 0.03108 16.00307 31.35969 12.09555 22.26564 39.21824 14.55889 12.90643 30.27543 24.6106 27.08392 
1000.0 26.88732 22.13227 23.294 0.0 30.53908 12.08496 10.9307 7.97503 30.32146 19.83082 23.93595 0.0 23.28626 22.48609 18.62541 25.05545 30.73354 16.58984 26.80606 0.02163 13.76583 26.83608 38.09626 17.1898 30.06942 33.3435 14.25357 35.0063 34.98221 24.32706 
1000.0 8.00685 10.66665 30.37511 0.0 26.54658 36.50599 24.88163 27.46108 32.76505 28.8927 33.90687 0.0 19.64815 11.11168 22.53162 35.21668 19.72517 30.82201 14.05126 0.02913 18.71286 14.72336 32.02608 26.03817 33.45447 15.24449 16.00369 26.60634 33.43587 10.52604 
1000.0 21.54089 18.05704 37.48625 0.0 34.51456 19.56189 29.03763 29.93807 34.91326 14.5156 37.30913 0.0 20.09243 19.93131 30.05127 22.87854 10.95979 9.7398 13.20514 0.04144 28.46641 11.92651 34.34229 17.38105 19.38831 13.15186 9.85355 31.07847 19.79419 11.54949 
1000.0 38.14466 38.11123 29.51614 0.0 17.31074 37.58225 21.42298 19.92442 15.62424 33.10571 19.42246 0.0 25.00771 11.12434 33.81859 29.02937 31.02084 28.51956 9.50386 0.02107 10.8058 34.21304 18.98884 31.34092 22.44772 34.38312 30.42205 18.07362 15.70583 9.72299 
1000.0 10.64926 25.45943 20.05771 0.0 27.95309 18.70503 31.42382 23.86804 18.68358 17.14568 24.39274 0.0 37.33107 32.71173 11.27616 13.81414 11.58863 27.05029 38.28341 0.03453 10.96338 9.36907 37.15132 36.92025 9.85423 24.75534 33.48039 24.4847 25.39052 9.78676 
1000.0 21.29631 21.45728 39.16549 0.0 16.36934 15.02038 34.97501 16.7239 34.59355 15.465 34.30405 0.0 20.29842 31.55528 30.69347 24.86599 18.49266 33.94969 35.05223 0.02377 16.32765 12.39352 25.8506 37.35436 21.32205 29.76495 31.10664 26.98344 8.61965 26.12378 
