1000.0 1000.0 1000.0 1000.0 1000.0 1000.0 1000.0 1000.0 1000.0 1000.0 1000.0 1000.0 1000.0 1000.0 1000.0 1000.0 1000.0 1000.0 1000.0 1000.0 1000.0 1000.0 1000.0 1000.0 1000.0 1000.0 1000.0 1000.0 1000.0 1000.0 1000.0 
1000.0 20.74766 16.77412 20.95759 0.0 28.32177 13.82002 32.1987 29.79768 29.80249 24.54151 20.39038 0.0 10.73249 21.20125 27.57291 16.26704 13.06651 26.68834 8.70894 0.02402 9.08671 6.95544 17.26403 30.55027 29.48389 22.06784 23.79187 10.77402 10.96424 8.06496 
1000.0 31.10071 8.11323 26.57986 0.0 26.55333 13.94891 31.9662 26.99668 16.25545 15.51563 28.37371 0.0 25.89737 7.30127 31.63336 16.49788 23.79172 13.33031 28.25863 0.03612 28.2113 14.18822 10.92714 8.31735 25.66297 30.05515 22.63614 24.8725 24.30675 16.3099 
1000.0 32.00383 13.73096 15.46484 0.0 20.2263 13.26749 8.38543 11.03681 11.52911 17.0937 17.80382 0.0 11.97026 31.55423 16.20146 7.49005 30.08269 13.30687 28.31004 0.03214 28.45168 19.35944 13.17007 29.98054 24.20617 25.33338 22.00997 31.45382 8.75658 30.17659 
1000.0 0.0 0.0 0.0 26.40697 0.0 0.0 0.0 0.0 0.0 0.0 0.0 13.86957 0.0 0.0 0.0 0.0 0.0 0.0 0.0 0.0 0.0 0.0 0.0 0.0 0.0 0.0 0.0 0.0 0.0 0.0 
1000.0 17.83624 11.30206 20.69323 0.0 30.65764 11.62505 13.1234 28.98855 16.5859 22.37436 23.65461 0.0 13.9552 19.68188 25.3157 16.09108 10.72208 9.94737 15.1386 0.02443 17.74944 26.992 13.24513 7.87446 30.7225 17.89266 20.09065 18.62233 13.10731 20.79473 
1000.0 20.50235 17.51835 27.89787 0.0 15.38983 18.92973 28.92432 23.5859 23.42761 18.44781 30.61371 0.0 28.72084 23.92734 28.78217 10.99416 26.00809 7.73703 23.22598 0.03349 15.59119 28.4749 8.58435 23.57003 18.16747 7.34157 11.09883 19.27488 26.7377 17.53988 
1000.0 31.3024 18.5318 12.5624 0.0 18.99772 7.06205 7.02239 31.10403 11.54347 19.51489 21.96292 0.0 30.96066 19.37667 28.76604 22.08478 26.921 13.78586 8.04565 0.02374 28.20541 15.34675 17.60736 13.74612 28.19923 9.8156 15.92065 26.85178 8.219 12.30737 
1000.0 6.65211 8.38608 24.79078 0.0 23.9144 20.91418 29.86848 10.97557 28.07493 28.15212 14.96718 0.0 32.2863 32.0643 31.91635 10.85993 15.61367 23.97312 11.66769 0.02869 28.11678 18.74573 18.41921 27.96754 20.42012 28.59033 16.00835 10.55491 17.76775 22.34812 
1000.0 13.56579 25.78327 27.89412 0.0 9.34484 22.24146 12.42104 9.45266 26.90745 23.04674 25.60158 0.0 10.63629 10.56754 27.69297 25.34151 20.29226 17.12715 16.54596 0.02158 27.8299 10.54867 9.80854 8.71666 11.71074 27.04654 19.06418 29.94593 30.26937 11.70676 
1000.0 21.55551 31.06459 29.64067 0.0 6.54506 15.97383 26.06306 9.16837 21.23076 19.12205 22.60281 0.0 14.30606 18.91318 11.25904 29.96999 18.49545 18.44969 10.69982 0.03975 14.11588 24.7806 18.76326 22.87925 30.36133 27.00539 17.8718 25.49812 30.18084 15.75223 
1000.0 25.92644 18.24733 22.89372 0.0 30.52841 6.94043 20.41276 30.1424 25.82363 24.4274 23.3629 0.0 30.91099 17.41654 25.0692 12.66772 9.03472 22.87335 9.0623 0.01144 18.17878 19.17381 28.76252 17.1446 29.0144 17.54065 15.03618 27.42857 29.45051 11.13446 
1000.0 0.0 0.0 0.0 28.41281 0.0 0.0 0.0 0.0 0.0 0.0 0.0 12.88444 0.0 0.0 0.0 0.0 0.0 0.0 0.0 0.0 0.0 0.0 0.0 0.0 0.0 0.0 0.0 0.0 0.0 0.0 
1000.0 22.03073 22.04828 16.41037 0.0 31.11531 31.65378 20.97943 10.96286 23.85419 27.96286 21.30094 0.0 25.7259 26.55309 8.94383 17.57296 25.86537 14.84892 32.32327 0.03745 12.32448 22.59591 25.78185 26.38623 6.78393 20.30495 15.45615 11.37517 16.70444 19.01934 
1000.0 14.07739 10.97002 29.889 0.0 23.33157 30.90742 31.74044 18.35501 23.4029 13.42491 27.99305 0.0 12.30532 8.78693 28.92219 24.65085 16.38727 29.74512 17.17506 0.03637 13.66904 26.70124 13.73942 11.43365 29.83252 18.51422 21.63082 16.92074 7.45577 24.16858 
1000.0 11.1105 21.68294 22.91687 0.0 11.50606 8.77615 30.81504 10.19847 7.07131 29.40195 6.92441 0.0 28.49575 10.83136 29.94657 9.16208 11.9553 12.36563 22.40268 0.03812 27.07515 7.58796 7.53781 30.62836 28.28707 15.26973 11.8244 11.68279 11.19934 16.68013 
1000.0 17.23803 14.57392 10.80503 0.0 19.49962 9.81097 14.87131 10.09886 19.6133 12.69297 26.87682 0.0 17.57894 20.47245 17.81138 13.38747 11.56985 26.64849 18.02204 0.02924 16.45077 22.82941 22.45626 9.44278 23.31723 6.88915 13.07267 21.99034 14.02151 12.55995 
1000.0 10.56713 13.06892 16.96821 0.0 25.21351 14.98657 27.13601 10.69489 16.59799 24.0419 23.66425 0.0 28.60329 27.10683 17.33095 28.30528 27.8736 30.37738 8.60144 0.02779 11.34157 30.13895 9.67132 19.39921 26.00028 25.81503 27.74537 21.71202 20.95815 12.3268 
1000.0 28.21833 9.98719 28.46962 0.0 18.24535 10.13032 25.36779 25.01551 32.07934 23.97075 28.59395 0.0 25.07186 29.65117 30.81969 14.12888 10.97558 17.16448 12.39767 0.03289 26.3563 22.86319 7.59088 26.17222 7.00859 16.17826 18.31414 24.69051 19.02758 7.1504 
1000.0 19.43524 17.31778 14.08151 0.0 19.86171 18.59728 14.56077 7.85403 8.22231 21.82055 12.0212 0.0 11.96478 22.9601 25.63151 30.47847 9.69233 32.24577 11.48029 0.03849 23.64848 11.04711 22.16584 22.89966 11.38619 28.14997 28.16249 22.78473 29.77039 9.53486 
1000.0 0.06742 0.05905 0.13811 0.0 0.13531 0.0544 0.06042 0.0433 0.1444 0.10895 0.07889 0.0 0.14967 0.14617 0.13884 0.09292 0.09264 0.07557 0.11811 13.50891 0.11792 0.03284 0.09129 0.04352 0.03693 0.10227 0.04351 0.10879 0.06391 0.12408 
1000.0 16.14999 9.34644 20.17028 0.0 8.01305 8.54539 9.23003 28.7238 8.09566 7.45534 25.99592 0.0 18.12157 8.70519 10.32041 31.00623 18.21885 19.27087 14.3952 0.02885 27.02692 6.93457 27.32082 20.30504 24.3329 29.9446 15.82668 14.90075 30.09225 11.64174 
1000.0 22.01357 9.70031 13.82425 0.0 18.85038 9.46783 28.89068 27.08307 31.26833 31.20367 18.82531 0.0 31.59719 24.27281 30.49939 16.39216 17.23743 28.61341 16.25612 0.02278 7.09969 30.0743 28.16885 23.93066 27.70645 17.35237 14.99569 23.56555 14.71791 14.57828 
1000.0 21.39851 10.58849 12.08577 0.0 24.41295 27.08281 20.56255 19.4317 24.46933 16.99938 16.82191 0.0 24.98449 26.83664 21.49567 21.56408 8.02032 20.93515 25.82974 0.00905 16.21647 12.91889 26.7631 17.73296 18.77639 17.12594 18.90666 6.51303 29.50089 32.05265 
1000.0 10.34403 11.30324 29.77018 0.0 6.78675 24.85348 16.38675 23.02243 16.95692 27.6565 17.10996 0.0 26.29887 11.06429 21.42962 29.97555 15.97918 26.15232 28.33124 0.03883 22.3076 30.04334 29.03396 24.9502 10.39696 18.76154 31.32371 20.18093 18.8357 24.19093 
1000.0 27.79352 27.19382 31.77315 0.0 26.20945 13.52348 9.2224 31.21386 18.3282 22.20212 11.66881 0.0 21.87981 26.26243 22.60094 29.79701 17.85249 8.05226 11.2132 0.03776 27.36118 18.91749 29.29841 24.43757 15.53083 26.17752 31.20779 25.63425 21.54157 11.58603 
1000.0 15.1412 10.806 24.18366 0.0 12.7846 19.59259 32.31198 25.7284 14.0928 28.34169 7.65013 0.0 13.27017 8.76427 26.68535 29.32234 31.68045 32.20063 16.39848 0.02971 8.5292 24.35531 21.96167 17.35516 10.42067 27.77368 12.85064 25.46644 29.92028 25.36524 
1000.0 8.48149 24.19861 14.96226 0.0 23.77431 8.10642 6.49337 13.95153 18.64566 23.89888 27.74295 0.0 7.75236 19.77339 17.85349 23.81866 31.57107 17.561 12.67574 0.02465 15.4573 20.30486 19.07383 25.50072 21.34766 20.50631 18.92829 29.71136 29.91264 27.30245 
1000.0 15.2261 13.97983 14.85978 0.0 7.62751 32.03951 21.17559 29.04857 29.20733 15.10465 19.59421 0.0 23.59977 30.66806 20.75856 26.61144 26.86454 17.84983 14.58926 0.02258 8.16239 28.5303 15.74096 14.4957 21.68818 13.2052 20.89705 27.87606 26.34939 26.44962 
1000.0 15.85293 15.10809 8.1967 0.0 8.09337 28.93394 14.08611 18.58931 11.7732 19.80715 20.38004 0.0 29.7526 13.49747 8.28684 20.21679 31.32891 15.81688 26.65298 0.03667 31.69254 7.36574 28.48599 26.26766 20.69614 7.65304 18.59092 16.73314 30.53238 18.37184 
1000.0 25.20765 10.1114 31.31171 0.0 27.56929 12.73861 18.38933 7.55717 6.63016 27.08213 13.71236 0.0 7.70992 32.2297 30.7921 6.66385 11.54507 26.85496 15.33197 0.02727 9.75466 24.74732 23.26629 12.37176 18.02526 8.13442 26.06203 16.08702 18.18636 27.52127 
