1000.0 1000.0 1000.0 1000.0 1000.0 1000.0 1000.0 1000.0 1000.0 1000.0 1000.0 1000.0 1000.0 1000.0 1000.0 1000.0 1000.0 1000.0 1000.0 1000.0 1000.0 1000.0 1000.0 1000.0 1000.0 1000.0 1000.0 1000.0 1000.0 1000.0 1000.0 
1000.0 14.21398 24.26861 32.69041 0.0 28.11864 24.63785 28.57012 27.83976 30.69767 7.72221 10.47682 0.0 30.51117 28.67766 12.98708 11.08498 18.6314 16.9108 28.84464 0.01092 20.67712 17.67994 9.16773 9.66276 17.90429 11.2109 23.76342 20.87636 12.50445 16.95132 
1000.0 7.5095 8.51859 29.60021 0.0 31.97695 21.31051 10.74173 29.21677 10.72197 24.1133 13.12775 0.0 13.05742 33.91469 9.77452 16.7461 19.1286 32.65758 20.84108 0.01569 30.26858 8.14457 7.62947 13.1459 19.56231 26.86614 15.03413 31.99126 23.12439 31.23042 
1000.0 21.36839 16.58069 17.89342 0.0 27.32467 31.8395 7.72546 17.35768 23.41214 20.22086 11.42704 0.0 33.37648 33.10783 33.38343 14.04507 7.83614 25.86181 16.3222 0.03379 13.04728 25.7454 24.35632 7.97112 8.79201 33.51407 9.15457 24.98013 33.75549 31.87637 
1000.0 0.0 0.0 0.0 26.70214 0.0 0.0 0.0 0.0 0.0 0.0 0.0 27.62305 0.0 0.0 0.0 0.0 0.0 0.0 0.0 0.0 0.0 0.0 0.0 0.0 0.0 0.0 0.0 0.0 0.0 0.0 
1000.0 24.32683 8.94655 19.95924 0.0 21.42966 13.49254 17.11458 29.61869 25.74203 19.09705 19.94415 0.0 23.33596 11.43232 8.09959 13.19855 19.82474 12.71977 28.84575 0.0396 21.08261 20.15414 20.68603 32.02187 31.23605 13.24257 25.24588 17.34816 23.62845 22.04273 
1000.0 25.11345 21.723 9.78173 0.0 10.80549 32.6927 19.06723 20.17273 18.04525 20.58405 19.85811 0.0 31.00457 14.36664 33.63911 10.00994 26.78557 27.70803 19.42267 0.01742 29.17212 11.40011 17.60419 7.6957 24.48454 12.59702 25.92376 16.63016 25.1711 30.48718 
1000.0 14.59322 29.92338 11.37393 0.0 32.54526 18.45091 31.50324 30.04811 7.72195 10.67473 21.41017 0.0 23.12728 24.4514 31.04709 17.49667 24.60415 22.40996 33.60742 0.02524 33.3646 11.26077 26.89725 28.97966 31.07057 28.18271 30.33094 14.07149 18.59731 7.0944 
1000.0 8.45063 17.51007 24.21369 0.0 27.91101 8.14274 23.31966 17.15471 26.64242 29.002 9.94309 0.0 28.99437 17.97261 19.55508 19.12169 12.31026 26.32283 14.64922 0.01326 24.05609 29.58951 18.60224 17.66361 13.03867 24.78297 18.78809 8.06601 12.97785 28.98222 
1000.0 13.85655 13.26241 20.99791 0.0 16.81094 12.26498 31.29978 14.4397 26.18542 10.18008 22.85657 0.0 10.07601 9.97725 11.19379 19.85125 13.68077 7.99765 31.48571 0.03809 31.24335 11.61883 16.42071 32.05611 32.05767 11.16985 8.14352 10.01546 26.02381 20.54451 
1000.0 19.08776 15.34674 14.08877 0.0 29.17324 14.09897 13.55977 28.9412 21.51828 17.07732 17.13858 0.0 7.22457 19.11983 16.99187 23.23428 9.21084 18.46722 21.93347 0.02866 28.25001 31.57867 31.1042 17.82171 9.9899 18.92066 8.05958 9.87329 32.95474 31.74794 
1000.0 28.96333 16.70177 33.39659 0.0 29.47191 11.47238 33.40026 32.86996 15.9978 33.75448 19.66314 0.0 30.74711 12.85652 7.06931 19.1976 20.50124 29.0291 29.6022 0.0362 30.36033 12.72542 26.95545 20.02056 17.805 23.48304 15.14072 20.83906 31.94055 14.789 
1000.0 0.0 0.0 0.0 30.3135 0.0 0.0 0.0 0.0 0.0 0.0 0.0 27.12015 0.0 0.0 0.0 0.0 0.0 0.0 0.0 0.0 0.0 0.0 0.0 0.0 0.0 0.0 0.0 0.0 0.0 0.0 
1000.0 6.995 10.77104 22.58467 0.0 11.60597 10.1878 11.26739 12.95044 16.32311 27.0199 25.71055 0.0 22.11399 23.19528 10.886 21.06708 24.22148 29.5318 19.79679 0.03743 21.48949 30.22612 19.31383 26.94902 28.4356 9.10859 21.77136 29.75977 22.92473 28.41455 
1000.0 27.40952 11.76454 19.58328 0.0 9.17883 8.55349 21.83923 20.49071 19.95567 25.44128 15.57061 0.0 26.71262 28.6918 19.40825 14.41499 8.06376 15.09022 17.06312 0.02777 16.48361 8.86923 14.48673 32.81797 25.69158 30.293 20.11842 30.81748 15.36481 23.41864 
1000.0 13.4096 28.54437 23.68652 0.0 29.60185 24.10533 26.18838 18.64731 22.58395 18.8822 28.53643 0.0 30.81642 8.75511 21.46446 24.68827 25.15471 27.48646 32.72091 0.03182 27.37517 9.58559 8.93046 30.78768 21.05435 29.03389 29.61265 31.69531 24.33547 33.68909 
1000.0 14.62881 10.29958 17.42355 0.0 18.60806 15.43502 9.47028 21.24909 16.36664 9.29579 26.7852 0.0 26.79028 12.5883 27.22006 16.21406 26.98223 8.26307 7.69936 0.02771 19.19954 15.3033 9.30005 28.92592 14.8963 10.49297 14.67094 20.0388 11.7036 20.96011 
1000.0 12.7962 29.68437 15.24901 0.0 16.62121 19.99748 29.86511 22.21241 21.89025 8.85727 12.65753 0.0 21.0195 11.31368 20.56147 13.19248 19.96288 27.0037 20.89459 0.02604 11.33453 12.07878 14.25932 19.81195 24.66226 28.02325 18.87509 9.01738 18.00842 33.70986 
1000.0 21.85521 33.99284 15.5102 0.0 20.7988 13.97444 19.5867 23.53239 17.5733 32.47606 15.10828 0.0 15.82941 24.35849 10.92668 8.00946 8.53537 20.05722 25.75698 0.01996 23.33927 13.11804 10.72094 19.53649 17.27526 26.68584 31.33045 12.09672 11.35996 31.48424 
1000.0 16.55699 29.83775 25.67907 0.0 20.02922 32.68786 25.61123 23.20202 20.47751 25.85038 26.97605 0.0 11.41327 12.67097 31.79026 22.76154 31.33498 27.60706 20.33948 0.01794 31.44563 27.85925 19.88645 9.53433 15.38856 11.07194 22.38209 11.60508 28.41345 7.83868 
1000.0 0.0467 0.12373 0.0406 0.0 0.1639 0.11915 0.07966 0.08886 0.08907 0.06457 0.05267 0.0 0.05333 0.12081 0.11702 0.09333 0.14899 0.04334 0.15979 18.17617 0.12437 0.03715 0.15678 0.09681 0.16081 0.08339 0.08786 0.11318 0.08663 0.0769 
1000.0 13.13971 17.08863 15.13594 0.0 32.03464 7.91774 33.64081 10.6848 31.07438 22.37126 28.42822 0.0 10.39343 18.80171 27.66621 31.05331 26.26515 12.1605 11.46022 0.03355 19.78093 27.55046 13.5117 26.76049 23.51891 24.07532 17.49423 12.79145 28.11808 8.76578 
1000.0 33.9126 21.18485 27.56344 0.0 12.47696 20.23678 24.98654 18.80731 14.24944 26.19722 27.56601 0.0 19.78636 21.50431 22.24089 11.26776 26.25456 8.59039 32.62053 0.02794 16.13698 8.67055 26.32059 20.05331 9.31243 26.16726 32.9307 32.59378 13.85578 31.73188 
1000.0 21.9832 25.68307 23.52803 0.0 29.4182 23.62353 18.2207 33.19376 29.28468 31.00277 27.0396 0.0 18.17685 9.81542 29.79224 21.29217 17.48585 28.38646 11.80141 0.02294 6.98487 15.07784 7.42665 22.33959 19.76439 13.717 21.42512 13.46415 11.38113 29.29077 
1000.0 26.61202 31.01152 14.12045 0.0 11.58216 22.86217 26.27557 15.71742 26.80896 19.11951 24.08371 0.0 12.40628 21.83286 19.95932 23.86594 28.21213 9.7263 10.37123 0.03571 28.13412 33.56128 26.99125 18.8146 30.28964 16.19653 32.6162 12.0476 16.95693 25.5424 
1000.0 12.06868 26.67839 27.32798 0.0 16.83874 30.12762 15.34664 31.26514 13.98802 30.59778 15.44228 0.0 31.89544 33.62599 11.15375 27.36092 23.38777 17.40653 10.05983 0.03299 19.64099 30.8778 16.56993 12.94141 10.25352 29.76281 11.677 8.47131 8.81315 30.65072 
1000.0 31.85939 20.57817 20.75746 0.0 17.53181 8.28237 32.02984 16.71729 32.63648 14.39745 27.7659 0.0 15.772 22.67506 22.41039 19.21357 8.69228 22.70141 7.14328 0.02152 12.61443 26.85395 17.992 7.6459 33.97379 30.19733 31.57143 28.76657 19.72638 28.10255 
1000.0 19.50285 7.12889 29.08958 0.0 32.51192 22.70624 26.62098 11.01009 30.49383 18.39981 30.86748 0.0 19.00027 19.25017 16.80161 29.13888 20.73549 16.80154 22.88274 0.04114 8.13327 20.72242 15.9725 29.52099 25.04394 9.87809 25.6951 8.67413 20.91743 18.5322 
1000.0 27.89757 25.02629 30.27277 0.0 13.23247 16.64178 25.45938 30.79429 29.87944 21.56906 23.21369 0.0 13.6347 9.05749 27.72409 32.39185 15.13791 28.55622 18.97254 0.00955 22.59292 26.26145 23.87748 18.90321 16.61599 9.13697 29.77379 21.53498 28.85528 21.11545 
1000.0 33.63034 8.46479 24.49858 0.0 34.02194 27.87764 21.25492 9.14821 20.67384 23.87313 29.14248 0.0 28.25924 8.98943 17.13378 24.75797 22.097 16.68504 29.43851 0.03336 29.1063 12.81044 17.60242 18.60594 14.52568 10.31369 10.84919 33.66859 14.59424 25.98222 
1000.0 28.48272 32.63862 8.97376 0.0 21.74409 16.07044 29.92245 17.48885 6.835 13.96842 28.92182 0.0 9.88798 16.64484 30.81183 7.07709 8.83223 13.4341 30.31055 0.03285 24.61793 11.4714 23.52903 31.05964 21.57496 19.5037 27.8705 15.38343 20.85863 13.88515 
