1000.0 1000.0 1000.0 1000.0 1000.0 1000.0 1000.0 1000.0 1000.0 1000.0 1000.0 1000.0 1000.0 1000.0 1000.0 1000.0 1000.0 1000.0 1000.0 1000.0 1000.0 1000.0 1000.0 1000.0 1000.0 1000.0 1000.0 1000.0 1000.0 1000.0 1000.0 
1000.0 18.26524 21.58479 28.47887 0.0 10.90329 36.15253 14.06948 45.32317 36.94322 18.13229 22.07836 0.0 30.48428 24.63737 44.06992 33.03352 42.28574 14.63448 24.56575 0.0206 37.34014 33.54092 30.96376 16.81558 37.48895 44.84766 32.63397 29.83874 41.85827 12.10635 
1000.0 44.20817 10.22788 10.16987 0.0 27.2124 36.17007 43.54701 18.11742 23.9822 23.57843 19.97235 0.0 29.88171 25.07402 35.93095 22.74123 42.07454 35.3614 14.8753 0.01409 34.41641 37.01404 38.31331 43.00785 16.27977 24.96935 37.00858 43.37629 42.49247 22.46123 
1000.0 25.7414 15.27728 21.29572 0.0 10.0975 12.59508 22.52556 22.16081 27.43033 21.81231 14.52679 0.0 35.78351 42.42198 37.24732 36.48571 45.56017 32.67462 40.69297 0.04412 9.43553 31.44333 18.16515 37.2417 17.78131 17.26495 12.44055 21.07124 11.09077 36.29611 
1000.0 0.0 0.0 0.0 10.31512 0.0 0.0 0.0 0.0 0.0 0.0 0.0 13.12438 0.0 0.0 0.0 0.0 0.0 0.0 0.0 0.0 0.0 0.0 0.0 0.0 0.0 0.0 0.0 0.0 0.0 0.0 
1000.0 43.44182 45.94528 28.21692 0.0 31.78864 37.84871 18.40851 39.69613 39.49984 34.52852 37.86018 0.0 33.6779 16.69375 18.07293 19.10131 26.50872 21.68263 43.10839 0.0318 15.76161 28.71241 41.33237 34.23231 41.28917 17.93058 35.06166 39.88415 40.85825 39.48759 
1000.0 17.29027 23.52983 15.09427 0.0 11.57426 10.17563 33.83443 15.99502 24.69267 10.59977 35.43022 0.0 14.24357 20.91125 11.75366 38.97013 26.78544 41.54761 17.50208 0.03973 31.15054 23.7011 25.15519 38.02755 40.87581 14.80716 18.03197 34.08486 12.80809 34.9167 
1000.0 9.5926 12.49005 13.31495 0.0 15.32615 24.92388 45.74696 13.52964 40.59023 37.6536 25.47547 0.0 25.20428 44.05978 24.5698 29.11916 15.86357 39.28072 16.13933 0.03429 33.5119 43.05908 22.88361 28.22007 9.75702 11.39093 16.35421 23.31349 20.45412 13.687 
1000.0 40.98538 36.44483 36.3209 0.0 19.4268 33.68463 18.87148 43.27008 36.511 31.92447 39.77779 0.0 45.35804 14.64654 30.32426 34.94888 22.68561 24.60464 10.76854 0.01392 26.50582 25.57789 34.8597 31.4556 12.45779 18.62716 13.80356 44.72346 16.7162 37.33995 
1000.0 43.45066 26.53549 42.83206 0.0 38.34613 29.59193 14.31147 20.8501 16.69008 28.37802 19.87897 0.0 35.77973 33.96529 39.36146 9.29292 12.96424 22.61391 32.54482 0.01694 23.90728 29.15462 28.80807 26.75601 10.32005 39.47274 28.97824 24.43579 34.01558 12.6205 
1000.0 40.20192 41.65345 18.38929 0.0 16.49147 19.17833 16.71382 45.81706 31.66505 18.67723 44.8064 0.0 40.35401 41.79891 26.26292 21.66517 30.31052 43.21213 24.82784 0.02646 44.10108 28.16719 20.07986 16.85523 24.41746 11.41654 17.84689 37.5955 15.82641 14.22036 
1000.0 19.14837 34.19451 43.20112 0.0 22.48276 40.69635 12.42929 29.63617 31.58175 34.44292 42.13893 0.0 24.24878 13.64603 17.31833 28.08746 36.67316 44.69652 16.03169 0.02912 45.65335 11.6877 20.4624 15.69178 34.37099 41.25299 17.75231 44.49119 30.29052 22.67252 
1000.0 0.0 0.0 0.0 13.95921 0.0 0.0 0.0 0.0 0.0 0.0 0.0 36.84153 0.0 0.0 0.0 0.0 0.0 0.0 0.0 0.0 0.0 0.0 0.0 0.0 0.0 0.0 0.0 0.0 0.0 0.0 
1000.0 17.71669 18.47284 20.44682 0.0 15.93021 17.95088 45.69898 36.75087 22.91282 44.62292 22.82864 0.0 11.14497 29.36421 40.72162 38.33268 32.59102 24.20202 19.79383 0.01696 32.34627 23.29385 20.95907 45.18715 43.97183 44.12327 17.35417 18.47208 9.90273 42.77069 
1000.0 31.55252 14.94996 36.4361 0.0 15.47625 38.57393 36.82227 29.5668 41.551 33.99912 36.32351 0.0 33.67463 33.96407 21.15125 31.02679 41.46225 45.16249 42.16043 0.03301 40.43801 24.19553 11.39539 30.58635 18.95323 25.6391 18.33166 20.44258 27.18072 11.35708 
1000.0 19.98571 32.36878 15.65342 0.0 30.09943 42.34787 35.6831 35.54508 39.84391 27.10972 24.96686 0.0 34.33953 19.52156 44.26932 27.12557 36.084 30.39021 42.91713 0.02623 25.56577 14.63635 9.23868 38.37204 15.16937 42.08402 15.63819 25.89464 43.02569 45.70563 
1000.0 29.58618 27.96925 32.33641 0.0 28.47798 27.11457 24.72369 22.69275 44.88729 25.39023 39.27399 0.0 9.37158 10.00833 39.51845 15.99028 28.89595 11.09475 29.7592 0.02772 33.24661 30.9145 38.24472 36.97797 32.10145 29.08443 31.19557 11.98604 45.88855 42.8219 
1000.0 33.73764 27.27891 30.44114 0.0 28.35462 40.78169 17.45514 37.36971 30.53877 24.41675 29.06988 0.0 38.36621 17.38264 16.84131 25.95622 34.34079 25.74775 10.7343 0.03914 20.4385 11.15495 17.5137 18.83056 10.4416 21.36782 12.36441 40.97307 40.21776 19.75471 
1000.0 16.89622 16.19756 25.83834 0.0 45.95688 31.50587 15.10379 28.19396 19.47777 24.19925 35.22851 0.0 27.05866 26.23588 29.8 33.66154 37.17501 37.40304 9.34444 0.0169 27.14474 10.69636 20.20997 15.45668 29.50315 35.17225 31.01216 21.32684 33.50255 9.79942 
1000.0 14.29774 14.08228 37.36544 0.0 18.95006 26.65684 34.93975 14.15224 35.92574 28.21375 25.36265 0.0 34.18718 27.6385 30.77069 34.62277 40.14083 28.32815 12.23925 0.04326 28.74406 35.2633 43.1884 30.68942 20.7638 22.83172 42.37209 43.7762 21.94559 16.19852 
1000.0 0.04833 0.05057 0.05919 0.0 0.14045 0.09978 0.18616 0.1537 0.06174 0.13574 0.10915 0.0 0.175 0.05046 0.18862 0.06733 0.18618 0.07639 0.11754 40.64529 0.10813 0.15878 0.13953 0.14155 0.13453 0.08999 0.04212 0.07124 0.18233 0.1588 
1000.0 14.82533 27.61962 33.00712 0.0 19.84826 45.79011 29.70165 28.36283 19.66179 22.14635 32.25073 0.0 25.80082 18.70239 21.90987 28.81722 10.48699 11.94594 13.29784 0.02185 27.82157 10.83098 22.39582 12.99606 37.74304 39.74773 34.28086 11.92747 23.10826 25.28564 
1000.0 22.12521 41.71105 36.55565 0.0 29.87725 13.16015 29.73403 14.44232 19.63299 37.92274 19.6457 0.0 11.10494 27.50576 40.45707 28.41726 11.69055 40.61817 22.25528 0.02857 44.07236 42.87499 29.23956 41.92067 25.43601 13.97435 28.84956 36.22703 35.06281 14.79045 
1000.0 27.16108 23.13562 29.69079 0.0 44.2543 12.75145 12.9908 11.49779 16.29922 45.81144 18.28039 0.0 36.09567 26.01406 30.25565 22.14339 21.08761 44.08462 22.59912 0.03719 25.05366 40.17281 14.32649 11.30412 19.41626 29.09948 17.1216 36.96776 39.03171 20.92163 
1000.0 36.04211 14.7345 19.84287 0.0 9.30237 19.10585 45.29616 41.19867 12.6722 21.36594 20.69738 0.0 29.81801 20.85468 14.79392 15.00167 12.3415 18.50896 21.70169 0.0337 45.45076 25.0195 32.16688 18.14465 34.5112 41.63315 16.47265 9.77546 28.57369 32.50714 
1000.0 13.31949 23.06869 34.67945 0.0 40.86431 23.72545 15.46192 39.08849 18.08892 34.18304 24.72542 0.0 28.3998 41.44676 10.29317 27.6849 16.73751 34.78712 20.56693 0.04483 40.83617 25.81808 18.78368 10.01888 29.18126 9.22574 29.3581 18.32197 45.44697 14.23692 
1000.0 41.29895 16.65739 41.87443 0.0 20.05212 18.99813 42.94569 28.41534 13.14414 24.93811 45.36238 0.0 38.64611 31.83293 38.70386 13.50393 29.78548 35.15265 19.97021 0.03805 27.91593 42.87643 9.95603 29.8479 24.15259 17.0713 33.0008 15.61054 27.78043 29.56169 
1000.0 25.84319 40.64152 20.36893 0.0 42.58605 44.79953 37.27362 25.48903 30.35013 17.28328 33.7772 0.0 38.80239 34.75077 31.37789 19.64691 26.02436 42.74125 42.63131 0.0379 45.04198 17.04275 23.89113 9.84537 22.04394 11.47968 27.51656 19.38653 18.19086 42.7924 
1000.0 35.2084 16.41779 29.0317 0.0 36.59387 45.50657 33.72701 22.25497 35.10149 33.86654 10.25353 0.0 9.76987 30.81698 42.67638 19.93393 30.11397 14.8486 38.15857 0.03376 38.48348 40.83641 45.78588 22.40236 43.05582 21.54648 16.38355 36.18741 27.24868 42.02631 
1000.0 34.28307 10.73752 12.74688 0.0 10.84781 25.42412 29.90725 15.119 25.72694 27.4376 21.90918 0.0 22.52906 37.79052 26.55866 27.81016 13.16877 11.27464 45.82508 0.0446 16.70235 28.53754 40.8628 45.74203 14.30856 25.61952 30.70493 30.67912 27.87986 17.15735 
1000.0 38.31405 28.06974 45.83151 0.0 13.19099 32.27447 14.7519 20.99985 30.84265 21.56104 16.55594 0.0 15.77741 45.95879 26.73753 27.03198 45.41911 18.78105 41.70945 0.0425 22.36779 43.90983 27.61427 28.79684 38.32339 35.22334 35.20829 20.30291 41.6193 45.73186 
