1000.0 1000.0 1000.0 1000.0 1000.0 1000.0 1000.0 1000.0 1000.0 1000.0 1000.0 1000.0 1000.0 1000.0 1000.0 1000.0 1000.0 1000.0 1000.0 1000.0 1000.0 1000.0 1000.0 1000.0 1000.0 1000.0 1000.0 1000.0 1000.0 1000.0 1000.0 
1000.0 24.87025 28.69708 35.54529 0.0 12.42419 14.86627 24.45159 31.76564 17.74595 32.71924 24.09772 0.0 39.94817 31.28355 8.89559 13.9568 31.38028 20.91626 41.2584 0.01306 26.2448 37.13391 41.90279 32.47281 28.17135 28.83062 17.69779 10.0891 11.9305 32.39179 
1000.0 23.13168 23.89296 24.12021 0.0 20.73118 41.97166 26.87472 20.51003 39.72468 41.49952 30.8554 0.0 41.21801 42.95604 35.23222 20.02801 22.6122 29.26518 17.01875 0.01502 30.44228 22.54761 39.0695 14.19524 9.57702 42.02597 16.45323 30.77953 42.12452 14.27684 
1000.0 34.1637 11.34162 41.40531 0.0 28.41603 40.06534 43.38975 24.56652 11.50723 17.1147 9.0377 0.0 24.32667 27.33741 42.8024 30.35372 41.73708 12.45654 32.18618 0.0148 36.18324 17.89705 24.26116 26.75654 12.34946 13.2152 32.96155 10.44457 18.7224 25.36793 
1000.0 0.0 0.0 0.0 18.45019 0.0 0.0 0.0 0.0 0.0 0.0 0.0 37.4696 0.0 0.0 0.0 0.0 0.0 0.0 0.0 0.0 0.0 0.0 0.0 0.0 0.0 0.0 0.0 0.0 0.0 0.0 
1000.0 42.78285 24.12819 43.29601 0.0 41.07905 29.72716 27.89887 27.42833 22.12367 34.29867 17.67619 0.0 31.42164 15.39326 39.60181 19.41922 39.44784 42.45926 15.0234 0.02341 43.33863 16.23813 14.83106 11.59137 20.24326 18.82815 12.92568 23.04643 32.17383 27.36107 
1000.0 12.79739 25.90322 37.22991 0.0 20.88 16.01516 39.18945 32.74639 16.47515 42.43234 9.49926 0.0 24.30851 24.93186 14.89319 26.99866 13.52184 17.82461 41.91822 0.02996 30.65866 22.60377 42.42609 32.49761 35.4452 27.16936 38.1164 38.87954 11.07771 40.58895 
1000.0 9.09089 12.64821 12.64992 0.0 19.78924 27.96668 37.90364 40.47381 18.09393 20.32661 31.41792 0.0 10.59674 25.65261 12.24292 13.1234 26.2822 43.12203 36.58347 0.02865 36.0389 19.03756 39.79186 42.53863 14.47058 17.04294 22.61739 16.54583 43.02337 13.73139 
1000.0 20.47092 33.30341 30.43643 0.0 21.41626 20.44203 12.02871 33.71554 21.17097 24.49355 10.90493 0.0 25.83362 36.92197 23.3096 39.50954 35.39102 21.19655 32.76247 0.04191 36.60691 14.4893 13.58918 21.93872 34.59656 13.21065 15.39637 42.38519 17.22129 20.16932 
1000.0 22.70687 38.08776 9.59765 0.0 9.97622 37.29421 28.71393 10.78965 8.79198 14.85249 19.44245 0.0 24.56323 27.92258 16.0865 20.50657 14.54767 37.99227 38.74213 0.04196 25.93338 12.02996 27.70093 21.78168 23.07572 11.98936 32.70371 40.99617 38.59085 42.97836 
1000.0 14.92492 38.03194 21.77209 0.0 37.09756 8.76159 31.41525 41.7637 42.71486 25.78407 37.89394 0.0 26.88295 37.72512 15.23815 34.57167 33.31969 19.04884 27.5974 0.02008 35.7032 38.39632 36.81121 41.05706 14.61072 11.50119 18.57199 34.05969 20.38721 27.35587 
1000.0 15.83818 42.24084 9.76862 0.0 33.05448 24.97726 32.71596 41.51011 38.92953 11.35625 21.47192 0.0 21.65759 15.08191 12.91414 14.69691 21.93962 20.07485 25.13463 0.04137 39.11398 21.26757 9.23231 42.99599 37.83726 30.61966 30.5854 21.45219 18.60855 42.15973 
1000.0 0.0 0.0 0.0 21.3946 0.0 0.0 0.0 0.0 0.0 0.0 0.0 9.70767 0.0 0.0 0.0 0.0 0.0 0.0 0.0 0.0 0.0 0.0 0.0 0.0 0.0 0.0 0.0 0.0 0.0 0.0 
1000.0 13.54129 27.29578 32.03631 0.0 9.53848 41.67998 29.62566 37.61883 18.11072 36.61515 30.0703 0.0 34.51632 30.3548 34.03713 31.50091 15.31981 14.31987 25.38729 0.01238 31.70624 34.83185 11.84877 15.41381 9.97567 24.76146 36.16657 26.7685 17.2447 35.66119 
1000.0 36.32559 10.9092 23.14931 0.0 36.09227 39.68453 17.12224 28.48996 39.92343 35.21201 40.07081 0.0 37.65408 38.47829 22.91964 37.27952 40.32807 37.41089 32.34858 0.01093 32.94184 15.12539 17.82619 30.14895 13.72568 27.44438 20.12666 19.10066 19.74046 37.45117 
1000.0 20.24808 41.60683 24.78593 0.0 8.96224 17.20386 24.09517 42.46581 24.94746 28.68262 41.98381 0.0 13.60099 37.26513 40.06898 36.97066 37.92693 21.02561 20.07096 0.00964 22.81047 23.32094 35.77457 25.2272 42.97703 25.08407 38.58622 15.49408 16.87189 39.65222 
1000.0 28.64147 25.12898 23.34625 0.0 28.18545 15.6359 30.92753 28.33886 25.03677 15.77932 16.55722 0.0 18.19536 31.25518 35.23467 13.57465 40.66765 30.66039 38.33634 0.01147 41.46822 35.46345 27.49234 30.51322 40.67467 14.11934 14.14551 26.11084 30.38318 32.83965 
1000.0 38.86828 38.58769 42.98566 0.0 10.47567 21.12044 43.31729 38.29873 22.71843 24.21296 26.67445 0.0 20.45899 14.33556 34.56503 27.46804 27.24006 34.38705 10.84614 0.02329 33.05993 14.91827 31.12821 30.99459 38.58398 36.63002 42.15792 29.71191 35.67319 21.65087 
1000.0 9.29222 17.77939 28.78459 0.0 34.84688 40.68505 35.66351 11.23413 28.88197 9.77865 31.76853 0.0 33.00826 32.44494 25.44162 41.66318 39.65908 40.94961 10.59859 0.03225 40.48123 21.30816 36.77811 19.04044 11.30929 17.87896 32.22926 23.03673 9.03666 16.50234 
1000.0 10.90186 40.5496 37.05925 0.0 17.33504 36.93339 25.33368 17.59937 42.87355 24.35578 17.89402 0.0 32.85614 36.32747 36.22549 28.90669 31.57871 34.12224 9.28667 0.02134 21.82724 10.11655 36.60965 37.94802 38.46513 41.69792 14.84033 17.01155 11.87924 11.52733 
1000.0 0.13007 0.09991 0.10032 0.0 0.12396 0.18533 0.04299 0.11381 0.16326 0.12572 0.15374 0.0 0.16037 0.17638 0.0863 0.14463 0.12545 0.18124 0.05468 21.32268 0.14093 0.07972 0.17982 0.12169 0.15545 0.07249 0.1474 0.06797 0.05691 0.05725 
1000.0 15.42418 36.28162 40.58879 0.0 35.72764 12.73796 30.07502 34.91604 19.03936 31.6049 25.24328 0.0 28.71331 43.22938 11.35989 40.1645 12.69284 14.1027 32.33698 0.01964 12.9739 39.8405 38.02519 30.08164 20.80025 37.15327 16.2784 23.25886 13.31942 36.52171 
1000.0 28.84558 9.96206 18.07356 0.0 33.31656 34.77723 28.59897 21.52984 14.16575 23.42399 20.78923 0.0 20.64659 10.02322 23.26961 41.91085 12.25968 23.3611 41.68081 0.02831 10.82023 15.78718 25.07525 20.92489 25.41708 31.15655 10.54628 33.0769 36.90929 16.65726 
1000.0 21.53425 24.80365 28.95882 0.0 20.71096 19.27839 28.23596 32.46873 39.58331 21.86044 17.3997 0.0 16.6139 11.42396 17.55575 36.5059 21.42073 16.16709 34.81591 0.01298 39.26027 26.89127 41.46918 22.45919 31.18726 23.60677 27.66567 23.26281 37.63563 36.94358 
1000.0 16.26434 33.25229 37.57218 0.0 22.90185 35.47955 20.37894 13.96851 24.28808 11.10329 31.47678 0.0 24.49376 39.55005 13.3106 12.58195 42.55264 38.78666 37.07174 0.02194 23.05573 20.06027 39.49024 36.52734 22.82102 22.23888 22.85105 21.21803 19.44525 18.82644 
1000.0 39.87536 36.5885 28.83342 0.0 35.96064 21.32018 29.56096 18.40718 41.13621 17.62705 35.85673 0.0 37.52746 24.09858 25.78879 16.57834 33.598 34.80771 19.29616 0.0302 41.94122 40.68949 9.56526 19.17488 17.03927 30.95134 39.81449 33.6198 19.2207 26.9544 
1000.0 19.21879 16.80986 32.09656 0.0 36.49687 42.65183 22.66216 13.12663 10.87172 28.51799 26.90152 0.0 27.44339 22.86698 42.16813 31.9099 14.50574 9.34185 12.67068 0.01629 39.03451 22.99532 37.51549 26.60003 14.12327 41.41765 37.72252 36.63223 14.50361 10.02514 
1000.0 13.65851 14.60563 37.8226 0.0 23.55416 39.86351 42.70555 34.08231 40.97764 40.57729 41.55531 0.0 41.35378 35.75321 20.87562 36.9535 13.40861 32.65929 27.30429 0.0306 28.40612 11.20878 14.76804 23.6874 13.68631 33.95393 28.92019 26.95073 16.23225 10.41946 
1000.0 27.31521 21.29161 15.75597 0.0 36.19659 9.96848 32.518 24.02264 20.27784 38.66483 31.78867 0.0 28.04748 34.56508 27.04828 12.30429 42.46391 19.23398 10.31595 0.02445 13.62067 41.10095 39.27541 19.40291 39.17663 40.525 9.94495 11.48083 15.84326 22.67912 
1000.0 38.3607 19.12613 41.92454 0.0 25.89268 40.91924 31.02559 28.0883 43.19993 11.92618 28.20204 0.0 38.85648 30.32667 9.49632 28.40381 33.60449 10.47346 32.94484 0.02397 40.05152 15.46813 39.64781 39.01524 14.22637 16.29061 26.46338 11.92584 16.15102 8.79364 
1000.0 24.50347 40.14548 36.31726 0.0 35.01702 31.39467 23.65113 26.30465 29.31059 27.26225 37.02628 0.0 15.61345 9.78479 40.02591 32.77169 38.99658 25.17175 21.49509 0.0363 11.08978 43.18489 14.56488 34.47563 26.0052 25.57055 26.48327 15.6765 39.31241 17.61062 
