1000.0 1000.0 1000.0 1000.0 1000.0 1000.0 1000.0 1000.0 1000.0 1000.0 1000.0 1000.0 1000.0 1000.0 1000.0 1000.0 1000.0 1000.0 1000.0 1000.0 1000.0 1000.0 1000.0 1000.0 1000.0 1000.0 1000.0 1000.0 1000.0 1000.0 1000.0 
1000.0 13.96016 10.76615 33.65871 0.0 13.1013 22.65268 19.43015 27.85159 10.20432 33.25802 29.28592 0.0 28.0828 27.6533 20.72941 21.77795 32.06842 33.01172 32.00123 0.03622 22.76699 32.23496 29.48312 31.64328 17.35037 21.62501 11.454 30.34263 22.40222 16.06716 
1000.0 32.45726 7.16041 12.9724 0.0 6.78592 15.13433 7.21181 8.53788 30.93504 12.0389 11.6856 0.0 12.57338 28.44647 24.17948 15.20776 33.32288 10.37339 20.43306 0.0252 13.12062 28.32807 23.28582 13.65172 27.25743 20.72344 13.32841 33.07155 24.80223 19.42916 
1000.0 33.61934 25.35492 9.8249 0.0 13.65545 16.89496 28.85343 21.73208 28.94862 28.03318 12.2848 0.0 17.97122 18.90767 22.5496 13.09144 24.6449 8.20803 24.72898 0.0372 31.42266 13.06901 26.70189 7.01025 26.91035 20.7936 26.54471 23.4336 30.39824 24.88769 
1000.0 0.0 0.0 0.0 9.77417 0.0 0.0 0.0 0.0 0.0 0.0 0.0 22.56689 0.0 0.0 0.0 0.0 0.0 0.0 0.0 0.0 0.0 0.0 0.0 0.0 0.0 0.0 0.0 0.0 0.0 0.0 
1000.0 28.39745 24.66072 29.37525 0.0 7.33689 23.42931 12.83848 23.16093 27.03983 22.5812 25.69765 0.0 7.33251 11.34006 19.43362 32.91614 17.74356 22.76146 30.76095 0.04062 29.64107 15.67262 14.05298 25.976 18.11522 11.87446 14.21146 10.86104 20.75674 12.61634 
1000.0 7.51838 30.07858 26.79317 0.0 21.28785 12.47539 27.87401 10.18019 26.70948 11.16306 11.01947 0.0 22.20538 12.41872 19.71951 20.69767 7.54789 18.28471 7.69261 0.01017 10.45844 26.78647 26.71283 15.69166 26.24193 13.45102 11.94444 27.70663 13.84204 12.66741 
1000.0 23.46513 16.23965 19.49688 0.0 8.33376 17.61588 21.89599 32.42058 25.13 10.12248 7.41581 0.0 29.85878 21.8706 8.64861 8.3985 10.581 23.55174 8.83029 0.01684 16.65107 20.25687 10.69795 17.91173 15.26293 33.35769 31.04352 10.38377 16.27168 30.05715 
1000.0 21.82739 33.3516 14.80111 0.0 15.68074 27.95701 26.19919 11.89109 16.9828 23.04607 29.77738 0.0 10.18107 32.05393 9.58979 13.20771 6.82466 19.38755 22.09738 0.01221 27.23508 25.64944 32.61368 10.60103 11.39495 29.24446 26.97145 27.66591 7.82245 19.06456 
1000.0 29.17118 12.8429 21.17148 0.0 16.54606 9.15978 17.11012 16.80721 11.37419 13.64745 22.21328 0.0 12.50229 14.58721 8.8115 26.51359 23.15558 22.82366 30.09861 0.0152 8.50588 29.07078 8.28043 28.23776 26.79434 7.55872 20.5415 30.39221 31.98019 29.98651 
1000.0 20.44286 14.28454 31.58859 0.0 27.70688 33.64189 13.20682 24.69027 18.49818 31.69147 17.64513 0.0 7.20399 22.75517 33.77326 28.41522 9.39579 13.35186 27.30307 0.03436 22.64215 29.79317 7.61886 10.81461 19.21954 7.83886 21.11848 10.53257 30.22493 31.66479 
1000.0 14.06813 23.88455 23.94104 0.0 24.26094 30.06167 7.69258 31.8583 29.18937 15.01768 32.7656 0.0 26.26672 13.80315 8.91537 21.00946 14.83043 26.78591 9.33298 0.02328 20.00952 7.84477 21.47065 18.58099 23.74248 25.27833 10.6679 13.4888 23.93844 21.35655 
1000.0 0.0 0.0 0.0 10.98243 0.0 0.0 0.0 0.0 0.0 0.0 0.0 24.24729 0.0 0.0 0.0 0.0 0.0 0.0 0.0 0.0 0.0 0.0 0.0 0.0 0.0 0.0 0.0 0.0 0.0 0.0 
1000.0 16.70644 29.07142 29.69804 0.0 25.72962 30.84032 31.1127 27.44863 20.09745 9.58608 22.67856 0.0 27.06434 32.67764 9.74072 32.28483 12.57665 19.34785 12.53996 0.03186 19.57858 9.57925 9.46626 18.07057 16.36548 32.11995 31.09112 11.2189 31.60554 29.94091 
1000.0 28.70508 18.89516 14.27929 0.0 7.86252 33.58538 12.12336 20.6243 8.25688 15.5639 9.93625 0.0 6.91639 14.05198 21.82124 11.53229 27.82036 15.34715 10.78648 0.03785 8.91189 8.96039 7.64644 12.31318 21.41882 8.31711 23.69366 27.99864 33.53422 25.08492 
1000.0 13.41425 10.33541 26.10329 0.0 11.52944 16.23153 32.44413 20.23796 24.5798 18.04496 11.9929 0.0 17.52844 21.48574 16.02852 23.22791 13.87486 19.6949 11.62951 0.00984 25.53818 12.88315 26.63165 32.19507 15.66138 8.7504 21.14507 17.85117 16.23404 17.71976 
1000.0 23.12208 11.27363 27.93407 0.0 32.86186 9.23114 33.75292 33.41033 14.40803 11.47137 9.91374 0.0 13.70604 28.06565 10.77667 13.15163 32.2809 18.21147 31.63269 0.0231 25.02459 10.80293 32.95637 29.36063 19.37952 29.31509 11.64907 12.74625 21.47009 12.71676 
1000.0 8.00542 10.69744 30.55812 0.0 25.92763 8.18845 30.57791 21.87587 33.03525 31.48657 23.03 0.0 18.75113 13.206 28.31496 22.67973 32.42754 28.2095 7.97213 0.02044 17.50998 24.71179 21.00206 18.04114 27.65666 17.7652 27.32825 11.49157 32.38496 12.49685 
1000.0 25.36977 11.40389 27.59051 0.0 15.21768 31.20565 33.56086 12.07437 28.71408 19.75685 8.40736 0.0 13.99139 31.39378 33.055 32.14679 7.52621 23.77219 10.66703 0.01106 21.84546 16.00339 26.52709 33.5292 33.33112 12.27078 24.68177 23.72372 32.9368 30.45421 
1000.0 12.82966 16.0484 11.0782 0.0 31.32849 16.87772 33.78297 12.94829 16.36759 11.97663 30.44212 0.0 16.22411 29.63133 8.25805 33.12406 22.42961 33.08597 8.11319 0.04053 16.1167 11.2319 16.7349 15.87352 27.8199 15.35587 25.4094 28.26674 29.17675 13.07526 
1000.0 0.06241 0.16109 0.10117 0.0 0.1448 0.16056 0.0733 0.07833 0.047 0.10063 0.07377 0.0 0.03643 0.10803 0.07727 0.13816 0.03476 0.13276 0.05702 18.15216 0.0985 0.10717 0.08232 0.11935 0.15629 0.15803 0.05137 0.13366 0.15157 0.15094 
1000.0 29.60203 12.74701 31.47895 0.0 17.11307 22.38506 9.48798 22.25687 24.14125 11.74837 10.23967 0.0 16.35273 16.74193 28.8708 25.78498 33.80525 8.51484 24.56804 0.02805 26.41039 10.68513 7.64045 7.57339 17.43112 16.73495 26.75055 7.87158 24.65489 29.40422 
1000.0 11.6906 15.68311 28.93353 0.0 23.45688 33.69569 33.53211 20.0268 17.31712 8.09277 32.29584 0.0 27.68579 18.37232 25.27879 8.45423 17.62269 9.50892 24.59985 0.01311 13.28316 11.32867 27.02145 26.38347 8.58897 33.69574 22.54558 13.88424 30.32395 25.07754 
1000.0 27.87849 24.88265 32.73856 0.0 28.70616 23.18632 21.8105 18.94063 31.84522 32.7887 15.87305 0.0 15.86459 26.24064 33.67039 22.66191 17.33913 22.11085 33.55241 0.01792 28.94119 24.16098 15.23884 29.27585 25.05761 15.19659 33.08709 22.31643 22.43602 7.68582 
1000.0 12.81101 27.92052 11.29263 0.0 8.99645 21.65492 33.47906 9.12166 31.70354 16.79237 33.56436 0.0 22.40171 32.07818 10.4081 7.55211 23.27561 26.91229 32.40235 0.02763 26.33411 30.59635 26.38253 25.57455 18.64099 11.55644 7.75612 33.47353 33.66833 7.11116 
1000.0 33.83773 29.90398 19.69256 0.0 8.93818 21.23933 21.70294 13.44747 11.2033 27.47173 12.86552 0.0 24.51829 7.32472 18.39448 27.6224 12.0646 13.01601 27.69217 0.03517 30.15737 32.17838 8.93088 20.91242 13.33946 13.16576 18.74261 22.47844 18.27774 10.03222 
1000.0 24.02928 9.68505 24.39339 0.0 20.6029 20.44448 7.44491 29.81881 7.45525 26.99671 29.13772 0.0 16.78275 18.44404 11.03546 14.4554 14.25321 19.69996 31.21319 0.0369 28.49767 29.67499 25.51947 31.5632 30.66258 24.6365 21.40884 8.73614 21.81751 29.77095 
1000.0 6.84667 25.43997 23.09352 0.0 23.45335 17.40466 18.05414 32.06263 16.95728 30.47491 31.70388 0.0 9.57561 21.03088 23.77349 14.86863 12.67095 24.10689 19.269 0.02639 30.60418 13.16217 33.67412 19.53713 14.05247 24.43867 17.2114 25.52455 32.84555 10.33111 
1000.0 10.38265 13.03866 18.42877 0.0 7.10784 12.93114 27.52655 23.94572 22.49822 27.62237 14.53376 0.0 23.76142 23.28001 29.32831 24.8446 19.45637 10.39633 7.8557 0.02191 17.9897 12.77018 21.72591 32.41757 18.75663 33.04053 19.52314 23.70231 25.81931 12.00589 
1000.0 18.90606 21.47184 24.81076 0.0 18.62666 20.93757 26.08188 17.72221 8.36191 14.61268 13.50258 0.0 20.77551 31.18395 21.27112 13.53822 25.61045 15.94273 32.94026 0.01416 8.47357 32.47416 28.87123 12.48388 6.88791 23.21939 10.06095 16.38707 26.84369 31.88257 
1000.0 15.50648 25.85979 31.87056 0.0 23.63821 30.0968 21.61421 6.85623 10.27019 15.19558 29.35358 0.0 8.72993 22.58118 29.25969 17.5523 12.93371 16.81833 29.85193 0.02431 8.93818 27.85573 15.4954 19.57953 13.90698 27.71727 26.49322 22.1606 19.5419 23.23631 
