1000.0 1000.0 1000.0 1000.0 1000.0 1000.0 1000.0 1000.0 1000.0 1000.0 1000.0 1000.0 1000.0 1000.0 1000.0 1000.0 1000.0 1000.0 1000.0 1000.0 1000.0 1000.0 1000.0 1000.0 1000.0 1000.0 1000.0 1000.0 1000.0 1000.0 1000.0 
1000.0 20.02066 9.64913 12.94907 0.0 14.84515 9.03951 33.22283 24.93931 18.0884 26.41435 26.11291 0.0 23.51949 31.55411 7.97743 14.01187 11.12935 13.80365 28.97919 0.01487 24.88732 23.80736 29.82523 34.69573 33.47442 23.12062 20.62027 14.93147 30.73833 11.84057 
1000.0 34.93247 13.36084 28.65433 0.0 29.39675 20.05978 18.40149 23.14965 18.98647 13.84867 10.96384 0.0 15.2517 34.04878 21.27403 9.78185 16.98211 10.46704 12.13049 0.02785 18.56846 21.1985 29.67265 22.41278 8.14519 23.88192 36.43117 19.10188 9.34531 32.88169 
1000.0 21.59584 23.35701 9.73452 0.0 37.09018 29.77593 14.7958 37.39064 8.08284 28.34477 29.66202 0.0 28.89786 12.5357 21.8792 36.50306 26.44359 36.30988 18.24801 0.01204 9.10567 29.54181 29.08656 30.64025 31.18059 9.76467 26.14274 12.32406 34.89269 34.31713 
1000.0 0.0 0.0 0.0 34.40654 0.0 0.0 0.0 0.0 0.0 0.0 0.0 19.94411 0.0 0.0 0.0 0.0 0.0 0.0 0.0 0.0 0.0 0.0 0.0 0.0 0.0 0.0 0.0 0.0 0.0 0.0 
1000.0 28.82099 14.73525 22.75833 0.0 8.62051 8.43337 36.45488 25.22073 23.56312 17.97493 33.83729 0.0 31.87718 16.93776 35.2711 10.03568 15.93209 13.0531 12.13777 0.00922 17.98622 10.69165 11.38094 27.67369 15.4855 34.53881 37.35944 18.89789 32.71228 8.91369 
1000.0 14.5468 29.34872 21.40817 0.0 23.79757 18.83754 27.55787 17.11397 13.23239 31.38941 31.56922 0.0 32.07645 25.61086 21.83899 33.97428 22.59875 14.81491 31.65266 0.04197 35.08891 14.98774 32.82938 19.92159 30.26877 15.71046 19.19662 34.78514 34.06588 33.42079 
1000.0 22.37593 12.68429 27.74507 0.0 24.16126 18.95827 12.5484 15.25438 29.27589 23.91211 36.044 0.0 31.13057 18.82871 19.3762 11.13755 32.4202 23.02042 21.40908 0.00927 9.20183 24.16349 22.12525 20.85165 27.47024 16.89511 17.18736 18.86752 15.60324 32.90875 
1000.0 34.66422 14.79867 13.91187 0.0 27.97921 17.46736 29.31285 29.3048 24.20132 21.71716 14.94663 0.0 23.69653 10.67039 16.39044 13.79064 11.17536 11.91405 28.27613 0.02493 9.00466 9.6116 32.71846 18.67246 32.6596 27.23625 34.93183 16.44925 20.06335 22.28033 
1000.0 32.23411 23.137 22.09604 0.0 22.49331 34.8447 20.19119 37.06793 12.63443 11.416 21.91771 0.0 26.46007 30.59197 23.30178 31.50575 23.88767 11.48513 21.69498 0.01742 16.45746 28.73662 17.70343 14.64473 8.94351 9.15926 29.16011 31.03664 24.56571 28.25768 
1000.0 18.99819 29.89497 20.63893 0.0 33.0371 17.39379 14.29133 31.2877 9.48126 32.23785 27.4918 0.0 13.04445 27.24104 8.48847 20.496 9.72272 34.20613 32.3585 0.03817 19.47606 34.13151 37.06942 26.86098 37.09747 18.91408 16.19291 31.08165 19.31735 15.39863 
1000.0 33.28361 16.07519 19.04885 0.0 37.39216 11.81298 34.19285 8.53268 9.80981 25.28018 30.32947 0.0 13.3188 19.86022 29.28423 27.95699 34.95102 30.28964 21.02342 0.04038 24.99144 22.55848 25.6018 9.21293 16.205 25.28311 35.05214 10.10417 34.04946 21.10103 
1000.0 0.0 0.0 0.0 22.15997 0.0 0.0 0.0 0.0 0.0 0.0 0.0 29.09857 0.0 0.0 0.0 0.0 0.0 0.0 0.0 0.0 0.0 0.0 0.0 0.0 0.0 0.0 0.0 0.0 0.0 0.0 
1000.0 34.88621 9.02954 8.89553 0.0 28.37877 12.26797 37.17023 12.56624 10.57521 22.9542 7.76762 0.0 36.26679 17.04202 23.08814 17.98723 21.37586 11.56435 28.17303 0.01086 35.54495 26.48147 27.11166 37.43345 22.64893 9.94831 29.5113 7.63161 16.81917 37.24646 
1000.0 24.63287 29.15522 8.11153 0.0 24.724 23.39297 23.47817 33.20464 36.10526 36.87766 24.82236 0.0 18.93884 32.89639 8.36426 21.8274 11.03594 26.03291 16.49318 0.02434 36.30394 25.49834 31.74983 12.47931 9.85071 26.75706 10.66494 21.59295 30.80107 29.15151 
1000.0 17.05591 27.2115 29.56533 0.0 14.78369 7.65588 11.38793 14.64785 9.95599 11.82724 7.73357 0.0 26.28684 30.6584 22.77181 30.95474 30.51573 12.35864 9.2005 0.01085 30.85143 33.25233 33.1181 19.82048 23.67782 17.6526 8.52373 28.80314 27.37811 19.98833 
1000.0 15.60754 12.57119 21.35968 0.0 10.02484 12.67578 22.51311 10.05189 10.89134 23.28238 33.5657 0.0 28.92525 22.17086 8.37842 20.59998 24.93631 10.54764 25.00274 0.03579 30.77936 30.73245 19.0797 32.35981 9.67531 30.70421 10.44038 29.85004 17.63538 29.36014 
1000.0 24.0122 29.88947 34.26754 0.0 17.41301 26.83494 15.08897 33.29844 16.82978 12.73958 31.98194 0.0 36.40572 25.48954 28.14356 14.25507 30.35793 24.2065 27.18092 0.02063 25.96476 32.07417 26.63343 23.55564 20.2817 25.8955 15.4757 27.15022 16.54791 12.90601 
1000.0 16.39516 8.10766 30.93052 0.0 26.61995 21.04526 17.65278 13.85689 14.23251 14.60367 13.67489 0.0 20.72883 18.22472 12.53317 27.93224 21.74354 14.7021 20.91386 0.03094 15.93943 29.85247 32.87176 29.96257 16.64522 18.76651 10.97706 23.16342 23.65915 23.69994 
1000.0 30.45152 12.04369 29.54812 0.0 30.17706 26.60445 12.32191 8.09854 24.33208 20.79597 18.15442 0.0 16.3354 10.21766 33.69299 7.71116 34.10292 8.95126 21.1234 0.03296 26.10963 16.00368 26.54809 31.29675 17.22672 17.53758 12.24506 8.39104 28.22203 25.63334 
1000.0 0.11861 0.05193 0.08137 0.0 0.0994 0.13372 0.14634 0.06291 0.05706 0.0712 0.15537 0.0 0.09992 0.08234 0.16957 0.09 0.07925 0.10568 0.13194 20.76415 0.0819 0.14767 0.04294 0.13437 0.06525 0.12259 0.13151 0.08614 0.14021 0.0902 
1000.0 26.16748 9.51004 30.46696 0.0 35.78811 32.51944 26.85771 12.58969 16.05782 33.20087 19.11364 0.0 13.73632 26.31984 13.85971 28.36235 8.31552 34.90741 22.41248 0.02623 12.9606 19.80037 27.80533 36.39374 25.13729 31.86211 31.70437 17.84204 19.65879 32.16263 
1000.0 22.25427 15.74088 7.72817 0.0 16.74974 34.33761 10.74395 26.52275 25.86424 9.75419 32.87461 0.0 25.07352 10.88504 33.11087 18.28241 33.47566 8.84165 22.7115 0.03032 14.88697 19.19691 19.90473 36.98789 37.30281 21.27841 33.33387 15.13329 7.98103 28.6038 
1000.0 25.97136 13.56893 10.66712 0.0 12.47713 29.01799 18.91255 36.86724 13.80299 23.6493 15.99152 0.0 34.12117 23.28625 28.28412 30.86243 29.64492 11.5925 35.73624 0.04129 12.62483 33.92188 15.69334 8.2896 36.97473 16.57218 19.2252 28.10044 36.40094 17.26466 
1000.0 33.32137 30.86093 8.99836 0.0 20.79749 17.4291 16.79692 26.94327 31.54025 11.37936 20.93542 0.0 27.12751 25.33526 17.77413 15.60017 16.5734 11.0349 24.8526 0.0372 14.79561 16.98122 28.17772 27.72932 22.13109 9.86164 11.30459 36.09311 35.84582 31.25305 
1000.0 8.37906 7.84559 37.24132 0.0 10.79076 32.36629 13.3417 9.17538 29.73902 19.13775 27.54867 0.0 33.71872 14.67503 9.22176 23.00214 36.72383 34.60895 34.50091 0.03987 15.11163 18.01469 13.14756 36.8916 23.53659 8.84294 18.4016 14.46077 30.6513 27.57511 
1000.0 17.21198 36.70934 8.54369 0.0 23.62056 24.53081 22.44047 26.49139 15.57706 15.3272 15.2481 0.0 18.48325 19.65528 25.62151 21.35795 36.78247 22.73497 10.22436 0.03703 33.09038 14.86723 31.39479 18.79792 26.67497 31.4754 28.55782 20.72373 36.9158 27.70812 
1000.0 9.59479 18.26443 17.95141 0.0 31.75113 26.12625 33.20967 16.06124 35.76742 25.12209 13.48176 0.0 17.62837 33.793 25.21636 19.50026 22.55511 10.52669 23.08463 0.04282 23.02477 19.47216 10.40608 31.43679 28.52678 8.0485 20.29348 17.19339 35.0884 18.97663 
1000.0 18.57986 15.7878 33.27922 0.0 30.58212 17.79435 36.14529 24.27234 33.62409 35.62428 11.10413 0.0 31.00642 14.15501 22.94197 25.74474 11.92153 22.53697 28.4448 0.01523 24.59269 16.3997 31.63865 27.4099 22.99656 34.4105 33.80675 10.30184 24.12719 17.8093 
1000.0 30.81003 28.65248 19.2748 0.0 32.86841 28.7808 28.07653 32.10727 36.59894 15.34042 29.63085 0.0 8.77895 22.44544 7.5862 17.13066 20.73082 35.83517 36.4271 0.01977 32.00826 10.50047 9.70491 17.01673 33.74471 12.09094 18.57509 16.71827 31.55346 16.71777 
1000.0 31.91852 13.71308 25.47205 0.0 11.45854 10.49066 14.47373 9.46189 16.03458 34.8219 10.35396 0.0 30.13189 19.83151 16.35762 13.22045 11.22695 9.29643 32.19528 0.02985 10.0196 23.72755 15.08034 29.07504 17.35778 36.87575 12.00927 20.99403 19.35158 26.13897 
