1000.0 1000.0 1000.0 1000.0 1000.0 1000.0 1000.0 1000.0 1000.0 1000.0 1000.0 1000.0 1000.0 1000.0 1000.0 1000.0 1000.0 1000.0 1000.0 1000.0 1000.0 1000.0 1000.0 1000.0 1000.0 1000.0 1000.0 1000.0 1000.0 1000.0 1000.0 
1000.0 10.13838 22.96376 32.59866 0.0 17.32668 34.72717 21.16712 13.86714 17.7604 28.21596 11.0865 0.0 7.78011 13.1032 35.97855 7.57108 32.29462 32.79066 30.8688 0.01139 9.85429 31.37505 18.93777 18.70268 23.53476 20.04881 9.75142 18.1009 17.94246 30.92735 
1000.0 29.92352 16.57284 17.78314 0.0 18.33735 31.38217 16.83016 8.41263 20.44174 20.9268 23.81761 0.0 27.02582 28.4344 29.22397 11.83911 14.6841 23.23021 9.10049 0.0419 35.2058 25.00034 8.10642 31.62248 33.49074 31.96254 10.61735 31.43578 7.76573 34.80529 
1000.0 17.10246 33.13414 8.34 0.0 9.70003 28.48522 31.38168 20.99829 16.50077 29.86027 25.58882 0.0 31.16841 33.34777 20.99299 10.58075 35.33748 9.50326 34.61254 0.01529 26.01702 20.87469 12.979 20.56003 25.72597 31.81416 23.29462 32.63108 27.79412 26.96162 
1000.0 0.0 0.0 0.0 36.28802 0.0 0.0 0.0 0.0 0.0 0.0 0.0 24.29606 0.0 0.0 0.0 0.0 0.0 0.0 0.0 0.0 0.0 0.0 0.0 0.0 0.0 0.0 0.0 0.0 0.0 0.0 
1000.0 28.24785 22.0252 30.97706 0.0 10.10957 7.67247 28.29335 10.81859 30.7831 17.53952 11.14365 0.0 27.39092 17.81656 7.59523 34.79044 25.82267 30.05666 9.326 0.02638 27.77652 18.06471 31.96217 14.15602 34.33772 15.03862 25.23977 17.09381 18.64896 21.4942 
1000.0 12.66541 29.03373 19.50504 0.0 27.86803 32.28388 25.44092 17.03469 24.14777 31.20248 19.1658 0.0 22.1593 20.06187 18.54894 34.93783 12.41119 18.34016 8.82259 0.01046 10.57612 31.99646 22.74829 18.88855 26.83107 11.29213 10.99315 17.65144 13.03068 24.26104 
1000.0 29.83001 19.61632 7.47604 0.0 11.38299 31.02978 30.52657 12.2017 8.40909 9.2219 11.23472 0.0 18.58555 14.49114 33.30812 8.06686 25.36333 18.47441 30.17445 0.01363 31.27708 20.69429 23.94377 14.21568 21.47353 23.37029 16.81528 30.45808 30.63469 19.18495 
1000.0 23.21155 34.02365 16.28448 0.0 16.62174 17.30686 28.9464 22.58185 23.71417 19.51904 13.74422 0.0 15.87214 16.10556 14.44335 16.7654 31.89847 21.52953 23.18965 0.03141 32.84837 15.16259 7.29531 12.62383 28.14955 16.0355 29.79267 10.5649 20.37483 18.78761 
1000.0 24.58843 27.29726 13.90491 0.0 31.99445 13.6101 19.67661 16.43557 31.78001 25.71601 16.17984 0.0 23.31519 12.91937 9.46572 30.91559 11.22742 17.54401 13.66682 0.0119 18.90852 10.03618 18.70947 22.60069 33.11908 35.09383 9.09036 13.5487 21.43457 29.8748 
1000.0 13.26585 34.63428 33.96977 0.0 31.57053 17.99505 36.03258 35.09945 25.77103 8.84786 16.79057 0.0 14.65175 33.72856 35.01157 31.41912 7.8512 14.91176 33.97422 0.04078 15.27655 33.1827 23.42031 31.66894 36.1039 18.13628 9.88735 15.06029 31.32271 19.72422 
1000.0 13.39901 14.11932 10.15799 0.0 30.42056 11.40813 20.75 10.49986 24.24886 33.24573 28.32815 0.0 23.15314 10.07043 11.40511 32.76514 24.22699 23.48146 24.20943 0.03056 14.80786 20.96642 24.24553 14.99798 31.81663 23.3505 25.64742 31.7665 21.42759 29.76283 
1000.0 0.0 0.0 0.0 21.42309 0.0 0.0 0.0 0.0 0.0 0.0 0.0 8.89539 0.0 0.0 0.0 0.0 0.0 0.0 0.0 0.0 0.0 0.0 0.0 0.0 0.0 0.0 0.0 0.0 0.0 0.0 
1000.0 17.7554 31.78618 12.483 0.0 21.47074 29.05337 26.33241 16.7663 21.91223 19.86236 25.13953 0.0 20.31967 27.61117 36.18552 21.40547 31.26151 33.37501 16.52242 0.01052 21.37214 36.29438 34.52228 23.56409 14.29014 22.91174 11.71863 34.64632 32.43476 13.99951 
1000.0 32.65364 9.26438 30.60521 0.0 13.57378 14.99144 34.06075 30.88725 32.83692 20.6314 28.8456 0.0 15.91636 21.69543 32.57037 24.72621 15.80318 31.66407 26.69877 0.02484 19.35976 26.04021 17.10183 10.55255 9.29289 12.04695 27.72642 11.72629 27.79627 23.43212 
1000.0 23.69051 31.3152 29.4974 0.0 13.99569 23.96252 31.46378 13.82331 31.23398 34.78956 28.99092 0.0 7.77249 21.22807 22.78993 7.58918 34.20004 32.80386 26.21666 0.01877 28.56146 25.49968 24.78376 30.81477 36.22696 31.58889 26.14186 7.32551 23.71091 28.38504 
1000.0 35.06789 24.92583 28.69068 0.0 7.71023 20.97002 26.7473 35.99677 24.57757 20.07413 33.60796 0.0 21.28846 18.68485 34.85769 24.41341 35.5036 7.5167 7.90197 0.04037 21.2887 25.57895 15.36708 33.84491 8.37356 18.37187 29.10817 27.40803 24.65434 33.61184 
1000.0 15.65496 23.12701 29.68902 0.0 35.2177 28.78549 21.9788 7.54411 15.89328 8.13808 11.85498 0.0 14.69225 29.51361 7.47011 33.73444 20.07402 8.1335 16.68627 0.01486 17.35441 34.48178 24.80177 23.57527 22.81903 28.17815 8.85105 21.30211 9.72043 15.00869 
1000.0 9.60431 21.94622 28.50993 0.0 16.33962 12.32849 35.33475 27.35202 35.89113 20.52577 30.71216 0.0 21.74774 23.39401 8.87055 17.31112 19.00846 32.83011 10.38943 0.03708 29.42598 13.77982 16.71371 8.07538 23.14665 21.78056 35.61639 12.0288 11.65474 33.73816 
1000.0 22.70931 27.19712 7.55715 0.0 20.24415 25.9204 25.26161 30.29622 17.89112 19.605 23.33132 0.0 10.42517 27.38377 29.5659 25.31787 32.12887 36.02755 22.32416 0.03222 26.04116 9.38513 30.1671 22.59618 8.53125 27.07306 9.96844 17.55706 12.69674 35.58187 
1000.0 0.0832 0.09733 0.13752 0.0 0.03882 0.03924 0.13992 0.09518 0.07268 0.05889 0.16567 0.0 0.15517 0.07288 0.03767 0.14317 0.13554 0.07868 0.06875 30.49451 0.09564 0.13579 0.05536 0.12504 0.05039 0.06274 0.05161 0.1693 0.15 0.07218 
1000.0 21.51225 14.62869 19.33157 0.0 36.11953 33.61282 22.45583 20.83155 12.69694 8.42551 16.16154 0.0 28.73606 7.95122 32.02605 31.32128 7.34378 27.68207 19.71689 0.02513 24.29043 17.85439 14.1549 12.56571 20.93607 10.90818 24.24821 27.50786 30.80128 15.31346 
1000.0 24.01225 10.23836 25.32923 0.0 19.16028 29.57834 10.2518 12.86574 26.56164 13.31095 27.57098 0.0 26.02603 11.334 24.57507 11.75081 16.85831 9.01968 36.21934 0.01034 36.06634 11.76899 7.31169 26.57019 24.11748 32.91525 23.68332 28.23469 10.39395 9.81287 
1000.0 7.74572 33.70417 19.34001 0.0 13.58819 26.25223 7.64549 34.91138 31.36301 21.81826 21.33987 0.0 11.45756 27.93701 34.82587 8.8753 34.95254 8.18297 15.77128 0.02558 16.27481 35.41864 9.38818 35.2757 21.60694 29.91919 7.82874 17.63931 36.30937 31.57976 
1000.0 14.0019 29.70737 28.99184 0.0 26.02283 7.51232 23.67764 24.50966 13.57997 18.7935 20.38371 0.0 16.99368 18.0246 22.63641 20.08868 9.56711 33.20667 26.03603 0.02708 23.66383 32.70931 25.89699 13.89583 15.82053 27.29589 27.89112 26.95748 16.8522 13.11081 
1000.0 17.34732 30.68919 20.75839 0.0 31.22158 23.74337 26.8178 12.07017 27.81608 29.9607 27.64455 0.0 31.11006 30.61221 17.26854 8.62901 15.41978 13.87293 33.45801 0.00883 7.60173 22.53399 32.99089 32.65221 9.80206 28.51551 12.60193 34.58879 21.46572 16.4048 
1000.0 28.05706 32.93194 16.43809 0.0 26.22837 8.84339 34.72747 13.53353 12.59599 34.21063 15.07519 0.0 11.47149 28.71538 7.76429 26.94373 7.44599 10.47735 33.3184 0.01404 19.5132 7.96982 19.95219 11.79766 23.14147 28.99847 35.63356 23.00626 31.47829 16.48158 
1000.0 16.88568 34.86338 32.23487 0.0 28.38505 12.305 17.00957 31.13731 15.88436 31.37459 25.67016 0.0 19.75629 25.84113 13.28238 28.19023 21.55191 29.81015 9.70246 0.02626 16.23419 28.97801 10.27329 8.5867 35.32158 21.66286 25.99628 30.73885 14.24783 31.73372 
1000.0 8.94462 26.33284 19.58004 0.0 29.64345 35.99648 7.47082 19.8595 36.23926 24.47757 8.32441 0.0 13.06491 33.15116 27.06597 14.41352 12.40185 32.94475 16.80865 0.04002 35.51933 36.10096 12.23562 14.60484 11.27874 32.16672 36.3141 35.04956 17.81226 11.6844 
1000.0 25.98276 16.26904 11.94465 0.0 12.74078 21.5244 11.90923 30.6515 11.66492 9.67778 11.09765 0.0 10.81114 32.0917 30.19744 14.29135 31.40919 20.01191 31.01913 0.03792 9.26098 7.57444 10.54196 17.76127 8.37752 32.07514 32.51576 7.8898 18.61879 16.15258 
1000.0 17.27747 23.03065 34.86042 0.0 23.96227 33.3015 34.76853 15.47583 28.22023 11.21807 23.87109 0.0 33.62684 31.56483 23.23716 34.80738 13.31094 8.37036 9.09035 0.03974 19.28921 15.38444 19.07589 33.70031 15.38026 31.54126 35.21032 23.40239 15.25367 23.6599 
