1000.0 1000.0 1000.0 1000.0 1000.0 1000.0 1000.0 1000.0 1000.0 1000.0 1000.0 1000.0 1000.0 1000.0 1000.0 1000.0 1000.0 1000.0 1000.0 1000.0 1000.0 1000.0 1000.0 1000.0 1000.0 1000.0 1000.0 1000.0 1000.0 1000.0 1000.0 
1000.0 38.09609 41.55555 15.90044 0.0 37.12152 14.88275 31.31102 10.36042 9.67471 35.11107 31.32482 0.0 19.81097 19.49413 17.26013 41.80624 40.79244 26.71057 23.44655 0.04041 14.42696 20.65378 19.38364 18.59786 30.2998 25.27611 39.29933 11.87785 20.99599 31.82284 
1000.0 22.25824 28.94115 21.69732 0.0 20.48945 9.86496 43.89307 14.11427 19.18229 27.17607 36.3598 0.0 35.64962 23.67296 19.12964 28.34554 12.77965 31.19748 32.70515 0.02954 10.87027 21.03346 33.32009 19.45555 41.62604 22.90854 15.69211 28.73395 30.01024 12.97059 
1000.0 35.52718 11.1402 22.21908 0.0 43.6504 37.46256 32.16044 14.43079 42.24954 25.7987 11.90104 0.0 15.26841 9.51181 25.185 40.83951 18.1893 44.057 37.46804 0.03447 24.47307 30.65909 14.30237 32.71949 18.27122 40.0439 31.18855 12.4397 14.25254 22.06708 
1000.0 0.0 0.0 0.0 32.1281 0.0 0.0 0.0 0.0 0.0 0.0 0.0 27.28871 0.0 0.0 0.0 0.0 0.0 0.0 0.0 0.0 0.0 0.0 0.0 0.0 0.0 0.0 0.0 0.0 0.0 0.0 
1000.0 29.95535 29.43331 28.28251 0.0 34.28227 44.58411 32.334 15.03794 35.53196 15.03137 44.6248 0.0 43.35493 44.47373 9.49339 38.96312 44.22354 29.58157 23.54963 0.03777 23.41026 33.3898 16.84509 15.52303 19.21844 34.84363 22.44193 36.45218 22.27678 16.59547 
1000.0 25.9634 16.56236 20.00838 0.0 18.50872 37.4426 44.09473 44.56816 34.69283 34.49229 37.93678 0.0 40.03089 35.54633 11.80856 18.79642 11.36541 35.36289 33.97325 0.02012 32.82522 22.71321 18.52579 28.95754 29.90857 37.20588 40.91554 17.71606 21.74026 10.65352 
1000.0 20.28401 23.02166 31.08359 0.0 32.73885 12.75165 24.93925 41.11171 38.37089 38.7215 35.09123 0.0 42.22241 39.51355 17.08867 36.99065 14.03422 38.76869 18.98507 0.00952 18.24325 24.84936 34.85356 36.92128 40.28525 28.51554 32.43261 43.31863 38.20612 38.11527 
1000.0 24.17476 28.1298 30.1543 0.0 36.38924 43.7243 19.44513 29.01872 34.58482 19.05359 38.10801 0.0 22.95532 15.70928 30.00816 34.51823 32.34135 34.25109 13.78906 0.03252 36.63408 11.81237 21.23326 12.25041 16.03885 39.24669 24.8723 11.84561 27.00192 31.76806 
1000.0 41.10259 14.25914 44.39988 0.0 37.01821 27.04957 15.27478 35.56677 42.30273 36.61269 14.75837 0.0 40.44312 40.99522 28.14302 36.83819 27.85281 40.27773 34.32727 0.03592 30.2278 13.80132 26.12814 32.54874 14.73836 43.99109 37.52665 14.59433 14.85088 42.2662 
1000.0 43.93362 39.1869 21.4731 0.0 34.0291 42.55169 33.22954 36.70885 13.76923 17.59349 39.43666 0.0 43.56898 19.53262 37.43233 11.06772 11.03109 40.22174 43.72213 0.0375 27.85972 31.52847 42.2012 16.62557 29.20266 39.02084 16.08664 16.60754 19.45612 10.56207 
1000.0 20.49495 17.55273 22.79203 0.0 33.22416 12.12029 14.26107 9.45257 38.4888 14.35672 22.24541 0.0 10.65656 31.13503 23.13779 43.92118 10.12672 25.05336 16.73938 0.0352 39.77789 43.98724 20.04337 39.27593 19.45595 34.92375 41.57406 26.56766 28.09256 35.11501 
1000.0 0.0 0.0 0.0 40.81878 0.0 0.0 0.0 0.0 0.0 0.0 0.0 40.14844 0.0 0.0 0.0 0.0 0.0 0.0 0.0 0.0 0.0 0.0 0.0 0.0 0.0 0.0 0.0 0.0 0.0 0.0 
1000.0 22.2675 13.69373 32.93712 0.0 21.25045 26.598 21.73538 43.44788 37.37229 24.97332 30.9471 0.0 44.36172 16.3173 12.12697 20.14024 37.34722 29.46747 26.04933 0.03834 37.38944 32.25996 16.12747 29.17116 29.38541 32.38468 39.55797 18.71736 13.27673 31.26631 
1000.0 41.64025 9.79229 43.56053 0.0 28.94188 22.74305 22.65387 38.64473 14.50966 21.26637 12.84422 0.0 22.85861 40.70498 22.04873 39.28955 9.67337 34.79308 44.12264 0.02968 42.45474 32.89905 34.80298 36.88472 36.19374 23.82012 11.18654 24.12025 20.10943 26.25429 
1000.0 32.72771 14.50155 34.75442 0.0 33.35346 15.56546 35.86116 26.83363 40.85092 19.77933 42.33333 0.0 9.21462 40.91306 33.60539 9.97362 40.12458 19.98784 44.30071 0.01795 28.98234 40.11821 16.32269 26.0132 21.03985 43.30318 29.92056 20.69401 11.90862 31.98521 
1000.0 38.95452 30.19775 31.17887 0.0 15.17082 41.15052 16.81916 11.84382 36.10508 41.43258 25.37856 0.0 41.79302 36.86317 24.23706 15.20696 30.70535 30.32355 23.52288 0.03133 32.47457 35.49443 42.20226 41.10684 15.66303 36.09466 36.40001 14.50679 38.81656 43.35272 
1000.0 10.41789 35.4685 39.09561 0.0 31.23974 28.18518 42.20815 14.4582 27.0553 43.66567 26.72189 0.0 18.42199 31.10023 30.87527 12.41914 18.59507 30.17708 16.27125 0.04019 41.10223 28.01419 32.03936 36.84911 33.97233 11.98823 40.77143 8.95896 36.02262 29.17604 
1000.0 41.06403 31.10584 42.71128 0.0 25.32169 19.46075 11.67371 19.99698 14.99398 35.39074 41.90714 0.0 36.9663 24.52987 15.07254 9.18772 32.34101 29.48739 38.13815 0.04022 33.85091 31.78598 24.78729 12.35026 42.89471 33.27161 36.18711 37.70651 13.54659 10.33762 
1000.0 27.57918 40.24064 27.63394 0.0 27.02211 18.36169 16.6164 36.53394 15.18957 38.04415 35.62436 0.0 25.38573 15.37296 37.45226 10.38972 19.52212 8.94472 19.89372 0.03968 35.75749 16.75754 31.95407 24.48656 39.81777 19.13851 11.9342 27.05366 19.64732 35.09094 
1000.0 0.0846 0.06447 0.13441 0.0 0.10687 0.15701 0.16399 0.12229 0.04135 0.08498 0.04936 0.0 0.11983 0.06194 0.06369 0.08605 0.04616 0.05 0.05016 16.75731 0.17227 0.16281 0.16528 0.06456 0.13717 0.08186 0.12478 0.07711 0.04243 0.09676 
1000.0 29.48307 21.33823 15.24948 0.0 14.08516 27.13065 38.69289 44.62363 35.45507 28.4057 35.76857 0.0 17.52282 28.84715 37.23113 30.26858 43.41917 21.9365 36.24227 0.02862 25.09498 31.12211 22.41034 42.69578 18.36216 16.48179 40.20071 40.72336 36.16954 18.12562 
1000.0 37.26639 26.14469 22.60581 0.0 10.21059 23.65312 19.39893 24.89417 16.32642 28.91487 25.77342 0.0 25.50587 22.7961 41.83786 11.04258 9.46159 43.18621 9.99112 0.0466 16.84793 24.69989 11.90528 43.15566 29.4284 40.34899 24.98335 19.9024 15.47318 10.54652 
1000.0 29.2303 16.34754 43.52527 0.0 11.06795 41.39897 27.48842 18.68503 26.64374 41.16246 19.74281 0.0 24.56228 27.55988 29.51889 37.89661 25.55207 36.23838 27.16447 0.01544 22.61717 43.25817 14.37115 24.46969 13.66124 24.12605 15.03686 28.3838 17.09138 17.8583 
1000.0 17.87321 8.9569 11.58865 0.0 32.9121 20.87181 26.439 18.0808 30.90616 31.08819 36.45771 0.0 28.9735 41.71497 43.86625 15.50577 43.21052 10.43998 41.05397 0.0223 43.46508 33.81188 29.3135 29.76456 17.81587 40.47116 18.53526 42.22929 30.52107 42.99745 
1000.0 22.37926 32.82339 21.33776 0.0 27.72413 38.16483 25.50733 41.33574 9.75587 17.01292 20.6712 0.0 9.73913 8.94742 27.68303 39.96223 10.78037 13.13333 13.02151 0.04492 18.55241 35.265 18.87948 44.59243 25.74735 17.19213 15.93347 14.86628 38.85015 24.15167 
1000.0 12.68352 29.48127 14.1032 0.0 10.43127 18.03847 35.55259 34.98035 27.43084 38.67561 22.40136 0.0 13.33286 40.16279 23.89151 21.67724 27.23014 18.81382 9.13043 0.03639 25.05392 10.8727 27.17723 16.13527 16.79304 34.5192 11.68273 42.51627 24.6196 8.98951 
1000.0 15.76321 13.05016 21.75615 0.0 14.49202 27.32541 22.52886 14.57668 34.65646 19.45675 29.74927 0.0 29.79282 19.07041 29.52765 43.71591 22.1919 23.89797 36.7946 0.04202 19.94356 24.25538 21.74485 29.66681 32.69492 14.75578 14.00391 18.2219 33.55723 26.13836 
1000.0 20.28648 19.533 41.23379 0.0 36.77642 31.55683 30.95858 13.91263 23.52085 12.57472 23.22657 0.0 40.9927 43.01095 38.45559 15.53343 22.70959 10.61002 31.58142 0.02115 31.92039 23.03172 16.15523 16.33082 39.71524 24.00774 44.43591 42.80104 11.46657 23.25317 
1000.0 13.16016 10.94623 10.15204 0.0 39.65946 23.87578 37.40467 16.87474 17.44205 40.73221 26.24398 0.0 21.03446 40.00792 31.71216 31.14816 37.12848 28.54932 15.74104 0.04499 16.85938 25.3981 35.6559 41.92595 33.47523 12.89044 26.31814 21.62825 37.73518 43.30313 
1000.0 29.68338 29.0975 25.42017 0.0 44.24435 17.5507 31.32487 33.93035 34.10094 28.38851 27.50989 0.0 37.60469 13.86755 42.09057 38.17078 29.45024 38.82079 28.60714 0.01802 38.11749 9.5611 14.01549 41.21644 36.74855 38.27108 17.10647 37.17124 38.39357 26.32738 
