1000.0 1000.0 1000.0 1000.0 1000.0 1000.0 1000.0 1000.0 1000.0 1000.0 1000.0 1000.0 1000.0 1000.0 1000.0 1000.0 1000.0 1000.0 1000.0 1000.0 1000.0 1000.0 1000.0 1000.0 1000.0 1000.0 1000.0 1000.0 1000.0 1000.0 1000.0 
1000.0 38.9641 27.52922 33.32371 0.0 19.09127 32.02972 36.28538 37.25183 21.22702 37.2337 31.80047 0.0 30.41248 18.03192 29.23079 8.31372 29.32265 29.87173 14.28948 0.02144 12.55253 24.98753 36.5463 11.17743 30.43294 32.77794 35.51179 36.45275 10.24185 36.32743 
1000.0 25.56626 21.82987 14.22203 0.0 20.33616 33.09368 39.33794 38.13688 39.88507 33.90182 14.71505 0.0 28.35285 26.02185 28.92032 40.34711 18.40529 33.83208 29.57563 0.03248 28.1624 30.79948 9.39556 24.04691 22.60176 10.72536 8.84975 29.29985 8.97074 21.65032 
1000.0 26.58063 35.99168 25.11061 0.0 8.71956 14.65404 30.74044 31.84762 21.33988 29.12047 25.50048 0.0 28.25745 17.76788 29.90983 28.44359 13.2568 32.13202 36.70452 0.01814 27.59868 30.63318 26.28937 12.25889 22.69482 33.30654 22.23677 17.52491 40.31996 20.96427 
1000.0 0.0 0.0 0.0 24.59529 0.0 0.0 0.0 0.0 0.0 0.0 0.0 30.22467 0.0 0.0 0.0 0.0 0.0 0.0 0.0 0.0 0.0 0.0 0.0 0.0 0.0 0.0 0.0 0.0 0.0 0.0 
1000.0 26.95135 14.33154 32.76642 0.0 23.49666 15.33009 18.59125 20.09813 21.73051 34.3859 35.08906 0.0 26.41469 8.30552 15.83546 35.7046 11.18641 19.27519 31.96509 0.02044 18.08632 27.39868 25.09392 39.33297 20.08634 32.31595 25.09615 10.22719 30.73004 26.36536 
1000.0 16.87245 8.98419 9.8751 0.0 23.921 29.4624 32.75845 22.74362 33.33769 37.64906 29.90941 0.0 16.96909 9.28708 38.45724 18.3404 16.97768 11.21754 10.52623 0.03633 12.20604 20.64299 13.27297 21.5214 27.93972 34.3652 19.84346 32.4675 32.34372 36.38658 
1000.0 36.6614 8.94487 22.40931 0.0 12.18993 21.39251 34.13842 11.12408 10.80763 15.01131 36.4476 0.0 37.60705 24.58326 28.41297 25.41034 9.6739 40.30446 27.69771 0.0145 35.14675 11.03581 33.43652 22.12614 24.84574 9.73978 27.08964 13.14182 33.35914 28.35358 
1000.0 20.29262 18.07828 32.50463 0.0 16.64625 12.54226 20.20138 12.48327 17.238 20.59313 15.41245 0.0 16.47467 15.87617 18.54682 17.63361 17.39715 21.65648 38.38469 0.01476 22.45049 34.06543 25.35303 22.93131 10.58546 34.08589 16.54188 32.26503 16.24105 25.18122 
1000.0 36.45342 11.0412 17.46495 0.0 38.15445 11.41683 19.44072 34.25127 17.00718 32.59461 18.5855 0.0 11.32158 9.88472 34.52694 20.1001 35.54434 17.03362 34.13796 0.02393 14.43395 9.79177 17.68884 32.04239 9.60336 31.2491 34.08742 27.51804 14.92835 22.05899 
1000.0 37.20882 12.33433 12.94479 0.0 8.79462 15.96889 13.45023 34.6433 34.67981 30.09948 30.87356 0.0 15.21464 38.97402 25.17031 24.42519 12.76039 31.58071 20.11031 0.03408 16.47002 8.77241 16.69675 24.3781 25.93027 10.03973 8.95396 37.88166 16.47259 12.00348 
1000.0 20.67367 32.74449 35.02021 0.0 13.87316 9.7265 25.95375 20.69555 36.76887 37.62887 9.40194 0.0 25.20181 14.30005 21.02292 28.58841 8.72172 25.6248 26.78865 0.03398 40.27946 26.97728 32.95443 38.68693 8.53274 12.3598 9.60662 19.91893 40.14845 26.58809 
1000.0 0.0 0.0 0.0 13.38273 0.0 0.0 0.0 0.0 0.0 0.0 0.0 16.21239 0.0 0.0 0.0 0.0 0.0 0.0 0.0 0.0 0.0 0.0 0.0 0.0 0.0 0.0 0.0 0.0 0.0 0.0 
1000.0 20.3697 8.39492 38.32455 0.0 35.08451 39.91736 26.60117 21.35116 38.55735 35.22963 28.75243 0.0 22.83883 26.72503 22.17975 11.15737 20.94355 35.09432 14.48549 0.03741 14.72594 33.1896 19.47777 9.63733 36.76987 23.80701 18.65755 37.87484 9.8172 40.24295 
1000.0 38.84703 20.83897 12.17158 0.0 34.71861 31.49051 28.60302 30.57286 13.59 31.30898 39.18879 0.0 34.36125 26.44317 12.04616 20.13515 18.69008 17.83491 40.51758 0.01022 13.66445 22.65395 31.56752 19.557 37.3656 12.30582 13.43533 30.14701 38.13585 38.80477 
1000.0 29.63991 10.20313 37.11509 0.0 24.43739 9.89615 35.8735 19.37922 9.8666 37.7827 16.40517 0.0 34.43539 39.3108 32.2198 16.07083 33.07409 15.4853 9.40253 0.04312 33.40665 34.18157 16.07837 35.02647 24.23559 28.20223 16.88433 27.65821 14.78368 23.46203 
1000.0 40.16781 15.76268 25.63481 0.0 22.91208 24.05599 14.29625 13.73194 36.96699 29.61868 39.87475 0.0 34.51517 26.93474 28.3408 21.19958 24.55984 38.64453 29.21974 0.03508 32.16827 23.31864 26.69519 28.30626 18.06781 20.86407 36.46992 37.81456 31.61838 35.89033 
1000.0 31.93292 21.68766 39.14727 0.0 28.31765 13.73004 32.69124 15.26715 15.98606 15.12814 34.76706 0.0 10.37755 19.80657 15.91503 22.98206 16.67006 22.49076 32.50599 0.04408 21.53898 27.99065 20.81069 38.5121 16.41412 28.83228 8.69228 35.0729 17.10827 21.67605 
1000.0 37.03686 37.74713 40.37103 0.0 22.38069 35.02978 30.3532 32.79672 30.26663 37.97614 13.45336 0.0 33.93716 21.89715 13.45014 15.34071 10.55558 31.88748 20.8603 0.02084 23.03213 28.43913 40.17454 31.12051 19.88746 26.86486 40.34593 29.29423 37.11363 25.28976 
1000.0 15.97725 32.95624 12.14575 0.0 23.96074 18.9773 34.42949 34.83725 22.11272 20.77916 21.13674 0.0 39.32337 37.62226 30.00603 12.49038 36.82739 39.35767 37.52638 0.00944 40.46115 29.54575 30.12174 24.76907 39.06294 32.4048 9.45935 13.04141 11.0304 30.27257 
1000.0 0.06711 0.04382 0.07456 0.0 0.14315 0.07921 0.16549 0.17543 0.13811 0.15327 0.08643 0.0 0.17453 0.12155 0.08845 0.08236 0.0956 0.04701 0.10987 33.87695 0.07533 0.1295 0.13708 0.06801 0.04076 0.0608 0.13137 0.14526 0.06373 0.07095 
1000.0 14.54486 40.56943 25.26499 0.0 35.32076 38.14573 40.1401 10.22318 21.77181 38.40337 27.45039 0.0 11.58139 21.94972 22.57086 15.39899 28.85297 17.06286 14.53828 0.01568 30.62534 29.06523 11.10961 13.99655 11.54521 17.89876 25.77693 20.60029 36.79855 22.79076 
1000.0 22.73321 39.08755 30.20644 0.0 14.52796 23.96653 32.1742 39.84639 33.58647 17.96939 28.77399 0.0 26.77559 39.06375 13.0379 33.24085 25.66504 21.49529 38.18507 0.03912 20.06122 10.96965 9.46488 31.14268 39.48935 27.02235 26.17313 23.67737 10.73611 8.58983 
1000.0 17.53954 12.9188 32.16 0.0 18.30278 32.844 31.39286 11.2005 23.59403 31.93643 24.91582 0.0 20.23426 35.88805 38.74718 32.04093 36.35035 25.351 9.49396 0.04272 23.13781 24.86842 33.24582 35.57075 25.77776 36.0541 39.64163 13.14819 23.90055 12.34809 
1000.0 40.01249 11.02343 38.78633 0.0 18.61657 40.45432 27.70203 34.10453 39.79743 19.66263 27.02372 0.0 40.50704 38.3263 13.46092 26.67222 22.30767 18.98042 33.10447 0.0174 10.97008 11.40107 28.00323 35.68376 28.57445 19.61066 19.74207 36.95368 39.7551 15.66238 
1000.0 26.09046 26.95337 29.9613 0.0 34.62181 30.60154 25.25043 22.60392 29.98296 25.58176 23.4218 0.0 35.78927 15.57113 19.05709 22.18236 38.2855 20.10701 13.48181 0.04351 33.2498 38.98568 37.05205 22.07299 20.67856 30.74351 19.74777 40.2974 34.51945 31.47193 
1000.0 19.16538 10.00869 16.23341 0.0 31.95754 23.42651 27.10217 35.61387 40.1847 20.30672 37.84978 0.0 33.84088 38.44985 27.16241 31.9527 13.8154 33.84376 24.78304 0.01039 17.48728 33.47516 39.13186 28.64318 39.44351 18.53339 26.21189 25.15089 30.41042 34.60349 
1000.0 8.95368 8.91685 31.871 0.0 36.08942 22.66431 18.15258 14.64633 36.45459 25.69917 11.05724 0.0 36.41777 25.96319 8.15789 29.08714 29.24653 31.03871 39.73321 0.01053 24.22326 21.16081 36.27868 14.4624 8.49483 14.96369 29.49315 8.65953 27.99656 39.48709 
1000.0 40.00294 34.72432 22.07094 0.0 21.24739 23.82308 24.79656 28.04873 13.65855 15.61997 10.7835 0.0 13.54694 9.84908 21.47021 19.31023 32.40696 12.77743 36.81669 0.02539 31.62989 22.47396 32.69995 35.11624 8.89717 16.90866 10.9793 10.97602 40.25865 9.14349 
1000.0 30.33774 40.27407 30.05127 0.0 12.96728 17.76224 20.21924 38.67827 24.53363 9.46436 21.98368 0.0 20.09536 30.45014 21.71886 13.55059 38.05419 12.28707 8.32507 0.02492 26.9076 25.53094 15.69787 26.82318 18.57263 21.3291 23.0955 23.81692 22.82728 10.87192 
1000.0 11.7932 26.13969 15.12231 0.0 40.30858 12.0733 31.23184 25.75696 22.36673 16.06781 19.05475 0.0 26.85565 37.55412 39.50901 14.421 39.93902 14.36498 23.41815 0.02039 10.98029 22.2742 23.41305 39.46806 11.55929 25.5477 17.35144 14.62163 24.95565 39.89359 
