1000.0 1000.0 1000.0 1000.0 1000.0 1000.0 1000.0 1000.0 1000.0 1000.0 1000.0 1000.0 1000.0 1000.0 1000.0 1000.0 1000.0 1000.0 1000.0 1000.0 1000.0 1000.0 1000.0 1000.0 1000.0 1000.0 1000.0 1000.0 1000.0 1000.0 1000.0 
1000.0 23.41381 32.74251 27.27231 0.0 36.83575 18.55174 21.67968 48.89987 30.08669 48.78189 12.09008 0.0 32.94759 23.38799 29.54163 10.09392 14.35291 43.89237 12.77598 0.0365 45.72421 35.06535 19.75786 15.18148 38.68545 18.40879 42.3104 19.15439 32.71532 29.41334 
1000.0 25.33693 44.5863 45.5926 0.0 35.01856 46.14773 46.92368 43.31497 39.37096 13.14097 13.35563 0.0 29.62655 23.90538 25.78312 28.12371 16.93257 25.65233 30.20322 0.03843 46.77594 39.59791 26.9113 46.95797 21.04039 32.82777 12.06844 25.21966 46.22774 46.15257 
1000.0 23.2038 26.88284 15.45423 0.0 44.65187 10.20468 46.9275 34.08264 47.45758 24.06513 13.20514 0.0 12.90599 31.03093 15.92061 14.71643 46.08731 43.79022 21.89073 0.02252 15.42691 40.91707 35.39743 28.71383 34.61164 34.45422 23.62503 43.75275 47.51581 15.27667 
1000.0 0.0 0.0 0.0 44.34795 0.0 0.0 0.0 0.0 0.0 0.0 0.0 27.31768 0.0 0.0 0.0 0.0 0.0 0.0 0.0 0.0 0.0 0.0 0.0 0.0 0.0 0.0 0.0 0.0 0.0 0.0 
1000.0 30.35552 45.34118 27.76951 0.0 32.61997 37.94247 32.7177 31.93185 36.41672 21.3558 30.25202 0.0 40.60575 40.29354 44.5681 38.58717 42.21368 24.58004 47.36774 0.01371 22.6637 27.64319 34.76681 46.72262 20.67573 33.37709 39.89267 27.10498 25.2011 40.59806 
1000.0 19.56023 21.7524 34.25408 0.0 44.01508 15.39514 41.12299 46.61607 31.4981 45.49234 30.10377 0.0 44.89807 45.47663 31.41172 24.65109 13.13942 46.25151 24.87709 0.02298 33.61364 11.61507 48.93651 35.20534 13.29997 36.33128 17.19542 13.58616 32.92091 26.86457 
1000.0 15.7329 48.84033 20.90648 0.0 34.32424 26.07888 23.1876 38.43549 25.896 32.47092 29.09065 0.0 10.2814 16.16817 18.37993 29.15019 23.81439 28.20117 16.58793 0.04443 44.70973 19.32853 19.13525 45.30313 46.62775 26.7994 38.68216 26.76643 12.10525 22.30106 
1000.0 41.48816 29.56403 19.03228 0.0 47.00016 14.4253 28.63544 32.96041 10.29553 41.48643 19.71024 0.0 30.92193 20.36131 40.06413 18.87588 33.40926 16.32494 20.34746 0.04211 14.57396 16.60991 21.87393 39.05289 36.04694 22.12162 23.14624 11.15443 14.34495 34.76895 
1000.0 17.32419 28.40038 45.55458 0.0 46.33175 29.55226 27.59445 32.7391 32.71899 17.23145 38.7995 0.0 39.28688 15.73885 29.22405 42.80867 14.5179 22.0674 38.17276 0.04049 21.27435 19.20776 48.00585 20.8039 34.43075 40.45945 39.80822 37.68743 14.32047 35.11633 
1000.0 11.69128 18.45936 33.40452 0.0 21.72979 36.57741 39.87995 33.85037 36.13714 40.44808 31.086 0.0 15.16781 22.84122 12.23711 48.33899 32.07883 40.16052 19.1696 0.02201 41.92078 18.14677 12.3514 29.37918 16.20214 30.51303 21.19909 22.79554 27.90505 25.37249 
1000.0 35.66258 26.19089 24.32456 0.0 43.04023 19.31171 27.92121 20.35762 46.00429 23.06376 37.6379 0.0 44.51704 31.38773 24.26898 37.5575 14.37187 25.86411 33.14754 0.0335 32.40022 28.40574 13.49341 49.17705 18.14239 27.34711 34.61778 34.78328 40.1893 42.53162 
1000.0 0.0 0.0 0.0 31.55449 0.0 0.0 0.0 0.0 0.0 0.0 0.0 45.06477 0.0 0.0 0.0 0.0 0.0 0.0 0.0 0.0 0.0 0.0 0.0 0.0 0.0 0.0 0.0 0.0 0.0 0.0 
1000.0 42.43568 18.16799 34.22538 0.0 16.82553 41.42414 28.72396 40.0067 10.20595 20.653 44.66162 0.0 10.08273 36.00534 49.14253 26.90761 35.19266 46.86592 28.07887 0.02635 13.3407 22.18433 12.44992 31.05751 37.40261 11.56115 26.98978 25.30694 14.29756 41.09742 
1000.0 13.94987 15.55973 22.43755 0.0 30.73722 22.2829 38.39155 10.61097 44.57027 24.20174 40.36824 0.0 41.72395 19.10386 40.03736 32.17408 10.49217 21.83825 11.69994 0.03829 25.96274 10.06361 18.2511 22.92146 25.6857 48.64914 12.79299 24.4147 29.522 20.41199 
1000.0 16.91098 36.85546 16.81252 0.0 26.67128 19.95071 17.73737 22.07178 41.80669 14.757 21.20385 0.0 15.79444 37.91441 21.07796 26.709 32.97289 21.69658 12.33741 0.04151 25.14261 32.07166 38.72084 20.51588 28.89777 26.75139 21.70703 47.37136 21.45484 41.62339 
1000.0 15.12263 11.03663 14.66575 0.0 25.18155 49.12197 18.33589 25.56534 35.42233 27.44801 21.99708 0.0 12.90834 43.99761 25.70035 38.90725 21.43706 38.04484 17.27142 0.02609 17.02097 47.90753 11.07486 35.39256 36.1443 27.03691 11.93509 42.86539 18.54365 30.18815 
1000.0 43.41 26.51804 17.80676 0.0 29.99771 32.83576 23.75951 45.80603 42.11803 34.58543 15.85294 0.0 15.46475 44.41722 21.11425 24.85053 36.70666 46.75456 40.37463 0.02658 31.22278 47.1563 12.0833 35.62293 23.74872 19.00165 32.59533 31.30181 47.71056 26.28704 
1000.0 47.09915 12.65934 46.74325 0.0 36.69541 10.36738 23.35379 24.07982 39.17789 35.03316 27.55258 0.0 14.86603 15.52378 32.60895 31.33227 30.2365 37.48545 30.47402 0.02708 46.52041 16.52119 36.965 21.74606 17.93088 36.62582 20.46454 20.55382 23.04308 19.49879 
1000.0 29.66368 25.40781 40.01181 0.0 25.46858 40.56863 26.70693 23.47849 46.55257 19.55373 45.50188 0.0 13.75019 17.85146 13.05784 17.90091 13.52131 30.98267 29.80933 0.04847 11.20377 35.3896 30.76805 18.46292 41.12782 22.74525 38.52222 17.18629 18.73515 26.3312 
1000.0 0.0909 0.13601 0.06175 0.0 0.05157 0.16022 0.17031 0.19493 0.18499 0.12164 0.18015 0.0 0.19641 0.12377 0.15406 0.18922 0.1462 0.07913 0.18698 34.14814 0.16365 0.11683 0.13344 0.14016 0.13042 0.09469 0.05311 0.16822 0.13147 0.15792 
1000.0 41.0965 48.56159 25.82982 0.0 23.86783 22.22084 27.21333 28.91253 39.67498 29.91445 42.1743 0.0 15.25553 11.60258 47.1335 29.66242 45.03884 39.50509 29.77915 0.04708 39.44675 13.69206 49.39655 47.53117 47.02262 42.63731 32.25213 39.83405 11.97774 31.98306 
1000.0 46.19445 19.84512 38.80911 0.0 44.34091 40.31048 26.31415 12.17149 41.56666 46.88899 44.64074 0.0 22.49753 16.52465 46.98422 22.90053 43.76247 27.70466 40.84316 0.04788 37.42042 18.07055 23.80422 35.92625 26.01069 25.36968 35.04318 20.45359 42.58225 34.74987 
1000.0 17.61981 22.95525 48.09761 0.0 47.76135 47.47151 20.36432 11.19331 11.76988 16.81843 15.37229 0.0 12.6677 38.32106 14.28103 23.35568 29.88433 16.27704 10.20767 0.02831 21.46921 30.80592 45.49048 12.98543 17.95196 11.61631 49.30959 44.64704 33.74526 14.51713 
1000.0 14.27632 46.85528 23.34729 0.0 21.90751 42.67004 40.88256 20.13965 36.19721 9.94898 41.788 0.0 16.74143 29.98779 32.4146 19.16851 34.38412 39.57257 19.34417 0.0298 33.9512 22.95056 21.63347 43.92518 28.75449 25.90712 22.89058 39.25243 15.75634 49.23795 
1000.0 18.0362 29.38955 35.06265 0.0 34.9698 44.11509 40.10257 21.09417 41.65474 15.74389 23.26481 0.0 16.86656 36.24294 42.28333 37.48465 27.73693 40.04673 27.76205 0.02627 46.17121 28.2579 28.9196 31.36649 14.60766 40.82558 42.22322 13.6507 9.95472 33.51371 
1000.0 44.26204 39.22769 15.41996 0.0 15.56087 43.30495 25.88687 41.30458 30.85655 13.76614 28.17726 0.0 43.09698 41.50891 27.20575 47.81439 43.17571 33.39659 21.29062 0.04921 35.14041 30.42093 12.99946 46.36156 21.7554 40.67618 48.82614 33.5188 35.74503 20.4071 
1000.0 18.448 36.06832 22.39055 0.0 32.02504 14.86287 37.10672 28.2528 37.98202 43.98808 27.28899 0.0 41.52315 25.32877 20.22061 16.11262 42.38708 38.8 29.78809 0.02289 46.79258 41.59058 25.84207 12.20386 26.2506 36.45395 36.48228 40.81108 31.51369 25.93254 
1000.0 45.02755 13.09625 11.82648 0.0 33.706 33.2902 30.4956 34.54437 28.1538 31.66629 16.226 0.0 42.83477 31.10247 35.61167 40.1502 48.24707 36.38391 35.21194 0.01356 24.18051 20.73451 18.30164 33.46661 20.72396 35.75856 30.13151 18.42517 21.02843 38.50469 
1000.0 30.46592 18.81597 21.94166 0.0 34.12302 30.96093 25.62833 26.29333 24.12845 33.06153 17.50835 0.0 48.90651 38.57825 16.69161 18.37224 43.67277 25.23852 32.89793 0.02498 41.07153 16.44096 34.74071 42.46232 48.27447 19.31499 28.51329 15.71552 12.31579 48.1166 
1000.0 34.0057 24.10609 23.42557 0.0 24.93908 30.85269 37.3504 18.80476 48.67441 40.23875 15.49261 0.0 39.3267 29.71654 40.3236 15.85386 29.15037 31.4174 39.87304 0.033 11.08377 12.20069 43.92886 14.72812 42.84085 24.9271 18.60632 20.11984 12.19557 43.62625 
