1000.0 1000.0 1000.0 1000.0 1000.0 1000.0 1000.0 1000.0 1000.0 1000.0 1000.0 1000.0 1000.0 1000.0 1000.0 1000.0 1000.0 1000.0 1000.0 1000.0 1000.0 1000.0 1000.0 1000.0 1000.0 1000.0 1000.0 1000.0 1000.0 1000.0 1000.0 
1000.0 29.77632 33.91843 26.72756 0.0 16.06593 16.89691 19.58923 16.27436 29.69622 14.2025 7.8806 0.0 9.58618 8.12671 32.88313 17.97791 32.84451 12.67166 24.96657 0.02489 23.94185 8.14665 20.11117 11.04481 16.51842 18.83607 22.09127 33.54375 18.23147 29.72177 
1000.0 33.83334 31.6387 29.37142 0.0 15.93164 10.42282 21.94046 22.85569 30.81314 20.39034 22.02023 0.0 13.71998 20.84648 33.90879 21.79265 24.75636 25.67788 25.38116 0.02966 13.30981 31.8815 28.50114 15.02165 26.30817 7.78325 24.598 27.29873 18.06192 19.12883 
1000.0 16.02342 10.39555 31.88353 0.0 18.03104 32.378 36.07672 31.9604 22.44478 12.67744 13.19106 0.0 9.80232 30.3553 34.95495 25.51349 34.60912 9.52227 27.59047 0.02588 19.21192 8.64768 9.60672 21.70165 17.10612 33.65895 25.87239 26.64574 33.14631 31.60594 
1000.0 0.0 0.0 0.0 10.95482 0.0 0.0 0.0 0.0 0.0 0.0 0.0 11.15011 0.0 0.0 0.0 0.0 0.0 0.0 0.0 0.0 0.0 0.0 0.0 0.0 0.0 0.0 0.0 0.0 0.0 0.0 
1000.0 14.42799 23.10554 8.53679 0.0 35.28998 30.74655 34.43606 22.00741 11.81622 28.82325 10.23988 0.0 18.13341 33.33543 16.82213 11.91759 7.44409 28.01923 20.25266 0.04193 23.02847 34.861 12.93067 30.32312 11.98014 7.86363 13.63151 9.36586 31.13764 7.45073 
1000.0 24.21343 28.17594 25.73389 0.0 13.16351 32.45041 25.88825 33.7321 21.12525 27.64223 31.95249 0.0 31.03121 31.3913 24.13505 34.51476 11.734 14.07659 30.42412 0.03385 28.61079 18.24748 14.15394 31.086 9.3522 19.02049 29.49447 27.56297 35.11932 15.6221 
1000.0 29.01496 21.44483 31.321 0.0 15.50021 33.60827 13.25782 31.08343 10.58507 8.38208 15.68638 0.0 10.66133 22.53816 26.86466 13.18508 20.90908 30.46045 34.1594 0.0142 35.62706 16.92659 27.28561 29.78098 20.62114 27.30814 34.215 21.66326 7.74919 17.86628 
1000.0 10.51634 25.00556 18.24102 0.0 16.99918 26.70676 18.48439 31.07788 27.81118 31.49965 30.6697 0.0 12.81322 26.4313 32.73061 26.31509 27.61458 27.73556 11.15229 0.03351 32.24577 34.90814 32.52327 32.10626 31.90478 19.65515 14.37322 27.64187 24.95086 25.49311 
1000.0 21.92487 31.91093 30.89611 0.0 20.35157 26.63432 10.18404 9.82132 12.80356 19.48834 24.20696 0.0 33.57575 23.40245 21.71433 22.02463 18.8131 22.40536 16.94113 0.03806 28.46737 17.47442 22.71275 22.38203 23.68691 29.9206 30.81378 13.48957 9.32617 35.47291 
1000.0 24.78238 20.59081 21.41775 0.0 21.70322 12.8128 34.78094 24.52931 31.56365 16.97782 15.83851 0.0 29.98044 11.41982 12.25403 29.54821 16.46515 35.3739 34.67717 0.01764 29.41935 27.85231 17.75766 24.70462 31.7733 22.14722 7.48514 21.93349 14.42693 15.52333 
1000.0 28.49182 15.09336 29.8533 0.0 29.69326 24.94629 26.113 10.71416 7.996 29.01015 9.31533 0.0 17.35366 32.78111 27.17991 13.57261 20.75515 22.71318 12.16185 0.02087 21.9228 36.03335 24.45047 35.9673 9.87556 21.87551 32.48241 21.11788 17.64397 26.14905 
1000.0 0.0 0.0 0.0 31.29496 0.0 0.0 0.0 0.0 0.0 0.0 0.0 23.49481 0.0 0.0 0.0 0.0 0.0 0.0 0.0 0.0 0.0 0.0 0.0 0.0 0.0 0.0 0.0 0.0 0.0 0.0 
1000.0 14.79354 26.69173 14.49605 0.0 22.2737 28.28742 24.09575 19.21667 25.10957 23.85526 23.43213 0.0 10.43714 17.42824 29.37561 24.9555 11.41816 11.34649 7.96979 0.03074 19.24484 35.07447 29.76048 9.09279 18.11616 29.70607 28.87741 20.64599 33.37846 9.48938 
1000.0 27.05097 18.21391 13.62705 0.0 27.99774 23.60526 17.05352 14.89049 30.64622 8.78999 23.92816 0.0 26.14345 15.87892 13.8765 27.25877 25.0437 26.15874 12.19841 0.03267 13.33806 22.09759 20.99868 28.26939 25.37317 28.76402 33.71554 13.29555 31.54634 8.04013 
1000.0 22.31947 21.80574 29.76661 0.0 7.57824 29.53661 13.93359 18.21097 18.1329 27.93877 10.75981 0.0 20.09852 33.44709 27.18991 19.85718 24.71401 31.38483 7.25365 0.02394 12.69468 14.82259 17.54282 31.04317 11.84663 16.70385 12.34767 21.84223 9.86829 35.44157 
1000.0 26.58709 29.68979 22.33394 0.0 14.19297 18.69892 13.67172 18.83896 9.69345 8.68926 35.87483 0.0 34.4396 31.94554 16.08142 9.82975 34.33338 8.51723 21.52491 0.00973 18.12122 23.37696 33.72187 32.30449 30.24989 17.92557 13.39037 12.67369 7.89979 28.1017 
1000.0 7.87534 10.13451 12.4321 0.0 34.70493 33.94736 22.29958 24.64014 13.75598 24.40738 22.5918 0.0 15.91312 20.08384 23.54526 17.82948 9.22688 17.30477 26.7138 0.04053 31.27955 28.31686 7.36557 14.09472 8.69061 20.30398 9.42917 30.13792 20.45975 27.54573 
1000.0 13.34971 16.68944 18.15347 0.0 31.56023 8.09777 30.7108 8.70039 25.58708 18.42405 22.63832 0.0 8.11444 12.19701 16.36025 33.75439 23.91919 36.04058 31.53924 0.04182 32.91948 33.37074 16.90375 33.32862 29.32309 10.0414 27.37415 9.00539 8.54725 34.20759 
1000.0 15.37888 16.02428 13.54673 0.0 24.81197 7.48924 29.61261 27.05152 24.66442 29.25913 20.70676 0.0 31.17478 27.68839 30.68107 35.20611 33.49428 33.85651 19.78886 0.03156 13.43544 24.94776 17.3197 33.19376 15.99823 22.85591 35.1391 16.29103 32.02001 17.42457 
1000.0 0.05166 0.1196 0.04912 0.0 0.11825 0.1299 0.09104 0.08839 0.14431 0.13654 0.12692 0.0 0.09723 0.1444 0.0749 0.14335 0.14849 0.13912 0.07592 11.06111 0.09503 0.07294 0.05721 0.16338 0.05171 0.12042 0.13601 0.13628 0.13941 0.09416 
1000.0 20.92288 35.68227 21.83528 0.0 27.16715 34.29227 11.80906 23.63913 14.23876 8.27522 32.8232 0.0 18.93156 12.72671 26.69365 18.36096 22.66257 30.63869 10.12858 0.01301 24.86873 33.49243 19.36828 34.80517 15.59501 11.41244 9.9866 10.90831 27.07612 10.08688 
1000.0 17.31571 22.42772 11.98755 0.0 13.89883 28.82153 20.11202 32.93063 30.13947 20.96435 16.29741 0.0 27.01802 21.14024 18.16515 31.55542 11.35031 35.20841 9.67236 0.02293 17.71157 21.32116 32.17338 12.15462 11.95799 15.90673 14.8725 7.59077 16.44904 29.55976 
1000.0 15.61023 15.41342 8.50044 0.0 23.05257 21.68906 11.86024 32.41273 15.78753 24.31771 9.48795 0.0 9.04397 9.81039 27.07875 10.19273 31.28154 35.77648 14.98438 0.00967 10.12542 28.69779 8.05656 17.23805 27.07986 28.38665 34.7299 7.27318 34.49806 10.29776 
1000.0 12.7996 17.15902 19.67666 0.0 14.54246 8.888 16.14138 28.09717 34.43233 20.25524 17.35919 0.0 25.56265 26.8966 8.3165 15.12764 35.58578 31.69443 31.49794 0.02012 20.06254 30.25795 9.90176 24.42729 20.96368 22.88929 29.84912 34.25684 10.08193 20.25585 
1000.0 34.23528 26.25515 29.45355 0.0 33.06149 28.54882 9.5259 27.23475 32.03765 23.24584 23.59888 0.0 30.2786 7.61489 10.25231 27.74731 35.66796 9.31376 19.76514 0.02291 19.36335 31.56181 14.20181 14.35542 24.01341 12.95169 27.79616 28.05171 28.34042 30.17478 
1000.0 9.86795 25.75356 9.42545 0.0 9.25127 22.53983 20.2129 11.13097 30.75205 14.48776 10.97884 0.0 12.23703 11.39197 18.0042 25.32093 35.13848 30.07729 17.7092 0.04231 33.07803 7.98672 11.65505 24.54294 23.28005 30.86229 11.78334 9.08106 16.2869 35.747 
1000.0 26.76844 35.80623 27.45665 0.0 28.2169 21.97603 25.21012 35.7584 15.88468 25.15328 29.36359 0.0 8.37763 11.22294 34.16993 24.21315 12.07458 34.45088 9.02531 0.01321 23.35847 35.21661 22.74082 17.26672 32.34597 33.52109 28.84083 22.4871 10.87896 30.75536 
1000.0 30.63827 31.83999 35.04896 0.0 19.06536 9.8145 30.30661 11.77542 23.23354 8.99316 8.71275 0.0 30.68685 24.88233 26.68114 23.59655 21.89052 30.6041 13.21827 0.0268 31.43442 14.1495 14.12577 32.83971 23.28016 8.67286 20.04263 21.1622 14.52463 35.84379 
1000.0 24.15326 23.08535 11.25883 0.0 16.53305 27.09691 20.7723 35.67164 25.71651 30.48873 32.20443 0.0 15.22767 8.26526 22.08244 8.6338 27.91141 12.29938 16.82221 0.03247 9.38072 11.77317 17.10073 30.75568 14.53623 18.70409 25.14542 12.67321 12.75232 33.86157 
1000.0 21.70779 31.60244 25.49868 0.0 33.51056 8.50415 27.07126 28.91257 16.15411 32.86539 19.89752 0.0 24.04778 8.2134 12.59164 14.08997 25.22615 32.78414 23.65157 0.03605 16.31807 20.19095 29.41107 11.06939 23.09422 29.1778 32.80289 20.30505 35.25692 14.02319 
