1000.0 1000.0 1000.0 1000.0 1000.0 1000.0 1000.0 1000.0 1000.0 1000.0 1000.0 1000.0 1000.0 1000.0 1000.0 1000.0 1000.0 1000.0 1000.0 1000.0 1000.0 1000.0 1000.0 1000.0 1000.0 1000.0 1000.0 1000.0 1000.0 1000.0 1000.0 
1000.0 30.64677 28.86626 18.2012 0.0 11.895 10.81087 35.50396 41.34309 39.18281 16.51632 24.37078 0.0 39.97245 37.7509 10.88643 22.28051 14.06864 23.42935 29.10207 0.01084 26.67961 17.31272 8.77965 41.94299 21.49519 11.97971 16.4266 41.77909 42.16565 35.7496 
1000.0 35.58486 12.95559 37.67744 0.0 23.95991 29.24818 32.57877 40.53729 25.93378 17.6016 32.37605 0.0 20.72539 35.89842 35.20428 35.74059 21.48247 34.29695 37.29962 0.01531 29.67211 32.26266 10.07574 41.26306 32.72138 38.75448 16.48205 39.72854 15.22517 37.02432 
1000.0 28.9634 19.86971 38.28658 0.0 36.41322 29.93133 30.7003 28.09757 28.95786 25.19187 10.57853 0.0 34.05245 25.34953 14.15811 10.43007 33.23025 12.8185 18.59584 0.03621 39.23133 25.33879 41.45319 21.17643 24.64314 12.1978 23.0749 15.12563 16.6854 20.61278 
1000.0 0.0 0.0 0.0 18.92809 0.0 0.0 0.0 0.0 0.0 0.0 0.0 28.57228 0.0 0.0 0.0 0.0 0.0 0.0 0.0 0.0 0.0 0.0 0.0 0.0 0.0 0.0 0.0 0.0 0.0 0.0 
1000.0 18.60341 19.41198 38.48108 0.0 18.32529 37.26344 19.8452 39.15518 9.64256 24.04241 23.28878 0.0 18.37496 30.37572 13.33664 37.28029 15.46728 17.50153 40.08455 0.01117 20.05351 35.9196 22.85682 24.06269 17.42865 28.38623 21.30598 25.46339 28.41782 28.09211 
1000.0 28.01931 12.27266 14.93092 0.0 11.94074 11.82949 32.46088 23.26575 35.07084 20.59927 14.08739 0.0 19.55338 15.48491 28.16128 33.34721 12.55413 19.24853 17.01715 0.04047 22.78506 34.32626 9.35685 41.3744 21.63972 21.24332 34.97733 34.61429 26.93603 10.81819 
1000.0 15.82673 19.34858 33.6662 0.0 39.11403 11.05941 34.98367 22.39571 19.48918 27.92735 15.85578 0.0 19.37369 15.64047 23.89775 11.18892 38.7043 35.11152 34.1874 0.01897 10.63061 13.22035 17.74754 27.65821 12.46646 28.19826 30.63032 16.23715 19.74504 39.33341 
1000.0 18.33202 29.77867 18.03016 0.0 39.78694 10.54018 17.38205 37.57715 36.90391 12.47755 23.5423 0.0 33.57851 37.9158 35.33383 27.5393 25.08901 22.57212 29.8428 0.01672 29.71525 8.73523 28.52186 29.86801 10.91119 42.13256 21.13383 38.86268 32.22257 24.38209 
1000.0 13.85268 37.4412 11.27099 0.0 18.42603 30.17516 41.15761 37.27335 39.43121 25.96277 14.0829 0.0 15.81538 42.61906 16.83248 42.42926 16.01392 31.76546 24.29015 0.02745 37.46931 41.24128 33.00681 21.4834 24.51227 24.55709 25.57206 24.2079 14.76081 32.05181 
1000.0 11.94774 9.31312 21.09403 0.0 37.80412 11.55212 21.5025 9.99975 15.98835 27.5838 24.77156 0.0 32.57393 18.722 19.20153 37.17566 19.22956 20.14894 20.70026 0.02502 36.64165 39.97515 40.33427 24.34537 14.43444 24.9132 26.32458 32.19166 15.23158 11.27757 
1000.0 14.08116 11.36106 9.9408 0.0 34.36308 9.09072 21.6191 19.16131 12.78468 24.57647 40.79998 0.0 15.02114 13.77883 37.47677 20.86567 21.62854 38.8077 18.4378 0.03741 42.06957 30.04559 11.02995 26.79432 13.4584 24.28518 20.04757 35.47646 14.55448 35.72291 
1000.0 0.0 0.0 0.0 23.07452 0.0 0.0 0.0 0.0 0.0 0.0 0.0 41.17682 0.0 0.0 0.0 0.0 0.0 0.0 0.0 0.0 0.0 0.0 0.0 0.0 0.0 0.0 0.0 0.0 0.0 0.0 
1000.0 28.519 40.88535 41.41813 0.0 29.01815 25.25412 25.28563 33.46981 36.92681 21.65006 36.37483 0.0 30.17398 15.42673 11.9387 15.01635 41.65276 32.82936 9.13514 0.02703 15.01269 33.45623 35.81266 30.91099 12.04657 28.30647 15.52262 14.10529 35.18496 27.60224 
1000.0 41.48363 36.23948 25.46798 0.0 12.47541 23.5819 32.73811 38.19472 19.97876 17.59955 10.10893 0.0 22.63047 26.6548 11.95088 31.5445 19.56515 9.16088 41.26929 0.01987 14.89105 18.86602 14.10251 18.57076 29.87019 21.51863 14.63684 17.10643 15.27836 12.28982 
1000.0 41.02487 17.95552 29.38447 0.0 22.28836 30.12766 32.251 41.24086 24.73905 39.79066 32.11034 0.0 24.85345 29.27008 19.50947 31.69809 8.69913 34.47341 42.407 0.02869 18.0818 17.2718 17.75504 9.7054 30.08469 39.14025 28.12825 42.2992 39.46151 11.05078 
1000.0 34.62569 32.02336 32.75725 0.0 20.91217 24.21162 9.80626 14.86851 9.23672 19.22526 24.2132 0.0 24.57607 34.72299 11.70957 29.93037 40.46953 27.34614 42.79755 0.03138 21.45164 33.9131 36.76725 24.82547 39.74031 42.45583 40.91648 35.72486 17.87461 37.37587 
1000.0 38.39415 28.77834 28.57929 0.0 14.83633 10.00675 27.25015 37.80101 18.00072 29.89436 35.06985 0.0 31.74326 20.80222 34.44308 13.05498 27.74084 15.44949 13.52673 0.03983 12.03954 41.18085 21.40579 22.88037 14.52771 20.88529 13.60867 22.18485 9.13105 23.15188 
1000.0 28.89547 34.27821 37.33952 0.0 29.94502 16.1151 40.83759 17.61507 38.99493 12.56047 22.20655 0.0 33.41355 16.25973 15.74028 33.67547 28.33107 35.14226 36.81974 0.0323 34.17404 24.78191 15.34452 29.07002 8.80304 13.65829 14.52984 33.88821 24.67078 17.61528 
1000.0 35.41467 20.54984 19.84001 0.0 10.62363 11.05173 38.39251 28.98575 22.2218 25.54141 18.25261 0.0 35.44107 32.51793 40.05218 13.21431 42.70361 17.88032 19.3615 0.02119 15.273 27.77558 34.62197 30.88164 14.51773 19.4114 42.41315 31.21588 36.61984 25.44833 
1000.0 0.16135 0.14968 0.06768 0.0 0.15805 0.09098 0.17871 0.10054 0.09731 0.18335 0.06618 0.0 0.04246 0.06073 0.17284 0.17263 0.03929 0.07136 0.08675 33.90838 0.12102 0.12692 0.1073 0.11455 0.11174 0.10305 0.0962 0.1144 0.18263 0.16481 
1000.0 33.38412 17.45082 19.10788 0.0 41.84095 24.11315 9.31984 24.71621 8.83915 26.03817 18.15837 0.0 21.04253 15.07735 38.57398 10.71377 11.77898 31.20676 13.12793 0.01563 19.30323 29.2817 27.70769 35.4385 15.24855 18.87058 22.90195 10.94395 22.69526 30.53297 
1000.0 25.84545 31.15671 39.15556 0.0 42.61126 41.27761 33.26523 32.54096 13.01732 29.16342 33.44231 0.0 23.5808 36.21624 34.57853 35.52384 29.73465 32.36016 34.82078 0.04068 27.89448 14.22479 17.19765 33.39064 29.49604 41.21622 10.32511 26.28866 29.01616 36.38285 
1000.0 14.28492 35.81757 10.39014 0.0 22.62545 13.6062 28.90298 32.60401 16.85397 38.23555 38.40638 0.0 19.9179 41.32666 30.62138 14.52759 32.23967 22.42886 38.3333 0.01852 36.35953 19.00611 23.85096 29.99357 40.29298 41.41318 12.69858 29.58113 13.27844 33.46173 
1000.0 16.2439 30.03417 8.864 0.0 24.44029 16.21906 11.54979 36.74864 37.52089 12.03008 17.72318 0.0 42.44031 25.43712 33.30954 20.97947 31.32512 42.27207 21.32446 0.019 24.33725 22.68111 24.66446 32.95792 11.60297 41.41711 9.82605 16.04654 31.39861 40.57839 
1000.0 39.10477 38.23259 33.55 0.0 32.69256 24.87186 8.99181 13.35187 26.9666 29.60581 19.32449 0.0 14.46819 28.97868 31.29944 12.72147 13.51458 39.0223 27.1021 0.03044 37.08121 8.63804 14.14855 29.72146 8.97218 37.99337 18.14311 40.11097 31.93878 38.7606 
1000.0 40.11283 35.74388 32.18219 0.0 35.64913 9.63541 42.17458 41.95658 18.87897 14.40237 33.14099 0.0 27.92945 14.87191 26.89351 41.60619 32.48715 24.20937 12.16515 0.02301 10.9838 38.44789 34.48849 23.60312 27.19683 37.07956 38.78058 12.15264 30.21964 9.55497 
1000.0 26.18393 41.73012 35.34052 0.0 42.06536 37.82706 29.72926 30.23688 22.05116 25.95459 33.72335 0.0 32.27942 12.39013 12.61011 39.81975 9.91298 34.64785 20.94111 0.0171 37.33396 10.58383 13.87899 13.92909 13.51366 9.4884 38.96429 28.47808 10.0337 13.27487 
1000.0 26.85385 38.01645 31.98003 0.0 9.10418 39.96929 40.09829 10.81562 24.51472 27.57408 34.90005 0.0 16.04996 40.82299 18.08933 13.47862 18.43896 33.65699 18.95272 0.0453 10.52297 19.8353 38.09805 39.03023 42.68468 15.58719 22.47587 28.86242 19.44371 28.87646 
1000.0 35.35911 36.59574 25.53115 0.0 12.32783 22.05112 12.40486 15.41751 23.19305 15.69936 33.7492 0.0 8.98763 9.34001 15.62894 23.26081 18.42835 11.423 9.08607 0.01053 24.48173 9.63291 33.63482 25.21114 13.339 28.01037 15.46982 23.50505 14.57379 29.96213 
1000.0 29.40136 38.23056 35.02048 0.0 26.34851 31.52296 38.03062 27.30909 24.14779 30.51828 31.97412 0.0 37.24724 18.91583 33.50726 8.97216 21.93105 14.90433 31.02443 0.03582 33.83112 12.74703 30.74249 34.29836 22.25396 34.0124 20.84706 13.73052 13.17577 26.45303 
