1000.0 1000.0 1000.0 1000.0 1000.0 1000.0 1000.0 1000.0 1000.0 1000.0 1000.0 1000.0 1000.0 1000.0 1000.0 1000.0 1000.0 1000.0 1000.0 1000.0 1000.0 1000.0 1000.0 1000.0 1000.0 1000.0 1000.0 1000.0 1000.0 1000.0 1000.0 
1000.0 18.21207 21.90347 23.94988 0.0 18.67153 17.80264 22.28152 31.78874 32.5345 8.68592 23.56701 0.0 27.05745 22.9228 14.33203 14.54876 12.9277 17.17249 20.00756 0.01604 18.26145 18.34705 20.32474 14.68185 23.17857 11.58569 15.16053 24.52332 33.62422 16.03509 
1000.0 24.95086 11.39846 8.26043 0.0 25.69149 21.04374 31.15662 7.26623 29.78041 8.88631 33.82868 0.0 16.08306 30.67928 24.66659 32.83971 24.41128 16.67123 11.84575 0.009 16.09913 14.78979 11.37698 18.46214 14.91796 12.17305 33.81033 26.39123 25.70831 7.65403 
1000.0 12.03281 13.85057 30.29072 0.0 15.56847 21.29364 14.80905 11.12033 22.63277 31.61415 11.21465 0.0 26.39152 13.41215 12.24738 28.00986 32.60225 29.16956 27.02193 0.01731 32.21634 27.21812 14.18123 24.77738 25.2295 32.78361 15.77546 28.5519 33.56514 17.31026 
1000.0 0.0 0.0 0.0 29.00049 0.0 0.0 0.0 0.0 0.0 0.0 0.0 20.78034 0.0 0.0 0.0 0.0 0.0 0.0 0.0 0.0 0.0 0.0 0.0 0.0 0.0 0.0 0.0 0.0 0.0 0.0 
1000.0 16.74614 26.18712 16.02158 0.0 8.73683 18.73765 7.49425 10.61319 15.63849 9.39512 19.30146 0.0 27.2437 27.48727 8.95574 27.50124 32.77697 33.48183 25.61318 0.03439 8.18779 26.2061 22.0897 14.68821 28.65538 20.25519 29.9847 7.68964 16.17171 16.32742 
1000.0 30.41044 15.82181 24.54451 0.0 30.12094 9.87006 19.96057 13.78834 19.35372 7.41478 31.56771 0.0 9.37 11.32505 20.07619 22.74957 12.4254 29.11047 16.0273 0.02749 22.32659 13.36508 16.78083 8.92907 15.71259 23.02055 12.9993 24.66477 24.39096 18.29567 
1000.0 33.05628 33.98397 22.5547 0.0 15.6331 25.17261 21.94801 33.21902 23.62833 23.12067 8.72862 0.0 12.52717 13.32514 24.47502 33.29228 26.48877 32.45428 32.47249 0.0153 8.36907 8.73786 32.41001 17.83771 11.37096 28.63576 14.68219 7.8961 21.20327 14.12031 
1000.0 12.03602 20.21757 23.60898 0.0 26.22554 29.00726 12.89796 9.46657 11.57453 30.94382 7.47758 0.0 14.16087 29.05703 9.55132 14.72517 33.81955 11.75833 21.86865 0.00913 14.15037 30.42281 29.32365 29.95422 24.08796 31.61773 11.73668 21.00905 14.02901 25.62094 
1000.0 34.12655 16.39554 30.23151 0.0 23.41576 11.54437 12.07834 7.47443 25.38932 13.34988 16.56746 0.0 31.40651 14.93276 30.74697 32.27088 26.79303 20.93356 27.46941 0.03188 16.70136 23.85957 27.92542 29.94721 14.98407 16.32137 29.68124 14.49726 21.66006 18.51826 
1000.0 31.53795 20.35864 15.07737 0.0 7.88323 26.40976 28.93731 29.25605 8.71562 15.28111 18.9881 0.0 9.65469 8.26587 21.53238 13.3591 18.83936 31.48493 15.45064 0.01992 8.87078 21.94236 9.5489 32.78957 31.79281 30.08075 13.78329 16.44138 11.35518 21.26936 
1000.0 24.22435 8.89012 33.62381 0.0 29.33736 29.72421 20.40483 11.98443 24.18604 16.7993 15.81894 0.0 32.55564 8.40835 25.42595 25.14295 21.41382 24.35978 24.39937 0.02229 15.35663 19.45422 17.65517 19.75659 18.57362 26.04148 21.69174 13.32105 30.13983 23.58992 
1000.0 0.0 0.0 0.0 34.17856 0.0 0.0 0.0 0.0 0.0 0.0 0.0 24.12659 0.0 0.0 0.0 0.0 0.0 0.0 0.0 0.0 0.0 0.0 0.0 0.0 0.0 0.0 0.0 0.0 0.0 0.0 
1000.0 12.66169 11.15939 16.17237 0.0 7.76138 27.65516 11.70762 24.62274 34.11275 30.64441 30.86247 0.0 24.93647 22.25237 20.71148 21.52523 11.94235 11.41134 16.31961 0.04105 32.92262 8.96684 19.91629 32.30157 22.90713 32.17105 29.86638 13.35267 16.7086 25.64865 
1000.0 15.54746 7.25181 16.8523 0.0 28.08251 14.31981 11.85241 19.84822 31.08437 12.61791 8.22305 0.0 20.7328 15.62915 26.92643 30.60614 15.80442 30.29186 30.3163 0.03046 16.46517 24.51532 24.46896 32.2374 13.22521 26.8602 17.91738 21.4446 18.89786 23.76447 
1000.0 32.65121 20.52662 16.60606 0.0 19.97966 11.91266 9.16332 24.28926 17.05584 11.48828 9.87215 0.0 22.92509 33.59053 7.75902 23.21881 23.56414 17.56526 33.52919 0.0411 17.55984 10.3544 8.04342 8.83394 25.16882 22.67996 21.80689 30.79654 27.18434 22.49404 
1000.0 11.07365 15.82458 26.38046 0.0 8.74174 26.75284 7.03831 30.78796 30.53273 15.92764 17.67015 0.0 33.25482 18.5508 33.48431 9.45898 21.39196 24.96066 32.3968 0.01144 9.35701 31.81797 32.26296 21.62034 7.82166 21.29304 15.54569 13.47419 21.3955 31.48105 
1000.0 30.59462 25.40007 9.39785 0.0 18.66519 27.01569 18.99342 17.23116 16.18688 21.23541 18.32691 0.0 14.24697 18.25698 24.94909 32.27342 15.00523 14.56844 27.73476 0.0266 30.93614 22.27278 30.565 30.93903 30.12091 7.38203 22.40008 31.89895 8.9682 13.62753 
1000.0 33.24822 30.37998 25.82982 0.0 26.87229 26.35346 20.83487 28.8402 17.10339 15.53365 17.92569 0.0 29.18841 33.38096 10.37064 14.18872 28.84908 31.41001 15.52636 0.02256 19.8536 23.80845 12.38044 19.47551 20.01844 15.60755 25.04726 16.83407 17.61694 32.85671 
1000.0 14.85024 8.64175 27.61715 0.0 13.38329 17.71356 22.34484 32.82302 8.28968 18.84697 21.59556 0.0 32.65609 32.76305 14.66425 29.73694 24.5011 32.26205 15.66669 0.00944 33.74083 19.03254 16.82384 27.45491 25.05336 16.11525 32.20209 17.75086 25.75969 23.49327 
1000.0 0.03642 0.07768 0.11352 0.0 0.15555 0.06889 0.09797 0.15128 0.14599 0.09389 0.13665 0.0 0.05799 0.13004 0.09395 0.06118 0.12399 0.11778 0.08801 15.30008 0.12944 0.13916 0.0962 0.11816 0.0438 0.09159 0.16112 0.12506 0.10428 0.09455 
1000.0 33.16487 22.11938 22.02335 0.0 27.46562 24.12963 12.37848 7.78692 25.69036 9.01151 31.58272 0.0 13.12263 29.92821 7.45604 28.97192 15.16696 33.54151 27.59425 0.02504 28.80551 26.9244 27.78017 7.17045 15.93091 12.6928 9.96501 32.28282 28.36982 15.47001 
1000.0 31.1506 15.73357 23.59011 0.0 25.88405 17.09921 14.30813 14.57241 14.24621 21.5994 33.92289 0.0 25.94326 12.51928 8.8687 30.3238 14.45479 11.14289 14.91621 0.02243 27.30917 21.82457 33.87543 8.6559 7.70832 20.15681 29.36505 32.94813 14.90511 15.64454 
1000.0 15.25779 20.95901 28.82644 0.0 25.83158 17.86421 26.05461 33.01407 18.39716 28.34131 20.11104 0.0 14.11108 24.42042 7.71668 16.63169 24.88461 10.09014 10.73431 0.02123 26.91035 17.69166 33.9949 20.15237 9.55486 29.25447 24.68852 23.04998 22.68222 16.46212 
1000.0 28.15272 25.69545 12.57547 0.0 8.65075 30.19768 10.9702 33.00212 31.03527 17.47969 19.0031 0.0 19.36773 19.09405 16.45913 20.26526 28.95687 32.27639 29.32013 0.03352 9.37881 30.35809 11.86882 23.73824 33.42125 31.96643 30.42748 26.7312 16.96969 25.14211 
1000.0 30.81303 30.99846 30.65966 0.0 16.5435 14.17066 33.48614 30.37576 23.26985 15.65828 33.27816 0.0 27.17042 17.08056 8.80489 33.64415 9.20525 14.83755 32.0738 0.02555 28.54484 21.22429 14.24024 17.41846 14.30657 20.18864 20.65182 19.45377 27.49477 15.29938 
1000.0 16.87485 24.26413 9.02287 0.0 11.2813 23.30548 27.38835 21.29599 26.55377 12.76151 28.85122 0.0 22.42424 16.21389 21.27737 15.75446 10.01393 16.83434 28.55948 0.00924 13.313 31.8881 8.57038 17.87046 33.86561 29.21438 18.98368 20.74632 19.4386 20.3006 
1000.0 14.05285 21.5313 27.19245 0.0 11.77068 33.94058 8.60313 26.9826 33.81148 24.31085 22.10961 0.0 9.52337 20.72414 32.1564 21.25618 20.51238 25.94409 7.96042 0.03845 23.51219 19.59191 18.03235 21.14022 20.70091 18.72464 11.466 10.64479 20.11505 29.81277 
1000.0 16.25139 26.50111 22.92143 0.0 32.85501 23.27501 18.94562 25.78881 19.30012 17.75008 7.72737 0.0 10.0425 22.10085 26.60015 12.45254 20.32911 15.65942 29.56666 0.01788 13.85815 13.57594 10.53863 12.15209 25.28623 31.70158 33.54612 28.24205 20.92096 28.16621 
1000.0 32.62461 28.79619 23.44821 0.0 33.4691 18.573 20.42026 31.21555 31.18843 8.34677 32.06734 0.0 30.72864 17.46968 29.60856 10.09906 14.7211 19.24053 31.80004 0.02549 13.37849 32.64418 24.13495 11.42764 23.16931 20.62536 11.38803 14.09383 13.52501 10.14782 
1000.0 10.96718 31.67161 22.55115 0.0 8.66042 29.98018 12.61762 33.73327 32.54279 7.03256 7.75677 0.0 17.66509 12.72911 31.66833 16.57126 24.6355 33.35017 25.89292 0.01953 32.1073 7.02636 23.42634 22.2056 15.09836 7.27564 17.63773 31.71175 23.26872 19.97459 
