1000.0 1000.0 1000.0 1000.0 1000.0 1000.0 1000.0 1000.0 1000.0 1000.0 1000.0 1000.0 1000.0 1000.0 1000.0 1000.0 1000.0 1000.0 1000.0 1000.0 1000.0 1000.0 1000.0 1000.0 1000.0 1000.0 1000.0 1000.0 1000.0 1000.0 1000.0 
1000.0 28.75112 11.5682 13.86274 0.0 16.5496 37.20928 42.53122 22.55686 13.5925 28.49127 33.94597 0.0 23.34569 36.92993 23.60368 36.147 29.9875 25.92607 40.88552 0.02336 37.38741 19.30149 34.32003 36.93776 26.77969 26.21462 43.12924 43.90635 31.59676 34.31268 
1000.0 21.36398 14.79494 43.89405 0.0 33.92583 27.03448 18.02418 9.31005 43.65612 33.70641 21.35806 0.0 14.42391 32.24775 43.31152 12.0739 18.37466 39.25493 29.47494 0.0344 39.99644 35.1059 39.54595 30.53495 43.03747 37.10568 36.04612 41.02006 43.17415 10.29832 
1000.0 18.87078 40.05414 19.32327 0.0 15.90974 37.05855 15.91312 43.0391 28.26274 12.1098 37.92288 0.0 19.70596 26.43789 14.99745 32.86078 12.05977 42.44531 35.92234 0.02473 9.36896 27.09655 12.428 26.39303 31.57365 33.07411 25.09332 21.05278 32.81687 37.44205 
1000.0 0.0 0.0 0.0 42.8855 0.0 0.0 0.0 0.0 0.0 0.0 0.0 11.26 0.0 0.0 0.0 0.0 0.0 0.0 0.0 0.0 0.0 0.0 0.0 0.0 0.0 0.0 0.0 0.0 0.0 0.0 
1000.0 41.92794 26.21578 28.37031 0.0 42.9716 26.52009 16.44405 41.16208 21.03709 39.1275 36.95963 0.0 39.79265 10.36123 36.48652 11.12391 39.70447 34.82976 42.54654 0.01202 15.97925 29.86545 22.65428 25.2791 31.15558 39.07002 31.64369 36.23196 22.53671 29.47483 
1000.0 23.42633 24.54973 33.84327 0.0 33.29656 13.68177 21.85997 38.61969 12.63594 30.79844 14.02347 0.0 39.88453 27.14132 39.43811 12.58919 36.38483 44.15436 10.11732 0.01403 36.61011 10.33376 25.7812 34.56121 21.91956 19.92164 13.37752 24.36793 11.72349 29.77461 
1000.0 43.98659 14.88658 32.93804 0.0 26.744 28.69588 41.8067 17.65563 41.52201 21.18844 27.03422 0.0 12.12579 35.44412 18.32615 27.83621 14.12364 29.32427 34.48806 0.04132 31.44035 18.31468 17.16862 39.22809 33.97759 12.55148 31.28421 23.69391 15.61954 9.12522 
1000.0 33.32985 20.78907 16.80459 0.0 23.39883 38.2683 18.80927 30.35417 10.34483 34.11372 17.8336 0.0 21.28418 25.7739 17.35717 18.34048 28.60189 15.54723 15.60407 0.01454 10.67625 26.34908 30.16322 25.63581 17.18228 11.60393 26.86922 36.12522 28.95762 22.22705 
1000.0 20.86693 22.72513 21.94917 0.0 26.68843 14.01366 17.57366 36.8809 21.60794 17.50749 26.76344 0.0 12.50965 33.38104 17.88727 13.28633 44.12948 24.38684 42.83011 0.03212 40.05314 39.93273 33.84914 40.6935 22.93352 27.08518 24.52587 38.02918 37.28958 22.48026 
1000.0 23.18955 14.3504 36.325 0.0 15.27479 15.99731 43.09775 37.03253 43.40795 30.63346 17.41779 0.0 37.05718 29.01323 36.27809 41.42458 27.60306 41.63964 26.51432 0.04455 35.29143 24.32383 23.93356 12.34274 9.72502 33.61517 22.20926 25.0406 28.93157 29.17209 
1000.0 43.69832 29.62584 43.99217 0.0 27.54538 10.22298 9.26422 35.56208 20.10473 40.72377 39.93368 0.0 25.86217 38.71962 26.16116 19.00446 37.77409 41.15898 13.46963 0.03219 43.25796 12.5226 37.79504 9.77708 42.11275 18.3385 11.00466 31.55949 29.33257 37.84739 
1000.0 0.0 0.0 0.0 14.36662 0.0 0.0 0.0 0.0 0.0 0.0 0.0 41.41508 0.0 0.0 0.0 0.0 0.0 0.0 0.0 0.0 0.0 0.0 0.0 0.0 0.0 0.0 0.0 0.0 0.0 0.0 
1000.0 13.38307 39.08564 19.9741 0.0 41.26442 40.03509 10.88816 17.30516 33.42312 41.02459 35.38036 0.0 38.30803 32.04896 32.66877 17.3072 10.33694 18.2717 19.36882 0.02286 38.13206 9.04292 37.95709 39.12037 40.13088 42.1914 9.52709 24.66391 19.5301 31.96133 
1000.0 41.15367 12.66639 15.75066 0.0 17.61084 18.90673 23.61678 25.79778 20.38093 42.99946 23.71252 0.0 26.54925 23.26051 15.64648 42.78538 31.19733 10.87744 41.52128 0.02726 39.73504 41.45067 22.8853 25.79688 27.99776 39.46047 35.90434 25.43538 14.59399 38.17069 
1000.0 41.34713 8.95485 27.15952 0.0 9.09691 33.92442 34.53561 37.27855 28.57193 23.71881 18.31851 0.0 44.16335 20.21649 43.05303 36.89006 26.07073 27.91302 19.16208 0.02827 10.77089 13.49724 29.29147 20.53866 14.36803 9.42311 32.45031 39.08636 27.46979 19.97349 
1000.0 27.19441 13.99209 19.31453 0.0 18.8915 40.5308 13.90132 17.41556 31.83225 16.08491 42.96148 0.0 37.37147 29.68041 34.90031 42.64333 33.17662 13.58138 17.96795 0.04685 30.48507 34.78662 14.4935 24.37876 24.85417 20.20877 36.33072 18.04415 10.61343 32.77824 
1000.0 11.47435 13.08395 33.87823 0.0 36.44552 26.67238 15.00281 11.10483 18.12428 21.19079 9.53444 0.0 11.20673 26.23829 17.09513 13.68228 20.70908 40.79155 29.23099 0.03828 26.61129 41.81014 36.93042 20.33823 12.01019 24.38357 20.69978 26.97146 14.88118 36.19634 
1000.0 20.22362 15.76714 30.16119 0.0 41.84723 13.66383 13.09826 38.46143 24.07804 30.80257 31.43399 0.0 13.56256 21.39095 38.8436 23.89276 32.16361 20.65853 21.93297 0.03071 44.24303 33.64319 15.18961 18.98442 37.59784 11.11619 35.1083 33.92045 31.01728 22.03818 
1000.0 14.78158 33.15107 43.39785 0.0 15.20634 26.50357 42.64394 11.44912 42.54539 20.26866 15.60065 0.0 39.73882 26.07076 27.44061 30.20137 32.23235 42.67345 16.96584 0.02288 35.14673 24.8864 27.1686 22.80312 26.51563 42.9203 22.59649 39.18016 20.39954 24.12929 
1000.0 0.14422 0.16116 0.05306 0.0 0.12935 0.16575 0.09437 0.09862 0.12874 0.04696 0.09942 0.0 0.0532 0.13547 0.17904 0.07733 0.18807 0.17136 0.18081 18.14602 0.08192 0.16568 0.03775 0.08225 0.07241 0.06308 0.16731 0.06516 0.08904 0.04197 
1000.0 16.34468 39.06749 13.66331 0.0 34.67801 23.70674 39.50486 9.27072 40.07921 25.19547 40.32419 0.0 41.45364 35.60828 20.35794 18.63197 27.03124 11.34315 12.9819 0.04626 44.20276 10.96722 25.31407 40.63 12.97679 9.516 15.61714 44.23724 37.2853 37.01755 
1000.0 10.36761 32.01683 43.04725 0.0 23.84978 40.72134 23.48123 33.51669 13.49365 37.25063 18.82614 0.0 40.35846 44.21921 19.85232 15.18579 16.63873 31.05211 36.48868 0.02585 43.00781 43.46133 19.15112 41.32523 36.13009 41.394 40.30404 19.43611 38.83757 43.8715 
1000.0 13.78095 21.02559 10.5936 0.0 41.32606 40.33457 31.06103 42.85954 26.03511 20.67274 19.8996 0.0 28.37018 33.20987 27.62117 43.65003 36.29927 42.44926 38.72305 0.03896 39.95187 21.69058 30.21174 20.8784 25.58361 26.17318 19.77685 35.5526 40.07256 24.62498 
1000.0 8.98447 36.99385 34.41519 0.0 40.05789 17.09636 13.91936 16.11332 10.25301 15.27375 35.62693 0.0 20.56562 35.61682 15.98105 12.21566 22.456 42.08853 28.14833 0.03925 17.8613 35.36295 16.76879 28.24473 12.61821 10.27388 27.72773 14.90121 27.1926 28.21218 
1000.0 12.35063 16.36971 31.07365 0.0 17.15779 39.00807 28.93932 28.26859 20.81599 31.74376 30.42227 0.0 34.51458 34.81714 37.66978 37.7607 12.84846 32.88996 31.45726 0.01831 24.58552 30.44081 11.92147 19.63791 11.23584 32.03838 22.76141 39.12022 25.78854 21.21641 
1000.0 9.30627 43.85554 38.77268 0.0 11.0381 42.54219 36.65621 17.14949 23.15364 27.59725 36.26204 0.0 26.47263 16.00058 18.95531 30.07027 36.72413 18.64468 27.21772 0.04329 36.32606 18.61925 13.02115 38.41852 24.11318 14.16109 20.38979 25.16026 26.88412 11.85956 
1000.0 9.22214 29.71229 12.86031 0.0 28.10648 11.34529 34.21937 19.84197 10.12768 28.54969 13.68754 0.0 10.15639 37.23623 9.08066 42.06242 32.66597 24.61012 13.02863 0.03738 16.00254 10.16916 19.27877 14.03095 38.04196 42.31579 43.14566 14.54193 41.43727 36.75963 
1000.0 15.84293 43.28903 23.86799 0.0 14.5378 41.73207 15.08411 22.68494 25.98622 31.6117 30.53091 0.0 12.00154 16.14215 42.24876 28.96335 23.54078 15.7346 12.23302 0.03869 25.33537 9.90273 21.53194 31.76365 34.77048 10.33374 20.28249 30.49816 15.80771 26.61778 
1000.0 18.60087 13.35813 14.80192 0.0 26.73122 42.63647 35.46224 20.11873 17.09977 11.49207 27.40504 0.0 26.60281 17.56713 12.99724 41.08526 9.57787 9.54376 43.08658 0.03797 34.10069 43.44976 16.34562 23.86612 8.88253 25.0029 22.90308 13.57823 24.68611 11.90376 
1000.0 24.31603 31.33664 36.81372 0.0 43.27473 18.25435 32.98648 13.24302 40.51027 24.73992 42.49055 0.0 11.38636 14.66237 44.02723 38.30058 19.37008 29.89975 30.38649 0.02283 34.94643 23.3681 24.99312 17.27685 19.36245 40.54393 23.91696 10.68439 34.35412 28.16265 
