1000.0 1000.0 1000.0 1000.0 1000.0 1000.0 1000.0 1000.0 1000.0 1000.0 1000.0 1000.0 1000.0 1000.0 1000.0 1000.0 1000.0 1000.0 1000.0 1000.0 1000.0 1000.0 1000.0 1000.0 1000.0 1000.0 1000.0 1000.0 1000.0 1000.0 1000.0 
1000.0 44.54081 18.34501 30.4103 0.0 46.70948 18.74121 21.87604 25.55209 17.93275 46.05138 34.23116 0.0 15.44915 34.84793 43.63545 24.57903 13.77931 44.31454 31.90294 0.04177 41.50841 42.92113 33.54118 19.16808 18.21752 45.80269 24.23528 33.50877 33.05326 33.78816 
1000.0 13.67134 16.9603 26.26333 0.0 12.68626 34.55423 27.29219 9.90385 25.18266 42.02767 41.46404 0.0 17.52322 31.73115 22.43983 22.45962 13.95625 12.80655 30.73821 0.02372 20.30957 42.71759 42.80819 47.9259 16.35223 35.79359 16.39632 20.00476 15.18701 29.15969 
1000.0 46.75113 18.98823 13.58015 0.0 20.03282 47.59491 20.27875 13.02779 16.58802 30.4764 22.78855 0.0 12.09349 17.90732 17.35436 44.58219 44.53535 18.5366 41.84873 0.01259 40.38181 39.91234 44.29248 43.54451 25.75133 21.79128 14.63734 33.46628 31.26015 39.66788 
1000.0 0.0 0.0 0.0 35.90503 0.0 0.0 0.0 0.0 0.0 0.0 0.0 26.84841 0.0 0.0 0.0 0.0 0.0 0.0 0.0 0.0 0.0 0.0 0.0 0.0 0.0 0.0 0.0 0.0 0.0 0.0 
1000.0 25.56377 32.51702 47.40581 0.0 15.95073 19.89648 33.46127 34.18651 26.8203 27.44829 34.63431 0.0 17.73844 41.19055 22.11902 11.8445 28.66604 37.70152 41.21445 0.03096 16.62173 29.89767 47.20972 13.53543 15.5668 21.71 23.24472 32.1184 37.75572 27.11223 
1000.0 19.32471 37.86966 33.40399 0.0 31.94598 31.0484 25.08381 38.31221 35.1326 22.7445 42.99172 0.0 17.2989 33.1927 22.6011 17.43355 12.15665 16.55359 13.72506 0.01171 45.12961 36.78355 39.33641 20.46212 14.04695 35.64525 24.14162 43.92558 39.55692 41.27751 
1000.0 39.51505 15.21426 41.23673 0.0 19.61172 47.63817 10.97381 29.73151 35.42238 14.79976 31.13545 0.0 45.76536 19.79452 18.70615 39.10518 18.44344 12.67465 25.31465 0.01381 19.40841 25.98505 22.45258 44.9638 20.4213 13.28574 23.57829 15.34088 41.56208 36.35052 
1000.0 25.20663 19.20904 28.41513 0.0 34.80497 14.07229 43.46963 45.78868 37.14096 21.56616 34.38102 0.0 14.54591 47.78303 17.12239 32.46974 24.26077 40.58289 31.36847 0.03884 12.55813 46.5163 39.72387 16.3623 29.53181 41.64015 28.95697 33.71592 15.75774 40.1361 
1000.0 24.1119 30.86962 36.50831 0.0 15.12709 12.56998 41.77688 29.17954 36.13179 46.26825 39.53734 0.0 45.31182 22.26036 23.24317 36.52337 22.77502 22.35572 20.99823 0.02592 16.66551 11.41913 27.06399 45.23774 23.78236 17.40813 17.36217 27.29524 19.13109 21.5965 
1000.0 11.97179 30.5448 30.9747 0.0 28.45869 39.13882 23.71551 15.15553 29.24155 40.81168 45.75741 0.0 19.86507 32.26577 26.70903 35.60301 28.3102 30.96461 20.41498 0.04477 23.88958 18.8848 15.69022 32.65901 25.57288 16.45334 36.03566 13.83569 39.17155 13.74984 
1000.0 25.65257 15.00861 23.52404 0.0 38.10733 9.94968 38.89852 39.60559 19.29951 42.15212 47.71735 0.0 32.911 39.4124 15.56006 38.71026 22.07455 12.42261 22.27789 0.0157 38.31753 25.27022 20.17427 11.36461 29.45261 16.1288 24.93443 33.03791 22.47895 19.58598 
1000.0 0.0 0.0 0.0 9.66542 0.0 0.0 0.0 0.0 0.0 0.0 0.0 25.37438 0.0 0.0 0.0 0.0 0.0 0.0 0.0 0.0 0.0 0.0 0.0 0.0 0.0 0.0 0.0 0.0 0.0 0.0 
1000.0 18.51047 27.12457 11.72133 0.0 46.74355 42.51371 12.94083 39.25618 29.42494 30.11317 35.32092 0.0 9.92462 30.49695 47.11313 32.7806 27.99939 44.47743 17.48841 0.01581 26.95469 9.75849 25.06843 10.65759 34.67317 44.67024 34.63886 32.25642 39.22815 20.02758 
1000.0 28.66763 33.71268 32.9916 0.0 35.4464 31.96125 16.40673 26.05274 40.02325 15.89583 47.28149 0.0 44.87478 13.65099 16.11673 45.67623 43.18102 39.11208 27.15966 0.04292 19.90049 40.64679 13.63843 47.90557 42.96594 36.51842 26.69697 44.24805 12.01595 27.04718 
1000.0 21.2388 38.4706 44.90133 0.0 11.47522 23.78626 42.06469 41.53126 35.08376 35.58083 20.69388 0.0 17.39781 30.28222 19.51508 45.13849 10.18242 11.74684 28.52459 0.03796 19.76892 20.18111 38.03524 20.98459 38.30845 12.73962 17.59144 42.97724 17.70523 27.11953 
1000.0 19.76827 26.93006 29.77447 0.0 33.33867 36.26519 46.8846 12.79488 26.74431 36.4596 26.31326 0.0 15.29468 42.91821 24.09051 20.47446 41.30515 37.8224 37.36217 0.01905 39.25377 12.70851 31.78787 34.20922 45.76126 11.75287 45.46779 19.56414 18.10279 46.73782 
1000.0 44.31246 44.88673 28.2543 0.0 24.02895 25.54201 17.55359 13.74765 43.09425 19.01414 18.71539 0.0 22.45756 24.38767 43.89702 34.75627 21.11776 14.89665 21.50335 0.03433 32.77656 38.59309 21.10479 40.99701 34.18457 42.6923 26.92721 25.66127 41.4354 24.37957 
1000.0 11.19813 35.0987 16.87269 0.0 12.59363 39.52082 20.38817 33.2625 38.48608 25.32604 42.03262 0.0 42.98971 12.8141 13.97992 42.07742 46.23342 44.19761 36.72982 0.04441 23.63495 32.50828 20.61132 20.44387 44.75963 38.87601 40.28439 29.43027 17.28895 34.75297 
1000.0 33.18614 19.37129 13.64742 0.0 37.24197 19.03722 35.95273 34.41982 16.70903 43.18671 14.39341 0.0 16.64039 43.41465 45.15056 29.31036 11.26888 46.68304 30.01032 0.04574 27.65556 17.41096 32.81131 37.27239 23.46076 32.06227 33.07461 23.48255 47.48537 41.72322 
1000.0 0.0783 0.15306 0.05338 0.0 0.10947 0.05016 0.09723 0.13247 0.08443 0.08087 0.10588 0.0 0.04913 0.09903 0.09385 0.13787 0.12758 0.07223 0.13309 40.21662 0.0639 0.15475 0.09429 0.14487 0.16958 0.1658 0.19567 0.1664 0.18927 0.17266 
1000.0 24.7101 11.78354 33.91915 0.0 39.62178 46.40371 26.2069 31.23063 25.68764 25.05882 36.42601 0.0 33.33868 18.39777 32.12552 38.79189 16.61136 39.54543 38.56056 0.01039 30.46827 12.27244 41.5825 37.435 24.49838 28.70115 31.6658 29.28818 42.31179 15.30056 
1000.0 33.98365 13.37006 34.33562 0.0 27.17309 19.30631 13.49313 29.00396 9.91408 25.06184 21.76854 0.0 39.70593 38.75429 32.76789 17.06925 14.48228 39.54227 29.9918 0.02811 22.67289 44.91884 39.05646 30.22903 14.48187 27.52566 37.72936 41.56715 37.1152 21.58853 
1000.0 35.32764 40.68468 11.56426 0.0 14.91204 40.94636 39.36905 43.22526 22.13849 42.46547 10.55674 0.0 22.21691 25.49489 34.90105 27.63457 42.1499 47.4513 26.57494 0.02412 23.02462 15.18204 25.65305 33.41646 10.42442 22.76735 18.24605 39.65599 44.85424 16.93038 
1000.0 37.47642 29.98651 45.46148 0.0 23.13272 19.49504 22.60186 36.28858 35.34842 32.59347 41.57958 0.0 24.92901 17.75897 31.04435 34.06709 46.45455 16.20846 20.87457 0.02076 17.00429 44.33149 46.60785 27.36416 17.51037 41.26262 37.22505 45.25401 9.85632 32.65434 
1000.0 10.17916 25.72535 37.25828 0.0 21.56888 22.35262 13.48204 11.80546 18.28569 13.58432 24.01881 0.0 45.22431 10.57636 22.31238 33.69527 32.16984 20.59813 42.18259 0.01412 31.09639 38.78561 11.67185 42.85569 29.22253 19.59535 32.02593 22.81306 30.94204 27.34532 
1000.0 34.14205 13.73331 23.57344 0.0 34.09529 33.53341 13.38592 34.44676 22.49162 47.25324 39.47066 0.0 44.58858 45.30512 34.83682 15.26347 12.76533 42.15649 36.48374 0.03458 25.4797 25.34077 26.90854 18.55809 31.74958 21.50261 38.78465 19.30219 20.06793 17.48894 
1000.0 19.86882 35.49081 25.96691 0.0 19.48602 27.77195 32.68061 13.58591 34.19292 43.62498 17.08178 0.0 11.03998 14.6281 24.89885 44.40488 44.81776 38.77794 25.60238 0.02443 24.42601 15.14786 43.90008 22.75417 14.75049 43.43682 28.6394 10.69225 19.98934 30.75821 
1000.0 18.25299 10.95574 13.61906 0.0 18.21104 11.968 36.88764 32.23061 29.01534 10.7049 42.02835 0.0 41.21697 14.51785 20.09949 21.53331 45.39566 24.07767 23.14962 0.01804 18.16698 15.19792 20.55685 15.94924 22.83258 43.26337 34.21523 28.69458 37.53175 13.54818 
1000.0 30.27571 18.75237 23.68812 0.0 24.2715 43.87774 38.73188 12.27618 26.75921 31.40648 43.175 0.0 31.13294 42.77878 37.61445 39.26952 13.00582 13.01854 16.03896 0.04032 29.13475 44.10829 30.14422 43.84206 13.91883 40.01112 33.07113 39.7497 38.3248 20.58312 
1000.0 41.72317 23.52113 29.40465 0.0 10.10079 30.8022 15.0826 44.22855 30.31916 18.55639 45.68267 0.0 29.24354 44.02902 41.48144 12.13206 12.97359 23.7033 46.8471 0.02289 25.01124 31.36449 37.27677 41.23992 31.13849 37.41224 13.31717 21.32172 39.26516 41.58791 
