1000.0 1000.0 1000.0 1000.0 1000.0 1000.0 1000.0 1000.0 1000.0 1000.0 1000.0 1000.0 1000.0 1000.0 1000.0 1000.0 1000.0 1000.0 1000.0 1000.0 1000.0 1000.0 1000.0 1000.0 1000.0 1000.0 1000.0 1000.0 1000.0 1000.0 1000.0 
1000.0 20.23674 23.24581 40.10579 0.0 37.21362 16.66819 34.56258 33.08062 37.14452 32.6434 9.24679 0.0 39.00323 19.81408 19.97963 30.21569 34.22438 41.30751 18.45081 0.03438 31.8041 11.04071 13.35915 30.16525 22.62171 36.3563 30.82098 24.64515 10.38281 27.2328 
1000.0 9.26844 13.25781 15.79538 0.0 24.75754 23.45588 40.10712 14.55703 40.85251 25.34275 31.99219 0.0 31.80182 44.03067 14.2428 19.91113 19.75365 32.86957 39.40031 0.03642 24.78901 11.39186 29.09319 9.71949 27.89804 15.97197 9.96675 18.24694 29.77758 25.295 
1000.0 38.5969 12.57775 40.65643 0.0 40.04688 11.50004 42.95637 20.14298 43.84932 21.44394 14.37966 0.0 37.17211 43.91678 32.70548 37.1131 11.83441 12.55801 13.05828 0.02465 19.73413 31.95745 34.67981 23.0499 36.47696 10.98625 16.53906 37.84565 44.29526 35.36542 
1000.0 0.0 0.0 0.0 43.29042 0.0 0.0 0.0 0.0 0.0 0.0 0.0 32.94013 0.0 0.0 0.0 0.0 0.0 0.0 0.0 0.0 0.0 0.0 0.0 0.0 0.0 0.0 0.0 0.0 0.0 0.0 
1000.0 11.44016 26.30193 13.18849 0.0 17.89914 10.09427 28.41076 20.82652 22.50039 40.84078 29.40673 0.0 43.21697 28.62241 31.90945 25.87205 40.49691 43.28415 25.24712 0.02055 27.78814 31.80515 38.14546 21.22196 11.79871 29.04484 24.34178 20.59379 24.71969 38.60984 
1000.0 41.26783 15.37437 43.23619 0.0 20.23588 29.82085 14.96897 26.71092 18.10942 10.64185 34.31277 0.0 22.98541 26.64732 15.00823 15.37348 22.20506 37.36939 30.64214 0.0329 21.65372 18.05462 19.82894 23.65555 32.14044 34.87039 37.97571 21.84227 9.21288 25.65553 
1000.0 11.64356 31.78499 15.80445 0.0 37.35568 43.38848 14.68618 31.08994 30.31875 14.9798 13.9685 0.0 31.61298 15.2915 14.9879 10.72728 42.3444 33.7778 29.93819 0.01942 18.08528 23.00529 20.1424 35.09431 35.30132 33.03579 42.56207 31.22496 9.74943 26.33544 
1000.0 16.72819 24.50849 38.21999 0.0 35.8428 42.5189 28.86886 27.53778 24.84606 31.55849 26.99012 0.0 44.77666 43.74331 27.59502 34.02291 18.97271 35.45714 30.66126 0.01164 33.14537 23.14367 39.30655 20.99918 40.20194 10.20029 26.8671 44.40934 26.38924 10.19914 
1000.0 14.37048 40.31352 27.54622 0.0 27.81346 20.08042 30.2634 18.40473 18.04822 17.11984 43.34918 0.0 10.12055 31.51287 26.25424 30.6945 24.3753 28.54313 10.21586 0.04548 43.35973 33.70773 14.04447 15.76983 36.13256 25.55373 40.0047 9.68628 16.63745 37.26594 
1000.0 42.56946 27.26384 39.42638 0.0 25.84951 25.98428 32.07904 39.58798 42.67224 23.95842 23.69043 0.0 30.71532 43.26907 32.73153 26.55486 22.48804 43.14879 29.31447 0.03516 32.8936 9.95472 14.21719 24.04263 41.18604 35.62242 21.05072 44.232 10.62242 28.65114 
1000.0 10.17899 15.60253 28.24873 0.0 20.77093 19.28806 36.44239 43.22635 43.48769 20.37298 15.30794 0.0 35.41905 43.59141 9.41637 38.02003 40.95649 37.09963 24.54518 0.01625 43.96388 34.27382 41.27578 10.55705 40.5953 37.6382 42.44622 17.05118 38.76253 21.67385 
1000.0 0.0 0.0 0.0 32.735 0.0 0.0 0.0 0.0 0.0 0.0 0.0 17.09616 0.0 0.0 0.0 0.0 0.0 0.0 0.0 0.0 0.0 0.0 0.0 0.0 0.0 0.0 0.0 0.0 0.0 0.0 
1000.0 29.39501 14.06406 37.25465 0.0 41.90667 37.79665 41.69992 20.52591 19.78352 26.8906 30.15383 0.0 17.31671 43.38091 11.8345 28.17743 39.3732 10.77755 42.98381 0.02418 33.61089 12.37748 17.34686 30.73339 35.36489 16.19152 15.41593 10.26571 42.55895 38.03903 
1000.0 40.38891 24.95618 33.74234 0.0 22.95584 36.09076 9.89833 17.23909 10.23382 15.80297 22.98103 0.0 27.91239 12.96091 14.67076 18.95687 37.21048 11.25363 17.99022 0.03939 28.77132 23.58639 15.61686 24.57163 38.22937 10.91141 10.60545 42.62298 44.69591 40.12378 
1000.0 23.19677 26.50409 37.22754 0.0 20.61029 17.35748 36.88354 20.50719 26.61765 38.55964 36.47712 0.0 39.77026 37.80748 19.66297 31.06883 28.93951 37.59551 35.32804 0.03972 20.62065 32.38176 32.77041 15.47903 33.58668 42.83101 33.4594 34.2991 16.76118 12.60973 
1000.0 33.90754 28.55057 17.28119 0.0 19.14415 37.51567 21.30567 27.83926 18.05668 13.70519 13.07372 0.0 19.77498 13.18397 25.40399 32.73433 20.70889 20.85475 13.45142 0.03326 17.59791 13.68752 27.05045 18.15773 39.45609 19.36114 27.52581 34.81062 34.53862 40.30648 
1000.0 27.53732 27.55694 29.65557 0.0 19.40244 35.13061 28.908 9.16397 41.41249 11.90563 40.47565 0.0 44.17823 12.75485 21.19087 42.12815 18.70356 43.74125 14.22043 0.01601 29.34113 13.11562 17.5835 32.90833 24.3512 27.76975 17.4019 16.96339 21.86358 18.13849 
1000.0 13.39967 26.24163 13.9594 0.0 11.92799 36.0459 12.77061 29.9547 25.61332 12.54403 36.68012 0.0 22.67487 12.19952 38.17042 12.99227 26.21007 18.17881 30.30744 0.01737 35.58694 39.52121 43.79183 23.15216 20.25471 19.55032 28.8657 19.95541 10.51246 28.5907 
1000.0 16.01851 9.46188 31.18007 0.0 10.68663 16.83762 23.33405 31.28074 11.20273 37.82444 37.80584 0.0 20.20105 11.76489 25.17478 42.47562 23.02573 42.6447 14.4496 0.0132 18.95588 17.31557 30.65972 9.97253 42.39666 14.72836 23.9814 25.32886 40.47164 40.07262 
1000.0 0.04784 0.14417 0.16843 0.0 0.14848 0.14602 0.1468 0.10127 0.06376 0.06143 0.18225 0.0 0.08734 0.11776 0.15079 0.06841 0.14143 0.12429 0.07062 32.17539 0.1768 0.18664 0.17845 0.13783 0.10208 0.14617 0.06321 0.09378 0.1653 0.11948 
1000.0 26.46363 44.8083 29.26881 0.0 17.24267 36.9907 31.3687 24.26678 38.65156 24.17649 35.75779 0.0 26.05918 10.91926 34.38562 30.53841 17.56208 40.55502 22.99039 0.01691 43.92931 34.43069 19.7933 9.63453 9.24846 12.28648 40.60606 30.1767 10.1366 28.47324 
1000.0 35.74042 19.94916 41.1375 0.0 39.86057 25.26844 35.83141 25.95451 40.80564 22.98571 37.8001 0.0 16.12525 28.38747 13.3197 9.65193 38.88351 40.96519 40.7706 0.01666 41.60224 9.70422 39.79278 41.72759 37.73716 17.99013 9.20489 25.35523 34.43792 31.88739 
1000.0 16.51304 24.67576 28.05603 0.0 18.06204 9.83081 30.24985 43.61893 14.59472 28.20178 18.42521 0.0 32.40919 12.34005 27.6335 39.91668 26.434 39.46484 24.90706 0.02854 35.89271 10.47973 32.97539 42.77833 21.37513 19.01444 40.64359 38.87811 25.58285 24.06937 
1000.0 22.84532 20.62357 33.39347 0.0 37.8612 20.55885 33.49151 43.98322 14.62375 10.48968 31.37209 0.0 18.0632 34.35585 31.29019 26.508 30.55021 15.50954 31.93678 0.03209 23.80287 39.09936 35.77528 15.36963 36.51067 10.5453 29.75948 29.6769 35.71623 14.77675 
1000.0 27.80887 31.5763 41.23009 0.0 16.89945 33.29349 44.44857 9.35664 40.43098 26.93995 36.26194 0.0 37.13437 40.72498 35.27559 15.49411 17.9591 10.64518 17.80008 0.02923 44.9215 12.03352 34.37572 16.69133 11.2796 32.21727 9.06395 43.33249 12.55157 12.73662 
1000.0 25.43643 15.89831 28.7266 0.0 34.48758 34.38773 13.7447 32.01161 14.06391 16.08046 21.55624 0.0 36.61163 15.12593 17.57353 13.91231 20.21124 15.77544 16.75112 0.04712 44.33824 20.25364 25.32658 26.17276 23.48431 35.96112 15.52018 29.34125 30.4274 40.92086 
1000.0 14.86255 44.06084 34.54861 0.0 28.26016 18.42759 40.85221 37.94686 15.50913 18.96609 36.86134 0.0 38.6808 18.37729 28.33924 13.86718 14.67881 21.30498 25.20629 0.03398 37.85764 33.14197 41.86495 29.62466 20.10699 25.05129 44.89998 34.65506 21.27273 12.13361 
1000.0 38.75856 27.21952 27.77048 0.0 15.16158 16.09568 40.52063 40.28251 11.2682 41.83666 31.20371 0.0 40.77459 9.59646 11.47139 41.66805 39.65868 12.71782 43.28805 0.01511 32.0461 9.295 16.16828 18.37168 10.30261 32.12509 35.28241 15.4222 9.35816 39.07891 
1000.0 9.98009 37.83198 17.42328 0.0 34.25135 28.55523 22.27621 39.20036 34.67856 17.81094 24.09155 0.0 41.33593 26.45419 42.16239 36.59842 44.27485 12.92576 36.32501 0.03712 29.45671 37.80008 19.32481 9.33249 24.45456 37.80312 40.05997 41.77606 22.89195 32.39892 
1000.0 27.74381 21.51596 30.36272 0.0 13.16671 32.64475 28.28191 18.23971 18.87489 41.87336 40.92638 0.0 10.1329 35.07767 13.36246 42.66764 34.55446 11.6697 19.55346 0.04312 12.9368 17.35315 33.92471 25.24234 20.06848 10.43945 30.60478 24.02789 35.42036 41.67877 
