1000.0 1000.0 1000.0 1000.0 1000.0 1000.0 1000.0 1000.0 1000.0 1000.0 1000.0 1000.0 1000.0 1000.0 1000.0 1000.0 1000.0 1000.0 1000.0 1000.0 1000.0 1000.0 1000.0 1000.0 1000.0 1000.0 1000.0 1000.0 1000.0 1000.0 1000.0 
1000.0 10.03662 16.79733 9.98351 0.0 45.7426 37.61423 23.32619 17.04809 10.98805 48.56625 28.17929 0.0 30.81501 20.53475 30.3682 26.28649 33.7039 48.09742 45.07299 0.02401 23.02895 15.23554 27.86422 16.53013 20.39503 32.21779 47.02126 23.27182 31.35341 44.11899 
1000.0 49.61854 40.21133 41.55935 0.0 19.547 35.17802 39.38191 28.47896 45.28555 10.90953 37.20419 0.0 11.81663 45.63765 25.71315 30.02892 47.85388 43.37972 24.4688 0.0316 33.766 25.21756 42.78752 36.45343 24.87333 14.21757 33.45845 40.85078 44.43428 35.16211 
1000.0 48.94663 22.42066 10.95031 0.0 48.4802 11.0928 41.47887 40.82128 12.81646 10.35377 36.25094 0.0 34.6067 11.15302 11.19643 23.18552 43.7469 34.14129 47.94847 0.02438 17.91107 41.19394 49.75086 31.13256 18.70865 10.51455 22.3468 12.91657 12.38799 34.5987 
1000.0 0.0 0.0 0.0 41.14225 0.0 0.0 0.0 0.0 0.0 0.0 0.0 14.51536 0.0 0.0 0.0 0.0 0.0 0.0 0.0 0.0 0.0 0.0 0.0 0.0 0.0 0.0 0.0 0.0 0.0 0.0 
1000.0 31.54645 44.01216 31.21937 0.0 31.86376 30.3369 31.39398 25.10868 41.72161 38.52558 30.56741 0.0 36.96472 33.41962 23.49208 11.76881 27.5669 40.19586 25.36861 0.03933 24.91605 14.48952 11.13121 27.36573 21.71587 32.11162 11.8084 41.95637 19.96584 42.18614 
1000.0 17.27339 45.28801 42.18892 0.0 21.51913 44.41696 36.78159 36.27026 46.46895 46.4536 20.98784 0.0 36.73258 35.72139 25.36602 25.65759 14.70987 11.71807 15.0572 0.0169 41.38996 18.13041 32.47861 40.56208 28.77108 18.14807 38.61021 17.69564 49.61246 44.90615 
1000.0 30.0259 39.85279 40.19999 0.0 10.77683 24.37644 32.76622 13.37854 48.5537 16.51779 23.80552 0.0 17.45567 43.65397 38.03238 43.93162 21.72274 21.0469 37.31725 0.02951 11.42832 22.75649 26.97098 14.79303 11.02339 45.13364 25.55745 17.82383 19.72893 39.31235 
1000.0 26.46053 44.50116 19.74418 0.0 35.59663 36.89485 19.03756 12.42052 48.11082 39.79806 20.50541 0.0 14.05323 46.44032 41.90756 12.31852 43.38444 44.78478 26.25674 0.03089 36.99552 23.34444 19.62007 46.35336 30.84079 28.02969 43.94104 48.18518 44.07449 18.32176 
1000.0 47.43821 21.53621 14.52806 0.0 22.38788 36.64754 39.18856 21.92159 42.30594 45.57868 11.90026 0.0 45.44996 22.62332 47.22877 34.05532 26.1063 45.70946 45.00403 0.04124 48.24111 19.73763 36.09863 42.28139 38.42466 12.18042 11.79388 35.0659 23.05196 32.29321 
1000.0 24.66797 33.5223 47.95101 0.0 35.29428 41.43785 14.51625 30.41457 16.01295 14.7218 39.41848 0.0 25.25215 48.62767 41.22799 48.85364 46.79981 21.10395 24.391 0.0341 28.89306 23.4338 25.08569 49.82442 37.35793 41.69645 33.54871 49.34118 38.63695 11.14305 
1000.0 11.64382 41.4398 35.02031 0.0 26.66875 46.15428 41.15014 25.47848 27.99134 36.75712 14.0306 0.0 38.0939 42.71692 48.94854 14.10426 21.88318 31.45026 24.78477 0.03407 45.33544 35.62785 15.25892 42.14021 36.92892 47.96916 18.09352 18.3885 31.16655 46.71148 
1000.0 0.0 0.0 0.0 29.31604 0.0 0.0 0.0 0.0 0.0 0.0 0.0 16.38197 0.0 0.0 0.0 0.0 0.0 0.0 0.0 0.0 0.0 0.0 0.0 0.0 0.0 0.0 0.0 0.0 0.0 0.0 
1000.0 32.31898 22.5832 22.64208 0.0 12.42278 17.11197 45.70417 27.46447 12.35405 22.30584 14.57921 0.0 40.11742 30.46768 39.02932 26.70805 31.48087 19.25649 10.91301 0.04339 27.14143 10.12867 16.18305 21.36048 49.20575 17.40566 20.6145 21.50009 22.12412 11.49828 
1000.0 19.68301 13.05555 35.23997 0.0 40.35813 10.92225 20.23906 27.98153 21.34277 26.35102 10.7803 0.0 34.93961 21.91878 30.80267 23.46881 31.8855 25.20446 24.17985 0.01665 48.05047 25.9224 26.15984 42.63538 44.31209 13.6182 41.28958 43.70267 34.36944 12.82915 
1000.0 43.56497 47.57481 47.05407 0.0 11.97894 34.41606 21.50605 28.2335 25.85815 25.00902 20.84848 0.0 42.74111 43.06972 44.53462 11.27941 33.70567 14.8455 37.72237 0.04904 49.24959 21.85175 25.45611 45.83433 16.60301 25.99415 22.43031 13.45621 12.68442 24.89084 
1000.0 23.53266 38.34197 17.78733 0.0 33.48496 30.79567 27.03846 46.51011 22.67317 29.75715 46.8029 0.0 27.7035 39.59492 43.39057 23.28498 45.96817 35.48074 24.78744 0.01152 41.06993 39.95395 21.59988 26.78923 43.53832 26.89194 33.28162 24.87919 44.81328 40.26217 
1000.0 29.32302 45.67809 28.72997 0.0 34.5962 25.27467 28.12225 46.05243 42.53465 19.56905 40.82741 0.0 45.41708 37.22759 32.61722 34.75963 14.19307 11.0975 20.81313 0.0254 19.2385 24.56025 17.44433 35.43016 46.45687 18.47504 16.8425 13.39669 26.37019 37.10705 
1000.0 49.78338 25.80462 28.99826 0.0 44.40913 20.47343 23.11528 39.60912 39.74736 39.62457 10.52153 0.0 34.69577 24.10363 42.61543 19.80548 45.56239 38.46002 23.08857 0.01591 43.58209 16.21989 12.39755 29.92554 37.69457 20.43461 25.80047 29.78916 49.03675 38.99861 
1000.0 43.95328 48.20427 44.46925 0.0 45.97346 45.84319 18.49706 46.0434 18.426 48.78259 26.25772 0.0 35.41697 30.114 28.19624 18.14079 39.38424 19.47647 46.47539 0.0362 19.54034 20.04835 35.78551 42.70669 17.56363 15.59664 27.1282 41.6962 42.32926 40.96036 
1000.0 0.18182 0.11218 0.05827 0.0 0.11674 0.16289 0.16407 0.17599 0.16895 0.08816 0.13378 0.0 0.05632 0.1771 0.13836 0.18621 0.18553 0.17491 0.07714 24.01907 0.13413 0.08175 0.0555 0.06035 0.19225 0.06028 0.12138 0.15129 0.17795 0.05596 
1000.0 48.41478 24.00272 23.47759 0.0 45.95168 12.40172 19.67055 20.33892 38.64457 18.17169 35.64583 0.0 22.65668 18.19716 15.02593 31.6468 38.79846 12.42252 37.08018 0.0458 10.02359 17.85424 32.52546 34.76048 37.96416 41.39083 42.44012 21.9379 14.10497 14.45708 
1000.0 47.37967 11.80651 12.23202 0.0 47.22659 48.36711 43.18788 25.78614 37.543 20.31257 35.36037 0.0 22.75943 17.63534 24.0784 46.8128 21.22714 48.52105 40.77879 0.02125 45.93692 35.96041 18.84518 31.69261 11.01088 45.04943 43.48939 45.72089 16.64778 13.78296 
1000.0 39.00575 36.49304 37.43485 0.0 47.51084 47.80526 33.12413 29.09259 24.60931 37.63928 13.2088 0.0 38.05619 32.83445 16.09443 18.90465 42.13036 13.73176 31.26852 0.01377 38.99765 43.79236 47.62543 27.74765 19.12665 33.89132 48.92587 36.86506 33.70541 46.80999 
1000.0 30.71961 42.20821 10.3752 0.0 42.60769 11.79218 13.21575 42.83243 48.27335 31.98814 48.55275 0.0 30.75735 13.42615 35.33791 34.94592 41.72618 24.49413 38.17857 0.01981 30.72998 14.55561 11.46423 26.09999 42.8887 21.40453 47.83917 30.09908 47.7528 40.80457 
1000.0 29.81024 37.48179 18.42927 0.0 43.48442 20.64802 16.74082 22.4065 39.05811 39.44299 36.62497 0.0 36.7409 21.29861 43.61239 39.90365 16.36226 42.22161 43.06907 0.0458 20.98238 21.28188 19.19555 48.75154 48.45623 36.9716 47.18693 42.37675 45.76603 26.05364 
1000.0 14.17201 30.2717 17.32484 0.0 14.69072 29.56904 40.98127 19.77927 30.47099 19.34046 35.74539 0.0 30.32616 47.88357 45.94211 32.30816 38.71648 44.2302 33.18625 0.01835 13.5189 48.07836 22.79876 10.87994 47.78398 17.20463 33.91733 29.51063 19.14199 44.96302 
1000.0 23.04507 12.94815 21.13228 0.0 20.80576 16.17516 28.36421 22.63264 13.07642 20.20935 44.37177 0.0 25.76396 14.80884 26.04193 16.75472 42.61637 43.34553 26.32572 0.02418 39.94806 14.44257 20.62322 18.59082 17.65221 31.67681 34.32994 17.7894 11.90629 27.48552 
1000.0 15.75854 26.2138 49.43493 0.0 39.29779 11.28535 40.76659 10.0337 31.72731 28.0205 14.89395 0.0 14.9987 28.52317 41.62299 42.40631 33.8692 38.48675 13.15839 0.03697 29.85234 31.15474 17.82193 15.69279 49.3198 46.16323 19.81949 16.51782 38.56935 13.22607 
1000.0 39.32746 26.28988 39.83752 0.0 36.0505 46.28996 46.1314 28.70668 24.97828 46.03985 23.99356 0.0 34.15423 32.64793 47.20294 44.99804 42.07974 16.18533 10.4339 0.01863 32.92593 12.41806 41.33446 14.65403 38.13238 43.44576 39.17108 30.97573 43.04449 22.22602 
1000.0 16.49207 16.97438 19.50915 0.0 10.82788 10.11136 16.78376 37.51336 34.12606 32.44132 43.91911 0.0 45.81071 19.81663 46.51793 36.49241 13.84474 37.20774 41.83573 0.04061 38.08125 20.12836 35.30223 38.81198 42.9625 18.99347 25.70502 22.99657 15.91586 34.58141 
