1000.0 1000.0 1000.0 1000.0 1000.0 1000.0 1000.0 1000.0 1000.0 1000.0 1000.0 1000.0 1000.0 1000.0 1000.0 1000.0 1000.0 1000.0 1000.0 1000.0 1000.0 1000.0 1000.0 1000.0 1000.0 1000.0 1000.0 1000.0 1000.0 1000.0 1000.0 
1000.0 40.27269 32.84478 37.1141 0.0 23.90776 9.87272 36.27962 30.41947 19.14604 30.82166 32.80806 0.0 29.86936 27.42599 10.18154 26.32135 30.80432 40.58396 41.95069 0.02951 17.13559 39.85757 27.11025 22.89213 38.01373 10.21354 21.20498 32.26182 14.45386 36.46714 
1000.0 10.63061 32.14127 21.5487 0.0 20.50742 36.92663 11.98209 24.89927 20.97922 11.61018 9.28886 0.0 23.24972 38.72652 12.38559 29.04657 20.55788 27.78606 26.72271 0.02381 8.96751 11.96797 14.12378 39.96574 35.80663 21.20139 33.48227 36.49207 26.75924 13.99224 
1000.0 41.68405 35.1604 14.77142 0.0 15.97265 12.10478 15.74115 28.96483 33.92598 26.58661 38.95476 0.0 37.30399 14.4168 12.04966 34.17594 38.8179 12.71702 24.31984 0.0305 15.46894 36.67134 32.50004 41.08705 20.26948 23.6608 24.80159 27.61755 19.83203 32.25663 
1000.0 0.0 0.0 0.0 17.32056 0.0 0.0 0.0 0.0 0.0 0.0 0.0 13.02285 0.0 0.0 0.0 0.0 0.0 0.0 0.0 0.0 0.0 0.0 0.0 0.0 0.0 0.0 0.0 0.0 0.0 0.0 
1000.0 18.57872 12.72999 13.13233 0.0 16.01187 32.91243 30.2666 12.15359 15.58249 39.3934 13.65531 0.0 38.0818 25.0494 37.73617 11.07909 26.53747 14.60392 16.65355 0.04372 38.5822 19.25568 30.93546 36.41473 26.89343 38.73236 27.29684 29.52429 12.0249 12.82181 
1000.0 41.81475 31.68641 21.35945 0.0 9.79343 18.15807 28.97728 17.54883 39.72488 15.3259 12.20048 0.0 11.45493 20.29422 12.5409 29.57731 25.76974 17.58258 34.91232 0.04519 32.51939 32.12348 29.57091 25.61575 28.03194 34.83403 30.18488 24.38208 31.68678 39.16737 
1000.0 24.31617 12.95771 20.82422 0.0 40.34337 29.72104 37.14912 19.51543 25.66501 22.51278 19.43338 0.0 39.14512 14.27752 32.74697 23.26248 14.09857 36.51397 34.80536 0.01961 25.23446 36.45043 9.61902 34.79457 35.86404 11.11268 20.16954 37.51782 34.41581 13.49674 
1000.0 27.43879 23.14553 33.23957 0.0 32.26782 30.46599 35.81375 26.47753 40.40698 19.97438 16.67166 0.0 9.72379 28.25465 30.85312 13.94045 35.10506 11.43071 30.46905 0.02456 14.76529 25.8451 14.93062 10.61854 30.38871 29.38869 9.0448 22.78261 40.38918 15.53031 
1000.0 31.65335 14.04074 27.91422 0.0 15.50284 13.25509 28.97873 35.16051 25.25243 34.19692 10.9089 0.0 29.68336 20.84454 12.09669 32.08304 9.04533 30.76614 17.95256 0.04404 8.86833 37.16449 24.603 28.90309 17.14793 15.60542 8.91777 24.95768 29.04625 20.31235 
1000.0 32.89331 33.95523 15.21907 0.0 24.81775 16.34773 15.96472 23.63257 24.05794 32.45821 40.01298 0.0 19.57637 37.15786 19.63819 35.26583 41.06702 12.80698 10.17191 0.03877 21.72095 37.2224 12.73274 33.40273 11.89767 8.75263 17.14156 34.96612 29.20699 11.51307 
1000.0 33.17301 28.98954 32.81935 0.0 20.36819 14.02829 31.39711 10.62486 19.01654 37.81897 13.85108 0.0 8.85979 15.57045 24.98245 22.83329 37.71615 39.59992 40.16293 0.02395 40.15394 10.76366 28.46823 41.23707 39.71339 14.3878 36.95735 21.15557 28.04069 9.96518 
1000.0 0.0 0.0 0.0 13.23793 0.0 0.0 0.0 0.0 0.0 0.0 0.0 18.86173 0.0 0.0 0.0 0.0 0.0 0.0 0.0 0.0 0.0 0.0 0.0 0.0 0.0 0.0 0.0 0.0 0.0 0.0 
1000.0 33.99564 35.85346 17.50145 0.0 39.62585 41.72331 41.20815 33.11163 31.22939 22.41346 38.92742 0.0 39.8618 24.4343 20.2348 16.20113 38.46449 39.69297 16.5573 0.0367 8.82837 27.61195 38.77323 28.42596 9.57871 38.1948 18.13573 16.4748 18.68409 15.59383 
1000.0 17.05387 8.62384 27.29101 0.0 29.7449 14.25206 26.21351 14.63749 26.31928 31.48584 41.35442 0.0 20.2816 21.00813 22.55885 20.73562 20.8736 36.71371 22.31856 0.04138 38.70562 22.5734 35.81655 21.0308 13.50483 12.91421 18.32588 10.12146 21.13083 10.93669 
1000.0 18.54454 16.58884 40.40716 0.0 19.36904 32.1658 36.04339 29.09549 19.06567 39.90459 35.57844 0.0 17.66765 20.3167 20.85364 11.61209 30.75309 36.49695 9.32493 0.04319 18.908 25.63764 19.39254 39.66779 18.46559 23.98477 40.49159 38.83555 21.23351 38.13489 
1000.0 10.92629 19.80058 19.25246 0.0 40.49625 30.91525 30.55014 30.45776 17.46636 21.73482 18.12944 0.0 15.53375 28.86868 13.34063 31.19423 25.02454 16.1531 36.71389 0.03691 23.75765 20.33057 19.84922 8.79334 41.28595 34.73124 11.79974 32.7042 29.0231 15.07688 
1000.0 22.78426 20.03954 18.69588 0.0 32.42677 30.13639 40.78201 16.37911 18.95338 41.24414 20.80228 0.0 15.78589 39.00529 41.61109 17.02666 30.67836 11.29417 36.36755 0.02854 33.81888 12.91005 16.13308 18.73364 34.18072 26.1642 17.69775 22.7376 14.80922 41.10698 
1000.0 37.03193 28.78646 11.42013 0.0 18.25306 19.4355 28.43604 23.66812 40.73371 18.07838 19.09565 0.0 17.38172 28.3432 11.19009 33.37902 29.51767 38.42854 24.17822 0.01534 9.93277 28.17524 16.00742 15.14478 37.15346 14.75383 21.96412 23.46921 10.83527 26.39427 
1000.0 23.85078 36.81568 35.14486 0.0 11.73854 14.99025 33.37959 10.04714 13.01747 17.00469 14.75433 0.0 10.98228 13.43144 10.67404 31.18488 12.64015 20.39288 27.18481 0.04092 36.31053 23.81628 28.49881 26.27906 8.79355 27.28452 37.14301 16.22969 13.28484 19.72499 
1000.0 0.1342 0.18097 0.10593 0.0 0.09135 0.16872 0.1083 0.05335 0.16957 0.1087 0.17618 0.0 0.14175 0.09892 0.17385 0.08807 0.04565 0.10155 0.08511 10.77127 0.04248 0.13998 0.15889 0.12451 0.10805 0.13302 0.14715 0.13465 0.05749 0.15625 
1000.0 37.79515 22.99858 30.7072 0.0 22.34744 10.18689 30.30817 13.6257 18.7694 10.97452 12.85359 0.0 41.33791 17.01581 17.83267 27.89363 19.87123 31.5545 35.9977 0.04424 38.67093 14.24261 28.263 13.07831 27.49838 36.17609 34.80255 10.04163 16.57574 27.6147 
1000.0 24.1183 20.4915 39.88405 0.0 24.21457 22.39901 12.52028 12.63262 27.99283 17.63605 27.75687 0.0 41.95304 34.44962 29.37862 12.94611 39.87352 24.34629 35.81655 0.04023 39.39906 38.00756 11.9539 23.49253 19.32455 12.24883 40.12403 15.86761 27.86615 32.2971 
1000.0 40.08981 32.30756 16.58141 0.0 16.60711 16.22528 25.15418 12.91216 35.46997 21.42114 20.67345 0.0 10.4096 26.48192 22.87196 41.3138 25.584 34.67183 34.7943 0.03543 18.84646 23.31714 20.94933 8.84024 32.0134 36.27745 30.93039 17.60495 13.25971 15.38566 
1000.0 31.70476 41.28575 35.7169 0.0 26.93934 12.11993 18.69787 28.4488 33.73205 41.50939 32.30792 0.0 26.6527 38.82614 39.6956 25.07744 39.68758 12.77395 19.82538 0.04425 25.76026 19.16653 36.94563 22.48127 17.0839 9.32508 9.66941 21.90421 18.2284 37.44771 
1000.0 26.97573 19.32257 8.97451 0.0 36.08664 35.70106 26.43803 40.02571 35.14391 12.78348 8.96429 0.0 30.4347 28.93912 8.64922 35.20939 11.76553 18.49843 8.51896 0.01548 12.27784 27.99159 13.14323 21.36785 26.06225 18.82824 17.5043 12.34783 18.48279 23.07722 
1000.0 10.32842 12.31424 39.69358 0.0 40.67966 38.85435 40.24561 30.85188 10.82292 14.57461 37.42362 0.0 19.02905 13.87727 19.42113 26.01396 41.98601 10.80031 39.13684 0.01679 41.14113 31.91232 40.83321 12.20058 12.84238 36.07817 28.16177 21.48482 41.66105 38.41289 
1000.0 23.35434 34.09823 23.73664 0.0 35.59658 26.86607 32.04545 11.02059 18.54243 31.72514 20.96163 0.0 15.45985 11.74992 11.35206 12.12717 36.22183 14.33814 23.27337 0.03076 39.31392 13.44129 19.47336 33.14312 11.80768 29.16335 36.7125 16.2956 14.233 16.53883 
1000.0 16.53868 10.80541 25.02938 0.0 31.64529 27.06352 29.3076 39.71391 24.12966 33.81729 20.8461 0.0 24.1026 28.90091 11.37075 24.33544 22.29654 26.35102 18.49388 0.02055 26.09882 19.0742 24.30312 39.75826 13.29583 22.36004 30.68983 21.58725 22.22 40.404 
1000.0 26.86972 19.86684 23.43308 0.0 19.83476 32.16683 17.76636 36.25382 25.55504 28.04549 27.27909 0.0 34.08165 14.84761 23.01015 40.88104 32.10529 29.1116 23.90864 0.03068 18.89215 25.66918 14.70943 28.88574 18.41329 25.41879 15.48333 9.15682 26.09515 33.59773 
1000.0 12.35682 38.66809 19.4608 0.0 13.44954 10.09855 38.62543 9.96571 14.9623 41.92319 36.3305 0.0 23.34885 40.23853 25.02552 17.03739 34.61627 36.10382 9.3413 0.02442 33.2786 35.49204 38.38897 32.35801 8.40246 24.05273 38.53602 17.15958 27.38011 27.34573 
