1000.0 1000.0 1000.0 1000.0 1000.0 1000.0 1000.0 1000.0 1000.0 1000.0 1000.0 1000.0 1000.0 1000.0 1000.0 1000.0 1000.0 1000.0 1000.0 1000.0 1000.0 1000.0 1000.0 1000.0 1000.0 1000.0 1000.0 1000.0 1000.0 1000.0 1000.0 
1000.0 37.33019 15.03172 12.59571 0.0 38.26206 25.22843 26.93774 35.62906 17.97588 29.37872 34.97988 0.0 12.47353 34.97671 22.94218 27.72163 33.3385 20.35096 20.6656 0.03179 11.71485 23.3612 25.11193 36.53561 34.11887 8.85245 17.00973 10.93824 27.97117 22.33351 
1000.0 30.69687 20.82194 37.26671 0.0 35.25665 36.40252 29.19371 16.62445 22.5563 12.78059 29.70886 0.0 37.99842 24.80826 35.5971 29.9445 14.35858 27.68411 25.66413 0.01088 31.45739 37.80572 17.97594 37.26387 27.95003 31.11641 11.00941 7.95471 29.67189 26.00755 
1000.0 20.70282 36.65422 30.31291 0.0 20.75468 22.34468 26.10573 37.99078 14.41801 21.43454 26.56407 0.0 36.94276 24.69666 27.29517 18.98586 23.28511 37.54954 29.74953 0.01655 21.21451 30.97998 32.93452 29.4273 29.68837 19.42449 27.18515 26.0318 19.00678 30.05955 
1000.0 0.0 0.0 0.0 28.68131 0.0 0.0 0.0 0.0 0.0 0.0 0.0 28.16282 0.0 0.0 0.0 0.0 0.0 0.0 0.0 0.0 0.0 0.0 0.0 0.0 0.0 0.0 0.0 0.0 0.0 0.0 
1000.0 15.28629 16.75213 32.17728 0.0 22.74304 28.34709 10.42205 24.37308 15.58118 15.54855 22.77935 0.0 30.44699 36.73416 20.87685 36.40982 28.82679 13.06311 12.39568 0.04344 18.50784 38.05014 16.51955 15.45561 37.58791 18.87237 23.56301 10.32649 27.31118 20.32617 
1000.0 8.75373 15.84929 22.24008 0.0 27.81743 36.04538 37.41022 19.15461 16.51803 12.66771 17.09566 0.0 13.80555 34.96531 20.67451 20.83348 16.87207 19.1188 15.53629 0.01746 18.08728 35.77371 10.45882 20.83328 36.43632 31.03768 13.06562 25.58222 21.7437 30.9582 
1000.0 17.04584 11.65609 27.68997 0.0 28.23131 24.04524 23.63422 13.64343 22.1489 27.52699 34.6811 0.0 30.7876 36.76394 21.26087 16.37428 14.56612 32.27316 20.1955 0.02675 33.25706 7.6954 22.28794 15.31041 8.10483 22.76533 37.49942 32.81027 17.52119 33.86679 
1000.0 20.56566 26.45555 21.97218 0.0 12.53491 30.21753 29.26888 8.914 37.57069 17.31991 33.32616 0.0 35.72958 30.303 34.5428 22.79718 16.57996 9.93985 34.85047 0.0353 38.31681 21.90854 20.33782 32.25891 36.14926 21.97258 31.91649 17.8738 23.50952 9.79631 
1000.0 23.91025 21.17328 16.34829 0.0 36.53573 37.21024 7.89839 22.57022 36.03582 24.83737 36.24032 0.0 22.52708 32.64882 35.47724 17.19387 25.39006 29.38373 35.60483 0.01409 21.40005 38.16259 14.59332 19.72317 9.01869 9.22434 9.53461 19.58049 21.89128 26.29009 
1000.0 12.1809 34.3098 37.02037 0.0 32.41218 31.75056 24.17254 33.52255 37.76404 18.88235 36.66317 0.0 20.80242 34.30981 9.65886 35.40539 30.73332 33.26263 9.36873 0.01457 17.11819 27.2405 32.93797 20.08905 12.2175 28.07821 10.86286 22.46391 36.6215 14.81796 
1000.0 24.68427 37.98832 26.7815 0.0 21.81679 21.60193 12.06977 9.0087 21.57958 32.16022 9.80309 0.0 32.76064 35.95875 29.34741 19.84643 13.25834 33.95357 19.29356 0.00939 30.20423 34.49273 12.95902 29.16898 28.34784 18.77148 10.7336 12.34483 20.62333 27.66002 
1000.0 0.0 0.0 0.0 11.07764 0.0 0.0 0.0 0.0 0.0 0.0 0.0 17.31504 0.0 0.0 0.0 0.0 0.0 0.0 0.0 0.0 0.0 0.0 0.0 0.0 0.0 0.0 0.0 0.0 0.0 0.0 
1000.0 26.79024 27.62484 24.38393 0.0 23.09965 16.80893 11.60552 26.78247 10.67549 25.7463 26.20696 0.0 12.42616 12.13538 28.20162 31.03716 14.53667 9.23142 38.04239 0.02196 24.97831 35.08319 35.74184 35.96663 28.01028 24.89526 33.74468 23.42011 27.60565 25.0829 
1000.0 26.67836 32.03072 8.34117 0.0 19.30302 26.26146 24.04573 33.79644 37.06998 24.26071 18.14844 0.0 11.44298 36.96546 23.46419 10.64141 17.5849 26.05993 28.97329 0.04042 10.8694 31.13348 23.85762 17.99542 27.30264 36.72023 10.50829 25.68903 21.73057 21.89643 
1000.0 24.93415 10.15419 35.68401 0.0 18.874 16.67678 13.71056 27.24826 12.39263 25.99301 31.49129 0.0 8.43118 14.23061 10.88173 18.33952 11.31347 27.356 33.68324 0.03203 35.55268 23.06921 11.41956 11.26404 12.5937 20.43411 26.63985 37.58497 17.36876 25.95046 
1000.0 13.28255 13.05609 30.6496 0.0 32.37315 12.48197 29.42947 24.60715 14.59591 16.66626 30.94751 0.0 16.92899 33.29675 12.08163 30.54084 34.50021 18.0664 13.32625 0.0325 19.90474 22.11815 12.59762 19.70024 8.78046 18.26023 17.96496 16.88802 29.68498 34.18354 
1000.0 24.44862 10.5097 37.33644 0.0 22.89264 29.63948 12.54025 34.83315 17.3083 33.88793 23.6723 0.0 25.70502 12.17358 9.95305 28.71823 34.09875 20.65553 9.18074 0.02106 35.32375 14.17823 25.65886 33.23393 26.42323 21.0774 28.92746 8.31685 17.55287 16.03923 
1000.0 24.36397 26.14754 10.39868 0.0 12.8803 23.50424 33.22927 15.88664 27.99504 16.85307 23.95258 0.0 33.74725 11.65557 26.97011 33.56142 7.90726 20.06619 20.50081 0.01394 25.63509 12.29037 23.72131 33.15732 11.09281 37.7108 27.28719 33.88524 27.87507 26.93429 
1000.0 24.93588 36.54787 8.38726 0.0 16.21702 8.50966 16.65983 11.91325 21.60747 21.09125 20.48244 0.0 18.29138 23.91062 24.75317 30.43514 12.72436 34.08022 23.5405 0.03045 16.72874 13.52272 17.61751 17.4337 8.51451 8.79039 11.12881 19.76955 8.31534 23.2593 
1000.0 0.13327 0.15004 0.07188 0.0 0.11112 0.1291 0.16493 0.03997 0.15247 0.11529 0.12681 0.0 0.15052 0.08571 0.10251 0.12943 0.10203 0.04794 0.1146 8.27729 0.15727 0.03574 0.09529 0.13571 0.06843 0.14998 0.12836 0.14335 0.16291 0.09216 
1000.0 22.28505 29.88683 19.33054 0.0 26.68913 34.81212 9.57658 13.51785 22.429 28.64297 37.3563 0.0 10.65265 31.43193 21.343 29.72977 21.03734 11.10496 28.70825 0.02375 31.38402 21.43757 21.70715 36.90269 36.87893 15.9406 26.05565 38.03905 36.88112 32.64598 
1000.0 27.90228 11.68096 13.13234 0.0 36.5963 27.23754 35.99684 21.6581 18.72941 27.16175 9.52323 0.0 24.0616 10.48553 29.22563 26.30813 31.94425 32.72648 18.04721 0.02533 8.15511 17.03115 10.88824 34.09781 9.26031 19.42279 15.3872 15.13128 7.90374 22.34677 
1000.0 35.17774 18.68779 22.62601 0.0 27.18141 36.99525 28.3513 27.17867 29.39655 34.03252 15.17001 0.0 25.64965 27.70574 21.72429 37.96044 11.55503 29.67074 16.4195 0.03655 36.43166 7.86028 21.91911 32.70764 23.31558 21.55434 8.52233 34.04511 21.49501 37.94897 
1000.0 16.90396 13.50924 36.16567 0.0 27.43827 11.429 23.61768 27.54515 32.39101 19.21816 33.49118 0.0 13.49691 15.83433 11.3113 7.70458 18.32284 33.57964 32.55743 0.01948 33.92878 23.83621 17.33254 20.92613 33.72147 7.76981 11.88676 30.96261 30.36391 31.16942 
1000.0 22.23584 34.10462 8.5417 0.0 12.8344 23.26276 16.86193 8.6862 19.56981 21.6149 15.40033 0.0 29.38191 31.69942 11.39772 17.16672 21.66364 18.58667 18.16791 0.01616 10.12924 13.11206 31.49621 25.98899 16.12345 7.71384 21.58672 8.71795 35.29989 36.47293 
1000.0 16.94713 36.01755 16.16188 0.0 32.68433 35.81864 29.77802 11.08881 10.16385 28.00287 11.04054 0.0 23.71055 10.84134 17.65267 19.50796 27.95582 34.91594 22.77332 0.01229 13.61974 36.26028 17.90821 36.90071 17.80987 8.76275 37.11714 22.28692 17.42047 11.38654 
1000.0 38.25637 31.68864 10.88316 0.0 19.86278 16.8703 19.18877 24.724 22.5309 23.16741 36.22023 0.0 24.98385 33.08461 21.5391 10.70485 11.53877 23.19533 25.14437 0.01675 9.07604 34.66175 33.69839 25.35409 36.28038 27.80594 29.3758 14.30161 8.47223 32.62253 
1000.0 36.46709 24.42822 7.7796 0.0 30.64624 34.92656 16.4884 24.0437 8.09706 18.61878 8.3172 0.0 15.6025 29.90602 15.4396 28.47178 12.91617 23.78828 27.58295 0.03638 21.7663 14.10395 12.68334 32.42959 10.96834 27.70059 8.78906 25.8635 28.39481 11.58299 
1000.0 25.06488 20.92428 33.18719 0.0 26.33639 8.86168 31.56928 34.2022 29.42435 32.72648 14.97335 0.0 27.7039 11.63472 10.81326 34.08664 34.9808 28.77429 11.16559 0.01682 13.95936 33.33099 26.88629 17.91638 21.27926 26.04434 35.81989 15.27638 10.34922 30.98444 
1000.0 16.45939 36.03746 34.45348 0.0 34.30071 21.68677 23.81592 14.2711 34.17623 26.67354 21.65974 0.0 14.08972 11.81576 13.83906 21.33711 36.38367 18.52463 19.52748 0.02299 20.54476 33.63735 35.6514 33.69121 25.76017 15.71167 16.20615 37.88601 13.09946 21.0419 
