1000.0 1000.0 1000.0 1000.0 1000.0 1000.0 1000.0 1000.0 1000.0 1000.0 1000.0 1000.0 1000.0 1000.0 1000.0 1000.0 1000.0 1000.0 1000.0 1000.0 1000.0 1000.0 1000.0 1000.0 1000.0 1000.0 1000.0 1000.0 1000.0 1000.0 1000.0 
1000.0 16.78491 22.87261 20.93769 0.0 14.77704 31.00551 7.39444 32.06751 24.62583 11.41581 20.44547 0.0 14.38333 16.29466 26.86783 28.29659 28.43717 20.7492 21.84035 0.03286 18.325 22.2268 25.26691 22.37798 31.34046 9.51804 27.48762 30.92442 16.81778 30.98182 
1000.0 20.97168 25.63271 15.23609 0.0 18.01666 10.34935 20.40152 25.26945 14.08528 24.85863 27.5152 0.0 11.66601 25.07966 15.22779 9.59647 23.28563 23.11299 12.86683 0.03569 19.54985 23.5548 15.36672 31.55243 23.85993 10.58699 7.27104 24.20695 18.77415 29.6138 
1000.0 24.26656 10.51778 11.0761 0.0 8.82673 32.29691 19.39547 22.53208 29.92275 17.27923 9.53369 0.0 29.94155 13.78214 23.2622 22.64228 32.19855 18.0603 27.15854 0.01852 26.18048 23.44431 28.93001 22.23785 30.37408 7.37159 17.67098 9.29477 22.81897 31.39425 
1000.0 0.0 0.0 0.0 10.61823 0.0 0.0 0.0 0.0 0.0 0.0 0.0 18.07264 0.0 0.0 0.0 0.0 0.0 0.0 0.0 0.0 0.0 0.0 0.0 0.0 0.0 0.0 0.0 0.0 0.0 0.0 
1000.0 12.79767 20.98895 32.50019 0.0 24.88522 32.50995 27.23272 20.11758 15.487 16.2715 20.89563 0.0 31.65011 31.20523 10.77047 10.46529 28.371 14.48533 30.69948 0.03087 31.99488 20.73132 24.82207 11.38996 16.34761 14.7917 28.90425 9.91388 28.22403 28.51514 
1000.0 27.80343 30.66158 28.61229 0.0 24.55721 21.63234 17.48353 27.90415 8.87688 8.04447 25.67103 0.0 7.43283 24.09092 32.03081 21.24677 11.69091 21.30788 23.6939 0.02846 27.13548 24.17596 11.51565 28.48125 22.61556 19.46358 22.23889 18.98071 29.67717 22.53796 
1000.0 24.63348 23.62332 15.75424 0.0 11.93331 16.49984 17.51196 23.1693 12.15164 29.09329 26.16953 0.0 11.36153 9.33799 29.5396 18.38173 19.36136 27.85608 20.32814 0.0152 9.36858 19.63545 11.99184 23.79733 14.57364 31.06407 29.63787 20.38703 29.86321 13.70593 
1000.0 31.13679 11.04285 10.09148 0.0 26.67019 10.32811 8.66673 15.82177 7.60347 12.78512 25.24796 0.0 12.35454 27.49835 20.49913 14.36462 7.96764 12.65323 25.86726 0.01997 27.24894 26.46415 26.00477 16.89431 22.69007 12.27555 16.84933 31.27056 8.7932 9.28892 
1000.0 30.4263 14.67853 16.78935 0.0 27.85343 25.46992 15.14612 20.06107 23.18627 10.61811 13.00839 0.0 25.61243 13.885 11.63927 12.37259 9.63805 15.97624 18.74397 0.03215 14.28561 31.77063 19.81096 29.19176 15.65651 24.82988 32.30498 10.62013 23.13817 10.12747 
1000.0 29.63396 22.09888 26.06017 0.0 25.0185 27.94739 7.17802 21.27589 30.41689 11.07376 15.77239 0.0 22.44621 26.42476 23.29604 26.9492 14.18492 29.72645 17.47893 0.03826 13.3891 15.1737 22.33873 24.57933 31.30122 9.76672 11.43718 23.15862 24.92475 12.25062 
1000.0 8.83702 9.8302 28.38056 0.0 25.14712 32.18233 27.78023 18.35401 23.55031 11.57135 15.04425 0.0 30.12551 13.8527 22.37286 19.41975 10.65394 22.38135 16.87276 0.03537 6.76083 32.11862 26.84595 29.6261 29.99278 29.69552 29.21649 21.41171 25.32316 16.52999 
1000.0 0.0 0.0 0.0 31.79145 0.0 0.0 0.0 0.0 0.0 0.0 0.0 8.09868 0.0 0.0 0.0 0.0 0.0 0.0 0.0 0.0 0.0 0.0 0.0 0.0 0.0 0.0 0.0 0.0 0.0 0.0 
1000.0 17.54206 14.15252 23.63547 0.0 20.05762 6.94876 25.84568 19.18423 15.65054 25.00747 32.13166 0.0 15.44467 12.88191 24.05158 31.03759 19.49809 20.98081 25.44595 0.03391 27.20578 22.7703 18.09803 15.91748 13.94714 23.41113 13.80734 16.96709 24.99495 7.30812 
1000.0 30.74789 9.02729 8.18123 0.0 8.46095 28.017 14.16432 20.13937 19.91843 17.2524 15.78806 0.0 19.122 6.80789 20.61465 31.7079 27.336 10.04756 25.18785 0.00808 31.38751 19.21965 23.07242 18.48051 7.50657 29.14771 10.942 11.03129 14.81717 13.96528 
1000.0 25.25664 30.25231 22.81249 0.0 13.0252 18.4032 24.09217 7.001 17.4335 22.00999 22.82742 0.0 24.85303 29.95717 18.51161 29.58737 7.32176 30.19525 29.3536 0.03129 18.47717 14.59831 28.95615 14.19114 19.00627 30.97955 9.59177 27.16746 22.91019 13.12824 
1000.0 20.87983 31.79624 19.15517 0.0 17.52102 20.79876 27.50187 27.24969 11.47076 31.52986 10.517 0.0 24.00335 8.71132 22.18967 23.84994 16.74034 17.20087 27.97285 0.03255 30.33626 27.19204 10.94631 9.2396 7.18108 22.0969 7.41749 11.68215 28.21156 11.24107 
1000.0 17.09948 19.41868 28.19707 0.0 25.95715 16.52429 14.22011 15.43296 19.04054 16.04613 29.20111 0.0 6.96365 23.64989 13.29859 26.96224 15.88405 10.38185 26.80114 0.01379 30.2911 30.35952 29.04694 19.05791 8.41601 11.68946 7.19575 28.84279 11.73057 31.8057 
1000.0 31.69124 22.82678 18.78283 0.0 28.05121 8.28912 9.79135 29.16967 10.49141 16.28398 15.09678 0.0 13.59148 32.03606 14.66077 23.55023 29.11549 10.42609 26.49011 0.01936 10.94118 31.74489 31.79847 22.11164 8.85976 23.76483 19.38158 31.57812 27.37587 24.81048 
1000.0 12.52098 28.58143 15.10241 0.0 19.54706 18.86589 20.35277 30.26994 15.07019 11.22257 20.964 0.0 29.77237 20.79631 16.61361 26.19686 23.37964 27.88799 16.03364 0.03077 32.30679 7.49299 20.62052 21.22866 8.13896 14.20805 23.98977 19.46949 19.37106 16.71185 
1000.0 0.05317 0.05655 0.13699 0.0 0.10426 0.1115 0.03861 0.1531 0.07859 0.12788 0.03835 0.0 0.11721 0.08335 0.11767 0.14386 0.03576 0.0828 0.04014 14.81383 0.11973 0.07608 0.101 0.14434 0.03288 0.15681 0.12926 0.09297 0.10182 0.04838 
1000.0 23.81031 25.10272 12.46015 0.0 14.66976 13.15782 28.54739 29.96015 19.38979 7.62737 21.03993 0.0 8.72343 25.16548 10.60192 24.60664 6.58006 26.22106 10.72929 0.03082 30.76577 22.65671 8.11209 12.52695 8.59526 18.53419 18.82051 28.01985 10.52573 12.40851 
1000.0 31.0698 8.53207 27.77331 0.0 25.00628 20.99477 24.40557 20.17876 27.81894 12.5563 7.02957 0.0 11.07708 23.88059 8.11389 30.71093 15.02457 27.82086 9.63681 0.03682 12.71934 14.45859 12.95627 15.21149 25.52022 15.39354 22.12601 14.80315 29.91791 14.8824 
1000.0 22.02657 16.09961 18.64552 0.0 6.61336 25.74972 14.87978 23.58646 29.51314 6.6883 16.0597 0.0 8.45115 26.22076 17.96288 31.41714 29.60673 11.98157 25.14018 0.02651 14.28787 18.48503 9.12523 22.24056 24.7493 9.49878 28.75605 19.84756 18.30841 12.53331 
1000.0 30.72124 22.39494 20.56088 0.0 26.89959 14.34147 26.5695 20.79649 22.6577 24.95718 28.31523 0.0 10.36145 18.89732 14.45053 22.53039 7.86196 30.53673 16.95255 0.01016 20.61059 17.38651 31.03669 20.95122 12.57606 25.10341 10.30396 9.17317 15.20931 23.495 
1000.0 18.41856 11.7165 26.08659 0.0 16.30969 25.15154 24.4838 13.64429 30.39399 15.99272 30.66244 0.0 26.22469 12.40566 27.15145 24.64545 19.87143 25.52545 15.46996 0.0337 14.1799 7.09753 11.27395 23.30333 9.16184 25.38033 30.24535 10.6394 30.49789 26.72243 
1000.0 27.79833 23.22088 27.84935 0.0 7.34863 9.33743 23.09703 9.51243 29.42246 27.34633 16.55392 0.0 27.78301 26.56069 32.25364 11.94426 19.46664 7.1891 17.9286 0.01393 7.13183 20.04231 25.07812 19.25907 27.49018 19.69176 13.0628 12.40792 31.76885 18.43419 
1000.0 7.82512 8.60895 19.60867 0.0 30.77994 12.69635 30.17571 21.9982 19.31759 29.3259 13.61878 0.0 8.14564 8.54163 10.10753 6.82994 27.81837 17.42849 12.9688 0.01205 7.85311 18.18783 20.24678 21.31941 22.06685 8.9841 8.30128 16.2375 27.92263 30.51315 
1000.0 30.61554 12.79555 9.6602 0.0 15.31972 11.98381 8.13033 6.93786 14.53173 25.50697 14.12928 0.0 19.33337 18.87894 27.06735 15.00809 23.87229 11.30256 21.42805 0.01813 27.01385 12.10769 17.52921 22.8701 8.48857 16.47911 12.13001 26.8014 27.32959 14.49308 
1000.0 26.16229 27.82447 21.92357 0.0 10.03361 26.52676 32.04161 22.65463 7.05371 25.57723 23.08179 0.0 30.02952 16.2223 11.92921 17.00089 22.14797 9.54753 28.2338 0.00876 18.72471 21.90074 26.98961 9.0424 11.34977 21.67421 8.92672 32.29398 30.55098 27.88892 
1000.0 9.89249 22.54447 20.01401 0.0 18.2473 11.72517 28.17434 7.28691 23.62201 27.88887 18.14057 0.0 9.57523 7.72315 31.40301 27.16162 13.43518 21.02741 27.32017 0.03398 9.68762 15.48191 7.94627 28.91364 11.62533 20.94476 22.36027 19.92767 17.4132 25.63493 
