1000.0 1000.0 1000.0 1000.0 1000.0 1000.0 1000.0 1000.0 1000.0 1000.0 1000.0 1000.0 1000.0 1000.0 1000.0 1000.0 1000.0 1000.0 1000.0 1000.0 1000.0 1000.0 1000.0 1000.0 1000.0 1000.0 1000.0 1000.0 1000.0 1000.0 1000.0 
1000.0 37.9224 37.78572 17.54898 0.0 13.42963 19.73258 38.41074 14.36785 21.64933 39.85048 42.05422 0.0 25.71861 16.72299 17.27372 26.05625 42.88118 15.42421 15.63836 0.03705 36.92665 25.33361 42.82134 9.80215 14.99112 18.98377 28.01414 14.67045 19.64789 15.90979 
1000.0 43.30443 30.2263 17.71596 0.0 37.3355 18.20535 41.93882 38.35551 25.93708 24.15319 37.55009 0.0 39.04761 36.1291 17.36855 15.42433 16.58787 30.02188 44.41235 0.02133 30.11566 44.64694 28.97562 22.63376 19.62757 14.45893 17.93532 29.02754 28.50139 42.55707 
1000.0 34.18075 21.8977 27.75514 0.0 9.35876 12.0605 33.58571 23.46633 9.78294 15.28942 44.02322 0.0 9.36782 9.20321 41.97758 42.95154 38.01938 14.22524 36.35251 0.03923 26.29997 39.07079 12.0303 13.84229 37.36004 15.02059 31.10489 16.75484 9.40026 16.75321 
1000.0 0.0 0.0 0.0 37.32921 0.0 0.0 0.0 0.0 0.0 0.0 0.0 34.02294 0.0 0.0 0.0 0.0 0.0 0.0 0.0 0.0 0.0 0.0 0.0 0.0 0.0 0.0 0.0 0.0 0.0 0.0 
1000.0 36.39956 23.19657 35.01576 0.0 15.3302 41.77396 24.10626 12.26933 36.16814 14.57911 16.70123 0.0 20.43865 10.00899 39.1136 36.71189 30.04722 37.01867 11.14525 0.02932 16.10258 33.49891 40.24739 40.35771 32.07977 12.19191 18.74522 40.92511 11.38017 18.29303 
1000.0 31.43699 44.24961 37.56351 0.0 38.47331 44.06505 11.5448 41.47962 14.31578 31.17267 17.52937 0.0 15.95802 40.25075 38.37858 34.82437 40.07449 35.54783 19.89965 0.02089 39.67845 37.75311 31.16903 22.71593 28.30001 28.80117 26.44644 14.00268 27.38305 19.75298 
1000.0 14.17991 22.24182 14.32561 0.0 9.26091 17.53794 38.3606 43.08882 13.78561 26.11528 19.47185 0.0 20.1411 31.19887 38.98233 10.21233 38.9801 18.24516 38.79424 0.04431 14.62046 24.43403 16.96976 30.61382 9.052 26.93337 38.13872 14.6247 21.7031 24.17935 
1000.0 22.77033 11.71355 38.00845 0.0 36.45086 17.50723 10.94694 36.24878 15.92232 21.16553 18.92699 0.0 40.37287 34.28034 40.70046 29.39017 20.24352 28.62844 13.61811 0.02584 31.39859 18.38375 19.5877 11.11567 10.56439 44.55129 29.95425 27.01709 25.69499 14.38921 
1000.0 15.47922 10.72035 25.07435 0.0 19.76791 30.59431 11.80441 38.16967 28.04739 32.10664 23.84395 0.0 19.39672 27.82529 30.07687 19.38604 39.74306 21.92438 44.73525 0.03196 35.83683 25.39479 13.55432 29.42322 34.91185 41.20243 38.06234 9.94795 28.93205 10.59616 
1000.0 41.28807 35.94489 16.42929 0.0 21.5108 21.00593 41.29386 21.05787 14.56834 25.61808 34.90338 0.0 16.11319 24.17104 41.15195 42.14184 18.38995 37.25465 39.45994 0.03036 32.23512 39.39132 32.57916 39.65678 24.04109 23.50763 33.10087 21.45792 31.46462 13.82363 
1000.0 13.22355 12.2153 43.47861 0.0 25.046 26.25165 39.47738 28.2538 13.1364 13.35843 20.90441 0.0 26.62975 27.12556 9.20885 36.9536 19.22828 26.89437 27.31578 0.02937 10.6256 30.51258 12.05557 30.04583 14.52007 25.45662 13.89429 21.0797 28.7774 31.30759 
1000.0 0.0 0.0 0.0 23.34291 0.0 0.0 0.0 0.0 0.0 0.0 0.0 31.77156 0.0 0.0 0.0 0.0 0.0 0.0 0.0 0.0 0.0 0.0 0.0 0.0 0.0 0.0 0.0 0.0 0.0 0.0 
1000.0 12.83405 14.94613 29.45857 0.0 28.37687 43.54865 18.83498 31.55725 15.75845 38.38685 40.02672 0.0 26.78468 11.35901 19.10083 14.73776 40.81893 29.91517 16.26299 0.01222 40.50698 37.16071 14.09883 17.70414 35.58947 31.75399 14.50923 19.65197 12.74223 25.87688 
1000.0 13.3203 11.31834 29.05345 0.0 15.29833 9.75724 21.08066 14.95658 37.19866 41.72794 10.7896 0.0 9.60544 26.88341 36.96416 25.9463 9.32331 37.82394 44.03716 0.02051 11.49421 33.40212 36.1298 13.60977 38.16824 31.4799 15.54236 23.85013 18.94501 37.41453 
1000.0 14.25992 15.33653 19.54973 0.0 16.69927 23.48891 34.36039 44.07243 12.65476 31.2182 14.79287 0.0 36.74342 42.625 37.97346 43.87988 27.99445 14.04806 32.64562 0.03999 42.26047 30.45412 33.38794 27.0752 14.35478 37.02245 31.44003 37.90716 36.37251 42.16053 
1000.0 24.21822 14.56647 41.54595 0.0 37.14481 37.81585 37.09418 20.71383 42.1112 26.46155 21.24979 0.0 17.65108 24.96695 9.12695 26.99617 17.31116 12.60654 15.25689 0.02265 37.29546 16.115 14.09241 43.75598 28.78953 25.56951 38.7372 17.50829 31.99556 10.74258 
1000.0 35.83416 32.2576 36.34978 0.0 32.41236 30.40462 17.63986 16.90348 14.57259 38.8248 33.04062 0.0 30.4604 9.86103 35.75228 37.01445 36.22869 9.04521 38.85531 0.02622 37.97916 9.42516 23.64099 31.41059 37.48274 35.52419 23.95268 39.02844 12.21741 36.2088 
1000.0 34.5209 25.81151 39.94907 0.0 44.43941 14.45613 24.38861 21.87296 33.61685 36.76784 12.62939 0.0 17.7219 29.92317 20.6069 18.60962 9.64146 29.75856 39.75287 0.03499 24.94102 32.34935 10.33059 16.98527 35.89887 26.84141 35.31488 33.53809 41.80241 41.00288 
1000.0 33.57651 14.29867 38.81326 0.0 27.7214 29.20581 41.80236 38.59321 18.17091 18.01942 28.65892 0.0 22.66677 9.50707 43.77764 17.34905 40.4648 22.88603 28.72468 0.01422 23.85946 13.7905 11.38496 31.74327 31.01439 36.00638 25.14245 13.53284 41.76769 33.54333 
1000.0 0.1397 0.12748 0.08819 0.0 0.13545 0.18146 0.05497 0.15658 0.15219 0.17206 0.13974 0.0 0.06852 0.04478 0.06471 0.08378 0.14785 0.16776 0.13671 35.1104 0.15887 0.06332 0.11565 0.18654 0.09898 0.17572 0.16935 0.14259 0.04475 0.16939 
1000.0 24.5299 42.45106 28.15115 0.0 42.87115 14.97124 11.67581 43.33784 43.65183 29.1148 18.85774 0.0 18.64031 9.99066 42.73272 37.6476 32.42695 19.55865 43.38786 0.02625 12.85589 11.48119 18.581 15.37327 37.74971 42.55997 14.30484 39.82955 41.4741 21.10227 
1000.0 30.73896 24.38404 31.34965 0.0 35.52483 25.63723 30.91971 9.61384 23.04506 35.71541 27.22952 0.0 25.90718 37.41155 44.18815 37.25342 29.57973 17.58525 31.88678 0.02383 16.681 10.53786 39.28706 12.54667 39.17194 28.87482 26.68829 40.20755 13.15362 27.73777 
1000.0 17.61888 28.95975 24.35633 0.0 40.63814 23.57339 26.31 21.38269 30.40632 30.11245 10.29186 0.0 42.49481 12.76141 43.85146 20.6374 18.94127 24.07724 39.0379 0.01443 37.29643 21.61317 19.5352 23.90344 23.89231 18.01017 37.67421 30.329 11.22103 34.75884 
1000.0 42.68183 9.07474 23.86474 0.0 26.41074 43.70223 30.8623 19.29412 16.03061 39.7587 27.62548 0.0 22.40569 24.16163 20.92665 43.40084 34.62545 9.04681 40.97502 0.01142 27.31021 10.47104 9.81348 30.12874 43.98444 11.0994 9.78636 19.52402 23.03044 29.39987 
1000.0 24.74439 27.6727 36.27051 0.0 13.80498 33.99312 22.06638 32.42797 43.92968 23.62681 16.57536 0.0 27.79572 27.20201 43.71041 30.20118 28.80261 29.44506 22.96543 0.04234 42.34105 25.52522 25.43857 34.83385 27.72372 14.75937 23.27108 24.27747 22.80562 15.37554 
1000.0 14.32391 29.75235 33.62945 0.0 18.37497 35.30217 21.50795 14.4624 42.56061 18.57421 24.9822 0.0 32.18476 22.39456 27.37015 41.50907 23.19956 10.22932 15.45698 0.027 13.51808 41.08074 9.86573 41.39079 10.36388 13.66905 43.34935 30.41357 26.28699 10.31444 
1000.0 30.66561 16.98677 41.32311 0.0 12.44073 13.27061 23.0728 33.77577 9.81074 13.853 30.41811 0.0 22.24643 23.04822 30.4007 25.32214 44.14251 27.77125 41.15637 0.01946 41.82092 26.14868 36.13112 9.49354 12.31489 37.64737 35.46882 42.83954 26.61813 16.72405 
1000.0 33.13732 34.6583 17.92252 0.0 14.55398 15.95465 17.62604 27.12669 41.82297 28.26611 9.01952 0.0 12.56815 31.34404 21.78121 18.53443 22.83487 32.76236 39.87563 0.02715 20.57682 39.78199 23.14227 12.02346 26.9209 39.15809 9.74061 10.43122 41.3025 27.44088 
1000.0 31.1615 9.81532 43.34931 0.0 24.69443 16.7319 29.99352 21.74848 23.2088 21.20629 12.00927 0.0 38.06311 10.28924 43.45779 18.0111 14.72019 21.584 35.01907 0.01782 34.09989 36.63363 35.58239 31.67705 27.75924 22.71007 10.33222 20.60775 23.02104 15.55349 
1000.0 29.66307 10.36008 11.59421 0.0 19.34578 37.06626 14.81367 42.3148 33.62658 36.94443 18.6166 0.0 21.81249 17.02776 32.17965 31.45712 16.87544 17.22941 23.01806 0.03561 44.28362 15.40866 32.807 25.25579 22.60106 23.83361 34.44814 15.60578 37.71897 31.72197 
