1000.0 1000.0 1000.0 1000.0 1000.0 1000.0 1000.0 1000.0 1000.0 1000.0 1000.0 1000.0 1000.0 1000.0 1000.0 1000.0 1000.0 1000.0 1000.0 1000.0 1000.0 1000.0 1000.0 1000.0 1000.0 1000.0 1000.0 1000.0 1000.0 1000.0 1000.0 
1000.0 25.73521 43.57596 16.14378 0.0 22.84482 13.25498 36.85286 9.46149 27.65629 34.49813 29.72133 0.0 16.84618 31.5957 39.99012 32.93181 9.32569 42.53454 27.59888 0.02024 23.8745 35.58622 30.11563 22.87526 33.53993 44.75213 38.60765 27.13306 38.10049 32.77709 
1000.0 36.48034 9.2363 43.00034 0.0 35.085 25.19554 19.30093 37.53138 45.31177 32.06935 29.01699 0.0 37.86284 37.61514 12.21855 16.03972 19.88466 19.62918 12.11956 0.03584 16.07112 16.07961 25.85053 36.60311 10.96859 20.92722 24.44879 10.87293 30.48198 36.61276 
1000.0 10.34029 26.51255 17.68019 0.0 21.63134 27.80783 10.07632 20.31084 45.26686 44.85956 9.14444 0.0 21.16649 12.41885 22.24242 24.25807 43.12219 29.67041 36.66244 0.04194 23.51923 38.51707 13.67538 28.81777 25.70756 25.34738 12.78852 12.3134 33.943 42.66192 
1000.0 0.0 0.0 0.0 17.28468 0.0 0.0 0.0 0.0 0.0 0.0 0.0 18.37206 0.0 0.0 0.0 0.0 0.0 0.0 0.0 0.0 0.0 0.0 0.0 0.0 0.0 0.0 0.0 0.0 0.0 0.0 
1000.0 19.11246 13.19131 13.7455 0.0 32.79739 31.0239 26.81341 40.27524 17.96324 12.92592 35.72374 0.0 22.12601 24.31344 28.51677 12.84529 12.85896 11.25787 33.94303 0.04298 18.34376 26.81054 21.24534 22.30978 32.17837 38.13149 14.12916 33.80798 37.46319 16.56012 
1000.0 32.35185 41.87789 18.20231 0.0 37.14778 23.99461 29.09556 26.11682 27.6664 16.60979 25.554 0.0 41.96209 38.40299 42.81767 25.12954 20.71929 37.08685 29.59772 0.04678 19.2348 15.84616 15.52407 19.43576 10.3106 43.79499 45.09187 9.94541 30.02248 34.41093 
1000.0 32.61816 19.16582 31.08139 0.0 12.29203 25.78266 26.75899 13.11795 39.59387 37.16624 31.27693 0.0 13.0637 23.37617 41.03079 43.0641 41.86525 21.99948 27.86872 0.02826 40.58166 44.32202 40.28861 27.83901 14.53617 34.58111 15.93938 22.33736 41.22632 44.32767 
1000.0 32.34686 45.49872 22.69797 0.0 18.6357 35.29353 17.03691 32.50797 39.67165 26.86048 32.16236 0.0 15.0247 31.42021 28.08904 24.36086 9.3561 32.36522 32.72769 0.01404 24.22448 20.32055 39.3168 9.58629 11.52171 20.69275 29.7885 36.06547 42.35775 22.71306 
1000.0 9.81169 22.64024 25.68622 0.0 14.16083 40.85063 43.9883 30.90136 10.47182 13.19554 37.52972 0.0 34.35493 42.22218 20.31783 35.76728 13.20743 35.49123 35.91649 0.01077 34.99111 27.68384 24.42904 26.84808 31.34536 40.62877 15.30481 26.04378 20.09948 29.2952 
1000.0 18.00425 40.1888 36.40974 0.0 28.50625 16.25782 29.60544 44.07961 25.42812 39.76323 18.60277 0.0 10.05687 18.91098 41.42804 15.03157 16.52033 40.93758 25.26086 0.02158 20.42788 27.70566 22.59394 19.68142 34.3252 43.00014 27.29435 39.96914 10.35499 31.77716 
1000.0 11.62663 12.26508 36.53903 0.0 25.94992 14.63997 11.8564 35.42333 16.59113 17.00696 35.75952 0.0 11.71218 16.03454 20.29378 38.29665 14.86004 36.08479 18.49869 0.04089 16.924 18.82009 26.96214 19.73416 41.92738 18.36625 10.92666 16.29795 16.75998 44.74202 
1000.0 0.0 0.0 0.0 29.55967 0.0 0.0 0.0 0.0 0.0 0.0 0.0 36.11337 0.0 0.0 0.0 0.0 0.0 0.0 0.0 0.0 0.0 0.0 0.0 0.0 0.0 0.0 0.0 0.0 0.0 0.0 
1000.0 24.72324 10.02621 35.2419 0.0 22.46134 41.79061 14.56209 22.70488 33.98913 23.90288 40.65788 0.0 41.2373 33.61872 17.92144 34.50137 41.56283 41.16921 35.15595 0.01636 12.12167 18.16387 25.50469 13.41855 39.26136 39.65026 16.54567 17.24114 11.97365 43.40204 
1000.0 36.58661 35.83158 43.66681 0.0 34.45632 34.94319 10.92597 17.82452 28.86864 17.18975 10.73814 0.0 18.91722 34.66638 34.23139 17.88854 42.11608 30.61796 32.49446 0.04084 11.54572 16.59152 21.05821 36.52939 39.52105 27.67493 37.68443 33.8642 13.42825 26.60925 
1000.0 29.98401 34.11759 39.98527 0.0 28.53982 39.55709 44.8688 27.29616 40.28767 42.13756 18.50718 0.0 9.7608 28.27422 16.30811 11.39725 27.42093 22.15335 12.15407 0.0115 17.7098 29.90741 21.54518 18.59238 27.96536 44.37703 43.66402 29.39597 41.03276 31.84563 
1000.0 41.05278 38.99595 20.08542 0.0 41.16477 32.7244 17.51349 31.24635 42.96401 23.11016 10.41131 0.0 14.86099 17.8769 14.58061 30.33277 20.6512 44.89525 24.68991 0.02748 32.52974 40.21495 37.60528 39.03296 30.70399 38.34855 45.04307 12.93297 23.18048 31.5344 
1000.0 43.47661 19.43917 37.30064 0.0 35.74254 22.26428 36.19595 13.11029 23.30234 43.94722 38.82941 0.0 27.18774 21.48084 14.73979 41.61616 35.33349 21.01841 22.94098 0.03283 15.59276 36.41381 24.14018 41.78489 24.14832 24.66999 9.73101 36.19946 32.36667 21.11474 
1000.0 41.84759 10.77263 25.10503 0.0 27.80421 14.06579 17.17782 21.15127 22.01464 45.37583 20.92179 0.0 10.03593 12.85303 35.28032 23.51921 14.07267 20.60477 36.34324 0.02484 26.60936 41.07015 32.81301 14.70179 21.13183 26.57189 29.75512 26.8712 34.80006 43.9695 
1000.0 35.53171 43.58053 39.67331 0.0 21.20304 32.69984 17.53484 16.5308 43.795 14.39886 22.73163 0.0 33.98153 9.9344 18.45894 44.11183 12.85572 35.85018 28.51406 0.02539 38.11464 37.63212 20.36757 39.02897 18.00057 25.47866 29.32615 17.2905 32.35287 23.03916 
1000.0 0.04039 0.10313 0.10783 0.0 0.12736 0.11272 0.18647 0.09012 0.08562 0.19014 0.18687 0.0 0.08552 0.15471 0.09256 0.07532 0.1444 0.17423 0.03948 13.71361 0.07257 0.14369 0.12176 0.0844 0.18124 0.17745 0.07742 0.17322 0.13226 0.15588 
1000.0 38.19136 23.85624 40.50994 0.0 40.13072 19.95551 23.75656 34.68341 15.43714 17.58597 16.79678 0.0 32.81786 38.7159 35.7033 23.53658 42.72518 14.14502 31.09822 0.04643 31.08316 38.11877 10.93548 25.5747 13.14121 28.78216 9.91406 29.94755 40.40141 16.1223 
1000.0 13.41374 23.79817 33.84283 0.0 15.8667 25.50535 38.09001 16.7998 13.95935 14.92294 35.82175 0.0 10.9562 37.80305 10.50835 16.72277 20.77011 16.2754 35.58265 0.03784 35.50512 19.79882 30.42931 34.722 11.12304 44.54954 38.12123 16.52413 41.90556 30.80588 
1000.0 40.61504 31.70888 19.79106 0.0 41.67238 26.55535 39.62027 11.80003 34.36691 20.94751 33.50745 0.0 34.54479 18.83977 34.10187 14.17402 34.58768 34.42338 18.89501 0.01012 33.03039 20.15661 11.56792 31.74238 16.96682 18.70453 43.90064 44.52558 36.04184 42.02479 
1000.0 25.32446 22.69521 17.45128 0.0 35.11408 16.5788 37.09533 20.06605 36.18568 43.94401 23.70681 0.0 25.04129 33.8483 21.76371 27.16274 41.0137 44.09605 13.5369 0.03696 12.89925 30.96418 21.06233 15.00717 35.85886 28.31935 38.67031 38.30365 14.65021 25.04671 
1000.0 13.31496 11.898 30.57739 0.0 40.82685 24.45597 35.11751 35.22591 40.25923 15.3764 25.18861 0.0 25.31747 12.94035 32.74283 37.84384 35.92598 37.49802 40.80191 0.01164 34.59293 23.06866 24.05233 22.11318 41.89728 24.78445 32.54769 11.09306 29.03475 15.93757 
1000.0 34.70809 30.10417 17.09696 0.0 32.35348 39.34818 41.42503 11.03591 14.97829 30.83749 41.95422 0.0 40.24798 44.74743 32.95705 32.10048 31.51574 23.0873 33.9027 0.0437 45.1434 20.66909 41.06018 42.74915 12.44916 15.76547 9.50843 28.4228 30.45828 12.76251 
1000.0 12.73295 33.29342 41.55239 0.0 12.33251 16.63349 28.40671 36.85408 13.31186 19.75321 19.35257 0.0 9.47402 22.7808 27.25474 19.59357 44.85877 43.29669 38.30531 0.03403 9.82749 20.17918 17.41733 39.62777 27.05358 10.58482 32.21639 31.85361 16.62189 25.50725 
1000.0 37.57847 17.7911 45.02684 0.0 15.64463 30.31594 12.08478 29.93978 32.0791 12.53529 21.28677 0.0 15.68699 42.11273 39.29853 17.25156 18.97194 40.6054 17.51175 0.02863 33.77398 39.23471 27.82553 37.97796 19.06027 27.6929 40.29811 39.21098 22.73153 16.16559 
1000.0 31.65258 21.49834 26.28085 0.0 40.57787 35.71793 12.36033 40.81606 20.19427 9.71432 24.65491 0.0 26.31848 35.82465 37.76679 18.60306 18.48083 21.14635 10.59937 0.03993 45.41957 26.42531 25.93451 34.55949 21.8205 43.71957 13.55523 16.55851 27.50869 13.58537 
1000.0 23.16648 20.48734 27.99906 0.0 33.16591 10.98617 25.271 21.9235 40.00495 23.97036 24.36983 0.0 42.30267 36.39976 41.41134 20.23342 36.40264 42.51586 25.51623 0.03168 30.05814 31.48145 34.37099 13.66011 21.46901 24.16075 42.40024 19.27937 15.21291 41.46923 
