1000.0 1000.0 1000.0 1000.0 1000.0 1000.0 1000.0 1000.0 1000.0 1000.0 1000.0 1000.0 1000.0 1000.0 1000.0 1000.0 1000.0 1000.0 1000.0 1000.0 1000.0 1000.0 1000.0 1000.0 1000.0 1000.0 1000.0 1000.0 1000.0 1000.0 1000.0 
1000.0 25.38418 43.63 41.62962 0.0 16.90897 25.25056 37.17702 21.14027 37.04672 26.58216 23.40003 0.0 20.17857 23.82976 14.68453 41.35651 25.74879 33.99796 31.78535 0.04286 11.28906 44.60406 12.51864 14.84479 28.25887 42.76061 13.51321 20.92056 44.71731 28.86656 
1000.0 34.15269 16.73544 11.62255 0.0 21.13951 34.84837 12.87419 29.9471 43.53906 9.94853 11.0366 0.0 35.08201 9.8827 16.53442 19.44114 10.64107 30.69329 16.66999 0.04655 9.55532 28.1665 13.96557 14.98352 30.46047 12.78183 31.53025 13.08902 34.82622 35.43075 
1000.0 31.34174 25.21466 10.819 0.0 28.57553 43.00605 12.73072 16.20502 32.28583 18.87347 20.76613 0.0 19.32851 43.69111 15.38377 17.26838 41.52868 33.08145 13.83855 0.01739 38.48681 11.8869 14.27586 18.30372 36.03878 13.46068 43.699 15.19599 12.26717 44.87462 
1000.0 0.0 0.0 0.0 16.74271 0.0 0.0 0.0 0.0 0.0 0.0 0.0 39.61998 0.0 0.0 0.0 0.0 0.0 0.0 0.0 0.0 0.0 0.0 0.0 0.0 0.0 0.0 0.0 0.0 0.0 0.0 
1000.0 26.39816 44.06655 17.03911 0.0 44.10885 37.8159 26.52316 20.8858 22.20314 29.43986 24.36364 0.0 30.56751 43.44248 27.81968 38.62046 38.40292 17.81406 25.34204 0.01503 42.28236 22.05396 12.63147 12.35944 21.27626 25.97938 28.26966 37.88915 13.63546 23.25439 
1000.0 18.4145 39.06421 22.53706 0.0 39.68796 26.47745 29.80398 23.97436 13.41065 24.52738 10.44431 0.0 13.66388 32.41411 32.33144 11.10012 34.17757 40.73374 25.36448 0.01367 43.86185 21.8161 18.32674 23.96265 35.27821 38.89066 9.45512 9.64879 15.04875 42.79693 
1000.0 10.35784 16.62392 26.12396 0.0 13.95703 38.82135 36.99686 32.23739 22.83572 10.56076 33.74959 0.0 9.60116 31.93732 34.49368 13.72983 21.39475 15.22916 38.83312 0.02818 31.73336 15.52298 18.09325 32.71408 10.89103 41.08416 29.55704 18.98057 39.59112 38.47615 
1000.0 16.32525 17.60108 26.91572 0.0 35.59082 43.04011 18.23979 15.9453 15.395 27.79099 17.5935 0.0 33.60655 10.40224 44.88763 43.13563 18.81192 16.80774 33.99153 0.04442 15.63717 19.28628 16.56844 24.67708 31.34111 44.38883 24.1479 25.11834 23.49464 22.58925 
1000.0 22.6323 14.7897 17.20876 0.0 24.07026 32.93405 18.55873 9.54026 10.94583 43.40246 16.94788 0.0 41.17955 22.50696 16.14883 13.3372 9.66315 14.77338 26.57868 0.02721 31.51231 38.00499 16.55265 18.63666 26.93034 44.36136 42.80694 25.63516 17.36738 44.26537 
1000.0 19.56459 43.53124 36.32246 0.0 27.30366 11.29055 29.95549 32.1057 42.28491 38.63908 25.66824 0.0 22.10612 23.13578 37.8964 16.64403 30.71747 12.27895 22.99528 0.01554 24.52568 13.64886 19.42946 11.06765 40.76868 23.93609 21.42835 44.16739 19.71615 40.11397 
1000.0 27.1734 13.50694 33.08358 0.0 11.60749 31.26951 16.61948 43.58608 39.45709 24.76466 37.82594 0.0 35.64333 25.94614 30.74106 25.82638 36.84327 9.21293 10.83143 0.03953 43.27669 29.35168 20.29792 40.2942 22.63085 10.4838 31.78546 43.31067 28.79509 30.9405 
1000.0 0.0 0.0 0.0 37.12453 0.0 0.0 0.0 0.0 0.0 0.0 0.0 22.67769 0.0 0.0 0.0 0.0 0.0 0.0 0.0 0.0 0.0 0.0 0.0 0.0 0.0 0.0 0.0 0.0 0.0 0.0 
1000.0 17.60725 24.33501 18.53128 0.0 15.11158 38.42694 14.12744 28.66358 10.43611 30.31575 24.74983 0.0 14.5531 25.77792 24.36891 11.88463 15.9852 26.35351 40.98937 0.01465 25.81433 41.74618 39.72193 20.27371 36.99311 31.53749 26.85174 10.51236 33.49393 24.95092 
1000.0 9.46798 25.31826 11.2021 0.0 25.57244 37.05825 36.91928 23.35333 15.32389 12.77479 42.66496 0.0 22.29019 34.892 36.98247 38.65372 24.13627 22.45291 42.11277 0.03292 24.61939 44.08069 42.71358 14.52357 19.10467 30.325 41.29999 9.68206 31.13824 27.67063 
1000.0 17.64772 20.17572 44.01524 0.0 29.90018 34.56282 32.27901 22.12863 21.64645 21.06426 38.50548 0.0 39.56725 27.01172 29.49105 13.68863 44.56089 12.49476 32.6284 0.0402 17.86747 41.65244 22.31429 32.22345 21.13804 17.04594 37.79532 37.49562 25.35884 21.34698 
1000.0 43.88065 17.48371 16.14191 0.0 14.21177 11.20602 18.11088 14.04503 20.63742 31.15377 38.05786 0.0 9.30387 32.58833 40.77548 20.19798 31.38081 27.12078 11.99044 0.04213 29.37404 34.08556 26.25083 20.90745 14.93674 19.75977 29.28672 26.66628 24.54248 11.86022 
1000.0 18.14128 38.07518 26.04404 0.0 18.50099 13.71371 20.99924 11.88701 14.30701 41.45464 35.25252 0.0 41.7574 44.49381 11.44663 19.65052 40.27609 9.20377 41.56287 0.02198 35.62862 41.74742 44.31938 12.8833 15.23391 37.67981 11.61634 11.58179 34.61165 38.48939 
1000.0 12.00677 26.16682 15.29814 0.0 23.71785 41.50453 42.06609 37.4305 22.79362 18.5458 43.59555 0.0 26.66343 30.00815 22.68744 30.78107 19.55847 12.12123 13.45239 0.01569 30.91119 20.06357 34.01636 44.8848 17.21728 9.13298 41.16659 33.96962 23.41465 28.77139 
1000.0 16.69213 37.28392 11.38298 0.0 20.76646 28.06183 21.22001 36.40289 23.29137 42.46863 20.23404 0.0 17.07385 28.26625 36.60664 28.61616 33.83752 9.51504 40.19693 0.01065 19.37821 24.21269 32.74103 31.48027 10.66464 12.1624 10.24049 10.44395 42.55989 36.4135 
1000.0 0.07523 0.18172 0.07936 0.0 0.11332 0.0793 0.04449 0.06403 0.13644 0.08892 0.17359 0.0 0.06704 0.14082 0.14658 0.05088 0.15472 0.1878 0.15998 10.14949 0.09541 0.1429 0.03827 0.17994 0.12838 0.1683 0.0962 0.13106 0.1586 0.04608 
1000.0 34.30392 33.37349 41.80182 0.0 22.0778 16.35941 26.35088 16.9448 23.22863 39.34263 26.33383 0.0 39.34517 28.6042 27.93963 13.60132 37.83999 34.45155 23.35156 0.02883 9.82121 37.87695 36.28195 37.93268 26.18958 39.75233 9.59439 11.10809 40.83301 19.20647 
1000.0 15.61816 10.77258 24.23261 0.0 23.11495 23.72311 9.52483 21.7464 37.18518 10.67069 11.67191 0.0 19.43273 11.13304 43.15299 19.48267 13.3387 42.59078 30.40945 0.04696 12.10832 31.22079 33.11781 14.69729 16.62035 19.37813 28.21781 10.62674 35.63085 31.11591 
1000.0 28.24025 42.08501 18.14265 0.0 38.179 14.09055 13.77177 29.34165 15.36172 17.91795 27.64771 0.0 44.18176 11.89254 36.97871 42.37479 20.01157 16.07598 15.05274 0.02336 10.15643 25.02809 13.46872 39.78682 43.67489 43.21939 21.05289 21.6046 23.28124 29.24259 
1000.0 38.83275 43.74475 35.95199 0.0 11.09446 45.0645 22.40808 14.23476 42.0718 28.74647 35.10025 0.0 19.63367 28.2586 17.06865 36.0782 10.96183 28.95641 29.49199 0.0374 36.65551 24.70696 23.34577 35.65043 30.99985 15.8677 37.83388 23.01627 27.23007 20.61507 
1000.0 18.59094 22.18557 28.34269 0.0 32.96336 12.17479 13.98423 36.30547 40.49875 42.13867 38.64246 0.0 9.50818 25.46161 23.55226 15.72126 23.32461 44.09009 23.0577 0.0394 29.60459 25.27041 33.58177 22.55129 42.42234 14.13403 16.2526 22.4375 20.12273 31.26265 
1000.0 24.24657 9.69573 40.7529 0.0 12.83225 13.13082 31.89443 28.3143 29.08692 38.95535 27.70399 0.0 31.38774 17.8102 20.70105 24.22098 43.93129 18.06344 13.35128 0.01483 29.15159 23.90655 37.48616 32.30054 17.5773 18.88715 16.12116 33.87578 37.28995 10.98099 
1000.0 28.19418 19.43699 15.26803 0.0 31.72946 41.13116 39.71071 19.31026 31.85766 44.45606 19.98408 0.0 22.42948 33.07828 10.66336 34.73574 17.34621 13.23642 23.83297 0.03043 27.44225 22.15455 34.5628 37.72372 43.51631 23.39797 43.61367 15.04769 27.99415 38.66738 
1000.0 36.97226 41.43511 32.78362 0.0 35.42526 28.71693 24.00877 14.98737 28.40248 10.16998 19.71923 0.0 24.95746 25.80705 42.86453 20.76333 40.50085 12.7575 12.7182 0.01985 30.40693 34.86594 13.46266 9.77017 42.98999 44.46292 27.95085 33.60276 22.97117 40.4936 
1000.0 19.9101 31.36033 19.43192 0.0 23.70076 17.34627 30.277 21.16841 44.54868 13.25623 19.56736 0.0 21.9196 17.36569 29.70551 26.43054 20.5289 33.6145 30.73271 0.01478 17.76581 20.48742 20.26475 41.08942 37.08956 28.28395 10.26027 37.3495 26.03602 9.49355 
1000.0 43.36916 34.92508 39.40882 0.0 16.481 23.46335 31.91398 11.62198 32.66384 43.89787 43.16683 0.0 44.38864 33.84491 34.62178 21.70588 18.19823 28.23306 38.83829 0.03305 38.99743 28.3602 33.96806 26.85448 12.9266 12.37568 12.01634 43.07825 11.31376 21.66663 
