1000.0 1000.0 1000.0 1000.0 1000.0 1000.0 1000.0 1000.0 1000.0 1000.0 1000.0 1000.0 1000.0 1000.0 1000.0 1000.0 1000.0 1000.0 1000.0 1000.0 1000.0 1000.0 1000.0 1000.0 1000.0 1000.0 1000.0 1000.0 1000.0 1000.0 1000.0 
1000.0 30.12666 11.49039 43.20339 0.0 31.28847 29.70646 33.45765 17.03105 30.24223 33.92296 38.00418 0.0 30.07726 38.46118 18.7055 37.47452 29.48965 9.88568 17.19434 0.02714 19.57521 19.20838 9.61222 23.41971 17.96272 11.28709 27.80104 31.12262 33.39929 28.12796 
1000.0 15.08526 29.167 11.76901 0.0 25.97446 37.34433 12.18305 15.1153 30.88409 28.39369 41.86327 0.0 40.16685 38.6751 23.72729 14.57768 30.54131 25.37745 17.94465 0.02756 41.84338 34.84397 9.71838 23.25097 41.92276 31.66875 18.50988 43.98509 40.0115 13.2424 
1000.0 18.75684 35.90267 36.75371 0.0 38.4719 34.33094 12.95435 39.99668 16.46917 22.96319 42.3306 0.0 38.30306 11.49677 41.59246 34.47241 34.89412 22.37424 11.54419 0.03595 34.52602 26.39958 29.76677 42.06339 14.02628 14.47858 36.67526 35.43289 16.53478 22.33841 
1000.0 0.0 0.0 0.0 28.46964 0.0 0.0 0.0 0.0 0.0 0.0 0.0 34.54138 0.0 0.0 0.0 0.0 0.0 0.0 0.0 0.0 0.0 0.0 0.0 0.0 0.0 0.0 0.0 0.0 0.0 0.0 
1000.0 31.14671 14.30647 34.4751 0.0 33.77868 15.54215 18.43019 27.29782 10.48796 41.79474 40.64532 0.0 37.22984 14.8878 37.7375 10.12549 27.52531 38.33627 32.99093 0.04248 39.9185 26.4246 21.0905 10.12199 38.27893 38.93492 21.25371 36.4767 42.07695 33.86461 
1000.0 42.62658 31.25944 30.11045 0.0 32.97464 33.80156 17.24839 8.97136 26.41216 40.56047 40.32945 0.0 29.27605 37.26709 16.48579 22.27301 25.64042 21.34311 13.80702 0.01504 15.87376 10.26286 21.9339 30.97184 30.5682 21.94784 20.79527 41.77471 15.70175 40.75307 
1000.0 9.58126 42.39992 31.16451 0.0 38.14135 36.2924 23.68443 12.23173 35.59132 18.35683 22.90581 0.0 22.46551 21.08682 26.50216 14.92373 12.06058 32.90088 33.43104 0.03278 43.44117 40.31677 29.73768 39.33458 39.00023 12.38657 41.46537 23.93745 23.44328 15.42898 
1000.0 17.77763 16.20117 24.5954 0.0 31.69705 41.24049 24.63828 12.57946 36.4442 12.68158 11.58541 0.0 34.75672 16.06171 15.84644 27.84202 12.4102 25.9807 16.12611 0.02314 42.01615 21.13408 29.47344 22.8291 28.54114 24.00749 30.83295 25.92689 35.51005 13.83796 
1000.0 43.20683 43.15437 37.97378 0.0 20.848 38.78649 11.40618 16.02292 40.2292 23.69139 9.69201 0.0 31.24755 34.8119 32.00241 38.05152 19.88604 32.74703 37.75929 0.03546 23.58385 11.48651 26.38154 14.73119 39.99272 28.44739 15.89234 32.1094 43.87194 40.71066 
1000.0 15.55479 41.94001 9.69795 0.0 15.08801 13.55228 39.79675 21.61004 34.1957 22.91073 33.07885 0.0 33.12421 24.61025 38.95539 21.31823 23.65492 38.48059 24.87636 0.02366 17.81696 31.73801 20.09276 33.73626 38.0612 21.48142 12.9292 35.41728 42.36554 11.69192 
1000.0 40.87199 34.04279 34.10428 0.0 37.66322 23.04478 11.89757 13.189 16.27886 20.10608 25.8187 0.0 12.798 25.07412 34.67308 37.85298 10.53835 14.66292 9.60212 0.01944 20.55505 24.81644 32.60441 16.59567 23.7691 31.25774 17.89307 23.56726 17.81372 38.28117 
1000.0 0.0 0.0 0.0 30.81685 0.0 0.0 0.0 0.0 0.0 0.0 0.0 37.54361 0.0 0.0 0.0 0.0 0.0 0.0 0.0 0.0 0.0 0.0 0.0 0.0 0.0 0.0 0.0 0.0 0.0 0.0 
1000.0 36.08234 35.66066 17.49776 0.0 23.01118 31.98349 30.47294 16.15026 15.45266 16.94488 13.36437 0.0 16.88053 30.98328 30.47784 23.31724 33.46995 38.40436 13.25427 0.03108 30.35997 35.24563 13.55782 32.46888 15.32474 24.29312 40.09982 9.3244 12.13993 10.14493 
1000.0 19.04559 27.19205 25.74996 0.0 32.40392 16.92538 41.04809 28.28273 16.58232 14.1408 8.9954 0.0 25.10577 40.04202 42.38043 30.31978 13.37573 27.01987 39.56911 0.01893 41.12388 29.5862 40.82163 18.6232 13.78783 17.57488 13.27837 40.0108 23.5607 17.29495 
1000.0 26.93179 38.48415 25.05779 0.0 24.35386 30.2181 12.06988 35.18016 23.18109 39.59564 28.75015 0.0 12.46009 29.05439 41.58989 15.87663 28.05954 26.44973 18.74513 0.03235 36.41906 31.15621 29.35899 41.50664 26.70646 42.1812 20.16329 27.5034 13.96367 26.69726 
1000.0 19.51187 34.01481 38.70655 0.0 42.26038 16.3721 13.16499 11.22278 23.01218 20.10876 29.05588 0.0 20.19466 30.74726 26.98649 23.13296 39.1812 11.96202 17.64258 0.03733 31.67516 34.63117 33.67349 32.90534 20.29324 18.94985 27.95174 32.16569 34.69343 11.83008 
1000.0 10.67362 25.87094 32.76868 0.0 33.19736 43.2177 38.43576 43.94979 27.34929 34.15704 25.42505 0.0 12.7819 14.68571 17.91444 38.17081 43.2209 31.33428 27.02202 0.03436 26.92632 41.84322 35.04152 41.43252 33.79141 25.35347 38.24002 13.86526 29.3659 17.88472 
1000.0 32.58168 19.93427 19.74976 0.0 12.25624 24.22807 25.8157 38.48185 10.80452 25.71397 14.65707 0.0 32.22718 14.62046 30.91555 32.76244 20.20843 35.27276 40.73627 0.02225 37.36985 28.50549 28.59364 32.23339 12.77555 32.74827 25.41795 23.38133 36.5817 18.60582 
1000.0 8.82884 31.79302 26.98117 0.0 43.72039 27.7875 35.06714 24.31579 32.77588 15.21236 18.18937 0.0 23.23719 17.22828 27.32574 42.15317 35.82495 18.14162 26.99334 0.03074 10.38372 19.35327 24.80974 16.7469 26.76432 15.02998 19.22768 37.8337 12.69204 11.67156 
1000.0 0.18385 0.18582 0.04391 0.0 0.07075 0.10232 0.15377 0.16825 0.07326 0.15692 0.09101 0.0 0.16469 0.13301 0.07529 0.17101 0.07392 0.11511 0.09027 27.61321 0.12697 0.08331 0.10007 0.18069 0.16047 0.04146 0.04611 0.17753 0.1029 0.16965 
1000.0 14.40927 36.60879 26.05227 0.0 13.25147 9.52815 27.43283 34.48936 19.10084 19.7951 28.13369 0.0 26.69985 40.91356 27.38725 18.14308 44.12238 9.19911 26.3576 0.01095 10.69477 26.2724 38.6942 37.84829 18.31922 43.37425 30.6397 39.36125 9.57291 43.45611 
1000.0 37.07611 18.05065 19.75758 0.0 23.85735 12.07063 25.98638 42.92085 25.18218 31.8417 15.67231 0.0 16.69042 10.31711 42.37941 35.79338 14.32985 38.71781 20.13044 0.02286 36.66995 9.98878 23.21481 21.79746 25.55086 14.20069 21.02319 24.43351 15.18232 10.23465 
1000.0 22.92346 42.06615 15.84709 0.0 10.7503 10.86768 10.74115 26.29827 31.08445 30.28728 19.49733 0.0 35.8058 28.27096 31.3846 9.28255 12.20083 12.85767 38.21505 0.03808 20.23194 37.60141 17.79654 19.88275 12.07673 9.90006 42.56811 33.15739 22.0016 13.66703 
1000.0 19.428 29.08159 12.80391 0.0 38.38089 38.08745 37.27366 42.68336 31.88506 36.51337 28.10753 0.0 37.57129 13.56008 37.46782 24.76204 30.58998 42.07562 25.7148 0.02059 31.92348 36.85735 40.02869 11.22385 39.33943 34.24645 29.74986 35.79665 35.5323 25.46301 
1000.0 43.98852 34.38045 26.47426 0.0 38.01936 18.59342 27.73053 28.41109 19.11782 39.19109 25.79244 0.0 39.61227 41.67021 22.76678 22.87285 10.81067 43.65071 37.07759 0.03709 20.81319 29.68123 15.27748 14.32541 18.62045 16.98536 29.78489 14.91121 15.40955 24.98328 
1000.0 30.33897 24.6823 23.68575 0.0 24.17403 43.2802 13.72152 26.25966 27.11575 9.9163 41.5544 0.0 24.66624 39.1891 19.52645 30.2189 42.10554 34.58711 33.15461 0.04019 19.78326 15.98524 20.34211 19.5913 32.47452 32.55617 25.60649 34.16149 22.80494 21.04455 
1000.0 42.72069 24.9635 18.75129 0.0 22.5012 42.22155 29.8441 26.38409 39.55155 38.48962 9.63938 0.0 18.79352 21.48022 22.54382 13.926 43.11641 29.92666 23.33373 0.03638 26.85574 15.30268 40.98729 38.62087 36.83966 21.39868 41.62579 21.66072 22.85481 31.69879 
1000.0 25.68037 15.54743 42.01894 0.0 44.07446 42.15496 31.71702 21.43328 17.59565 31.14077 14.16481 0.0 21.11709 32.16872 9.1265 9.31337 38.8527 19.77091 35.92929 0.03142 39.07448 43.49122 42.68846 41.82643 27.4452 31.31713 13.7634 26.9868 42.37431 24.50263 
1000.0 23.36702 35.09441 33.89467 0.0 40.766 33.41885 37.70353 34.7641 37.04108 38.28161 11.55296 0.0 38.81338 40.27197 10.82089 27.59981 21.82584 14.18474 19.93655 0.03348 37.80179 26.56123 15.16131 42.15887 11.05528 40.56679 28.97238 42.08955 19.03322 35.66912 
1000.0 43.34248 34.96715 14.48951 0.0 20.89276 23.23498 34.85369 36.43351 17.2241 12.90855 12.47315 0.0 12.70706 43.43315 37.37637 24.69537 29.05244 43.65382 19.1377 0.03187 40.89798 20.86904 29.44435 12.19088 33.79946 24.67633 35.63798 23.77304 11.00464 13.29451 
