1000.0 1000.0 1000.0 1000.0 1000.0 1000.0 1000.0 1000.0 1000.0 1000.0 1000.0 1000.0 1000.0 1000.0 1000.0 1000.0 1000.0 1000.0 1000.0 1000.0 1000.0 1000.0 1000.0 1000.0 1000.0 1000.0 1000.0 1000.0 1000.0 1000.0 1000.0 
1000.0 26.28785 12.04988 32.41562 0.0 7.68749 13.37969 14.64097 24.37117 7.45897 34.87085 13.4381 0.0 16.41843 19.95908 29.14177 12.67872 28.12306 20.69752 9.91969 0.01898 29.42097 18.50034 29.467 11.85823 16.01961 16.479 29.78873 10.14639 18.56089 7.71772 
1000.0 29.05523 11.60932 24.24799 0.0 19.82035 16.76354 18.51595 16.23019 15.74788 13.07477 11.71062 0.0 10.86226 21.44181 32.08069 22.65121 24.67462 19.77514 32.47767 0.04162 28.84073 27.52481 24.31864 30.90567 30.20934 21.66304 15.49475 32.40748 19.50443 32.04817 
1000.0 13.85254 27.81447 28.14551 0.0 14.65568 19.14324 26.0137 18.7187 33.90998 31.54226 17.41397 0.0 19.24036 19.20049 29.37554 7.69438 16.18646 24.51083 35.15161 0.04013 32.33246 9.67254 28.76616 25.00401 28.709 21.01933 15.84211 30.37508 14.81578 34.23659 
1000.0 0.0 0.0 0.0 16.16568 0.0 0.0 0.0 0.0 0.0 0.0 0.0 7.28503 0.0 0.0 0.0 0.0 0.0 0.0 0.0 0.0 0.0 0.0 0.0 0.0 0.0 0.0 0.0 0.0 0.0 0.0 
1000.0 11.14695 29.40414 7.48605 0.0 22.938 15.19175 9.04865 28.54889 13.17488 23.42271 16.26509 0.0 16.30758 17.79722 9.22847 21.95329 23.57892 23.2996 12.8024 0.03407 9.70478 22.55186 14.95717 13.77443 24.45314 19.22017 19.35985 11.25497 21.1364 20.16952 
1000.0 10.95401 20.23875 15.95623 0.0 31.59988 27.52983 17.83203 16.76211 16.79493 12.74396 21.18124 0.0 31.97565 20.14576 28.15812 7.24432 33.9218 35.3645 23.58175 0.0174 14.62389 19.14735 25.57234 25.56542 16.02984 24.91524 9.52905 7.91966 21.49263 23.16489 
1000.0 8.84912 31.53653 28.50072 0.0 33.13197 19.13268 10.18221 22.10211 11.15736 12.00615 17.97153 0.0 20.02682 13.41437 22.68041 34.01196 15.13283 23.23312 18.39933 0.01196 18.23152 14.02132 14.547 17.63984 33.53065 31.05884 27.70266 18.28256 9.75454 29.32602 
1000.0 31.728 25.88823 33.08398 0.0 13.75467 17.60617 18.39637 21.71066 23.88498 9.24537 19.51931 0.0 29.28291 26.16912 8.65253 19.198 19.20367 19.46554 27.53788 0.03218 23.58771 34.41621 29.95782 8.18478 20.57065 13.61919 31.7839 20.79797 34.59239 7.46182 
1000.0 19.26924 29.49342 34.51157 0.0 32.20388 19.38115 32.11671 23.58432 11.00999 7.49862 29.17516 0.0 9.83881 8.48233 16.63482 20.90281 13.6852 24.71872 29.34432 0.0314 31.20268 29.21057 21.54793 16.80001 7.50164 20.35918 25.00995 25.88111 14.33635 22.94534 
1000.0 25.35631 35.07273 33.19913 0.0 22.13584 18.92666 20.51013 23.66296 7.2659 28.18694 33.84481 0.0 19.28299 9.74388 8.51713 21.90067 12.1811 25.57492 30.3491 0.04184 17.42098 27.13062 22.40921 13.24579 31.60179 24.75992 34.3087 11.6565 22.53012 22.78176 
1000.0 32.59764 7.45927 8.60295 0.0 26.75924 10.63338 10.3409 22.50649 29.84437 30.8677 23.26754 0.0 12.76173 13.39097 8.78639 34.62365 19.767 27.60751 7.3221 0.03221 9.78742 33.24624 22.33877 22.62503 13.11824 22.22686 12.67389 33.19826 11.06266 27.8125 
1000.0 0.0 0.0 0.0 17.24204 0.0 0.0 0.0 0.0 0.0 0.0 0.0 30.69603 0.0 0.0 0.0 0.0 0.0 0.0 0.0 0.0 0.0 0.0 0.0 0.0 0.0 0.0 0.0 0.0 0.0 0.0 
1000.0 32.64416 25.85603 28.57539 0.0 15.06542 28.17512 11.00054 33.49253 7.92056 10.89224 10.31899 0.0 22.96502 25.6813 29.4377 28.69014 15.75933 11.29099 21.48314 0.0254 19.51156 32.40968 11.99983 22.76532 8.05506 28.40094 30.83761 13.72714 35.17177 8.06939 
1000.0 14.88018 21.52458 24.18611 0.0 9.08755 16.22042 23.3188 16.03187 28.57639 14.97041 25.45984 0.0 12.86153 29.91055 18.91383 12.50183 18.07568 15.67026 17.61606 0.03666 27.00347 20.45432 25.87155 10.38943 24.3173 30.1076 17.08304 25.81254 14.3699 8.81349 
1000.0 10.08582 32.03021 25.75301 0.0 8.71305 14.40085 22.48369 27.08608 27.08667 19.12336 11.31163 0.0 16.75009 32.24872 29.02035 9.98536 20.43115 8.75379 21.37529 0.03684 14.05769 27.25669 29.4029 11.66989 14.38552 14.9644 32.46147 34.09271 21.25241 29.6017 
1000.0 19.14571 24.11878 18.12153 0.0 15.84379 24.76657 27.61594 14.86387 14.34369 30.41819 19.8382 0.0 19.24341 21.87087 11.75588 34.4734 21.50869 26.02351 17.97985 0.01673 26.1845 33.62493 9.86543 23.12868 29.33624 21.6834 11.87251 24.62663 19.45139 34.14496 
1000.0 18.34493 26.89908 11.20871 0.0 27.16973 22.02691 30.89699 18.05178 16.43414 24.32271 18.87769 0.0 33.84895 34.45877 13.29969 23.71073 31.62067 12.04922 16.24264 0.01577 18.18575 31.13062 20.29045 8.83034 18.47963 30.20169 20.89427 20.98099 20.19901 22.52096 
1000.0 34.83569 35.25917 12.63653 0.0 12.70569 19.61963 23.86183 12.24863 35.26535 14.57508 30.35759 0.0 29.9175 11.16563 15.33823 19.6155 12.98757 22.22707 8.24769 0.01312 21.42413 28.83394 21.79509 28.26028 29.31928 34.67841 27.67127 23.68975 26.83147 11.65641 
1000.0 14.57981 17.82637 21.42037 0.0 33.4386 30.2387 24.57292 21.39466 18.80568 8.94449 31.76369 0.0 22.78417 34.76339 33.73545 30.3058 34.73578 26.22447 18.83383 0.0091 13.34822 33.17111 15.93078 22.2926 31.10141 32.19114 15.981 16.39841 15.81813 9.51725 
1000.0 0.14226 0.15914 0.04946 0.0 0.1629 0.03964 0.05255 0.13053 0.08538 0.15559 0.07266 0.0 0.15305 0.09306 0.12921 0.10063 0.10357 0.13613 0.08427 27.99592 0.1383 0.08889 0.14764 0.11658 0.16707 0.05728 0.14211 0.10851 0.10477 0.16193 
1000.0 27.56439 29.39915 10.01892 0.0 25.10726 17.51996 19.15673 27.12373 34.89233 33.40253 15.24882 0.0 13.91883 15.0731 28.28381 34.67336 11.16559 29.62732 24.65886 0.04055 29.32636 8.03361 26.60414 7.99227 12.6187 28.01754 33.20767 23.19152 11.98962 11.11731 
1000.0 13.79074 31.47336 35.34025 0.0 16.03093 15.68174 24.49313 28.86157 8.29852 27.31556 11.51368 0.0 17.54635 26.03566 32.03694 32.44849 23.67415 17.61081 21.67859 0.03092 21.00678 14.57889 21.06172 29.30142 14.76369 16.61152 14.11681 28.28402 23.69203 16.05861 
1000.0 24.69895 30.01742 10.87862 0.0 28.93285 9.16692 26.36227 8.70835 28.49986 15.75133 25.76096 0.0 33.04621 35.10853 22.12641 30.80588 14.57727 31.56229 19.98764 0.01579 27.87397 25.51662 32.94982 26.54038 32.05589 24.27586 8.199 15.40423 27.75197 16.51017 
1000.0 27.63426 22.75017 15.5911 0.0 8.73544 30.15909 13.2014 35.04922 23.03967 19.17774 33.34912 0.0 20.56454 19.49222 7.92022 12.51101 7.22244 35.41209 31.55012 0.0337 33.05746 31.28728 15.96489 16.06294 34.203 12.88866 18.58215 7.6111 24.34348 24.72608 
1000.0 35.095 27.83002 35.38742 0.0 20.11943 10.40671 11.65165 31.34843 23.12306 33.70819 23.73995 0.0 29.78272 12.80529 32.07526 15.2836 29.61662 34.29751 9.47893 0.02548 20.17635 34.84293 11.91349 29.69238 22.59456 34.6224 32.70603 28.10756 14.89627 18.71168 
1000.0 32.25373 14.18517 16.71537 0.0 17.1858 30.1049 34.89892 8.1426 24.33553 11.75403 28.45825 0.0 31.55687 11.98894 29.60529 31.37808 7.38525 17.2138 24.20343 0.01417 21.85376 20.78132 19.5661 28.35811 13.23082 16.49337 13.97752 24.0274 10.25303 21.00196 
1000.0 30.70365 14.02836 22.29446 0.0 28.2633 8.25805 27.31298 24.93889 19.16578 21.89605 19.71461 0.0 30.88687 11.3005 10.3971 16.04772 9.72851 16.50362 30.88888 0.01378 27.38007 21.01474 16.46185 32.70801 28.66933 30.72181 34.12459 30.29036 9.05762 34.76006 
1000.0 34.43096 24.64349 29.29708 0.0 32.09437 22.55557 28.81764 8.36241 15.3343 28.4904 22.50183 0.0 30.7011 12.54752 29.33274 12.9546 13.00913 24.69149 14.93378 0.02266 21.23395 26.47372 31.36042 18.91783 18.63982 11.43481 24.37285 24.7115 10.46928 22.42853 
1000.0 33.37279 14.32399 11.15439 0.0 9.42484 8.0672 7.55299 8.93558 34.13159 16.3417 30.16071 0.0 19.91743 32.81877 15.4855 28.15359 15.63574 18.80947 19.35985 0.03593 8.49149 26.35629 24.41877 13.94735 9.87488 30.28831 29.83762 9.70328 34.48025 32.98485 
1000.0 20.53275 33.55205 10.26716 0.0 28.11639 27.42627 23.127 16.36151 8.49981 33.49396 10.05439 0.0 9.27534 28.76023 15.70763 7.31992 18.14544 32.28059 16.78732 0.03859 33.10055 20.58019 28.98157 13.38493 32.46013 26.0063 33.14147 16.21817 25.64785 15.74038 
