1000.0 1000.0 1000.0 1000.0 1000.0 1000.0 1000.0 1000.0 1000.0 1000.0 1000.0 1000.0 1000.0 1000.0 1000.0 1000.0 1000.0 1000.0 1000.0 1000.0 1000.0 1000.0 1000.0 1000.0 1000.0 1000.0 1000.0 1000.0 1000.0 1000.0 1000.0 
1000.0 20.52132 32.94282 26.79749 0.0 9.45258 29.91063 10.37073 32.29588 17.83474 16.60095 23.10335 0.0 20.74738 14.30919 28.80853 22.9767 8.26892 15.4167 18.67747 0.02691 21.4101 33.18162 22.67691 20.09852 23.43165 28.71885 28.25519 15.70822 27.82172 22.17877 
1000.0 13.27089 21.4862 7.6514 0.0 7.13656 24.4745 16.06674 24.5837 17.04368 25.21991 8.33696 0.0 21.55342 16.45317 22.2011 20.38581 20.02219 7.01331 14.60077 0.02974 31.95687 32.21384 12.80346 17.15132 13.91656 19.90477 13.27059 30.8663 9.99078 8.29796 
1000.0 13.20995 7.38785 15.67039 0.0 15.3882 32.16336 12.05527 31.8786 10.43716 28.27632 8.39764 0.0 28.64491 26.93736 29.17786 24.00851 8.51572 8.69931 20.95852 0.02455 15.51023 7.76775 26.61368 28.28536 12.20318 14.31601 22.95111 19.4039 32.52631 23.06403 
1000.0 0.0 0.0 0.0 24.70844 0.0 0.0 0.0 0.0 0.0 0.0 0.0 22.53526 0.0 0.0 0.0 0.0 0.0 0.0 0.0 0.0 0.0 0.0 0.0 0.0 0.0 0.0 0.0 0.0 0.0 0.0 
1000.0 13.03434 28.03271 26.19637 0.0 13.27805 16.44513 18.22241 15.51945 32.6615 18.24334 24.04186 0.0 26.64415 21.47934 10.43856 24.8691 9.70568 11.05036 17.30124 0.02104 31.61003 32.73364 15.27146 15.13237 13.67722 7.83273 10.46558 17.82769 25.46878 7.64077 
1000.0 11.35202 14.99398 11.97385 0.0 25.65565 32.2538 18.99056 29.65904 22.38491 18.74906 10.91225 0.0 25.94252 18.78774 17.19292 30.11795 15.53644 9.10596 13.58348 0.03164 24.88916 8.34039 10.03555 28.87852 31.89699 24.94063 32.43375 14.02208 26.75418 22.28623 
1000.0 8.73838 29.3525 17.76589 0.0 23.83212 12.07341 20.69919 25.28837 32.761 28.83135 17.51083 0.0 25.07516 7.89526 18.88473 18.4129 21.64073 28.83412 24.32214 0.01787 19.14683 17.66944 20.74671 7.37426 10.61763 29.54991 12.85432 12.44007 8.27106 17.93918 
1000.0 16.31988 15.16205 33.07381 0.0 8.64374 26.21601 30.37743 26.3025 21.98428 18.84785 10.67835 0.0 12.85637 21.3355 30.21715 8.19084 29.17511 24.67381 6.70083 0.0144 9.2698 7.38464 27.15763 29.36543 27.39054 9.17686 12.23819 21.31675 19.69567 29.88885 
1000.0 6.99628 17.84934 9.21807 0.0 31.71145 7.74461 26.70507 24.98892 12.27882 16.05575 12.2668 0.0 13.91376 19.40394 10.40527 13.9711 20.80909 12.87496 21.74625 0.03749 16.29011 15.97993 21.93238 23.60448 12.00199 11.46825 17.03551 32.25886 31.65167 19.08368 
1000.0 12.10741 12.09226 18.60336 0.0 31.56884 25.62885 30.47616 18.78203 19.10364 11.73812 24.81248 0.0 32.48139 9.2363 28.92353 19.02421 8.63477 7.7201 21.10534 0.02321 17.72588 16.60217 27.86267 23.8549 11.31766 14.73394 9.92622 23.32776 18.41092 22.71775 
1000.0 11.7769 21.92708 19.93427 0.0 22.83321 29.75316 32.49605 21.91202 23.19417 23.48654 12.31013 0.0 23.21409 27.02288 13.64345 12.02758 7.19404 11.70382 23.43344 0.02574 11.40779 24.94099 26.04381 28.69765 15.71458 32.12479 16.72252 23.12834 24.6625 24.52015 
1000.0 0.0 0.0 0.0 18.5057 0.0 0.0 0.0 0.0 0.0 0.0 0.0 32.72515 0.0 0.0 0.0 0.0 0.0 0.0 0.0 0.0 0.0 0.0 0.0 0.0 0.0 0.0 0.0 0.0 0.0 0.0 
1000.0 29.70802 33.01637 17.99461 0.0 19.97652 11.30628 18.06803 16.09139 29.86536 19.32281 25.33615 0.0 15.83589 7.88588 33.1962 29.76414 21.41023 14.72809 8.61296 0.01044 23.52889 29.07279 19.90393 7.31535 28.85 15.80084 29.83641 29.75564 19.78473 27.68091 
1000.0 31.3434 11.50089 11.00061 0.0 33.15912 16.73369 18.98935 13.88885 28.82935 30.54247 14.05161 0.0 26.89891 25.54111 25.08109 17.56444 27.70529 28.89721 11.33907 0.03021 18.54946 27.69064 16.84051 16.79167 12.21771 10.82996 15.91278 33.04066 6.89007 14.64681 
1000.0 30.32706 8.44407 29.57564 0.0 23.01561 17.83644 18.08872 31.2888 11.91791 30.7635 19.42719 0.0 32.88361 22.31454 15.23528 22.31063 26.58866 20.89506 14.61718 0.03048 25.35211 19.57046 20.19941 22.36243 23.67703 29.09238 9.40032 30.34933 10.34433 19.91172 
1000.0 14.97525 28.44385 11.4061 0.0 32.40395 15.05356 32.32423 17.06454 23.12873 12.1759 32.33305 0.0 26.29252 25.05296 22.98711 12.72645 15.00252 16.39038 33.06954 0.03265 12.33095 21.41775 31.3912 20.36421 31.96745 19.81535 31.641 8.81885 11.24184 28.68077 
1000.0 14.10335 22.85799 31.21625 0.0 26.91536 6.71353 27.85767 19.60907 11.14938 18.86218 9.8172 0.0 23.98441 30.7316 26.26824 17.42332 26.01688 20.20957 16.6678 0.03028 27.47211 18.4365 25.40138 28.63623 24.5802 14.82529 7.61184 26.88149 15.91178 18.20368 
1000.0 12.37248 28.85036 15.85991 0.0 7.90996 19.40564 19.13911 19.41562 28.31152 16.67405 13.03877 0.0 17.10859 11.43789 21.12531 14.69051 22.51819 13.72065 29.77976 0.02674 28.56427 10.54355 10.19406 31.94679 18.18087 24.94023 18.3818 26.18352 12.97181 10.72354 
1000.0 9.12133 20.91371 23.42599 0.0 24.15313 32.30986 27.80862 31.98923 13.52715 19.61427 11.63568 0.0 18.11638 13.06082 17.77448 24.83397 15.78342 10.11357 18.11611 0.03725 7.00288 25.6777 23.96963 15.51046 22.10018 19.90253 21.43618 18.13401 29.44022 31.0753 
1000.0 0.09469 0.13308 0.05399 0.0 0.10814 0.05005 0.08798 0.1428 0.08655 0.09781 0.10825 0.0 0.12238 0.05631 0.06905 0.1094 0.11388 0.06922 0.13354 19.57246 0.11151 0.04378 0.14405 0.12027 0.12873 0.04559 0.10604 0.13847 0.09133 0.06158 
1000.0 26.96845 23.78825 28.50613 0.0 11.97448 6.66766 10.6935 12.21958 13.81536 27.7563 10.29466 0.0 31.69882 15.41621 17.22027 30.60489 9.5628 7.99375 26.7079 0.02137 23.40981 26.28794 9.08776 19.04556 11.95285 17.35822 8.39252 21.48034 25.25952 26.84376 
1000.0 11.30766 20.78446 23.64169 0.0 9.76376 15.19458 28.42088 19.9571 24.57523 18.50187 7.53135 0.0 25.66829 28.7169 30.97142 12.19021 23.21386 8.52943 30.58552 0.02841 28.33225 25.90017 27.49993 13.82358 8.05595 9.28966 23.6136 19.08106 22.45999 17.40408 
1000.0 8.45193 18.87823 28.88009 0.0 8.51189 12.47513 17.73064 15.01406 9.41236 19.22669 14.52221 0.0 10.06299 8.39433 26.51633 31.2965 21.94976 26.73948 6.72335 0.03248 24.87279 18.23507 7.932 28.00791 20.90847 15.19224 12.4515 16.4772 7.47258 20.58308 
1000.0 22.14587 16.95831 14.62101 0.0 19.37376 31.6921 25.58799 10.90724 24.63164 29.5596 15.16289 0.0 19.6941 14.81693 7.8345 8.72183 7.24022 11.88075 27.79839 0.01429 32.31025 20.4881 26.62333 21.30663 26.25034 23.50152 15.60178 23.2459 23.57229 15.10404 
1000.0 17.52708 11.03562 25.5413 0.0 24.06621 19.32629 28.38194 15.98673 21.07924 15.34527 25.6803 0.0 14.28434 26.89395 29.28267 7.29583 24.33416 19.767 15.62217 0.02689 17.27657 21.71749 10.798 27.78343 22.48503 9.63018 29.474 8.24964 7.89528 19.76046 
1000.0 8.20157 7.20894 25.79491 0.0 31.99547 8.63473 13.2525 21.59342 26.06828 33.15318 16.08858 0.0 20.65075 24.83651 26.69497 10.94991 32.0328 27.21514 26.02289 0.04022 24.34326 22.49744 7.95444 17.9104 32.77689 13.44712 8.27725 21.50699 13.44545 20.31296 
1000.0 29.93126 14.46971 7.11331 0.0 26.1306 23.29258 14.52736 24.9785 22.66838 13.02743 30.116 0.0 30.75711 18.01866 19.11689 12.29571 7.39754 29.33446 33.08017 0.03792 21.5395 21.13963 21.70796 21.1421 8.79574 21.56163 16.35012 32.07147 13.16593 12.75 
1000.0 21.05762 19.40507 20.44337 0.0 14.02105 31.42897 10.70471 18.07268 24.93024 8.8225 18.06868 0.0 29.99036 15.94228 19.71823 9.09885 17.23898 13.81309 31.89228 0.02118 24.26004 27.51985 11.25846 22.18218 30.4007 13.61627 27.32545 22.62899 19.71057 22.69017 
1000.0 26.84456 6.99078 19.89293 0.0 20.29005 24.16124 16.38506 16.25165 13.53544 24.93826 14.18118 0.0 10.0493 20.4649 7.67888 7.2578 30.9128 26.71532 9.58532 0.03444 8.33107 32.82856 8.33487 31.80813 33.04242 9.24214 32.59806 30.72654 29.93468 12.36872 
1000.0 14.47714 23.78616 7.36728 0.0 11.16095 20.27312 29.52652 19.32719 21.59687 15.17772 17.98073 0.0 28.78606 16.70511 32.32738 10.82168 24.37572 32.33078 19.17253 0.03982 7.84295 30.22408 10.07523 12.11636 27.97203 19.407 10.57187 12.18711 22.68167 28.52665 
