1000.0 1000.0 1000.0 1000.0 1000.0 1000.0 1000.0 1000.0 1000.0 1000.0 1000.0 1000.0 1000.0 1000.0 1000.0 1000.0 1000.0 1000.0 1000.0 1000.0 1000.0 1000.0 1000.0 1000.0 1000.0 1000.0 1000.0 1000.0 1000.0 1000.0 1000.0 
1000.0 14.51382 11.57293 15.54653 0.0 26.35083 42.78112 10.62345 23.42958 11.56926 13.98352 40.33715 0.0 11.72602 43.79455 21.91813 40.96974 18.90283 10.88428 16.71522 0.02939 40.9122 20.88921 28.53907 42.08041 33.7708 30.79673 27.84257 41.6036 44.23748 39.10309 
1000.0 34.54896 30.88218 28.14788 0.0 43.72651 36.51677 24.07368 32.47992 15.17298 41.58491 41.32564 0.0 39.71616 11.72496 24.66343 15.19863 35.79264 18.24986 19.02687 0.03869 13.01082 41.56312 40.89725 38.4957 15.16331 33.27532 39.0907 46.35428 44.0433 36.56615 
1000.0 42.17065 27.439 42.87254 0.0 14.92979 44.00744 23.40423 44.75884 22.07807 33.70625 48.03322 0.0 31.36977 29.7065 22.88635 22.30709 26.9521 36.5247 25.35476 0.03564 41.46418 13.3901 33.43512 45.87662 44.93869 18.92462 41.46173 40.26381 10.84323 11.43181 
1000.0 0.0 0.0 0.0 47.03536 0.0 0.0 0.0 0.0 0.0 0.0 0.0 21.55134 0.0 0.0 0.0 0.0 0.0 0.0 0.0 0.0 0.0 0.0 0.0 0.0 0.0 0.0 0.0 0.0 0.0 0.0 
1000.0 10.7578 43.40915 33.04321 0.0 23.37282 25.81907 37.80765 10.8191 39.2041 32.68869 21.65989 0.0 40.31764 29.05181 28.35401 29.15856 28.65697 40.2327 18.22449 0.02156 39.28706 36.21087 12.52492 19.7805 43.19378 37.93051 40.59705 26.21486 18.05463 11.77754 
1000.0 15.73897 43.29777 25.04771 0.0 41.69693 13.65224 10.12191 40.08588 35.93802 40.08905 27.34305 0.0 27.17963 25.59014 47.16374 18.95049 48.51121 18.24655 40.76761 0.03735 29.98798 23.37606 45.7067 45.0072 36.69147 19.15077 41.78232 30.23962 16.12722 36.14663 
1000.0 37.87719 46.5514 17.68757 0.0 35.08627 13.43592 36.22497 41.775 19.44592 32.5913 41.55459 0.0 45.11404 15.49672 40.59665 23.37512 44.68257 31.8293 15.00353 0.01916 33.57157 27.18917 21.09672 25.29977 26.54408 44.69598 20.7417 39.58629 17.47586 25.77021 
1000.0 17.92182 18.03085 24.64378 0.0 35.64837 19.30454 47.85867 47.86519 36.09523 22.66054 35.25612 0.0 48.36217 18.55831 42.76895 37.76972 13.01354 11.76475 20.04451 0.04128 43.75125 10.1598 32.91304 41.34569 42.54167 38.54533 19.67052 16.05628 42.08746 38.205 
1000.0 22.85524 41.30428 31.68106 0.0 48.37419 45.10529 39.7325 39.3965 31.45723 26.24817 31.59936 0.0 18.54208 17.56839 10.26436 43.45588 16.824 14.00958 25.7112 0.0436 22.22293 35.64394 36.56818 25.55591 24.98475 47.65078 28.21598 45.70103 19.39245 38.33036 
1000.0 26.56182 39.20864 17.43099 0.0 22.49568 10.13828 35.02405 45.40843 16.93032 35.35033 22.63402 0.0 41.80618 41.18338 31.03772 22.18767 15.18283 40.45598 28.25343 0.01784 46.90078 16.52246 18.45529 16.81499 34.83227 19.82936 31.00279 34.98947 42.98116 25.29292 
1000.0 34.57851 18.10299 47.76952 0.0 16.5575 38.57908 47.89623 39.95495 31.15438 11.67692 39.30614 0.0 40.76594 27.46325 39.6422 31.26529 12.02267 20.3864 17.72747 0.01321 45.33428 43.19731 26.30667 15.06794 43.26025 42.89756 44.70808 33.32596 26.99732 23.24312 
1000.0 0.0 0.0 0.0 17.62541 0.0 0.0 0.0 0.0 0.0 0.0 0.0 41.65896 0.0 0.0 0.0 0.0 0.0 0.0 0.0 0.0 0.0 0.0 0.0 0.0 0.0 0.0 0.0 0.0 0.0 0.0 
1000.0 40.33553 37.51801 26.4425 0.0 37.62884 42.6382 28.00654 23.06436 27.41403 12.69635 38.75447 0.0 38.56091 26.95151 29.23638 28.55942 21.75203 28.68245 14.33431 0.04249 43.47919 24.4255 33.56583 45.59492 34.26941 20.07479 32.28228 18.79685 45.03227 44.81875 
1000.0 23.29288 43.60595 45.38294 0.0 47.67317 20.74193 13.81656 26.49566 33.16946 26.31656 19.43467 0.0 47.50018 39.70253 28.58566 21.18895 13.26469 39.55611 40.29504 0.02949 46.59014 19.80089 42.67017 10.22667 19.52713 17.31769 15.38908 28.93341 14.88588 36.0103 
1000.0 43.04119 23.78847 35.11211 0.0 47.42329 31.69298 24.77741 26.50378 29.11615 36.11146 48.30653 0.0 24.11983 24.4467 24.5333 18.09062 31.76494 10.61087 13.96354 0.0152 44.45074 48.10079 42.62959 47.05839 16.88788 35.80409 11.66017 38.99592 44.71678 42.66969 
1000.0 45.776 47.44965 41.8394 0.0 11.07378 12.23303 46.83149 11.85247 36.97634 23.57129 11.10664 0.0 13.00923 38.95369 17.68753 22.51648 41.81604 45.20997 38.76198 0.01542 14.05551 42.42463 19.07708 25.37557 45.48847 29.90506 42.81578 36.18183 10.51848 38.78612 
1000.0 28.93205 26.64633 44.78803 0.0 26.14945 28.08431 47.12558 12.23438 26.33539 47.45755 29.15594 0.0 22.93532 25.28612 35.86238 15.85326 46.90634 21.44652 23.3863 0.02357 19.42365 45.83046 28.54379 42.94186 18.19849 16.17082 41.03477 33.15792 14.3728 14.87067 
1000.0 16.43224 27.84577 47.33248 0.0 13.61588 36.37211 46.74165 31.34532 21.81805 18.62859 46.28149 0.0 31.99456 15.37069 33.60794 48.45165 17.65867 17.20257 13.51313 0.03267 11.22344 27.8541 31.78003 10.56983 44.03318 37.83073 14.59728 30.11306 48.07063 22.73503 
1000.0 34.71902 27.19748 35.85866 0.0 27.05425 37.22042 27.15191 28.61552 45.00343 35.70492 25.34519 0.0 44.82035 29.36024 44.49495 27.26801 32.36008 38.1596 33.45139 0.02372 34.06635 10.30666 19.81556 20.00998 31.97133 47.17309 11.76204 43.75551 40.15492 17.33342 
1000.0 0.04202 0.10236 0.17486 0.0 0.17092 0.07116 0.10536 0.19419 0.12037 0.05318 0.0526 0.0 0.1173 0.11428 0.17237 0.14178 0.11198 0.0957 0.05506 42.78135 0.18215 0.18873 0.15196 0.16182 0.12888 0.09198 0.09705 0.14486 0.15831 0.04551 
1000.0 24.41104 16.59762 31.02102 0.0 29.74681 32.34428 15.02387 33.3584 24.55616 42.46309 32.6242 0.0 18.86176 16.96294 23.6114 15.92602 41.2641 20.5985 42.20402 0.01487 40.84153 42.33792 26.39479 37.79414 20.41049 24.83231 29.56016 11.54514 36.00913 34.0434 
1000.0 46.86153 32.30936 37.442 0.0 29.26482 39.66023 13.31184 41.85628 27.61576 32.04093 16.92664 0.0 22.86896 34.51721 15.39411 23.57513 11.41627 45.05085 32.79371 0.03546 28.90186 36.76428 32.82019 45.76871 45.32827 45.68704 16.29322 39.64522 39.49818 25.98945 
1000.0 25.79023 45.6562 42.09958 0.0 40.41199 37.75791 32.88927 28.56594 31.03191 37.47591 13.80819 0.0 30.03519 25.65723 35.43906 28.27337 12.37281 21.74219 46.45753 0.04656 35.9835 17.74168 26.95164 12.12232 16.39694 21.45969 40.48269 38.02024 29.19788 27.80453 
1000.0 9.95986 40.96391 19.78853 0.0 41.03889 33.71739 14.23451 17.0786 31.42282 24.68408 46.37166 0.0 36.48106 48.23193 17.84742 15.89794 31.26536 42.03638 18.26037 0.0153 14.74727 30.4076 11.95939 35.53754 21.51372 38.64564 35.57701 34.8572 27.37705 37.52691 
1000.0 42.88846 36.89419 14.22228 0.0 20.87621 13.81115 42.18565 24.12993 14.69139 45.18496 37.66505 0.0 44.67746 32.95692 34.82176 24.46465 31.64542 46.24421 43.53537 0.02293 45.46688 13.26807 32.63953 11.6081 16.1677 27.92671 10.91781 47.23555 25.01719 40.74583 
1000.0 40.42124 16.56543 35.16778 0.0 33.04406 33.84831 30.51089 24.0928 17.09341 25.90148 20.2022 0.0 17.94658 23.86021 21.32537 14.46695 35.5882 13.16998 23.18912 0.04706 27.08418 20.56722 44.39857 24.00546 36.48305 45.16797 15.74204 18.89431 12.59443 18.38294 
1000.0 39.04636 28.41977 34.8391 0.0 46.372 33.07813 11.44123 40.02962 25.32176 10.61859 26.94528 0.0 35.59739 43.09523 37.69993 39.30395 34.66788 43.32875 41.48783 0.03835 31.13089 15.48574 31.15474 45.78836 34.33034 28.7119 9.80391 30.17986 19.61452 38.03683 
1000.0 40.50863 11.77945 14.87166 0.0 14.17882 28.17654 33.56862 16.38271 32.1448 21.73664 12.49306 0.0 47.8991 25.94254 38.30727 43.06388 21.76007 32.65463 35.26283 0.04734 22.04155 30.14917 36.98891 43.4855 46.37745 39.34271 23.82954 12.79707 18.36636 29.61716 
1000.0 11.34921 11.49565 41.5029 0.0 18.76143 10.37781 38.8627 35.40795 43.09192 48.06463 22.31926 0.0 21.53384 19.37885 21.53345 20.46055 23.17167 13.42168 37.37362 0.02203 12.13703 27.87916 43.50171 19.00233 9.71791 16.66956 20.92014 16.69554 15.62884 23.83098 
1000.0 13.56723 43.43152 35.45542 0.0 17.80161 40.66443 36.27205 9.74794 32.46987 12.82609 36.82734 0.0 17.10458 24.59261 23.53836 34.29586 29.28757 29.34435 44.73747 0.02514 37.45452 48.32578 31.22627 25.9422 27.94695 43.36431 17.65579 30.23197 14.50507 36.08924 
