1000.0 1000.0 1000.0 1000.0 1000.0 1000.0 1000.0 1000.0 1000.0 1000.0 1000.0 1000.0 1000.0 1000.0 1000.0 1000.0 1000.0 1000.0 1000.0 1000.0 1000.0 1000.0 1000.0 1000.0 1000.0 1000.0 1000.0 1000.0 1000.0 1000.0 1000.0 
1000.0 25.60305 25.92102 12.23393 0.0 17.61765 20.76189 17.69819 9.64814 23.40004 18.75073 17.41058 0.0 26.8356 12.52918 36.34525 40.83937 11.9307 28.7553 25.98169 0.01358 32.05908 36.88405 38.79616 34.05937 29.36828 37.27518 45.41589 27.4358 27.33342 29.57635 
1000.0 30.65946 43.0682 13.54022 0.0 29.12518 40.03496 33.55613 27.895 20.08467 31.71202 24.40081 0.0 41.82732 23.75202 14.11385 29.43385 42.97825 28.69087 13.61564 0.02675 34.06848 32.13566 20.56751 38.38495 42.21429 32.56142 29.87352 29.68245 23.29606 45.22145 
1000.0 17.62554 29.93721 37.21616 0.0 38.78581 19.65894 28.74954 41.78217 11.8517 39.77336 40.71963 0.0 37.55096 45.1301 31.61026 28.97665 41.39508 24.63957 37.90112 0.01958 22.41509 18.23916 17.27179 12.09573 18.23817 28.78676 33.44642 10.58189 23.81284 21.14735 
1000.0 0.0 0.0 0.0 18.64705 0.0 0.0 0.0 0.0 0.0 0.0 0.0 42.48815 0.0 0.0 0.0 0.0 0.0 0.0 0.0 0.0 0.0 0.0 0.0 0.0 0.0 0.0 0.0 0.0 0.0 0.0 
1000.0 17.27652 30.12586 22.72653 0.0 26.28426 31.24597 14.4499 28.19025 45.33253 44.69959 14.49087 0.0 13.75652 36.17903 11.39891 20.72952 15.42867 20.60124 15.56455 0.0225 27.83167 42.8263 19.73577 27.56623 16.23582 41.83028 36.2827 34.18155 24.91099 31.85927 
1000.0 19.27609 33.90026 34.68094 0.0 32.06031 34.98044 35.697 23.2895 26.71953 26.38814 13.47499 0.0 15.25919 21.50429 41.02287 28.16014 29.32415 21.83178 31.7932 0.0459 34.82222 27.58672 26.03521 30.42737 22.87959 18.93849 36.32811 38.20817 37.94939 22.14866 
1000.0 34.28839 35.3879 15.38732 0.0 44.92098 17.00047 45.4802 37.17223 16.31884 44.43132 42.62029 0.0 44.67711 16.73231 13.85626 20.15067 19.79347 42.94081 36.66098 0.02694 21.60564 28.10248 40.1838 42.31748 45.23387 25.30956 38.51905 10.51064 27.32752 25.52814 
1000.0 31.10997 17.4193 18.02458 0.0 39.53579 16.93336 44.11109 29.10158 35.85557 11.9967 22.62621 0.0 42.61797 28.08505 40.44321 38.87183 41.52212 21.07553 25.84332 0.03973 29.72326 14.25671 37.64082 36.83701 29.42413 44.91773 13.86542 36.41164 36.75853 29.21112 
1000.0 22.2019 26.28984 30.26659 0.0 44.10881 38.66644 39.22904 13.57644 20.49197 25.57469 20.50061 0.0 39.58465 31.75602 23.12856 21.57381 30.85739 20.57369 30.39919 0.04182 9.88796 28.26371 14.97641 40.98421 43.41055 12.50872 40.88378 38.02683 35.39157 45.68075 
1000.0 43.00655 12.45733 44.05819 0.0 23.3269 31.1374 26.56912 24.29185 12.93366 25.16544 19.23939 0.0 42.53517 36.56211 28.91711 10.03046 19.80896 12.75027 16.51496 0.03937 37.20979 12.0329 36.70362 13.29002 29.44847 42.72792 30.86149 34.60622 15.17266 31.44063 
1000.0 16.76797 23.43057 30.71293 0.0 37.48869 33.64163 30.67759 39.4643 17.03243 11.84583 25.57093 0.0 11.57837 18.6508 32.51208 43.95843 10.86572 10.53828 39.36962 0.02976 18.36889 18.01995 44.91142 41.33371 33.29429 30.91596 40.6588 11.77346 40.89019 10.20593 
1000.0 0.0 0.0 0.0 38.61249 0.0 0.0 0.0 0.0 0.0 0.0 0.0 16.06314 0.0 0.0 0.0 0.0 0.0 0.0 0.0 0.0 0.0 0.0 0.0 0.0 0.0 0.0 0.0 0.0 0.0 0.0 
1000.0 14.08287 32.45856 30.26895 0.0 36.52045 20.5149 11.6951 34.75492 32.11123 32.7889 23.48424 0.0 23.16797 25.86101 19.27229 32.54685 16.57002 20.43137 36.20902 0.02853 11.20424 31.22927 9.6851 9.78472 16.30005 23.83035 44.86747 44.88416 23.53402 24.06598 
1000.0 41.20317 9.96867 19.58 0.0 20.11583 40.37444 25.52232 21.11364 33.27688 42.38854 15.41358 0.0 43.75536 44.4511 31.84456 20.99923 42.23794 9.55584 13.63141 0.04431 17.5972 44.04678 19.08052 31.31333 24.23027 16.59435 33.12838 10.72096 27.70667 45.49836 
1000.0 13.69416 28.29881 38.705 0.0 43.7396 22.77802 42.11774 18.5916 28.12922 9.46751 40.22558 0.0 23.40251 41.82041 39.14234 36.337 34.28357 13.88739 25.70843 0.01525 10.58771 16.25317 9.52473 15.82015 15.61907 20.43807 27.58798 24.73818 34.78732 43.9652 
1000.0 15.56934 43.32642 19.68385 0.0 11.54774 10.3288 9.72572 39.58899 33.15407 16.70682 42.47318 0.0 16.74321 36.66831 17.47461 20.24186 41.75077 14.26311 35.30417 0.01771 41.46288 11.78438 19.77433 28.98143 30.76636 32.35258 29.06958 26.66552 18.93075 40.48191 
1000.0 30.89942 31.74815 23.74712 0.0 45.59633 17.37301 21.08663 45.48824 9.13812 26.4178 21.86356 0.0 38.91604 41.16615 32.40458 25.60991 18.28755 27.47588 37.52078 0.02302 35.97727 25.94449 26.54342 36.88 16.22634 15.60394 29.84225 44.80402 45.38654 19.03937 
1000.0 31.41578 10.21886 17.53707 0.0 22.73806 39.01413 36.78637 30.20763 24.89988 30.2192 15.57432 0.0 37.79333 39.84688 18.83303 20.60505 40.71086 38.78446 10.04723 0.02575 37.17045 35.30667 24.4722 24.77401 12.24816 26.63795 21.6776 34.16918 31.28367 10.8953 
1000.0 43.1152 24.53122 45.60144 0.0 10.97211 11.24035 36.54822 29.23129 41.28442 40.17539 14.37471 0.0 40.99946 16.54385 33.29079 41.22967 11.63829 14.3735 18.00513 0.01724 38.54187 33.34478 43.9556 16.32733 11.48939 22.77952 39.56211 21.01793 12.72317 17.15652 
1000.0 0.18021 0.18485 0.1363 0.0 0.15262 0.09119 0.18005 0.10739 0.07012 0.12821 0.12431 0.0 0.0916 0.17712 0.13988 0.11387 0.12331 0.07818 0.12829 27.70864 0.09455 0.05918 0.05438 0.03855 0.05561 0.11282 0.1618 0.07808 0.08479 0.11783 
1000.0 13.77291 39.88432 26.05873 0.0 36.99284 20.25492 28.21242 36.00897 38.69668 39.15939 14.59966 0.0 22.43763 40.96887 35.65585 33.75955 17.59607 27.7916 12.17156 0.01071 12.87066 13.83169 10.67847 18.31851 34.26774 11.7153 39.92222 35.31871 39.7285 11.77275 
1000.0 40.00122 16.70063 28.54276 0.0 9.96113 21.66258 27.95609 43.98176 39.44428 34.83283 12.11465 0.0 39.96215 17.12422 23.43624 16.83969 9.70284 35.15173 42.28076 0.03157 22.42352 36.22375 37.54733 21.5579 12.79837 26.99 14.16828 32.27459 24.49563 30.65344 
1000.0 26.58884 13.80333 45.54819 0.0 32.86943 14.56836 24.8973 15.72841 15.82659 15.99914 13.60067 0.0 32.26966 25.50296 21.49212 17.49707 23.37616 24.98602 15.34743 0.02138 25.31695 16.72248 14.96035 25.97055 21.03575 26.12366 34.42311 40.45315 35.96302 14.52889 
1000.0 31.02255 42.78579 21.41552 0.0 39.28106 15.33611 27.0365 28.92713 11.58591 36.37433 14.64328 0.0 28.2043 16.31789 19.91746 44.93648 23.35125 43.61218 34.67393 0.02462 16.49357 25.45347 29.86128 37.76079 32.68194 23.31553 36.66472 43.10878 10.19736 25.65679 
1000.0 13.38887 9.78993 44.68152 0.0 29.29861 41.50396 9.36115 13.21478 13.79098 18.92501 27.43661 0.0 21.42609 45.29482 21.36319 44.98774 16.09732 39.42837 44.5166 0.03749 33.33965 27.58659 42.48239 13.9136 43.29675 28.8845 9.26923 27.93645 23.75058 34.46087 
1000.0 23.99633 9.91055 36.39253 0.0 15.93996 17.98791 32.77044 11.41076 17.77355 13.33632 35.36495 0.0 14.78715 17.04647 22.24374 25.0216 30.59514 28.08999 13.87653 0.01281 13.24371 27.25716 42.23112 13.80065 45.45808 26.29373 19.94299 27.87324 43.21321 32.20706 
1000.0 13.905 37.96376 12.67056 0.0 29.54464 34.48798 29.66171 21.02728 30.0925 34.0831 28.87982 0.0 14.77777 16.35979 45.41675 44.09115 30.03029 26.0372 13.63191 0.03102 42.02296 37.66305 38.17084 29.93603 17.48793 22.07394 27.98252 14.55037 26.50751 30.61218 
1000.0 42.31656 10.20381 25.19209 0.0 38.95121 9.26124 14.59654 12.24498 15.94162 38.18861 10.77493 0.0 40.61723 28.14021 18.62161 33.45158 28.80993 39.92672 16.45307 0.04122 45.11893 30.2722 38.93387 29.80567 28.33053 20.25949 22.15162 44.59786 21.34783 27.88818 
1000.0 40.48692 28.2878 30.34033 0.0 28.24201 20.60989 28.52528 32.50194 14.96172 34.28876 21.57213 0.0 12.22568 44.93892 18.64727 22.01653 32.25305 30.56574 25.75507 0.01837 31.60095 16.45547 33.18042 35.3632 13.98821 28.58829 37.68122 22.48892 16.58206 14.95177 
1000.0 16.95956 13.04893 15.93708 0.0 42.04653 27.9806 21.94171 21.57574 27.16043 15.26517 21.46832 0.0 16.66866 32.35276 35.93869 36.09317 35.00389 9.57839 17.77399 0.0172 13.15489 30.91549 33.08078 19.72293 11.1397 21.03923 22.8085 22.27734 27.45637 25.77828 
