1000.0 1000.0 1000.0 1000.0 1000.0 1000.0 1000.0 1000.0 1000.0 1000.0 1000.0 1000.0 1000.0 1000.0 1000.0 1000.0 1000.0 1000.0 1000.0 1000.0 1000.0 1000.0 1000.0 1000.0 1000.0 1000.0 1000.0 1000.0 1000.0 1000.0 1000.0 
1000.0 12.15934 18.76039 40.36079 0.0 45.29218 31.41342 14.64645 33.60888 44.57379 44.74076 44.86815 0.0 30.22549 19.49809 24.93384 41.7165 9.97391 12.23802 35.43972 0.02322 38.67136 23.46467 37.93718 14.08701 35.90857 12.33612 43.01948 39.13867 35.64943 27.39232 
1000.0 34.30827 25.50465 14.61425 0.0 42.6054 28.25138 23.40687 39.93844 17.65837 41.52715 33.80984 0.0 35.6874 40.24816 14.2766 34.61308 34.82167 32.11045 15.74211 0.02061 31.9893 30.99187 11.6451 22.5779 14.80105 29.04822 27.23811 19.50576 19.13474 42.80304 
1000.0 41.51249 33.66832 26.22842 0.0 38.59781 39.53206 27.14916 33.06626 44.09965 20.06954 12.82244 0.0 41.149 25.6042 40.50145 43.88948 33.98238 33.1936 39.83295 0.04014 28.79747 10.90991 16.50338 31.26663 19.84216 15.85726 37.04332 19.19468 19.43983 25.4036 
1000.0 0.0 0.0 0.0 44.68662 0.0 0.0 0.0 0.0 0.0 0.0 0.0 17.71668 0.0 0.0 0.0 0.0 0.0 0.0 0.0 0.0 0.0 0.0 0.0 0.0 0.0 0.0 0.0 0.0 0.0 0.0 
1000.0 27.7901 30.35415 27.63777 0.0 24.69094 29.40805 18.6036 39.31009 14.06975 35.02241 43.31002 0.0 11.38537 26.85988 19.67417 32.19704 36.67355 17.3748 41.27894 0.04472 37.95649 34.62526 24.08159 27.09586 24.60276 15.91365 21.28951 45.90174 17.75161 25.15229 
1000.0 31.85287 40.35215 11.17535 0.0 28.85008 27.79906 13.48191 18.56024 44.99603 45.47101 42.50979 0.0 22.65999 25.71341 29.8862 39.95637 35.33515 22.10126 41.40137 0.01097 39.85643 10.99561 39.9277 28.75069 42.87117 35.93931 10.40047 28.42356 35.1307 11.31566 
1000.0 10.42919 36.14609 14.96839 0.0 18.2927 33.99784 22.547 18.5327 14.69355 27.54688 37.83844 0.0 41.17575 32.5794 30.07634 9.56163 26.61034 41.9122 19.03129 0.03042 26.83149 29.37671 44.34973 20.73191 44.24022 39.24008 28.85162 37.57956 38.13144 19.86507 
1000.0 31.77666 26.48709 28.8644 0.0 17.20022 9.70342 34.94448 16.40384 32.78127 39.72691 38.79873 0.0 34.38841 28.20112 24.36949 20.58227 20.17497 31.72181 18.07342 0.04042 43.3884 41.92039 40.3391 43.65193 17.49022 38.60986 27.62596 13.6256 10.25554 9.55009 
1000.0 24.57048 42.7622 26.74167 0.0 18.8728 33.23806 35.63531 19.60379 22.55812 38.99726 28.26807 0.0 34.92183 27.47694 12.67347 36.89122 15.84685 11.88141 19.80386 0.04064 38.59271 12.52805 12.9418 38.44365 10.89584 42.56777 17.65167 35.20927 13.51045 11.13285 
1000.0 19.14995 38.80444 38.96159 0.0 13.19401 18.73854 38.00287 19.7413 40.09155 33.16499 35.64711 0.0 39.42011 36.55743 43.22033 19.93427 21.18217 39.38733 31.73419 0.01727 44.49743 9.24051 25.55807 10.22286 13.25783 13.08454 28.67407 39.32256 28.0439 31.91342 
1000.0 15.22166 27.32774 25.63434 0.0 41.11701 23.07228 38.91433 27.57587 34.77815 12.04589 28.36225 0.0 21.04403 15.893 33.49987 45.44424 16.24237 22.28183 31.99157 0.01032 11.34891 19.9583 30.59425 26.79247 37.87785 33.36918 22.74819 9.92866 25.81704 33.05649 
1000.0 0.0 0.0 0.0 23.93062 0.0 0.0 0.0 0.0 0.0 0.0 0.0 38.20608 0.0 0.0 0.0 0.0 0.0 0.0 0.0 0.0 0.0 0.0 0.0 0.0 0.0 0.0 0.0 0.0 0.0 0.0 
1000.0 11.39146 28.94078 15.84698 0.0 24.76571 12.45286 41.14565 45.51466 36.90069 22.95532 29.68652 0.0 17.91214 11.96233 9.41719 31.68095 40.05178 24.69267 27.35363 0.01315 43.87637 44.31986 43.42124 35.71448 24.81339 35.70678 42.2307 44.2376 40.11031 13.81704 
1000.0 25.05559 27.35938 38.86923 0.0 31.30802 28.15406 11.21031 42.83228 20.1919 34.77157 27.7066 0.0 21.88719 41.15752 26.73273 37.86035 19.3499 14.16834 27.75877 0.02942 24.08514 39.72269 9.95225 16.45359 45.30439 43.909 12.64875 40.88004 20.16536 44.53939 
1000.0 41.33761 44.00432 17.47585 0.0 21.73458 32.66476 24.39646 18.49484 27.99776 18.66441 15.84247 0.0 11.83759 41.16147 13.03778 32.57641 22.1831 9.51983 18.24837 0.02841 12.8968 12.52361 41.73577 27.95322 13.5093 36.23079 31.27052 14.25519 31.4643 14.92264 
1000.0 19.22527 26.29725 36.80434 0.0 22.93702 9.3484 38.92359 19.96982 10.29257 41.56279 28.75952 0.0 17.4185 29.08208 24.10989 10.7006 43.62078 23.35326 41.39789 0.04467 32.69072 9.7829 41.45626 20.2429 12.70981 36.41563 42.33826 16.85503 12.48114 34.17213 
1000.0 41.77333 30.03402 35.57396 0.0 37.49463 30.66841 33.31461 22.41427 21.06541 20.89733 31.70652 0.0 29.22827 31.51555 13.43041 15.16758 40.36876 15.37384 23.13095 0.04738 25.66791 33.23966 10.31489 13.80426 33.78704 30.38117 12.00397 9.88904 21.71835 34.03897 
1000.0 38.66675 26.21248 14.64162 0.0 41.63925 35.19523 44.28203 30.34374 36.03332 28.35175 13.89401 0.0 18.16514 18.02278 24.25022 19.53703 40.67481 44.05187 19.02817 0.04275 35.74453 26.36636 43.95788 12.89509 38.03473 29.63002 36.78574 38.41097 34.31892 35.10319 
1000.0 20.27552 13.76755 32.07365 0.0 40.91489 39.2234 27.83864 27.41431 22.78895 10.63893 14.35242 0.0 29.08284 15.39507 21.47827 10.72469 33.31286 11.24355 11.70183 0.0441 32.00392 17.0475 33.16982 29.44259 28.73951 30.10525 28.29886 34.11062 30.21985 19.4436 
1000.0 0.15297 0.15468 0.16046 0.0 0.17975 0.14768 0.17947 0.0977 0.13719 0.09478 0.10355 0.0 0.06187 0.07235 0.06927 0.10834 0.03908 0.0838 0.08002 30.49963 0.0645 0.13828 0.12617 0.10873 0.04442 0.14925 0.04229 0.07709 0.14922 0.09441 
1000.0 32.85842 27.87129 16.04227 0.0 28.86609 16.972 42.31909 29.90876 43.08705 32.15571 39.0933 0.0 11.99838 13.01858 18.70138 39.60862 22.09211 26.37692 36.61998 0.02299 36.53055 14.15345 19.70737 35.07122 45.26139 41.72535 24.88988 24.14633 44.76782 39.37433 
1000.0 42.18874 25.32947 36.67086 0.0 12.55873 10.33278 33.27265 25.79399 35.32382 38.56902 40.99041 0.0 11.92724 22.66513 25.33761 14.24534 24.4792 9.56574 43.33935 0.03117 10.53131 12.9367 14.22373 42.4769 42.3092 20.90413 41.62805 37.47368 13.5745 28.80366 
1000.0 43.54737 33.8794 35.81339 0.0 14.17734 31.30948 29.49896 9.76328 30.98998 41.10481 19.82899 0.0 23.69227 22.78638 40.59161 40.07578 27.58646 24.49769 38.66236 0.02715 37.06435 15.98777 13.85538 23.66569 13.14145 20.92072 19.62544 31.66133 10.29137 21.84522 
1000.0 14.14797 26.92935 40.67747 0.0 13.97924 11.61202 13.75908 18.30566 44.62463 18.28868 25.78775 0.0 15.24912 44.15402 41.80318 40.3088 25.58151 23.16799 19.15124 0.03694 12.55577 43.87618 13.54737 41.07814 43.6737 28.03133 25.51105 10.67578 18.67772 13.74557 
1000.0 12.59795 36.12801 33.6382 0.0 37.29576 27.4962 45.15342 10.10902 15.19536 14.97225 28.65701 0.0 20.44883 31.84356 35.87034 42.83046 33.77279 18.90013 42.13812 0.02724 31.19762 38.52635 24.01665 29.0688 17.33405 25.87151 21.63254 45.88953 42.44368 12.08488 
1000.0 19.3832 39.73988 42.41359 0.0 24.66079 34.08672 33.16164 19.60767 39.19345 17.99706 34.26882 0.0 9.24382 32.89065 34.36578 37.70268 21.15014 45.17614 27.7345 0.02649 34.7379 42.97751 44.13113 26.01724 43.03995 11.58941 26.53463 24.24402 37.19317 22.10812 
1000.0 15.37477 43.76728 22.9813 0.0 33.95172 13.60089 39.67847 17.35185 27.88185 15.65275 23.57022 0.0 11.22858 35.58491 44.8116 39.80172 10.17227 45.88456 12.79748 0.03414 12.0392 43.91571 14.71284 31.20256 9.44209 33.21962 42.59143 16.34726 16.28054 29.4251 
1000.0 16.45929 13.94806 25.09786 0.0 17.07516 31.72003 22.42874 44.58786 42.79362 25.08558 17.5005 0.0 35.53505 33.11436 14.01004 18.5312 29.96824 26.31302 40.14186 0.03305 15.64209 29.54817 29.71153 11.39578 17.74516 21.30996 22.06063 30.88719 31.26878 13.13287 
1000.0 25.88209 29.60411 37.02715 0.0 35.83555 41.14732 38.17386 34.49094 42.38225 15.87314 28.45515 0.0 28.29193 11.52364 28.78032 41.20951 33.13826 13.25606 21.65687 0.0382 40.46526 26.05165 12.53898 24.66033 9.66564 23.41256 16.65 41.98471 15.87986 26.59062 
1000.0 17.1526 32.92077 41.10475 0.0 28.18952 40.57453 44.45415 40.54555 33.62539 31.7992 35.85215 0.0 19.30633 18.96422 23.94138 19.82302 35.17945 31.5805 11.80715 0.04621 20.74762 42.22428 44.32246 18.22749 12.0663 39.57072 23.61732 22.81707 37.2657 38.95534 
