1000.0 1000.0 1000.0 1000.0 1000.0 1000.0 1000.0 1000.0 1000.0 1000.0 1000.0 1000.0 1000.0 1000.0 1000.0 1000.0 1000.0 1000.0 1000.0 1000.0 1000.0 1000.0 1000.0 1000.0 1000.0 1000.0 1000.0 1000.0 1000.0 1000.0 1000.0 
1000.0 23.8469 16.10864 28.33127 0.0 20.45734 15.7328 21.89634 8.73324 12.39371 19.16613 30.60788 0.0 11.89138 9.71271 25.76473 31.25946 17.8619 20.94955 22.93817 0.0142 24.13754 7.85709 25.74247 7.65985 28.75013 29.62665 25.07317 7.52717 11.13186 13.3049 
1000.0 24.65146 12.15849 18.12819 0.0 22.08125 20.03068 24.21997 18.01868 15.74597 32.38969 31.36869 0.0 9.21631 13.60914 10.03221 26.29895 31.10376 12.10353 25.17932 0.03792 32.85433 10.94774 28.36342 8.37055 21.10218 15.12193 24.98854 11.11576 29.87347 25.57736 
1000.0 30.63377 12.85592 11.74492 0.0 9.31834 10.36318 23.81067 17.02189 14.27308 26.8309 23.16074 0.0 16.29696 19.42226 13.21402 25.25447 13.93765 22.44833 30.05112 0.02331 18.55069 22.71085 25.29344 30.27087 13.63455 8.4193 10.22743 26.86287 16.41081 13.01899 
1000.0 0.0 0.0 0.0 22.6355 0.0 0.0 0.0 0.0 0.0 0.0 0.0 22.06157 0.0 0.0 0.0 0.0 0.0 0.0 0.0 0.0 0.0 0.0 0.0 0.0 0.0 0.0 0.0 0.0 0.0 0.0 
1000.0 12.233 12.7186 17.52305 0.0 26.92927 21.7379 25.72071 7.25152 7.96356 23.66547 30.46725 0.0 30.89758 20.57547 9.79868 28.57816 26.29673 9.89298 11.3417 0.0295 17.20084 28.58419 20.34245 25.56428 15.16886 10.52899 7.09628 30.62311 20.86528 25.26793 
1000.0 24.32487 24.19669 20.56809 0.0 7.43439 22.65752 15.401 8.71815 24.48067 16.89709 25.89645 0.0 14.81924 29.52969 7.44049 17.11821 17.0127 18.86375 8.16575 0.02611 32.35031 32.32965 25.72847 30.52338 10.86232 22.21244 22.45276 17.43508 9.12411 13.54892 
1000.0 16.73112 24.05563 10.05501 0.0 32.57452 15.11679 20.40848 26.80612 17.4627 23.70651 16.95402 0.0 27.49198 23.94777 11.80031 7.83907 27.81413 27.3155 27.96335 0.0161 8.88406 14.46611 15.35721 31.02534 10.32207 27.50609 24.55582 19.12061 19.85292 25.71726 
1000.0 24.46488 19.72109 30.83669 0.0 15.38521 15.53982 22.31336 17.61322 30.50978 14.57301 21.89976 0.0 8.77471 9.05025 19.87802 15.14927 24.37319 16.61026 31.11801 0.01348 16.49208 13.12017 30.65576 17.90946 7.17576 31.15267 26.53004 7.89708 16.96446 21.60241 
1000.0 25.02498 32.02654 10.50288 0.0 31.43743 28.31613 22.16049 19.54449 28.63566 6.94695 17.59183 0.0 30.91669 18.20989 32.9225 15.58017 20.92593 22.86258 10.02963 0.02592 22.73315 13.99609 30.3939 9.63134 29.03823 20.54071 31.94213 15.45877 23.36121 26.71063 
1000.0 7.23493 15.15274 13.87938 0.0 31.88687 15.4914 13.59605 11.48591 13.73185 25.45746 22.45422 0.0 32.27375 9.97521 28.44855 14.47783 6.60465 9.97226 22.32682 0.02439 29.85565 15.8318 26.04155 6.63846 26.78329 22.14258 32.53709 21.5747 24.68774 8.39852 
1000.0 7.23798 20.67509 18.64055 0.0 19.27729 29.88988 16.86444 28.73891 31.93727 9.10262 25.38826 0.0 16.91085 26.86024 9.0539 26.72938 27.72773 18.99057 16.18738 0.01769 7.53397 11.72765 7.14465 14.48521 25.83803 21.39464 23.90363 8.30984 24.02917 26.67926 
1000.0 0.0 0.0 0.0 22.32561 0.0 0.0 0.0 0.0 0.0 0.0 0.0 24.76903 0.0 0.0 0.0 0.0 0.0 0.0 0.0 0.0 0.0 0.0 0.0 0.0 0.0 0.0 0.0 0.0 0.0 0.0 
1000.0 27.28878 18.87336 10.04503 0.0 27.58163 25.96769 12.29564 19.46074 19.22174 10.70055 20.7192 0.0 27.22092 30.03702 26.85297 26.39147 31.40008 10.93987 19.76524 0.02164 12.02616 30.8748 9.54051 21.39605 20.44504 17.16322 20.90892 16.2217 20.48804 30.72359 
1000.0 28.33343 18.73751 30.56349 0.0 23.69692 29.4061 18.06807 6.96385 25.39591 27.17566 22.23198 0.0 19.92078 21.99961 8.12162 18.3924 15.07485 8.0241 27.01879 0.03849 25.32998 8.34381 26.27523 12.09906 17.92679 23.82839 9.88958 25.26688 27.33153 17.01865 
1000.0 23.51389 10.24946 10.40361 0.0 14.95528 10.0473 12.31373 26.97708 11.64064 24.85031 17.23155 0.0 13.14521 19.4558 18.09797 18.22133 24.55668 19.48531 30.37446 0.01196 9.10219 21.36851 25.24975 8.52897 10.72512 14.37611 12.25705 28.34213 14.1774 16.2758 
1000.0 10.20843 13.34184 8.76121 0.0 10.29292 11.02013 15.08839 32.13773 23.38635 15.64007 19.40269 0.0 9.05635 20.92902 16.47168 15.98277 21.98233 27.70702 15.57828 0.02157 14.60046 7.95725 17.1368 13.83958 11.34839 7.60231 22.90724 23.20125 14.1088 21.64764 
1000.0 30.01455 8.90246 27.21388 0.0 27.92598 13.75323 23.54059 16.43178 26.70912 26.1499 13.57412 0.0 9.27113 26.60486 20.35629 19.21632 13.62944 7.60025 22.88331 0.03612 8.77914 26.94422 30.37382 24.72244 28.48988 17.2637 26.07163 27.47699 29.48959 9.45977 
1000.0 19.16643 8.48233 18.43653 0.0 10.68039 21.73353 16.05208 14.51702 21.55536 18.18506 18.15773 0.0 31.25554 27.94153 32.23262 14.46053 29.15518 13.85194 8.28257 0.01407 12.69006 27.06912 29.69205 13.8631 6.61351 9.77768 22.19496 25.81453 7.1526 14.95803 
1000.0 20.43903 13.47015 29.83013 0.0 26.76299 30.25235 24.59749 24.48851 31.99422 24.56454 25.16179 0.0 26.79042 14.93819 9.03059 16.29404 9.5364 16.40001 30.79184 0.04017 23.86179 23.672 30.14242 14.87091 25.05843 29.58572 12.6057 10.62324 22.96324 15.05011 
1000.0 0.09464 0.06265 0.05783 0.0 0.14216 0.12187 0.071 0.0842 0.15807 0.04006 0.06269 0.0 0.10761 0.04935 0.09192 0.06374 0.07624 0.1523 0.1163 30.94655 0.06489 0.16226 0.10247 0.08945 0.04389 0.11616 0.07797 0.13197 0.05763 0.05631 
1000.0 25.59313 30.39213 16.84518 0.0 16.50526 13.53854 25.15762 15.42419 18.09051 16.27212 26.56782 0.0 29.8359 7.40647 11.23762 19.28157 15.17073 18.65613 13.1823 0.03442 31.60488 29.07453 32.19846 22.12914 22.62508 20.55023 13.41957 10.65396 32.33195 9.71593 
1000.0 15.7101 20.1907 8.5054 0.0 20.87712 23.78527 24.56061 20.64989 7.80166 32.32359 14.88097 0.0 16.92146 21.37708 26.89531 19.14803 24.09124 19.9782 28.98546 0.02481 13.08015 18.94115 16.63267 23.77845 29.01902 9.32111 13.93414 32.81151 29.09629 14.83709 
1000.0 28.39557 12.96751 16.23594 0.0 26.61154 20.23997 14.67479 26.79102 25.1574 25.65883 12.05151 0.0 15.09672 14.97368 22.63771 26.57451 7.64981 13.70049 28.23542 0.02158 8.41422 10.87251 26.51548 23.67853 14.14209 18.93119 17.81813 26.23254 8.48079 26.20445 
1000.0 25.54504 26.92858 29.82039 0.0 26.42725 25.54947 23.86176 14.16941 24.05958 9.62573 24.98741 0.0 21.41741 21.32278 11.32801 10.95572 14.37484 8.24879 30.90222 0.02672 21.13835 10.05228 7.41645 17.29063 9.88263 18.39836 6.61692 29.29352 32.03365 27.35247 
1000.0 12.69571 24.09681 26.55947 0.0 24.43162 14.19276 6.87805 29.09934 14.13632 32.34303 20.23662 0.0 26.79284 26.83361 10.71689 14.06776 27.6089 32.29153 28.12144 0.0213 26.83011 8.79212 16.42902 23.20387 31.98436 26.36222 23.48794 23.15487 24.25406 8.38215 
1000.0 17.10195 28.71513 14.85465 0.0 26.92112 20.02801 28.38853 12.15049 16.12681 7.7969 10.05148 0.0 26.56996 26.21783 30.77762 8.52915 10.07668 22.45895 24.40195 0.02563 29.80007 11.30481 27.0723 17.32877 19.55747 6.88104 28.31141 25.79114 9.74421 29.36201 
1000.0 24.15101 8.31632 31.35468 0.0 26.43804 19.74802 8.49149 30.37805 28.80014 15.99187 17.94621 0.0 15.04849 22.74727 7.21836 17.21557 15.98213 24.8905 10.96253 0.01632 15.88653 9.87454 31.24891 26.91486 13.75581 11.13787 32.81621 8.31879 20.13955 13.72437 
1000.0 9.60278 14.59621 17.94653 0.0 26.02264 17.13416 27.282 9.98742 31.74653 13.51468 24.65346 0.0 28.94508 25.34956 9.64637 8.34826 9.4324 28.24265 9.35495 0.0113 14.3711 16.80081 20.39403 16.74004 11.0217 22.29282 32.0318 15.73174 20.57889 17.91915 
1000.0 18.19022 14.22225 30.71707 0.0 31.11186 8.21212 31.7074 32.81824 19.42021 11.32924 28.11841 0.0 28.16892 18.09767 14.70617 8.33106 17.67445 13.96977 19.76422 0.02285 16.21289 21.36731 12.61642 25.4715 16.61507 26.58829 30.43644 19.34215 23.10301 12.21686 
1000.0 16.6373 20.5993 22.7186 0.0 28.63753 30.71854 30.49094 10.093 20.19875 9.83912 22.06059 0.0 17.5535 24.97782 26.41623 13.30003 30.22843 28.7503 24.58315 0.00832 11.77836 32.01539 28.85044 12.13233 25.63496 10.17575 15.34854 19.83933 12.10354 31.73682 
