1000.0 1000.0 1000.0 1000.0 1000.0 1000.0 1000.0 1000.0 1000.0 1000.0 1000.0 1000.0 1000.0 1000.0 1000.0 1000.0 1000.0 1000.0 1000.0 1000.0 1000.0 1000.0 1000.0 1000.0 1000.0 1000.0 1000.0 1000.0 1000.0 1000.0 1000.0 
1000.0 19.81684 34.0313 10.87865 0.0 36.60713 20.02185 33.95161 28.94091 22.30644 31.01593 23.57216 0.0 12.47476 37.45682 35.4827 16.94855 10.2107 29.67614 36.76148 0.0301 35.69388 14.58298 38.30326 22.43631 35.17065 22.47884 12.20556 16.48029 28.0138 11.72649 
1000.0 15.09434 29.91045 32.49282 0.0 19.01211 8.41391 26.59752 29.0597 18.17886 27.00169 21.35759 0.0 13.20645 13.80766 31.63754 36.10718 16.75276 21.95321 10.04924 0.00967 15.23805 28.29653 10.37302 37.21712 35.24743 17.64894 28.33673 28.884 23.30016 25.41621 
1000.0 9.05063 25.44761 33.79177 0.0 24.4979 37.23235 8.93992 13.50053 18.12769 35.32969 20.77905 0.0 23.11588 36.14413 9.17035 29.33115 35.8624 34.77092 32.02942 0.0217 36.37017 24.66961 18.78254 12.85036 36.37144 18.80121 17.21936 16.95377 12.41214 29.8622 
1000.0 0.0 0.0 0.0 30.50373 0.0 0.0 0.0 0.0 0.0 0.0 0.0 36.13906 0.0 0.0 0.0 0.0 0.0 0.0 0.0 0.0 0.0 0.0 0.0 0.0 0.0 0.0 0.0 0.0 0.0 0.0 
1000.0 23.74919 34.1759 34.21111 0.0 17.49421 8.34132 25.30448 16.53539 20.09907 8.45379 19.71629 0.0 23.09861 16.62271 19.00332 24.90248 14.29986 24.80524 21.60222 0.01602 13.35585 30.6288 29.04245 9.18195 18.76941 25.65341 34.72651 12.34978 19.5141 22.70486 
1000.0 30.85105 10.9592 33.41391 0.0 28.62431 26.24365 36.38496 12.14948 9.55636 8.998 26.01375 0.0 31.30042 12.98471 12.41888 9.5049 38.47209 19.80833 31.56249 0.01914 35.92203 33.72163 15.27478 19.726 12.13701 34.21841 16.96041 10.42254 32.88372 37.61206 
1000.0 11.01852 33.60163 14.54664 0.0 32.62667 11.19839 29.5941 23.60699 23.56321 23.81525 30.73436 0.0 19.41181 34.07919 10.15526 27.75258 35.81712 22.71057 33.82199 0.01851 28.44797 21.41363 31.4485 11.54745 20.08397 9.51259 33.03501 22.37896 18.64757 17.61775 
1000.0 35.23423 29.62252 26.62811 0.0 25.99406 17.62294 23.94966 34.13336 20.90272 17.91627 37.47741 0.0 12.90547 22.36271 32.63314 16.48126 33.57296 37.6208 14.98194 0.03121 32.45434 31.03831 18.95176 27.20741 28.12347 38.22432 35.88238 38.41198 34.68656 29.4597 
1000.0 15.73127 25.55505 37.80432 0.0 11.49811 12.75166 37.44922 13.31832 24.44356 14.60751 36.91269 0.0 10.10831 26.75675 20.03928 19.4804 20.17632 17.00075 18.54821 0.00944 22.56098 20.24053 15.43467 20.15544 12.29136 23.24088 18.8443 16.0676 9.85856 27.71043 
1000.0 13.81382 36.16766 34.62861 0.0 31.64684 24.21891 27.05475 28.04435 21.95573 30.84953 38.185 0.0 33.00972 7.9663 26.21981 30.31432 9.45711 23.38285 19.26241 0.01846 17.86159 29.86835 35.24952 33.57716 23.81086 12.85693 7.8886 8.74234 7.74553 32.62118 
1000.0 20.23096 30.46364 25.27101 0.0 38.09508 17.35117 9.73946 36.4845 36.69784 21.64975 34.48698 0.0 32.42805 15.48649 18.25657 23.43136 26.70044 36.64231 14.99618 0.03197 26.77578 10.86737 29.17381 12.8195 23.86322 9.24675 17.57357 11.68907 29.13225 16.24921 
1000.0 0.0 0.0 0.0 30.70505 0.0 0.0 0.0 0.0 0.0 0.0 0.0 22.41118 0.0 0.0 0.0 0.0 0.0 0.0 0.0 0.0 0.0 0.0 0.0 0.0 0.0 0.0 0.0 0.0 0.0 0.0 
1000.0 38.50294 35.35051 31.85423 0.0 8.77691 21.56242 33.85997 13.45834 26.77109 16.41902 33.92712 0.0 14.00669 10.85944 34.39584 17.62165 11.8714 19.64346 36.58609 0.01108 24.30348 28.00764 26.77743 11.27958 27.07603 30.97625 20.94338 10.97009 18.90745 35.34794 
1000.0 26.55111 37.91841 24.31626 0.0 25.75684 32.05567 8.60357 20.23197 20.1971 35.50406 36.99693 0.0 14.18966 22.07425 32.29504 15.23008 27.13144 28.85056 34.7882 0.0343 33.33769 33.23568 17.89797 17.4719 35.82616 8.97919 32.34015 36.64108 35.97134 16.27599 
1000.0 31.23147 34.56877 8.39531 0.0 24.52617 28.72995 29.9101 30.71865 15.46982 8.52996 30.30746 0.0 27.025 32.63257 20.61034 37.10671 32.93333 31.69164 28.32273 0.03564 13.44799 20.31885 18.05738 10.44837 15.18739 9.33335 30.67964 18.24972 24.04857 10.15035 
1000.0 35.88624 12.34627 10.16833 0.0 34.14659 32.02141 28.36607 15.23714 20.32892 19.43883 34.23926 0.0 19.23478 23.75687 11.71058 19.2069 31.17031 16.33422 16.6449 0.01857 38.50229 9.34006 17.4797 26.1027 25.17094 21.7924 17.9201 14.10729 10.35646 15.37724 
1000.0 27.51729 11.50349 20.09486 0.0 30.81992 14.01629 16.92574 22.3861 25.65189 24.70989 10.90008 0.0 24.04288 8.04978 33.08351 12.25535 11.73861 9.08791 34.33608 0.03908 22.79879 20.40679 30.16635 22.19473 32.87865 27.0498 16.98196 35.67535 32.68658 8.15479 
1000.0 18.8174 31.93189 34.39983 0.0 26.83442 24.9507 17.94475 23.55985 26.4864 31.88619 12.07699 0.0 11.89789 17.86534 10.20179 11.21535 27.405 20.09538 37.068 0.02957 37.49275 37.50407 28.02884 35.19459 32.5037 32.38535 14.65553 36.54833 7.95112 24.56511 
1000.0 32.75729 32.42137 21.07088 0.0 31.27299 10.86001 22.8077 31.31084 14.09559 32.42082 27.4779 0.0 24.54683 14.19947 22.62903 21.29485 17.32806 34.48302 8.45348 0.01011 29.06579 12.3485 31.25097 11.80323 16.86746 37.83253 19.65299 27.16871 27.61604 16.81044 
1000.0 0.0537 0.10914 0.15848 0.0 0.04518 0.10908 0.17352 0.0645 0.14296 0.13772 0.16453 0.0 0.14143 0.08262 0.07728 0.03648 0.08957 0.17144 0.15485 30.77058 0.0491 0.07326 0.063 0.07758 0.14596 0.13848 0.14124 0.10916 0.14381 0.15955 
1000.0 13.17773 32.01335 21.42492 0.0 16.26887 33.34056 18.70117 24.27146 8.50979 24.9809 34.91367 0.0 20.15154 17.49589 13.68677 22.38326 36.94634 8.55437 37.94815 0.03112 36.17166 38.36419 31.09903 24.15142 18.40267 33.4024 21.43923 28.84066 12.21401 10.13497 
1000.0 21.08815 31.92544 32.67025 0.0 15.12537 36.27362 20.70914 34.63027 8.45228 28.28418 24.32401 0.0 8.47969 30.34839 17.76754 32.34682 23.49481 27.77977 23.88636 0.02246 23.91075 18.90226 17.91311 8.59859 16.07113 30.8231 12.75117 29.7303 34.12001 8.10625 
1000.0 16.31391 10.69835 28.07049 0.0 35.76013 17.91478 16.67091 16.27138 27.17966 36.12406 31.32918 0.0 28.60297 10.13065 12.20045 17.70277 13.25457 30.99325 37.21723 0.03929 19.48692 20.93898 12.22771 23.02275 25.523 31.60229 27.34389 22.4007 35.71648 24.94404 
1000.0 31.70671 38.08192 31.54679 0.0 21.48266 35.39798 23.32746 32.4852 9.35137 34.46984 17.86545 0.0 8.6985 11.21863 14.47261 25.61495 23.26218 23.46341 23.73946 0.01728 23.68161 28.19258 19.78661 11.55583 27.32865 36.33352 26.30762 38.45724 18.44522 11.94928 
1000.0 24.75317 30.03476 9.53863 0.0 21.20539 28.45194 11.68865 20.55326 16.71595 14.08488 17.06266 0.0 17.62604 33.09776 21.63168 27.43119 23.49967 13.20443 8.03136 0.01559 24.41717 27.04061 22.34197 12.03913 21.7895 12.95693 32.50757 33.97628 14.21091 23.85755 
1000.0 29.42691 21.86762 32.27129 0.0 32.58161 18.04392 15.32188 8.40544 38.23323 23.08797 20.47333 0.0 31.50383 33.18037 26.2997 34.20721 21.61953 25.09745 15.81359 0.02473 32.67991 35.16131 10.42267 31.86682 10.75296 33.25782 25.18365 35.6829 9.28933 23.76354 
1000.0 16.45858 20.48535 24.32721 0.0 10.23629 25.81132 25.93395 34.27373 10.89963 24.77964 16.57249 0.0 38.22234 12.92678 26.89065 11.60925 14.1616 13.1051 9.7175 0.02666 23.72717 15.918 12.16757 28.24073 30.5304 12.84332 23.15188 28.56752 18.49321 11.53763 
1000.0 27.81979 18.38887 30.25718 0.0 31.17284 30.61541 24.70141 28.78757 31.6715 38.39403 11.41186 0.0 35.43295 30.88396 28.76105 29.26342 28.46626 33.35655 9.94647 0.03321 13.1394 8.50463 23.60675 34.24254 33.56237 26.67057 19.96822 21.78323 14.03803 7.92762 
1000.0 25.19639 35.65039 20.89206 0.0 9.86387 25.20153 13.39727 12.44785 21.67495 10.21412 27.63695 0.0 9.17142 24.41838 15.81919 30.50687 19.69164 32.44634 24.31445 0.01982 37.02267 13.66313 20.7063 16.55108 23.51902 34.50897 30.04829 28.80824 10.04726 13.75224 
1000.0 13.23482 27.20002 33.26446 0.0 11.33823 11.05014 12.61608 15.22847 26.06697 11.35995 15.56129 0.0 29.16044 32.35733 26.26976 35.6138 9.98049 16.63521 37.75832 0.01437 20.42341 15.67955 18.49942 27.69126 35.50183 11.99858 28.87961 24.32683 19.82731 10.78585 
