1000.0 1000.0 1000.0 1000.0 1000.0 1000.0 1000.0 1000.0 1000.0 1000.0 1000.0 1000.0 1000.0 1000.0 1000.0 1000.0 1000.0 1000.0 1000.0 1000.0 1000.0 1000.0 1000.0 1000.0 1000.0 1000.0 1000.0 1000.0 1000.0 1000.0 1000.0 
1000.0 15.12195 28.23476 26.50728 0.0 9.02022 24.20038 12.86951 31.51135 16.71917 11.4416 27.71002 0.0 26.74213 33.69382 23.16712 19.7938 25.33718 12.13865 14.00802 0.03781 12.31381 29.66088 28.91137 13.50249 15.48448 12.90635 18.11449 20.39554 11.25308 16.03764 
1000.0 29.15178 27.13138 28.36744 0.0 28.23797 16.59115 32.44207 18.37029 22.62324 10.80056 13.17879 0.0 14.51353 27.14257 10.38871 31.12752 17.86208 31.77251 12.03445 0.01735 9.24 7.53048 12.2692 17.32602 12.93075 8.36868 23.34951 24.53442 26.48623 11.34565 
1000.0 29.98563 14.28566 24.43383 0.0 15.64615 19.02064 14.73339 26.54837 21.45611 15.35967 8.83785 0.0 28.48324 19.13756 20.24328 30.52277 22.03774 9.45299 21.51051 0.02343 8.40296 24.96963 7.12199 11.56194 15.39232 21.50442 25.47323 27.22218 15.02117 15.03982 
1000.0 0.0 0.0 0.0 10.14083 0.0 0.0 0.0 0.0 0.0 0.0 0.0 19.27221 0.0 0.0 0.0 0.0 0.0 0.0 0.0 0.0 0.0 0.0 0.0 0.0 0.0 0.0 0.0 0.0 0.0 0.0 
1000.0 21.1315 21.67914 15.70303 0.0 25.00292 27.02378 23.07284 18.95246 13.64068 11.16716 11.59055 0.0 20.30998 11.03925 18.84195 26.76905 23.24754 8.18633 33.46624 0.01126 29.74204 14.02202 19.12161 8.55086 30.55815 9.90096 27.73585 20.09156 20.12097 26.97957 
1000.0 18.73194 14.83112 22.74167 0.0 9.79764 31.5337 17.17287 21.04362 24.59668 14.7708 12.77132 0.0 25.21315 15.54446 14.00823 27.1026 31.39713 23.67799 25.62769 0.0124 25.41996 25.90295 31.37039 31.70714 12.02738 11.24898 33.04746 28.83854 23.41306 9.0191 
1000.0 18.59039 25.67948 14.98956 0.0 16.73069 9.00356 28.86898 10.12964 18.1047 21.2693 30.68895 0.0 13.6523 27.13613 19.97945 10.63384 16.18904 32.23285 28.34817 0.02092 20.46594 33.26454 23.10027 29.90939 13.58681 19.09653 7.10016 12.19487 10.81808 15.33364 
1000.0 17.05761 14.99068 24.78912 0.0 19.94229 7.5442 28.49169 16.75304 20.32247 7.15263 10.52849 0.0 28.70415 20.85701 16.73022 20.30302 21.25215 8.06319 24.15494 0.0096 19.99514 27.83046 18.89192 25.13736 19.51988 29.08138 18.40415 19.43233 7.03617 29.96593 
1000.0 12.11714 22.26796 12.29099 0.0 10.05456 13.51251 11.53793 29.46644 19.38291 26.49458 19.13213 0.0 12.01229 30.32879 20.34036 19.20337 28.84917 30.35673 12.3089 0.02686 26.82176 11.79521 25.02453 23.35681 33.65326 17.92908 7.21894 13.0167 15.79664 10.84938 
1000.0 14.20698 10.82392 25.42131 0.0 21.31511 14.7696 10.24849 21.67467 11.02417 30.59894 10.49073 0.0 14.57556 20.03476 11.63279 15.47665 11.6964 11.73554 26.99025 0.03228 17.0665 13.92094 31.22252 13.29102 19.86605 17.99317 8.67169 9.7368 26.96088 7.40785 
1000.0 8.77439 33.52063 6.91393 0.0 26.70433 23.71709 22.29469 31.66883 25.51896 32.22609 25.80349 0.0 24.4591 33.5063 19.66451 26.93849 17.0835 30.8567 31.27198 0.01158 26.5161 30.0044 16.90476 18.79384 17.42272 25.66885 7.5834 7.35928 13.12262 11.55542 
1000.0 0.0 0.0 0.0 25.92791 0.0 0.0 0.0 0.0 0.0 0.0 0.0 11.41999 0.0 0.0 0.0 0.0 0.0 0.0 0.0 0.0 0.0 0.0 0.0 0.0 0.0 0.0 0.0 0.0 0.0 0.0 
1000.0 26.27296 16.47395 8.12202 0.0 22.39928 10.20204 16.75061 26.12766 26.85131 31.54457 17.15967 0.0 26.7494 30.25509 25.59156 23.01859 23.39316 26.07466 12.87639 0.01724 9.84594 7.26135 12.16245 22.07522 29.6676 32.25302 11.231 32.63449 16.63362 25.73723 
1000.0 12.19447 20.84349 15.44747 0.0 11.38557 19.63906 16.89395 31.10618 32.23669 26.55217 14.6869 0.0 17.40441 7.5151 28.59304 7.78139 21.47997 18.52808 9.86878 0.01482 15.02408 30.20866 30.94818 32.12666 30.67215 30.87457 14.20088 7.37813 20.61988 10.56021 
1000.0 18.75283 10.31346 26.76502 0.0 22.99951 12.05966 27.21453 7.97228 21.6467 24.76602 22.13057 0.0 18.93032 19.45875 22.28839 24.73051 24.02776 20.18047 9.72059 0.03028 20.67703 28.72532 18.58133 30.60862 29.69338 22.77735 24.99391 21.73326 28.64103 30.53895 
1000.0 27.98079 33.66332 13.78477 0.0 11.34015 7.52374 25.0321 27.08994 33.79802 31.42749 10.54084 0.0 26.47092 29.58767 8.30823 33.09721 29.69089 29.7847 16.58822 0.0403 25.48861 28.8705 12.76227 14.37483 12.77092 22.0491 26.512 14.33347 18.42457 25.52466 
1000.0 28.27065 17.09317 24.33282 0.0 25.30732 32.25066 21.02846 12.25823 27.73345 21.13989 17.33296 0.0 29.69228 12.60065 21.07534 22.18645 17.68918 13.3247 10.98089 0.03555 15.17829 8.44187 7.70573 15.38548 11.4792 26.58797 16.05524 18.23861 12.4609 21.33857 
1000.0 18.2553 7.94639 27.62318 0.0 31.25777 25.51976 24.2365 21.24952 25.1882 11.16294 30.39557 0.0 19.85721 9.688 29.5473 11.73635 23.14017 20.86243 7.73187 0.02136 25.61346 10.18415 32.09897 8.25736 22.02786 18.09421 29.98432 22.36465 16.41736 16.07325 
1000.0 18.99973 19.74838 31.36238 0.0 8.61357 33.76092 28.54738 10.85477 19.16696 30.14313 31.71124 0.0 16.29984 11.3275 20.0044 8.37907 28.30679 24.78547 15.0694 0.03324 10.12822 29.85157 26.6164 15.21437 20.45545 19.84783 33.67109 17.78026 7.83504 10.16269 
1000.0 0.09375 0.03614 0.13573 0.0 0.0434 0.07904 0.04333 0.07765 0.09329 0.14338 0.09017 0.0 0.06617 0.15458 0.11736 0.0675 0.14954 0.09427 0.08474 12.3335 0.11869 0.15429 0.10324 0.09996 0.06408 0.03945 0.15821 0.16138 0.12919 0.06808 
1000.0 7.53565 28.66047 8.64739 0.0 33.08713 28.85093 21.57041 29.63632 25.68061 21.90162 16.77761 0.0 7.46148 14.38149 15.10718 31.81807 31.80491 7.89282 26.69118 0.01469 7.43877 24.78747 7.67638 31.39703 25.33618 11.92027 27.31661 17.60951 11.33876 15.01023 
1000.0 33.79003 23.75868 11.46785 0.0 6.99801 29.85285 17.39977 23.64454 18.33641 7.28231 14.89178 0.0 26.29493 28.80189 22.44787 10.10876 13.6797 20.87009 33.16317 0.02434 31.19794 30.06937 13.19859 30.40058 17.31525 27.82283 17.56245 28.60918 14.43799 17.51626 
1000.0 31.92783 13.69833 12.1959 0.0 10.05607 17.37108 7.79064 9.83386 12.56827 33.76494 25.81756 0.0 23.4572 8.4214 27.58738 21.79104 25.04559 22.9564 32.81988 0.03747 23.20881 21.23758 10.79391 11.05563 18.16503 16.17388 14.32562 33.71174 8.61534 29.31931 
1000.0 14.91274 13.41149 29.01767 0.0 7.52228 12.92925 8.31221 15.83146 26.57706 18.73692 14.68426 0.0 26.64257 27.18992 10.2793 11.98726 29.30288 31.45167 8.14793 0.03872 23.7682 26.06169 27.68717 20.58567 27.67407 21.17846 15.08424 29.49833 29.52995 13.47451 
1000.0 33.31666 15.69336 21.56106 0.0 25.27119 27.54676 27.43481 9.69629 19.58716 21.92716 13.48 0.0 29.24087 18.728 12.09663 25.29899 16.95081 9.95373 23.72596 0.0282 22.99044 9.20592 13.44008 32.47693 8.71114 29.41514 8.98344 11.21899 18.98977 11.68264 
1000.0 32.46665 33.61825 17.8145 0.0 29.25693 14.39257 22.91457 10.57679 13.96668 21.06951 13.72723 0.0 11.14917 11.26224 22.00099 30.32452 14.90852 15.5593 9.07113 0.01735 16.49104 17.33133 27.87375 28.28241 19.69726 19.38356 22.08112 10.53902 7.62952 21.00237 
1000.0 29.02986 20.50404 31.19536 0.0 19.57536 11.71052 24.79069 25.38471 9.65386 13.52378 18.93581 0.0 27.68122 21.16959 33.23198 17.48144 12.9461 24.29907 14.04712 0.01916 19.48186 22.86845 7.8361 21.83375 29.37785 31.95329 9.12246 12.85963 18.36826 19.9366 
1000.0 30.18742 27.20046 6.96424 0.0 20.32499 9.86164 28.21855 32.36802 32.97872 19.42393 15.68119 0.0 18.18877 27.72168 12.43061 16.29115 17.25242 26.88053 12.5949 0.02341 20.48591 8.19949 28.12343 29.7341 9.09762 9.26379 28.6367 20.91026 8.55441 8.4601 
1000.0 30.80093 22.0695 23.15828 0.0 28.39101 28.11443 12.48732 27.2041 17.50535 18.13503 24.85691 0.0 12.76789 28.22147 24.77719 6.93776 25.69747 26.43093 27.88791 0.00994 26.61865 19.66747 13.66273 32.60474 23.39648 33.49136 29.37409 26.49727 6.95752 31.21932 
1000.0 17.73481 8.66782 21.58874 0.0 16.18887 27.39484 30.63377 23.8581 27.21222 16.76137 27.07452 0.0 10.51614 9.36859 26.33317 8.76621 32.72186 16.83866 20.31837 0.02138 29.20621 8.91511 32.7037 20.88144 28.19997 22.59261 18.47279 17.23577 14.2739 6.846 
