1000.0 1000.0 1000.0 1000.0 1000.0 1000.0 1000.0 1000.0 1000.0 1000.0 1000.0 1000.0 1000.0 1000.0 1000.0 1000.0 1000.0 1000.0 1000.0 1000.0 1000.0 1000.0 1000.0 1000.0 1000.0 1000.0 1000.0 1000.0 1000.0 1000.0 1000.0 
1000.0 23.78514 8.97909 10.94666 0.0 9.5898 24.34734 17.66437 19.3523 24.81031 25.05043 11.98626 0.0 29.53732 21.70362 18.26313 7.37492 24.74176 15.3871 25.3745 0.03559 29.94966 31.37902 27.28836 8.4132 16.01683 19.72565 26.65498 8.05642 24.10917 31.24437 
1000.0 13.11673 9.68255 24.47809 0.0 12.52748 9.53395 30.9699 7.26651 14.92503 26.11664 7.22292 0.0 20.95549 9.1846 28.37048 8.74008 13.91892 19.20658 15.18245 0.03523 28.14186 8.8706 21.45668 17.58208 27.86384 25.97613 29.45823 21.27446 25.14843 12.81255 
1000.0 11.04072 28.57269 6.69641 0.0 16.45867 28.58116 30.4108 24.92423 27.82954 21.55384 18.97259 0.0 20.7639 15.04005 22.79261 17.08398 21.12648 10.63756 18.9495 0.03983 24.44846 11.27588 24.95601 21.9196 19.06191 27.37037 25.99336 29.5508 7.04602 16.67905 
1000.0 0.0 0.0 0.0 31.33302 0.0 0.0 0.0 0.0 0.0 0.0 0.0 21.65826 0.0 0.0 0.0 0.0 0.0 0.0 0.0 0.0 0.0 0.0 0.0 0.0 0.0 0.0 0.0 0.0 0.0 0.0 
1000.0 10.1355 24.40241 17.01695 0.0 30.04094 24.44834 15.79126 8.60414 28.35761 24.99453 15.32866 0.0 16.53761 15.5164 19.11332 26.58122 28.24505 19.17984 31.61319 0.01262 6.53041 12.47801 19.79573 21.00314 7.17086 10.62659 28.85064 12.61297 23.68289 13.52367 
1000.0 23.49673 7.34249 25.84798 0.0 27.56203 26.90853 22.57086 28.42851 23.17399 24.93102 32.28114 0.0 26.03899 12.24531 9.20766 6.8733 10.00903 29.89422 19.46984 0.03081 18.52556 17.63473 17.67593 13.38553 16.22045 27.16723 13.37579 31.78407 9.43225 26.68313 
1000.0 14.60399 29.51894 15.76447 0.0 11.78236 8.91053 19.06798 9.38897 10.57186 16.71153 12.89481 0.0 8.5464 6.53882 16.46468 20.81011 29.22156 9.39271 18.17331 0.02809 20.40957 10.95536 14.59582 7.2971 7.52791 7.96043 15.62374 20.69938 17.10146 11.84713 
1000.0 11.10911 26.98751 21.74162 0.0 31.07891 8.50241 24.1593 11.00552 22.90655 28.53551 9.3588 0.0 19.34078 26.07896 25.69672 31.0714 24.10909 28.16369 8.61554 0.03177 7.73115 7.43121 22.24491 26.0912 17.74112 29.07221 23.1464 12.01302 19.41568 24.59191 
1000.0 20.51823 19.0234 10.94099 0.0 18.20426 6.55754 8.24798 31.84491 19.76288 27.91575 6.98389 0.0 16.51812 22.4547 8.97883 19.94214 31.08106 12.58624 27.11397 0.02646 12.11693 20.68662 25.78244 10.68883 18.95506 30.31158 20.76883 27.27352 12.02748 28.30595 
1000.0 10.62066 32.35612 26.28369 0.0 27.71472 10.85464 20.55239 19.97432 14.46726 31.91566 16.05941 0.0 28.0256 22.96484 12.9125 7.64916 13.04484 19.65649 17.37596 0.03556 31.06397 12.20371 29.83365 19.74162 28.13075 27.51978 12.88854 26.17955 25.66889 30.08426 
1000.0 30.69651 19.04466 16.03654 0.0 17.03702 8.78783 20.96997 28.71119 31.11694 18.44049 13.79915 0.0 10.74829 13.29454 14.37063 29.79209 29.70622 15.44812 14.04068 0.01098 31.32736 24.80634 13.47001 28.39959 8.86187 17.16511 9.33238 17.31367 26.18669 15.7432 
1000.0 0.0 0.0 0.0 25.1392 0.0 0.0 0.0 0.0 0.0 0.0 0.0 32.07565 0.0 0.0 0.0 0.0 0.0 0.0 0.0 0.0 0.0 0.0 0.0 0.0 0.0 0.0 0.0 0.0 0.0 0.0 
1000.0 18.60626 17.88168 7.15854 0.0 30.29048 20.68497 9.67997 15.16773 28.36983 30.88578 30.72139 0.0 7.79856 17.8827 10.29653 26.52322 8.37707 19.78142 26.76837 0.0264 20.93961 27.73996 23.92504 17.44758 16.03406 10.09202 15.62008 25.97388 28.44709 18.63901 
1000.0 12.55867 21.42626 17.5424 0.0 27.9029 10.45489 17.45727 22.31913 6.85582 25.91849 13.16112 0.0 24.97488 6.9643 12.23222 7.8759 17.10571 12.13542 23.82255 0.03009 29.75174 18.08489 18.1024 20.99147 25.27992 7.0567 26.63224 20.10049 12.85591 14.33653 
1000.0 13.78534 31.28551 19.61817 0.0 30.73084 24.19297 13.37006 8.89002 8.84213 10.99351 26.0884 0.0 19.30256 28.21241 14.04976 27.72218 18.30766 25.54117 14.50476 0.03116 25.25594 29.60564 14.92624 9.52921 27.67175 23.33236 28.86888 26.99113 27.77434 25.38984 
1000.0 10.98047 24.13022 29.29952 0.0 19.01 11.67938 22.2877 29.29077 11.51879 22.05076 19.91988 0.0 8.82463 22.59904 20.9519 24.79839 11.83572 26.26811 21.44223 0.02898 12.29165 27.12316 32.21364 10.49996 17.9461 24.68901 14.47964 29.56332 28.56174 19.23687 
1000.0 13.79626 27.86806 19.72017 0.0 13.86438 24.06123 19.31901 24.18532 21.82916 31.5682 24.81567 0.0 18.3676 29.25632 18.64455 31.02888 15.06158 20.3732 27.59187 0.01632 10.06088 31.3953 20.72057 11.24504 23.32411 21.50811 18.93591 12.47696 13.26977 23.83834 
1000.0 21.2463 22.51317 21.87961 0.0 18.04931 7.40059 11.03245 29.29677 20.47673 23.03624 28.06946 0.0 12.29933 32.25339 11.90864 16.9214 17.54123 26.63781 20.0473 0.01336 26.73489 21.27964 29.23374 14.38653 17.97582 14.46377 19.46875 10.15046 27.66792 17.15988 
1000.0 11.06264 20.56258 21.0192 0.0 25.73469 17.63336 29.13899 32.25852 7.60122 12.35885 8.47772 0.0 25.93549 11.96817 13.06162 16.34403 6.90688 29.39173 15.09029 0.03354 28.82037 25.73865 30.98584 8.18201 23.95181 16.21432 17.58495 23.32226 7.73996 19.11283 
1000.0 0.1041 0.08935 0.15909 0.0 0.14101 0.1287 0.1214 0.10093 0.03612 0.13707 0.07558 0.0 0.04251 0.12662 0.11008 0.08842 0.07554 0.15918 0.05475 13.11096 0.0977 0.13515 0.08363 0.10102 0.07676 0.15369 0.04267 0.13774 0.13156 0.15921 
1000.0 9.39884 12.8203 32.01106 0.0 18.36864 12.98506 9.21285 9.34501 22.64867 10.80764 14.65099 0.0 17.08683 14.021 22.21731 25.20542 6.87505 12.25853 24.04291 0.03732 10.02363 24.76289 12.46222 30.94261 11.37836 24.96573 23.08682 24.7141 29.40589 12.34888 
1000.0 6.69615 24.52672 17.4076 0.0 26.1679 22.30048 12.47357 27.43227 20.77809 19.93275 9.23078 0.0 16.89905 28.72375 30.59954 20.05636 31.87847 9.4264 23.83791 0.00926 23.08255 22.82883 19.95242 30.91279 10.50502 10.67517 27.32438 19.22346 13.95386 17.50887 
1000.0 10.2434 15.61519 14.65721 0.0 11.05361 10.6601 27.04848 31.43643 28.21145 26.93233 18.39937 0.0 31.77283 30.30531 19.39787 25.15668 24.48603 14.85909 19.19258 0.01227 11.28824 24.55603 7.06394 27.45957 16.4857 30.92163 21.58825 12.13722 18.24441 15.14424 
1000.0 16.24902 28.76185 25.35935 0.0 31.54033 18.51821 29.33361 14.3321 7.83819 24.61155 25.26562 0.0 22.4436 20.18411 16.51325 23.75546 32.26442 12.45352 15.79163 0.03499 22.83662 6.54054 27.61468 12.5174 22.0971 18.83887 28.06711 25.61196 21.91967 21.05816 
1000.0 6.93265 7.21291 8.79771 0.0 21.63108 10.28508 14.67808 20.11421 14.25866 16.4336 21.96261 0.0 14.5753 12.41885 7.22728 19.37758 6.93297 8.63078 23.27838 0.02293 17.2102 10.0381 16.98636 10.77351 30.61073 18.59003 16.17981 28.87261 21.8208 17.47058 
1000.0 22.5331 11.11816 26.81857 0.0 23.797 21.38008 12.55471 25.26675 13.43828 14.91534 20.97183 0.0 17.77535 6.9372 27.50974 25.11086 18.46027 24.04586 11.00359 0.00805 9.97445 9.63509 32.33151 21.44471 26.13854 27.52906 9.82408 27.38498 24.81093 16.55054 
1000.0 27.06033 30.37418 20.41705 0.0 20.10334 19.46922 21.63449 14.59463 23.89666 22.03294 29.81623 0.0 20.72444 6.88271 7.14458 21.25152 29.56457 15.23029 28.52602 0.03634 10.68214 23.54609 31.47951 25.17214 10.00399 25.6064 24.76368 18.45655 14.05461 18.13808 
1000.0 17.94595 22.92344 31.02882 0.0 10.73492 17.8966 31.16012 19.095 28.72279 12.95613 17.32085 0.0 30.17608 22.99366 17.6391 23.78219 24.13589 14.71539 21.01135 0.01695 7.07747 7.2499 16.23491 18.85613 10.76189 24.06946 30.90437 16.65803 19.56972 30.98187 
1000.0 16.79 18.93194 11.0124 0.0 9.79048 14.62479 20.59844 18.35456 18.85004 8.04938 28.76781 0.0 7.92889 23.39911 25.30855 24.74933 11.4007 7.02655 29.88501 0.0138 12.22097 17.16298 30.30943 8.69305 16.25352 29.54918 22.10844 25.92575 12.80575 13.7274 
1000.0 14.67867 25.71422 24.12387 0.0 26.22629 16.65303 13.19 19.3176 7.74347 9.27481 10.24618 0.0 6.96745 18.67216 15.84959 14.63549 7.69857 28.28208 31.78686 0.02393 32.34539 28.35312 12.99275 30.86325 26.5622 22.73928 20.88652 15.38826 24.13143 18.61912 
