1000.0 1000.0 1000.0 1000.0 1000.0 1000.0 1000.0 1000.0 1000.0 1000.0 1000.0 1000.0 1000.0 1000.0 1000.0 1000.0 1000.0 1000.0 1000.0 1000.0 1000.0 1000.0 1000.0 1000.0 1000.0 1000.0 1000.0 1000.0 1000.0 1000.0 1000.0 
1000.0 22.33094 14.16457 14.29056 0.0 27.81289 31.64473 21.25136 18.47743 28.49129 30.66483 29.0825 0.0 20.47416 15.43479 29.91091 27.56889 22.63074 9.78624 12.7259 0.0387 7.23027 24.40983 18.69735 11.99996 9.92932 27.18228 9.46973 30.36977 15.80094 23.73134 
1000.0 31.35169 20.05971 6.45101 0.0 24.42979 12.07009 16.43009 27.40569 25.41769 28.11172 12.34735 0.0 17.76039 16.44107 11.69594 31.32239 10.2735 21.03185 7.53133 0.0264 18.29502 13.6034 10.11828 28.5642 29.84225 17.42582 21.62108 8.89778 21.97501 29.17491 
1000.0 10.62186 8.85614 28.20972 0.0 15.79001 28.16006 30.66267 31.99986 10.29766 22.27768 14.87173 0.0 21.76 20.14024 29.92237 26.32633 7.97543 9.88175 30.81732 0.01986 8.82229 21.05434 31.48614 23.72178 27.24289 27.904 18.14623 16.5666 21.41873 25.84203 
1000.0 0.0 0.0 0.0 13.19928 0.0 0.0 0.0 0.0 0.0 0.0 0.0 28.27901 0.0 0.0 0.0 0.0 0.0 0.0 0.0 0.0 0.0 0.0 0.0 0.0 0.0 0.0 0.0 0.0 0.0 0.0 
1000.0 7.60353 20.57178 6.88567 0.0 14.47031 13.46014 31.83057 13.03326 14.06968 14.02607 10.12705 0.0 19.23125 7.62915 7.39023 19.37058 20.24683 17.53224 13.40953 0.03142 14.12192 25.0225 19.13115 20.85703 16.75991 13.75789 30.94172 10.57045 18.0934 19.90573 
1000.0 8.75019 14.01546 8.21834 0.0 26.83541 7.31719 17.39696 13.44512 25.78883 10.45142 18.29679 0.0 8.23881 29.41882 8.9993 31.51964 28.20989 13.67824 20.66279 0.03414 27.05949 30.91956 27.49673 6.71279 20.72527 12.78055 19.85906 14.28129 19.15304 22.92455 
1000.0 23.93639 22.13171 19.30248 0.0 25.80946 14.79452 25.86712 23.94033 15.84656 18.73652 22.55638 0.0 31.74416 17.6097 12.06686 28.55053 23.35706 18.73077 28.99399 0.01277 14.98103 9.54172 6.9301 26.56843 25.46911 26.7432 15.55946 29.63941 31.45533 23.52898 
1000.0 7.11299 23.57384 26.02583 0.0 11.19519 23.79133 12.14102 9.90442 21.34443 29.75335 14.15906 0.0 6.89532 22.17141 13.41516 16.43341 17.85943 16.18253 29.44009 0.01481 23.94804 30.65116 26.84519 31.68446 10.62937 28.64483 22.14196 8.82665 26.85432 19.35412 
1000.0 24.86708 30.56731 16.5007 0.0 22.26453 19.5858 23.19826 10.14358 21.50243 23.40572 19.78268 0.0 28.95403 31.5704 18.14232 23.06643 11.7918 12.2934 25.01711 0.01107 23.57783 8.74924 23.46814 10.83779 6.53017 27.35652 27.35673 15.27461 6.71087 14.52188 
1000.0 26.72694 32.01396 17.08321 0.0 26.05475 26.31522 6.62632 20.05038 25.91634 8.97569 21.97312 0.0 8.11279 19.91707 19.87256 30.90155 23.06389 23.60046 12.56078 0.03588 20.61149 31.31644 13.22471 30.58682 28.13882 10.69105 15.52029 17.49696 25.60327 13.31758 
1000.0 15.92003 17.69153 11.68337 0.0 24.75282 16.93075 14.2283 19.17476 21.3638 13.49302 31.06945 0.0 22.6278 30.04799 26.13789 21.0774 19.37329 6.82175 27.86336 0.03088 24.00837 23.21935 17.07594 31.24999 21.29528 11.13177 18.92844 25.55263 9.57964 20.55871 
1000.0 0.0 0.0 0.0 28.93951 0.0 0.0 0.0 0.0 0.0 0.0 0.0 26.3913 0.0 0.0 0.0 0.0 0.0 0.0 0.0 0.0 0.0 0.0 0.0 0.0 0.0 0.0 0.0 0.0 0.0 0.0 
1000.0 26.16371 19.65224 12.56624 0.0 15.62308 16.12794 14.03194 25.41911 29.93037 26.71906 26.21974 0.0 15.70641 17.51052 31.52652 16.76622 24.89677 21.77077 12.72343 0.02063 28.716 8.6174 31.61482 12.41831 25.58939 6.79685 15.5087 14.0522 28.8784 23.74208 
1000.0 32.01914 29.01048 23.19426 0.0 22.57568 15.50986 31.64653 11.57489 27.75748 7.86671 9.99933 0.0 19.13918 21.5504 24.17286 18.6861 19.61022 29.57557 9.10223 0.03248 21.90343 22.41937 18.97191 20.80986 29.85829 23.74279 12.91106 14.53484 20.7251 23.62389 
1000.0 8.26976 7.36184 26.32327 0.0 20.72448 23.80132 20.2261 12.73831 25.58405 16.06318 8.89416 0.0 32.04506 12.47982 27.62262 6.50383 16.0017 27.84278 27.94254 0.01891 9.13779 26.84867 30.91788 23.0554 32.09633 9.55162 14.34207 29.50319 15.20691 31.12762 
1000.0 12.28915 30.36457 13.89747 0.0 21.96348 25.62464 8.49583 18.74851 31.56261 26.9369 12.92084 0.0 28.80355 31.60734 29.12699 9.31189 9.12712 25.44264 10.81825 0.01406 30.32697 29.84868 12.00571 14.52727 25.40206 23.59953 15.52319 31.62359 29.882 7.32031 
1000.0 31.26091 21.33396 18.27655 0.0 9.36026 28.37379 31.9837 17.42942 15.10955 18.90502 10.93563 0.0 9.14168 28.85015 28.34578 11.91849 31.49588 26.55078 31.98928 0.01225 19.12289 27.24597 17.6427 30.25234 10.90749 28.21771 30.01075 7.86883 20.7423 14.94613 
1000.0 10.20212 17.71007 6.86582 0.0 28.65612 7.7897 29.81791 9.71933 8.51298 28.44553 20.95793 0.0 32.10322 20.41303 10.25511 26.39788 30.00042 20.33599 15.83271 0.01331 18.74724 23.29807 18.90778 20.84341 11.03851 28.03892 30.37895 31.54861 24.94769 27.51543 
1000.0 31.86739 29.86146 27.11309 0.0 19.41827 8.93751 13.05446 28.91185 26.01127 16.10248 27.66843 0.0 8.91736 10.19391 8.70095 14.34924 26.3949 18.2721 7.6884 0.03009 26.81281 16.88489 7.93832 21.49165 29.57534 25.96125 21.23514 24.15235 27.50865 24.47707 
1000.0 0.15273 0.07041 0.15526 0.0 0.05445 0.0841 0.09407 0.12751 0.03393 0.04221 0.06488 0.0 0.08247 0.09617 0.05093 0.03759 0.10346 0.07709 0.11659 7.53447 0.04405 0.14918 0.13657 0.07325 0.1447 0.14367 0.03589 0.05747 0.03796 0.0373 
1000.0 26.93396 11.27204 20.24164 0.0 21.76255 17.56302 23.55351 17.0654 17.91284 26.35629 31.56723 0.0 27.62745 16.50993 18.80951 17.02891 21.48745 12.07773 15.41995 0.03002 13.75581 16.23359 26.64312 12.94702 29.9065 18.53978 26.27233 25.60165 18.01535 27.59626 
1000.0 26.99994 21.10608 11.85493 0.0 15.98976 30.29341 27.97168 13.18453 7.6441 25.70298 10.65189 0.0 18.54257 22.01735 23.31886 9.00217 10.7258 15.09002 8.86736 0.01426 21.19642 28.87005 31.98304 28.39291 17.32737 17.12741 17.1349 28.01287 14.78042 29.17217 
1000.0 21.60807 11.96674 17.35536 0.0 6.83881 24.89661 19.35264 7.44724 19.23938 15.58795 15.03969 0.0 26.73505 16.64919 31.5884 20.21303 10.24886 19.57752 27.90913 0.01632 30.08847 19.97899 17.56103 21.94976 30.33067 15.70487 10.10452 24.3477 24.82234 17.70525 
1000.0 26.02377 23.1051 18.72253 0.0 29.29055 16.60856 9.65027 8.5726 25.66515 13.40006 31.7798 0.0 11.93025 17.7318 8.533 29.66306 7.49998 22.45916 20.41774 0.02297 15.05283 30.85284 8.7036 22.29822 26.24826 23.07033 7.67145 7.86791 27.30549 23.07014 
1000.0 17.43938 20.45112 8.42328 0.0 9.51531 18.5427 7.06291 24.92373 23.85019 17.99963 30.55087 0.0 25.92478 30.83812 6.60277 32.08427 26.3989 29.42407 16.76064 0.01703 11.23686 30.51814 13.96739 6.8833 17.25447 20.82437 20.74993 19.55909 11.64745 23.62854 
1000.0 27.86778 12.20472 9.17276 0.0 16.41296 16.83185 18.93249 13.80834 23.73379 30.26226 27.85243 0.0 11.80599 19.54739 8.70959 19.83733 13.03769 15.10212 15.82085 0.03985 32.14582 9.67638 28.5569 28.21414 24.45538 28.92419 16.2419 31.37413 15.07916 25.53148 
1000.0 6.48146 11.50249 6.5238 0.0 11.11239 28.94955 23.16371 14.5744 22.83582 26.98022 11.84975 0.0 15.06879 18.10251 29.69882 13.24573 31.57894 7.77204 18.31458 0.03491 9.40157 20.83259 23.95776 16.19035 21.10756 26.70779 8.74935 24.22679 18.35156 22.59951 
1000.0 11.21921 9.06455 8.45029 0.0 28.25235 11.25954 14.99707 8.88255 28.84445 27.3994 21.08677 0.0 18.33691 7.78741 16.56456 9.67282 24.3939 10.98674 28.69171 0.03205 16.4104 6.53521 14.6895 11.31992 20.92842 29.08269 10.17241 29.95162 10.99238 19.56873 
1000.0 21.26937 18.08076 27.98666 0.0 18.16862 28.43436 10.44039 8.51824 11.73015 7.67958 16.10471 0.0 21.05903 18.81703 7.65038 9.79 31.49631 14.67544 13.19529 0.03734 6.61674 8.6961 26.73422 20.12495 27.70506 14.61635 17.17847 20.32659 15.46652 24.38867 
1000.0 7.83323 24.48272 17.38149 0.0 8.10857 13.59812 25.34349 10.14444 17.39991 17.78828 25.27422 0.0 11.23767 18.03058 23.70436 21.93997 16.61971 15.04467 8.1128 0.01013 8.93844 29.77444 8.3403 27.41024 21.65016 17.81422 21.95315 30.71264 10.21561 28.7053 
