1000.0 1000.0 1000.0 1000.0 1000.0 1000.0 1000.0 1000.0 1000.0 1000.0 1000.0 1000.0 1000.0 1000.0 1000.0 1000.0 1000.0 1000.0 1000.0 1000.0 1000.0 1000.0 1000.0 1000.0 1000.0 1000.0 1000.0 1000.0 1000.0 1000.0 1000.0 
1000.0 40.90773 19.3 31.27784 0.0 13.86347 20.03225 23.79837 27.78431 34.39487 30.29058 22.99212 0.0 32.17613 35.62942 31.41184 18.35015 19.26981 24.15441 19.24119 0.01196 13.49603 14.66241 30.0872 42.11392 34.88194 22.71573 18.40344 8.97351 24.87726 18.53088 
1000.0 20.09186 41.27976 32.14682 0.0 31.35284 37.27865 28.00452 20.20209 38.27324 8.77336 9.14746 0.0 8.65806 29.66471 27.80368 10.31551 32.27056 13.90336 21.8069 0.02583 38.04947 14.30258 28.95526 26.49117 20.34277 29.03516 8.57278 37.38966 26.6115 15.616 
1000.0 27.09426 12.97288 38.3578 0.0 16.55753 12.29838 26.12511 40.17213 41.6492 21.7804 29.77957 0.0 28.42121 37.31633 34.95538 32.82416 9.08146 8.64245 36.0674 0.04099 36.37255 10.9153 30.05 32.92591 39.12144 18.27758 8.48928 15.72127 21.32587 21.09912 
1000.0 0.0 0.0 0.0 30.55371 0.0 0.0 0.0 0.0 0.0 0.0 0.0 30.86451 0.0 0.0 0.0 0.0 0.0 0.0 0.0 0.0 0.0 0.0 0.0 0.0 0.0 0.0 0.0 0.0 0.0 0.0 
1000.0 16.22518 38.19408 37.33114 0.0 37.87571 11.49267 21.67677 10.41955 28.91029 34.66978 27.20952 0.0 21.86482 32.28914 9.89454 13.07084 11.89465 37.60436 25.17393 0.03603 8.59356 26.39728 28.09959 13.84372 11.81219 21.26387 17.76613 38.09702 8.54529 38.98239 
1000.0 24.1344 14.04509 27.04551 0.0 29.94626 41.95264 19.79434 21.66974 21.65715 30.40512 27.88183 0.0 36.72194 21.77483 35.85817 27.8339 24.41692 23.87319 33.16593 0.02695 20.26171 17.39152 18.10869 11.53537 10.11381 27.9737 31.28336 31.0522 9.1313 30.60424 
1000.0 20.2571 27.03611 28.28838 0.0 10.30347 34.35366 8.91188 32.99275 27.07603 8.86037 18.77292 0.0 23.8272 35.67717 34.45052 19.58109 38.25322 35.60815 10.7662 0.03951 23.83898 18.60278 21.05562 16.54298 13.11578 21.20422 8.72639 30.63105 33.50245 15.52855 
1000.0 21.74371 33.33653 15.96422 0.0 16.4732 19.23082 32.16212 32.62352 28.33482 25.2339 13.83154 0.0 20.93807 18.48286 15.30889 21.34597 41.9919 19.58302 28.68703 0.04509 41.01554 31.51575 10.41598 40.78362 27.93302 20.25651 9.17369 16.59229 39.01652 18.24531 
1000.0 9.32881 23.3738 13.83351 0.0 25.4716 16.94622 36.83713 26.42279 38.0324 42.32613 41.91963 0.0 10.29613 26.17237 9.82322 20.79742 27.04067 39.31995 34.01792 0.03705 19.6999 39.55219 34.1625 21.61485 14.875 28.67647 30.25939 17.84567 30.49314 39.6307 
1000.0 37.3114 34.31401 34.77276 0.0 10.94425 23.757 19.34812 27.2671 38.6901 19.79424 30.61289 0.0 11.27144 17.73616 8.94543 27.25656 29.31667 18.12774 36.39056 0.04353 22.24816 9.70362 38.91535 34.42515 28.37971 27.24809 41.96647 9.88326 11.48565 26.34501 
1000.0 37.17491 34.00319 31.58652 0.0 12.39908 30.65823 15.12596 38.41443 32.76006 36.53219 28.59432 0.0 21.89761 37.91164 33.38907 34.25826 24.3566 11.44109 12.04079 0.02858 35.47211 35.22495 9.41204 27.12469 24.17198 18.42126 42.2959 40.02423 31.1977 23.73897 
1000.0 0.0 0.0 0.0 9.19621 0.0 0.0 0.0 0.0 0.0 0.0 0.0 9.22659 0.0 0.0 0.0 0.0 0.0 0.0 0.0 0.0 0.0 0.0 0.0 0.0 0.0 0.0 0.0 0.0 0.0 0.0 
1000.0 13.64843 39.1418 42.11832 0.0 27.64359 34.49944 22.12987 8.95382 11.98926 41.79109 35.37962 0.0 31.33953 30.92374 9.42555 25.2812 29.82237 27.31456 31.95333 0.03259 37.7468 42.10401 23.16356 27.08132 35.36324 37.42302 28.31875 39.02775 16.15359 37.91716 
1000.0 25.63731 40.82722 15.03566 0.0 42.2248 33.17299 25.46113 37.59077 26.69657 22.25955 27.51667 0.0 10.4293 35.89506 15.78423 10.04138 13.55958 40.57346 30.25442 0.02698 23.5801 15.67952 21.55927 12.17082 9.4738 29.9394 18.54606 33.8672 27.99204 36.25331 
1000.0 33.91898 26.31332 26.10998 0.0 33.0988 40.18097 28.17966 25.93351 35.50649 21.38365 14.90006 0.0 42.25286 30.53977 20.06637 40.90222 37.89221 38.94147 20.53591 0.02184 37.28031 17.13848 39.70556 13.4526 29.42677 25.31882 9.34992 11.25031 35.98786 41.70311 
1000.0 36.36088 36.37941 28.49074 0.0 41.09407 33.84036 39.04408 34.59512 35.89785 22.9776 42.09863 0.0 14.07712 10.66279 31.03737 13.56018 20.01015 42.12594 37.68181 0.02713 20.44649 14.93744 12.25865 35.51318 20.05611 35.43521 21.29515 17.42253 39.01623 29.65307 
1000.0 35.16648 19.96912 31.86977 0.0 11.70189 38.68817 12.15028 12.96276 34.23575 29.92958 30.27829 0.0 40.89233 20.01155 30.35774 39.63108 33.96261 32.55362 31.60001 0.00929 23.0864 21.46178 16.15301 23.25989 16.4255 39.09004 37.45194 33.67194 23.79845 40.24257 
1000.0 38.72824 40.35758 40.43608 0.0 13.10259 32.74627 35.66097 38.0547 25.61136 31.39674 11.36865 0.0 14.65673 11.13517 27.32061 22.67764 20.38489 20.07828 9.31883 0.02602 12.15209 25.58728 18.72147 32.44123 41.14622 25.58915 25.41134 10.14212 38.71351 13.85269 
1000.0 16.35526 15.97969 17.23536 0.0 24.0108 26.75858 27.93948 28.70018 28.26421 14.68717 12.69282 0.0 36.94604 30.53995 18.79173 37.69524 19.03646 42.11841 13.59254 0.04599 25.22682 22.99865 9.60677 12.26158 14.28688 28.83606 20.19002 29.77038 33.49197 12.18814 
1000.0 0.0897 0.11511 0.08499 0.0 0.1632 0.1239 0.10502 0.1474 0.04158 0.15933 0.08578 0.0 0.09829 0.17747 0.15969 0.13711 0.04443 0.10751 0.15532 24.21038 0.1763 0.08643 0.11933 0.09832 0.10238 0.17942 0.17504 0.09082 0.15421 0.06134 
1000.0 34.38836 29.67791 21.43963 0.0 28.96463 12.95943 20.60925 17.28743 36.98832 33.13562 27.37512 0.0 26.9262 24.1456 39.0191 14.85687 16.11766 22.32972 21.68393 0.03483 19.28384 16.2597 25.16232 38.72018 13.4797 36.08724 38.05611 17.3078 16.67979 16.58283 
1000.0 32.25444 39.86904 11.22443 0.0 24.18223 35.48101 17.85502 41.63113 17.69587 25.69482 12.9657 0.0 9.56666 29.42028 30.44452 34.61351 19.75077 31.58007 25.4771 0.03998 29.18826 11.39183 31.70971 40.48055 42.26689 10.70741 17.21243 20.65118 22.87325 11.35459 
1000.0 22.41264 13.74076 26.39521 0.0 10.74102 8.9217 12.68926 12.43766 32.18025 38.1647 38.26722 0.0 18.09957 20.93122 41.39706 9.00072 18.21208 38.47187 11.52478 0.03043 41.95739 38.73957 19.42578 12.61425 17.34107 25.07627 30.98382 12.64906 35.85488 21.64912 
1000.0 28.12948 16.54462 26.99522 0.0 11.10789 8.79813 34.42515 13.71379 38.76022 12.25738 38.4415 0.0 22.61968 31.53514 18.95188 17.93419 39.05401 23.17698 41.38834 0.04437 36.38201 9.10886 36.99185 25.8213 8.76866 38.45059 37.56925 39.94544 21.40148 14.27776 
1000.0 19.92726 32.88863 17.11791 0.0 28.02219 13.33599 13.58444 22.53887 9.75007 21.21543 24.86783 0.0 36.4558 19.65137 35.81442 31.4659 23.21613 21.44816 39.2027 0.02738 39.04211 22.01061 16.03203 26.37709 16.59612 34.86181 21.77403 25.75921 22.06281 35.75394 
1000.0 11.2166 29.58872 10.41143 0.0 16.22142 30.65787 40.47725 17.08148 42.27063 32.54057 29.03686 0.0 17.50105 38.13071 23.67881 8.67746 40.91912 24.79197 11.40332 0.03036 26.40244 11.14819 33.46233 39.14411 37.4614 23.10339 22.77713 25.97869 12.62718 35.56196 
1000.0 28.46457 17.23889 24.76211 0.0 32.84482 28.77874 31.50506 22.36222 20.45959 16.39667 13.45958 0.0 28.92728 33.33607 29.93116 37.79102 29.63594 12.74011 14.74 0.02693 13.13162 10.57489 25.5544 15.93252 18.05294 24.98005 30.19717 8.84388 26.76965 11.49719 
1000.0 41.6808 26.65648 10.21781 0.0 10.21011 15.80126 15.28224 35.27141 36.11902 34.61508 35.45882 0.0 19.77438 15.52434 9.78902 12.47359 9.84101 23.60793 35.24594 0.02447 34.38213 19.57944 9.09808 32.73259 19.49699 37.04104 29.90087 27.3331 29.07404 27.88756 
1000.0 27.85996 17.28932 15.87281 0.0 15.31345 34.81642 38.01362 36.1072 40.96277 14.47668 13.86887 0.0 33.6294 25.96218 18.28312 10.11022 18.51265 22.4867 31.1823 0.02311 24.54702 34.24473 31.96691 17.63818 14.86923 36.88781 19.76773 17.72862 12.96406 25.23684 
1000.0 28.31034 40.83219 14.0403 0.0 33.85239 26.70798 20.25222 15.59676 36.18556 30.57014 28.74535 0.0 13.97967 26.36737 33.95676 25.12823 30.45437 35.83471 16.51853 0.03072 20.55314 39.41035 39.9131 14.99909 27.31587 17.72906 41.99358 9.17705 40.72045 12.90538 
