1000.0 1000.0 1000.0 1000.0 1000.0 1000.0 1000.0 1000.0 1000.0 1000.0 1000.0 1000.0 1000.0 1000.0 1000.0 1000.0 1000.0 1000.0 1000.0 1000.0 1000.0 1000.0 1000.0 1000.0 1000.0 1000.0 1000.0 1000.0 1000.0 1000.0 1000.0 
1000.0 12.54903 23.92798 24.13246 0.0 36.1985 26.52766 18.69828 17.06254 21.87452 16.93263 30.4829 0.0 13.99382 22.96057 15.16614 35.98278 9.59924 14.16168 12.06343 0.03987 8.77232 12.50288 11.71497 36.07607 18.49695 33.53463 11.97272 28.58971 29.64963 12.45886 
1000.0 21.20808 23.38222 16.00273 0.0 33.00731 18.78123 34.94901 19.6796 18.65367 34.19681 34.95131 0.0 23.63211 18.97972 20.90159 32.41248 23.82553 12.83143 16.62191 0.041 14.66111 22.36819 24.41222 13.37564 26.54732 25.11903 14.35161 11.50471 36.25006 19.67898 
1000.0 31.73555 38.12743 36.49368 0.0 23.68793 9.47935 21.39153 25.28673 14.27736 25.79543 29.6086 0.0 9.03191 12.16214 35.187 32.01977 12.03857 25.54747 38.2252 0.03669 21.71583 24.61574 11.73115 31.37292 39.00012 21.91384 25.53464 28.60934 14.80713 10.32875 
1000.0 0.0 0.0 0.0 35.7513 0.0 0.0 0.0 0.0 0.0 0.0 0.0 9.95234 0.0 0.0 0.0 0.0 0.0 0.0 0.0 0.0 0.0 0.0 0.0 0.0 0.0 0.0 0.0 0.0 0.0 0.0 
1000.0 28.98108 33.07587 29.87748 0.0 26.30752 13.86023 23.81963 15.10397 8.58482 34.00008 16.36969 0.0 19.43537 22.78602 8.30177 34.67251 22.2914 36.89832 10.73113 0.04175 37.57735 37.87753 11.53297 9.5085 19.68556 28.36396 35.7946 34.61267 35.71202 36.04609 
1000.0 17.58502 27.42404 38.66674 0.0 12.7435 34.77802 37.56331 25.51356 24.94628 21.08814 18.78708 0.0 29.05795 33.85372 12.22315 14.9963 32.21883 18.13638 34.74565 0.03049 14.86849 20.59683 13.41798 10.47943 9.79216 20.44308 17.81931 19.38272 20.55679 21.91633 
1000.0 25.78872 22.25641 26.71791 0.0 17.72144 21.35478 38.94743 11.5611 20.97726 32.8587 15.5208 0.0 13.98611 18.86663 20.32938 17.28186 19.40342 14.90472 30.298 0.02849 10.79094 11.03454 38.86032 34.43715 35.58089 11.30565 16.01638 35.75927 15.84372 36.65812 
1000.0 32.34716 37.3439 25.63025 0.0 29.37507 37.80959 11.95498 10.63556 15.36397 14.82274 17.2291 0.0 11.71081 23.34985 19.62266 32.77055 14.80746 22.78298 13.67392 0.02012 10.20731 37.71329 19.74387 26.10749 34.27516 22.24856 27.41732 38.49382 31.81608 37.47049 
1000.0 31.38051 15.37397 17.88314 0.0 19.39016 24.57219 15.34284 25.07956 12.92819 26.0159 7.89631 0.0 16.34572 18.79823 31.06346 20.47369 7.99867 14.98023 32.13482 0.03409 11.4302 19.86761 18.56086 31.88837 30.75873 9.52549 37.9316 39.30102 9.52257 10.93379 
1000.0 34.27388 31.08737 24.85161 0.0 26.94791 36.4363 10.73946 16.61642 27.52206 32.9925 23.39414 0.0 29.41115 9.73331 18.50791 9.79253 28.9942 17.93771 29.01165 0.02171 26.46846 38.40592 34.30297 24.28834 24.31714 36.23572 14.96694 17.50487 8.25253 19.33077 
1000.0 13.60959 19.72333 10.53334 0.0 27.27431 26.58918 25.10606 23.2164 32.67578 16.14146 26.60503 0.0 29.93711 38.32463 24.827 33.39418 29.61399 14.64048 23.20581 0.02982 26.52772 11.77111 8.68791 24.68589 28.70807 12.07164 17.53859 23.77966 31.19368 24.45631 
1000.0 0.0 0.0 0.0 16.38969 0.0 0.0 0.0 0.0 0.0 0.0 0.0 17.80542 0.0 0.0 0.0 0.0 0.0 0.0 0.0 0.0 0.0 0.0 0.0 0.0 0.0 0.0 0.0 0.0 0.0 0.0 
1000.0 38.92609 25.8137 34.25521 0.0 10.02623 26.46264 29.68228 30.64914 24.98947 18.46058 15.24598 0.0 31.50334 10.99483 31.98868 16.50192 35.57864 12.70017 20.66879 0.02364 10.1969 15.38479 31.96363 20.54471 19.05123 10.67327 20.52183 22.33917 12.48781 13.25076 
1000.0 18.92696 36.99978 9.82481 0.0 32.88811 21.01387 14.66809 37.94696 18.85634 38.58288 13.79921 0.0 18.96798 23.54938 38.13049 21.529 9.75356 12.77186 16.86333 0.01247 34.82012 38.46039 11.68027 30.53566 34.73563 36.60169 8.53959 9.507 34.6619 38.48563 
1000.0 10.81008 16.21537 33.02455 0.0 28.57497 20.02351 37.57467 13.51378 32.10732 33.58226 11.52597 0.0 8.81028 17.69438 32.41164 36.72216 21.16722 34.22988 12.20086 0.01017 11.14436 36.30143 19.31465 21.79866 36.99401 10.17458 10.14403 13.70087 12.61612 17.49106 
1000.0 22.88492 35.88511 28.54702 0.0 34.24147 37.73284 22.00643 8.10133 18.60507 35.77797 22.23689 0.0 28.65145 8.62314 11.04574 8.9722 12.68875 21.64288 9.95576 0.018 34.81019 15.44605 29.45252 22.20426 11.80289 10.57294 38.99357 31.7384 21.61605 32.934 
1000.0 15.9944 19.31407 13.63066 0.0 34.95181 13.81854 39.28157 32.30084 33.58738 37.4207 32.50938 0.0 17.71471 17.17945 28.41002 29.74801 34.72863 20.96235 38.17549 0.01453 15.8109 33.50877 16.90463 36.06299 23.37095 38.04641 29.71462 37.57009 38.15967 32.14042 
1000.0 13.15891 11.38529 26.14575 0.0 13.73982 9.12948 36.26063 34.47927 25.01024 34.25884 17.26765 0.0 21.82954 23.98936 30.14972 27.5693 31.4562 37.20238 13.18204 0.0366 26.98613 31.01936 37.71392 28.83087 9.32238 23.84504 22.71575 23.11117 10.24889 18.80467 
1000.0 27.99876 15.77818 22.38308 0.0 21.53281 15.10274 18.5283 29.57677 19.04435 22.93996 9.52324 0.0 34.30885 27.10353 15.35765 16.0218 10.37389 32.33207 25.90766 0.04093 17.95896 9.98406 21.78101 9.38684 38.19656 23.82414 14.98376 17.14193 17.47068 10.8399 
1000.0 0.13756 0.16121 0.09225 0.0 0.08695 0.11885 0.08052 0.06114 0.12554 0.08958 0.15414 0.0 0.12337 0.07921 0.1493 0.16406 0.07992 0.136 0.13375 25.62001 0.12882 0.13973 0.13984 0.16913 0.09898 0.10747 0.14018 0.109 0.06863 0.07396 
1000.0 8.7379 31.47548 7.90827 0.0 8.86479 27.8839 25.10851 12.57917 8.77458 36.80772 18.92289 0.0 14.66714 17.99652 37.7528 28.00922 33.80347 16.13005 8.12526 0.0417 11.51256 28.29021 35.06467 33.3571 37.11204 12.73056 31.54546 20.55383 22.39854 27.94663 
1000.0 17.87626 19.78968 11.36832 0.0 29.74093 16.58021 16.89039 10.66718 9.40273 11.02115 16.35462 0.0 31.40087 24.97684 32.08535 13.45517 28.35917 38.23088 8.44864 0.04114 15.80345 17.73511 28.10662 9.45198 21.0178 28.79784 9.85234 13.9724 36.02559 23.61535 
1000.0 26.22676 39.04154 33.88715 0.0 17.35692 27.51408 34.53912 33.26196 10.31911 16.45269 37.76804 0.0 8.39268 9.22019 11.55658 36.29852 16.63347 9.2292 8.43412 0.01801 35.78751 17.87326 32.09824 38.18665 30.12261 33.86214 33.86717 25.55116 13.97012 16.30755 
1000.0 16.38667 9.51778 15.89583 0.0 17.55698 20.17324 19.97485 33.69175 13.88736 20.74278 33.27384 0.0 14.02958 34.1163 32.82421 22.66729 31.3393 26.47172 20.15807 0.01178 18.34941 22.33711 13.32213 9.65928 38.25107 8.77405 25.39907 10.33635 11.32457 9.74819 
1000.0 34.14043 27.63491 26.33055 0.0 19.2559 30.41876 11.18747 18.37335 28.72102 19.33092 31.11618 0.0 33.40535 22.57437 30.90435 32.11478 38.91884 37.94412 34.04166 0.01821 18.69612 31.16288 8.91032 12.67473 34.23866 36.19986 16.35119 34.45389 26.09995 17.71734 
1000.0 9.77767 36.30435 33.10756 0.0 15.58154 23.48616 12.86369 22.11817 34.7769 37.70536 17.42203 0.0 30.80175 19.17156 17.44779 39.26739 9.56608 10.21172 21.21618 0.01042 13.92868 31.91216 30.17836 10.47828 23.76574 10.82365 12.26448 38.40289 38.48536 30.383 
1000.0 36.07477 37.9971 34.61174 0.0 24.76702 31.80644 28.74943 17.83406 14.06867 33.29411 29.22804 0.0 8.43928 34.00105 34.52602 38.07802 13.61062 30.86619 14.27043 0.02421 10.35847 13.46107 9.1097 31.73281 36.19116 33.54115 13.06587 29.42294 28.94858 29.24374 
1000.0 16.06335 35.21811 19.04555 0.0 24.97646 18.40156 11.90584 22.19726 18.18342 31.15621 27.83939 0.0 28.34705 12.38868 16.59141 35.97448 29.29492 31.81585 16.91085 0.01309 9.81542 35.92553 10.66954 25.57542 19.40932 22.02269 34.20946 30.55345 34.678 32.04571 
1000.0 19.81789 14.57345 26.54424 0.0 18.55768 10.65928 29.78229 21.19236 37.57278 26.99513 32.82292 0.0 31.27092 30.00483 20.68816 26.99222 23.11745 37.073 24.70879 0.04096 28.4733 34.47961 10.50051 30.12309 36.96648 13.67583 36.15461 17.35288 30.32701 30.34605 
1000.0 38.79892 26.26813 26.90686 0.0 13.39174 20.6128 11.78371 16.48361 30.52844 10.70283 14.18504 0.0 37.00308 20.0821 18.22192 28.20573 13.47269 16.2034 36.75018 0.03872 37.18843 10.11029 32.6658 36.08349 17.28062 15.27883 18.26386 23.56007 20.56796 12.75705 
