1000.0 1000.0 1000.0 1000.0 1000.0 1000.0 1000.0 1000.0 1000.0 1000.0 1000.0 1000.0 1000.0 1000.0 1000.0 1000.0 1000.0 1000.0 1000.0 1000.0 1000.0 1000.0 1000.0 1000.0 1000.0 1000.0 1000.0 1000.0 1000.0 1000.0 1000.0 
1000.0 30.36993 18.53679 23.9212 0.0 19.35497 10.19546 7.93269 22.87744 23.68221 35.38498 15.48011 0.0 33.41596 26.88913 29.33925 25.84951 10.66122 14.70223 21.77515 0.03217 34.98014 8.23678 19.57754 22.16421 28.53065 22.14752 10.34327 18.73855 8.93552 25.55254 
1000.0 9.88663 21.36109 26.59264 0.0 8.33361 16.15419 18.84217 7.53457 23.99161 32.4027 25.89084 0.0 28.57081 34.71822 22.18339 8.12212 26.01233 14.43268 33.08421 0.02489 13.68897 24.06272 8.75732 8.63753 29.68988 12.54455 28.11144 16.2754 24.44325 27.14682 
1000.0 7.67133 9.95771 21.89669 0.0 33.87144 10.4168 25.64653 33.90231 24.89924 8.49551 35.73279 0.0 29.69886 26.7859 7.96676 26.5001 33.02999 33.89393 28.72428 0.01506 15.94564 23.02443 19.3673 13.07528 15.73878 17.99502 8.55089 33.1474 35.49701 13.79384 
1000.0 0.0 0.0 0.0 25.75304 0.0 0.0 0.0 0.0 0.0 0.0 0.0 27.25563 0.0 0.0 0.0 0.0 0.0 0.0 0.0 0.0 0.0 0.0 0.0 0.0 0.0 0.0 0.0 0.0 0.0 0.0 
1000.0 23.46843 21.13362 24.8871 0.0 23.05441 12.34556 31.70293 18.80161 20.28089 16.57347 31.50858 0.0 33.9068 11.60865 10.28834 29.72012 16.94436 14.74233 15.95913 0.01914 7.39028 24.13204 23.59902 10.25723 18.81144 29.66504 12.30984 34.64824 21.79404 19.17509 
1000.0 27.49662 35.02153 23.15703 0.0 18.99202 16.80551 28.73581 32.64429 23.43065 24.66311 11.2287 0.0 25.41807 7.40657 27.35266 12.66933 13.10129 20.3101 30.22284 0.01537 12.92437 14.08403 18.46546 35.40981 30.96785 27.7275 26.38533 22.10374 12.12044 8.57865 
1000.0 13.24422 20.91913 25.23041 0.0 8.37822 14.6862 19.55234 25.91067 9.20424 22.71503 24.92439 0.0 16.14297 15.97064 25.79208 25.74559 35.687 20.64145 30.2343 0.03214 31.13841 11.78899 20.21798 8.43715 13.15952 34.03181 35.17506 14.68476 23.90579 25.1302 
1000.0 18.52368 34.55791 10.38239 0.0 20.93021 28.46759 35.13421 33.87139 10.9158 12.70832 17.89211 0.0 32.80588 23.93061 9.29777 32.86793 21.06194 26.02513 25.50281 0.01803 22.59995 34.04857 14.92247 35.65528 34.24723 32.08291 31.48551 29.14996 24.56031 13.09013 
1000.0 31.30467 12.71848 15.15594 0.0 17.61552 14.95238 12.36636 18.58796 25.24429 16.10976 16.71355 0.0 12.70741 17.07914 7.2482 10.04123 26.30073 23.2525 18.83304 0.01299 13.64001 20.67687 13.53996 30.13803 16.95824 35.3966 19.84249 8.60375 27.51426 18.00413 
1000.0 15.96965 22.97668 21.99685 0.0 15.62625 14.51802 30.81982 28.45213 17.41744 26.19793 19.59653 0.0 33.75595 23.08581 18.80382 16.19509 34.79022 22.56839 20.73167 0.02416 34.71274 29.76742 12.14675 16.13681 7.60822 8.51213 25.06462 10.41212 24.6921 24.06385 
1000.0 13.03128 8.29386 34.79199 0.0 18.41888 8.26987 15.08513 13.74445 8.99882 16.94095 21.74941 0.0 34.31585 13.73677 24.39499 7.51557 18.10182 31.02534 32.89084 0.01283 11.00058 11.58515 31.13047 24.42288 24.73906 25.4579 34.97662 31.66722 15.43203 15.85777 
1000.0 0.0 0.0 0.0 26.89539 0.0 0.0 0.0 0.0 0.0 0.0 0.0 35.27221 0.0 0.0 0.0 0.0 0.0 0.0 0.0 0.0 0.0 0.0 0.0 0.0 0.0 0.0 0.0 0.0 0.0 0.0 
1000.0 18.67342 22.49843 15.72542 0.0 17.54202 34.49955 25.00208 27.06928 19.4874 25.81328 18.55104 0.0 31.85741 26.93566 29.45051 23.67704 13.8826 23.25018 21.54468 0.01334 20.96588 34.4843 18.02034 34.22311 18.07512 9.98237 28.43393 8.39413 7.4629 10.73941 
1000.0 17.10416 9.60507 28.14049 0.0 31.0401 16.19646 8.19836 9.66085 13.51516 25.69157 9.22082 0.0 26.02585 10.11137 28.51991 22.01203 29.7823 23.31788 20.48209 0.01291 19.51607 33.8862 32.62554 30.00001 17.13924 15.29701 25.07567 9.72814 10.1885 22.42354 
1000.0 23.60465 19.50279 32.66225 0.0 25.51959 11.18371 12.07789 35.07038 25.78234 27.71438 20.38284 0.0 22.05021 19.79859 18.33758 33.22585 23.33995 26.43181 33.48306 0.01671 18.97992 29.51503 34.33641 23.32613 35.64283 17.89782 9.60487 10.74423 10.57258 17.15866 
1000.0 22.43958 17.88736 17.77493 0.0 8.78975 10.37596 14.98867 17.68762 25.98326 13.42847 10.20425 0.0 20.88817 14.78043 7.30287 24.19312 16.12816 18.52703 7.67123 0.01014 17.94492 28.26606 32.3718 16.24272 17.43327 22.61709 20.52314 32.83409 20.14655 8.20364 
1000.0 35.26634 35.18841 31.63686 0.0 29.9057 24.68743 30.45727 14.09938 25.39059 22.00575 25.91154 0.0 13.5929 21.73514 20.02352 20.01387 29.43842 20.85963 28.71289 0.02779 21.27865 27.14276 7.18109 18.58817 24.06796 27.53279 21.29104 35.17698 16.43045 27.51329 
1000.0 7.85748 18.91266 27.6288 0.0 27.73261 21.84303 18.13071 28.94188 12.5744 30.57743 16.97877 0.0 7.59267 25.87987 27.19724 21.65575 18.05222 24.63208 23.95436 0.01163 23.4296 30.50135 8.70253 23.2886 33.22757 19.83639 29.44623 18.57687 26.71257 9.01981 
1000.0 29.55847 18.81672 20.64695 0.0 20.91861 19.54451 28.85071 10.88871 22.29791 10.11664 21.97062 0.0 24.62435 10.62389 8.61875 33.8622 32.44456 19.68359 12.04013 0.01751 22.20549 31.79935 34.72965 12.15317 29.26344 32.11211 10.09712 35.64912 7.59147 23.85698 
1000.0 0.15276 0.13606 0.05918 0.0 0.16362 0.05145 0.1245 0.13635 0.14724 0.08568 0.07227 0.0 0.05587 0.10757 0.162 0.1089 0.07197 0.13896 0.10433 11.17536 0.0719 0.04725 0.13033 0.14207 0.11835 0.07116 0.13312 0.09464 0.09093 0.08038 
1000.0 15.83647 15.6398 12.17986 0.0 35.26996 20.73197 30.97633 10.52851 31.88438 31.23383 16.15589 0.0 18.6811 32.38417 16.1809 22.17731 13.07472 31.95406 25.15075 0.03311 19.07655 20.61398 11.89768 17.94081 26.23566 34.42583 12.61787 27.53085 10.56217 33.00835 
1000.0 29.42962 10.87359 21.00114 0.0 31.91364 21.20221 17.43328 7.71894 32.79114 31.53076 33.93583 0.0 28.31919 35.42487 25.52978 27.57103 20.83024 19.19396 23.83233 0.01608 11.29353 28.55662 23.36151 33.37456 33.11639 12.91484 31.88411 34.5949 30.5787 7.49504 
1000.0 10.46215 11.17253 17.17289 0.0 18.98027 16.2099 10.55436 16.65254 22.01402 20.98936 17.13986 0.0 15.97515 8.36235 33.30137 33.37372 12.621 27.62083 17.58481 0.03754 13.61447 18.55257 22.16048 35.25406 18.01717 23.67479 31.14822 22.16732 14.39532 14.05876 
1000.0 35.17486 22.1319 23.23789 0.0 35.69142 26.41083 29.3219 20.32429 32.32455 26.39686 23.57807 0.0 31.25692 11.60417 30.68864 19.78357 9.16496 32.90789 20.48127 0.01733 7.50151 20.46727 32.42117 26.39079 12.48001 26.26075 25.06118 34.60436 17.1118 12.48917 
1000.0 35.47221 15.03742 33.18228 0.0 34.92629 29.08524 14.22464 17.80529 26.23869 29.94406 29.59899 0.0 27.45408 31.6462 29.22365 18.04466 7.92722 28.12167 12.82866 0.01099 21.48004 17.56358 23.32983 35.46614 16.6585 27.62401 12.44267 32.88188 28.90946 7.74207 
1000.0 9.81884 31.53095 24.69871 0.0 23.93273 30.7909 30.52655 20.44177 21.59002 8.80466 28.7036 0.0 21.11057 12.45953 9.50694 27.84727 32.79161 8.30272 31.25759 0.01976 19.55611 10.84043 7.62653 27.85196 12.80681 15.09715 21.44184 20.07209 25.11052 18.43435 
1000.0 22.27832 29.82867 31.07018 0.0 32.00478 12.37485 21.66046 23.71232 22.75384 17.89824 33.91073 0.0 13.89621 20.98787 33.74945 12.00996 22.19542 10.19555 15.34612 0.03385 30.04494 12.34703 21.36233 20.84399 13.45895 23.04333 31.8187 17.12352 17.1646 28.27293 
1000.0 26.88187 27.76055 10.50136 0.0 33.11849 31.34182 29.9671 32.7311 20.0137 15.18471 33.24256 0.0 26.72747 16.49895 22.44233 32.20561 27.88961 10.39263 19.78859 0.01234 11.00426 22.36757 13.16132 7.92031 33.82568 21.84926 35.30643 12.55223 26.54399 30.5079 
1000.0 26.19315 8.18446 11.51811 0.0 30.80311 31.90795 24.13551 10.27709 20.56619 16.9594 29.06156 0.0 14.58412 31.73641 12.48785 16.0349 8.14564 34.00008 16.20463 0.02932 11.63999 27.47431 9.62301 29.53446 15.07197 17.84935 10.5297 33.66734 25.54484 28.79657 
1000.0 26.10494 16.62136 7.89842 0.0 20.53068 35.09883 7.16709 24.00963 11.81082 26.87271 8.04371 0.0 29.81921 7.83954 20.29382 22.7229 11.94468 12.64389 19.63927 0.03127 21.42349 23.27729 8.76312 25.57761 29.55729 12.57678 11.50192 33.99573 24.32575 14.09305 
