1000.0 1000.0 1000.0 1000.0 1000.0 1000.0 1000.0 1000.0 1000.0 1000.0 1000.0 1000.0 1000.0 1000.0 1000.0 1000.0 1000.0 1000.0 1000.0 1000.0 1000.0 1000.0 1000.0 1000.0 1000.0 1000.0 1000.0 1000.0 1000.0 1000.0 1000.0 
1000.0 33.84341 34.73416 45.16632 0.0 44.44342 25.06026 24.92676 34.19722 9.76925 36.86263 35.39331 0.0 37.1716 42.35813 35.35558 43.35036 27.63097 28.61326 38.1907 0.03135 43.85043 34.47298 28.52407 39.8667 25.45227 31.97627 25.94702 32.02166 36.81597 27.10243 
1000.0 47.30528 46.11892 44.80223 0.0 38.44015 15.62148 44.93232 35.38678 44.69571 26.14973 30.29193 0.0 29.72903 45.53092 10.13799 38.81998 43.34244 40.73871 28.41636 0.03888 31.4723 30.76315 15.32488 33.3244 25.67529 27.87036 32.79507 42.70327 24.14621 11.90704 
1000.0 37.70894 18.75013 23.67935 0.0 21.58703 42.88124 24.47236 39.77197 12.32546 12.92494 24.84762 0.0 31.67542 12.1011 21.12447 36.97461 33.37709 26.62028 34.77646 0.03276 33.38461 37.51859 14.19624 46.37225 27.74496 48.1438 31.43474 22.54963 45.77504 27.83631 
1000.0 0.0 0.0 0.0 23.16517 0.0 0.0 0.0 0.0 0.0 0.0 0.0 36.30984 0.0 0.0 0.0 0.0 0.0 0.0 0.0 0.0 0.0 0.0 0.0 0.0 0.0 0.0 0.0 0.0 0.0 0.0 
1000.0 10.85355 13.99207 13.91579 0.0 30.41355 14.07543 24.01864 30.42691 47.30814 12.6792 42.98782 0.0 42.04484 34.97118 28.23915 29.43149 19.55405 38.56411 29.00644 0.01475 29.77577 32.35134 38.22879 32.27812 16.98963 38.48054 23.40683 24.68383 19.90587 45.35886 
1000.0 28.82521 23.80767 11.37733 0.0 33.26827 25.2628 33.93689 29.71913 48.13945 31.43881 20.48278 0.0 42.08307 30.92213 25.3787 37.67094 28.04903 25.17407 44.17602 0.02139 10.72918 43.77433 13.45321 32.82708 35.03736 19.61983 19.35002 14.85877 42.59933 40.10734 
1000.0 37.72957 32.16393 19.19174 0.0 47.43214 33.40625 42.02986 33.07069 42.85557 28.38269 12.0019 0.0 34.82831 20.41077 42.51166 42.29922 10.29757 33.19546 19.08211 0.03554 32.86184 43.02356 31.98702 16.49308 26.46721 28.29544 14.93336 29.14838 23.69723 13.05879 
1000.0 11.5583 23.31586 34.53854 0.0 19.71675 20.48307 36.19655 47.62059 9.99039 34.93437 22.35813 0.0 38.88755 34.93563 33.09055 46.19695 44.71468 45.90447 37.26606 0.02778 11.8385 36.74538 14.36662 10.5524 25.9779 47.29407 38.4204 27.21183 46.51775 33.907 
1000.0 30.10631 40.68389 44.53648 0.0 20.39154 19.26466 42.4748 38.39532 19.42322 12.22772 23.79559 0.0 28.33559 39.68615 44.74985 15.15126 40.66796 41.9352 20.03665 0.04807 42.07505 45.45644 27.68649 33.75584 15.94877 43.4423 48.13355 13.9125 30.82749 29.59282 
1000.0 26.07746 29.26587 15.50875 0.0 15.33371 46.38389 26.18344 14.07125 15.63064 26.11926 16.92599 0.0 47.91892 14.69308 27.03458 31.81258 35.01184 30.19013 43.21295 0.02554 37.95296 16.11396 12.39274 11.76369 21.80006 42.2223 22.40663 23.15396 13.78884 19.23669 
1000.0 46.45411 34.10187 28.67988 0.0 39.0736 43.24797 11.54641 37.24958 38.92901 30.39709 45.02356 0.0 38.89563 16.42104 26.46577 15.98242 14.63324 28.37434 19.39652 0.0148 20.03481 25.61552 16.04899 19.91087 28.31495 37.52914 45.39681 43.96391 22.71794 15.54432 
1000.0 0.0 0.0 0.0 23.65563 0.0 0.0 0.0 0.0 0.0 0.0 0.0 40.76353 0.0 0.0 0.0 0.0 0.0 0.0 0.0 0.0 0.0 0.0 0.0 0.0 0.0 0.0 0.0 0.0 0.0 0.0 
1000.0 33.32422 41.07443 37.43767 0.0 28.22893 13.84461 35.2776 11.44905 27.76702 15.64291 32.85779 0.0 10.76042 47.75428 46.65139 13.9674 32.08277 40.36542 41.1395 0.04445 38.02729 13.93971 20.19611 17.83156 28.25299 10.82785 44.82003 15.11316 35.47196 24.23626 
1000.0 29.01398 41.4977 19.34167 0.0 11.07353 9.84306 27.51476 10.91875 44.25733 12.79699 42.5668 0.0 37.56521 20.22664 46.91685 36.68486 23.6388 10.33516 26.9532 0.04672 39.76148 37.94371 30.99075 41.31187 35.86151 20.68215 33.11391 42.80997 15.35704 27.54513 
1000.0 42.06598 37.31842 41.04851 0.0 20.39677 33.40545 26.45435 41.80531 23.93654 36.81973 46.13781 0.0 22.43245 29.1534 34.6986 34.70641 38.51315 12.24493 47.49614 0.01813 24.60749 18.34349 35.33935 28.80024 13.1683 12.59516 16.73263 12.62268 36.72697 11.77005 
1000.0 25.72941 43.24994 34.32433 0.0 9.88486 30.37505 23.96649 38.99905 32.24292 37.06567 24.02263 0.0 46.1889 13.43883 35.36973 29.48359 35.8892 14.08607 13.84043 0.0382 10.82695 14.0979 34.34282 23.24379 19.31712 17.57735 35.57697 14.64029 35.00004 18.47486 
1000.0 31.53429 22.60283 39.20221 0.0 26.40906 19.9558 43.23067 42.18087 25.50385 42.64778 36.02569 0.0 40.97005 11.11834 46.75939 29.17927 29.98343 39.95197 45.59306 0.04859 15.68687 10.52589 41.48407 43.98833 21.26133 25.46151 33.23695 27.31993 35.61858 15.20278 
1000.0 47.69551 38.98333 17.04622 0.0 29.88792 10.8914 42.01704 33.98477 44.65636 45.66981 24.38245 0.0 11.06263 18.32715 23.41059 29.21602 15.74391 37.11396 31.94746 0.02797 22.72176 21.75385 14.46808 16.44562 47.13593 40.48061 37.45752 33.18679 36.39612 42.36171 
1000.0 48.04547 26.48272 41.42339 0.0 28.54964 29.9687 21.1535 20.29503 29.35443 10.21221 40.09147 0.0 45.80121 11.04509 14.39035 18.92988 19.28272 30.43419 36.95048 0.02835 30.33299 14.09904 10.38252 24.28236 15.72149 26.92854 12.14124 26.16156 24.52636 32.75834 
1000.0 0.15576 0.10178 0.13053 0.0 0.11382 0.1227 0.04713 0.16375 0.13369 0.1048 0.12938 0.0 0.11699 0.04063 0.10398 0.0819 0.15674 0.18143 0.17397 33.13847 0.14212 0.158 0.17517 0.10933 0.17125 0.18329 0.11053 0.12556 0.04304 0.07852 
1000.0 30.06457 20.20163 12.05976 0.0 22.44336 19.66099 43.1994 47.62711 46.81505 13.51996 17.93833 0.0 12.57049 11.70807 39.66164 32.38403 14.43792 36.35792 23.63437 0.03034 39.22764 28.92092 41.33658 15.95976 44.73928 32.67555 21.78022 32.67901 12.43522 22.1423 
1000.0 10.5579 41.35838 45.46602 0.0 33.81636 34.82634 31.41391 23.65256 12.1923 10.91825 27.40817 0.0 40.04985 37.59827 28.61114 21.46191 18.07265 13.42737 17.83645 0.01087 35.39806 46.13591 14.66707 30.99723 22.32317 37.17502 32.8321 41.52527 40.03231 11.00019 
1000.0 15.83259 24.1426 33.0021 0.0 36.89429 26.17663 38.02539 17.68435 20.97897 24.59511 30.00546 0.0 37.89235 31.25068 17.92406 22.0457 21.88334 31.23778 13.97475 0.01287 46.34492 34.09432 36.8415 25.50418 23.03607 23.67584 25.59178 14.37962 35.28512 27.95637 
1000.0 18.64014 32.43438 12.31129 0.0 11.86387 23.22444 15.03829 21.64743 13.76854 11.96494 13.98799 0.0 30.85146 16.29342 48.03776 46.67028 41.15795 16.84805 38.77151 0.03618 24.17589 40.08723 9.81361 19.30047 39.77435 32.77195 47.94184 45.21074 17.27951 15.80921 
1000.0 11.60808 24.30325 26.37868 0.0 42.12319 42.95302 20.88678 10.91798 11.45337 48.22962 44.92869 0.0 44.42615 19.05428 42.34822 34.95396 12.66087 17.99026 15.05503 0.03889 34.95597 33.1906 27.72451 16.30673 24.10132 36.52729 38.78192 42.84167 31.00945 18.86474 
1000.0 27.81889 39.21754 25.88123 0.0 24.76447 13.07821 21.80323 12.35493 47.50246 15.56716 25.33893 0.0 35.44469 20.0362 36.29903 14.04842 30.34622 43.95493 37.13333 0.03682 37.93622 45.02135 11.76337 39.86646 39.22095 16.1754 36.38881 16.37314 14.81683 40.65709 
1000.0 30.67363 47.4112 37.79156 0.0 33.06373 10.28182 29.56724 46.35378 22.94649 30.25021 20.25947 0.0 38.51127 13.52848 18.94681 21.70158 9.87188 14.85744 22.98766 0.0356 43.86066 30.46044 44.30632 10.59791 12.81842 16.65665 25.13719 27.87549 14.01292 35.98094 
1000.0 21.74225 44.1484 47.55594 0.0 11.73734 42.8568 34.03804 37.24998 45.19649 44.07864 46.93142 0.0 44.31526 11.24793 25.36509 22.35188 11.47768 38.13001 43.48813 0.04778 44.30486 24.39311 13.3671 15.43209 23.44527 42.35169 18.38194 12.58414 28.79178 39.71576 
1000.0 27.89059 47.92492 30.16775 0.0 44.1866 18.50341 10.91939 17.29632 38.45261 38.93114 41.01727 0.0 47.64502 22.7465 18.82532 24.2268 31.60763 14.58426 11.9319 0.04065 20.91649 21.03874 10.60232 39.36553 11.74152 21.85861 19.63932 44.65737 20.19881 36.64155 
1000.0 29.02445 46.24581 21.75307 0.0 19.24102 11.75894 21.41448 10.56607 39.15532 38.69631 15.805 0.0 42.83177 34.79973 16.91931 9.84035 10.37456 26.47388 23.19686 0.01696 16.27614 11.07534 39.00563 41.81337 31.90878 44.68022 13.26112 22.86514 35.12203 11.8033 
