1000.0 1000.0 1000.0 1000.0 1000.0 1000.0 1000.0 1000.0 1000.0 1000.0 1000.0 1000.0 1000.0 1000.0 1000.0 1000.0 1000.0 1000.0 1000.0 1000.0 1000.0 1000.0 1000.0 1000.0 1000.0 1000.0 1000.0 1000.0 1000.0 1000.0 1000.0 
1000.0 34.19194 25.09836 16.19457 0.0 11.96069 18.09902 11.16995 32.54636 35.14672 21.7057 35.17284 0.0 13.76766 15.1704 32.59445 41.83066 35.94153 45.40923 17.92022 0.016 15.57728 17.2694 13.27304 40.56995 39.30246 22.1306 12.51988 29.46721 29.72365 15.40505 
1000.0 33.01999 26.17567 42.70045 0.0 34.74372 20.09547 11.19444 36.79419 32.54621 20.42204 10.87366 0.0 19.76634 44.19664 28.22349 20.79839 32.2347 30.63114 12.28461 0.01895 21.21489 30.10319 24.75004 13.90814 38.66678 26.57685 16.97651 9.85485 38.23098 18.36075 
1000.0 9.51697 42.41941 42.28699 0.0 9.1322 41.27487 22.37557 17.41876 12.98583 31.04507 13.835 0.0 43.65038 28.19935 12.09569 31.11205 23.42119 18.1945 18.08112 0.03264 13.63986 36.62988 35.17419 42.34391 18.82577 39.90559 38.43748 12.59254 20.9642 19.12937 
1000.0 0.0 0.0 0.0 29.83317 0.0 0.0 0.0 0.0 0.0 0.0 0.0 36.64107 0.0 0.0 0.0 0.0 0.0 0.0 0.0 0.0 0.0 0.0 0.0 0.0 0.0 0.0 0.0 0.0 0.0 0.0 
1000.0 38.29613 30.40602 24.60033 0.0 34.10454 11.84921 29.19877 22.76289 34.43923 10.73084 11.91652 0.0 26.38922 29.44851 42.21412 25.81689 24.8318 16.70601 44.52419 0.02873 16.7436 35.7587 17.19206 34.54475 44.07291 27.79701 40.73168 29.30445 24.95049 18.763 
1000.0 22.69945 39.60623 42.4857 0.0 23.95276 23.10751 36.59234 21.62336 28.1938 24.5834 42.05749 0.0 42.66053 16.77076 14.90238 42.92679 39.58929 40.37866 23.3011 0.03318 26.97144 23.22551 31.222 14.90849 9.29341 31.10649 20.29472 31.11075 11.61974 23.10753 
1000.0 24.76286 41.58663 38.82549 0.0 43.34209 29.2752 14.40705 33.45365 37.40412 24.49883 33.76149 0.0 16.12594 16.95652 39.69317 37.93876 36.9664 13.58489 36.86998 0.02585 10.39365 9.91324 30.69725 28.10889 9.68095 9.81992 24.20739 30.55301 32.36112 9.18041 
1000.0 21.77684 41.23806 42.63268 0.0 43.78439 15.42592 41.3107 36.04696 17.60811 45.45313 31.86494 0.0 43.35192 39.63701 32.06896 15.41376 45.01751 16.56163 38.27705 0.03583 42.91586 30.58729 25.64632 24.71639 45.38113 20.80832 25.74209 14.27447 31.14203 10.22842 
1000.0 27.34527 37.62076 40.28014 0.0 20.93211 10.80619 43.16494 26.26813 45.48782 24.13419 43.63165 0.0 29.26875 22.05761 11.83225 27.98349 37.45339 21.88023 41.45237 0.02036 39.67714 17.56203 9.65677 34.02039 23.4142 17.44463 10.54406 41.67306 38.54969 17.1641 
1000.0 42.04926 15.06617 13.47089 0.0 26.9177 14.03056 24.88888 15.33074 45.23161 34.14585 23.50672 0.0 23.57961 40.5219 33.51195 41.87051 32.5488 26.77511 42.35541 0.04489 42.62618 17.67972 12.98504 42.78457 35.13495 16.99133 45.10291 15.54676 43.26977 15.35524 
1000.0 23.82936 14.27315 28.77196 0.0 20.71888 42.99456 37.08086 32.73542 27.73897 38.28865 36.8435 0.0 33.09948 44.00899 38.1194 20.81165 27.26066 36.03029 28.42501 0.03569 30.95022 34.41988 31.37596 30.04485 40.58654 27.64476 17.50566 10.10391 24.98389 28.10243 
1000.0 0.0 0.0 0.0 11.52597 0.0 0.0 0.0 0.0 0.0 0.0 0.0 22.5986 0.0 0.0 0.0 0.0 0.0 0.0 0.0 0.0 0.0 0.0 0.0 0.0 0.0 0.0 0.0 0.0 0.0 0.0 
1000.0 22.49294 12.14078 23.16683 0.0 22.67535 14.65899 30.8036 34.02871 25.71592 31.05479 35.43829 0.0 31.66778 15.13536 32.96514 10.31678 20.66971 22.75302 34.33991 0.03282 30.16041 36.69486 43.15056 15.69666 38.34347 40.22469 40.4916 28.44581 17.95145 27.73896 
1000.0 23.13654 19.21812 17.84598 0.0 24.07147 10.04951 25.9437 34.83843 21.17714 30.56281 26.0928 0.0 11.52068 29.83756 10.94015 17.86792 29.23577 25.90069 20.39604 0.02156 26.68942 42.56837 24.56823 40.86484 33.18276 36.35342 17.46179 19.46895 24.52431 40.6756 
1000.0 42.10663 9.60864 43.39267 0.0 24.48817 30.36031 17.54364 39.72769 19.03862 21.63946 44.23278 0.0 36.48117 26.95494 19.46044 40.89161 40.77937 24.27632 43.14679 0.03734 14.46232 42.54222 16.77075 34.81781 19.37915 22.32493 35.50606 28.99668 45.49584 33.86268 
1000.0 12.9212 28.01986 22.84048 0.0 33.93249 45.53793 24.91426 31.54585 22.52727 12.84258 26.48938 0.0 13.3029 17.63448 18.02177 45.4684 33.55308 40.17508 13.20156 0.02009 44.89555 43.94724 34.67529 45.38208 30.19802 13.06475 24.70384 9.79631 20.44309 17.42815 
1000.0 30.81278 43.27993 39.40399 0.0 27.00064 40.28795 18.008 24.78502 36.24165 25.90192 20.88864 0.0 12.05581 27.05797 25.47511 21.28168 16.90714 14.85873 24.18356 0.02655 20.84127 33.42444 12.71496 11.37334 27.76054 38.31461 25.76109 25.71718 28.88142 37.56185 
1000.0 9.29971 37.31438 10.84718 0.0 10.0506 30.09182 42.8523 42.01996 40.17446 16.06527 24.12398 0.0 24.90195 19.34878 14.0478 14.26322 16.08727 18.18189 20.0342 0.02718 23.21103 11.70601 20.59906 33.19301 22.86134 15.792 40.75114 16.317 31.38616 30.88098 
1000.0 37.28817 30.74366 41.09409 0.0 10.33332 41.55215 13.45764 26.75643 15.60577 44.67144 22.5623 0.0 15.87478 19.83293 43.97864 45.12194 32.01135 34.11659 9.25815 0.01194 16.31195 29.67637 32.14891 43.5821 13.82562 41.58635 23.11845 18.38803 36.7622 11.9322 
1000.0 0.11392 0.16642 0.16131 0.0 0.07205 0.10707 0.04044 0.14542 0.13858 0.10616 0.06081 0.0 0.1265 0.10665 0.06211 0.17432 0.13117 0.04821 0.05795 28.10921 0.09816 0.07223 0.1731 0.13763 0.17747 0.06211 0.15845 0.06929 0.05048 0.13107 
1000.0 14.53979 18.29755 16.40903 0.0 16.68637 12.89642 13.98214 20.10276 15.88537 31.13202 43.0259 0.0 24.30961 15.24424 38.70046 35.87134 21.40522 33.35977 30.88937 0.03737 39.07024 30.92769 32.92552 16.89452 18.10174 30.56895 34.00975 26.58772 17.24963 35.20605 
1000.0 44.11249 10.27305 24.12332 0.0 13.38798 10.63461 24.10174 41.7894 44.99386 45.10768 15.27726 0.0 30.32222 21.28694 18.88508 41.64978 42.42964 23.97002 9.60256 0.0306 41.17028 41.01391 17.37432 24.66082 29.39348 39.05173 42.47533 29.77048 14.6303 36.22079 
1000.0 24.8134 9.60225 27.34898 0.0 35.7086 42.89958 42.73507 21.80387 14.60496 28.78509 11.31743 0.0 18.51466 13.20127 19.19835 38.66451 22.38338 27.45492 29.3017 0.01624 13.8911 21.34334 17.52662 39.74894 33.42639 30.11974 19.32096 9.7738 23.44815 28.71746 
1000.0 28.02444 41.29614 19.58859 0.0 32.25788 41.76528 36.36125 25.68038 26.20931 43.44094 14.41119 0.0 24.00358 35.87873 22.08443 37.46544 33.41867 27.1938 36.93418 0.04292 30.58651 18.89985 19.99435 22.33568 32.47872 35.80407 23.78436 27.06571 18.72115 21.5817 
1000.0 42.0243 38.89119 34.11184 0.0 26.72586 16.63371 17.20495 36.07904 38.32435 16.28709 19.75589 0.0 45.16297 42.45912 31.9315 29.19676 25.40265 26.66536 30.40531 0.01968 19.70938 39.383 28.96152 20.3749 24.96098 9.21084 14.32152 34.91523 23.93728 22.17464 
1000.0 27.94042 39.6959 13.1392 0.0 26.00781 24.09733 32.59552 16.46624 32.13979 33.97439 18.25921 0.0 20.1258 18.29084 42.34861 10.89971 44.79869 27.75111 12.19229 0.01575 21.86661 15.28598 24.3832 43.34041 10.47136 20.2438 19.79617 11.73593 18.60735 21.26769 
1000.0 34.30583 33.62607 27.65183 0.0 31.50214 45.17438 35.15798 12.9558 41.41741 35.04056 43.90896 0.0 45.18778 24.65996 12.53828 26.79486 25.55731 42.36295 16.90047 0.02863 41.32196 31.04108 28.76952 41.05923 19.39311 35.21794 42.02792 17.44409 19.60121 10.32704 
1000.0 11.9623 26.88276 11.94576 0.0 11.0451 43.54831 12.93691 37.28049 43.55374 38.58896 40.51182 0.0 28.5178 27.17739 41.66299 21.20006 33.11523 9.65656 11.16833 0.03414 15.02464 42.81504 42.63361 24.06838 40.58686 24.16001 23.81062 18.36484 35.35279 23.33199 
1000.0 38.10307 18.64357 37.89429 0.0 15.76543 26.4284 40.17561 16.24492 35.18051 39.67308 35.55472 0.0 38.4609 25.21282 24.72253 32.59879 37.07208 24.6634 24.18304 0.03063 21.14573 37.18164 11.7807 34.34722 10.51142 36.72315 20.72899 43.6361 23.86899 27.54237 
1000.0 38.49474 25.71173 25.19284 0.0 44.77494 45.54374 41.52518 19.50006 28.14195 14.79579 28.14845 0.0 42.92534 43.21011 36.53397 10.16577 30.71871 40.79661 35.78146 0.01777 27.77195 14.78159 27.20391 38.07927 24.35553 18.09079 45.43763 9.53689 32.39507 35.05038 
