1000.0 1000.0 1000.0 1000.0 1000.0 1000.0 1000.0 1000.0 1000.0 1000.0 1000.0 1000.0 1000.0 1000.0 1000.0 1000.0 1000.0 1000.0 1000.0 1000.0 1000.0 1000.0 1000.0 1000.0 1000.0 1000.0 1000.0 1000.0 1000.0 1000.0 1000.0 
1000.0 17.82956 32.10863 11.30676 0.0 12.37321 48.05125 33.99403 43.23556 40.35833 14.07205 45.52882 0.0 18.49403 30.04407 35.7252 42.277 25.54993 48.40222 17.69488 0.0303 18.24453 33.8896 17.50225 25.38733 14.88606 38.77793 39.83076 23.8291 20.35943 28.45578 
1000.0 24.9831 41.32588 24.43966 0.0 35.76012 18.63691 23.80683 29.10264 10.44953 12.74588 36.69276 0.0 11.58416 31.29239 21.76219 28.67323 31.32088 19.52542 25.7236 0.01601 12.21944 34.16121 36.87122 28.76076 30.07527 28.42164 28.68063 45.03197 25.14015 29.05667 
1000.0 14.1407 21.02083 29.53099 0.0 41.59426 15.3688 28.27654 16.36987 39.42191 24.40168 39.42577 0.0 14.80806 32.14887 24.09302 19.74143 10.38902 29.01276 28.92602 0.03596 23.61932 28.94953 19.15689 42.0911 32.43823 32.44508 12.68848 16.77441 35.91911 38.82042 
1000.0 0.0 0.0 0.0 37.76575 0.0 0.0 0.0 0.0 0.0 0.0 0.0 18.60288 0.0 0.0 0.0 0.0 0.0 0.0 0.0 0.0 0.0 0.0 0.0 0.0 0.0 0.0 0.0 0.0 0.0 0.0 
1000.0 41.6574 26.48296 9.79002 0.0 43.96498 37.47121 24.3259 27.80334 10.49496 42.1429 37.43482 0.0 35.34914 36.50114 21.35386 30.25752 26.42123 42.7468 21.51424 0.04052 41.83145 15.77837 46.87273 13.38936 35.77394 44.11071 12.56599 17.5399 26.15768 12.73732 
1000.0 18.4293 47.94496 35.4077 0.0 10.79978 41.8002 18.73572 32.94535 42.85648 10.67539 33.24598 0.0 41.54211 29.11952 30.02836 19.25252 30.78982 47.08101 39.05766 0.0374 44.47923 22.37099 23.18863 23.99643 30.65844 43.79516 42.7014 38.26333 29.90483 47.72948 
1000.0 31.17665 33.50347 11.76079 0.0 38.41358 13.84437 15.49029 36.12581 32.69247 14.40985 22.1759 0.0 40.9422 35.08674 22.43067 30.28591 12.64924 29.24492 32.7198 0.0223 25.09488 46.56762 15.35733 27.57017 21.3669 27.10161 44.79266 39.78737 27.22976 36.09756 
1000.0 19.22618 44.76038 31.52633 0.0 18.91075 24.65885 40.81289 13.47739 38.48435 27.80385 22.67498 0.0 26.95729 29.33906 47.84956 15.54616 38.11677 46.20818 19.13677 0.03712 44.53629 22.77989 23.02656 34.47706 34.51346 34.21026 43.69911 33.00351 42.42068 45.95247 
1000.0 17.94543 33.05048 25.29875 0.0 28.84462 42.08121 45.53123 27.61956 28.08957 14.1142 11.16073 0.0 34.92028 42.4738 27.85557 19.24318 14.68167 22.08135 44.29648 0.01054 22.52861 42.80604 36.0072 36.12165 28.01887 47.93627 47.49793 11.29643 30.05849 16.66649 
1000.0 12.95011 10.98744 24.72948 0.0 31.02407 39.4568 18.03897 46.6699 22.93728 34.13653 24.62231 0.0 27.45086 14.08008 19.90219 33.95715 46.56697 36.90795 17.09488 0.03142 36.37637 24.05555 43.68749 46.41922 39.24619 14.33916 14.02778 31.05017 14.375 35.45091 
1000.0 33.98595 32.36058 43.88718 0.0 21.89351 20.80786 36.87372 39.89919 48.47016 24.02902 20.2882 0.0 16.44625 13.04524 21.29821 23.9156 12.38955 19.72365 26.66384 0.03541 42.82455 23.73981 38.19536 16.93011 17.54276 28.62701 32.64609 17.45553 24.89434 31.10508 
1000.0 0.0 0.0 0.0 23.31236 0.0 0.0 0.0 0.0 0.0 0.0 0.0 17.53357 0.0 0.0 0.0 0.0 0.0 0.0 0.0 0.0 0.0 0.0 0.0 0.0 0.0 0.0 0.0 0.0 0.0 0.0 
1000.0 37.45942 13.37367 16.32021 0.0 30.99449 42.02361 22.06918 15.90736 15.22063 19.728 42.47271 0.0 26.5273 48.46614 42.9711 18.70489 19.63849 34.26067 32.60298 0.01996 33.10361 34.68925 38.27772 12.69318 47.77874 12.96526 44.5429 21.08989 28.23455 33.86337 
1000.0 12.43672 20.226 34.53371 0.0 10.51285 40.09012 35.47653 27.37636 23.42557 40.73114 17.29841 0.0 29.80846 32.67517 44.98453 13.50535 28.46784 13.32096 33.06833 0.02654 13.10558 42.10222 16.31569 47.11553 29.38838 46.06822 10.43616 46.81281 39.39189 45.8179 
1000.0 39.31984 31.64065 29.77787 0.0 31.91188 14.60062 26.27044 47.23494 16.55282 38.9259 40.60933 0.0 17.01913 42.11085 30.81076 27.99299 15.34432 14.16206 45.59137 0.04205 21.62441 12.47762 22.76352 12.8565 14.41057 33.31271 46.99471 20.59832 12.34989 33.84484 
1000.0 44.04352 12.32928 39.53303 0.0 24.34218 19.81051 25.07509 37.35475 33.22796 23.82937 19.71226 0.0 18.24964 44.59185 9.75515 43.21288 44.37887 33.40715 12.85081 0.04903 20.73976 41.18951 34.66585 14.03377 37.83334 31.50178 18.73427 39.69455 14.4854 40.48182 
1000.0 17.09951 15.48131 42.54662 0.0 18.43903 20.71486 36.98129 28.8308 12.99064 17.42368 19.28792 0.0 29.74388 31.6652 15.55646 27.26103 15.10935 33.3731 23.396 0.0286 21.95866 16.02414 35.814 34.21803 43.54922 23.89488 28.11763 32.4637 14.697 38.07738 
1000.0 15.84043 35.58442 42.37752 0.0 11.40656 44.58218 15.18084 19.26808 20.14031 14.94754 15.15325 0.0 15.17505 23.27463 34.78967 40.80569 39.40834 29.55859 25.47874 0.04669 22.36036 45.80092 34.59271 12.40331 19.21157 16.38173 30.2345 36.63949 42.47027 25.1559 
1000.0 15.60861 23.87145 30.66209 0.0 43.72653 10.43445 42.17028 23.81372 45.32516 45.55005 29.55213 0.0 34.4561 41.32537 35.36794 35.26528 17.83512 25.05313 35.51154 0.02827 42.89393 31.62299 46.05527 34.86941 32.18706 13.4225 34.81758 41.31105 38.93192 29.0685 
1000.0 0.10908 0.09262 0.06572 0.0 0.10087 0.15092 0.05086 0.15773 0.17196 0.13144 0.18284 0.0 0.08619 0.18133 0.1692 0.17333 0.16381 0.07092 0.07084 34.57341 0.13403 0.05361 0.10389 0.10374 0.12311 0.07025 0.13251 0.04999 0.15153 0.15124 
1000.0 27.09196 44.66087 20.85763 0.0 22.65572 39.03941 18.03739 19.35754 47.75322 22.94753 30.22601 0.0 43.02129 17.55071 36.72029 36.52456 10.43577 29.17838 11.73527 0.04504 18.03354 39.86632 20.42497 25.62486 24.97636 42.16048 12.51423 26.21235 40.90102 46.12 
1000.0 26.96765 14.99721 9.86396 0.0 20.75877 12.81428 10.10537 10.13497 29.99462 47.02113 15.1201 0.0 48.40126 35.55871 18.09627 18.75623 39.60059 32.74878 25.78596 0.04406 20.40753 38.12873 26.44396 46.91917 17.7939 20.64846 27.63866 22.34266 13.81975 42.66572 
1000.0 29.74184 26.02855 21.44898 0.0 12.95804 48.30181 34.60641 14.52511 33.86842 33.65152 19.21642 0.0 46.62155 30.01895 18.56171 35.01046 21.33737 13.08918 16.32232 0.04669 34.46038 34.54096 42.85507 17.86862 32.29573 19.86495 42.82407 45.34669 12.55862 40.84903 
1000.0 41.28497 29.29565 31.65711 0.0 41.71806 47.42325 42.1697 45.81508 43.8298 36.38239 34.74442 0.0 17.23399 37.47836 28.65765 35.48339 15.10238 30.78154 15.33394 0.01724 32.54688 32.26053 43.68139 28.39965 46.51899 46.65474 46.1538 39.58292 35.75832 16.50908 
1000.0 12.58736 15.26448 41.51875 0.0 37.18412 48.055 28.86157 34.31317 19.60835 29.3395 32.57677 0.0 42.21278 41.10207 25.59146 42.67138 43.52188 39.96191 15.45168 0.04559 14.59409 19.85027 33.29384 12.61035 43.92561 20.18306 26.83764 46.77557 33.13369 23.52029 
1000.0 42.37205 32.52987 34.60594 0.0 30.02127 25.19973 31.88181 37.24142 28.90443 26.23298 37.3925 0.0 38.90518 14.10731 27.06254 29.79431 16.56506 18.5022 46.15178 0.0358 25.70691 23.47678 37.59458 36.83881 13.06712 18.18804 34.49221 11.99465 37.02168 31.28062 
1000.0 14.59403 25.28228 34.84647 0.0 21.04528 37.39062 34.1744 38.19049 16.03075 38.37218 35.03197 0.0 23.73353 16.35467 10.24341 46.742 32.78455 31.46679 47.41838 0.02178 24.60402 33.23184 14.02716 24.73118 45.76063 9.97961 39.18938 18.75713 28.86785 15.8512 
1000.0 22.74629 35.59659 31.61788 0.0 35.15838 42.93048 31.78729 14.34222 45.85945 10.61833 40.66872 0.0 28.22807 44.97592 24.17964 28.25873 45.96887 29.13322 24.96338 0.01652 46.18639 31.01625 26.24395 28.00515 42.83642 13.75555 11.41476 15.43368 21.26592 10.95148 
1000.0 15.24796 30.61166 42.78195 0.0 44.75991 11.97413 42.39981 21.67164 39.07127 26.2519 41.3862 0.0 11.83998 29.22534 19.79866 30.13899 45.40055 43.97881 31.7728 0.04105 47.35103 10.91471 23.79686 29.85373 31.66901 37.82718 37.76877 34.30336 46.47634 18.39517 
1000.0 17.86951 26.80617 30.02002 0.0 16.75983 24.77203 27.66168 48.11043 47.7795 15.34592 17.88783 0.0 31.21378 29.25385 19.76036 42.04063 19.71137 24.93506 15.7691 0.01119 43.96462 46.86332 24.53666 18.4075 26.57178 33.6977 24.38993 10.47073 30.94456 34.87595 
