1000.0 1000.0 1000.0 1000.0 1000.0 1000.0 1000.0 1000.0 1000.0 1000.0 1000.0 1000.0 1000.0 1000.0 1000.0 1000.0 1000.0 1000.0 1000.0 1000.0 1000.0 1000.0 1000.0 1000.0 1000.0 1000.0 1000.0 1000.0 1000.0 1000.0 1000.0 
1000.0 13.56118 25.01534 8.04126 0.0 11.34215 29.18076 10.71919 27.19469 18.1353 20.10705 15.30796 0.0 28.36919 12.85044 18.31121 11.22512 26.06321 16.16752 10.24313 0.03362 32.01292 18.62935 22.64297 27.12911 26.58611 14.75608 22.70926 17.94774 11.75987 7.77283 
1000.0 8.37805 17.38727 30.2589 0.0 20.25764 12.97071 21.2171 7.38226 17.05584 23.00591 9.52171 0.0 22.93697 15.39878 19.69858 30.78374 8.80546 11.46502 25.17387 0.01332 15.86573 11.34851 19.10808 11.79152 11.87757 29.83797 10.55156 26.81229 12.46512 23.57523 
1000.0 25.77065 25.89716 6.96926 0.0 25.93419 13.47874 14.04624 23.8161 12.65341 20.03904 13.51807 0.0 29.27738 15.22215 21.66485 11.46023 19.98756 14.53503 31.7992 0.0325 17.50842 19.95817 12.46299 24.63502 14.16948 29.61991 18.26948 12.667 20.84676 22.39398 
1000.0 0.0 0.0 0.0 22.41424 0.0 0.0 0.0 0.0 0.0 0.0 0.0 20.71663 0.0 0.0 0.0 0.0 0.0 0.0 0.0 0.0 0.0 0.0 0.0 0.0 0.0 0.0 0.0 0.0 0.0 0.0 
1000.0 19.07348 7.69967 26.97421 0.0 20.82602 24.78937 13.59141 28.88623 18.78798 14.99331 8.22802 0.0 19.43586 13.4573 24.14673 11.99588 14.37754 30.23035 25.67319 0.03761 16.51023 7.85174 15.60427 17.40614 18.86815 29.24315 11.74664 7.93039 28.54799 17.81868 
1000.0 27.13992 17.9522 22.59717 0.0 12.45813 27.05188 24.47183 16.81723 29.10946 17.60838 7.88028 0.0 18.57958 27.94738 15.75591 12.63926 29.63029 21.76787 10.46867 0.02166 6.64343 18.54493 14.0529 13.71599 26.87977 29.57212 11.02042 29.29466 20.34286 9.71371 
1000.0 22.95378 16.94179 25.20165 0.0 15.82466 10.32664 11.90304 20.85358 24.31469 11.37493 20.1328 0.0 27.64303 6.81084 25.53344 26.74297 22.96028 29.68698 24.92684 0.035 20.26822 12.83574 16.86386 19.73313 12.96965 20.8161 26.45913 12.88559 7.01055 6.85901 
1000.0 27.30147 28.2535 15.91797 0.0 18.5177 28.22419 28.09301 9.848 18.07259 29.7201 9.48652 0.0 15.07364 27.78063 25.58546 32.1414 21.92928 26.96229 15.51962 0.04 12.3727 31.77735 28.27835 9.35707 12.12094 30.35655 18.48515 16.41329 8.69554 25.58736 
1000.0 8.80207 22.09171 17.51715 0.0 13.99406 31.18942 11.61409 21.33164 21.90756 18.65871 29.25439 0.0 27.0924 14.18145 12.66401 12.95565 23.86215 10.67428 13.19382 0.0101 7.09695 26.65871 20.53736 29.74477 8.28325 7.13677 11.46716 21.27282 31.81082 27.27884 
1000.0 30.49307 23.73168 12.43604 0.0 14.08284 16.7559 29.30022 7.75379 21.65437 24.23598 14.54136 0.0 15.30904 29.14603 13.60402 13.54359 8.8458 9.95575 19.57725 0.03238 21.73427 12.89928 27.32348 29.9857 19.3266 8.47346 21.76573 26.95288 24.39376 29.76701 
1000.0 7.2477 7.88289 22.12307 0.0 18.25175 26.18589 15.4277 22.09378 22.31081 22.48341 8.38377 0.0 22.97949 10.46695 13.32263 11.13042 21.16683 27.95541 20.15555 0.02984 7.9639 16.94103 27.62817 26.60939 20.44214 24.52907 30.45798 11.15621 6.49897 23.66091 
1000.0 0.0 0.0 0.0 17.97905 0.0 0.0 0.0 0.0 0.0 0.0 0.0 7.19334 0.0 0.0 0.0 0.0 0.0 0.0 0.0 0.0 0.0 0.0 0.0 0.0 0.0 0.0 0.0 0.0 0.0 0.0 
1000.0 31.0936 31.05123 21.51162 0.0 8.42945 16.34141 27.4746 15.52173 21.18807 10.88 31.82317 0.0 8.68217 9.18279 7.37878 22.75605 26.79312 16.29806 23.03056 0.03688 23.43547 8.348 29.30107 25.10928 19.1163 28.4804 9.83278 11.88419 21.83245 20.23042 
1000.0 18.95356 16.24993 22.4355 0.0 9.31146 28.90782 19.03177 28.52096 12.13375 16.67468 27.54408 0.0 28.6068 9.31934 15.77186 26.05478 29.4918 16.52294 31.123 0.00893 27.86135 27.50041 29.42936 19.76542 11.74734 29.75273 29.8993 7.69506 18.2547 10.26024 
1000.0 8.80081 6.45036 28.34658 0.0 31.65882 31.3647 14.54533 23.26087 10.49661 19.69509 27.66344 0.0 24.37747 30.91832 16.56494 12.67428 7.09601 25.35722 22.56254 0.02333 22.31608 10.59042 8.13627 17.93387 16.14596 21.778 30.34043 9.45908 11.03057 27.31648 
1000.0 13.66146 29.92858 29.84828 0.0 21.16341 11.77749 27.44282 10.70139 12.51597 12.11064 9.35258 0.0 15.64276 15.82543 14.6722 14.88397 14.76051 25.22536 10.57419 0.01577 18.44495 22.40028 24.7012 10.24716 16.2015 9.35723 25.17981 25.09017 29.00367 11.9482 
1000.0 7.81688 13.29267 8.27011 0.0 10.09586 12.47878 18.88406 31.92803 28.94105 24.97218 10.34785 0.0 31.54475 10.02461 14.37627 8.17708 10.03173 18.2494 18.91359 0.02264 10.7432 26.27796 12.6516 15.6634 11.37441 14.36958 24.89596 13.08572 15.18422 19.4468 
1000.0 13.48985 22.10276 15.62131 0.0 31.1332 21.42723 24.41641 9.86931 25.43797 22.9664 19.98481 0.0 19.22752 20.39224 31.48327 25.56852 21.92549 12.37942 30.36185 0.03955 28.29965 31.08648 21.13743 24.67929 6.68048 16.75331 31.57384 16.82386 28.97071 13.54089 
1000.0 20.7621 8.03831 20.02049 0.0 20.60965 13.58551 6.8334 31.28495 14.56206 29.89297 22.71347 0.0 21.01326 27.69101 24.62497 9.79132 8.39041 15.44799 28.67265 0.02232 20.09764 17.03353 8.27427 15.47901 15.40117 19.26019 8.84462 26.32329 27.44504 27.71046 
1000.0 0.12876 0.09568 0.09994 0.0 0.07021 0.12018 0.1002 0.13225 0.07584 0.07524 0.11676 0.0 0.09505 0.03345 0.12886 0.06402 0.1169 0.15684 0.06739 8.48948 0.05527 0.09124 0.07425 0.05613 0.1042 0.0624 0.07747 0.112 0.0609 0.05405 
1000.0 28.92702 19.42275 21.25119 0.0 17.65494 9.45808 9.68415 15.18422 12.31305 17.30331 14.76434 0.0 26.43367 31.27702 7.77413 21.46022 18.98962 12.223 12.00141 0.02418 13.80016 27.0719 23.7553 24.34351 30.42399 15.56786 20.68825 13.99333 29.87196 15.00377 
1000.0 25.11616 11.28713 12.05977 0.0 27.68799 29.16214 15.94968 29.60181 20.37374 28.91549 23.39253 0.0 17.4102 30.19705 22.44151 13.90966 12.23927 28.29578 11.57324 0.03749 8.31108 16.11781 29.71538 31.02355 8.92935 12.72708 31.24144 12.6969 10.94095 6.59654 
1000.0 16.2256 11.16162 6.93109 0.0 14.45192 16.39674 20.86232 11.70381 21.74599 20.18717 15.41324 0.0 12.28684 14.6067 19.54439 19.50389 27.87847 28.09282 9.39626 0.01909 24.53354 10.34546 19.84443 27.42173 14.84726 28.6014 8.25679 28.7931 27.72038 6.54748 
1000.0 23.64517 27.04898 11.60286 0.0 28.50465 27.95109 21.38709 17.1628 14.4017 11.47601 20.24793 0.0 22.76224 10.20814 29.67484 31.12251 12.00867 9.56866 27.52628 0.01805 9.43909 16.3316 21.98615 17.64942 30.99491 25.44384 8.71697 16.23226 25.00731 18.93943 
1000.0 30.02459 11.74761 27.93063 0.0 12.85642 17.16145 10.27009 31.42925 9.10752 24.73921 9.93074 0.0 24.11027 17.89119 28.98983 18.72643 28.53198 22.06431 20.85524 0.0207 10.64452 25.88741 23.56387 31.63 25.26217 6.72198 30.60064 29.1579 20.80751 28.80277 
1000.0 21.73991 6.47869 28.2141 0.0 25.49853 25.14893 11.87637 12.85948 23.84867 23.17353 7.86001 0.0 13.37333 19.26961 22.85802 14.2485 17.36559 20.36982 25.71281 0.02685 31.77488 13.21189 14.52254 31.84274 7.42274 29.76019 9.14809 10.90359 24.03915 15.32128 
1000.0 27.86469 15.26759 8.14822 0.0 7.87213 12.07101 27.14958 11.82186 14.36968 12.36702 22.66879 0.0 28.29409 25.31957 13.92823 12.63158 16.67317 23.64077 17.74075 0.01 12.21928 8.67899 11.84464 13.93923 9.49472 32.12246 6.78125 21.02427 14.8898 13.76664 
1000.0 11.16972 22.44896 13.73063 0.0 30.76909 11.96846 15.51401 31.40405 19.80643 9.29534 12.18387 0.0 29.41726 23.09477 9.42139 19.67791 13.9643 12.26326 13.70605 0.01546 14.71013 11.15501 15.94211 21.15809 12.04596 30.71481 30.36834 19.84246 25.29727 7.38861 
1000.0 20.60171 26.63985 23.62633 0.0 14.40245 19.79234 7.20429 6.90407 9.99947 6.82361 31.96355 0.0 31.59606 18.14976 24.12158 9.307 13.80534 15.46153 24.26202 0.01166 7.03659 30.31311 11.06706 14.10749 31.69837 25.32443 28.69237 6.94557 9.71921 17.54548 
1000.0 19.81419 10.14083 10.01305 0.0 22.97325 26.89161 21.40016 26.0989 8.59775 21.69553 28.19362 0.0 22.52239 18.01424 23.40202 11.84377 7.42744 13.45991 12.67478 0.03661 13.63486 11.8616 7.18472 20.6266 18.7247 26.02107 27.49558 28.44929 28.79911 18.00932 
