1000.0 1000.0 1000.0 1000.0 1000.0 1000.0 1000.0 1000.0 1000.0 1000.0 1000.0 1000.0 1000.0 1000.0 1000.0 1000.0 1000.0 1000.0 1000.0 1000.0 1000.0 1000.0 1000.0 1000.0 1000.0 1000.0 1000.0 1000.0 1000.0 1000.0 1000.0 
1000.0 9.32648 30.53064 11.94333 0.0 36.3743 19.66005 35.33666 21.21175 31.52526 9.32386 20.27882 0.0 32.5181 18.60881 17.69018 18.11171 25.67229 15.96126 35.53359 0.01456 10.50547 9.93547 19.94637 36.06402 15.48691 15.19426 23.00269 12.394 8.73523 23.44006 
1000.0 14.30775 9.2973 11.25073 0.0 25.10732 11.97428 33.99521 8.40438 23.35465 27.99235 35.9077 0.0 10.05244 37.41564 35.93955 21.10669 33.82839 36.51502 12.368 0.00973 14.43729 16.5236 10.73196 18.22737 22.63297 18.35249 25.99634 14.7694 24.99973 26.06398 
1000.0 28.74358 22.02072 18.91603 0.0 15.9654 17.08194 10.00922 27.41692 29.74507 18.73458 12.82888 0.0 14.73479 30.18546 7.97071 19.42139 23.16283 36.69491 13.0795 0.04424 39.19462 26.62943 14.98531 10.44357 11.50401 26.58481 31.57629 10.57175 23.77127 28.21996 
1000.0 0.0 0.0 0.0 14.98735 0.0 0.0 0.0 0.0 0.0 0.0 0.0 20.88961 0.0 0.0 0.0 0.0 0.0 0.0 0.0 0.0 0.0 0.0 0.0 0.0 0.0 0.0 0.0 0.0 0.0 0.0 
1000.0 37.76645 28.65602 10.10861 0.0 33.1025 21.05609 27.65145 18.42495 20.30835 33.76174 9.45317 0.0 30.30418 20.08649 19.75724 35.52528 34.66413 12.01243 14.32957 0.01277 9.25505 13.36967 34.1549 20.66277 32.08722 25.06018 27.45719 20.90657 14.92392 35.3579 
1000.0 14.42217 38.79301 28.3785 0.0 27.78446 27.29698 10.89453 13.28312 31.00077 27.13109 26.59585 0.0 31.54349 38.24588 18.34491 36.93551 29.21786 32.72989 20.58421 0.02215 35.62901 19.77781 39.1179 8.9966 27.71216 14.97061 9.60636 25.41858 23.34998 33.51871 
1000.0 8.67787 18.98898 17.21056 0.0 27.81521 12.26842 23.46063 33.36089 35.89623 24.0534 31.56446 0.0 15.95478 27.58959 38.25302 24.68726 34.34694 32.61888 20.83381 0.01922 39.10526 37.00648 23.16101 18.20713 33.17815 12.19317 26.62251 18.53111 17.66358 28.8692 
1000.0 33.14183 8.61625 11.14035 0.0 22.52783 13.43436 25.88152 38.17499 31.49694 28.37814 11.97058 0.0 30.04351 34.35835 31.7984 33.24173 16.71803 28.33926 29.98103 0.03121 26.23384 37.78385 12.09778 12.15006 10.85995 32.70786 25.22805 30.52427 16.04249 22.40744 
1000.0 16.33695 31.7345 30.83281 0.0 38.92555 37.38487 19.20461 28.17864 24.42381 32.05074 28.02265 0.0 12.20743 33.56976 27.52884 31.63414 27.49801 29.9462 8.90242 0.04433 35.9363 31.95885 8.3663 35.16527 19.08546 10.07541 30.4639 17.90467 28.02953 33.52293 
1000.0 39.31856 15.39569 8.4016 0.0 27.26126 14.51378 25.9308 14.84153 13.29059 33.39883 32.25019 0.0 23.58812 16.43574 10.01583 25.4732 37.00033 10.52469 19.4202 0.0089 22.2469 23.05165 26.4322 24.40692 16.34229 19.88813 9.29312 27.08202 10.92565 27.34758 
1000.0 26.57811 16.81101 38.18905 0.0 20.47638 34.88876 38.69315 11.19661 35.88714 19.80936 20.9929 0.0 10.63659 24.99594 24.85076 26.64106 37.71504 23.53122 13.37659 0.0253 28.59908 12.67283 15.65419 26.50856 9.45826 12.15886 34.63063 12.48951 22.42955 19.57855 
1000.0 0.0 0.0 0.0 14.01844 0.0 0.0 0.0 0.0 0.0 0.0 0.0 18.94752 0.0 0.0 0.0 0.0 0.0 0.0 0.0 0.0 0.0 0.0 0.0 0.0 0.0 0.0 0.0 0.0 0.0 0.0 
1000.0 14.73326 32.03993 25.16797 0.0 23.71164 32.95871 17.04867 16.57271 38.17451 20.89384 10.58266 0.0 16.78705 12.75318 32.71602 37.58859 10.20022 26.30272 16.51784 0.01656 15.40177 39.07499 28.66379 19.58351 14.81277 19.17441 18.77738 20.54878 8.97355 31.4625 
1000.0 11.59955 39.33816 20.43159 0.0 19.13921 25.02974 32.41855 10.43037 16.3474 17.03132 20.84365 0.0 36.93186 11.09168 37.6221 19.42096 34.42318 11.85403 9.06492 0.02878 20.01662 12.48151 19.20953 26.43201 29.39645 35.05641 18.22728 8.21376 20.17046 26.27443 
1000.0 17.82976 35.49936 18.0288 0.0 9.63183 29.56408 24.71185 35.79192 8.58946 8.81272 31.24438 0.0 14.05105 37.19788 17.88585 20.20964 14.40439 14.77429 20.80222 0.01723 39.00122 20.48246 10.23025 15.55233 25.48508 22.54809 13.90885 36.91933 31.56222 15.46806 
1000.0 16.05841 12.54066 23.67848 0.0 9.65359 19.81132 21.18739 24.89039 15.51723 21.54443 18.97576 0.0 14.47531 17.6362 11.96379 9.61595 28.7736 10.5864 26.78888 0.01414 21.16438 16.13131 27.18476 15.66449 35.51633 37.36093 9.40023 23.6839 12.33296 33.37455 
1000.0 17.94705 11.90098 29.14891 0.0 12.60931 26.04951 32.68001 35.60945 23.5426 38.36752 35.54408 0.0 8.46103 34.69127 21.33484 33.49729 33.20868 25.1506 36.63517 0.03549 10.69761 28.79007 24.10808 13.43017 10.47925 31.16672 10.10591 16.79415 8.50635 35.01107 
1000.0 35.56518 24.40963 36.42366 0.0 11.19993 11.99745 36.4895 33.58102 38.9412 19.57078 10.4133 0.0 33.46729 14.67047 29.64134 17.15352 23.8968 16.21931 26.55766 0.02362 13.94583 17.42928 11.07692 31.79001 22.7106 30.9937 18.15442 30.59961 36.78205 37.12033 
1000.0 10.0094 19.97985 13.2469 0.0 12.27886 10.71419 23.91324 14.04788 34.1471 30.49218 12.89954 0.0 22.06938 14.79931 19.16191 20.49535 16.91545 26.23776 19.20039 0.0159 10.43622 37.86797 9.89009 12.83378 8.05131 23.82623 31.03624 31.40435 8.5396 12.2975 
1000.0 0.071 0.12844 0.16324 0.0 0.0732 0.03855 0.06985 0.17423 0.06542 0.16744 0.04388 0.0 0.10412 0.07324 0.13833 0.16803 0.06781 0.06592 0.09757 13.62077 0.04997 0.11943 0.07173 0.04199 0.07085 0.14053 0.07533 0.06755 0.1158 0.15986 
1000.0 36.86388 32.15386 29.10904 0.0 15.02385 24.98746 34.86533 37.83694 24.07692 24.98225 30.59133 0.0 18.51815 7.91596 11.04529 31.7161 15.43818 20.80401 28.30223 0.02493 22.06399 26.96853 28.3163 34.66795 34.44988 8.93521 16.5302 9.68493 11.44097 15.56672 
1000.0 31.58151 39.25322 29.42766 0.0 29.42333 11.82513 8.27224 31.02921 32.88739 26.95229 8.4672 0.0 14.13116 21.99816 21.69268 35.96827 28.81625 31.06539 13.87216 0.01807 29.01252 8.05873 17.59109 23.49596 26.94469 36.80307 37.60316 11.02449 15.61792 33.80234 
1000.0 36.27517 12.08723 27.76834 0.0 31.24305 22.08732 38.08239 17.06466 13.59459 9.23627 22.21936 0.0 15.54567 35.82407 29.92911 29.26252 27.92565 34.95874 23.03345 0.01523 8.54503 9.4202 11.32607 36.38718 34.8486 32.76235 21.75984 33.64753 32.19818 30.55213 
1000.0 28.62221 10.90687 15.47629 0.0 16.13207 13.11801 8.57067 26.26169 37.34921 14.66411 11.14615 0.0 18.32974 33.27964 25.76569 34.9738 19.27395 20.05419 16.87057 0.03948 18.04206 31.85788 8.82023 25.74787 35.03344 8.75823 28.31757 33.9412 22.95512 9.66531 
1000.0 24.46643 19.02409 23.83743 0.0 10.53598 24.24364 11.08004 24.28405 21.91653 26.73535 29.82022 0.0 30.35915 10.86008 18.73923 19.76087 18.02573 11.28326 17.47911 0.02655 27.19257 16.12592 32.28483 28.04717 27.95274 27.51914 20.24671 25.97511 31.40803 19.6072 
1000.0 15.21827 23.54825 11.07242 0.0 38.35292 35.12145 36.45083 8.36353 16.59675 17.54433 24.80983 0.0 22.67391 11.31576 20.38112 30.59527 27.60317 14.82473 12.49694 0.03567 9.51591 11.58427 33.17722 28.74864 8.32265 10.2381 15.24996 15.53804 23.30924 25.5039 
1000.0 31.06449 20.53689 28.07981 0.0 19.81885 21.19064 9.5331 12.14143 29.62821 27.33502 29.13362 0.0 14.02451 20.54197 31.9382 24.22866 24.11091 30.04483 35.37584 0.03228 12.91371 34.47663 8.45514 9.25792 33.29726 14.93332 13.20595 35.46248 22.18372 16.93117 
1000.0 11.14956 38.84798 27.4006 0.0 32.83078 8.7968 34.33501 15.88324 14.36822 15.47153 20.57682 0.0 38.13244 7.90668 32.53032 28.38535 34.95929 34.67797 23.50058 0.03961 12.95905 38.93739 23.20123 21.73189 26.48212 11.31824 18.27972 36.83863 30.4033 18.50167 
1000.0 32.60269 14.69692 9.86895 0.0 29.03172 19.0475 33.93391 37.42815 22.80205 12.62728 36.96751 0.0 8.10834 17.21356 25.08198 9.7231 27.12081 27.87993 33.62262 0.0134 9.57474 28.5954 16.19453 28.77684 35.03764 26.23548 19.84522 9.28433 25.90749 24.8565 
1000.0 24.22165 22.39203 9.54393 0.0 15.2156 27.45034 17.30969 22.56087 30.81741 16.89345 16.2634 0.0 25.96042 21.75075 39.17287 28.0395 11.73071 16.54802 18.86248 0.02219 32.21135 17.55087 35.78535 8.04279 38.91877 31.18353 21.22081 19.82438 26.79135 9.04893 
