1000.0 1000.0 1000.0 1000.0 1000.0 1000.0 1000.0 1000.0 1000.0 1000.0 1000.0 1000.0 1000.0 1000.0 1000.0 1000.0 1000.0 1000.0 1000.0 1000.0 1000.0 1000.0 1000.0 1000.0 1000.0 1000.0 1000.0 1000.0 1000.0 1000.0 1000.0 
1000.0 41.11525 16.04746 41.8849 0.0 25.30437 14.31694 27.91776 41.08763 27.40539 29.87724 26.13844 0.0 28.32063 15.56648 14.16103 9.94419 9.68557 13.60428 40.99112 0.04682 39.50168 40.00153 29.38925 24.42967 32.20215 18.17983 22.41201 30.50491 31.86077 13.82023 
1000.0 31.256 16.63133 32.66796 0.0 29.06079 18.09216 20.95155 25.6452 14.5237 19.85309 14.42109 0.0 9.93512 28.50638 36.87422 23.69411 41.47235 33.88424 29.99039 0.01253 35.10482 35.88576 38.09317 35.28135 23.94504 35.40052 11.46381 31.00419 38.69435 14.52464 
1000.0 14.51283 32.04572 11.53361 0.0 22.61683 46.27375 17.20195 12.57028 27.08308 10.07442 35.82664 0.0 37.67511 34.48866 17.26118 40.39854 12.51848 28.95629 39.42163 0.02324 28.33421 42.08612 21.99697 34.7155 39.57024 28.94843 37.01629 45.35903 20.33088 35.87004 
1000.0 0.0 0.0 0.0 40.8205 0.0 0.0 0.0 0.0 0.0 0.0 0.0 44.93511 0.0 0.0 0.0 0.0 0.0 0.0 0.0 0.0 0.0 0.0 0.0 0.0 0.0 0.0 0.0 0.0 0.0 0.0 
1000.0 21.80855 27.28829 9.50326 0.0 25.36911 42.2695 17.84345 46.42456 15.44797 24.46523 24.05216 0.0 19.20128 41.52335 17.53217 19.09374 26.87965 9.75145 29.71088 0.01567 16.86204 43.74692 27.13582 41.01652 11.39255 13.67576 36.33154 18.48101 41.79704 23.5841 
1000.0 40.35169 12.91998 18.06638 0.0 9.4382 32.79182 33.92148 28.61409 20.48121 19.70359 44.50188 0.0 28.30179 32.30091 18.49557 23.06769 25.15966 40.55413 38.74025 0.02229 23.46791 34.92808 43.00276 12.65464 14.52665 14.18386 33.5018 30.81451 18.50103 43.21543 
1000.0 36.30853 18.58461 46.84667 0.0 11.38996 36.27062 29.04855 31.99598 36.62428 44.74233 39.03283 0.0 14.2306 34.94826 31.30618 9.70646 34.43666 26.71898 41.5586 0.04407 28.22383 42.17838 18.80195 21.307 20.17808 15.48655 37.35239 17.02361 24.08477 40.93885 
1000.0 33.62406 38.60979 22.11122 0.0 22.04489 43.12858 34.32528 23.76487 41.53507 28.17603 28.52199 0.0 18.49977 11.95101 33.45983 28.86267 43.42241 39.34678 19.24877 0.03633 37.00344 37.26379 18.23189 34.70644 26.72839 35.71017 39.58722 21.55789 28.59896 15.10292 
1000.0 26.99578 24.22042 43.72625 0.0 37.00646 20.21153 36.61828 22.2464 11.92491 28.06595 43.74326 0.0 38.96812 42.38185 14.3607 43.53595 9.48297 41.04701 28.97394 0.03941 12.3778 46.24213 34.60052 36.05979 15.07938 46.62912 25.68811 16.61942 11.37921 36.20779 
1000.0 38.48127 20.43741 18.90415 0.0 39.46311 14.73737 39.89123 30.79048 34.95893 41.99835 18.55596 0.0 30.94234 29.80059 33.04305 46.64988 17.42877 36.90778 35.19193 0.0249 24.63629 27.83849 17.08232 14.39531 13.39317 16.23159 46.09275 27.45115 43.10415 43.04492 
1000.0 42.31758 18.8111 40.10558 0.0 39.09514 10.09493 44.19906 14.22378 44.50213 31.98904 13.67624 0.0 15.53975 31.76184 11.56007 26.14554 32.39274 37.23722 12.41345 0.0164 16.44445 43.94109 9.43962 16.79589 20.34947 23.61357 15.94338 13.48672 23.06192 39.64615 
1000.0 0.0 0.0 0.0 17.60809 0.0 0.0 0.0 0.0 0.0 0.0 0.0 31.56711 0.0 0.0 0.0 0.0 0.0 0.0 0.0 0.0 0.0 0.0 0.0 0.0 0.0 0.0 0.0 0.0 0.0 0.0 
1000.0 23.9498 32.38409 10.03308 0.0 21.51226 31.49645 20.30371 19.54307 13.96223 11.81721 37.39909 0.0 42.18576 36.9385 34.57049 34.95979 31.54513 15.52064 41.25309 0.02442 29.50626 26.10498 23.78928 46.37346 22.81878 34.92029 19.2429 28.09531 15.00798 21.02005 
1000.0 35.57446 11.63857 21.88502 0.0 14.90985 38.19695 11.69393 29.27675 38.71264 15.40499 36.67212 0.0 13.01561 39.20177 40.48721 20.9897 17.32208 9.7622 13.82272 0.0382 32.25076 32.1358 31.47803 9.70587 17.62136 28.80672 41.75326 26.08305 13.73084 36.11144 
1000.0 17.28668 13.60143 30.39601 0.0 20.3374 30.32688 38.79023 27.41297 37.28727 12.28304 32.37346 0.0 39.89176 24.62635 41.00538 28.95433 23.85004 18.30504 9.79829 0.02287 11.43244 26.17512 28.95915 19.39052 12.05037 9.94957 39.95408 22.67827 19.80893 22.4832 
1000.0 12.4702 16.32178 27.0792 0.0 31.62102 9.92686 39.0114 43.22925 46.28995 40.8355 31.71297 0.0 26.37503 28.99131 20.97669 26.33193 17.67982 33.75321 21.33647 0.03416 37.42599 43.19042 31.6276 33.28011 11.6468 28.77 33.30688 43.32933 32.10787 21.16496 
1000.0 37.22215 41.99174 13.66137 0.0 11.33487 22.77586 16.92088 36.89665 27.21347 33.27477 36.56035 0.0 42.54896 34.40331 19.86437 32.69131 32.13635 27.10045 32.08742 0.02037 21.88085 30.23998 26.8431 34.5357 25.24044 21.43036 25.87942 19.8949 31.19835 17.15473 
1000.0 44.83098 41.33842 43.06075 0.0 39.32898 14.27577 32.14529 37.70043 20.14247 33.19977 14.08277 0.0 20.86011 42.24057 43.97912 17.03413 39.24799 21.17328 27.93731 0.0475 10.91 12.08486 36.10611 16.75335 25.89542 35.96942 19.68866 46.39459 19.68938 41.52799 
1000.0 40.7703 32.33181 37.81492 0.0 19.48459 37.02675 13.0143 40.49001 44.87332 42.97853 36.57515 0.0 29.75572 9.44725 19.35637 45.18914 24.60263 35.01604 44.00863 0.04016 15.57311 29.40657 25.36538 41.84338 21.35415 31.01903 27.32958 15.76149 19.04046 15.43129 
1000.0 0.17992 0.05308 0.12564 0.0 0.14548 0.04357 0.14641 0.11823 0.16235 0.1727 0.13913 0.0 0.19264 0.18675 0.14602 0.08219 0.10676 0.11436 0.13341 35.33162 0.05979 0.07478 0.17924 0.1599 0.10486 0.18942 0.05929 0.09779 0.11346 0.04877 
1000.0 34.01071 40.03913 38.46777 0.0 20.19132 12.81385 10.65856 20.21851 28.93071 10.60571 16.47172 0.0 37.25177 11.8132 38.25452 44.97474 12.56352 21.04706 16.62122 0.04761 12.84438 31.64288 38.04569 22.81562 23.8546 26.46285 40.8539 21.87158 28.77943 37.58686 
1000.0 16.73912 13.75502 13.90225 0.0 10.5739 44.34511 14.0299 41.74095 40.55357 24.07886 40.69367 0.0 27.1488 10.04553 39.25143 13.26191 27.45438 20.31239 30.96259 0.0297 10.2248 25.55079 40.93242 29.31106 43.264 9.48554 13.21314 23.44649 18.32329 46.43234 
1000.0 46.37773 29.91577 33.64419 0.0 16.55458 44.19511 9.74402 26.47318 18.92458 32.76139 34.6618 0.0 33.51959 15.03616 10.5703 45.935 17.84538 19.91429 21.75466 0.01816 24.32013 10.54423 28.43353 11.27963 42.9705 16.17381 39.30755 12.53153 26.37967 12.78669 
1000.0 17.81099 43.92412 21.33883 0.0 32.74158 30.02592 22.3576 28.18681 19.95849 40.58896 44.73815 0.0 42.9019 19.50393 42.12713 23.80886 17.29458 11.30145 45.31309 0.02905 29.87668 45.69519 24.0223 46.6717 11.11315 11.65714 19.94215 21.09648 46.81944 24.44888 
1000.0 45.99363 15.04646 46.29012 0.0 14.82986 45.13072 30.48483 33.65386 41.12195 43.27492 39.49308 0.0 11.8241 17.69403 13.98069 14.64982 14.63617 17.32661 14.39635 0.03181 30.03121 39.37322 18.2627 43.57976 20.75175 43.18791 24.20557 11.53475 21.56366 45.6698 
1000.0 9.59898 11.99081 37.01803 0.0 12.04042 10.18694 38.20151 21.69197 19.74648 45.95677 37.1472 0.0 45.92413 13.49713 21.75239 35.02249 46.55324 31.59914 18.3541 0.02943 46.05376 24.25666 40.75159 17.75395 25.22018 26.2516 14.26253 22.75943 18.97888 18.12536 
1000.0 30.14369 46.77414 36.76859 0.0 34.92105 19.89946 32.27727 13.04595 16.43341 23.37629 33.89874 0.0 11.40334 18.21906 45.69207 19.21281 10.22918 13.05378 44.99042 0.01209 27.11436 22.0523 18.42246 42.62811 40.22516 41.41718 18.29652 12.82288 13.3321 36.09035 
1000.0 19.94174 13.46069 25.94853 0.0 27.5114 23.76561 34.04903 22.26627 42.99095 35.60817 26.12562 0.0 18.30289 13.91513 9.99136 29.62207 30.06791 36.16207 21.96958 0.01209 46.31656 29.87664 15.74009 18.96709 31.46282 25.0894 38.45585 13.30796 42.14464 45.87787 
1000.0 31.80284 12.58029 17.1183 0.0 26.03177 32.23705 44.37786 22.77676 32.08506 22.86319 39.23623 0.0 31.39716 39.88632 11.66349 9.41037 42.14878 11.11797 46.60812 0.03402 22.15163 27.51966 26.16188 36.93153 12.62589 45.5303 32.69415 24.73928 22.49303 10.06249 
1000.0 16.71363 38.01732 40.48457 0.0 22.69788 21.41608 24.4326 44.35129 31.5234 34.56521 39.0134 0.0 35.07272 40.52913 19.17453 29.29265 40.84332 33.06387 10.68549 0.02368 17.39446 19.57846 40.91647 46.43751 45.57862 11.27956 18.04596 35.64679 12.70856 18.72668 
