1000.0 1000.0 1000.0 1000.0 1000.0 1000.0 1000.0 1000.0 1000.0 1000.0 1000.0 1000.0 1000.0 1000.0 1000.0 1000.0 1000.0 1000.0 1000.0 1000.0 1000.0 1000.0 1000.0 1000.0 1000.0 1000.0 1000.0 1000.0 1000.0 1000.0 1000.0 
1000.0 19.38069 11.75405 28.15877 0.0 36.72492 18.13497 41.9198 24.67281 36.9245 37.77158 39.2089 0.0 29.85292 13.42806 19.2695 44.33934 19.2699 47.32476 40.85074 0.0344 46.42817 15.57021 40.54214 10.17009 22.42714 28.67547 42.90146 42.63877 25.99395 25.71459 
1000.0 42.59545 30.97683 35.321 0.0 33.33129 23.16894 47.78603 20.30276 19.81489 45.159 29.17693 0.0 15.49562 15.10743 29.7217 25.44851 31.23934 41.5065 25.1774 0.01106 31.86937 37.41265 37.73617 46.34222 46.68755 43.10107 46.25606 37.05326 41.95983 38.55599 
1000.0 9.92949 23.98897 43.0889 0.0 47.46646 31.1759 20.2948 18.08746 44.12734 12.45862 47.12296 0.0 33.94047 11.16121 43.87427 43.56831 24.47651 38.40454 46.47711 0.04358 15.10416 19.60723 34.44022 10.88765 34.71825 10.92233 30.46257 26.32124 41.21989 9.87327 
1000.0 0.0 0.0 0.0 22.22727 0.0 0.0 0.0 0.0 0.0 0.0 0.0 37.29153 0.0 0.0 0.0 0.0 0.0 0.0 0.0 0.0 0.0 0.0 0.0 0.0 0.0 0.0 0.0 0.0 0.0 0.0 
1000.0 36.29553 42.2718 47.35127 0.0 31.41968 26.73208 10.84145 27.86594 24.72048 40.53726 24.15192 0.0 36.34249 26.14037 28.69006 30.04158 19.328 28.12433 39.00011 0.01463 18.1747 44.38976 45.31638 30.99148 34.278 38.79255 10.22381 32.81889 39.39743 14.46712 
1000.0 11.1709 31.24796 11.36488 0.0 35.42399 45.7212 47.87099 38.68608 46.37046 40.23723 31.32598 0.0 28.9164 34.83553 11.816 41.29638 19.78134 18.48521 20.01731 0.01709 38.61131 22.07268 46.81623 37.20959 26.04455 35.06142 14.95397 31.37098 24.59589 10.23125 
1000.0 28.59112 35.59616 32.09375 0.0 19.11556 10.26531 13.68175 46.59161 26.88901 15.86496 21.60907 0.0 9.60491 37.27701 47.6475 16.6798 25.01389 11.11283 21.03079 0.02307 10.315 40.61749 10.90751 12.57217 45.76419 9.99954 40.47963 31.19078 21.15826 16.00896 
1000.0 16.2232 27.387 11.39284 0.0 33.8901 38.91554 18.0878 31.2868 27.43411 27.61406 31.79478 0.0 34.34842 29.73078 46.62129 12.03424 35.64695 30.16655 18.71481 0.01581 16.26605 11.07518 32.98981 46.36012 43.27408 35.02026 40.87315 11.31656 26.85158 32.70743 
1000.0 15.89049 46.1287 32.00613 0.0 35.17704 42.54944 19.93303 40.94393 40.67675 45.32073 25.19731 0.0 28.65129 25.3734 22.7985 13.15342 14.1725 22.22888 25.37051 0.03217 37.99143 11.67382 17.98833 14.52587 19.85648 36.01674 36.50732 27.03746 40.60025 26.50933 
1000.0 34.38715 22.48878 44.75014 0.0 14.27689 11.14258 35.7624 11.10787 23.66398 43.40434 30.88894 0.0 42.6581 38.91574 42.64369 21.64841 36.89118 19.20894 42.80877 0.02001 41.30844 20.14886 13.23589 41.97175 30.53477 24.2761 37.00931 30.59099 38.06522 45.00097 
1000.0 14.72042 38.79092 31.67253 0.0 41.12385 35.45961 24.75904 25.78184 18.22601 37.08199 12.6575 0.0 37.29417 39.57338 42.53588 23.44064 38.47404 13.42146 20.98687 0.03007 20.91547 20.88376 22.89607 13.40261 13.28476 17.80929 43.35488 12.74231 27.83082 40.6224 
1000.0 0.0 0.0 0.0 31.67962 0.0 0.0 0.0 0.0 0.0 0.0 0.0 11.45101 0.0 0.0 0.0 0.0 0.0 0.0 0.0 0.0 0.0 0.0 0.0 0.0 0.0 0.0 0.0 0.0 0.0 0.0 
1000.0 38.41779 44.66502 28.7711 0.0 29.08641 31.69265 10.69801 15.09244 38.7722 44.06026 26.40451 0.0 22.94126 36.11718 38.98828 18.9091 38.06601 26.82774 31.74437 0.03203 23.77029 28.86523 44.66613 23.8345 13.67349 18.53252 32.45431 43.52182 46.94453 26.83654 
1000.0 16.80819 34.86892 42.50448 0.0 38.03654 41.64107 13.48352 31.12068 14.20853 42.57944 38.14399 0.0 28.43561 21.21781 38.79091 33.88391 16.41702 44.88 16.29696 0.01773 34.7362 44.64186 27.81797 47.77308 28.0242 28.48059 11.72922 26.18162 42.87732 20.68649 
1000.0 47.85799 19.92567 14.95949 0.0 29.63896 21.92959 30.96911 9.99436 34.0871 19.83894 45.06449 0.0 27.73938 38.45894 28.52805 24.0343 45.17351 13.21027 23.9459 0.02898 46.18714 15.60475 34.58685 21.36711 47.4005 33.80367 17.00838 13.68587 29.20582 33.56158 
1000.0 33.75425 20.2164 29.81142 0.0 27.19201 21.75894 45.9173 20.13352 34.0912 27.26449 19.05361 0.0 14.70991 26.2597 45.73332 44.03525 40.35735 18.92694 26.59356 0.01452 40.33832 16.35399 15.50844 45.38013 31.53731 44.48107 38.16724 31.63861 22.15525 40.54112 
1000.0 10.11629 43.65447 43.67488 0.0 16.01237 25.0733 44.61691 46.47913 14.33131 14.58735 20.43507 0.0 45.27958 41.21326 33.98728 30.67038 40.85198 18.89956 36.93505 0.01824 12.97014 23.23946 27.24797 19.28851 14.88624 22.18535 22.09684 34.99802 25.92355 45.02703 
1000.0 34.65647 37.18506 16.84752 0.0 34.01559 43.13443 24.9657 21.03932 32.48086 33.76815 34.14515 0.0 32.89771 17.39685 10.74438 38.13075 20.38375 35.04447 13.51316 0.03709 37.97235 30.0282 45.43038 40.01359 26.78996 42.3784 42.57536 13.41489 46.9654 47.28853 
1000.0 11.64673 13.20995 41.24415 0.0 43.77466 29.97363 42.13952 9.78366 40.41686 24.74 38.16181 0.0 14.27237 18.27817 25.38827 45.16277 27.57962 10.69903 17.79658 0.04741 12.0673 28.26224 11.73172 29.13777 44.1677 31.32883 17.94436 26.60815 40.60594 17.22993 
1000.0 0.09417 0.14745 0.16512 0.0 0.05569 0.11628 0.12295 0.0453 0.09198 0.17121 0.1639 0.0 0.18318 0.16287 0.08653 0.1529 0.1015 0.11224 0.18197 19.59186 0.15682 0.18844 0.18861 0.13485 0.12388 0.12665 0.04193 0.06149 0.0783 0.10494 
1000.0 38.4645 31.64643 18.79797 0.0 26.63713 28.43386 30.91911 11.09511 15.66791 9.93824 34.08151 0.0 31.64126 44.49498 12.31629 27.04727 19.93866 45.42949 33.41363 0.04697 34.50367 21.84024 26.14225 46.27371 20.5462 26.38606 32.83709 30.5348 24.28609 31.91842 
1000.0 15.00951 30.39306 24.42189 0.0 30.75029 10.09202 44.02806 36.23327 26.45924 9.84855 29.9915 0.0 21.75013 36.97594 13.42166 32.92267 43.37442 20.60168 26.75502 0.0179 38.38414 35.4931 14.21804 44.88811 17.4557 23.69922 17.27877 40.58773 11.23824 24.84316 
1000.0 35.6644 19.49399 13.22145 0.0 44.80749 27.45352 33.02904 34.30298 26.44703 20.59365 39.15526 0.0 38.08903 17.72295 28.48296 39.41413 22.16894 45.43054 27.39816 0.02148 10.79578 28.83272 36.90847 46.71039 11.82448 32.44394 39.56958 42.01824 43.41747 10.31761 
1000.0 14.90876 29.36906 38.22933 0.0 15.06161 42.16572 43.75888 15.84569 11.99426 23.49048 22.39839 0.0 45.19783 16.27862 13.45396 43.34025 15.71977 29.96089 10.76396 0.04135 30.42673 42.48296 34.57696 37.27867 14.64566 24.08649 29.3565 31.24282 23.83695 19.25058 
1000.0 46.58142 33.6344 43.32953 0.0 25.53207 12.40256 17.33964 13.0904 37.69912 16.3029 40.83506 0.0 39.27548 24.43254 23.22441 10.6169 30.28054 30.08331 27.972 0.01835 18.22127 11.43913 29.61818 29.10423 40.33752 28.70033 40.27637 13.42425 45.62288 43.07113 
1000.0 20.71479 27.80604 23.43768 0.0 17.21133 39.48711 20.20343 37.18112 35.87031 33.00633 15.30931 0.0 12.28725 40.60978 18.28931 42.62929 45.57195 39.1539 26.2534 0.02118 34.8301 27.49962 25.53027 22.84943 26.73643 15.45098 40.78468 35.3012 31.53285 19.2932 
1000.0 37.84215 44.73535 46.37826 0.0 32.40535 27.8041 28.58769 14.43901 15.01693 36.94688 10.76951 0.0 10.18224 14.1617 42.92662 34.5623 19.0067 44.32241 25.5574 0.03177 12.64624 29.49726 11.84386 28.81481 47.54037 9.7805 41.48583 29.556 41.72785 22.48898 
1000.0 42.803 19.36903 39.45929 0.0 30.98645 46.1723 11.05857 34.16065 44.15768 11.16664 37.76234 0.0 34.66121 11.1212 14.34853 21.43852 24.26102 31.78749 30.05002 0.021 46.64118 9.71887 15.22241 20.6605 47.65454 14.01038 10.34007 24.30552 10.24951 16.57589 
1000.0 11.25735 32.96083 14.68465 0.0 23.63904 28.23871 39.34187 41.52024 46.6163 45.45385 13.91179 0.0 27.18183 31.05806 22.84078 10.2694 46.47039 14.18197 29.01751 0.0271 19.87632 12.02517 16.99572 45.25467 28.53443 39.60353 45.85739 45.71913 34.91065 33.84084 
1000.0 47.18568 34.13146 38.49973 0.0 42.39127 10.92675 10.19328 18.24946 27.2212 45.22611 42.69521 0.0 28.01764 29.75853 14.35011 43.05183 25.51685 17.78762 43.23449 0.0374 37.47758 34.98398 24.77097 18.05387 31.67882 31.43443 24.36564 27.12099 21.24627 37.37717 
