1000.0 1000.0 1000.0 1000.0 1000.0 1000.0 1000.0 1000.0 1000.0 1000.0 1000.0 1000.0 1000.0 1000.0 1000.0 1000.0 1000.0 1000.0 1000.0 1000.0 1000.0 1000.0 1000.0 1000.0 1000.0 1000.0 1000.0 1000.0 1000.0 1000.0 1000.0 
1000.0 12.3074 31.80805 11.44158 0.0 30.74349 18.09158 43.15024 25.75426 44.69391 23.17678 28.45843 0.0 21.93521 26.55639 27.90656 11.98914 34.25909 23.25918 16.74973 0.03491 27.93467 20.78263 27.63245 27.77372 33.03454 10.40729 25.37283 36.85078 18.69726 9.35444 
1000.0 10.05449 19.33759 45.99617 0.0 34.89146 34.38084 28.38514 43.44527 26.92254 19.29491 40.58305 0.0 20.09691 32.98607 38.93404 46.17668 19.56843 32.44376 13.50495 0.04105 29.08348 45.40385 43.97263 46.37732 20.87915 30.0139 29.05265 42.74949 26.40634 36.98268 
1000.0 30.88341 34.67709 18.99977 0.0 14.30905 9.99665 20.48031 18.99545 24.48904 39.80122 13.98543 0.0 32.68073 43.04999 17.77374 29.71397 42.48319 32.00105 37.89843 0.0458 15.15338 32.32875 26.93113 11.31392 11.46737 20.14645 46.11941 36.24692 17.14722 14.624 
1000.0 0.0 0.0 0.0 33.32412 0.0 0.0 0.0 0.0 0.0 0.0 0.0 17.67818 0.0 0.0 0.0 0.0 0.0 0.0 0.0 0.0 0.0 0.0 0.0 0.0 0.0 0.0 0.0 0.0 0.0 0.0 
1000.0 20.7071 27.78787 14.40609 0.0 13.07089 22.48362 41.52845 14.82052 40.82703 12.73658 38.81018 0.0 15.70071 20.85647 9.80059 39.70456 37.83433 16.19392 17.37736 0.0431 25.33296 28.99919 41.91476 40.85492 40.93848 12.47598 19.67902 12.92623 23.31664 35.02544 
1000.0 15.132 32.8973 24.03466 0.0 15.56207 10.11505 35.73484 12.65475 21.65394 27.4696 38.68559 0.0 24.53576 25.43061 29.41595 38.43822 20.04611 11.38668 15.26876 0.04384 19.24168 44.12353 31.57239 29.95077 38.95675 16.0374 19.3577 20.75193 33.89941 9.72376 
1000.0 17.9349 15.03961 36.06393 0.0 25.68481 42.71951 26.54503 42.81009 18.4691 14.48584 46.09486 0.0 38.7801 43.67865 30.23054 35.62296 11.93771 14.93089 11.27745 0.01789 37.9014 43.78394 22.11441 32.95696 25.0544 45.27539 23.78933 33.47166 30.35073 41.67213 
1000.0 22.69323 42.26301 19.36873 0.0 46.25769 32.56021 17.62908 36.2767 43.54652 45.36738 9.62261 0.0 30.97368 42.25366 44.89853 26.88187 35.37814 24.54882 26.9461 0.03501 30.93902 40.9212 10.27149 19.75071 30.09425 34.2755 38.18999 17.85719 34.94245 38.00868 
1000.0 43.60795 39.87529 21.97559 0.0 29.48995 36.35488 21.37234 20.74886 41.45196 34.7572 32.99729 0.0 10.21306 14.23031 13.96673 30.13534 27.68449 39.89554 42.00623 0.02095 41.5243 30.87018 37.14733 39.57151 41.16218 43.81162 33.6273 20.01183 10.52441 24.26012 
1000.0 29.60527 35.74334 26.64248 0.0 18.91612 34.32805 40.63573 12.11994 36.87105 17.15272 17.6524 0.0 17.28699 14.03196 38.15261 23.9215 34.0628 43.49736 13.23681 0.02215 14.48495 39.41133 11.09427 15.62057 16.74984 26.90757 43.46667 24.53659 31.055 29.95597 
1000.0 16.89163 36.08435 15.44011 0.0 44.89542 22.20492 36.98457 21.06229 33.28985 37.95938 27.53809 0.0 43.95966 29.47098 17.12159 9.4553 37.18036 14.40944 16.50564 0.02905 30.64601 22.57527 43.94123 42.45246 16.18245 36.86073 31.56186 38.16436 16.53196 35.45331 
1000.0 0.0 0.0 0.0 14.2945 0.0 0.0 0.0 0.0 0.0 0.0 0.0 45.4438 0.0 0.0 0.0 0.0 0.0 0.0 0.0 0.0 0.0 0.0 0.0 0.0 0.0 0.0 0.0 0.0 0.0 0.0 
1000.0 10.89791 27.15897 42.15439 0.0 14.46944 44.77431 37.98722 31.4193 27.6006 22.49807 38.90577 0.0 10.24224 22.05575 13.12745 35.31532 9.6768 46.32767 24.34022 0.04597 35.09654 19.94574 36.35316 42.87196 45.56682 27.16235 28.65171 22.09806 44.59185 26.4324 
1000.0 11.06781 24.21998 9.51547 0.0 45.60871 23.19122 39.22525 38.7254 45.9745 32.82234 25.59718 0.0 41.74345 45.9237 14.87637 41.83345 36.4741 37.35178 39.96262 0.03404 34.24708 16.4011 25.40182 18.92159 11.23067 40.80344 33.61103 29.17074 34.88373 15.70991 
1000.0 29.70302 10.04985 38.49468 0.0 31.2826 18.923 16.07721 27.20727 17.52889 18.08602 26.87917 0.0 11.6735 21.09594 24.73834 10.35914 37.48269 42.55643 26.06533 0.01426 27.63713 42.95373 19.93256 43.41736 16.25779 26.27052 42.56212 23.6909 19.13154 24.43755 
1000.0 17.14952 11.09414 26.74782 0.0 30.41384 12.96859 24.37772 19.15811 11.67266 36.80686 10.06378 0.0 23.40106 19.94388 38.98234 26.72985 29.68505 37.70039 10.11584 0.01911 24.515 27.22248 31.23383 10.15734 29.61855 38.64222 17.85263 21.69272 29.98834 25.93445 
1000.0 36.06164 18.84646 20.36456 0.0 45.11052 30.62875 12.44068 32.26814 39.69798 26.51734 40.95253 0.0 28.69003 45.32616 36.81712 12.60036 10.90613 29.27159 23.59749 0.01842 31.77965 12.93246 17.23788 11.59673 37.46045 13.17588 30.87525 12.93628 27.40224 42.87694 
1000.0 33.60877 43.15178 20.12156 0.0 12.15397 33.2048 15.32567 37.83538 31.02921 44.36742 33.97883 0.0 24.10702 20.83216 23.21822 17.77667 38.17838 35.9244 34.85205 0.01032 12.79251 23.63151 28.74378 23.70991 41.12913 29.8731 24.01314 37.05559 34.43035 25.24156 
1000.0 36.28085 12.07588 40.48224 0.0 22.84234 38.33943 18.85175 21.01795 20.04107 16.66689 36.38897 0.0 39.41895 19.12566 43.57759 17.89339 21.04592 25.37208 10.26052 0.01171 15.94344 18.36937 18.92833 18.68427 32.4501 21.34451 36.76966 19.29378 18.20871 9.38814 
1000.0 0.07103 0.10182 0.15288 0.0 0.10006 0.06382 0.10761 0.10564 0.07982 0.09585 0.1913 0.0 0.14478 0.05919 0.05929 0.15048 0.09958 0.15972 0.06834 35.19522 0.09771 0.12754 0.16818 0.10408 0.08164 0.07222 0.15493 0.06593 0.16447 0.13499 
1000.0 34.79906 43.12108 19.93633 0.0 45.92932 14.16314 44.05904 38.74486 22.38418 19.82421 13.33422 0.0 32.80736 33.78348 44.9585 36.61851 29.81626 34.58489 23.81812 0.03085 16.11067 30.77874 28.72212 41.14645 20.21317 42.77891 41.70956 21.13473 16.81734 20.67281 
1000.0 39.30056 18.23841 44.1237 0.0 32.01517 21.902 36.38243 36.2844 17.97204 24.82968 23.5406 0.0 9.76869 34.81164 28.44071 32.72932 45.22722 19.18636 29.41118 0.04521 19.91402 44.36952 22.51673 15.48778 24.1051 28.14758 26.56841 44.33075 41.21706 20.87067 
1000.0 23.7933 20.83865 28.74087 0.0 22.08899 28.20303 42.14618 12.50352 15.47156 35.18326 41.27835 0.0 20.66442 40.10329 46.36189 31.11242 38.12326 21.42613 45.29642 0.01812 39.72978 17.86843 42.50533 24.33554 12.4925 38.17323 31.39625 21.51172 25.83027 22.06888 
1000.0 42.9187 26.22868 10.08164 0.0 19.00683 41.22374 28.17836 37.14094 37.00797 44.87977 10.40766 0.0 37.2954 12.66298 12.07156 12.6689 12.54565 20.89004 15.7704 0.02137 29.83073 29.47598 11.09136 13.06859 43.9457 34.01451 22.99806 45.314 24.48215 19.03732 
1000.0 42.35684 24.49033 24.80557 0.0 13.62161 34.89395 12.4354 18.78646 24.97723 21.78367 44.30518 0.0 16.57234 15.19214 45.87097 43.8375 41.2022 13.43143 14.25514 0.03228 30.91993 15.94649 31.34922 34.28839 40.90168 42.49681 10.53581 9.6553 45.21523 23.36463 
1000.0 23.45424 17.90911 23.57328 0.0 45.75813 27.89639 13.29592 35.20272 19.16981 45.09934 44.09843 0.0 16.24337 18.19861 10.07038 27.35615 22.58513 29.73714 23.18653 0.04485 23.65408 44.4995 14.74978 17.56562 25.7961 37.56728 26.00054 36.4521 31.44693 24.9451 
1000.0 17.41957 26.50282 39.84541 0.0 12.70713 45.75989 33.87794 28.55843 28.70386 30.15268 40.30553 0.0 27.21355 20.84635 9.84603 33.72331 21.58786 19.44398 15.66684 0.01555 22.39776 10.9089 10.63231 31.41972 43.73026 39.32239 11.01161 12.41317 9.941 15.81872 
1000.0 35.81331 23.73766 43.28607 0.0 44.52279 29.86064 17.4952 42.79414 21.25502 32.06973 39.29518 0.0 40.52819 15.82759 40.75002 37.90481 45.3673 28.67873 16.19053 0.02587 12.17991 39.03198 23.83913 9.87639 13.50187 30.04662 38.7308 20.53016 38.41513 35.75682 
1000.0 28.21353 33.38095 16.55538 0.0 16.29428 40.32978 12.5944 44.40704 12.25113 33.08672 35.95961 0.0 22.118 44.61683 32.33151 33.94778 41.3659 31.50735 11.65997 0.0246 45.64196 33.9775 39.80318 31.28001 36.1075 11.91085 29.53055 26.27646 17.28851 43.7371 
1000.0 36.92331 31.36121 17.40429 0.0 27.35996 17.62426 18.97279 31.47889 35.92806 20.00611 24.08354 0.0 31.63129 28.40581 34.65427 36.15935 10.5748 41.15867 31.64056 0.03271 18.42005 21.78443 33.03866 42.29273 16.20041 19.22607 32.72258 19.39117 27.35411 24.15375 
