1000.0 1000.0 1000.0 1000.0 1000.0 1000.0 1000.0 1000.0 1000.0 1000.0 1000.0 1000.0 1000.0 1000.0 1000.0 1000.0 1000.0 1000.0 1000.0 1000.0 1000.0 1000.0 1000.0 1000.0 1000.0 1000.0 1000.0 1000.0 1000.0 1000.0 1000.0 
1000.0 23.15291 35.99882 12.38705 0.0 21.68479 18.99838 17.1516 25.86842 25.20486 28.58385 34.04251 0.0 34.34002 33.51175 30.21528 45.9888 31.21814 21.47999 22.11248 0.03034 36.57577 22.0339 43.46207 12.17168 28.99955 26.46783 16.89052 21.76347 16.32166 36.38101 
1000.0 23.36098 40.1205 45.01436 0.0 13.99928 34.85747 11.4433 38.03845 34.13103 9.93143 45.10425 0.0 16.08766 12.19186 35.62539 17.89561 37.80604 45.96482 22.545 0.04093 29.67574 14.07952 17.51203 36.37558 25.6203 23.70058 14.6495 15.65105 9.95594 38.81691 
1000.0 32.43162 43.36124 36.90542 0.0 13.96754 12.42757 45.39525 12.24826 28.65409 27.76781 27.69416 0.0 46.53267 27.47038 31.72005 46.39023 10.55217 9.57457 45.03788 0.01091 25.68449 44.42045 34.39235 30.87542 32.12434 29.12547 43.11424 25.63938 29.77025 15.73781 
1000.0 0.0 0.0 0.0 47.10685 0.0 0.0 0.0 0.0 0.0 0.0 0.0 21.55747 0.0 0.0 0.0 0.0 0.0 0.0 0.0 0.0 0.0 0.0 0.0 0.0 0.0 0.0 0.0 0.0 0.0 0.0 
1000.0 41.92719 40.07686 43.75928 0.0 27.37315 14.2506 34.79242 24.44906 35.71318 31.61973 12.79075 0.0 41.71735 37.4015 19.84343 22.89269 12.13555 26.15959 10.79552 0.01372 19.01398 27.41835 19.94413 34.08373 44.04488 11.93638 23.5676 14.9714 21.5848 10.75216 
1000.0 37.22892 42.64828 38.89057 0.0 31.75533 11.06462 21.08696 9.67971 27.03859 15.90721 13.77132 0.0 43.34636 40.62172 23.66965 21.31653 26.21646 27.93075 12.52656 0.01412 18.18387 22.33408 17.72933 41.47694 38.19155 20.96941 37.89832 18.18969 11.0658 31.70611 
1000.0 17.35415 19.95803 39.67864 0.0 46.9854 18.60165 18.89255 39.10865 47.09101 41.6392 43.23711 0.0 43.2337 44.41872 19.64132 16.66474 40.50244 14.04627 11.73347 0.03091 41.19043 19.59892 41.97956 24.56505 40.65535 44.56255 11.8445 25.99315 31.78517 37.18871 
1000.0 19.76446 20.14376 14.89206 0.0 13.40966 47.27001 19.92599 12.68339 18.11204 11.69464 15.64584 0.0 46.01673 47.15806 27.45669 23.75195 28.58664 29.25873 27.95935 0.01845 18.07256 46.06132 44.71871 29.1705 46.2015 43.81461 12.86019 36.61384 45.05727 36.90267 
1000.0 25.71901 37.15145 31.94929 0.0 44.34752 17.55002 34.96733 25.1763 20.15549 27.16724 26.94524 0.0 33.87174 27.47132 40.97906 11.01256 9.59012 43.90568 31.12831 0.03948 46.66175 13.23427 45.21698 44.07707 16.92231 11.24386 10.64276 13.0979 17.06017 34.22907 
1000.0 37.60801 38.9656 16.02921 0.0 19.20645 9.81427 22.48736 31.46681 43.56024 14.38414 18.00916 0.0 20.39035 10.74143 13.03976 20.07863 36.74258 45.31829 33.76428 0.01918 14.98161 34.3871 40.56944 14.79737 19.18382 11.25616 34.34626 30.21779 46.42789 16.20245 
1000.0 31.48178 9.62242 15.58534 0.0 33.41237 47.14613 46.02688 36.29326 42.51968 32.59267 18.44485 0.0 21.06823 27.54607 24.849 24.147 14.42679 23.71717 24.90648 0.01514 33.91718 43.59949 34.77912 37.81558 45.99285 32.78076 24.35811 32.2012 16.60798 16.59415 
1000.0 0.0 0.0 0.0 41.68605 0.0 0.0 0.0 0.0 0.0 0.0 0.0 13.80016 0.0 0.0 0.0 0.0 0.0 0.0 0.0 0.0 0.0 0.0 0.0 0.0 0.0 0.0 0.0 0.0 0.0 0.0 
1000.0 22.30619 26.29789 45.5412 0.0 20.58206 16.66515 24.1925 34.5396 30.82406 23.72357 27.78742 0.0 23.79432 39.8853 9.67547 36.16647 14.8884 15.22578 14.60932 0.02496 14.71023 17.67226 29.12092 13.56712 14.53408 20.25471 26.99651 27.90522 43.26413 40.1144 
1000.0 14.68758 18.009 13.18369 0.0 46.21399 24.44739 15.77978 15.30247 37.04729 42.16681 35.35335 0.0 28.774 30.44943 35.1074 41.93438 25.19164 25.34423 33.08954 0.04028 11.59302 19.76426 32.22687 36.78536 46.42265 28.72743 19.58816 35.65202 36.07394 18.37847 
1000.0 15.21926 20.39532 21.91685 0.0 13.00301 11.29009 44.13806 46.63 13.75728 45.72557 28.63477 0.0 31.52884 39.61109 28.38342 25.24045 11.52603 42.9989 17.05457 0.03259 35.23434 27.13664 19.0242 14.94521 33.70998 19.87791 36.49424 33.35426 29.58765 46.77948 
1000.0 43.30693 11.93784 33.91754 0.0 15.03304 10.02266 24.93855 32.96856 35.6678 37.65034 26.59492 0.0 18.45589 19.40891 11.45584 11.01607 23.24421 19.28892 42.90744 0.02256 23.30655 44.76344 10.09909 24.09543 19.00626 38.58374 29.62689 21.10474 20.9747 29.97693 
1000.0 24.36343 28.81529 46.27221 0.0 14.09203 31.11195 14.75533 13.73449 29.11422 26.50376 18.10416 0.0 36.73285 33.76971 30.43125 42.71349 10.6697 18.43306 31.92637 0.03103 30.33207 42.12966 43.20568 38.95601 18.38944 39.42204 34.67518 26.92025 20.18243 35.75873 
1000.0 11.24852 21.81435 9.87494 0.0 39.55268 35.75716 30.75185 23.54642 46.60549 16.0605 33.49495 0.0 46.20572 33.98435 41.20351 41.26211 46.80285 38.12321 19.78415 0.01677 11.56617 22.11352 34.72015 18.17723 19.41638 42.90048 31.87642 31.09836 33.88079 38.54094 
1000.0 10.95474 40.44714 12.36693 0.0 19.6092 16.17613 25.13893 14.11892 11.4371 12.00344 38.00243 0.0 22.44719 32.34373 44.0778 38.95526 31.35189 29.36181 33.97211 0.04792 25.25824 14.99208 18.53543 15.06937 13.34325 35.91855 34.21297 27.19527 30.20588 41.05127 
1000.0 0.07596 0.05818 0.15856 0.0 0.19244 0.12942 0.0598 0.17276 0.12104 0.17084 0.1246 0.0 0.08351 0.05617 0.17371 0.16206 0.04099 0.06204 0.0774 20.42829 0.10264 0.10694 0.17417 0.16601 0.06231 0.04956 0.17436 0.16834 0.1455 0.12616 
1000.0 45.07569 21.05627 28.95568 0.0 25.40004 36.32626 42.63518 17.85532 25.69507 34.02948 44.75442 0.0 26.80709 11.60237 14.67699 18.18356 31.70738 36.89472 37.91211 0.02088 41.44626 43.52147 29.19634 10.39974 41.70368 25.37778 25.52406 36.68222 40.62108 29.65005 
1000.0 22.29844 38.65771 30.27715 0.0 32.88452 31.03076 38.41588 29.76938 16.70051 37.70224 35.04004 0.0 29.99105 30.34752 13.19515 25.40999 13.59093 32.59112 43.49017 0.03977 41.07541 39.68053 17.02713 36.85224 16.87648 26.13977 27.46847 29.86523 37.66198 12.17537 
1000.0 43.03137 14.82021 32.7811 0.0 41.50323 12.02544 23.74112 33.85782 37.05456 46.68006 12.12187 0.0 41.7422 21.72553 18.20321 40.37182 17.20712 23.81398 27.36293 0.03711 23.60386 15.73967 19.16174 23.01254 28.95299 44.59055 46.3668 34.92149 23.24306 33.05151 
1000.0 37.65328 27.79308 16.91816 0.0 19.95839 25.01371 37.01819 30.80284 38.39436 43.03545 45.03522 0.0 19.16399 10.09886 39.10473 16.82636 42.43787 26.36331 36.07628 0.02717 26.41399 18.91775 35.2577 18.08403 24.64913 26.21543 18.49107 33.80912 23.54856 19.51316 
1000.0 15.67356 46.40968 13.17551 0.0 30.24827 43.25923 46.52311 35.32587 11.91066 37.80357 34.96597 0.0 30.61503 38.23419 36.00617 23.48429 23.16774 23.55535 13.30337 0.02187 16.99629 45.8223 10.80828 29.45031 43.39317 24.12655 37.06444 35.93562 28.47975 26.01579 
1000.0 37.8554 45.18424 44.72039 0.0 17.90285 26.69168 11.59 13.11811 35.13559 25.3713 27.33174 0.0 21.24225 40.01596 25.84567 18.74607 21.75399 11.16651 32.07186 0.02791 20.83018 21.39113 31.33188 43.3869 34.37787 41.67248 37.94672 15.62271 35.92328 10.51848 
1000.0 24.18509 23.5631 45.10214 0.0 28.56039 18.06243 38.06966 14.14018 39.70327 40.06469 15.40954 0.0 17.04808 11.48645 17.29242 25.64099 12.29107 23.22901 45.34742 0.02415 22.11852 34.3881 14.64689 12.17702 16.86828 14.41517 40.21666 13.34377 10.30224 45.70812 
1000.0 25.1242 45.238 9.67949 0.0 16.28683 40.3449 18.79116 45.18384 26.45377 22.111 22.98935 0.0 43.91161 47.04444 11.47634 16.35283 44.52891 45.92052 11.48999 0.01247 23.81517 30.38907 40.7635 27.20933 19.99149 46.19918 11.01805 16.30523 19.06597 12.77482 
1000.0 43.04797 28.23463 15.26527 0.0 32.88915 39.80284 40.39288 33.79094 29.15173 37.74591 16.3843 0.0 20.6153 17.70792 19.48777 43.11485 39.96001 32.86574 21.55904 0.01759 16.12633 37.69368 25.86277 34.0632 34.18492 43.0311 45.17142 28.52253 11.69989 40.46896 
1000.0 20.0434 35.06654 21.01018 0.0 14.56973 38.25749 43.25212 17.68576 20.33746 30.28444 35.43622 0.0 46.3522 39.86513 45.22654 15.55967 26.42482 12.75178 18.2666 0.01058 22.52458 45.31327 10.01808 37.42206 14.86186 10.73029 35.52744 36.17565 31.56399 43.06048 
