1000.0 1000.0 1000.0 1000.0 1000.0 1000.0 1000.0 1000.0 1000.0 1000.0 1000.0 1000.0 1000.0 1000.0 1000.0 1000.0 1000.0 1000.0 1000.0 1000.0 1000.0 1000.0 1000.0 1000.0 1000.0 1000.0 1000.0 1000.0 1000.0 1000.0 1000.0 
1000.0 18.89067 31.95545 32.2242 0.0 19.98 37.81058 22.39144 32.53049 13.71616 44.38856 15.11294 0.0 21.46233 34.90111 28.87809 42.95508 24.76309 20.62513 30.03723 0.02193 11.80764 13.16828 19.36196 35.23201 43.46359 15.42852 16.29172 15.18376 15.61461 42.48703 
1000.0 38.38079 9.18191 23.75225 0.0 27.65075 32.93202 19.72225 43.91755 28.143 22.99176 37.88883 0.0 16.48399 35.19347 26.55641 22.88988 15.57105 11.68153 35.95254 0.01752 22.64596 27.4444 15.81855 27.32558 24.24377 20.68198 12.09847 10.76347 43.60402 15.83386 
1000.0 42.74031 31.2548 35.86548 0.0 36.69689 42.22574 29.514 40.00454 28.23183 37.07891 11.42288 0.0 19.95509 16.10185 25.14233 19.91116 44.63026 12.77192 9.45378 0.02455 17.37637 19.92781 18.71829 29.41505 16.56821 34.02889 15.72004 32.38742 24.75222 44.16277 
1000.0 0.0 0.0 0.0 19.12871 0.0 0.0 0.0 0.0 0.0 0.0 0.0 41.69807 0.0 0.0 0.0 0.0 0.0 0.0 0.0 0.0 0.0 0.0 0.0 0.0 0.0 0.0 0.0 0.0 0.0 0.0 
1000.0 43.75485 32.40132 33.38308 0.0 19.21314 22.46294 26.7473 29.91023 31.29847 22.96439 17.60629 0.0 17.80924 28.77264 43.32464 28.8385 40.03491 13.76366 11.74361 0.02984 43.53403 20.93887 33.64491 30.26593 42.07429 33.45699 40.59567 13.01661 25.46581 29.12588 
1000.0 21.72137 28.83705 26.61149 0.0 15.41569 9.74331 18.9877 31.5425 13.06401 39.63753 21.83538 0.0 29.58675 13.56056 20.24799 18.40773 12.68003 41.47043 30.57376 0.01096 21.51944 15.50883 33.71577 11.53512 31.50248 42.63739 29.38789 43.13963 8.9799 22.0709 
1000.0 35.45442 25.92589 25.75635 0.0 34.86606 9.74858 26.87897 12.91503 21.75443 26.96144 39.64138 0.0 39.58827 31.23659 29.55724 41.74572 34.52825 42.44163 42.49249 0.04248 35.54236 21.48008 43.05298 33.07906 30.88479 18.78323 37.89766 37.57715 27.55858 25.13049 
1000.0 11.13305 22.5435 17.52874 0.0 15.82296 37.56279 16.70051 16.27026 34.92436 37.04135 37.80307 0.0 12.58227 27.22933 28.7684 28.41122 15.65372 24.88171 36.76315 0.01385 10.59792 40.47345 38.20211 12.81457 20.15218 34.15932 21.31081 33.6499 28.40358 12.25418 
1000.0 43.79726 42.94858 33.42209 0.0 31.81417 34.90754 24.53423 24.18176 20.43171 21.71097 18.91493 0.0 25.35823 18.51065 21.00986 25.00244 9.16701 26.99341 14.18802 0.01452 34.53229 44.56718 18.76967 31.61339 30.47036 16.15614 39.16594 23.40895 9.1044 14.57282 
1000.0 35.07215 23.72093 17.49377 0.0 18.53661 32.58443 41.45752 36.13151 14.25898 22.10947 44.51226 0.0 25.13417 37.48742 20.08079 20.87097 40.53091 23.53612 15.26819 0.03724 26.60296 11.55378 11.04593 24.37868 25.75706 39.74284 44.25527 22.63261 32.38781 33.04297 
1000.0 11.62461 12.50744 15.00399 0.0 39.85482 34.62425 18.83378 28.77574 21.48127 35.38274 37.26134 0.0 16.38391 44.54645 39.05523 40.09567 33.52019 29.12361 36.23981 0.01121 20.57807 21.65855 15.40419 43.93119 10.60433 32.13421 20.64264 38.08455 18.33181 43.92939 
1000.0 0.0 0.0 0.0 37.99422 0.0 0.0 0.0 0.0 0.0 0.0 0.0 43.61742 0.0 0.0 0.0 0.0 0.0 0.0 0.0 0.0 0.0 0.0 0.0 0.0 0.0 0.0 0.0 0.0 0.0 0.0 
1000.0 34.2728 38.57964 24.71029 0.0 40.06206 38.83047 21.86771 21.64949 34.86858 24.67714 41.66138 0.0 40.81596 10.14007 27.0448 27.79714 31.62725 26.27977 36.39902 0.03223 22.94559 34.67476 32.0459 34.34586 37.36029 9.48722 13.05162 25.97022 15.88079 12.77534 
1000.0 15.43499 43.41496 19.15118 0.0 9.09671 27.35643 25.50839 16.10827 28.52121 26.77769 33.4285 0.0 34.92514 12.74879 22.64266 22.48548 44.44522 40.8221 22.17651 0.04318 19.50922 19.5509 22.81478 40.21491 23.07711 12.88878 30.50638 13.8772 16.83601 38.62986 
1000.0 35.96073 17.01171 17.15472 0.0 41.80952 28.48617 23.96253 31.15256 42.846 36.78805 22.07059 0.0 14.09369 35.56314 34.58167 29.66889 37.34582 12.66745 31.30372 0.01596 33.73276 40.33134 12.70968 24.04815 28.13645 19.54061 38.92961 12.95097 36.3684 43.00247 
1000.0 19.58513 25.77826 35.26475 0.0 37.4205 33.97599 20.83002 32.55225 21.63788 26.20018 18.06658 0.0 25.61233 35.02484 37.51292 43.99616 30.09325 15.81512 28.91974 0.01133 33.48725 35.17934 37.70697 11.69534 32.47853 33.85004 28.93138 32.135 25.81114 17.04129 
1000.0 33.851 12.04456 36.95103 0.0 36.90217 21.73416 44.36437 41.87277 39.08219 23.19392 24.8233 0.0 38.93902 14.62074 30.09721 25.34098 12.68509 28.14686 38.45739 0.04203 20.49132 23.04775 16.6581 27.27218 30.10433 37.7181 40.5869 11.5402 33.76309 35.40551 
1000.0 33.19339 41.58951 34.05426 0.0 43.21382 12.18304 16.07432 12.19712 24.2286 18.93086 22.05695 0.0 36.75722 18.95877 12.65772 18.31836 31.99583 44.14999 33.65434 0.04724 26.18251 20.84401 23.64683 22.0923 30.55272 42.1686 35.20769 22.17147 19.61376 13.69836 
1000.0 32.12608 39.10033 15.47329 0.0 26.55106 37.86265 13.18435 42.58414 40.78385 16.55239 39.19129 0.0 30.20827 11.57729 14.04796 24.38876 41.70319 19.59017 21.66689 0.0103 22.80412 11.7855 17.00218 38.68385 28.21477 25.0786 38.44602 24.88729 17.93806 31.3203 
1000.0 0.06602 0.09589 0.14391 0.0 0.09389 0.16134 0.09826 0.0536 0.09371 0.11867 0.12198 0.0 0.14708 0.08594 0.10715 0.12471 0.09222 0.17143 0.0977 9.09777 0.13702 0.07996 0.089 0.05354 0.0719 0.05835 0.05822 0.06798 0.05903 0.18806 
1000.0 30.91183 36.945 10.23994 0.0 13.15735 17.58149 35.18512 20.88086 27.38951 15.86442 24.08298 0.0 36.00216 41.17848 17.72425 32.1114 31.86553 24.41486 43.90467 0.02879 43.1014 18.80102 12.09582 24.96828 32.22877 15.35825 14.69982 29.05535 21.95238 24.7131 
1000.0 19.72043 17.73716 28.85589 0.0 36.39314 27.94918 26.69272 43.98284 25.98493 20.66125 26.75977 0.0 34.12428 24.74061 20.5635 21.6809 40.20648 19.21391 15.88469 0.03823 19.48443 18.71219 27.07004 10.01175 38.14678 21.09652 41.66648 37.21906 20.06169 22.7428 
1000.0 18.30444 20.36113 36.85948 0.0 26.81121 19.19417 32.9847 30.11715 25.41177 43.35578 26.53629 0.0 36.85373 10.62718 32.05279 25.89947 27.53422 27.77796 20.67994 0.01089 11.60064 42.1413 28.88612 40.62621 32.83509 39.07995 35.63273 36.28767 38.4193 14.83225 
1000.0 28.37705 27.2701 25.17259 0.0 10.56689 37.00573 37.65906 39.94147 11.65127 25.4606 15.50906 0.0 16.10262 14.57473 19.32304 38.59828 29.53349 31.68284 40.97015 0.01394 43.54559 44.33991 18.88454 13.45191 18.72774 19.72734 14.18443 43.70835 30.51514 20.36688 
1000.0 20.65712 24.75692 24.16665 0.0 36.21002 33.69602 31.94016 42.22316 43.40312 13.73487 31.38827 0.0 30.42723 12.33612 30.17931 26.90058 37.90972 17.48119 19.31375 0.0105 31.90863 26.96596 32.95242 24.79048 10.37146 9.79482 33.638 21.51569 31.61443 14.14032 
1000.0 23.01386 35.44267 35.36632 0.0 26.16007 26.43687 14.24092 32.79104 9.02287 20.63208 22.15989 0.0 11.70472 43.44728 12.5233 29.26815 23.72491 16.1505 34.98556 0.01757 33.35162 36.87543 24.46975 35.49849 32.77137 13.43139 39.85569 28.26255 11.16114 37.92738 
1000.0 33.14607 13.09748 14.5312 0.0 27.28307 11.58585 13.20713 22.59487 21.90348 33.81521 34.71829 0.0 20.60966 34.64413 12.77116 34.38545 24.24641 26.20726 38.98883 0.02496 28.85379 35.29494 37.48522 31.15238 33.49194 9.60912 20.24803 33.97349 9.84889 10.29316 
1000.0 25.91496 27.88104 13.31212 0.0 44.3563 43.49003 38.90597 22.40053 42.42408 27.24208 24.69374 0.0 36.48832 44.45236 24.24596 35.11607 43.59492 35.51674 9.80386 0.03532 40.73967 38.32514 23.46448 33.41419 43.10509 28.49148 26.37129 11.35905 19.01835 31.22698 
1000.0 25.62511 38.61734 30.67295 0.0 14.19037 24.33989 32.51235 30.4865 20.28182 44.42357 28.32328 0.0 43.7196 28.93122 37.97389 37.29737 18.29167 36.11184 25.91685 0.03047 19.38807 42.88988 25.13792 38.95242 13.63535 11.97524 18.59372 16.02968 20.89418 25.91542 
1000.0 35.70337 44.06203 22.48022 0.0 27.05562 12.76011 40.95141 41.20051 22.51445 18.65839 41.43737 0.0 29.13435 15.73884 14.27184 44.57106 17.28111 20.59937 24.64237 0.0412 23.68688 12.72948 40.96907 11.78626 37.27463 44.22805 19.55428 20.40634 21.88024 12.30572 
