1000.0 1000.0 1000.0 1000.0 1000.0 1000.0 1000.0 1000.0 1000.0 1000.0 1000.0 1000.0 1000.0 1000.0 1000.0 1000.0 1000.0 1000.0 1000.0 1000.0 1000.0 1000.0 1000.0 1000.0 1000.0 1000.0 1000.0 1000.0 1000.0 1000.0 1000.0 
1000.0 28.19385 36.18228 37.65604 0.0 8.47193 31.98419 25.30646 15.23618 11.51759 11.69202 30.6127 0.0 8.07922 32.04104 27.88784 35.36244 16.50777 27.22949 15.57026 0.03667 36.01293 11.29923 31.97651 26.71943 15.03384 19.86296 10.57641 21.31566 8.81721 21.56734 
1000.0 24.72792 12.24846 34.54598 0.0 11.34363 19.20809 37.05551 23.65863 14.21551 37.02923 12.9971 0.0 37.26692 28.66561 12.46264 28.39482 37.03563 33.71747 16.8198 0.01194 31.58373 28.60728 35.78848 14.36086 30.87621 18.18259 22.80967 9.28646 34.65919 30.04865 
1000.0 8.93193 25.25022 18.4344 0.0 34.35552 27.42358 32.93469 30.40176 19.78943 34.31796 31.43672 0.0 15.52036 30.92309 33.97236 12.46325 37.61763 16.97934 36.46221 0.01068 21.80032 28.55809 10.03029 8.01002 28.36019 16.01981 36.17134 36.02398 31.04028 34.45928 
1000.0 0.0 0.0 0.0 28.65789 0.0 0.0 0.0 0.0 0.0 0.0 0.0 32.56175 0.0 0.0 0.0 0.0 0.0 0.0 0.0 0.0 0.0 0.0 0.0 0.0 0.0 0.0 0.0 0.0 0.0 0.0 
1000.0 12.43682 29.30352 23.64093 0.0 9.16413 15.54198 37.72426 16.62029 24.07305 16.42911 38.90414 0.0 25.52403 13.17251 27.94066 35.8631 9.33945 18.18314 38.19671 0.04081 15.40298 22.71353 22.50677 8.34379 21.32263 22.51452 11.85291 28.26542 27.98811 14.50326 
1000.0 37.36031 24.36364 21.53488 0.0 12.85692 37.36037 19.77865 25.05475 9.80745 38.59925 33.22371 0.0 29.29337 21.0103 33.28306 34.45277 26.73764 24.49277 38.67638 0.02777 30.95008 35.79082 24.81873 18.00987 8.08037 38.17944 33.51165 20.25517 26.19227 21.54119 
1000.0 26.86406 30.00188 29.68607 0.0 28.95577 18.52154 23.62173 22.42316 28.41162 21.46765 8.85436 0.0 35.27478 25.29931 21.37527 26.04775 28.15339 24.05284 28.93993 0.04065 38.8674 34.93492 33.32196 11.34137 32.83185 7.80623 30.78411 16.88286 28.82425 23.10383 
1000.0 10.56892 26.81839 38.93826 0.0 34.74794 30.11476 8.25083 35.05631 30.41082 33.96621 11.83513 0.0 25.88482 36.71111 32.70156 11.37905 20.95495 27.82401 13.94991 0.01035 30.67234 37.70782 20.72253 34.42466 13.47125 38.30882 29.64727 30.44649 31.94149 25.24482 
1000.0 19.87254 29.38113 34.61119 0.0 32.1001 10.63387 36.23756 26.01783 19.03466 18.43155 12.08941 0.0 15.71177 22.92701 34.10411 27.92562 20.5387 31.94781 26.01712 0.04177 31.05812 14.44577 31.03774 23.77482 22.31081 14.76731 31.33378 19.92889 7.82075 20.84078 
1000.0 19.69857 34.07383 27.03747 0.0 17.98301 28.98104 10.56402 22.70859 10.59451 21.8832 28.11288 0.0 29.29211 38.78215 8.34593 18.26359 9.6699 24.30826 24.06709 0.02654 35.61334 19.19712 22.50572 37.53722 35.01722 16.23723 23.16084 25.09942 11.90057 17.95281 
1000.0 11.61503 34.66104 35.23848 0.0 38.2075 16.92276 10.21702 15.51919 17.62609 36.14288 14.05878 0.0 34.28619 14.94353 20.96114 29.59803 22.65165 26.51978 31.07554 0.02372 27.48357 36.36845 28.19071 20.79697 15.14234 11.6262 28.29456 19.10766 34.70553 30.88559 
1000.0 0.0 0.0 0.0 12.1155 0.0 0.0 0.0 0.0 0.0 0.0 0.0 38.82601 0.0 0.0 0.0 0.0 0.0 0.0 0.0 0.0 0.0 0.0 0.0 0.0 0.0 0.0 0.0 0.0 0.0 0.0 
1000.0 19.78918 13.91506 15.63439 0.0 20.71581 24.94613 15.86453 28.49909 35.17916 20.71059 13.57224 0.0 8.36073 13.31868 10.03348 34.7998 28.80381 19.20373 35.35661 0.02195 8.72141 13.02734 30.67103 29.14652 17.68205 8.85577 34.85864 19.20153 23.06532 15.18444 
1000.0 27.16264 8.85393 25.53914 0.0 36.45696 20.08322 32.11843 10.91612 12.80937 8.30461 38.55846 0.0 26.65628 15.01199 33.73986 38.78315 33.43308 9.06988 22.7421 0.03957 30.86662 17.63725 29.28234 26.10659 9.47519 32.51424 30.12983 8.12998 24.47353 21.90478 
1000.0 31.40665 34.66358 12.00482 0.0 31.98184 32.33837 33.32144 16.72202 8.32127 29.82838 32.69313 0.0 35.6844 12.49951 21.81123 9.98896 9.68162 13.22742 8.56235 0.03807 27.76048 32.2687 27.24715 20.88318 13.05551 20.75621 23.13669 36.82975 11.00678 25.03261 
1000.0 38.2242 27.14744 17.75395 0.0 24.56363 34.48665 21.02287 32.27665 26.37607 25.61555 18.89441 0.0 35.09901 15.62946 29.55741 25.46562 17.17205 30.41493 20.04101 0.03756 37.05107 23.68059 17.03754 21.22998 13.96394 36.9322 17.91099 34.84735 29.19617 35.93067 
1000.0 19.3715 9.86427 33.16621 0.0 27.67317 37.17028 10.0979 12.57783 16.37919 10.63508 15.5482 0.0 19.30609 37.07889 22.03166 18.73986 16.82969 27.94782 12.11825 0.03669 30.98262 31.83547 13.86773 32.22723 14.70943 20.25528 29.70065 16.15873 33.01601 8.55654 
1000.0 30.21552 22.13039 18.06113 0.0 16.47223 17.8657 30.38661 11.58224 9.21734 23.93023 31.1 0.0 14.63033 28.82136 34.9383 28.7508 11.96395 25.69544 31.2175 0.01749 8.03348 29.0828 29.24284 33.30139 30.80763 22.53816 27.54589 24.31859 31.51934 26.09991 
1000.0 26.16484 26.67907 9.43503 0.0 37.84148 15.31493 17.86676 27.76887 19.24718 19.3695 23.34495 0.0 31.8403 28.06742 20.20763 27.40759 18.67411 36.60635 18.4719 0.03412 24.67949 9.82459 19.96674 17.36959 30.34375 16.5043 35.57286 22.1136 24.8953 25.62265 
1000.0 0.04862 0.12198 0.04429 0.0 0.13778 0.15547 0.06587 0.13368 0.10061 0.08462 0.10662 0.0 0.16943 0.17549 0.15243 0.04913 0.11051 0.14243 0.10567 16.03569 0.08561 0.08601 0.15767 0.03829 0.09306 0.06715 0.11641 0.16567 0.05572 0.051 
1000.0 32.40495 12.05598 12.7437 0.0 38.46201 16.51187 22.29965 9.04887 38.1199 10.58643 35.25807 0.0 31.89867 19.61926 10.6677 8.80232 26.15996 21.18965 18.28353 0.03361 11.30663 32.76595 17.09882 26.48733 8.1 17.87093 8.02326 30.64824 17.70735 11.44179 
1000.0 22.66195 9.26645 24.59248 0.0 11.46763 8.76353 13.29747 12.5623 18.7053 15.83763 34.245 0.0 17.47815 31.04262 35.36425 10.52902 12.81528 14.9823 27.94616 0.04147 27.2235 19.29126 36.4448 21.02191 30.2507 13.37357 21.59544 10.36186 12.77738 38.8835 
1000.0 32.74405 9.15577 34.84021 0.0 37.23647 26.70554 26.08541 26.59519 9.34116 27.60169 12.90484 0.0 34.45217 10.19039 19.43208 8.35118 29.44685 26.59282 18.2429 0.03826 25.70147 38.20388 37.65589 18.84659 14.53629 36.75764 14.1686 26.72111 32.66457 33.11667 
1000.0 19.92551 34.17428 26.94951 0.0 11.04188 18.12305 21.54898 32.56034 10.24455 21.48921 29.89945 0.0 11.46661 15.51257 35.64018 26.13564 24.00321 34.5876 38.59537 0.03361 20.83283 32.58927 35.2902 33.31987 12.62902 27.68103 38.76494 12.44384 18.41716 15.88004 
1000.0 20.90326 24.65699 31.25504 0.0 29.65461 33.52378 35.37915 10.22893 38.65332 27.74294 36.8224 0.0 11.4247 36.66294 38.71077 25.96126 23.60492 8.04607 11.9643 0.02956 14.69324 26.164 8.69326 28.70784 21.16184 37.60947 18.36136 7.9759 25.90872 16.55302 
1000.0 20.52601 26.76663 23.39754 0.0 18.14314 8.78579 36.87961 17.40256 17.26529 13.80873 13.50928 0.0 21.83676 21.50694 12.78083 22.07086 38.638 38.01553 24.20177 0.04273 14.70579 22.93584 34.28371 31.579 26.48578 38.78933 30.0854 28.8189 19.02774 25.96822 
1000.0 10.41337 21.06583 29.06129 0.0 29.60359 16.62235 14.51052 36.90686 33.76124 36.79812 14.25937 0.0 29.817 31.62068 17.90475 17.72872 38.31994 26.87128 30.02769 0.02224 16.27913 19.76846 18.72537 30.13566 25.46334 27.73765 22.6879 29.87188 17.0495 21.29479 
1000.0 35.99068 38.79144 30.92004 0.0 31.76594 17.74837 31.39031 21.80108 16.71672 31.07344 33.57452 0.0 36.43537 12.61832 15.70239 8.39833 30.16736 34.33301 28.52736 0.02492 36.30456 25.261 36.47422 10.23553 35.54384 10.06244 10.72528 22.51394 25.5092 28.78031 
1000.0 9.31653 24.76852 34.87126 0.0 23.39499 27.65967 13.74941 37.30096 10.13184 35.46956 16.42556 0.0 26.464 11.25668 15.39404 10.30754 12.47275 16.71814 10.2503 0.024 34.56009 10.61084 30.72361 17.45617 8.58885 26.1035 34.67663 16.46888 28.44809 38.01141 
1000.0 19.93564 20.95335 10.10047 0.0 32.30197 24.26665 33.83147 26.08178 31.46347 28.11189 30.17506 0.0 9.65159 29.73136 33.2837 19.64369 35.44532 27.34179 28.8217 0.02786 17.01983 8.61953 12.84093 17.28176 19.33297 21.94889 11.78183 11.1639 29.36856 18.68515 
