1000.0 1000.0 1000.0 1000.0 1000.0 1000.0 1000.0 1000.0 1000.0 1000.0 1000.0 1000.0 1000.0 1000.0 1000.0 1000.0 1000.0 1000.0 1000.0 1000.0 1000.0 1000.0 1000.0 1000.0 1000.0 1000.0 1000.0 1000.0 1000.0 1000.0 1000.0 
1000.0 27.07039 29.18202 27.30937 0.0 35.78307 9.5305 31.90626 31.64345 16.33311 16.51194 40.40828 0.0 19.21107 19.41083 43.07602 42.71389 36.70747 34.67591 11.37892 0.0415 32.76482 13.66819 15.22603 24.51517 25.64976 27.10865 43.29225 45.99996 37.35015 43.33607 
1000.0 31.38809 24.17555 26.01954 0.0 14.72063 34.69702 20.18951 30.94844 36.42218 43.04525 32.04175 0.0 22.44504 43.07684 21.30724 21.72727 21.55198 27.25932 9.85044 0.04045 36.79681 16.89183 30.13568 43.82837 23.4538 39.85182 10.882 42.16229 21.70564 18.19069 
1000.0 26.82695 35.81213 21.67635 0.0 24.1664 25.30237 9.51849 40.86546 12.16807 32.91061 11.12391 0.0 38.73515 34.61716 18.50384 20.47191 16.3307 25.96278 33.56527 0.03208 39.92346 36.80928 13.37353 14.81336 18.43912 42.72323 43.11165 30.37746 44.1204 9.44454 
1000.0 0.0 0.0 0.0 29.80959 0.0 0.0 0.0 0.0 0.0 0.0 0.0 45.95218 0.0 0.0 0.0 0.0 0.0 0.0 0.0 0.0 0.0 0.0 0.0 0.0 0.0 0.0 0.0 0.0 0.0 0.0 
1000.0 16.84029 26.2277 31.0319 0.0 11.98317 42.79458 17.25863 34.65383 13.81785 12.36043 44.87927 0.0 39.05951 29.33827 26.04749 41.40594 18.92235 20.72465 44.08412 0.01946 16.15318 26.24959 16.99788 31.7047 46.43662 28.29429 13.23944 27.40254 38.3454 33.46938 
1000.0 10.05506 24.01091 46.50716 0.0 23.90653 24.74192 39.69371 27.84832 14.80909 40.98328 22.52598 0.0 38.17302 22.89129 21.60351 41.43285 27.59562 10.91431 37.48479 0.02682 36.88377 13.83774 34.79697 12.61372 36.42983 29.87879 26.3556 17.86493 10.29279 44.91371 
1000.0 44.80464 40.95969 26.58175 0.0 34.46898 31.20997 46.11348 25.01693 39.15771 34.67202 10.73345 0.0 32.27641 20.11292 43.14478 21.56633 39.48873 44.26514 23.75357 0.026 26.70608 10.56976 33.07258 10.49661 36.80968 41.1536 42.31163 21.63564 39.63378 34.84442 
1000.0 25.7218 44.07131 24.62145 0.0 16.12289 11.58175 43.49465 11.15089 40.06092 17.50143 42.13952 0.0 10.15138 45.08712 41.18112 13.74343 37.37294 30.87902 20.49339 0.04205 19.64976 24.37983 25.79988 18.08309 24.12518 35.94672 34.75594 10.39179 16.87493 33.69788 
1000.0 40.40522 13.6417 42.21272 0.0 23.55319 43.17869 33.79082 12.79855 24.53366 22.43218 39.46779 0.0 12.00611 41.17293 40.78326 44.8364 11.20735 41.62196 31.12661 0.01741 37.36447 23.39895 17.45591 45.36262 43.78078 40.37063 18.35217 32.27177 23.19021 9.80568 
1000.0 37.13874 44.49363 43.05752 0.0 23.85858 30.6194 19.63352 27.15006 18.45803 22.33725 31.14034 0.0 21.62408 22.26369 15.72625 20.46726 41.39919 46.3055 12.84869 0.0259 13.26804 32.4104 25.41476 33.35521 38.45094 34.25957 22.13207 35.6379 31.11714 17.0516 
1000.0 26.98344 17.8322 16.03351 0.0 16.87166 18.82468 18.81211 25.36691 21.22363 24.32382 26.89148 0.0 14.44519 31.61624 36.61434 39.14943 41.1754 25.35533 24.23111 0.01328 40.23153 30.52323 38.45092 24.3225 45.67622 9.52433 16.75911 30.53396 34.16655 44.42905 
1000.0 0.0 0.0 0.0 43.20135 0.0 0.0 0.0 0.0 0.0 0.0 0.0 20.39234 0.0 0.0 0.0 0.0 0.0 0.0 0.0 0.0 0.0 0.0 0.0 0.0 0.0 0.0 0.0 0.0 0.0 0.0 
1000.0 16.54109 36.10155 23.24232 0.0 34.52206 44.37733 25.40574 38.27696 22.29334 46.42768 26.87732 0.0 39.8186 18.39519 13.88164 17.14815 21.46226 43.58229 13.96736 0.01608 25.34505 36.08252 16.27246 21.11486 42.91107 23.80004 46.04286 44.76998 23.59174 22.06491 
1000.0 35.52779 13.03393 10.34952 0.0 11.57115 21.44874 13.34951 39.70423 15.45993 33.49377 38.35261 0.0 34.43837 13.20382 44.11514 14.26913 29.29426 17.89988 45.14885 0.02165 35.51479 39.67145 14.60505 16.88207 20.84932 46.29373 22.12924 31.37125 30.33758 25.75569 
1000.0 26.18907 27.79578 15.50963 0.0 35.63638 25.03369 42.51504 39.67382 22.14042 33.38497 30.45068 0.0 25.13875 22.33563 31.13462 37.76121 36.81501 30.1007 10.34822 0.01138 23.01614 17.39723 31.90293 43.12199 35.89046 12.86259 12.79774 23.86839 9.6794 35.4659 
1000.0 41.53607 39.53356 41.50992 0.0 31.19764 22.38781 18.65303 36.74174 26.22491 16.42235 35.36728 0.0 9.87161 27.13148 35.4204 18.79118 20.41117 17.12245 24.84029 0.04379 29.20481 24.53474 45.26809 27.66147 40.89997 36.9411 16.21129 12.479 9.51547 14.82981 
1000.0 10.30242 43.22435 39.90524 0.0 42.72776 12.47858 26.47022 15.36649 27.18779 18.72092 37.90819 0.0 19.83469 26.92482 29.84813 10.32248 13.93025 29.59921 12.83398 0.01869 40.25574 41.57725 40.93783 11.22637 13.17508 33.65402 19.47242 12.21819 34.24629 21.8486 
1000.0 34.48315 31.05157 41.61976 0.0 41.15911 13.00587 43.9963 36.60801 32.82649 44.27551 18.15962 0.0 27.39749 40.212 13.70651 13.74828 36.85746 32.4521 23.32623 0.04829 29.19139 40.78998 46.7198 41.14885 11.14275 29.00947 37.4711 10.50656 11.2903 35.82248 
1000.0 44.18728 46.21172 27.6158 0.0 13.23705 20.22053 33.81619 17.42608 42.27192 12.02005 18.29167 0.0 30.52456 45.59891 16.38507 35.22418 26.87296 19.14411 13.63357 0.02892 13.31324 18.65117 25.45595 41.61689 19.75319 14.45843 17.90131 25.34742 28.56503 12.13454 
1000.0 0.11803 0.11687 0.05297 0.0 0.1822 0.1392 0.17992 0.10184 0.17512 0.1825 0.0484 0.0 0.08182 0.18174 0.08441 0.05009 0.18224 0.05485 0.17363 30.97036 0.08463 0.15003 0.14712 0.17385 0.18395 0.09972 0.09866 0.15275 0.17462 0.10931 
1000.0 20.97436 33.38406 9.8941 0.0 20.66063 11.55525 20.13345 21.74438 28.39852 25.82342 19.25617 0.0 31.94702 13.3126 38.93545 19.83094 45.71213 16.10016 13.61342 0.03065 28.08804 39.0993 35.79081 11.01892 30.3492 28.9312 46.22968 43.41003 27.4615 37.63777 
1000.0 34.75555 43.08596 32.76108 0.0 32.65832 24.72006 13.2654 46.27876 11.16736 17.53372 38.15137 0.0 14.59465 37.07222 35.51978 42.475 31.56528 42.26244 30.61294 0.0427 27.0392 10.75261 36.46875 29.15872 20.54342 44.02428 35.16665 35.37266 36.42571 15.95934 
1000.0 45.06795 42.21185 37.0983 0.0 33.30938 14.86898 16.26232 35.77493 10.40365 17.799 13.92296 0.0 43.4521 40.78575 36.08894 33.61809 39.32818 36.00605 41.51786 0.03947 28.23291 29.35233 18.3034 32.18518 45.63224 15.59577 39.70252 44.09788 29.07721 10.27155 
1000.0 44.29728 32.89796 18.05404 0.0 41.81908 29.31796 32.61361 31.65298 33.95561 30.18559 22.01969 0.0 44.12508 11.25857 17.97434 10.10524 38.82438 9.49089 29.82782 0.03663 44.08947 25.9546 30.52241 43.37357 18.37121 25.13918 26.56409 41.07678 40.3927 18.01601 
1000.0 41.45963 42.73746 33.24689 0.0 36.01317 28.0616 28.18932 29.52306 41.28252 38.61101 27.29486 0.0 23.80249 33.85814 9.88477 13.09818 29.99345 26.686 14.24027 0.04662 22.03706 13.81411 30.22304 9.37862 26.33555 30.05979 42.90518 36.89172 9.87565 33.7793 
1000.0 42.27882 45.29921 31.15657 0.0 19.99464 45.1399 22.69983 10.89952 29.3992 45.07638 29.50638 0.0 28.39736 21.07963 44.9706 34.97865 33.00148 24.1849 32.67765 0.03243 41.10137 16.9917 20.73199 24.01287 39.26732 24.7998 37.15615 22.70743 26.67717 33.03567 
1000.0 27.24113 39.11668 14.14932 0.0 13.08276 13.22849 39.58254 35.16317 15.29573 12.55474 25.17557 0.0 15.81768 16.85903 43.15665 30.04718 34.99846 37.39284 34.5533 0.03113 24.18124 21.02436 19.75408 31.03654 46.22849 38.92422 22.77523 11.54822 11.60212 18.38359 
1000.0 25.18602 41.70408 30.52721 0.0 20.82315 28.68179 31.01211 20.36845 41.35339 33.31831 9.78248 0.0 34.94465 27.05524 36.26612 11.07523 44.61065 26.04158 9.55288 0.03927 45.54542 40.73029 44.98094 44.09695 14.3626 46.25485 38.39432 42.25331 14.59087 46.3571 
1000.0 12.59342 18.62641 35.391 0.0 34.71401 13.52867 19.8776 18.52119 33.84643 46.2442 43.3485 0.0 41.85202 16.83186 23.1714 30.32318 40.74145 14.97674 34.8628 0.04669 18.40189 35.42458 16.08481 16.22874 34.71771 45.82121 36.41153 17.91595 13.45093 17.27656 
1000.0 40.51161 31.53605 10.76845 0.0 29.53441 18.00486 31.2882 22.73682 46.68445 41.5137 21.0931 0.0 13.3333 24.69139 24.49426 38.01716 43.44657 30.172 25.00688 0.02642 42.81543 44.67483 26.15759 43.96866 18.45658 46.41148 15.26423 13.54423 23.63363 33.64337 
