1000.0 1000.0 1000.0 1000.0 1000.0 1000.0 1000.0 1000.0 1000.0 1000.0 1000.0 1000.0 1000.0 1000.0 1000.0 1000.0 1000.0 1000.0 1000.0 1000.0 1000.0 1000.0 1000.0 1000.0 1000.0 1000.0 1000.0 1000.0 1000.0 1000.0 1000.0 
1000.0 32.79998 15.6708 11.59364 0.0 34.57578 31.52043 39.3363 13.99447 16.71257 26.21841 23.36991 0.0 18.56012 10.11286 33.79318 11.55313 20.92642 32.74436 32.27745 0.02169 28.56312 12.17283 19.04136 14.98651 9.73036 8.80976 11.98257 12.38965 11.03698 39.65183 
1000.0 8.24381 33.76373 22.99893 0.0 39.01837 38.77397 13.04005 12.82778 11.49502 25.97727 32.68412 0.0 23.71948 8.13355 23.28304 27.30434 21.53951 22.39268 31.29552 0.03329 18.2504 15.17872 19.39476 18.32427 28.84123 15.06874 35.56716 24.75537 26.76837 37.91933 
1000.0 21.26264 18.92575 34.74415 0.0 9.35974 9.37559 32.54483 22.3618 31.14097 26.3362 37.59429 0.0 14.20537 35.61426 29.25452 20.41589 33.94088 25.85007 8.19504 0.02661 19.39109 39.48851 15.09754 21.10069 31.43519 23.34647 11.03565 9.62975 23.28157 17.55047 
1000.0 0.0 0.0 0.0 35.26462 0.0 0.0 0.0 0.0 0.0 0.0 0.0 20.55305 0.0 0.0 0.0 0.0 0.0 0.0 0.0 0.0 0.0 0.0 0.0 0.0 0.0 0.0 0.0 0.0 0.0 0.0 
1000.0 22.72776 33.06892 32.25921 0.0 29.93264 29.30041 19.79825 30.39635 21.07399 15.34312 20.8882 0.0 34.81954 9.7664 11.53321 26.51924 33.07871 22.97569 38.56864 0.03034 39.05127 20.83906 15.8093 36.31398 25.17935 16.54678 21.99173 18.3552 29.08257 34.0306 
1000.0 30.19053 18.53044 30.36309 0.0 21.0666 25.61574 17.92258 13.4813 37.19798 30.27767 15.07849 0.0 20.56502 11.36625 35.18867 11.46119 28.52135 37.54805 15.74504 0.01219 16.64842 31.1163 39.34028 18.54412 16.565 18.78537 19.88842 9.09813 14.17307 20.28392 
1000.0 11.37486 26.65101 27.88376 0.0 33.4455 38.75942 18.97442 21.83866 35.67217 23.45531 30.54189 0.0 11.00357 39.08623 18.08648 20.47508 17.43287 18.35109 36.03706 0.01427 39.30434 30.33935 21.92606 15.75778 39.03019 14.5805 10.17659 29.80696 18.29065 19.07346 
1000.0 8.3937 30.34275 33.31746 0.0 17.32297 13.22973 32.92338 24.49043 20.00699 15.86193 29.76666 0.0 13.16201 14.71324 39.48706 26.06342 37.68435 30.81447 29.6193 0.04244 7.96972 13.67395 16.71649 34.6942 25.56569 10.04663 21.69315 30.36743 27.1447 30.79549 
1000.0 32.46596 15.94106 17.86392 0.0 34.39951 8.49473 15.04767 29.68315 9.56422 28.27948 10.57149 0.0 9.81671 25.34216 19.9265 35.97148 36.26116 17.18168 38.29881 0.03514 31.10384 27.05674 13.96588 27.97969 33.19333 17.0646 30.01948 12.08749 29.9623 15.43035 
1000.0 20.75064 37.15905 18.75524 0.0 14.96656 19.51329 28.20408 18.40288 25.4858 38.35261 11.8266 0.0 20.75752 12.09293 28.64515 29.95505 34.49266 12.68936 19.74851 0.01443 27.41287 37.17161 11.02684 35.31819 20.87403 19.48662 15.66978 29.47304 37.44123 37.43486 
1000.0 28.44547 12.85545 20.13649 0.0 17.21795 11.73129 14.57947 18.02051 32.31734 10.48303 30.39535 0.0 25.03384 22.44654 13.2878 24.53581 26.7666 18.02693 23.51418 0.01241 16.27798 18.17379 34.31141 13.84105 15.33742 32.27442 36.97957 21.39324 39.27 27.75308 
1000.0 0.0 0.0 0.0 34.37016 0.0 0.0 0.0 0.0 0.0 0.0 0.0 16.65127 0.0 0.0 0.0 0.0 0.0 0.0 0.0 0.0 0.0 0.0 0.0 0.0 0.0 0.0 0.0 0.0 0.0 0.0 
1000.0 10.26572 15.35134 30.33358 0.0 24.5857 37.37504 21.09893 33.39244 26.46059 29.14151 28.29146 0.0 37.92005 13.45374 34.82483 16.9407 25.94652 35.58546 20.37531 0.01634 38.03808 38.79558 13.38611 13.30502 14.69109 34.85321 21.66702 21.66956 14.31564 26.84659 
1000.0 20.72492 12.24783 37.43413 0.0 28.35458 28.39675 33.91289 30.87533 30.66261 28.10117 25.43344 0.0 38.09046 18.55821 26.47412 32.33159 31.35822 19.69893 18.99281 0.02323 8.49831 18.9655 9.9395 30.94651 24.01201 21.58903 20.04741 30.89041 35.8803 34.5328 
1000.0 18.29856 8.54515 18.77677 0.0 29.85349 38.35665 35.01619 11.01291 22.99062 27.32979 19.86971 0.0 12.0732 16.2043 31.06565 12.96584 10.65083 7.98407 26.86754 0.04098 17.25633 32.34944 18.02592 14.07104 28.77913 37.15396 25.11259 35.32507 32.57121 8.17369 
1000.0 29.75296 9.93234 21.79738 0.0 33.22764 12.44009 12.94997 16.09642 16.32302 27.30285 18.30594 0.0 18.27482 37.94827 24.63801 14.88197 14.20829 11.02519 10.45532 0.0424 14.25433 21.70069 13.64007 19.23628 38.26344 31.13521 21.48927 25.05019 29.92187 27.36752 
1000.0 22.76798 21.56392 13.38539 0.0 33.48429 9.69836 20.309 29.50961 32.69065 14.56149 28.61804 0.0 16.14779 13.65954 12.53534 20.40184 14.6156 14.23927 14.10497 0.01698 39.30694 31.63223 31.48407 12.17846 19.98801 22.34803 36.81507 11.35077 12.71791 24.92433 
1000.0 23.74197 29.0304 21.89224 0.0 38.65155 10.47192 8.71224 15.6915 11.18365 14.50534 34.67473 0.0 23.4904 16.27191 34.60664 25.84503 30.7473 32.83785 24.34283 0.01675 37.19992 12.28701 27.40934 11.08468 9.0603 25.5677 13.97742 32.57133 35.70531 35.12688 
1000.0 32.14665 29.80202 27.00154 0.0 16.18947 25.11836 29.95583 29.41228 10.47562 19.57265 12.21501 0.0 28.16644 11.55248 23.12949 17.87514 38.15063 10.23531 26.17569 0.01236 37.63222 15.16484 35.80917 29.10543 26.61873 25.77656 37.45501 30.50956 18.51961 17.51396 
1000.0 0.08753 0.13187 0.11907 0.0 0.14259 0.05629 0.13687 0.12497 0.1268 0.1636 0.13442 0.0 0.12448 0.1289 0.17164 0.16429 0.07176 0.10264 0.04025 30.94699 0.11489 0.08301 0.13462 0.12823 0.15412 0.14076 0.10916 0.09783 0.13313 0.05825 
1000.0 35.04585 10.09915 22.38448 0.0 28.97835 15.10456 16.06669 25.03809 23.05127 18.61586 16.25507 0.0 34.32043 13.46009 8.75922 14.46799 30.09463 17.1625 20.99919 0.03826 23.7445 13.96636 35.53397 27.39015 38.28319 16.1218 26.62713 38.09451 35.91674 24.19893 
1000.0 26.71674 33.26117 16.43621 0.0 23.84477 17.803 34.02838 33.41357 37.82142 39.5882 14.18694 0.0 24.94391 16.05023 20.21404 21.46289 32.45646 21.84051 37.37765 0.02764 27.43336 24.98211 32.59589 34.82462 26.20829 22.15079 19.85715 17.91576 30.84452 39.41285 
1000.0 33.33063 25.6756 36.70952 0.0 35.2239 30.66582 38.39749 26.06675 37.70876 28.94548 38.59678 0.0 20.72608 20.1091 29.25412 8.40024 11.36503 11.98267 25.219 0.01617 34.08052 31.23078 35.64487 22.37969 17.11265 22.24327 29.56603 15.01213 22.21416 10.5127 
1000.0 36.69761 37.0449 15.04031 0.0 7.97492 16.9636 38.85063 34.90292 17.6387 32.78636 17.06604 0.0 17.97821 24.33958 26.52644 39.75624 29.42546 14.60706 13.19469 0.02068 25.43244 11.46988 24.9488 18.64852 16.33687 38.09628 32.42388 38.68285 9.76988 23.30652 
1000.0 9.73241 25.01705 22.27322 0.0 28.22946 22.23622 17.11414 28.51711 35.9394 13.41208 33.49935 0.0 8.97114 17.05276 38.28345 38.42398 17.10854 8.17579 12.90239 0.01199 20.95275 27.11943 26.13333 25.51707 24.32057 38.63468 24.69373 16.97546 11.6317 19.3924 
1000.0 19.2191 34.98832 19.47822 0.0 15.57736 18.67512 22.91496 36.12328 38.37867 8.85578 8.62791 0.0 32.612 11.4127 15.39109 9.77657 31.05784 31.1224 30.86072 0.01074 35.88146 10.84477 20.6934 11.56353 25.46216 23.41437 11.28581 37.87476 17.54717 31.23566 
1000.0 27.08953 21.05185 25.59318 0.0 33.64052 31.22381 37.82964 26.6478 33.93657 38.16616 31.51061 0.0 26.86236 16.9268 25.03252 33.46559 18.16237 33.37525 16.1016 0.04243 26.75291 16.27374 12.98685 9.51816 36.87849 9.18602 35.13539 28.0202 15.29763 33.63831 
1000.0 10.53865 28.31311 18.97804 0.0 36.86107 11.61548 14.33493 27.20927 31.82616 9.62657 31.8902 0.0 15.74689 34.84244 26.15626 26.29264 15.50864 22.77051 25.16804 0.03523 18.73053 32.68521 30.66496 16.12592 23.71805 25.43186 19.73703 18.97132 12.41315 23.05905 
1000.0 18.76939 12.08947 16.70538 0.0 11.23619 26.07705 8.61933 21.0646 21.99339 35.30019 12.16611 0.0 13.47252 31.20393 29.55303 31.78817 22.04684 26.96607 9.10245 0.0428 33.95798 36.29009 32.63596 24.75432 21.65875 30.31935 39.30187 34.90716 19.96108 8.33844 
1000.0 35.41107 15.15453 34.09032 0.0 30.13244 12.47495 21.17187 29.7571 13.64151 38.84079 14.76146 0.0 21.60006 20.75 26.94834 29.03936 20.41645 25.7577 24.74862 0.03956 34.72124 14.50006 10.11434 20.6518 35.02689 16.42764 32.82598 16.23365 9.89435 37.86983 
