1000.0 1000.0 1000.0 1000.0 1000.0 1000.0 1000.0 1000.0 1000.0 1000.0 1000.0 1000.0 1000.0 1000.0 1000.0 1000.0 1000.0 1000.0 1000.0 1000.0 1000.0 1000.0 1000.0 1000.0 1000.0 1000.0 1000.0 1000.0 1000.0 1000.0 1000.0 
1000.0 42.77988 21.23814 17.86491 0.0 18.05403 21.15491 24.18421 27.18601 35.48974 35.51962 19.8261 0.0 15.06867 37.66646 42.06411 24.91355 9.4492 15.16006 29.49305 0.04703 29.52015 24.3296 44.78236 12.80126 10.49199 28.12451 41.57181 42.04738 31.61462 21.91095 
1000.0 20.8055 12.99679 44.24077 0.0 9.98123 38.26245 32.88698 43.94485 34.37653 26.88858 41.28443 0.0 44.35461 24.02868 12.6205 39.51654 42.41189 25.45826 45.47156 0.03773 33.68932 36.13503 10.52093 38.27695 31.94905 33.144 11.22756 20.42992 20.37756 11.36392 
1000.0 13.6537 41.30383 14.06912 0.0 29.53795 25.97718 19.90731 9.41454 9.92715 37.99005 10.8668 0.0 34.4 42.26594 15.66102 30.93828 28.15548 11.27443 9.59428 0.0099 37.87099 30.73136 35.12206 13.91791 34.11161 21.23102 19.38966 40.18069 27.75329 31.27793 
1000.0 0.0 0.0 0.0 46.17871 0.0 0.0 0.0 0.0 0.0 0.0 0.0 26.52327 0.0 0.0 0.0 0.0 0.0 0.0 0.0 0.0 0.0 0.0 0.0 0.0 0.0 0.0 0.0 0.0 0.0 0.0 
1000.0 24.21124 17.51675 22.06853 0.0 42.75382 17.04767 37.63577 28.74672 12.95145 31.34841 20.85769 0.0 11.33853 11.94223 11.43023 10.00965 34.63266 45.79318 11.77565 0.01931 45.22652 25.69358 24.65233 33.28622 42.47152 32.2246 14.55926 19.92421 43.56527 42.41331 
1000.0 26.55749 29.0439 38.88219 0.0 40.09515 11.78083 13.27244 40.51216 43.55104 14.29317 27.70358 0.0 32.78169 23.8943 9.41854 37.17785 11.26813 31.76019 23.54464 0.04494 20.28746 29.96575 43.58339 9.9617 35.60175 19.03224 19.25535 28.60394 32.29619 22.83965 
1000.0 13.87885 10.58962 46.00606 0.0 12.74949 33.41578 14.13762 12.35646 14.83477 21.5445 41.01013 0.0 45.62358 34.81191 21.29886 45.78696 33.02695 24.5085 27.202 0.03324 16.85388 41.38687 13.21673 46.14971 35.17972 21.0874 39.77273 24.01541 27.74474 9.34439 
1000.0 34.87546 32.42303 29.01215 0.0 9.63497 28.62274 27.20054 38.80179 29.52025 11.14464 16.2582 0.0 39.70742 21.14447 32.23293 12.55814 31.29078 40.93037 35.62321 0.02471 30.96356 31.65249 35.95889 40.93729 12.08125 34.03732 46.22934 40.42645 41.98516 31.35902 
1000.0 10.28891 22.15564 45.23589 0.0 41.87098 17.31055 15.87184 10.47628 21.53333 46.21926 45.79866 0.0 30.12331 29.80238 34.29823 29.42721 20.25247 13.18499 20.28548 0.02032 40.24292 34.68836 29.34075 41.31613 19.60607 44.48867 31.25915 22.09868 11.18045 35.09323 
1000.0 19.80391 36.74246 45.39156 0.0 18.5433 32.05487 13.03471 14.58769 46.1316 45.33662 35.32941 0.0 24.63497 37.38977 45.90701 40.60601 18.25265 42.96692 42.52778 0.02411 21.67505 37.968 21.93988 22.07991 25.20751 14.15579 22.6819 43.85738 18.2031 21.42767 
1000.0 30.48897 32.35755 30.68389 0.0 37.48591 24.18952 11.06886 44.00264 34.06212 13.69407 39.65164 0.0 16.38207 15.52589 12.4743 23.06938 23.60559 33.73798 25.76526 0.01839 31.54167 17.96763 40.2068 10.75875 40.54394 14.40021 33.33956 30.31694 32.90644 15.94275 
1000.0 0.0 0.0 0.0 11.0621 0.0 0.0 0.0 0.0 0.0 0.0 0.0 31.67522 0.0 0.0 0.0 0.0 0.0 0.0 0.0 0.0 0.0 0.0 0.0 0.0 0.0 0.0 0.0 0.0 0.0 0.0 
1000.0 44.48362 13.60983 15.02275 0.0 30.73225 21.14238 19.41326 9.31662 18.04962 21.80684 44.00278 0.0 26.09976 45.5241 40.12304 34.90888 39.96824 17.96227 36.96285 0.02694 11.24467 36.0572 11.25005 27.74207 28.45551 31.83652 38.20663 26.59271 30.47604 29.92504 
1000.0 20.25777 30.86993 35.48133 0.0 21.48975 30.37518 23.66735 13.14252 31.7506 25.36987 42.90564 0.0 22.74155 10.24389 40.90946 13.98912 45.02089 30.94935 24.7193 0.03891 26.23408 32.00222 16.95674 29.0897 15.89394 28.92177 29.2356 20.288 15.18162 19.7413 
1000.0 30.00264 29.04777 18.99244 0.0 30.30789 16.74246 29.5463 37.3432 16.31102 24.03509 38.25076 0.0 40.92325 14.00959 27.53698 39.24281 12.50165 25.15502 13.79787 0.04729 30.13047 17.85237 21.84311 40.2426 43.96148 41.52562 42.52833 44.87754 33.17896 30.36556 
1000.0 11.60783 27.58396 35.16956 0.0 33.42225 44.33357 35.05772 29.07718 29.69082 13.22919 24.95879 0.0 24.2778 45.27587 26.79633 44.38122 38.89535 16.47722 27.78024 0.01665 32.56506 24.23732 11.13347 13.77314 28.9828 31.77252 18.3697 35.15827 24.68544 35.24384 
1000.0 16.59949 28.67829 38.77268 0.0 28.60144 35.76333 15.55719 37.17289 43.83536 14.58407 46.11904 0.0 32.03232 20.39769 44.34317 24.00187 16.23032 30.71422 12.81969 0.04283 29.78742 17.5818 16.74968 30.80087 13.45585 39.97287 30.23068 9.77176 30.47193 29.31165 
1000.0 31.18187 10.52798 12.87146 0.0 14.42491 18.71183 27.17435 23.39456 12.45514 10.9266 29.34552 0.0 27.53263 30.60478 25.23647 18.48762 19.72553 26.64754 24.29232 0.03857 36.90018 45.20954 26.9984 18.62444 22.52156 13.90026 27.71934 37.09041 36.15463 26.13542 
1000.0 39.45595 14.95784 14.14761 0.0 43.79982 37.98786 43.57813 43.91249 37.27046 31.2841 30.61973 0.0 32.18828 27.57307 44.21329 45.86824 33.90656 43.2184 12.79586 0.04272 31.1268 45.17782 16.94301 43.40233 38.64487 15.25866 25.34046 27.22137 32.34122 13.80643 
1000.0 0.13467 0.18586 0.07293 0.0 0.11765 0.16578 0.06647 0.12112 0.08768 0.1252 0.07598 0.0 0.1518 0.06072 0.10319 0.17004 0.14297 0.13418 0.07786 25.54361 0.0785 0.1317 0.09509 0.13386 0.15601 0.0953 0.07847 0.12491 0.06634 0.16368 
1000.0 27.20831 34.21766 17.40072 0.0 45.1143 24.73289 28.07624 26.6366 40.19692 23.18174 31.82786 0.0 35.35039 33.2785 38.20077 24.6118 18.10765 31.40869 9.65344 0.04802 9.53522 32.33472 29.18387 37.20756 33.64697 40.18718 22.76254 20.62048 24.40055 13.34963 
1000.0 31.01067 39.02719 45.36689 0.0 9.34315 38.73878 15.10245 42.62602 45.61614 28.33617 39.99459 0.0 37.89357 14.47735 39.29916 46.10399 31.6763 28.75736 19.88085 0.02038 29.3558 27.39845 9.65922 18.80091 11.80746 37.1111 29.32849 32.9343 43.62743 40.5067 
1000.0 23.93292 35.11154 23.89952 0.0 34.375 15.61932 32.52428 15.66313 33.90805 45.58343 10.12508 0.0 32.63375 18.82956 13.68024 42.97281 10.08586 31.37557 20.88219 0.01693 13.16895 30.11644 12.70074 18.16529 11.20241 23.50086 30.19076 24.23403 29.54342 18.6673 
1000.0 18.48593 41.08304 17.64172 0.0 39.7851 26.38652 43.87589 16.34657 21.85121 41.62087 23.58866 0.0 19.51915 12.23658 35.97834 39.82446 39.80481 27.82378 14.30949 0.04238 32.75861 25.5817 28.45305 43.47402 11.06909 22.13099 22.1866 11.66952 38.44913 12.66067 
1000.0 34.81662 39.1035 38.48265 0.0 45.35302 37.83561 15.84518 43.85958 17.43206 10.59694 22.21474 0.0 38.65187 22.53708 19.44513 41.41466 29.50854 18.68726 31.1982 0.02766 13.24755 15.33657 29.67977 34.08443 23.82456 31.04936 38.61516 15.3675 25.09985 12.57542 
1000.0 27.60149 9.32553 13.50446 0.0 43.90642 27.90595 18.45594 23.69209 11.64191 23.40964 9.43451 0.0 22.36609 26.09915 32.74107 43.16892 9.31304 13.00414 43.39741 0.01826 15.07537 24.16162 43.31063 27.41453 39.87214 14.31328 41.88411 19.69839 42.16662 33.21474 
1000.0 37.93696 10.35573 26.90707 0.0 45.74153 16.22521 26.34582 17.83099 17.03281 39.75334 13.18271 0.0 38.72579 39.07622 17.91128 42.26547 33.35003 22.42595 18.6935 0.03859 46.22384 9.81243 45.35487 33.74385 37.78495 28.03525 10.12009 34.94262 19.80235 11.71767 
1000.0 14.93746 32.52072 39.45596 0.0 42.19828 43.86259 13.8453 40.90704 28.52866 37.23999 29.44056 0.0 31.1296 41.43492 28.14715 26.00776 43.90144 30.80767 41.94254 0.01816 19.30217 19.66168 43.31749 15.26426 23.33151 22.93865 34.40202 13.37004 46.28356 23.1762 
1000.0 44.20233 46.04249 13.2931 0.0 10.40786 23.68711 11.87034 43.11722 27.06581 22.47933 24.24286 0.0 13.52879 45.64057 23.59478 35.97191 16.74984 32.55768 26.37914 0.04788 10.02856 21.99033 28.66226 30.52622 20.33 40.04964 34.3033 23.24303 29.05052 27.38314 
1000.0 25.71294 42.62675 28.5345 0.0 19.14835 16.68111 28.70136 37.50593 31.33414 23.82944 35.85368 0.0 15.17043 19.73322 22.61536 33.83261 44.11493 33.63047 39.47099 0.01598 16.13641 28.49366 16.98188 35.45517 41.2176 32.13028 30.41543 31.74333 16.62531 40.20206 
