1000.0 1000.0 1000.0 1000.0 1000.0 1000.0 1000.0 1000.0 1000.0 1000.0 1000.0 1000.0 1000.0 1000.0 1000.0 1000.0 1000.0 1000.0 1000.0 1000.0 1000.0 1000.0 1000.0 1000.0 1000.0 1000.0 1000.0 1000.0 1000.0 1000.0 1000.0 
1000.0 26.97381 38.85921 47.48376 0.0 22.3392 38.02121 47.43864 15.73057 16.05491 43.20911 28.11054 0.0 13.18408 34.91068 19.4944 34.92219 37.23016 11.35041 48.85888 0.02544 35.77865 24.23246 14.26476 37.11315 14.34986 12.17192 22.56448 17.92451 44.82882 33.96747 
1000.0 27.55809 29.33568 45.30537 0.0 14.58675 22.05696 48.97309 32.56882 33.24719 24.32423 10.61863 0.0 44.1368 19.9822 23.84798 21.3833 33.9784 24.2835 20.51348 0.03262 37.52899 35.72911 14.20312 35.99854 22.07143 11.18026 39.2075 21.84279 31.29935 45.97656 
1000.0 19.89702 42.4831 24.94839 0.0 22.60772 31.66711 48.26323 40.74004 28.21922 39.55605 46.70811 0.0 41.34505 34.36048 16.72564 20.78197 37.47552 45.20348 15.65937 0.01102 25.10756 48.27696 19.33964 15.14835 37.9462 30.79184 32.92354 28.80067 28.24128 19.15474 
1000.0 0.0 0.0 0.0 29.64049 0.0 0.0 0.0 0.0 0.0 0.0 0.0 10.85277 0.0 0.0 0.0 0.0 0.0 0.0 0.0 0.0 0.0 0.0 0.0 0.0 0.0 0.0 0.0 0.0 0.0 0.0 
1000.0 21.93721 12.34247 49.20614 0.0 17.35018 40.66563 49.47799 12.21119 39.80577 27.40319 19.20007 0.0 45.18305 34.3385 37.17238 35.23907 12.40712 15.35329 23.58387 0.04005 37.36107 45.6539 28.91744 29.68412 18.49785 16.08347 18.8595 19.99963 16.31173 25.13835 
1000.0 40.51858 16.6519 34.60556 0.0 36.95585 43.5464 13.56453 31.91141 36.83255 10.23814 48.89951 0.0 15.7943 17.97302 29.13467 13.11936 29.94567 37.22753 42.2723 0.04945 42.92619 36.50808 35.92453 37.01457 20.26135 34.28509 14.7842 20.97321 46.40472 14.03696 
1000.0 43.88493 43.41045 29.53315 0.0 26.03922 22.75692 46.67648 21.1099 41.00239 27.11079 45.45939 0.0 23.83258 49.12981 36.9282 31.97342 26.07582 44.55575 39.31863 0.04623 42.50112 44.47645 38.37467 14.06437 15.52094 35.01389 12.26542 32.18581 47.73926 23.8841 
1000.0 21.1101 18.23588 33.31985 0.0 45.34792 42.76883 44.16286 13.61667 46.17884 18.70491 43.94071 0.0 27.21552 22.099 15.31534 40.61561 24.03849 33.36844 44.95522 0.02158 35.62921 40.58424 36.85884 11.66965 16.39609 47.58062 41.21876 15.08365 46.30521 21.26026 
1000.0 40.68358 11.24393 19.70621 0.0 20.04371 21.6407 46.90575 16.10555 35.74824 44.81768 23.81806 0.0 48.88516 26.2194 34.07094 42.84913 18.9561 31.5741 29.09062 0.02648 32.14898 19.69755 17.13132 41.92961 39.85665 29.58396 43.4143 19.75885 28.27402 24.56133 
1000.0 48.79892 37.86737 33.48909 0.0 27.91802 40.11324 27.43087 32.28962 35.61096 33.8816 24.52186 0.0 39.54875 29.69839 23.57131 17.82331 42.68316 45.4368 28.50574 0.02335 31.59117 15.71376 33.27424 39.74692 22.25461 41.6073 35.95016 49.01924 45.8363 29.02465 
1000.0 28.83676 30.1557 16.90382 0.0 10.41012 16.5577 13.70836 29.58802 36.47759 35.0644 48.10244 0.0 23.04503 43.36563 39.95974 19.98277 45.95469 18.42346 45.97415 0.04135 41.89982 15.89411 48.75238 47.52654 43.20573 35.80418 39.0349 11.46719 41.80888 20.19507 
1000.0 0.0 0.0 0.0 39.31976 0.0 0.0 0.0 0.0 0.0 0.0 0.0 14.08094 0.0 0.0 0.0 0.0 0.0 0.0 0.0 0.0 0.0 0.0 0.0 0.0 0.0 0.0 0.0 0.0 0.0 0.0 
1000.0 36.25824 33.29947 49.25303 0.0 26.03719 38.66718 22.81808 34.87244 49.01624 33.16351 15.39092 0.0 21.37989 15.40904 18.49908 41.80172 13.46958 34.39594 21.6072 0.04323 29.5441 24.78 17.83851 26.05885 24.67961 25.7843 35.80865 20.42161 35.69874 26.58541 
1000.0 10.31424 13.38221 42.18261 0.0 41.6138 32.65651 37.72278 12.52174 23.69216 12.16942 41.30288 0.0 34.40799 41.90427 11.09226 47.46538 26.47929 45.0695 16.29668 0.02243 30.86926 12.68579 32.51797 49.29001 28.61351 40.60351 21.11761 14.64828 11.04826 45.67552 
1000.0 25.62012 34.00074 26.49643 0.0 16.31181 25.51592 31.30478 18.22567 10.80916 48.41325 32.23167 0.0 39.31577 44.59606 30.01139 24.4037 28.01527 24.15725 11.63413 0.03047 26.43388 46.99522 16.3236 44.60615 37.78438 23.71324 34.68051 13.95717 40.7901 28.21995 
1000.0 19.93577 29.76067 12.77129 0.0 44.02062 37.69066 13.40832 31.81698 34.25675 11.87216 21.55232 0.0 36.80453 20.11234 14.2514 40.81607 14.3152 38.73247 48.65604 0.02183 21.62655 28.09915 42.25181 47.66273 25.27994 49.35144 35.2185 18.16059 14.39231 14.72755 
1000.0 12.06332 33.64463 48.76888 0.0 27.40301 22.51022 32.59571 23.3895 23.02655 36.32585 31.27027 0.0 29.93395 20.45809 40.1453 22.22266 26.34434 24.06631 15.75979 0.04747 16.82416 41.80913 38.23878 37.46795 33.57122 21.64858 42.54509 39.15687 31.71665 29.10898 
1000.0 19.92297 42.79489 49.16526 0.0 48.0031 24.17236 41.99111 14.5513 24.13366 41.4399 18.44827 0.0 30.12218 31.12986 37.97912 35.2978 11.51719 14.8756 49.45525 0.04734 22.99961 36.80213 47.19517 32.0154 23.26488 27.99165 31.26971 29.8798 30.60512 39.78478 
1000.0 13.35865 30.35132 22.44321 0.0 44.57717 13.49737 43.75038 28.2115 20.78704 20.61153 23.04603 0.0 9.95785 32.88137 45.56789 35.82613 40.40893 17.37929 48.45931 0.01696 24.14946 30.22139 38.12877 22.06393 15.21642 24.61988 44.47468 31.73198 28.53103 35.67233 
1000.0 0.05878 0.15468 0.05402 0.0 0.05597 0.12514 0.04249 0.14662 0.12488 0.14841 0.1951 0.0 0.16632 0.16815 0.06424 0.08967 0.18423 0.06726 0.08405 34.12571 0.05018 0.05618 0.14068 0.16704 0.06872 0.1572 0.08367 0.14461 0.07749 0.12588 
1000.0 28.92549 16.99589 27.34146 0.0 41.38481 24.83394 28.06141 37.08621 11.74293 37.04731 40.36418 0.0 38.26116 42.16573 36.12342 17.62428 21.38493 34.47303 39.13817 0.04817 17.37189 48.26062 48.23193 39.00429 18.47484 18.16437 25.88795 38.13984 21.37527 17.26864 
1000.0 44.05427 14.57757 35.97189 0.0 13.54374 31.43833 29.12727 43.6837 45.71453 45.07028 18.03253 0.0 20.20154 29.35987 22.82521 32.61667 30.28118 33.87223 24.64327 0.01664 13.4174 43.66427 26.95534 29.29896 48.32119 39.70401 19.99364 19.30076 43.96132 35.38211 
1000.0 35.26015 40.67664 22.46746 0.0 10.20583 34.09937 36.26971 30.19883 40.36491 35.46553 14.48227 0.0 35.7107 19.6349 12.35652 38.8597 38.70827 32.49166 41.36727 0.0252 14.5944 32.17891 30.36612 11.68419 15.36331 35.64694 47.43005 29.02651 14.17544 34.73267 
1000.0 42.92565 37.18582 25.8787 0.0 34.69137 29.45248 41.45621 35.82575 14.75602 15.47318 45.2754 0.0 15.23797 19.36563 10.14207 37.32158 29.76119 15.40365 28.48217 0.03161 31.18789 20.30679 14.94747 30.51629 32.12674 17.12601 14.53397 40.16637 19.11382 11.72031 
1000.0 40.98769 44.47734 30.69843 0.0 12.16908 38.01001 43.31429 17.30953 14.98107 16.03124 46.21369 0.0 43.55283 23.88611 41.51643 41.3253 35.00958 16.83613 21.24446 0.03737 27.46083 14.61049 22.67198 48.72632 35.4513 23.25233 29.50221 35.5757 45.91781 10.07164 
1000.0 32.66712 32.58874 31.85492 0.0 33.27133 24.38703 30.42961 23.76925 23.64854 13.39046 47.34374 0.0 40.33056 36.97348 32.39335 17.53775 22.81084 25.97246 23.6861 0.02213 22.67891 45.25031 11.55113 19.26115 37.16719 17.12842 26.91144 24.26128 15.4245 30.6474 
1000.0 31.36438 48.87886 28.75015 0.0 39.87985 21.56869 31.78075 34.04157 11.07728 37.20464 26.61035 0.0 33.38356 31.78299 16.67776 48.63287 38.23269 17.18193 22.40467 0.03941 23.35571 16.60181 42.29176 30.42971 38.4875 13.21677 31.86934 21.25774 15.62208 48.12802 
1000.0 30.68757 13.97709 18.48768 0.0 13.06162 20.5391 33.40894 29.54964 35.44701 10.063 37.77921 0.0 21.78061 20.97203 18.69398 26.77118 31.04799 42.19738 47.94417 0.03503 35.93613 16.72078 41.8802 36.67079 36.6978 40.75238 11.12132 10.01714 36.75963 47.2135 
1000.0 48.64268 27.72998 17.08083 0.0 20.88393 39.40632 29.83471 37.87643 21.30223 27.7435 16.57811 0.0 35.91736 33.91054 20.78657 16.66156 37.82148 34.82581 36.73892 0.02209 23.32648 34.94873 23.39806 14.99154 14.74249 28.70032 48.06778 28.48314 12.5435 33.43763 
1000.0 46.66684 13.14831 42.64133 0.0 48.00503 23.30051 28.27431 20.18202 19.60276 22.85625 37.94172 0.0 45.60714 12.37794 47.17542 24.01519 39.6962 48.83721 43.27072 0.0156 17.75169 46.18603 14.53699 10.07819 39.84701 33.72099 39.70936 41.26615 23.28424 21.25625 
