1000.0 1000.0 1000.0 1000.0 1000.0 1000.0 1000.0 1000.0 1000.0 1000.0 1000.0 1000.0 1000.0 1000.0 1000.0 1000.0 1000.0 1000.0 1000.0 1000.0 1000.0 1000.0 1000.0 1000.0 1000.0 1000.0 1000.0 1000.0 1000.0 1000.0 1000.0 
1000.0 13.75692 42.78639 30.79534 0.0 43.4218 17.23346 27.32443 21.41869 17.422 13.32409 15.53496 0.0 21.20277 18.21316 28.42334 36.65425 36.96293 44.85719 31.3469 0.02453 42.45048 37.36384 29.92228 10.49783 29.93039 41.58972 25.03736 34.22033 43.47786 20.51819 
1000.0 19.12786 17.64362 18.06904 0.0 32.81105 21.41744 37.5282 27.61319 41.1929 32.85711 11.0691 0.0 35.53793 16.11975 26.0092 9.49354 20.34433 19.07382 14.68618 0.03445 14.04113 21.22748 28.8803 13.66824 28.14296 25.46447 26.12666 42.5982 32.40965 34.58596 
1000.0 17.22763 9.78789 28.07534 0.0 26.53184 29.75266 35.71414 19.15882 12.82587 27.2846 39.95315 0.0 42.29891 20.34483 34.91885 11.19649 9.78691 22.11622 13.05901 0.01653 30.37622 34.20991 22.09159 37.20992 24.6289 29.76127 42.27101 40.48666 13.67974 12.14505 
1000.0 0.0 0.0 0.0 31.0869 0.0 0.0 0.0 0.0 0.0 0.0 0.0 9.96923 0.0 0.0 0.0 0.0 0.0 0.0 0.0 0.0 0.0 0.0 0.0 0.0 0.0 0.0 0.0 0.0 0.0 0.0 
1000.0 36.4911 41.36423 40.78319 0.0 32.65914 33.70416 37.20941 42.9413 27.34593 34.92905 9.56007 0.0 42.58021 42.64508 33.35889 23.60032 44.87139 39.36765 43.95989 0.02147 26.64332 31.9376 23.42437 12.34476 25.42884 25.63611 39.91582 19.14102 13.52422 26.63058 
1000.0 17.2971 42.5448 12.52672 0.0 18.68549 40.82883 34.70064 14.73315 26.86096 17.74864 42.22512 0.0 18.27336 21.73269 30.72346 43.45853 22.52037 30.28006 22.88881 0.04589 39.88979 12.7143 31.85017 19.37166 32.26419 42.76466 32.42449 23.80036 28.80549 29.87215 
1000.0 15.39452 20.73114 29.48755 0.0 38.06137 34.13669 25.02762 9.70512 25.15417 41.12718 22.93924 0.0 27.63146 10.11173 32.44642 12.87929 26.53958 45.15765 26.85054 0.04251 18.8819 18.63593 44.43708 15.06863 38.86654 10.65468 40.23504 22.64974 24.34952 40.55733 
1000.0 24.92468 31.7755 10.22916 0.0 38.42006 38.42295 25.01253 32.8623 42.05866 20.92955 16.97116 0.0 16.91624 25.34539 34.7941 29.86642 29.87676 43.85614 22.52737 0.01849 20.33448 25.9006 42.14274 31.82973 24.90045 10.16137 45.1541 43.00587 44.38105 34.87504 
1000.0 26.096 26.15321 23.72133 0.0 22.47705 26.79272 36.98716 33.1438 21.3524 38.90058 19.49732 0.0 44.54362 12.21313 25.51575 14.76077 12.74959 29.08007 21.52282 0.03569 27.53361 11.69401 43.35222 32.89923 43.7741 44.33641 19.04992 41.06905 9.56134 32.72916 
1000.0 20.21377 12.65606 24.01592 0.0 30.01899 44.55702 32.29181 37.83507 29.81216 26.90983 21.5548 0.0 10.95295 10.36439 42.98274 41.78278 18.23983 43.75058 32.28202 0.03825 30.97309 14.37246 41.27653 15.18091 9.45079 32.52258 22.92589 31.32389 20.66923 39.51503 
1000.0 13.13451 29.34405 33.05909 0.0 41.16552 31.70696 31.32777 14.56956 19.23325 24.04548 38.50535 0.0 39.31443 22.25052 33.52719 43.7886 23.40827 26.64187 37.77577 0.03008 21.85634 9.45127 34.05873 11.03874 16.89041 13.21158 44.34227 13.05191 38.12454 17.41266 
1000.0 0.0 0.0 0.0 39.72435 0.0 0.0 0.0 0.0 0.0 0.0 0.0 36.06553 0.0 0.0 0.0 0.0 0.0 0.0 0.0 0.0 0.0 0.0 0.0 0.0 0.0 0.0 0.0 0.0 0.0 0.0 
1000.0 27.38322 29.7819 32.98482 0.0 45.05429 16.65182 14.69943 14.3218 9.74044 11.39877 45.0106 0.0 13.94127 39.32526 12.11837 12.80784 31.80549 41.86036 29.79613 0.0364 31.31287 14.20836 13.86341 45.10891 10.01806 35.81402 24.76593 9.7533 34.34627 9.80821 
1000.0 32.36863 22.75061 26.58316 0.0 44.2153 17.97321 41.09117 25.51034 31.7436 17.41004 27.61453 0.0 36.67739 34.13758 22.35003 13.32773 14.09583 34.33101 35.34603 0.0409 34.44527 41.93828 44.17774 31.03541 10.38482 31.96179 12.6497 11.57459 38.90692 9.74812 
1000.0 43.05075 29.26165 27.56137 0.0 36.50398 22.90111 16.87605 44.23587 25.08547 39.5084 16.12783 0.0 34.09407 26.20016 31.79359 35.48053 34.30474 15.5009 44.05806 0.02472 24.13754 44.33129 39.38413 10.82434 12.67948 20.01509 36.87816 21.28505 27.84725 24.33374 
1000.0 20.82352 43.92333 27.98991 0.0 40.20362 37.87539 21.17006 16.49648 22.41174 16.10089 32.25207 0.0 11.72905 32.32194 39.29199 36.48146 36.4116 28.51068 20.4039 0.04073 14.00761 29.7198 41.23337 34.89209 10.37488 37.1041 11.58566 44.87321 34.51903 25.98614 
1000.0 28.15245 21.08943 12.06877 0.0 40.86091 43.61985 37.44757 12.39036 34.68676 22.73119 15.2742 0.0 9.60777 17.84671 22.6452 22.89518 43.11988 27.58979 18.27974 0.03143 34.26894 38.72841 15.17465 32.03909 35.6896 43.09082 17.86725 14.97687 27.2907 21.76754 
1000.0 34.50663 45.11894 31.91726 0.0 9.36696 14.15463 11.74363 11.94782 35.77911 22.49438 15.16845 0.0 39.34523 17.05035 13.04356 39.51519 44.36644 43.72034 33.32469 0.04493 21.96567 13.12629 14.58463 38.81976 21.24895 37.30256 31.17307 10.52544 12.00868 28.2648 
1000.0 32.16152 21.46103 18.08353 0.0 42.53226 29.8533 27.79248 21.47099 32.24626 19.64559 18.54359 0.0 38.92782 17.4768 39.69417 13.40991 31.94173 24.20616 43.89101 0.02856 12.25446 14.39257 20.08519 11.00355 18.34463 13.78674 30.16512 20.85914 30.06012 23.21836 
1000.0 0.12048 0.17372 0.08429 0.0 0.17678 0.18563 0.04049 0.18232 0.1142 0.12839 0.15158 0.0 0.04812 0.09859 0.07009 0.06755 0.09002 0.07141 0.04368 11.31793 0.15421 0.16583 0.1178 0.12438 0.05119 0.14113 0.13853 0.12993 0.09132 0.16378 
1000.0 30.8719 42.88721 30.89111 0.0 19.19189 39.58295 15.17189 33.95284 12.3866 30.19484 29.95955 0.0 37.23352 10.72523 30.05067 44.70616 23.41622 28.73972 27.95788 0.01449 32.15527 27.16837 35.23014 26.95806 19.42884 35.06693 24.17343 25.45413 21.67985 15.84156 
1000.0 18.74196 28.14812 43.27634 0.0 30.33631 13.4396 44.37224 26.1311 32.09691 41.67299 34.85784 0.0 37.48623 18.21869 26.20789 44.8792 41.44226 45.28132 23.1109 0.0238 39.3024 19.95555 17.11869 36.80452 42.13127 24.0042 22.69529 11.74349 28.69102 12.07648 
1000.0 32.20789 27.28464 32.17083 0.0 40.51298 40.79565 15.01205 15.7306 12.30595 29.55731 13.87675 0.0 22.63158 16.65012 11.80575 9.40908 29.354 14.82706 11.0559 0.0173 10.21037 34.57598 13.22628 45.35289 32.3202 25.72958 14.56047 11.82845 38.77351 28.1692 
1000.0 31.42142 42.02604 11.6854 0.0 30.25363 41.97775 30.43695 28.9095 12.12206 9.38105 25.00155 0.0 19.81637 31.52469 38.35558 19.16079 23.78779 40.89959 11.071 0.02022 9.09239 30.07692 9.15787 44.91159 26.88432 44.81454 9.58865 13.42268 16.29757 38.59143 
1000.0 37.71713 30.26341 26.08779 0.0 11.44973 12.06519 29.62942 19.6627 42.96981 39.49109 11.54359 0.0 20.28449 27.84921 31.10336 39.68073 32.74426 17.34195 24.76463 0.03429 25.46757 22.42028 23.44839 27.39908 9.12049 31.59631 24.87699 31.83411 9.3127 14.59069 
1000.0 19.61561 38.40361 44.90532 0.0 12.79053 31.44961 12.11631 22.18074 42.00451 35.16391 39.20494 0.0 37.78944 20.32313 21.65978 26.2474 31.73142 19.78965 30.55862 0.02962 20.50466 15.61429 25.65972 41.25011 39.27311 17.67923 32.782 17.06216 12.43924 25.62825 
1000.0 18.73996 20.59645 26.94264 0.0 22.75386 39.36408 17.30433 33.45455 43.79913 28.96137 22.13428 0.0 25.74278 28.05794 16.81888 13.47853 23.83431 24.02339 27.12423 0.03721 31.82138 27.42788 15.13135 43.84831 28.08258 11.51649 31.83024 28.58821 35.73358 45.06813 
1000.0 31.11279 34.7459 30.37415 0.0 29.3423 43.65939 41.27439 9.43819 16.21348 43.10468 19.17177 0.0 35.34387 42.62366 30.91413 39.53749 32.65484 34.50648 27.65099 0.03771 18.43177 18.99468 19.48907 32.51481 32.51963 14.77309 43.85656 37.70362 33.25628 19.81932 
1000.0 44.13147 21.854 43.70605 0.0 26.65726 9.62314 10.89277 21.20475 13.41794 23.83915 14.67348 0.0 17.10381 37.604 41.93212 44.15691 29.2112 25.03655 19.89093 0.03879 16.3306 35.74739 34.71693 21.49923 43.68084 27.69531 10.42428 15.09362 27.81914 13.0044 
1000.0 40.12163 45.11462 32.06315 0.0 42.10372 19.74108 29.36301 20.25984 36.95665 19.42946 33.473 0.0 32.10624 34.69535 14.97656 39.11596 23.56695 15.89124 15.91473 0.03418 37.60216 37.74974 25.3583 11.8067 41.35756 16.98698 25.28693 24.17714 22.90543 17.23107 
