1000.0 1000.0 1000.0 1000.0 1000.0 1000.0 1000.0 1000.0 1000.0 1000.0 1000.0 1000.0 1000.0 1000.0 1000.0 1000.0 1000.0 1000.0 1000.0 1000.0 1000.0 1000.0 1000.0 1000.0 1000.0 1000.0 1000.0 1000.0 1000.0 1000.0 1000.0 
1000.0 24.77428 10.16658 30.69811 0.0 28.04479 7.45582 8.12444 19.59068 7.30131 21.10871 22.30031 0.0 27.55635 8.11003 26.4578 10.4131 8.05364 16.77858 11.22658 0.01321 15.52047 12.61059 22.18085 7.88373 31.65121 25.6774 14.19703 23.37239 11.09948 17.51662 
1000.0 32.1735 14.9655 21.47909 0.0 30.88019 30.77525 27.46312 11.44063 16.83554 29.12666 31.81987 0.0 26.70462 32.88276 10.68603 30.89433 31.86335 12.65928 20.5877 0.02213 32.99763 13.5522 17.58428 22.42553 16.88241 15.34088 17.59031 14.90111 16.95629 18.05728 
1000.0 30.20364 30.68742 7.047 0.0 32.07233 27.76311 12.81986 17.99263 7.88487 23.2917 27.45475 0.0 18.60621 24.95431 17.21884 25.6519 13.89196 15.88315 25.25544 0.01686 10.86091 11.97384 30.96088 16.53502 30.29765 21.63895 28.38522 27.00779 26.95377 7.38345 
1000.0 0.0 0.0 0.0 9.38564 0.0 0.0 0.0 0.0 0.0 0.0 0.0 22.54828 0.0 0.0 0.0 0.0 0.0 0.0 0.0 0.0 0.0 0.0 0.0 0.0 0.0 0.0 0.0 0.0 0.0 0.0 
1000.0 20.93402 12.9009 31.54321 0.0 18.48948 17.77296 12.99404 19.70425 16.67579 8.28237 26.17139 0.0 16.19509 16.94149 10.95296 18.35798 16.07279 17.61966 7.51159 0.0103 14.54613 13.01459 26.5388 25.32323 23.93068 25.9762 30.88868 20.63655 14.75314 12.66356 
1000.0 26.65302 7.65953 17.06673 0.0 8.21352 24.25645 14.55113 14.44773 21.82977 22.10597 32.52308 0.0 9.64892 25.96554 30.11685 28.6376 11.40218 7.65979 17.59098 0.03827 9.83475 19.00973 18.31114 32.88079 8.83026 23.91861 9.82766 21.52408 17.88881 13.11882 
1000.0 26.636 30.63413 22.45249 0.0 26.24578 18.06218 24.84885 19.7227 10.97142 17.37335 7.73276 0.0 17.65909 18.33141 23.24127 15.89938 31.04241 32.45037 11.01174 0.02243 27.49724 14.19008 9.93167 23.74921 8.94532 9.52013 23.34652 27.05285 16.43616 18.77314 
1000.0 7.77748 16.57127 16.57375 0.0 32.03883 25.94388 19.09881 32.007 26.03105 32.56715 31.98294 0.0 26.47784 22.15625 9.72053 28.35495 24.53101 8.75786 22.54288 0.01177 21.04272 25.3822 17.49701 17.6378 23.19568 29.69096 14.32637 14.27913 31.72799 16.95763 
1000.0 23.48017 15.20714 8.42097 0.0 22.62829 23.74261 32.68463 13.54806 16.47132 28.64013 17.01562 0.0 30.69277 31.59372 26.91324 20.02526 12.93118 9.2859 17.91926 0.04024 24.08973 17.06309 22.5647 10.88985 32.8526 7.11936 12.77753 26.1482 31.56775 15.80384 
1000.0 23.68544 25.80905 8.42082 0.0 31.68948 11.33177 15.62286 31.58853 19.94225 22.43762 12.45569 0.0 27.80523 24.20236 17.15754 14.74066 12.38705 11.56714 21.38081 0.03737 7.79539 19.01381 30.94842 7.26718 7.38259 29.02879 14.87738 25.08745 11.40727 21.34305 
1000.0 28.15112 20.63178 10.22968 0.0 25.68685 16.5302 17.85001 22.06039 16.07191 23.89209 21.39409 0.0 10.9746 31.60339 27.93272 10.51119 30.25008 10.31582 11.80888 0.01307 28.35095 32.1736 30.42289 24.88302 21.89311 17.00761 9.48714 7.76991 28.7925 26.14137 
1000.0 0.0 0.0 0.0 22.43809 0.0 0.0 0.0 0.0 0.0 0.0 0.0 15.68021 0.0 0.0 0.0 0.0 0.0 0.0 0.0 0.0 0.0 0.0 0.0 0.0 0.0 0.0 0.0 0.0 0.0 0.0 
1000.0 24.93645 20.67177 21.53095 0.0 28.2869 8.91722 15.96576 23.47238 16.68211 13.04869 8.34001 0.0 30.90549 16.7334 10.56169 27.19989 27.62469 23.46936 24.99632 0.02116 6.75891 29.50402 11.28727 13.9807 24.34225 6.67157 29.23923 24.86133 14.69713 18.72832 
1000.0 9.93607 17.99909 16.69246 0.0 10.98729 27.23763 24.39192 16.80932 12.05662 8.55797 8.43584 0.0 31.22284 21.48394 31.19506 7.59328 23.21705 15.27142 15.57212 0.01466 6.79033 27.98544 9.87588 21.44523 24.48345 7.72638 12.53925 10.58219 13.54685 8.76234 
1000.0 17.76724 7.99169 10.24227 0.0 15.39146 27.57893 15.698 20.36747 8.72003 31.20558 25.7836 0.0 18.70141 30.05673 27.73232 16.94753 7.63043 32.71684 32.80423 0.0145 8.37981 19.18183 24.67033 15.92789 31.59586 9.11444 18.93084 30.58825 10.60452 20.4438 
1000.0 23.30415 20.85162 21.535 0.0 19.69508 15.97155 22.74164 27.15695 21.60726 29.40754 13.6143 0.0 32.0674 9.55467 9.68664 26.52051 23.43364 10.39074 12.16941 0.01655 10.40386 14.36477 31.66257 22.36563 12.10216 12.44668 12.84627 19.12865 23.35664 31.01342 
1000.0 10.80933 19.64726 7.2245 0.0 18.27438 9.51927 24.73222 18.69315 18.20393 28.05067 10.14896 0.0 21.22247 7.72459 13.46806 30.7469 20.97329 25.06136 25.96481 0.02392 29.26436 14.48432 25.60798 23.57517 29.80078 23.16868 13.81156 22.22278 23.67542 21.7527 
1000.0 12.66286 14.32079 13.15795 0.0 31.66369 30.1703 12.815 11.72091 8.74766 16.64412 27.1958 0.0 22.0283 12.00772 12.18282 11.9064 29.61289 9.58437 11.16453 0.03073 15.07159 29.83477 13.29094 10.99257 26.10898 17.68416 24.79359 16.60069 26.05527 30.23778 
1000.0 10.4472 7.53401 14.70162 0.0 9.74498 17.84787 24.74956 31.43404 20.81114 18.8358 22.29529 0.0 29.10026 32.44797 18.51909 10.75659 13.71328 16.45682 31.89494 0.04008 8.95096 14.04011 24.65415 9.72839 13.81525 15.22314 22.20431 18.74342 23.2884 32.94677 
1000.0 0.0804 0.09566 0.06109 0.0 0.13552 0.07251 0.11595 0.05544 0.1238 0.14195 0.05529 0.0 0.04942 0.10628 0.06189 0.15526 0.09683 0.11977 0.04844 14.12008 0.04437 0.12714 0.13528 0.15615 0.12414 0.16137 0.08038 0.0555 0.11208 0.11601 
1000.0 11.33833 13.2716 6.80211 0.0 28.15698 23.04442 26.85454 14.67345 17.22069 22.06959 11.15642 0.0 11.08643 20.23379 19.15897 8.17887 14.78952 23.41904 11.32018 0.03162 14.07085 30.12976 26.75831 30.3106 10.34009 10.77694 11.33591 11.04057 31.44264 9.17514 
1000.0 27.8033 20.27099 29.12562 0.0 32.49068 30.86756 22.01982 26.50335 25.86182 20.24644 10.11973 0.0 32.23139 18.64219 14.30223 25.36717 32.21644 27.36611 16.82191 0.03845 10.60599 22.06035 29.01021 12.79334 32.70905 29.35153 22.04188 10.68142 20.04245 23.46497 
1000.0 25.43514 22.77588 7.31484 0.0 8.0663 12.68741 8.28219 7.11748 9.45204 27.90395 13.03915 0.0 12.59565 10.97765 28.44692 21.46578 27.67036 12.26122 21.34024 0.00997 26.77052 17.21798 6.69321 32.57128 12.71611 17.14331 32.38521 18.30584 9.95085 9.42533 
1000.0 24.94195 17.10799 16.66529 0.0 26.74763 7.92609 7.7704 18.70424 29.34758 9.11678 21.97828 0.0 7.02712 25.1285 13.8034 14.30141 13.10088 10.66503 9.80176 0.04036 12.4093 6.89236 28.1247 31.56134 29.45029 6.80155 14.77524 28.38379 19.57269 13.57196 
1000.0 8.13325 9.34673 13.39837 0.0 21.30566 33.10127 28.71913 6.69242 15.79697 26.45268 6.6676 0.0 9.63285 12.36474 15.77128 26.4871 12.47793 28.15083 32.61638 0.01137 31.10668 31.07956 23.85766 24.21891 13.54373 18.31146 32.98769 30.76314 17.10353 22.61678 
1000.0 21.87868 30.62625 22.58221 0.0 17.04803 32.47114 13.57411 10.76262 31.21607 16.90835 10.96972 0.0 27.08755 29.4072 26.40163 27.57292 26.39784 11.52542 15.37769 0.02657 11.47808 12.57502 10.25303 29.37861 11.03627 31.44423 10.07888 12.26458 23.25263 25.62225 
1000.0 28.26298 19.30679 6.96776 0.0 29.67155 8.90221 22.984 25.47565 15.67891 23.74875 7.53163 0.0 8.18717 16.68203 29.42993 20.84174 32.93158 24.75123 19.13985 0.03342 14.22783 14.19541 9.77442 22.92157 20.06574 9.86103 22.93596 21.03286 20.34867 7.60358 
1000.0 20.30689 18.77207 7.8963 0.0 11.11793 22.00659 31.21939 16.26021 8.73477 23.43787 8.35306 0.0 14.41657 12.91234 16.86033 23.77012 30.90925 27.4038 7.10456 0.02846 26.54267 27.07262 23.88529 7.67613 21.51581 25.79713 6.68246 12.35838 11.21947 30.18998 
1000.0 13.05965 6.94294 30.45754 0.0 32.51492 22.41642 30.21949 13.3009 23.98778 8.57261 28.40304 0.0 28.58337 26.02152 30.8892 8.97069 12.12348 19.84323 14.21861 0.01804 15.75237 19.61801 22.61797 31.81505 14.12844 10.1213 23.2158 18.5098 27.46894 27.13105 
1000.0 7.08109 27.71842 17.12639 0.0 6.75012 14.48834 11.38996 26.57914 12.63426 10.92846 27.0135 0.0 24.53562 7.05688 32.1838 28.35826 25.58538 12.38415 12.03658 0.03694 27.02164 28.29436 22.16033 21.18792 7.89346 28.19115 11.26428 15.04639 16.6723 28.26728 
