1000.0 1000.0 1000.0 1000.0 1000.0 1000.0 1000.0 1000.0 1000.0 1000.0 1000.0 1000.0 1000.0 1000.0 1000.0 1000.0 1000.0 1000.0 1000.0 1000.0 1000.0 1000.0 1000.0 1000.0 1000.0 1000.0 1000.0 1000.0 1000.0 1000.0 1000.0 
1000.0 23.32467 23.78034 20.08812 0.0 17.07723 21.16424 24.40848 12.94657 35.33343 30.85394 33.85189 0.0 12.67394 17.8625 16.5278 12.62451 30.59866 27.2616 21.68208 0.02162 40.23515 15.54256 14.30702 14.17525 40.80283 10.0896 9.4538 22.13957 14.96618 31.55313 
1000.0 14.22454 10.9207 26.8527 0.0 22.1954 13.08556 22.25669 38.78717 25.83353 20.8207 25.89616 0.0 10.57373 30.51448 26.5726 11.31426 37.11502 22.75149 30.40108 0.03775 32.84351 34.88051 37.43439 31.54102 30.85429 35.85457 14.05844 37.70206 31.12526 14.4187 
1000.0 41.29223 38.62658 28.54104 0.0 32.15739 17.82871 19.86805 34.90936 36.56652 37.03651 19.29965 0.0 23.13471 16.07554 41.3836 13.19443 16.51542 31.17307 36.64762 0.0245 27.66918 33.6775 14.72766 34.91677 22.74789 24.06032 35.73164 14.0594 40.39652 35.49086 
1000.0 0.0 0.0 0.0 18.84215 0.0 0.0 0.0 0.0 0.0 0.0 0.0 11.9899 0.0 0.0 0.0 0.0 0.0 0.0 0.0 0.0 0.0 0.0 0.0 0.0 0.0 0.0 0.0 0.0 0.0 0.0 
1000.0 14.12862 10.85088 27.24431 0.0 15.82267 17.0586 10.19982 28.43141 28.44023 32.44898 12.00783 0.0 29.72642 30.29929 35.70618 13.22508 28.03836 27.40105 14.81298 0.039 28.63906 33.98035 17.77831 33.19492 10.7238 39.37622 14.52167 42.46709 39.0455 28.33013 
1000.0 15.1946 14.93894 11.62895 0.0 14.21064 18.12967 20.76134 27.27318 18.60963 9.47469 30.93642 0.0 35.78711 28.18394 38.30754 32.26613 27.05279 30.1586 39.01139 0.03319 28.0453 22.72684 31.80089 22.61541 21.6385 42.36399 14.91281 17.25885 29.58157 28.10977 
1000.0 27.42611 22.11309 18.79078 0.0 21.19555 16.43613 15.61335 13.60439 28.17817 33.51283 39.03794 0.0 13.30759 9.29409 20.37804 42.47808 15.05515 27.03049 39.21268 0.04027 35.64126 17.52077 11.549 33.47824 29.01449 37.11317 17.95722 21.39719 36.7633 24.15865 
1000.0 22.35153 21.51532 40.77494 0.0 21.28358 25.66595 33.14123 32.78237 12.48537 33.233 28.17117 0.0 34.60205 39.60715 34.30136 33.16912 21.21886 25.71892 25.64127 0.01846 29.97997 41.23255 39.85496 23.34705 37.47243 36.03488 37.7286 26.38492 23.07527 29.57006 
1000.0 27.50992 29.27402 26.08688 0.0 10.58351 36.10629 29.87872 11.41328 14.56512 17.60313 21.28351 0.0 9.86691 10.33017 39.11135 20.55144 16.04867 27.69315 23.88443 0.03187 34.15882 33.94646 40.17198 10.16346 36.36792 28.91663 24.16138 19.46098 29.03126 22.54096 
1000.0 31.47348 15.49135 16.13348 0.0 11.10138 30.42204 39.23534 22.74396 30.71279 34.92633 24.7026 0.0 13.51861 13.05339 35.34868 37.28732 34.48947 23.13213 39.64454 0.03044 30.97104 22.46105 29.19874 35.89302 30.20268 21.46448 35.09108 12.95694 30.14396 27.9963 
1000.0 18.40671 25.13527 14.32438 0.0 24.04412 20.80499 14.73185 35.95716 24.42222 11.29228 17.77704 0.0 15.38411 26.94445 28.44869 18.39885 27.02352 10.59733 20.22959 0.00931 22.28576 26.30791 30.31851 12.67343 8.84548 18.97828 28.18612 36.34817 37.01037 23.42677 
1000.0 0.0 0.0 0.0 26.4202 0.0 0.0 0.0 0.0 0.0 0.0 0.0 28.03409 0.0 0.0 0.0 0.0 0.0 0.0 0.0 0.0 0.0 0.0 0.0 0.0 0.0 0.0 0.0 0.0 0.0 0.0 
1000.0 33.60364 36.61563 8.78474 0.0 40.33905 29.05004 30.86768 39.29238 13.00252 31.02481 17.88056 0.0 28.97636 41.39115 28.82979 27.65829 41.64332 22.63958 22.67199 0.02097 14.54381 35.06271 10.76092 30.2718 40.04687 30.33946 23.02283 16.57492 16.76616 36.27402 
1000.0 33.34508 13.97005 41.07847 0.0 29.39844 40.23861 27.74721 25.33336 28.67224 14.05548 21.94833 0.0 17.03641 25.12778 35.32239 39.25728 41.53558 19.38034 20.77644 0.02769 30.0233 16.57708 40.83105 22.91722 23.4023 15.28315 22.04138 14.20189 34.2091 33.23665 
1000.0 41.48096 20.64236 12.703 0.0 11.58206 30.91967 25.19214 27.40388 13.78623 38.21751 34.50253 0.0 19.37652 33.02059 33.79794 19.08504 18.99999 15.80029 10.08544 0.04451 21.96364 42.60328 10.08707 37.63092 37.13701 30.83689 33.12652 21.67096 20.78529 32.04047 
1000.0 33.26654 19.47992 9.98066 0.0 41.79386 32.83848 38.62461 21.96315 16.73837 29.15668 25.94081 0.0 41.87858 29.0762 8.75023 23.78301 36.28214 25.57858 18.13054 0.04179 23.85745 11.6737 28.58451 34.60449 38.4354 41.69692 42.33327 21.49671 23.39166 38.83581 
1000.0 35.48895 41.44822 34.42517 0.0 11.4168 34.4782 42.12901 36.056 41.21446 21.24552 41.04671 0.0 25.21304 39.2922 41.65853 13.31304 17.59301 9.54929 28.41948 0.01271 29.59028 25.48629 18.41001 15.85765 23.13995 20.37899 39.72244 29.73531 42.02906 36.70152 
1000.0 34.86156 21.80612 18.36608 0.0 11.65623 21.5353 33.72682 27.28265 38.99842 36.79706 25.06192 0.0 21.97689 42.61401 9.82436 34.3197 23.08742 37.59015 28.61393 0.02961 30.45373 13.92728 37.1568 34.57307 22.33469 25.20312 9.29651 18.75675 31.87599 14.0564 
1000.0 19.83317 40.01143 27.72787 0.0 11.7678 19.14309 15.93756 27.91408 15.5104 13.99794 12.62433 0.0 38.05403 36.64492 20.22668 28.00833 30.19126 32.24087 31.8487 0.04511 39.70594 39.69415 15.87716 20.2192 16.52667 22.98559 39.75875 27.18797 32.03824 41.93622 
1000.0 0.06061 0.1125 0.14338 0.0 0.06399 0.0468 0.05009 0.10606 0.13745 0.08802 0.10171 0.0 0.12653 0.10187 0.16223 0.17456 0.06401 0.11024 0.12481 17.00774 0.13148 0.16855 0.06867 0.05944 0.0782 0.07867 0.05535 0.15702 0.03931 0.06015 
1000.0 12.60534 41.92805 26.42957 0.0 41.14818 31.60547 18.14601 38.51913 27.8544 32.22575 36.42821 0.0 35.55678 19.31537 21.53345 30.92051 40.92918 41.32553 22.76956 0.03811 9.86394 37.13913 9.81506 37.21004 23.88609 38.7883 21.33289 31.93684 20.19018 32.09049 
1000.0 27.98371 15.65983 38.57894 0.0 41.91335 36.19009 23.00759 30.70207 16.81113 27.60346 30.39997 0.0 27.10214 18.33547 17.80025 28.16837 31.13418 10.39288 35.39685 0.03953 31.62924 15.39097 18.68068 9.10379 11.46087 25.07912 17.17023 28.77391 25.24323 32.73371 
1000.0 34.42767 30.4513 10.36546 0.0 41.44216 37.84878 17.59979 33.3122 29.09491 10.92874 11.9033 0.0 16.05086 22.53306 32.30524 41.05398 11.73764 21.05277 42.12303 0.04622 23.46124 37.96005 12.04036 39.86825 25.77558 25.77888 21.50334 19.28471 27.5296 26.98864 
1000.0 23.06596 16.1836 15.20432 0.0 26.17285 15.68328 16.25336 24.06407 40.22271 21.63478 14.66416 0.0 38.90298 25.90435 13.10601 35.58925 31.63126 30.05783 40.29963 0.01858 11.74898 28.35094 9.21326 32.07204 25.80296 22.31192 21.25923 29.28073 19.90427 13.85567 
1000.0 34.89766 15.59845 29.84693 0.0 39.62519 29.28838 33.1694 16.08739 39.77167 9.69237 33.66981 0.0 22.17858 37.83402 21.45077 42.38062 29.72863 28.92672 40.24318 0.01934 23.39489 9.13229 29.11084 27.30561 24.04811 9.22231 10.93226 15.39125 35.53965 10.2846 
1000.0 29.74604 19.02832 26.27978 0.0 33.10909 13.37576 24.35143 33.31176 13.94941 27.48235 17.31954 0.0 14.62715 19.33258 32.12348 40.55445 17.03766 32.79195 33.52518 0.02627 14.51866 34.24172 23.19113 13.47461 22.92895 26.66733 19.02703 12.19755 36.94135 16.87861 
1000.0 22.33951 15.23575 41.87621 0.0 9.93029 23.85016 28.17115 42.00601 25.98626 8.75434 42.70257 0.0 17.86969 32.56753 14.19438 14.75684 15.51261 21.04196 18.91913 0.00933 36.34288 8.61038 29.28318 26.74515 19.5307 19.27139 18.15809 22.18189 22.6909 39.50579 
1000.0 38.76714 20.72309 13.78523 0.0 10.97646 28.32737 32.76856 17.06384 36.20625 32.99974 36.93536 0.0 8.92525 37.90089 19.02327 24.47896 15.65907 30.57936 38.30778 0.04212 40.59443 37.84072 11.48787 11.62826 25.05657 31.93465 13.6492 20.10282 18.5722 39.28629 
1000.0 11.47043 23.99944 26.23772 0.0 30.20713 37.54824 19.47622 28.72691 34.29146 15.85928 37.72935 0.0 20.34167 20.71722 23.524 38.24822 41.89054 16.23782 35.89511 0.04097 31.15133 33.56379 22.85951 31.11557 20.22333 31.75134 39.75029 41.32664 20.75476 17.49852 
1000.0 21.68152 23.5818 18.53439 0.0 13.75576 41.20778 23.51787 39.23085 10.26599 37.62923 12.59288 0.0 18.03704 16.10021 17.54768 29.25413 18.42617 17.73906 26.76222 0.03147 28.82103 20.33293 40.35323 24.75671 22.28454 31.74416 42.74763 27.68183 38.83149 14.00458 
