1000.0 1000.0 1000.0 1000.0 1000.0 1000.0 1000.0 1000.0 1000.0 1000.0 1000.0 1000.0 1000.0 1000.0 1000.0 1000.0 1000.0 1000.0 1000.0 1000.0 1000.0 1000.0 1000.0 1000.0 1000.0 1000.0 1000.0 1000.0 1000.0 1000.0 1000.0 
1000.0 10.66398 22.44908 43.55784 0.0 18.37416 37.16884 16.23679 33.41663 43.2867 31.98605 23.25129 0.0 37.58448 34.11647 43.54003 17.5528 20.25154 34.56609 13.31939 0.02121 12.61049 42.05647 22.08844 43.23857 45.30291 43.34791 31.64272 21.75114 36.76568 42.19962 
1000.0 29.35149 35.3829 45.04665 0.0 40.99631 24.88029 42.35398 39.55332 43.38101 40.17805 38.43253 0.0 33.92095 44.18563 17.92567 28.12323 27.71121 45.84507 32.05316 0.0134 30.94578 46.75177 40.05916 30.53277 20.27101 33.45536 10.07397 33.89633 32.44435 9.71127 
1000.0 32.00029 22.0785 27.27373 0.0 18.41996 16.33184 45.54661 34.26358 18.89202 9.49592 27.75334 0.0 31.93336 30.486 15.98402 18.0587 19.21985 17.17003 25.16073 0.01328 39.32504 24.51881 12.28064 43.94162 20.70282 38.26339 13.51641 37.03184 22.47892 9.6547 
1000.0 0.0 0.0 0.0 11.41318 0.0 0.0 0.0 0.0 0.0 0.0 0.0 31.19246 0.0 0.0 0.0 0.0 0.0 0.0 0.0 0.0 0.0 0.0 0.0 0.0 0.0 0.0 0.0 0.0 0.0 0.0 
1000.0 13.64629 20.59172 33.65882 0.0 16.09613 44.10894 11.83 21.63749 27.97371 34.51373 35.16077 0.0 16.43991 24.23398 11.71738 44.47934 13.97951 12.73627 47.02164 0.01393 18.60485 32.8942 40.20839 22.29937 10.22438 47.10689 28.65596 34.86573 34.74296 45.69596 
1000.0 17.53978 35.40671 19.82178 0.0 32.22161 23.94029 29.9538 31.14266 27.36403 42.27401 46.28298 0.0 25.65011 41.46266 34.75092 10.608 14.70806 17.10675 38.19915 0.01933 21.67104 21.22017 23.77652 40.18728 36.3406 22.44057 18.14074 46.36549 25.00091 26.08877 
1000.0 34.97695 42.28647 36.30925 0.0 36.11312 20.12466 23.39609 29.06567 38.1877 42.18828 9.60466 0.0 22.02699 44.52228 18.28259 37.78653 10.24323 20.65757 31.11413 0.04498 35.71531 21.43462 24.47378 17.25766 34.29617 42.45801 44.94111 36.93428 10.36643 12.65986 
1000.0 31.33288 22.91672 40.79118 0.0 39.01073 9.75599 26.45434 11.36889 12.38408 28.73523 14.10251 0.0 11.60736 11.2201 16.53874 25.13921 39.22407 34.19522 35.71687 0.03642 19.0674 11.8613 17.32389 35.49989 42.1002 15.03837 14.44771 18.20315 23.8637 35.42245 
1000.0 19.22259 42.52823 43.78219 0.0 40.83712 36.64313 29.93413 31.92518 46.49068 16.11698 35.50946 0.0 29.61094 37.96995 15.86996 10.22492 46.16636 13.05576 11.84769 0.04432 15.54894 13.77946 25.9805 19.04197 38.7419 33.60505 47.42422 18.10338 34.69311 12.21777 
1000.0 41.52897 21.45071 28.12637 0.0 10.8409 38.16408 15.48306 27.86594 39.12141 21.01519 19.21204 0.0 44.43498 26.61487 22.29093 27.25634 9.64639 9.64436 12.7142 0.03506 17.07805 14.0007 44.88522 26.2617 13.86157 17.47079 14.54713 30.58318 39.93233 15.03387 
1000.0 26.02134 16.1977 42.14069 0.0 13.25015 38.701 46.43842 41.996 11.76486 26.67691 38.09366 0.0 35.48857 36.21524 30.52857 23.56804 43.66426 27.98849 22.84485 0.03237 29.28157 44.4758 24.02206 26.20185 17.79721 46.40099 37.01865 45.98292 33.2375 28.90179 
1000.0 0.0 0.0 0.0 34.08853 0.0 0.0 0.0 0.0 0.0 0.0 0.0 40.25611 0.0 0.0 0.0 0.0 0.0 0.0 0.0 0.0 0.0 0.0 0.0 0.0 0.0 0.0 0.0 0.0 0.0 0.0 
1000.0 32.41918 12.58115 22.29106 0.0 33.97177 25.78299 25.47712 24.14838 17.2103 18.53297 27.40216 0.0 46.23741 22.00104 32.40943 24.01478 21.37797 26.8686 23.43798 0.03985 43.60133 13.10589 46.32044 32.20682 42.64021 14.76147 37.7273 33.96017 32.3377 41.27177 
1000.0 36.00978 45.50434 15.63693 0.0 40.07106 42.95295 15.04629 14.37798 15.58427 44.03129 43.3987 0.0 45.99513 40.17537 21.9019 29.16814 26.5546 45.69258 45.18669 0.00984 31.08603 19.79602 17.1053 26.14839 20.09143 17.22202 13.27198 43.79388 19.61863 35.58218 
1000.0 29.83437 19.13265 21.01626 0.0 35.23222 31.46661 28.96904 45.38484 26.2032 30.27858 25.6041 0.0 36.5921 29.02296 43.38793 20.03219 17.8549 22.75573 39.92827 0.01453 33.66302 17.66604 45.26221 46.67789 35.08614 20.43728 16.43243 30.32297 45.85013 22.17753 
1000.0 28.42995 44.03753 31.12442 0.0 38.30373 9.94409 39.94581 16.83122 30.40797 11.32541 44.02302 0.0 19.35046 29.06199 30.21231 42.01001 11.00656 30.83503 32.99539 0.03262 43.9757 36.4865 33.68389 14.81198 34.23713 47.39711 38.23001 21.1167 23.75709 16.39934 
1000.0 20.02833 36.67462 33.65134 0.0 46.96794 27.759 42.74127 42.05461 20.20654 17.57693 26.07273 0.0 25.55575 45.07428 46.10999 14.80339 47.43195 46.05968 37.22291 0.02773 40.92545 23.56477 34.3906 41.96215 14.97739 35.24748 27.67893 15.11336 11.96443 16.0555 
1000.0 44.45938 18.97162 38.32939 0.0 14.98416 20.8483 39.38411 15.85134 18.74219 33.05197 36.87144 0.0 35.15326 21.94062 41.07434 31.96115 37.71048 18.51131 9.96035 0.01368 15.98981 21.56443 15.94662 42.3798 19.01426 17.95843 12.37564 27.44323 37.30023 21.19151 
1000.0 40.76815 44.46811 34.19637 0.0 18.06319 39.27605 24.81246 29.00655 38.01705 33.29518 12.8827 0.0 38.51561 35.01088 34.31355 39.43278 43.14084 37.16655 10.50715 0.03822 42.59211 25.78696 28.10214 25.35722 13.01325 23.35489 25.39094 25.69554 43.79782 45.8487 
1000.0 0.06871 0.05426 0.07532 0.0 0.12164 0.17764 0.11302 0.12213 0.07625 0.13021 0.07429 0.0 0.11969 0.1594 0.17873 0.13468 0.07765 0.11757 0.14683 20.23098 0.12237 0.0945 0.16078 0.16975 0.09996 0.05787 0.14309 0.05345 0.13235 0.12884 
1000.0 10.27037 46.43259 38.43836 0.0 9.91641 41.41328 46.31882 32.13149 19.21678 25.11763 41.33495 0.0 41.58601 42.22769 37.86929 23.91254 38.75135 36.66104 27.13838 0.02164 43.27149 13.66546 23.01312 43.53873 25.59677 38.10795 21.37734 29.51044 19.18342 13.91436 
1000.0 30.10314 21.42634 38.34869 0.0 44.97996 16.84776 40.49714 25.55972 11.9501 35.64669 44.20694 0.0 33.50352 34.3125 10.57559 32.63173 35.78555 13.05554 23.77172 0.04397 27.76106 21.66843 30.37222 24.03007 19.1688 28.81737 20.49468 42.53252 17.90111 43.97428 
1000.0 45.19346 37.33831 13.33837 0.0 27.59491 23.45877 11.08298 32.46394 30.1467 44.27784 46.05536 0.0 30.72294 9.92683 27.47974 19.24535 9.81593 33.83869 32.07874 0.03098 18.06732 12.85993 37.71495 29.00401 17.24864 18.95016 22.30221 22.741 32.42703 14.43736 
1000.0 41.29507 24.49729 37.09727 0.0 11.55287 24.7419 19.22612 39.26426 45.26588 19.8064 44.25845 0.0 40.03686 12.26663 29.83399 11.1948 40.07478 23.75101 12.39902 0.04767 38.59232 42.05497 13.13333 30.39085 40.24757 32.18083 32.54028 28.41274 40.35846 19.9069 
1000.0 39.92414 17.40451 42.49527 0.0 45.94615 41.97876 35.6095 18.88968 44.46542 38.33651 36.89683 0.0 33.82713 29.02723 18.9445 42.73025 18.20483 25.976 40.20104 0.0291 27.01709 23.76313 25.29403 43.18182 18.00615 32.17259 39.74889 40.57095 25.78845 25.15754 
1000.0 43.48483 18.30528 38.48748 0.0 31.62728 17.63052 15.19378 29.72692 42.50131 16.33598 12.40511 0.0 10.66857 37.77859 32.69816 24.77888 14.72811 35.29548 25.51155 0.02817 25.40288 11.19641 44.84637 21.36497 44.51589 36.10236 23.62941 15.67374 44.61422 14.9814 
1000.0 12.32807 31.27526 43.3209 0.0 20.3183 16.3533 45.23743 45.07301 31.66025 41.80357 37.93216 0.0 26.25985 19.4119 46.19167 43.45962 10.70507 27.16991 34.83241 0.02921 43.54193 12.13477 9.75972 15.07214 29.23289 31.21083 13.1009 46.77702 36.00079 27.2187 
1000.0 39.13174 44.99016 22.67511 0.0 36.64017 42.98403 16.83296 12.4804 35.12483 41.70106 29.16494 0.0 12.7092 28.98606 26.77875 33.50064 16.94459 23.99816 46.28652 0.04834 44.80854 35.47192 43.17365 13.98006 19.30901 33.95638 12.89171 46.24859 17.19578 20.79354 
1000.0 41.39304 30.59134 12.30257 0.0 25.81095 11.40355 47.3372 44.71546 31.31686 34.22293 20.91865 0.0 15.18275 16.13394 13.79594 39.17444 14.15262 37.76785 22.85452 0.01918 32.11295 13.59221 39.82094 24.24217 13.01821 41.56934 29.602 34.4544 43.59171 26.84935 
1000.0 27.61027 13.27168 44.73466 0.0 43.74418 13.49799 40.4182 25.74667 33.57383 30.10248 23.13022 0.0 26.74762 35.26256 37.23623 29.95586 16.61576 41.00169 19.07085 0.0446 11.69621 41.06933 35.12507 11.34305 47.29393 14.66264 45.15065 15.32424 46.07749 38.52494 
