1000.0 1000.0 1000.0 1000.0 1000.0 1000.0 1000.0 1000.0 1000.0 1000.0 1000.0 1000.0 1000.0 1000.0 1000.0 1000.0 1000.0 1000.0 1000.0 1000.0 1000.0 1000.0 1000.0 1000.0 1000.0 1000.0 1000.0 1000.0 1000.0 1000.0 1000.0 
1000.0 36.52113 9.59099 41.38373 0.0 33.72219 24.39467 27.69556 39.15585 13.43279 33.96907 24.80639 0.0 32.90557 21.28226 23.56717 10.54407 39.87238 33.17542 21.22626 0.04442 29.66118 20.80279 12.39755 13.64787 34.3125 18.12861 34.06828 33.1149 10.01431 31.52003 
1000.0 34.93774 41.25329 18.6598 0.0 28.32512 31.44107 42.51535 22.42051 17.65073 29.53476 31.75596 0.0 31.90256 10.57652 38.78952 29.02953 19.67544 30.55647 19.43464 0.02624 39.1 36.13469 37.27835 30.303 20.95954 26.90074 34.95917 15.50971 15.48503 17.43211 
1000.0 18.42786 18.97892 41.34978 0.0 35.37604 22.38959 37.06606 13.71449 14.93909 11.23424 34.82516 0.0 13.64416 42.63682 32.74749 32.41346 18.8518 9.59662 41.16927 0.02574 21.01076 27.11582 36.14066 39.05274 16.78427 23.25414 41.0871 32.50271 22.19227 26.94057 
1000.0 0.0 0.0 0.0 34.56599 0.0 0.0 0.0 0.0 0.0 0.0 0.0 31.96359 0.0 0.0 0.0 0.0 0.0 0.0 0.0 0.0 0.0 0.0 0.0 0.0 0.0 0.0 0.0 0.0 0.0 0.0 
1000.0 34.91604 11.36323 17.57597 0.0 12.87093 17.65428 13.06325 27.24153 39.64988 35.18415 26.89254 0.0 15.36561 40.49836 13.0007 34.53748 32.11423 22.95632 24.293 0.02491 36.88774 40.17455 33.19272 9.66943 28.96568 36.56424 31.38945 23.89593 29.27118 11.76372 
1000.0 35.44816 13.80777 33.90991 0.0 26.29434 39.59324 24.55104 17.55241 38.03883 20.29371 27.76735 0.0 32.75601 36.7961 38.20255 41.45458 17.06697 30.9727 13.00473 0.02711 30.52314 21.71437 40.61596 10.16972 14.62208 39.55426 35.71677 10.68107 16.19062 38.25453 
1000.0 20.44897 17.42898 41.36426 0.0 38.6876 23.73675 20.05311 10.30636 26.74926 24.41125 19.50499 0.0 34.49929 27.58791 28.18189 20.15104 27.48901 19.74273 40.13384 0.04212 29.88224 30.7072 35.53279 20.52847 31.64528 37.05204 26.68515 42.70595 12.02409 38.78273 
1000.0 26.48418 10.3815 10.46155 0.0 31.56636 16.84646 30.43893 24.41026 40.34002 28.05272 12.57828 0.0 30.86009 38.6675 12.70229 21.65231 10.9372 10.66809 40.55077 0.04046 42.55867 27.21376 28.81925 35.1819 42.67593 39.82053 28.68549 10.7323 37.91446 35.16929 
1000.0 9.49228 16.48679 24.9169 0.0 33.8039 39.94831 10.46083 42.69978 17.86804 27.1597 21.64575 0.0 24.53067 29.99862 37.08241 24.47372 10.69936 41.1309 33.98038 0.0399 37.88064 27.67274 35.39677 28.51561 27.78565 22.39624 35.30989 22.24048 34.09666 38.60594 
1000.0 25.90328 20.56189 19.96487 0.0 33.30677 11.04329 14.2424 9.61189 23.66137 42.09621 9.03918 0.0 40.95888 23.42914 38.17291 20.69156 8.71628 22.79173 36.17164 0.01388 23.3034 11.07166 38.55102 21.62709 43.26961 10.43907 15.11279 40.39016 29.69907 17.60914 
1000.0 21.68562 33.91039 27.0704 0.0 14.22765 18.67555 22.16873 37.56883 39.213 13.08778 18.65103 0.0 32.87639 32.42635 24.53148 14.62246 10.31874 33.61144 22.08504 0.0107 28.20848 21.88053 17.09526 12.03207 20.98004 23.10004 32.21056 38.01447 26.81156 23.36838 
1000.0 0.0 0.0 0.0 9.14319 0.0 0.0 0.0 0.0 0.0 0.0 0.0 21.63208 0.0 0.0 0.0 0.0 0.0 0.0 0.0 0.0 0.0 0.0 0.0 0.0 0.0 0.0 0.0 0.0 0.0 0.0 
1000.0 10.20538 28.15413 13.13446 0.0 14.70244 39.00988 21.26786 29.42695 14.05413 22.99262 38.10973 0.0 9.27186 39.05823 30.30598 37.16129 18.27494 30.46771 38.02138 0.02414 19.87413 26.27848 30.94218 15.9453 9.14715 38.81045 25.56514 30.57775 18.91817 30.25025 
1000.0 14.90051 43.37666 30.32636 0.0 17.13734 20.96601 39.62402 21.10752 20.5393 25.44511 34.07709 0.0 41.10439 27.07157 34.61408 9.38799 36.81985 43.44508 19.51332 0.04383 20.56494 39.48201 37.3827 12.43028 16.38651 10.61563 40.94001 37.09105 16.33563 33.58085 
1000.0 30.69149 18.07826 36.06306 0.0 40.78643 24.43501 42.17084 17.14411 10.70962 40.72741 36.24195 0.0 27.40872 13.32839 39.23293 35.45883 28.91763 42.92344 25.21091 0.02922 19.21009 31.91403 38.28363 38.36916 14.7285 21.29513 10.98943 38.35211 8.85958 19.27307 
1000.0 14.20367 20.3112 22.77108 0.0 26.48561 37.49972 11.73298 38.14751 13.09804 25.40318 37.74038 0.0 34.6818 17.00444 37.29702 27.59506 33.70198 40.31037 36.4081 0.02351 11.71294 15.22523 16.49599 8.69884 32.81421 31.01264 32.01378 26.81433 31.21161 27.83287 
1000.0 21.998 15.1236 27.08082 0.0 37.71178 16.36413 19.23438 39.33872 38.31893 21.6788 41.89622 0.0 12.43692 11.80627 17.63458 20.36254 13.00147 11.71352 35.97301 0.01211 10.82456 37.93836 29.99879 34.04952 12.38668 31.37122 33.44356 23.47674 27.23573 24.45432 
1000.0 10.69229 38.06724 30.17725 0.0 19.96926 22.89848 33.63563 38.60151 37.10221 30.8203 41.55164 0.0 37.77928 35.89743 33.84521 10.37673 13.77357 43.24433 42.22999 0.00989 32.46389 14.92918 23.39407 31.00747 42.22102 20.09596 26.14177 18.83127 37.12582 25.94515 
1000.0 40.04102 30.67527 28.53989 0.0 37.41061 12.70414 42.58648 10.90295 14.8625 20.63552 22.10841 0.0 17.24195 13.20859 11.94403 21.57759 25.56945 10.78631 26.33805 0.01225 15.5202 37.82439 25.85677 33.92104 15.04834 39.26797 25.75341 34.28853 11.66621 27.26452 
1000.0 0.16961 0.10267 0.03734 0.0 0.10381 0.13268 0.11942 0.15782 0.10777 0.1049 0.11957 0.0 0.1292 0.15824 0.12492 0.18252 0.14326 0.16002 0.12308 12.30595 0.17683 0.13683 0.12605 0.18589 0.08214 0.15665 0.17262 0.08311 0.16473 0.05505 
1000.0 24.03809 38.70893 35.31394 0.0 13.07988 39.71246 35.20048 31.82558 36.37364 25.25674 10.82954 0.0 42.38682 19.58775 17.03323 42.27938 20.3845 42.52365 28.90549 0.03684 40.83269 41.21923 20.22034 11.99295 13.12507 41.46687 43.32023 23.98191 23.75327 35.46386 
1000.0 21.85895 21.07614 32.58889 0.0 11.00407 40.0949 38.59676 25.22073 17.91241 20.11787 26.30646 0.0 33.66746 15.46333 33.40921 12.97907 8.71579 21.20922 21.08129 0.02829 20.92396 31.08063 25.81682 36.77718 25.91547 42.68097 41.85207 14.08116 25.56618 32.72467 
1000.0 25.09006 18.65109 25.23492 0.0 13.73647 21.96378 24.74189 28.32372 32.57184 21.80229 31.77768 0.0 29.00756 26.06249 15.27818 23.99608 20.91169 22.84862 19.06426 0.02305 42.73599 25.26094 28.46256 13.64791 40.54946 21.72062 28.12363 38.75677 39.81192 14.92642 
1000.0 34.03676 25.46849 24.32585 0.0 12.59134 36.4296 23.53203 21.09872 20.31507 24.43654 40.62704 0.0 23.54181 20.95922 24.73579 22.18173 13.6408 9.42369 21.14281 0.04182 18.80714 19.19418 24.54131 42.06152 10.68411 37.32171 13.84497 24.14807 13.31826 21.53941 
1000.0 31.54771 35.94712 42.05171 0.0 21.2465 20.02065 26.27439 23.77345 11.84963 11.13109 43.37592 0.0 17.80377 40.01217 10.68359 26.18074 36.3061 31.68887 29.94532 0.02399 11.48642 35.62058 42.59755 31.53203 19.42555 40.28285 15.39846 26.7439 41.8064 13.13351 
1000.0 21.98278 43.07458 25.22022 0.0 33.92388 37.72162 39.64874 10.64914 27.86159 29.04093 31.38377 0.0 26.5168 18.15343 18.29609 13.36128 22.03954 27.12188 10.59338 0.01802 31.57392 22.63035 23.46229 22.49145 14.69576 13.42511 39.97943 29.7774 39.92094 24.34267 
1000.0 20.99563 28.62864 30.13836 0.0 40.17862 33.73825 10.20992 28.28405 27.38389 8.75269 11.24875 0.0 16.22048 34.06446 35.63433 35.79499 37.97665 39.52994 27.57596 0.01238 19.62202 25.37185 33.90961 31.71377 24.71148 41.34066 26.83529 19.85752 43.10952 20.21575 
1000.0 15.91034 33.69522 37.04824 0.0 37.23863 18.21501 16.99375 21.91305 12.05088 27.23572 22.10263 0.0 36.30553 30.48283 31.912 34.99019 17.62267 20.93205 24.99625 0.02964 14.77205 25.88262 23.59083 40.56117 24.06084 40.49384 24.9397 15.33773 36.77691 26.50997 
1000.0 9.22672 15.04516 17.71147 0.0 24.24091 22.29138 32.18478 37.12045 27.56113 24.16597 15.73663 0.0 15.46666 31.87983 28.33951 42.35774 12.14548 19.36807 17.02236 0.02472 33.40623 17.1973 19.59305 24.13666 11.7915 28.0126 38.45266 31.49452 30.54214 25.92752 
1000.0 24.76436 39.57135 11.36177 0.0 27.28818 41.58632 28.55272 43.24199 21.64248 37.72575 35.93603 0.0 14.67348 32.77436 36.37758 36.46707 9.19013 23.43061 12.70579 0.03174 42.64494 31.25985 13.33921 31.89972 16.0484 31.55833 24.72843 14.99995 38.05104 13.33159 
