1000.0 1000.0 1000.0 1000.0 1000.0 1000.0 1000.0 1000.0 1000.0 
1000.0 0.01414 0.00485 0.00865 0.00031 0.00196 0.00327 0.00387 0.0035 
1000.0 0.07938 0.09667 0.0469 0.1183 0.08819 0.05065 0.06791 0.09171 
1000.0 0.03302 0.07838 0.05116 0.07153 0.05309 0.13636 0.14552 0.03193 
1000.0 0.03579 0.02764 0.03079 0.02798 0.02726 0.02995 0.0299 0.04011 
1000.0 0.10747 0.03497 0.02995 0.03922 0.03863 0.02304 0.02247 0.01965 
1000.0 0.04717 0.06705 0.06944 0.05224 0.06115 0.0385 0.04588 0.06797 
1000.0 0.00616 0.00289 0.00367 0.00128 0.00146 0.0068 0.00652 0.00281 
1000.0 0.1564 0.11454 0.01182 0.10423 0.11251 0.05694 0.0788 0.19148 
1000.0 0.01248 0.01173 0.01756 0.00963 0.0117 0.01666 0.01753 0.01725 
1000.0 0.00926 0.0354 0.03724 0.03068 0.0095 0.00988 0.03247 0.01394 
1000.0 0.38566 0.23529 0.25052 0.32694 0.1994 0.30308 0.39613 0.01332 
1000.0 0.07136 0.03872 0.02269 0.03388 0.03706 0.03077 0.03966 0.04997 
1000.0 0.01475 0.06127 0.0897 0.05894 0.04051 0.10615 0.03594 0.01423 
1000.0 0.08658 0.13531 0.0721 0.02977 0.05046 0.06518 0.10208 0.09493 
1000.0 0.01737 0.00132 0.01464 0.0009 0.02002 0.02098 0.02367 0.00107 
1000.0 0.00472 0.00166 0.0119 0.02383 0.02152 0.01489 0.01279 0.01756 
1000.0 0.00012 0.02834 0.0321 0.02641 0.03454 0.02079 0.00289 0.03396 
1000.0 0.01872 0.00833 0.0243 0.01003 0.02095 0.00109 0.02326 0.0299 
1000.0 0.02518 0.01209 0.00301 0.0149 0.02575 0.04613 0.01576 0.02404 
1000.0 0.0091 0.01395 0.00542 0.00984 0.01055 0.02091 0.01755 0.00276 
1000.0 0.01384 0.01119 0.01417 0.01431 0.01443 0.00686 0.00092 0.00387 
1000.0 0.01405 0.03965 0.00095 0.03928 0.01879 0.03732 0.016 0.04481 
1000.0 0.0014 0.00284 0.00327 0.00265 0.0035 0.00185 0.00216 0.00384 
1000.0 0.08453 0.10196 0.01424 0.02142 0.09004 0.08579 0.03406 0.03675 
1000.0 0.05099 0.0462 0.04639 0.06676 0.03931 0.08588 0.00642 0.10165 
1000.0 0.02715 0.02654 0.00696 0.00381 0.02815 0.0082 0.01765 0.00074 
1000.0 0.00428 0.00727 0.00155 0.02067 0.0086 0.00352 0.00742 0.01494 
1000.0 0.03209 0.05022 0.0217 0.01964 0.02313 0.05184 0.03873 0.0493 
1000.0 0.0226 0.03743 0.00583 0.03992 0.04943 0.0284 0.0179 0.01074 
1000.0 0.01717 0.00021 0.02158 0.01416 0.0094 0.00608 0.00582 0.00208 
1000.0 0.01188 0.02631 0.02191 0.01489 0.00977 0.02609 0.00851 0.00933 
1000.0 0.00958 0.00698 0.00195 0.00722 9e-05 0.02445 0.03254 0.01897 
1000.0 0.00212 0.00166 0.00379 0.00474 0.00201 0.01453 0.01 0.01066 
1000.0 0.00046 0.0223 0.00948 0.02269 0.00043 0.00037 0.01271 0.01468 
1000.0 0.02871 0.00564 0.00768 0.01748 0.0127 0.01135 0.01525 0.0211 
1000.0 0.03931 0.00637 0.00696 0.02973 0.00502 0.02571 0.01059 0.03916 
1000.0 0.1912 0.04189 0.02277 0.01164 0.05591 0.11539 0.12746 0.0907 
1000.0 0.00176 0.00225 0.02649 0.0123 0.00308 0.02644 0.00337 0.01011 
1000.0 0.03941 0.02322 0.03055 0.01747 0.02127 0.0491 0.01192 0.05506 
1000.0 0.05505 0.09114 0.07325 0.00128 0.08466 0.08529 0.02804 0.03632 
1000.0 0.0108 0.01703 0.00871 0.09412 0.05786 0.09235 0.06512 0.05429 
1000.0 0.00361 0.01631 0.00651 0.01143 0.01219 0.00664 0.00202 0.01643 
1000.0 0.01774 0.01679 0.00462 0.01503 0.02274 0.01715 0.00967 0.00028 
1000.0 0.00068 0.01392 0.0019 0.00895 0.01009 0.00876 0.01444 0.0002 
1000.0 0.06447 0.02073 0.02785 0.00857 0.062 0.03926 0.01105 0.0131 
1000.0 0.01421 0.03875 0.0111 0.03297 0.0403 0.0167 0.03499 0.03533 
1000.0 0.00016 0.01453 0.01211 0.00015 0.00435 0.00699 0.00123 0.0012 
1000.0 0.074 0.09715 0.03068 0.06903 0.09399 0.10061 0.06603 0.03227 
1000.0 0.02596 0.03022 0.02025 0.02063 0.00533 0.03104 0.02533 0.01149 
1000.0 0.00618 0.00953 0.01541 0.01114 0.00951 0.004 0.00044 0.01516 
