1000.0 1000.0 1000.0 1000.0 1000.0 1000.0 1000.0 1000.0 1000.0 
1000.0 0.00931 0.00254 0.00971 0.00961 0.00381 0.01479 0.01133 0.01023 
1000.0 0.14202 0.04213 0.13678 0.12429 0.12619 0.12736 0.04843 0.10858 
1000.0 0.05974 0.02284 0.10411 0.11541 0.10249 0.18222 0.08273 0.13021 
1000.0 0.00601 0.02147 0.0302 0.02464 0.02853 0.0377 0.03007 0.00567 
1000.0 0.10358 0.05855 0.0416 0.01787 0.01019 0.04195 0.06668 0.05636 
1000.0 0.05182 0.01065 0.01068 0.00376 0.00948 0.05521 0.05076 0.00651 
1000.0 0.00046 0.00271 0.00229 0.00054 0.00374 0.00341 0.00437 0.00471 
1000.0 0.04799 0.04088 0.01584 0.09648 0.03659 0.22079 0.18358 0.17802 
1000.0 0.02974 0.03018 0.01603 0.02659 0.01441 0.01442 0.01939 0.01477 
1000.0 0.01647 0.0349 0.01335 0.04667 0.0087 0.04213 0.03611 0.0054 
1000.0 0.33504 0.4176 0.45171 0.24747 0.22055 0.2763 0.03159 0.45005 
1000.0 0.05645 0.00122 0.05592 0.03559 0.02015 0.00755 0.00367 0.00489 
1000.0 0.01879 0.08282 0.03253 0.01061 0.08176 0.02507 0.03555 0.08471 
1000.0 0.10011 0.00179 0.07481 0.10799 0.09465 0.04043 0.00791 0.12592 
1000.0 0.01669 0.01048 0.00105 0.01869 0.0026 0.00821 0.00755 0.0134 
1000.0 0.02287 0.01226 0.00182 0.01468 0.00438 0.01804 0.00165 0.02067 
1000.0 0.00678 0.01836 0.03439 0.00901 0.02615 0.00956 0.01813 0.02061 
1000.0 0.02268 0.02846 0.02096 0.00475 0.0044 0.00588 0.00757 0.02961 
1000.0 0.00321 0.00419 0.02074 0.05668 0.0269 0.02697 0.05196 0.01999 
1000.0 0.01731 0.01441 0.01003 0.02307 0.00451 0.01575 0.02271 0.02255 
1000.0 0.00513 0.00977 0.00774 0.00282 0.0005 0.01007 0.00011 0.00743 
1000.0 0.02969 0.0119 0.03331 0.00203 0.01783 0.0436 0.00376 0.04654 
1000.0 0.00342 0.0036 0.00075 0.0023 0.00167 0.00394 0.00031 0.00165 
1000.0 0.00908 0.04331 0.04672 0.06675 0.01371 0.0122 0.09055 0.08378 
1000.0 0.00058 0.08661 0.01403 0.04355 0.10701 0.0033 0.00664 0.06922 
1000.0 0.02805 0.01434 0.00818 0.00345 0.00378 0.03059 0.01098 0.0331 
1000.0 0.01948 0.01746 0.00489 0.00372 0.0192 0.00068 0.02364 0.0062 
1000.0 0.04033 0.00378 0.04589 0.02524 0.00294 0.02442 0.03882 0.03597 
1000.0 0.0223 0.0317 0.01498 0.03311 0.03773 0.00234 0.03523 0.02225 
1000.0 0.00682 0.01191 0.01016 0.00848 0.01914 0.02153 0.00577 0.00661 
1000.0 0.02367 0.02913 0.01385 0.0047 0.01867 0.01389 0.01102 0.0113 
1000.0 0.03353 0.03684 0.01333 0.01368 0.00304 0.0092 0.02463 0.01333 
1000.0 0.01516 0.00356 0.00815 0.00967 0.00975 0.002 0.00516 0.00765 
1000.0 0.01935 0.01896 0.01803 0.00194 0.00721 0.00072 0.00016 0.00484 
1000.0 0.03298 0.03385 0.04045 0.03418 0.0334 0.00732 0.04548 0.00441 
1000.0 0.03695 0.04093 0.03412 0.02134 0.03042 0.01042 0.01427 0.04482 
1000.0 0.20101 0.1285 0.19963 0.02275 0.1371 0.04628 0.08388 0.05085 
1000.0 0.01341 0.02807 0.00886 0.01216 0.0263 0.02419 0.00089 0.00455 
1000.0 0.02479 0.02783 0.0312 0.02577 0.0321 0.03582 0.02513 0.03637 
1000.0 0.00576 0.05568 0.08055 0.03358 0.10055 0.04255 0.04572 0.06999 
1000.0 0.09551 0.0368 0.01002 0.05402 0.0565 0.08462 0.01921 0.07198 
1000.0 0.01605 0.0152 0.00012 0.00881 0.00637 0.00217 0.00308 0.00951 
1000.0 0.00319 0.00924 0.02143 0.00623 0.02811 0.00403 0.02203 0.00306 
1000.0 0.01027 0.00852 0.01346 0.01478 0.00974 0.00478 0.01013 0.00308 
1000.0 0.01568 0.00051 0.04465 0.00135 0.05856 0.02643 0.04092 0.06226 
1000.0 0.03748 0.00014 0.03846 0.03621 0.01798 0.00499 0.00463 0.03931 
1000.0 0.00162 0.00858 0.00658 0.01377 0.00529 0.00851 0.00534 0.0021 
1000.0 0.03934 0.01546 0.1016 0.00605 0.00656 0.07918 0.00791 0.04777 
1000.0 0.00991 0.00455 0.00802 0.02798 0.01407 0.02374 0.03217 0.01222 
1000.0 0.01519 0.00204 0.00585 0.01367 0.01567 0.00188 0.00353 0.00971 
