1000.0 1000.0 1000.0 1000.0 1000.0 1000.0 1000.0 1000.0 1000.0 
1000.0 0.00932 0.00806 0.01095 0.01242 0.00863 0.01016 0.01205 0.00775 
1000.0 0.05863 0.03586 0.07709 0.0147 0.00061 0.09649 0.04781 0.05987 
1000.0 0.1291 0.11431 0.1607 0.06018 0.03877 0.11712 0.0728 0.01324 
1000.0 0.01731 0.01169 0.00906 0.03285 0.02245 0.01108 0.03084 0.00587 
1000.0 0.10041 0.01356 0.04778 0.00082 0.04557 0.05445 0.00939 0.05434 
1000.0 0.04132 0.01407 0.00989 0.04345 0.01053 0.05619 0.06046 0.06157 
1000.0 0.00447 0.00557 0.00134 0.00279 0.00194 0.0002 0.00476 0.00287 
1000.0 0.20195 0.10715 0.03982 0.02873 0.14015 0.01583 0.12495 0.16249 
1000.0 0.00758 0.01068 0.01429 0.0148 0.00338 0.02303 0.02702 0.02456 
1000.0 0.00106 0.03645 0.04466 0.00596 0.02155 0.03472 0.01177 0.03842 
1000.0 0.073 0.24231 0.15184 0.28273 0.12114 0.16748 0.27142 0.19649 
1000.0 0.00075 0.02436 0.07159 0.04745 0.06141 0.00481 0.036 0.02308 
1000.0 0.05856 0.06157 0.04196 0.10588 0.08086 0.07291 0.03274 0.0644 
1000.0 0.072 0.05639 0.09939 0.03775 0.12284 0.08943 0.02537 0.02658 
1000.0 0.01885 0.01183 0.01435 0.00251 0.02328 0.00012 0.01703 0.00444 
1000.0 0.00956 0.00737 0.01331 0.00336 0.00295 0.00702 0.00254 0.01041 
1000.0 0.01629 0.02475 0.00336 0.00283 0.03291 0.02516 0.03012 0.03456 
1000.0 0.02545 0.02076 0.02343 0.00068 0.00999 0.01841 0.01024 0.02551 
1000.0 0.0053 0.03901 0.00277 0.02185 0.00817 0.01187 0.04327 0.05366 
1000.0 0.00458 0.00558 0.02241 0.01887 0.01947 0.0181 0.01995 0.00135 
1000.0 0.00383 0.00384 0.00124 0.01139 0.01165 0.01394 0.0031 0.0084 
1000.0 0.04567 0.02645 0.02405 0.02692 0.00272 0.04363 0.04351 0.00284 
1000.0 0.00171 0.00379 0.00083 0.00278 0.00226 0.00255 0.00076 0.00255 
1000.0 0.0577 0.09582 0.02479 0.04957 0.05988 0.03584 0.00074 0.0969 
1000.0 0.05591 0.02178 0.01601 0.04789 0.02506 0.10618 0.08457 0.04186 
1000.0 0.02617 0.01098 0.00066 0.00883 0.00376 0.00689 0.016 0.00024 
1000.0 0.00194 0.02273 0.01517 0.02022 0.01169 0.00935 0.01946 0.01346 
1000.0 0.02583 0.02053 0.00776 0.0036 0.01996 0.03318 0.04102 0.04502 
1000.0 0.04488 0.01182 0.02878 0.03987 0.03692 0.04646 0.01732 0.01685 
1000.0 0.00488 0.00056 0.01847 0.02353 0.00429 0.00803 0.00623 0.00298 
1000.0 0.02256 0.01679 0.0023 0.0151 0.01408 0.02534 0.02054 0.00634 
1000.0 0.0423 0.02851 0.03834 0.00404 0.03315 0.03149 0.00741 0.03187 
1000.0 0.0004 0.00042 0.01192 0.00713 0.01588 0.01453 0.00294 0.01294 
1000.0 0.02207 0.00196 0.00675 0.00044 0.0189 0.01301 0.01025 0.00883 
1000.0 0.01893 0.04392 0.03313 0.0344 0.02615 0.04039 0.03886 0.03985 
1000.0 0.04717 0.02002 0.00599 1e-05 0.01004 0.04523 0.04612 0.03468 
1000.0 0.17234 0.07221 0.08006 0.08814 0.18646 0.15237 0.15925 0.17643 
1000.0 0.01163 0.02792 0.00042 0.00313 0.01292 0.01363 0.02077 0.00139 
1000.0 0.03198 0.01426 0.00981 0.05213 0.00652 0.01095 0.01342 0.02363 
1000.0 0.04754 0.00277 0.04113 0.08175 0.06473 0.09292 0.0891 0.0313 
1000.0 0.04979 0.03241 0.08692 0.06999 0.0356 0.03738 0.07007 0.00849 
1000.0 0.0158 0.00822 0.00281 0.00341 0.00168 0.00261 0.0141 0.01233 
1000.0 0.02655 0.00032 0.02641 0.02472 0.02363 0.02492 0.02824 0.02678 
1000.0 0.00177 0.01417 0.00956 0.00528 0.0136 0.01255 0.01359 0.0148 
1000.0 0.02402 0.04861 0.03731 0.00267 0.06788 0.02051 0.06158 0.04953 
1000.0 0.01226 0.00892 0.03051 0.00596 0.02885 0.02708 0.01621 0.02365 
1000.0 0.00954 0.01116 0.00692 0.00795 0.01378 0.00835 0.00755 0.00402 
1000.0 0.10666 0.08138 0.09558 0.05177 0.04284 0.0696 0.01829 0.07916 
1000.0 0.02994 0.02364 0.03215 0.03073 0.00699 0.01763 0.0298 0.02963 
1000.0 0.01374 0.01273 0.00833 0.0155 0.01417 0.01366 0.00796 0.00214 
