1000.0 1000.0 1000.0 1000.0 1000.0 1000.0 1000.0 1000.0 1000.0 
1000.0 0.00383 0.00087 0.00111 0.01275 0.01204 0.01313 0.00329 0.00756 
1000.0 0.00526 0.01033 0.07736 0.02346 0.03017 0.10333 0.08938 0.11188 
1000.0 0.11676 0.08156 0.05444 0.16253 0.1891 0.13674 0.01368 0.11008 
1000.0 0.01426 0.0106 0.03554 0.00064 0.04197 0.00489 0.01352 0.01873 
1000.0 0.10313 0.00636 0.06827 0.0753 0.10416 0.02402 0.09791 0.02167 
1000.0 0.07027 0.0251 0.06417 0.05703 0.02646 0.0337 0.02551 0.0437 
1000.0 0.00381 0.00623 0.0003 0.00618 0.0023 0.00554 0.00441 0.006 
1000.0 0.22153 0.10828 0.00092 0.10471 0.15115 0.14 0.12924 0.20775 
1000.0 0.00105 0.02927 0.03048 0.00979 0.02906 0.01564 0.00971 0.02738 
1000.0 0.04073 0.02355 0.03965 0.04689 0.01569 0.01444 0.03865 0.03508 
1000.0 0.202 0.23591 0.20305 0.21024 0.05723 0.20973 0.11088 0.07285 
1000.0 0.05511 0.01501 0.0127 0.05451 0.01147 0.06711 0.06996 0.03227 
1000.0 0.0847 0.08436 0.08786 0.06307 0.05195 0.09365 0.02847 0.08354 
1000.0 0.10079 0.00411 0.10919 0.08531 0.0154 0.0167 0.09836 0.14179 
1000.0 0.01826 0.00272 0.01916 0.00378 0.02337 0.00341 0.02178 0.00887 
1000.0 0.01923 0.00511 0.00114 0.01885 0.00757 0.00635 0.0235 0.0224 
1000.0 0.01968 0.0045 0.02323 0.03579 0.00307 0.01376 0.02977 0.00893 
1000.0 0.00245 0.01656 0.02932 0.00597 0.01068 0.00278 0.03 0.03047 
1000.0 0.01761 0.0086 0.03253 0.04258 0.00889 0.0389 0.00608 0.05893 
1000.0 0.0137 0.01036 0.0236 0.00832 0.01074 0.01345 0.02361 0.01241 
1000.0 0.01041 0.00859 0.01132 0.01482 0.00986 0.00852 0.00032 0.00569 
1000.0 0.01464 0.03894 0.0385 0.01053 0.04259 0.0215 0.00267 0.01878 
1000.0 0.00255 0.00065 0.00144 0.00299 0.00165 3e-05 0.00401 0.00372 
1000.0 0.044 0.02371 0.01856 0.05962 0.08506 0.0896 0.07617 0.07031 
1000.0 0.06605 0.03904 0.03558 0.07816 0.07848 0.04351 0.05143 0.00398 
1000.0 0.00428 0.01255 0.0114 0.01381 0.02229 0.00158 0.01214 0.01727 
1000.0 0.00366 0.00214 0.00599 0.00189 0.00849 0.0028 0.01594 0.00615 
1000.0 0.0004 0.00173 0.02287 0.03632 0.02874 0.0001 0.01166 0.02747 
1000.0 0.04674 0.01563 0.01032 0.02797 0.04584 0.02103 0.00721 0.00249 
1000.0 0.00883 0.00582 0.02178 0.00362 0.00685 0.01203 0.01047 0.02009 
1000.0 0.02192 0.02876 0.01836 0.02594 0.01613 0.01571 0.00845 0.01704 
1000.0 0.01078 0.00879 0.04161 0.03456 0.01142 0.03472 0.01036 0.02862 
1000.0 0.00816 0.00472 0.01338 0.01068 0.01521 0.00832 0.01004 0.00838 
1000.0 0.01549 0.02144 0.01693 0.00285 0.01857 0.02201 0.01611 0.01998 
1000.0 0.0462 0.01131 0.03916 0.02813 0.0462 0.00451 0.00679 0.01234 
1000.0 0.00789 0.008 0.02212 0.02337 0.01968 0.00477 0.02359 0.00612 
1000.0 0.04253 0.1723 0.01355 0.12674 0.16095 0.05912 0.03851 0.13368 
1000.0 0.00891 0.02558 0.01032 0.0207 0.01847 0.01538 0.00814 0.00698 
1000.0 0.0198 0.01809 0.0113 0.03901 0.03558 0.05839 0.00254 0.02316 
1000.0 0.01738 0.02134 0.03898 0.06439 0.09082 0.0681 0.06587 0.04089 
1000.0 0.05051 0.08053 0.03763 0.02792 0.00137 0.09483 0.06346 0.0614 
1000.0 0.01607 0.00308 0.00968 0.00255 0.00868 0.00305 0.01269 0.00472 
1000.0 0.0044 0.01001 0.02277 0.01471 0.00782 0.00797 0.0197 0.02679 
1000.0 0.00515 0.00455 0.0073 0.01157 0.0059 0.00728 0.00418 0.00237 
1000.0 0.01233 0.02352 0.01767 0.04493 0.06787 0.03224 0.02767 0.00035 
1000.0 0.02201 0.02809 0.03082 0.03924 0.02693 0.01242 0.00092 0.00152 
1000.0 0.00905 0.00073 0.00788 0.00735 5e-05 0.01018 0.00139 0.00639 
1000.0 0.01819 0.00339 0.04647 0.10268 0.09943 0.10745 0.04605 0.01129 
1000.0 0.00293 0.01291 0.01257 0.01148 0.03283 0.01287 0.01763 0.02512 
1000.0 0.01449 0.00398 0.00901 0.00757 0.01382 0.00388 0.00348 0.00983 
