1000.0 1000.0 1000.0 1000.0 1000.0 1000.0 1000.0 1000.0 1000.0 
1000.0 0.00039 0.0055 0.00207 0.00944 0.01236 0.00928 0.0062 0.00128 
1000.0 0.11499 0.09414 0.04782 0.0769 0.08824 0.1272 0.115 0.0512 
1000.0 0.08401 0.01363 0.15012 0.13169 0.03709 0.01385 0.04546 0.1795 
1000.0 0.02796 0.01549 0.01997 0.01453 0.01348 0.02529 0.03455 0.0111 
1000.0 0.07608 0.02982 0.09093 0.10698 0.08293 0.04049 0.03085 0.06483 
1000.0 0.04654 0.00453 0.0084 0.06641 0.04703 0.06331 0.015 0.05381 
1000.0 0.00246 0.00372 0.00183 0.00018 0.00609 0.00237 0.00219 0.00557 
1000.0 0.20407 0.15331 0.03696 0.14508 0.02291 0.21348 0.02581 0.17706 
1000.0 0.00464 0.00314 0.0245 0.0135 0.02181 0.00012 0.02511 0.01888 
1000.0 0.03498 0.01022 0.03088 0.04528 0.02941 0.00171 0.01939 0.02818 
1000.0 0.39573 0.41719 0.4517 0.16278 0.2901 0.23371 0.04867 0.09523 
1000.0 0.03403 0.06119 0.01096 0.05824 0.03514 0.0071 0.05821 0.00294 
1000.0 0.0466 0.0021 0.00742 0.02849 0.0308 0.08766 0.05499 0.08725 
1000.0 0.12184 0.08099 0.07284 0.12809 0.10746 0.00639 0.07465 0.07549 
1000.0 0.00099 0.01971 0.00477 0.01161 0.0117 0.02366 0.01727 0.00883 
1000.0 0.01526 0.0004 0.015 0.00158 0.00953 0.00246 0.0095 0.01774 
1000.0 0.0149 0.01903 0.00486 0.0053 0.03085 0.00419 0.00786 0.00685 
1000.0 0.00783 0.01663 0.01762 0.02537 0.00907 0.01913 0.02104 0.01322 
1000.0 0.04782 0.02818 0.0282 0.01127 0.0227 0.02673 0.03324 0.02916 
1000.0 0.00605 0.0141 0.00902 3e-05 0.00507 0.00913 0.01315 0.02273 
1000.0 0.00418 0.00269 0.01365 0.00166 0.00793 0.00827 0.00877 0.01011 
1000.0 0.04675 0.03843 0.0367 0.02618 0.04018 0.04073 0.02885 0.03702 
1000.0 0.00362 0.00106 0.00334 0.00087 0.00155 0.00266 0.00405 0.00187 
1000.0 0.07927 0.09233 0.02487 0.07803 0.06127 0.0905 0.07424 0.01167 
1000.0 0.05596 0.0662 0.09626 0.08445 0.03649 0.0042 0.09346 0.08455 
1000.0 0.01123 0.02288 0.01268 0.02429 0.01908 0.00189 0.0329 0.00823 
1000.0 0.0104 0.02372 0.01476 0.00704 0.01232 0.01767 0.02167 0.00523 
1000.0 0.02908 0.01485 0.02711 0.02346 0.05041 0.05295 0.03158 0.0371 
1000.0 0.02868 0.01331 0.01583 0.0098 0.03946 0.04329 0.04936 0.04919 
1000.0 0.00349 0.01864 0.00109 0.02002 0.01967 0.00874 0.00901 0.01953 
1000.0 0.00715 0.01014 0.0014 0.00896 0.01035 0.01949 0.01029 0.01385 
1000.0 0.00014 0.03665 0.01428 0.03914 0.00313 0.00971 0.02941 0.02174 
1000.0 0.00065 0.01593 0.0007 0.00694 0.00336 0.00355 0.00961 0.01302 
1000.0 0.01905 0.00288 0.01284 0.01295 0.01793 0.01815 0.01788 0.01416 
1000.0 0.00077 0.03241 0.02151 0.04836 0.00088 0.04782 0.01243 0.00593 
1000.0 0.04083 0.0093 0.01883 0.02857 0.04243 0.01697 0.0081 0.02863 
1000.0 0.03761 0.00773 0.01289 0.19904 0.13024 0.17615 0.02185 0.14846 
1000.0 0.00915 0.00889 0.02675 0.02753 0.02458 0.0085 0.02471 0.00267 
1000.0 0.03761 0.01396 0.0265 0.00879 0.05198 0.02635 0.03448 0.04877 
1000.0 0.06912 0.04718 0.00064 0.04804 0.09727 0.06537 0.09928 0.03413 
1000.0 0.098 0.02034 0.06978 0.02191 0.05298 0.02225 0.01133 0.07543 
1000.0 0.00798 0.01653 0.01187 0.00461 0.01496 0.00739 0.01544 0.01564 
1000.0 0.02869 0.01521 0.01092 0.02271 0.00314 0.02163 0.02373 0.01184 
1000.0 0.00564 0.00246 0.01213 0.00523 0.00227 0.00967 0.00769 0.00171 
1000.0 0.03262 0.01151 0.04173 0.07113 0.06426 0.00115 0.04822 0.00991 
1000.0 0.01076 0.01486 0.03945 0.01557 0.03699 0.0223 0.01023 0.03019 
1000.0 0.0132 0.00475 0.00429 0.01413 0.01331 0.00229 0.00623 0.0078 
1000.0 0.04192 0.0037 0.05482 0.08907 0.0448 0.06329 0.09742 0.09634 
1000.0 0.0248 0.00792 0.00807 0.00784 0.00228 0.02244 0.02009 0.00634 
1000.0 0.00635 0.00231 0.00736 0.01279 0.00085 0.01574 0.00542 0.0047 
