1000.0 1000.0 1000.0 1000.0 1000.0 1000.0 1000.0 1000.0 1000.0 
1000.0 0.00498 0.00102 0.0108 0.00717 0.0057 0.00096 0.00299 0.01304 
1000.0 0.01034 0.14389 0.04386 0.11688 0.02074 0.11335 0.07613 0.12429 
1000.0 0.02139 0.16507 0.10584 0.01589 0.17704 0.15123 0.16166 0.06019 
1000.0 0.01876 0.00921 0.02477 0.01801 0.00602 0.02899 0.0355 0.00608 
1000.0 0.01767 0.08986 0.08912 0.0543 0.10722 0.1041 0.06605 0.10548 
1000.0 0.00469 0.02918 0.00244 0.06543 0.05871 0.03507 0.00738 0.06129 
1000.0 0.00645 0.00043 0.0052 0.00218 0.0014 0.00664 0.00534 0.00576 
1000.0 0.08567 0.2108 0.20105 0.05752 0.17584 0.11336 0.02193 0.0182 
1000.0 0.01473 0.013 0.02292 0.02185 0.01188 0.00717 0.02234 0.02797 
1000.0 0.02072 0.04864 0.00877 0.00426 0.01175 0.04726 0.0005 0.00343 
1000.0 0.10925 0.04601 0.3693 0.26016 0.2333 0.35459 0.17985 0.24328 
1000.0 0.02667 0.04355 0.05654 0.05572 0.00441 0.00918 0.05162 0.03358 
1000.0 0.04184 0.09327 0.03136 0.06189 0.02063 0.03972 0.03069 0.07975 
1000.0 0.02301 0.09201 0.01408 0.09578 0.05737 0.06604 0.12048 0.06562 
1000.0 0.02129 0.00168 0.00757 0.00105 0.01201 0.00642 0.0144 0.00526 
1000.0 0.00203 0.0012 0.00531 0.00991 0.02317 0.01789 0.00402 0.01775 
1000.0 0.01329 0.02427 0.03258 0.03169 0.01866 0.01829 0.02776 0.02278 
1000.0 0.02144 0.02335 0.02122 0.01053 0.01454 0.02469 0.02974 0.02492 
1000.0 0.03439 0.0421 0.04026 0.02192 0.05685 0.04449 0.06139 0.00947 
1000.0 0.0236 0.00273 0.00623 0.0236 0.01933 0.00417 0.01781 0.01618 
1000.0 0.00844 0.01092 0.0128 0.00883 0.00698 0.00122 0.01351 0.00374 
1000.0 0.01581 0.03976 0.0186 0.0148 0.00142 0.04479 0.0058 0.01206 
1000.0 0.00205 0.0028 0.00048 0.00207 0.00132 0.0002 0.00414 0.00069 
1000.0 0.01154 0.02972 0.07925 0.01407 0.07234 0.08274 0.05927 0.04553 
1000.0 0.0552 0.00462 0.08661 0.04379 0.05136 0.01673 0.05345 0.06635 
1000.0 0.00531 0.01675 0.02731 0.02299 0.02074 0.00839 0.03345 0.01656 
1000.0 0.00643 0.01454 0.01248 0.00984 0.02033 0.00519 0.01672 0.00823 
1000.0 0.03735 0.05272 0.02695 0.03067 0.01955 0.0398 0.0479 0.0031 
1000.0 0.02061 0.03445 0.04081 0.04154 0.02186 0.04773 0.01036 0.0093 
1000.0 0.02251 0.02252 0.00653 0.01053 0.01004 0.01215 0.00862 0.00378 
1000.0 0.01808 0.01645 0.00901 0.02478 0.01053 0.00055 0.00943 0.02823 
1000.0 0.00854 0.00431 0.04199 0.01149 0.01243 0.03195 0.03019 0.03222 
1000.0 0.00176 0.00357 0.00398 0.01541 0.01563 0.00936 0.00496 0.00011 
1000.0 0.0078 0.00818 0.0024 0.001 0.00711 0.01262 0.01193 0.00373 
1000.0 0.00094 0.02534 0.02549 0.00794 0.02167 0.03515 0.0013 0.00074 
1000.0 0.01294 0.04084 0.02242 0.03361 0.02629 0.0455 0.02631 0.02073 
1000.0 0.05203 0.06879 0.10791 0.0258 0.20298 0.0284 0.12236 0.16652 
1000.0 0.00224 0.01116 0.01283 0.0009 0.00368 0.00244 0.01965 0.00012 
1000.0 0.05411 0.01202 0.01474 0.03356 0.00245 0.02172 0.0029 0.05712 
1000.0 0.05603 0.01695 0.07341 0.00113 0.04998 0.03741 0.05305 0.01388 
1000.0 0.0308 0.0853 0.00602 0.01348 0.03461 0.02238 0.05195 0.09627 
1000.0 0.00605 0.00632 0.00058 0.00052 0.00039 0.01465 0.01448 0.01002 
1000.0 0.002 0.00404 0.02878 0.00898 0.01849 0.00504 0.00378 0.01786 
1000.0 0.01152 0.0038 0.01088 0.00715 0.00507 0.01481 0.00467 0.00844 
1000.0 0.04572 0.03016 0.03723 0.03889 0.00142 0.05748 0.05389 0.01202 
1000.0 0.02936 0.03448 0.01719 0.03666 0.01988 0.03744 0.00018 0.01806 
1000.0 0.00189 0.00064 0.00839 0.00228 0.00308 0.01308 0.00569 0.01299 
1000.0 0.01639 0.00749 0.05245 0.03775 0.04314 0.02689 0.0261 0.10426 
1000.0 0.00574 0.00507 0.0107 0.02069 0.00338 0.02987 0.0247 0.018 
1000.0 0.01008 0.01276 0.01337 0.00639 0.01343 0.01324 0.01222 0.00884 
