1000.0 1000.0 1000.0 1000.0 1000.0 1000.0 1000.0 1000.0 1000.0 1000.0 1000.0 1000.0 1000.0 1000.0 1000.0 1000.0 1000.0 1000.0 1000.0 1000.0 1000.0 1000.0 1000.0 1000.0 1000.0 1000.0 1000.0 1000.0 1000.0 1000.0 1000.0 1000.0 1000.0 1000.0 1000.0 1000.0 1000.0 1000.0 1000.0 1000.0 1000.0 1000.0 1000.0 1000.0 1000.0 1000.0 1000.0 1000.0 1000.0 1000.0 1000.0 
1000.0 20.30328 27.71441 11.58596 0.0 12.70793 22.57766 8.14299 30.71554 21.09984 28.6331 32.1293 0.0 28.32864 8.55794 33.79464 24.91481 33.60202 20.37662 32.75786 0.03149 12.94247 10.3095 11.70134 30.26341 24.24461 31.75363 31.60317 6.99174 33.84724 31.62446 32.18832 8.70237 28.04124 29.20792 31.15211 10.71126 24.88274 24.81658 25.41251 17.15357 30.05577 18.91181 33.6994 14.03577 18.22465 26.39091 0.0 26.0761 0.0 33.03652 
1000.0 31.1732 15.6771 21.01424 0.0 27.84324 24.02433 24.18966 14.00654 18.91322 11.37814 26.26083 0.0 18.31897 17.77662 14.29955 30.15241 19.305 33.00903 32.58728 0.01613 8.63411 32.2136 19.38238 32.48746 20.45919 15.31375 15.30602 16.08513 28.89093 32.57447 30.43147 16.90092 28.3421 7.45128 20.86403 26.90518 33.82419 32.30858 16.5996 7.14416 31.41595 24.12578 7.93051 19.3356 17.0058 14.32857 0.0 16.58523 0.0 14.54936 
1000.0 8.19655 21.4573 9.95888 0.0 32.66883 15.89134 11.13933 8.44604 24.77685 26.8466 14.58083 0.0 27.66125 15.95359 28.48915 18.76983 17.71062 9.20327 23.12101 0.02742 25.78353 23.9019 14.98848 22.25335 25.56001 10.6464 25.75573 13.60102 10.37135 9.79411 11.12031 14.21589 26.39263 24.71379 28.79017 15.5512 14.61847 31.07141 8.05144 28.02857 18.94879 19.46351 24.65067 9.90514 26.15488 11.82989 0.0 21.95942 0.0 11.20067 
1000.0 0.0 0.0 0.0 32.83735 0.0 0.0 0.0 0.0 0.0 0.0 0.0 30.71765 0.0 0.0 0.0 0.0 0.0 0.0 0.0 0.0 0.0 0.0 0.0 0.0 0.0 0.0 0.0 0.0 0.0 0.0 0.0 0.0 0.0 0.0 0.0 0.0 0.0 0.0 0.0 0.0 0.0 0.0 0.0 0.0 0.0 0.0 20.29638 0.0 24.04958 0.0 
1000.0 14.43586 14.70609 7.17173 0.0 8.51194 8.02202 33.19327 27.09837 26.10655 8.89789 22.74093 0.0 11.22131 22.69278 16.34119 19.83705 16.96818 15.80942 27.86906 0.03064 31.42283 10.58013 33.2524 10.53577 26.6182 14.25934 21.09426 9.67668 20.30794 30.73757 18.37029 29.82598 28.19759 7.42096 29.9113 22.55615 26.87509 17.3642 24.79877 21.76005 13.36585 32.72516 32.09543 18.82657 23.4893 18.69814 0.0 31.59727 0.0 18.95285 
1000.0 20.77604 15.03627 13.62374 0.0 11.58498 9.85595 24.90522 22.40031 31.41789 25.59556 28.34084 0.0 30.98261 32.5043 31.98776 22.65683 31.38104 13.18313 20.18055 0.01536 18.17993 31.22319 24.51265 27.68056 11.93479 14.13016 21.15947 17.17622 18.18851 30.54094 9.85832 16.22554 10.39162 22.57661 15.5489 25.62652 33.19907 13.60509 19.66644 15.93214 34.00147 25.05969 20.88097 21.38706 7.21889 16.95119 0.0 27.02611 0.0 20.96955 
1000.0 32.5001 22.25497 22.83416 0.0 31.40167 10.17573 22.2141 17.89056 8.10216 30.22863 14.89514 0.0 29.76951 13.18447 30.47558 17.0913 27.62581 19.85952 20.60691 0.03516 33.85711 14.9757 20.08921 9.52168 27.12459 28.48211 22.10765 15.90113 22.95654 29.22481 27.86096 13.18233 24.32637 9.78079 15.75188 10.28345 18.38118 21.07725 20.068 30.42152 26.08996 10.70532 11.99831 11.67366 33.01035 17.48936 0.0 9.71586 0.0 12.00602 
1000.0 13.55775 7.61577 21.26811 0.0 31.29225 9.58236 28.41458 18.8352 12.58782 32.46883 31.75917 0.0 29.0972 15.11735 27.10224 32.81898 8.44526 20.53747 31.64826 0.01193 27.00944 6.90647 20.27954 26.07505 31.21424 8.84702 17.21571 24.38021 26.01824 29.73947 17.05983 16.01594 9.78363 24.30451 18.91233 10.2708 25.86866 30.43702 30.06927 32.17146 17.80809 21.48041 30.94213 23.35373 30.86434 24.80252 0.0 27.96918 0.0 7.83773 
1000.0 13.92306 22.6209 15.84282 0.0 8.18267 9.03318 32.21991 13.8062 33.09615 24.60325 16.6352 0.0 10.27748 8.02465 25.65866 30.33185 17.75814 12.9094 17.58321 0.02182 8.48629 19.00224 17.63155 13.30648 30.28485 10.11746 18.039 15.82489 9.09101 23.39994 21.53675 30.73635 32.95111 27.7347 33.85063 9.006 15.51046 15.60848 26.5141 16.53673 14.29998 13.52506 22.56254 22.19138 13.99687 12.34616 0.0 10.70581 0.0 23.09025 
1000.0 20.17537 30.22536 23.67079 0.0 25.40386 23.55406 11.1995 16.78353 12.88236 29.45189 30.29106 0.0 9.72502 27.3489 10.13998 16.60232 11.25124 17.74012 24.37468 0.03758 7.86027 20.67448 14.0566 24.7991 17.09313 13.31978 17.19472 33.21399 20.57201 27.3356 12.25932 19.68584 20.68442 17.85306 17.53945 21.81041 9.57171 8.63913 30.63569 8.12932 31.70788 16.14791 21.00172 29.61433 26.89018 26.49228 0.0 12.42967 0.0 7.58891 
1000.0 33.77137 21.33293 6.96389 0.0 11.41127 17.32066 7.22135 28.121 26.11508 21.60372 33.85038 0.0 20.57176 28.70527 20.1761 28.30131 14.71837 14.3788 6.97589 0.04065 23.78361 26.20009 18.12602 13.48381 16.15103 33.74339 9.93957 10.36616 20.57482 28.49104 11.60478 11.44668 24.03797 14.86899 11.75068 20.37989 22.15182 28.9871 20.35566 24.79018 20.72199 27.6985 15.35937 18.56846 21.15377 29.22568 0.0 7.77742 0.0 22.44623 
1000.0 0.0 0.0 0.0 8.62911 0.0 0.0 0.0 0.0 0.0 0.0 0.0 10.36953 0.0 0.0 0.0 0.0 0.0 0.0 0.0 0.0 0.0 0.0 0.0 0.0 0.0 0.0 0.0 0.0 0.0 0.0 0.0 0.0 0.0 0.0 0.0 0.0 0.0 0.0 0.0 0.0 0.0 0.0 0.0 0.0 0.0 0.0 21.91373 0.0 12.2297 0.0 
1000.0 9.04503 28.87101 22.95871 0.0 28.11032 12.03252 12.34757 7.67074 29.33361 8.75368 8.55358 0.0 29.83911 12.12821 25.8864 26.2456 33.24714 8.02778 18.67251 0.01757 23.79036 21.13477 33.61951 28.23164 23.84759 32.02689 13.49347 21.22801 25.15425 15.90866 28.42249 31.22963 28.04854 13.91388 25.24405 25.37655 23.26665 19.62598 23.48375 26.4107 33.9056 13.58522 20.34586 25.59174 32.98147 17.5326 0.0 32.9471 0.0 9.39846 
1000.0 22.88836 19.35575 11.48224 0.0 30.15685 33.02653 25.29013 16.39976 22.46055 31.48322 32.02039 0.0 30.01819 18.57022 24.06764 28.47657 14.7194 21.33901 15.80721 0.01273 11.2889 17.07388 26.21203 29.93998 25.44813 14.93561 13.68216 25.45095 20.82522 16.41167 11.71219 29.58957 14.63662 7.82747 24.24025 26.18619 22.13765 27.57284 25.73774 13.03198 33.85315 13.57585 20.25858 19.92783 8.37156 14.98976 0.0 15.9592 0.0 23.1568 
1000.0 32.73334 29.76096 20.58459 0.0 27.81502 15.02308 15.1718 20.72974 12.95663 21.25702 12.87418 0.0 18.51233 23.76175 20.73405 19.39116 26.94359 20.09875 16.80723 0.0161 10.47786 11.29781 17.40558 11.05347 26.82119 32.28926 28.02575 29.56661 22.52015 15.60572 32.14054 6.91459 16.00052 22.0169 19.75317 33.06826 14.31071 28.79735 31.44841 32.49309 16.66851 10.07469 16.28068 23.72231 29.47989 31.95625 0.0 21.98392 0.0 13.20832 
1000.0 14.39811 9.54366 13.1214 0.0 15.6054 12.08658 20.22993 10.46743 18.26342 18.78149 29.65645 0.0 11.71433 26.49399 25.40345 21.30519 10.92137 32.3516 31.1609 0.03516 10.18843 22.24387 18.17293 32.28799 18.66231 28.71554 26.4032 10.50726 28.29894 7.008 21.47499 11.0006 11.07276 23.70077 14.90735 9.67327 12.86745 25.16765 22.57588 15.48865 7.21582 18.2963 18.30197 13.60757 10.76718 30.04768 0.0 9.31661 0.0 14.78674 
1000.0 33.72214 30.99335 30.43156 0.0 32.9851 34.01296 10.68568 28.87558 31.78159 18.9144 23.24927 0.0 18.27125 15.98475 33.3302 21.87433 22.47006 31.57846 16.93619 0.0368 23.26028 25.90964 29.81934 23.11542 18.31919 8.25917 21.63519 22.36297 26.79964 13.25132 19.1789 19.73158 7.85811 26.61135 27.54773 14.64059 8.08351 8.201 8.63786 8.88485 7.81763 9.9173 15.45365 21.95482 29.8365 32.32157 0.0 14.76405 0.0 13.27651 
1000.0 29.017 28.43762 19.13301 0.0 23.14409 23.00556 30.09465 9.25242 20.03905 21.9606 12.64412 0.0 14.28316 25.31315 31.39222 26.12386 20.54351 30.14123 13.67978 0.03183 14.39632 27.50298 17.70359 27.58626 8.23991 14.72442 9.96867 33.51107 29.35091 16.14716 34.0397 17.12902 20.63937 15.66489 15.48052 21.44084 18.1468 16.66894 25.82709 20.0153 18.93331 33.73743 24.51048 30.37616 18.9418 30.93318 0.0 23.62277 0.0 17.98415 
1000.0 13.4115 31.27794 20.10336 0.0 25.40062 13.48577 29.37744 8.92208 7.08833 18.06486 29.22511 0.0 21.31304 29.88924 16.55823 24.78106 14.47728 24.25651 20.93362 0.02608 20.02327 30.0789 33.66041 12.35412 24.12359 17.69303 17.83127 8.65391 18.11358 34.02626 7.34844 24.54599 7.49381 20.35777 14.05858 22.47537 24.69109 12.25293 28.31517 22.40871 19.02179 33.51468 16.79201 10.81232 12.88016 8.34432 0.0 20.8183 0.0 11.25726 
1000.0 0.16017 0.16142 0.15605 0.0 0.04608 0.10501 0.12439 0.05547 0.06876 0.09016 0.07842 0.0 0.16156 0.12237 0.07254 0.08996 0.15583 0.09491 0.05018 14.85222 0.14337 0.13624 0.10357 0.13218 0.10349 0.08984 0.09485 0.08013 0.13228 0.11932 0.09494 0.0368 0.06016 0.14068 0.14392 0.13409 0.15047 0.13328 0.16066 0.13206 0.15052 0.15259 0.06403 0.04175 0.07654 0.07067 0.0 0.10226 0.0 0.11071 
1000.0 23.06136 12.65127 15.10927 0.0 32.09641 30.40081 21.80582 21.16508 31.14311 25.5319 17.95877 0.0 13.05531 10.95018 12.43363 10.50598 21.25986 29.17666 18.44366 0.01078 18.93816 31.37782 24.30113 12.18069 22.13438 29.67755 27.44698 15.66274 24.01817 33.04429 14.56624 13.20525 32.53785 20.5182 13.78189 19.04702 22.52409 30.96903 21.6702 21.61884 11.65414 28.86069 15.46823 30.9127 10.23918 12.02387 0.0 25.02689 0.0 8.83132 
1000.0 28.26577 10.08574 19.0857 0.0 21.49273 31.51603 15.13594 11.27946 22.47156 25.54191 30.02323 0.0 28.79769 11.77535 28.75637 24.29665 9.43861 11.01588 19.3957 0.02186 23.65305 16.42842 30.72896 23.3319 31.28162 13.14139 17.96967 12.68224 15.54616 26.91681 19.35456 17.79399 30.1459 17.37233 14.08471 13.20043 24.57231 7.92716 32.71264 10.43851 22.12758 23.37392 26.26634 9.05565 10.3982 10.8129 0.0 15.3143 0.0 17.51413 
1000.0 26.64818 21.18296 32.52926 0.0 8.08471 23.19692 9.15231 10.69394 18.94787 31.16918 9.91992 0.0 15.10615 18.96386 27.15194 32.70254 24.3051 18.78282 13.02327 0.01726 12.51222 31.46036 21.27264 32.63192 21.68971 22.50699 28.00655 26.37883 19.2024 26.45008 23.45268 24.66001 23.18746 24.54061 10.57985 30.46083 19.22106 15.78734 16.86712 18.60325 28.33247 31.79355 25.5557 21.32562 16.70785 25.92817 0.0 23.82547 0.0 16.01734 
1000.0 26.37749 10.86734 17.39588 0.0 14.55887 33.15817 12.07466 27.29729 25.91526 32.55685 15.52292 0.0 9.83979 20.96178 29.75958 13.36188 12.0555 15.90685 7.26757 0.02339 22.52767 16.27476 32.87042 29.74998 28.82158 13.32393 14.08008 34.0335 9.67468 23.96986 29.47962 33.08666 23.61115 16.03866 29.24912 18.1831 15.79332 13.92981 14.57409 32.40899 19.61331 7.60771 24.85392 29.63017 23.51658 9.11344 0.0 19.7484 0.0 21.96086 
1000.0 33.63959 32.77591 21.81973 0.0 28.80257 21.4933 14.79868 17.72535 9.23633 31.84986 19.0434 0.0 9.36327 30.32417 18.14672 11.19544 12.75915 24.30816 12.74899 0.03066 30.15837 33.6751 31.47466 25.56304 20.42509 14.51583 18.66363 29.87213 12.40413 28.82605 8.33626 26.05365 33.38581 27.7815 31.79917 9.11961 11.4408 31.25568 31.74147 21.50911 7.05102 12.2476 30.28975 18.96902 10.04053 22.42661 0.0 20.46087 0.0 24.16448 
1000.0 14.75476 15.23846 17.98443 0.0 14.38281 9.41298 24.10929 18.88409 12.52435 11.63391 27.06691 0.0 7.79661 27.9741 24.54079 9.19655 11.0779 12.14012 31.42359 0.03418 28.28011 23.55743 17.17377 8.8209 10.61523 17.06719 27.36599 33.61852 22.95723 8.9634 15.63045 23.89496 26.56872 13.88436 33.51678 16.70489 18.59186 29.56612 26.37073 17.31262 16.10245 28.10086 22.40845 11.965 33.42345 15.98554 0.0 33.16398 0.0 11.36416 
1000.0 21.86277 8.8706 27.99583 0.0 20.96904 9.5721 30.73715 10.77806 11.26289 21.62557 8.75889 0.0 32.49814 27.93771 20.97834 30.86573 17.1937 25.61608 31.3146 0.03581 12.89228 8.26636 12.45084 24.59809 13.8779 14.11185 15.14426 16.28592 8.54981 18.86675 23.93146 31.30234 23.91873 10.27479 24.92672 24.75199 21.13797 28.11068 16.69721 10.15834 16.04561 29.3826 8.0652 23.98634 17.44593 28.6625 0.0 9.54866 0.0 31.80514 
1000.0 14.43858 27.84332 30.90418 0.0 32.17072 24.49409 20.0302 33.37739 6.99707 25.52741 20.65009 0.0 21.45517 12.58501 23.65239 25.41755 15.10947 28.12939 11.97646 0.00938 25.74598 7.86739 10.5885 32.82283 7.20342 8.34426 12.04099 12.69997 13.1526 33.61437 8.98634 8.9673 24.67802 8.45372 16.67519 20.2319 9.64651 21.6945 32.90623 23.91489 21.71475 12.225 20.75834 25.47537 8.49448 10.96852 0.0 17.89676 0.0 19.51763 
1000.0 12.18867 23.26478 7.05925 0.0 8.14299 13.77384 28.69035 21.3082 16.89307 17.49053 19.02412 0.0 15.05331 16.66415 25.54484 18.83321 29.99826 17.30397 9.84683 0.03565 15.82435 32.4762 23.43882 27.13701 8.22065 24.38198 29.07578 17.73315 26.17825 15.99581 31.95362 15.46404 9.74558 30.27754 16.4157 14.94167 24.70056 18.81437 22.80218 11.90553 29.43233 22.40602 9.56899 9.79329 29.7961 14.36766 0.0 7.99129 0.0 28.02792 
1000.0 27.52781 15.01101 20.08868 0.0 16.36597 31.86754 11.25335 16.27978 8.60395 28.41108 33.11408 0.0 12.26688 31.25061 27.66283 7.88822 10.38689 19.5808 22.93055 0.01447 30.6846 24.28304 8.28924 11.27907 29.09076 8.74509 12.17986 19.01255 10.31301 25.55872 14.4312 33.65628 29.51006 31.25261 28.96378 30.94287 14.40957 19.34367 33.97544 29.74379 23.14207 32.0613 20.56938 13.09985 19.78129 30.73437 0.0 12.36455 0.0 17.31998 
1000.0 30.8351 31.51527 14.89946 0.0 20.84107 26.55001 12.39379 30.68747 8.71613 25.54045 9.9825 0.0 18.77311 9.41229 28.70801 8.26226 28.45801 21.50646 7.51189 0.00938 24.24956 16.25333 29.79993 30.2267 14.62914 24.57763 23.525 10.19342 10.47075 12.92921 22.73635 10.93169 13.13658 20.37798 7.49592 13.79946 23.15256 32.24531 9.72977 33.07681 20.52867 16.73034 20.93883 7.86128 12.32413 31.66244 0.0 18.68489 0.0 13.56174 
1000.0 24.39169 26.35446 12.41765 0.0 28.16122 17.58642 32.26143 17.94997 33.64562 19.26518 17.43777 0.0 19.81207 19.89282 12.56824 28.18777 26.98978 7.52374 13.49174 0.01826 31.18414 13.35303 32.46071 20.05044 22.41992 8.19453 24.62267 14.69604 16.76537 31.83827 33.94588 17.26804 30.47354 8.05851 24.33048 18.3785 14.99522 23.22748 12.598 20.15447 25.40842 32.71066 26.90124 21.4267 11.31948 10.69181 0.0 29.00178 0.0 25.35125 
1000.0 32.45084 13.9439 24.18705 0.0 31.04577 27.54334 9.4308 13.42147 23.02979 23.76808 7.27372 0.0 30.61399 7.83878 25.16856 11.28501 8.08152 23.24424 33.16232 0.0275 14.53599 25.47758 6.85327 27.60503 16.69713 13.57523 11.58258 24.67945 24.50033 31.85676 20.0792 17.63961 19.31147 31.01608 26.43434 25.8015 22.70048 33.00738 24.25507 30.20384 27.51155 25.43439 22.8723 8.34605 17.64041 19.27078 0.0 15.33182 0.0 29.11705 
1000.0 18.07748 14.67517 10.19561 0.0 24.02451 12.95218 21.61113 17.09329 7.32938 17.88411 9.64472 0.0 13.26531 9.66923 32.9877 33.51321 8.53434 15.92461 10.99527 0.03061 30.25975 32.66441 14.97055 27.73345 32.37756 14.20839 8.98583 20.87075 20.07498 33.64519 22.53011 29.04701 16.87344 33.74488 32.43922 27.95007 22.13794 15.6426 32.97186 8.2021 21.06786 14.81632 27.54515 8.02434 19.00031 13.04029 0.0 27.83394 0.0 23.00844 
1000.0 11.7755 27.8692 7.53218 0.0 8.50155 14.66901 9.836 17.9508 24.85009 20.09 17.64332 0.0 12.50553 9.58222 18.84112 28.07793 29.44681 19.44535 19.94199 0.01532 23.03525 7.75948 26.48795 8.58919 19.17979 33.6111 14.54905 10.98433 34.02 13.77906 26.31927 33.02698 20.70792 24.2669 30.94442 18.8117 31.867 25.62086 25.52034 16.63528 31.31389 24.57722 16.5725 11.02869 33.56405 14.01167 0.0 7.3917 0.0 18.22203 
1000.0 9.71175 31.25874 10.0722 0.0 33.48748 21.96145 29.78948 20.01447 17.14547 22.23414 19.03146 0.0 25.4594 12.26738 24.19472 12.08584 20.83499 18.31449 7.53408 0.02823 33.76763 25.00297 10.83848 23.52029 16.26108 16.26837 6.95014 33.77083 23.8712 29.92841 33.95841 12.50621 33.48426 31.17975 23.10729 21.59341 26.03442 19.6749 13.77687 6.87265 21.90094 7.27087 33.97302 20.02625 12.00945 16.22065 0.0 14.52069 0.0 25.30864 
1000.0 32.14466 17.94082 6.94301 0.0 32.71832 6.90159 18.13556 10.03253 33.01251 15.13507 18.29095 0.0 31.78582 20.92962 27.11788 18.68787 33.00003 26.07997 8.27786 0.02284 22.50296 28.26642 28.06547 11.96167 21.95685 23.23252 28.56836 20.26284 14.69957 11.09775 25.0742 30.65383 23.80441 31.04029 12.41842 17.59898 8.03868 9.05616 28.78021 18.18184 20.16822 28.30081 8.74814 11.59185 26.0834 7.94074 0.0 33.12877 0.0 33.79998 
1000.0 25.95104 33.22479 20.56926 0.0 27.83701 17.97664 31.65968 18.22544 19.96414 24.51953 15.93701 0.0 10.41562 7.38448 9.82244 10.07445 30.96038 31.36839 29.48324 0.02446 27.59397 25.67316 10.90403 16.4859 28.46899 15.3578 26.48904 14.87 13.68204 32.12759 29.23389 25.53222 8.95161 13.28768 28.17692 18.15543 13.97513 27.68529 29.55478 32.42602 8.94239 6.92099 7.34069 8.43268 23.54343 9.16055 0.0 21.78952 0.0 28.02302 
1000.0 28.8609 22.48113 25.32494 0.0 16.52098 21.73997 33.25579 17.24834 17.08728 30.97174 25.06154 0.0 10.2623 17.98684 16.79523 18.15391 12.3873 9.23254 28.25228 0.01143 28.36285 26.09728 27.18553 24.53234 13.39529 32.29093 22.92933 28.06805 31.64699 8.00032 30.21595 18.20062 30.62475 17.9493 30.88278 25.56017 7.72114 20.56573 29.09418 23.40764 17.97978 18.46504 30.53139 18.4508 30.23961 21.22439 0.0 14.67027 0.0 23.17554 
1000.0 34.02405 14.17565 21.66044 0.0 21.20494 15.85198 25.25675 29.79619 15.78208 19.51336 26.71142 0.0 10.78596 32.88388 17.94991 19.03471 10.48633 14.89579 12.87981 0.03238 29.16843 6.97507 13.62374 30.98605 8.72648 16.34211 25.4992 10.57877 26.3025 26.20525 7.346 17.53943 21.60768 25.26031 29.78369 27.24488 21.33635 21.54062 21.02224 10.17791 25.87596 25.78713 8.49866 22.33711 8.72115 13.13222 0.0 13.91215 0.0 13.68049 
1000.0 21.37504 11.03783 22.86909 0.0 10.91631 32.41425 18.23609 18.01123 33.82639 19.93254 10.49979 0.0 7.36394 17.41293 28.02052 14.41689 33.12666 25.50993 22.60289 0.03093 28.80301 13.61943 25.23658 20.9272 32.79305 20.95751 28.93991 30.52187 25.56194 20.40254 27.7015 12.4443 24.91893 32.65743 15.07746 11.26019 27.65342 7.3698 28.80166 15.17386 33.84065 19.66014 13.83018 22.57234 29.4333 17.94685 0.0 19.12114 0.0 16.35867 
1000.0 23.72112 31.84395 22.13961 0.0 25.22058 32.82254 7.9674 19.66877 14.84317 24.81491 7.81641 0.0 20.59736 9.13156 33.85809 30.71822 18.68995 32.12456 11.28558 0.04001 9.00314 6.88112 26.61971 21.5393 28.40741 13.88621 16.89956 28.9696 15.05322 7.51585 29.57836 12.98078 19.62939 26.02698 12.35849 21.19192 26.64124 29.04152 32.95337 25.65182 16.60525 13.95626 20.5697 9.91324 13.92918 7.97267 0.0 30.90095 0.0 18.40695 
1000.0 11.38983 16.80436 24.34076 0.0 21.02768 27.79397 17.02234 25.62024 17.27833 13.85382 28.81921 0.0 23.17365 12.29682 11.99779 24.29695 23.12868 21.29947 20.85929 0.03775 18.41783 17.35536 32.07321 11.15299 24.15266 11.58742 14.39997 20.23663 21.06123 21.66509 24.89902 22.95916 7.99012 25.40347 32.61416 12.3686 19.22691 17.53895 20.24527 15.27697 24.20002 20.58496 10.84345 30.83323 19.18933 16.33851 0.0 20.76825 0.0 12.43244 
1000.0 28.7722 23.86476 9.45314 0.0 33.89119 32.3815 12.43379 20.89758 25.78263 33.9156 27.66713 0.0 13.53127 15.1865 10.57477 25.86523 12.4739 29.83303 18.11392 0.02595 29.96651 20.5495 31.4929 31.38828 6.85558 22.12536 9.55109 21.52914 17.5746 18.96598 13.82645 8.38118 29.16345 28.55672 18.4695 33.80425 23.72928 19.56326 8.52693 32.7753 14.81523 32.73492 11.87146 14.40859 22.09302 17.58609 0.0 29.68327 0.0 12.29929 
1000.0 29.35075 8.39298 23.47011 0.0 16.26399 20.69129 16.63985 9.49952 7.94743 12.82329 21.48582 0.0 30.94187 14.58278 32.83251 8.73999 33.9743 17.27119 16.98164 0.01878 30.08999 6.84295 15.09166 28.53974 24.55446 26.94486 12.13471 17.17986 16.80672 11.98561 28.11811 7.13153 23.30039 22.82778 17.17958 9.62544 30.85577 32.56813 14.04489 7.31351 24.31814 20.1166 17.67278 31.68857 10.88717 26.7618 0.0 17.00246 0.0 8.47796 
1000.0 8.0235 32.16799 28.55292 0.0 14.41225 21.57837 21.76798 33.9822 31.46757 31.65289 11.69004 0.0 18.48055 13.34003 32.51455 19.58277 23.07891 20.35988 12.32021 0.0186 33.65254 21.31403 15.89629 11.8934 23.69734 27.9891 8.20484 15.06564 23.50194 24.69156 32.43949 26.13788 25.96149 25.46825 16.97711 29.98067 17.02541 17.69306 11.98715 16.78177 19.38395 23.46115 27.6891 29.73849 26.01444 33.07267 0.0 23.47385 0.0 23.90317 
1000.0 0.0 0.0 0.0 28.70455 0.0 0.0 0.0 0.0 0.0 0.0 0.0 21.37708 0.0 0.0 0.0 0.0 0.0 0.0 0.0 0.0 0.0 0.0 0.0 0.0 0.0 0.0 0.0 0.0 0.0 0.0 0.0 0.0 0.0 0.0 0.0 0.0 0.0 0.0 0.0 0.0 0.0 0.0 0.0 0.0 0.0 0.0 18.22458 0.0 7.36834 0.0 
1000.0 11.2425 30.54381 18.32967 0.0 21.1646 33.82425 33.16311 26.71906 25.52344 31.72371 11.56848 0.0 14.67651 18.02819 26.77486 7.20778 16.94762 28.67208 17.21347 0.03303 10.17285 15.5803 29.30037 26.72811 23.25058 14.48452 13.98712 23.3437 31.87416 14.49302 20.24804 26.03551 31.26638 25.91318 25.90874 12.91586 8.01713 8.93936 25.26158 8.29704 30.76004 30.23278 11.39441 23.01693 7.73706 27.09066 0.0 23.5084 0.0 19.02651 
1000.0 0.0 0.0 0.0 25.59753 0.0 0.0 0.0 0.0 0.0 0.0 0.0 25.23486 0.0 0.0 0.0 0.0 0.0 0.0 0.0 0.0 0.0 0.0 0.0 0.0 0.0 0.0 0.0 0.0 0.0 0.0 0.0 0.0 0.0 0.0 0.0 0.0 0.0 0.0 0.0 0.0 0.0 0.0 0.0 0.0 0.0 0.0 9.22521 0.0 8.63056 0.0 
1000.0 13.80256 14.11517 27.75583 0.0 14.5479 10.91259 25.29644 27.15292 20.19058 17.64918 22.02563 0.0 33.70354 26.23104 32.27449 13.44186 10.50667 15.12064 8.28569 0.01037 22.90567 14.8444 23.14205 23.03327 9.94157 16.94963 33.55201 8.3664 31.4296 29.61073 29.70519 13.0584 19.79309 11.76518 30.94164 30.31598 26.13575 8.55391 21.11082 19.37173 17.56014 8.30971 18.03531 12.03405 24.75695 16.25981 0.0 15.17162 0.0 31.98449 
