1000.0 1000.0 1000.0 1000.0 1000.0 1000.0 1000.0 1000.0 1000.0 1000.0 1000.0 1000.0 1000.0 1000.0 1000.0 1000.0 1000.0 1000.0 1000.0 1000.0 1000.0 1000.0 1000.0 1000.0 1000.0 1000.0 1000.0 1000.0 1000.0 1000.0 1000.0 1000.0 1000.0 1000.0 1000.0 1000.0 1000.0 1000.0 1000.0 1000.0 1000.0 1000.0 1000.0 1000.0 1000.0 1000.0 1000.0 1000.0 1000.0 1000.0 1000.0 
1000.0 32.94959 16.03962 23.36993 0.0 19.93881 13.90183 21.97923 30.75116 16.00099 14.80312 24.73798 0.0 8.6613 23.60013 26.48395 19.57017 18.29476 12.01384 32.76638 0.01115 31.83353 31.07529 14.11238 25.13769 30.29637 9.80993 25.4511 17.2729 17.92748 13.66622 24.19704 11.44384 29.06015 18.66003 18.05002 27.33605 9.82634 11.31512 25.47721 25.95685 28.27634 25.38674 12.22235 26.37303 7.36381 25.43594 0.0 9.35033 0.0 12.03644 
1000.0 16.86324 14.61587 33.01363 0.0 19.79203 23.03447 16.74845 15.44131 25.15708 32.99963 25.86169 0.0 26.67372 25.37465 32.00122 24.70183 32.75535 17.61357 7.69522 0.02199 10.63374 12.28686 19.09047 9.31579 28.50524 13.85703 18.58812 26.16757 14.43979 22.35206 11.16483 11.01716 15.46187 31.79388 17.49228 7.06295 22.35611 21.48541 32.67422 18.3909 27.8707 8.15606 16.19175 18.20467 32.28612 7.6097 0.0 13.93165 0.0 23.22498 
1000.0 14.66147 31.85518 8.7953 0.0 29.01884 32.29716 32.40917 23.17111 8.51971 26.94224 26.82821 0.0 14.05017 23.8083 14.98671 26.36823 14.41148 31.07747 12.52959 0.03612 23.7719 32.44337 26.94092 14.23016 23.48648 13.42889 30.7611 15.66515 29.81804 6.85151 14.69804 12.29943 32.6547 22.23512 11.87737 18.27995 9.93357 9.92961 23.51561 14.26384 25.90047 20.9488 24.44151 31.28878 7.40638 9.17509 0.0 12.96635 0.0 25.04357 
1000.0 0.0 0.0 0.0 24.95366 0.0 0.0 0.0 0.0 0.0 0.0 0.0 29.81031 0.0 0.0 0.0 0.0 0.0 0.0 0.0 0.0 0.0 0.0 0.0 0.0 0.0 0.0 0.0 0.0 0.0 0.0 0.0 0.0 0.0 0.0 0.0 0.0 0.0 0.0 0.0 0.0 0.0 0.0 0.0 0.0 0.0 0.0 6.88344 0.0 16.10437 0.0 
1000.0 31.92111 15.71577 33.1313 0.0 30.36898 31.73087 26.03551 22.02327 27.00902 16.67501 26.24193 0.0 17.26357 27.06264 29.30827 17.73076 17.58176 7.26062 27.27606 0.01858 17.74161 20.99775 20.67025 16.31709 31.4713 9.48116 11.93614 20.40666 19.53678 18.0586 21.33747 19.6819 10.47446 23.91651 6.99898 16.54628 13.17952 30.07577 28.08209 33.18132 10.44697 13.42805 12.00786 11.07784 32.53683 26.99632 0.0 16.00769 0.0 29.31204 
1000.0 11.98428 15.64264 8.09439 0.0 18.34094 32.97667 28.29925 14.65812 13.55954 13.77346 31.54234 0.0 8.01998 16.53304 10.0893 13.70359 26.48547 16.25642 28.34561 0.03899 28.47453 12.54787 22.81077 27.657 29.82376 31.66008 23.49942 7.74222 6.87925 31.29772 20.7276 24.17893 14.86222 21.33764 16.67543 13.27169 25.94136 28.24289 8.27452 26.91916 12.14763 26.11856 22.22419 7.32518 26.82139 13.81934 0.0 7.52398 0.0 22.79582 
1000.0 28.93216 9.75166 23.22832 0.0 19.50309 28.11313 10.52397 16.35472 33.04022 31.17224 13.47559 0.0 26.75763 32.96638 29.80069 28.4332 21.87725 23.5127 24.30833 0.04071 20.93188 27.8919 9.53216 33.42226 22.53318 14.39235 28.12837 13.74218 20.45104 11.18723 27.82404 12.3142 25.11753 18.9043 29.82026 14.41177 8.92452 15.79067 20.56783 26.34297 17.5754 22.96219 29.71723 27.74468 29.68445 29.59659 0.0 16.38685 0.0 8.73167 
1000.0 23.67072 16.97278 32.77828 0.0 13.49161 31.27441 15.8414 15.64218 14.01757 10.6436 10.63933 0.0 12.6312 25.33737 14.20365 28.90369 32.5322 25.2467 18.63437 0.03374 12.98481 28.53613 28.87359 29.67184 28.53535 29.63011 19.91357 30.00167 28.72114 27.51628 9.32043 22.09495 21.88943 20.67086 29.22265 20.99496 31.82246 26.48551 9.28389 18.85715 10.22721 7.61335 8.95221 30.48106 11.09783 29.62578 0.0 12.44877 0.0 25.7563 
1000.0 31.90191 21.34328 13.62051 0.0 33.21643 19.08839 32.43082 27.15492 26.77948 8.65061 20.50113 0.0 23.22545 22.22516 14.78639 16.34915 11.37581 12.01479 16.54295 0.02461 24.61033 13.79913 17.87828 7.05943 14.24039 14.04774 21.09579 17.35419 11.24957 22.3509 6.71874 32.81643 23.58868 31.35917 32.71576 11.06417 9.95281 8.00831 9.83977 29.30338 28.295 31.76708 23.18195 25.8674 33.51225 19.74543 0.0 27.64874 0.0 32.80578 
1000.0 8.91789 15.97764 26.27127 0.0 29.47717 13.88963 16.34734 16.60517 26.04352 31.29739 20.5369 0.0 20.52774 8.51457 24.48981 25.44757 17.0599 23.40386 19.18672 0.03741 25.52397 31.36105 18.99658 16.05921 30.67404 31.71688 12.14155 17.81122 28.63605 23.65823 21.67951 19.76534 29.02185 12.89521 12.22948 7.91084 13.40644 11.81705 7.95488 12.38856 25.93463 27.81981 12.99781 23.60841 18.35523 30.28548 0.0 10.29907 0.0 8.52709 
1000.0 15.9101 30.61109 26.95231 0.0 10.85778 29.55588 32.98362 19.07057 27.03931 11.80101 22.09856 0.0 20.93877 20.13526 18.49847 22.54542 8.52069 26.8789 20.97116 0.03853 12.62581 14.77993 29.9737 14.30298 17.16466 24.60676 29.60512 12.68162 19.80914 26.52916 12.63969 22.90661 9.25493 7.24982 20.83411 6.74357 30.30183 23.9848 20.86651 7.91509 21.58164 7.54833 27.81487 28.66192 19.17982 20.17231 0.0 31.02933 0.0 28.10678 
1000.0 0.0 0.0 0.0 20.31552 0.0 0.0 0.0 0.0 0.0 0.0 0.0 27.98681 0.0 0.0 0.0 0.0 0.0 0.0 0.0 0.0 0.0 0.0 0.0 0.0 0.0 0.0 0.0 0.0 0.0 0.0 0.0 0.0 0.0 0.0 0.0 0.0 0.0 0.0 0.0 0.0 0.0 0.0 0.0 0.0 0.0 0.0 9.05735 0.0 14.28996 0.0 
1000.0 6.91915 19.06238 15.04342 0.0 25.91414 16.09072 10.13057 15.40592 26.92572 23.7303 27.40508 0.0 22.02988 14.5449 8.57034 30.77042 19.37601 28.07866 19.05884 0.02668 15.45821 13.23686 8.46878 16.6247 21.80334 16.43863 15.10792 25.8268 11.66671 17.16747 14.62723 33.55116 15.05213 20.23408 20.58552 32.67485 21.10842 33.4405 24.12128 18.95376 15.31407 28.75928 15.02448 11.119 25.08345 20.60425 0.0 10.83259 0.0 17.07998 
1000.0 29.3992 31.23942 7.06531 0.0 8.57816 29.79295 24.65188 28.76414 27.8903 10.89824 28.16914 0.0 13.44253 12.85684 26.63232 22.46342 17.02697 22.52173 28.52935 0.02024 11.13237 13.75697 19.04494 29.70183 14.66657 12.23249 27.18622 31.12854 11.9931 15.04832 30.19234 20.7109 10.83737 18.49199 28.91009 27.07092 8.7511 23.73278 28.70483 7.73838 7.11615 29.01535 8.31971 24.15815 19.86546 10.49829 0.0 14.60482 0.0 9.36313 
1000.0 24.96693 11.30965 11.80499 0.0 16.1933 18.80411 9.51817 6.95198 6.78825 16.66394 31.33651 0.0 20.47255 21.4653 11.97766 23.94963 13.40979 16.69124 8.26658 0.01324 23.69135 6.81681 19.96637 30.12481 19.34668 32.10514 21.10919 22.09491 18.47327 9.7501 12.99731 16.62881 28.61941 21.83644 17.56386 22.24095 15.09731 20.4034 17.07781 26.22542 11.24327 17.76359 10.74965 20.53566 32.53489 23.80259 0.0 12.44012 0.0 6.93177 
1000.0 10.13039 12.57856 24.18712 0.0 19.20545 8.35432 31.45087 18.99389 21.50035 29.78684 32.63554 0.0 28.70355 25.87086 8.89492 13.58775 12.94871 20.62795 31.49867 0.03789 30.6883 16.48191 23.38242 14.17954 25.13565 33.3377 28.78737 16.65367 28.42265 10.59159 23.88391 6.90364 7.68252 20.00894 25.67037 18.92358 16.34348 21.31205 28.12677 21.23636 8.08429 18.58821 14.6774 24.59516 29.12355 10.62769 0.0 26.24154 0.0 12.06087 
1000.0 15.8238 8.99201 9.41818 0.0 8.99439 15.29751 24.79539 16.12375 7.71079 14.29951 18.09251 0.0 19.84514 25.45434 10.84827 22.30188 16.39542 30.35503 16.88731 0.01751 12.80438 7.92587 10.30627 10.28758 30.51414 8.39569 10.05962 12.70956 20.70348 18.27969 13.31226 13.05147 17.08859 9.10857 28.87907 22.71833 26.66856 16.82335 28.27544 32.91407 30.09727 20.64151 9.8607 21.15607 23.82104 22.85151 0.0 14.63984 0.0 31.40561 
1000.0 9.11681 23.88559 28.42645 0.0 10.73465 30.66415 23.66067 14.30576 17.34434 18.46435 7.80474 0.0 9.83377 31.18785 17.52489 7.08807 13.2796 20.99614 25.8898 0.01709 25.9137 18.37837 29.53424 30.16998 27.10182 18.26352 22.8361 12.20667 17.95997 23.4249 10.82769 17.989 7.40763 20.97171 12.87836 29.69137 15.96201 19.08209 18.26208 27.06391 21.38173 29.95933 8.01133 24.33213 29.19173 15.92606 0.0 33.47767 0.0 12.45468 
1000.0 31.38103 27.14633 25.19788 0.0 25.21088 12.84702 26.18163 22.20355 17.04363 8.61397 12.55333 0.0 26.85143 11.60389 7.91998 26.56138 13.89401 15.15324 23.17112 0.03771 19.42665 25.56176 19.31703 21.26132 21.87964 20.67804 18.85465 31.21969 22.34754 12.6619 27.90912 29.95518 33.51618 22.52425 22.00228 17.13114 13.23188 6.79177 8.28865 8.00467 32.03922 25.51634 16.72749 33.53341 26.21675 12.28886 0.0 28.8551 0.0 14.98098 
1000.0 0.05549 0.10513 0.1023 0.0 0.08178 0.09184 0.15022 0.06731 0.0459 0.11553 0.1593 0.0 0.14744 0.10015 0.1147 0.12221 0.10563 0.05702 0.09879 28.05867 0.15541 0.07639 0.1421 0.03894 0.0655 0.05907 0.1469 0.03654 0.04554 0.14387 0.07283 0.06514 0.04683 0.13512 0.04538 0.09225 0.03504 0.16098 0.11533 0.05613 0.08817 0.13174 0.11764 0.06792 0.08028 0.0381 0.0 0.09321 0.0 0.06903 
1000.0 21.54644 6.83646 17.86858 0.0 32.1656 22.98764 12.07206 21.64476 18.50162 24.30143 17.1857 0.0 15.12315 31.4798 7.82806 27.60738 16.36514 14.93809 19.05588 0.01456 16.90764 21.08511 24.102 13.93911 9.35294 10.80708 25.98663 17.21601 16.65918 19.22388 16.96842 6.88957 19.88443 7.55306 14.65937 11.22723 11.59035 19.05092 29.46921 23.17655 14.23775 16.76947 20.37666 8.35557 25.14027 28.09695 0.0 19.86901 0.0 27.37214 
1000.0 24.9418 9.3968 14.95815 0.0 27.4973 25.31102 29.75585 22.49636 8.98585 30.81708 11.3784 0.0 8.48518 16.7827 24.5572 8.83014 28.47431 22.28602 27.21552 0.03416 28.71534 28.78732 7.48287 25.38091 15.75073 7.43526 33.44687 17.15714 7.71949 16.99516 7.64173 25.07429 22.41796 17.14043 20.65721 8.49194 26.83156 11.4134 14.03788 28.15339 20.29983 15.57112 25.90957 27.91584 18.78084 30.57803 0.0 21.6384 0.0 10.6799 
1000.0 19.87241 8.18766 18.88919 0.0 15.35604 32.31246 30.05815 17.76503 32.42449 7.27328 18.75438 0.0 8.91596 25.66048 30.8757 7.89382 15.29871 8.65357 14.97731 0.01093 22.82909 18.14912 14.97613 10.42326 7.28989 13.29616 26.27577 7.64774 20.78861 26.1561 29.36846 27.00446 29.62474 20.24004 9.04316 31.31945 10.28589 15.39376 6.93123 27.28471 26.85255 17.31338 19.70695 29.72554 14.62584 9.51667 0.0 24.09457 0.0 22.83066 
1000.0 22.79438 28.52428 11.11166 0.0 12.73012 23.02007 12.8763 30.60979 28.04815 6.86832 15.6624 0.0 25.88291 16.34225 24.74111 32.85849 23.19344 27.68491 29.67709 0.04029 16.92775 7.42394 9.51303 8.62793 18.83684 29.57901 30.41731 27.83229 20.5064 22.63132 13.86241 18.34708 24.74364 8.86223 11.14885 33.32709 17.90906 16.348 25.83034 21.51621 14.67964 31.83673 21.60783 26.09843 11.16443 15.09405 0.0 8.35524 0.0 28.18327 
1000.0 21.88482 30.17261 10.01775 0.0 24.49737 30.93669 29.07272 11.11694 19.1882 32.82429 27.2585 0.0 32.65347 15.95588 10.86305 31.32343 14.90974 19.67211 10.26455 0.02769 13.59765 15.38112 12.08581 15.8277 24.59835 29.73455 18.95965 21.54966 29.95273 24.1825 18.05631 22.3498 19.03723 10.92929 12.61253 21.84212 20.25105 32.32279 26.65903 24.44057 13.19007 8.79926 11.60499 27.25598 32.74751 22.32972 0.0 22.45826 0.0 9.8349 
1000.0 32.08232 10.90768 30.84119 0.0 28.16465 23.95619 12.14065 22.52179 25.27903 16.68308 28.07431 0.0 23.68387 16.30169 15.80947 31.56538 28.46177 8.1722 30.94713 0.00979 32.07458 22.90114 9.01638 14.08556 31.1904 29.36783 15.67063 30.2484 25.54645 23.2301 17.1711 25.91027 18.02776 9.60905 21.89333 23.41604 33.29689 21.92087 22.78141 12.2631 11.94159 13.94823 20.33156 21.14363 31.68951 30.84369 0.0 26.24235 0.0 12.95559 
1000.0 27.32533 26.96512 31.6996 0.0 31.96087 13.5011 18.57044 8.88828 23.27649 30.74777 26.91104 0.0 12.21329 22.26779 25.93643 26.4598 17.02486 25.91401 17.27048 0.03186 30.59583 9.86229 19.67689 24.11573 16.34582 23.86758 19.70785 19.76856 17.43634 7.84768 26.83219 22.58371 24.27644 17.98716 29.76629 14.73665 8.40621 22.79507 27.33178 26.88789 8.69401 10.72254 8.50563 25.01852 25.78134 8.13633 0.0 33.52304 0.0 9.76925 
1000.0 32.51608 31.25436 15.44512 0.0 29.49302 9.16448 26.30613 15.67162 31.45335 15.74079 31.05894 0.0 29.12477 23.40431 12.68717 30.0119 15.03866 28.49221 11.40218 0.03068 33.53951 23.27297 29.9715 16.21935 17.39728 28.05796 29.94522 26.0984 32.11166 18.32245 28.21886 32.76165 25.32101 24.71119 26.52821 28.0398 24.31718 16.39881 15.27679 13.43128 23.67977 21.75039 8.87165 9.94267 31.54953 30.15479 0.0 9.39164 0.0 8.39733 
1000.0 26.54781 32.14439 28.0856 0.0 28.42816 7.39643 29.09782 21.67245 27.05648 7.47281 23.35211 0.0 28.2283 19.78092 11.40714 24.81395 26.85605 25.5266 15.81547 0.01424 32.87865 30.17749 26.39683 20.03447 11.77166 26.27835 30.89172 26.04152 26.45044 31.96505 10.36364 24.10587 9.76808 24.33377 7.53309 31.44998 17.57523 23.18359 9.28523 14.67776 7.34811 28.39197 18.22995 17.07112 20.84649 23.79593 0.0 14.10488 0.0 30.443 
1000.0 11.10332 23.82421 16.76651 0.0 24.92303 10.82367 21.69465 32.96359 23.67821 26.16233 27.57613 0.0 12.71498 12.25301 24.80328 16.65746 12.44892 22.29964 12.40216 0.00866 27.18777 26.23705 16.33406 18.56868 26.46255 20.78854 33.51259 19.27201 26.08053 12.19202 21.21454 13.34369 13.06089 10.33374 10.10899 20.64984 25.97451 29.25833 27.03862 25.05965 33.29076 16.52905 28.52469 33.125 30.18824 14.05171 0.0 25.2134 0.0 23.4738 
1000.0 18.79346 13.80205 8.95799 0.0 21.64684 27.28969 14.6119 26.94751 17.89091 26.22007 32.47635 0.0 6.73072 25.78098 17.61393 23.4625 23.63937 17.46373 23.11663 0.03428 21.88431 20.68556 28.57654 22.89229 15.09149 20.83348 25.96778 7.68801 17.31557 15.01315 20.21554 8.07854 33.46558 31.81565 30.98135 20.21705 31.34112 7.04066 32.48821 11.05188 7.07277 24.34284 11.20588 9.26268 13.74872 15.17062 0.0 20.45751 0.0 10.73311 
1000.0 18.01802 22.01129 21.53257 0.0 22.02112 32.95218 23.89683 16.83489 9.86529 25.09502 21.09082 0.0 24.1464 29.14037 13.53123 17.58413 33.132 6.91976 22.70656 0.01794 19.32034 28.18572 9.81543 28.68463 25.92127 29.40066 31.74952 24.90316 21.1015 26.94827 20.9089 12.66465 9.19275 17.14682 30.67192 10.28101 27.71114 32.5895 24.11648 12.19842 20.74747 17.06135 9.4761 25.66639 25.43393 8.65272 0.0 29.28967 0.0 12.58781 
1000.0 26.63449 22.587 14.09379 0.0 25.36462 20.99784 29.49756 18.5021 20.60758 20.59728 10.0447 0.0 32.81689 6.81287 32.87494 13.32052 27.23788 11.3474 33.2251 0.01429 16.48517 33.00087 11.78332 9.98011 30.26905 19.81968 27.01651 10.52448 14.40398 32.26755 18.48792 12.22382 12.96301 19.25513 31.91528 30.87046 19.93373 22.02879 23.86292 27.21704 21.69525 10.47112 14.32632 24.58396 25.99056 33.5498 0.0 22.95855 0.0 11.34778 
1000.0 26.40681 6.75998 8.22957 0.0 9.2234 8.43316 31.8912 17.33005 23.07825 28.41266 11.53958 0.0 7.78656 9.38572 32.94836 24.0877 13.79085 25.93181 15.24849 0.02437 25.37663 32.50008 25.1933 24.01148 8.53656 29.46299 11.92587 25.41048 8.92762 23.17095 31.29089 13.50903 29.77692 18.26353 19.67946 24.80725 33.37611 29.14928 15.60078 18.20178 20.39667 19.10338 18.99871 20.38059 26.19926 15.0967 0.0 32.74478 0.0 32.53443 
1000.0 28.45949 32.97899 14.62695 0.0 16.01827 24.6377 24.67006 17.6091 24.4576 28.20719 14.22394 0.0 7.70373 19.40196 22.79853 13.14756 13.4018 29.69597 23.79483 0.0325 8.28926 23.42133 14.87656 29.60974 22.29553 23.77214 9.2364 12.61051 10.31404 31.97979 6.94746 33.38898 30.81652 23.62583 32.12859 22.3617 25.62274 9.95564 15.32884 19.39164 32.68727 8.80666 6.74148 22.32142 17.04496 22.92579 0.0 18.0036 0.0 31.53368 
1000.0 9.94901 8.7442 6.84414 0.0 15.04631 11.35323 18.04982 8.45418 16.98325 9.51085 17.21633 0.0 14.24925 14.30223 11.55677 8.17198 6.87082 11.11902 29.57957 0.0168 29.24666 21.29917 13.17088 9.40123 17.5344 9.1002 14.45492 18.88568 28.67608 18.01815 32.52796 29.87897 26.73381 28.653 25.52863 8.50218 23.27669 32.01814 11.71611 19.29036 6.92169 16.83752 10.92795 32.1075 12.04241 29.07715 0.0 17.66855 0.0 9.24976 
1000.0 8.32754 32.25336 12.75917 0.0 27.11441 24.83438 13.05417 10.11899 33.47251 13.59236 10.19965 0.0 26.41667 11.44956 31.86176 22.97433 13.08182 22.72799 10.79895 0.01066 9.70079 33.35525 11.60317 24.84348 8.97141 13.63888 31.13546 19.85444 17.0655 31.82449 22.63489 22.28862 10.98652 11.70172 7.66307 29.04302 29.83433 26.50122 8.43587 21.26394 13.73525 7.84704 19.9752 16.82932 21.58624 11.12202 0.0 33.30066 0.0 17.95531 
1000.0 15.01765 26.02815 19.38963 0.0 22.84248 7.09342 13.34045 28.42198 7.04218 18.75655 9.64679 0.0 8.91024 32.3574 32.452 26.53225 11.29995 32.32073 27.16324 0.03858 16.37752 10.95627 19.77519 8.20675 17.85843 26.58925 31.00615 33.04576 22.27991 12.28396 9.11934 27.20241 16.03848 17.88104 29.90495 31.97229 27.29024 27.94259 26.89519 32.93824 10.49768 10.01923 33.53286 19.31251 32.07564 21.77046 0.0 20.9733 0.0 8.58466 
1000.0 23.17425 25.94707 9.0105 0.0 20.33882 17.87539 14.29394 12.85339 32.60055 31.38308 13.37283 0.0 20.72698 30.99593 14.23492 20.59242 23.13408 19.04414 11.38958 0.03894 17.65664 10.30225 30.75588 10.85841 23.61548 11.96946 20.56725 27.18708 20.75112 28.88395 18.62129 16.43014 20.7699 29.68835 20.06174 13.77671 28.16262 32.14908 23.5054 26.31378 21.81621 7.47594 31.21496 8.26666 24.29225 13.30047 0.0 16.91711 0.0 15.66831 
1000.0 11.52447 19.71735 15.61945 0.0 13.60942 31.72377 15.9481 22.3895 23.88909 15.87736 6.71564 0.0 13.20425 31.72419 14.0148 32.76833 30.30119 29.14446 14.29238 0.02435 32.70039 21.72858 32.93981 31.13339 23.19472 12.85564 24.05207 31.50754 20.12602 27.2576 28.3227 31.09799 31.37106 25.17534 16.6271 24.47757 31.53704 19.22905 14.55514 14.16396 7.0014 20.54836 20.29542 28.34315 20.94482 12.19285 0.0 26.28822 0.0 31.80287 
1000.0 20.61521 24.83028 10.81393 0.0 31.97545 24.41488 18.07846 28.68649 20.14167 23.59275 24.44731 0.0 29.15288 11.322 12.17618 7.58363 22.33494 15.9464 21.28505 0.01448 27.09394 11.14581 16.45471 19.44184 25.60838 14.13274 25.52256 15.72063 16.68616 27.36852 6.94022 13.90562 21.28009 27.04617 28.15213 31.80701 10.59341 33.06766 9.37376 22.44775 24.27166 25.6591 8.19931 20.3358 24.08551 21.90619 0.0 20.2469 0.0 14.72153 
1000.0 15.13254 32.59173 27.90441 0.0 20.41114 13.62705 26.48094 19.17372 15.89444 14.56306 18.10253 0.0 26.6083 18.08429 28.85853 26.4571 15.94915 27.31268 31.88119 0.02271 25.77537 14.91057 18.95211 8.45994 21.31072 7.41836 29.13653 17.86293 30.52551 9.51699 20.75053 30.6988 26.33672 14.25626 16.30051 21.60507 16.98087 29.07008 22.70378 7.231 16.13317 19.47222 9.71477 18.15101 26.9036 23.95435 0.0 13.93852 0.0 18.55016 
1000.0 17.55039 15.46133 10.78137 0.0 11.13968 13.53907 7.23242 33.25839 33.35632 17.63663 20.17153 0.0 31.62472 18.71414 27.69146 17.53459 19.25354 20.13061 32.8688 0.01542 11.93465 25.77151 29.37747 26.53026 15.19588 26.69015 29.81211 20.63711 26.46665 12.34751 28.91582 11.37047 13.72628 23.08473 6.96741 32.09073 15.64006 17.91347 21.34704 13.42405 24.51433 32.59458 19.53801 18.70945 19.51924 17.97263 0.0 28.22855 0.0 19.72536 
1000.0 32.12775 20.69536 9.92177 0.0 10.32366 19.17364 19.31373 22.29753 16.69668 32.61716 32.71393 0.0 7.03371 25.99922 25.77857 24.93539 16.7176 26.96146 13.52963 0.03643 8.40502 13.62749 26.53045 28.65633 25.57861 16.60714 13.93955 28.99938 27.09313 22.88911 19.30917 17.43289 22.55074 8.68266 7.04182 11.1846 26.35197 15.6668 18.92606 11.90888 6.8179 25.21431 7.10095 32.23806 29.20767 28.18676 0.0 18.10418 0.0 21.07707 
1000.0 30.02392 15.36051 22.28371 0.0 26.96075 27.83102 28.92754 8.70688 23.12162 12.49884 17.87998 0.0 32.67845 18.11138 14.39471 26.94153 15.69892 21.41093 20.73458 0.02578 23.34064 13.99412 28.8805 23.20745 10.02566 8.34245 10.55134 22.78684 28.07392 21.64122 13.23833 13.69556 7.52435 20.52756 12.28744 14.83491 9.15926 21.20765 14.93372 27.37256 13.47559 11.84207 8.60181 13.97513 32.71312 13.84687 0.0 14.47497 0.0 32.11633 
1000.0 8.87031 19.97572 15.54143 0.0 32.69457 12.62194 28.80581 29.06896 21.12831 20.08059 32.79755 0.0 32.3746 30.04472 18.78227 7.23756 8.6983 26.07323 33.25003 0.03379 19.02299 12.69118 32.60729 11.60535 22.66191 27.27588 24.89656 31.92686 8.92059 14.5188 21.75885 8.27868 14.06735 32.34269 14.40038 9.67656 19.10843 12.1168 22.92834 27.98403 31.04413 10.96258 33.2311 27.86448 32.07836 15.66967 0.0 28.05765 0.0 25.02573 
1000.0 0.0 0.0 0.0 20.31974 0.0 0.0 0.0 0.0 0.0 0.0 0.0 27.05656 0.0 0.0 0.0 0.0 0.0 0.0 0.0 0.0 0.0 0.0 0.0 0.0 0.0 0.0 0.0 0.0 0.0 0.0 0.0 0.0 0.0 0.0 0.0 0.0 0.0 0.0 0.0 0.0 0.0 0.0 0.0 0.0 0.0 0.0 24.39159 0.0 33.54671 0.0 
1000.0 12.91847 23.02006 15.98428 0.0 11.87979 13.18647 29.51643 26.0243 29.16317 30.33265 19.58854 0.0 9.87912 33.02563 14.36321 21.68027 23.79981 18.09871 24.27617 0.04017 10.39139 27.58512 27.55155 8.80208 6.96132 10.75719 21.86075 30.91023 21.13878 6.98729 7.29657 26.64725 19.65957 32.44172 12.3259 7.44672 21.18225 32.84974 17.95112 19.17743 26.2584 22.19598 12.87039 11.29614 20.39128 27.3911 0.0 20.92706 0.0 9.59221 
1000.0 0.0 0.0 0.0 22.09612 0.0 0.0 0.0 0.0 0.0 0.0 0.0 16.13471 0.0 0.0 0.0 0.0 0.0 0.0 0.0 0.0 0.0 0.0 0.0 0.0 0.0 0.0 0.0 0.0 0.0 0.0 0.0 0.0 0.0 0.0 0.0 0.0 0.0 0.0 0.0 0.0 0.0 0.0 0.0 0.0 0.0 0.0 17.0337 0.0 32.78701 0.0 
1000.0 14.4966 27.73368 24.35996 0.0 25.05736 29.95351 24.03745 13.4237 30.45766 15.70037 22.59157 0.0 14.61096 13.86381 12.35553 27.20335 13.71576 19.20388 16.92115 0.01614 31.74444 15.41832 21.1476 20.72837 32.01817 27.38923 18.27461 26.09269 10.60999 26.24267 29.42271 11.46619 26.67811 9.68385 13.63039 21.44346 26.98452 30.73761 33.20288 7.58444 23.71015 30.0069 20.18081 17.21396 7.7092 7.66963 0.0 22.3256 0.0 29.54737 
