1000.0 1000.0 1000.0 1000.0 1000.0 1000.0 1000.0 1000.0 1000.0 1000.0 1000.0 1000.0 1000.0 1000.0 1000.0 1000.0 1000.0 1000.0 1000.0 1000.0 1000.0 1000.0 1000.0 1000.0 1000.0 1000.0 1000.0 1000.0 1000.0 1000.0 1000.0 1000.0 1000.0 1000.0 1000.0 1000.0 1000.0 1000.0 1000.0 1000.0 1000.0 1000.0 1000.0 1000.0 1000.0 1000.0 1000.0 1000.0 1000.0 1000.0 1000.0 
1000.0 12.65687 36.25954 35.41069 0.0 46.35549 21.51621 30.39959 25.68397 22.97053 38.91267 40.04713 0.0 40.99363 24.21508 46.18436 38.74718 19.42195 19.18429 18.59329 0.03792 17.12559 37.95851 39.02042 15.73919 34.87473 22.68906 29.98273 37.56268 29.8719 43.15364 44.23884 17.84098 26.06901 15.14052 32.66628 42.48106 9.98597 28.53394 44.43735 29.17245 48.31803 14.42834 44.79761 30.61163 38.23748 31.15951 0.0 17.6281 0.0 48.66861 
1000.0 28.19539 23.29139 10.59958 0.0 29.86945 40.49624 18.84832 44.87811 36.71925 16.81938 12.78117 0.0 38.21094 31.45997 38.05825 41.92512 22.53881 46.03618 36.67626 0.0115 26.15169 20.14698 35.52829 46.1493 32.70362 25.29627 26.68748 24.60077 18.05314 25.22084 22.53482 31.66065 20.59134 26.43437 31.91074 27.47353 34.49069 14.33242 32.72516 12.94778 11.58297 19.03727 37.3499 47.89199 41.10734 42.16353 0.0 42.31344 0.0 41.29729 
1000.0 32.21332 23.80712 23.06077 0.0 42.26265 22.87302 43.61682 29.60186 44.368 24.74009 15.77287 0.0 25.66608 39.36762 36.77308 34.32569 46.49973 27.38579 32.36966 0.04227 39.46751 16.53322 24.47128 30.03976 34.51838 15.25363 33.89258 46.58823 17.74777 20.55455 10.5095 46.47586 34.25411 14.48065 38.75404 17.51588 37.60941 47.53395 35.85956 22.88967 45.80344 36.39304 37.8886 25.71115 34.28139 16.98474 0.0 26.44065 0.0 26.81086 
1000.0 0.0 0.0 0.0 48.76061 0.0 0.0 0.0 0.0 0.0 0.0 0.0 27.86431 0.0 0.0 0.0 0.0 0.0 0.0 0.0 0.0 0.0 0.0 0.0 0.0 0.0 0.0 0.0 0.0 0.0 0.0 0.0 0.0 0.0 0.0 0.0 0.0 0.0 0.0 0.0 0.0 0.0 0.0 0.0 0.0 0.0 0.0 14.51439 0.0 27.84103 0.0 
1000.0 28.06259 19.44715 42.47353 0.0 15.29264 15.27198 20.24944 38.23264 9.95175 12.93375 29.78411 0.0 11.12995 29.25047 19.6128 15.75533 26.55851 28.77887 47.51601 0.02594 14.79904 45.07553 25.7915 24.3805 48.57341 22.93103 11.79566 28.78838 30.02709 29.63351 35.31221 47.23115 35.60651 32.12146 10.855 40.72597 48.29684 15.17944 40.47315 10.78949 43.14474 31.35503 33.80433 19.63507 44.29679 22.31116 0.0 26.16831 0.0 24.52491 
1000.0 48.24915 42.42382 29.11845 0.0 13.8781 29.67382 41.10821 42.2382 30.01659 21.90992 42.13378 0.0 41.14081 13.61849 24.97163 13.35146 15.23169 41.00148 24.21969 0.04194 13.5079 38.5812 25.5207 21.52481 10.38501 28.05141 32.2645 30.67023 31.02114 40.12474 44.31273 40.1854 39.77585 29.40869 34.65952 43.5367 21.07548 18.84173 46.97204 31.926 23.60358 35.18416 31.26695 41.31233 23.92187 22.76071 0.0 19.04785 0.0 28.64918 
1000.0 22.28747 21.5534 44.73371 0.0 44.62781 10.65295 16.93286 21.95467 31.60235 14.77611 27.51647 0.0 37.67879 29.17664 24.73291 18.04106 10.06055 14.25353 24.80623 0.03054 34.54701 23.44913 23.73786 21.0313 19.78955 29.36351 46.63101 38.91196 38.52102 34.84418 35.61847 37.14138 20.64298 18.8235 14.59853 12.56653 36.45757 37.89464 37.79893 32.95119 27.40736 33.75671 15.63792 37.03982 25.63989 18.68259 0.0 33.11351 0.0 41.32131 
1000.0 29.11244 47.78749 11.00285 0.0 26.00568 41.42628 38.88597 10.67919 47.2095 31.3487 30.09131 0.0 31.02377 41.61251 10.14589 39.10369 43.67957 27.05936 29.80088 0.03854 16.04032 44.48058 44.85997 19.8426 15.32538 43.5842 33.89163 15.60478 47.05521 40.23061 19.01079 9.87856 44.37726 30.03372 22.6835 11.94384 29.72551 13.24806 26.21721 30.54224 43.06963 40.06031 25.96041 42.58498 18.93681 34.11083 0.0 32.46001 0.0 33.79225 
1000.0 12.15061 35.96954 18.26835 0.0 15.6734 43.52836 12.10756 22.28847 47.2231 40.86154 10.57627 0.0 41.93414 26.46763 18.52692 35.3643 39.51101 36.94742 10.0134 0.01479 33.23314 19.88428 10.26021 13.31533 45.94261 29.34316 48.39122 33.17522 18.35335 18.3959 19.25598 47.57859 31.59428 17.67547 30.74718 44.81831 23.02482 46.212 45.63308 16.40027 35.71527 40.12725 13.93339 24.87584 48.90919 44.77826 0.0 41.0783 0.0 31.34391 
1000.0 47.83751 28.45485 13.09689 0.0 14.00635 23.61568 21.38994 34.49154 19.75855 22.64901 42.86865 0.0 31.49272 25.66948 39.4066 11.09997 36.69039 48.26951 32.26638 0.0466 21.02633 27.62182 26.70584 29.29262 17.70028 15.78641 28.43312 24.5245 48.25408 21.01603 35.43731 18.65812 27.10492 33.3003 43.21664 29.98344 47.67239 17.76618 28.8257 45.64001 35.93122 44.47908 19.21508 13.6562 39.33232 29.13513 0.0 41.81647 0.0 41.30885 
1000.0 38.44044 33.89154 32.08176 0.0 20.84041 25.95629 12.85335 31.16926 16.7392 42.68311 15.32488 0.0 17.97465 24.30806 30.36807 14.53876 33.65713 15.8486 31.05201 0.02881 45.94199 43.55956 31.88054 48.1371 14.04603 40.25775 42.29827 30.01126 26.30149 48.13074 32.452 28.32738 12.10196 10.72481 16.50861 25.09014 28.04409 42.60047 24.31055 12.19858 40.76122 19.59442 23.38105 25.94246 17.24152 30.45114 0.0 23.07129 0.0 24.39729 
1000.0 0.0 0.0 0.0 46.5369 0.0 0.0 0.0 0.0 0.0 0.0 0.0 20.10189 0.0 0.0 0.0 0.0 0.0 0.0 0.0 0.0 0.0 0.0 0.0 0.0 0.0 0.0 0.0 0.0 0.0 0.0 0.0 0.0 0.0 0.0 0.0 0.0 0.0 0.0 0.0 0.0 0.0 0.0 0.0 0.0 0.0 0.0 21.72361 0.0 46.60957 0.0 
1000.0 41.32795 28.41584 10.44673 0.0 16.21569 37.13559 39.2104 24.95697 33.99123 45.45494 39.09473 0.0 25.05626 13.78122 24.84867 24.90062 16.10023 13.15723 25.72273 0.04832 36.38274 27.34415 48.91396 33.10724 43.87488 40.30754 34.50599 15.11909 34.65229 43.37784 37.86926 36.72928 15.29259 44.50451 28.97027 27.41259 28.65818 39.47854 23.391 48.87801 43.83384 21.09894 23.1635 44.35329 47.65818 18.24138 0.0 25.52162 0.0 39.02642 
1000.0 34.03136 27.48058 11.25831 0.0 29.05125 20.75584 37.94256 20.30057 22.68246 41.92592 31.79918 0.0 26.04676 23.74316 26.36454 17.69879 17.28777 30.51075 23.84395 0.03865 40.16191 44.14823 47.59356 25.35095 12.22112 18.81966 31.43188 12.15622 26.99714 46.21035 17.72765 15.01667 34.06482 38.08446 36.24953 40.2311 43.4854 46.72608 18.03456 17.66252 30.73449 24.75889 38.86437 11.80283 12.71965 19.36378 0.0 19.84165 0.0 41.35382 
1000.0 34.74411 29.28004 39.0008 0.0 20.96179 23.11572 29.12861 28.26096 19.08352 24.57737 42.40958 0.0 10.63177 34.19915 39.67995 37.68965 28.13353 40.88034 38.49657 0.02782 15.66147 27.43926 14.03177 18.38219 13.01085 20.17592 14.3747 38.99412 33.16176 25.07069 12.76377 24.72372 37.60985 10.43541 28.33064 14.78632 14.61714 37.31982 25.87755 20.76644 13.28356 39.77047 17.48577 21.27856 27.87661 46.2038 0.0 26.47067 0.0 40.64037 
1000.0 22.14695 34.87271 15.37131 0.0 10.50896 28.65303 43.84508 13.48845 23.08423 30.59174 27.58757 0.0 19.63644 14.9694 40.78793 38.59638 11.94194 11.35694 26.60971 0.02363 31.70791 30.46704 45.14522 29.55271 14.82021 30.01279 11.58507 27.19764 19.1086 11.68422 44.84076 16.48597 20.84963 35.69372 21.13107 44.87009 45.15921 28.33923 37.79014 24.58036 18.98539 38.56902 17.63778 36.69977 35.76544 14.34221 0.0 19.79719 0.0 46.56271 
1000.0 24.91961 11.69379 36.50812 0.0 18.65219 28.9021 28.8809 44.07451 16.74226 10.49204 21.5151 0.0 14.18625 38.08969 21.78169 27.27997 39.99359 46.51731 15.01314 0.04456 14.89539 33.13939 44.6123 29.36265 22.19681 30.05806 27.91279 25.23696 37.37249 41.49428 41.1077 23.09967 47.124 17.65794 21.67542 20.17514 12.2416 32.23579 34.57306 40.2134 38.22162 26.70072 18.60531 40.76324 30.60815 35.16935 0.0 27.47576 0.0 16.20032 
1000.0 10.43292 15.96514 17.7951 0.0 40.54653 16.00771 15.71684 19.95861 18.45121 48.98553 22.87692 0.0 47.16625 19.31075 28.55743 22.6919 42.05245 21.65022 24.18985 0.0313 16.987 28.40592 43.38497 12.01209 45.39321 22.83234 19.25915 23.15945 43.87369 35.50673 34.25211 42.439 22.61551 35.78296 30.14188 29.05439 12.28794 17.84792 31.6628 47.13944 24.25248 47.09071 24.83187 17.19165 34.16734 42.14789 0.0 34.63701 0.0 23.02257 
1000.0 48.49547 23.77524 46.06355 0.0 43.95515 21.39175 15.17199 29.79725 18.51824 44.49114 37.89562 0.0 26.53117 34.8506 41.26763 45.94315 17.93898 31.75958 28.15368 0.02522 20.95174 23.98882 28.77981 35.11167 40.45441 33.44114 34.21205 24.0619 46.68964 29.18258 44.99986 13.95417 24.41295 45.07448 19.67409 24.05938 26.44927 34.13684 10.82685 23.98663 28.96681 38.82601 47.63692 17.15878 44.58642 11.37459 0.0 31.89251 0.0 14.73624 
1000.0 0.12825 0.04664 0.07073 0.0 0.05121 0.15042 0.04625 0.12437 0.12336 0.17767 0.17248 0.0 0.15054 0.0721 0.054 0.19088 0.17791 0.19744 0.10409 18.56787 0.09163 0.15489 0.17578 0.1332 0.11652 0.07987 0.1313 0.19363 0.06817 0.04058 0.10095 0.15446 0.11234 0.18849 0.14186 0.17211 0.12267 0.18741 0.19079 0.15585 0.18047 0.09379 0.16396 0.1509 0.06909 0.17412 0.0 0.1176 0.0 0.12743 
1000.0 42.79842 23.00566 12.96844 0.0 10.94788 14.85 28.55218 47.26111 24.92124 36.56566 40.20986 0.0 38.50744 26.31748 11.54928 20.95989 19.39264 32.25309 18.52751 0.02927 9.92754 40.512 15.84263 13.583 28.12517 45.78614 9.9802 18.0036 19.95985 23.63895 14.14407 23.70898 33.43711 32.40945 33.00043 28.98269 17.29547 16.74182 28.04779 21.85272 14.43784 39.85148 13.11105 32.7413 14.8281 24.46828 0.0 45.27036 0.0 20.73503 
1000.0 46.71935 24.82868 39.13505 0.0 23.35884 46.89869 38.055 44.87781 12.05002 48.77818 26.95423 0.0 29.47771 39.21074 48.22391 45.86894 42.93871 34.64603 23.0901 0.02979 19.121 26.5191 20.10311 36.19336 45.72371 40.65582 47.63619 37.66906 27.62021 10.99427 37.39112 37.41644 20.69421 41.76517 21.11977 10.15656 48.83398 16.15661 41.87452 22.20422 35.69174 34.46954 29.10592 37.65891 44.24092 31.53215 0.0 41.05753 0.0 34.73674 
1000.0 19.54011 36.61761 35.42087 0.0 24.60588 17.73041 16.99051 37.99536 19.93945 39.75543 47.18557 0.0 43.83838 22.10129 17.15236 30.50649 29.38558 13.00912 40.25629 0.02532 16.68132 43.44541 44.38015 28.46976 39.86636 28.42243 37.58536 25.05273 25.6931 43.20525 48.47903 25.30834 31.77853 18.54919 45.42387 26.52377 19.19065 32.43685 33.6885 14.26935 39.00309 46.30393 16.5956 15.04853 35.79235 21.8005 0.0 12.34011 0.0 22.58965 
1000.0 40.67711 38.95844 27.32555 0.0 36.21183 32.94524 30.26411 11.40489 10.53876 10.25144 45.04007 0.0 41.48772 46.01517 33.53134 45.49381 42.25064 44.72005 19.44938 0.04665 42.64204 37.25115 21.16381 14.9708 32.02811 38.70382 32.35985 16.90722 14.76481 25.19106 18.03698 25.30591 25.92797 32.12122 42.86842 11.2335 21.43877 16.29653 32.0705 38.09908 17.92318 15.83039 20.7549 42.81034 33.01682 22.11007 0.0 34.52267 0.0 11.85571 
1000.0 31.7639 29.96844 38.79782 0.0 33.85466 33.0492 12.83276 33.30912 24.58293 36.93913 12.73802 0.0 29.28549 27.97058 22.90347 43.96905 48.73266 37.92767 18.39694 0.03684 43.59699 41.80824 41.08221 12.33834 29.54561 15.55069 23.68784 21.02209 34.03006 24.42394 28.08542 39.62288 11.33396 24.85666 13.85896 27.278 29.23098 27.08785 46.94506 27.67215 41.02904 20.90524 48.87429 13.77021 42.24179 17.44939 0.0 33.79635 0.0 47.81992 
1000.0 22.45695 43.55636 28.82779 0.0 14.02066 48.36042 21.04443 23.83216 15.57866 42.50982 16.38883 0.0 40.36688 40.80441 48.24341 12.99492 26.36707 20.3071 18.13407 0.04123 44.88223 24.02512 20.22971 31.83252 43.43297 18.66277 18.2864 21.20221 30.81337 21.32904 33.92611 32.97381 39.41592 21.71284 16.90142 42.45768 44.10323 10.31982 34.61423 41.19254 22.8367 17.44788 47.45821 36.0441 37.01243 47.53901 0.0 17.28438 0.0 40.34487 
1000.0 38.42238 37.55528 27.35771 0.0 22.02966 28.52462 31.05345 17.1439 34.03541 30.08105 25.46873 0.0 46.67165 15.45784 11.69738 14.09293 27.41316 31.12832 22.39369 0.0329 35.9634 31.01041 38.48419 18.92926 14.14632 29.68048 35.60136 32.56975 25.14866 19.13224 33.57002 10.30677 41.5006 25.75672 27.31245 36.92469 12.43786 10.6509 33.27081 25.42092 43.50926 38.89817 10.63054 32.91933 46.26961 13.3168 0.0 42.89891 0.0 16.27678 
1000.0 46.2663 44.5111 33.03029 0.0 39.58804 20.88449 28.38227 41.47962 20.86285 11.0925 26.48314 0.0 13.91578 19.43785 15.90931 16.30123 18.46382 33.10016 33.35104 0.01479 23.64418 29.23175 41.66046 41.83137 15.90524 44.33976 11.87844 27.06721 39.34792 13.39176 24.88736 31.66 36.45547 44.62915 47.33026 20.04148 23.68824 13.69778 42.72642 38.18768 37.09662 47.53339 20.34923 13.83665 38.98737 31.03213 0.0 42.09188 0.0 37.06941 
1000.0 42.54272 41.29765 46.46088 0.0 18.90337 41.00643 43.04673 29.95506 31.5851 43.97175 42.06683 0.0 41.24841 16.89008 15.43127 30.77262 16.29771 46.382 44.88463 0.02821 11.50669 15.62857 45.2916 43.11898 18.15103 33.45096 38.32304 36.40837 45.56957 23.29823 48.24797 35.91843 11.37118 27.87045 41.91182 17.66063 37.55961 16.09913 30.77553 24.04317 13.68109 26.44054 30.92284 23.90904 31.80877 17.28634 0.0 33.79491 0.0 18.19078 
1000.0 24.55473 33.20671 17.45754 0.0 17.87875 45.66085 33.35255 35.66886 42.71066 20.26628 10.62036 0.0 21.64386 23.93107 39.46666 32.38697 30.45284 20.64549 10.47481 0.01879 20.33302 20.97215 26.0509 33.86666 32.69435 34.88641 46.61646 12.3206 49.06684 14.82633 49.0678 11.58046 39.05503 13.63675 24.49028 34.95329 42.30984 31.32582 27.36878 43.79163 10.32031 36.09353 42.55792 38.39793 32.22753 41.54675 0.0 30.40632 0.0 23.18965 
1000.0 17.5097 32.98841 31.22591 0.0 19.1765 17.10268 13.35998 29.43888 35.47742 46.25078 37.19361 0.0 39.02527 43.91793 34.63271 13.37311 41.68707 15.96616 42.35873 0.01749 10.31104 36.74311 39.427 26.33846 11.87293 26.00638 39.51781 14.66516 39.1706 31.64656 44.0205 35.43195 44.42385 13.56087 29.97291 27.85431 31.75623 17.43263 22.8835 11.10151 11.80963 37.0142 26.07652 44.53984 32.05666 39.76527 0.0 11.83429 0.0 10.41583 
1000.0 25.79198 41.05803 38.23036 0.0 34.0578 16.69636 16.16019 43.25396 48.68054 12.77285 17.08892 0.0 35.21767 20.82603 32.99239 11.48235 31.3442 11.68106 45.9987 0.03833 26.19564 42.91907 34.66258 27.77188 16.77179 24.77155 46.18059 12.44285 40.76134 30.50973 38.35137 35.00965 28.14713 30.92525 35.61322 30.05069 43.57808 45.87766 27.46445 38.32714 43.29443 40.41613 35.57225 15.43619 37.49007 29.36361 0.0 26.41061 0.0 15.44919 
1000.0 11.09269 27.2331 30.45977 0.0 44.48866 25.11953 17.30876 39.96305 14.71401 13.79662 11.20062 0.0 44.05597 12.6383 43.1823 10.69074 20.94975 22.8223 31.72943 0.04246 33.47819 49.00586 17.77527 43.45121 23.84847 22.30924 30.74318 22.2617 11.96162 46.71725 40.42822 42.03194 35.31853 18.70422 23.18296 14.07239 38.23742 13.96462 41.08688 15.55175 14.19386 45.31217 27.44952 22.66243 22.74476 27.4169 0.0 12.08933 0.0 38.34734 
1000.0 41.03723 37.20747 24.97988 0.0 13.9805 40.91704 10.715 19.73415 22.50837 42.61291 19.24468 0.0 46.14786 35.2482 31.94363 13.91457 39.88737 19.09543 25.08022 0.04692 11.52729 22.66703 36.28132 43.64736 26.04397 29.13547 31.61357 25.79564 45.45406 12.08026 48.21959 29.17915 13.22372 32.81435 22.90826 37.3762 16.35377 42.36858 47.1968 32.20126 24.1604 10.00506 33.89202 30.01856 43.4248 33.24616 0.0 43.96451 0.0 30.08313 
1000.0 23.42561 30.92446 26.58957 0.0 37.73589 19.62843 34.24112 34.39687 13.25254 49.02168 31.55363 0.0 45.09389 19.35729 33.05016 29.87527 10.75827 36.91748 17.52921 0.02869 21.93142 22.21747 43.91348 45.51341 27.68486 29.52411 39.74472 19.51481 23.81414 28.58729 38.45714 28.40254 44.04151 30.71991 46.53731 24.41916 35.43074 29.0467 20.90908 24.62574 42.17587 44.9673 32.58739 12.46196 12.82626 15.52782 0.0 40.05102 0.0 45.71051 
1000.0 24.972 15.68087 27.74417 0.0 13.59826 39.06171 14.08485 34.88936 17.46807 25.81485 25.48479 0.0 27.97847 17.27028 17.56917 25.54338 45.22269 24.7915 28.85908 0.0251 38.48927 36.53315 17.7611 38.17748 33.11084 23.85989 35.80713 10.4689 40.99824 48.27952 35.726 30.97314 25.32982 40.29208 27.31109 38.89043 32.32116 16.01811 36.97202 46.02167 36.09664 10.15593 13.78068 34.94064 23.76797 35.13497 0.0 45.07735 0.0 28.24965 
1000.0 42.76916 12.14529 28.31338 0.0 13.2522 43.84894 39.11361 46.83678 27.73186 20.96407 47.13023 0.0 27.46894 20.71812 12.34946 40.45227 38.9587 40.93072 26.08828 0.02194 35.51371 24.75443 10.889 12.34425 31.83463 36.82668 48.49168 35.78905 32.39221 36.59293 47.78473 12.18447 28.11127 45.85701 40.98688 44.77456 35.23422 37.31609 28.20636 44.47954 34.97836 23.16591 29.24773 36.79815 42.93506 42.54459 0.0 45.31055 0.0 44.77633 
1000.0 10.15429 33.28327 16.41068 0.0 40.42762 43.40076 29.91762 24.97442 38.76555 25.50047 18.74428 0.0 31.43945 17.42158 22.67356 28.40649 20.6012 47.32896 35.57741 0.04474 35.3914 27.50351 47.54021 14.86432 20.18287 32.13817 20.63195 43.77493 18.80775 29.58488 26.73554 24.85316 46.89319 36.94229 38.00144 34.71872 13.48576 45.95059 24.90517 11.35833 37.75874 27.03492 29.14242 44.65107 32.09398 37.55968 0.0 11.50332 0.0 18.72043 
1000.0 39.23121 44.84173 48.39749 0.0 15.78797 28.67276 43.69804 23.20701 48.15256 48.42007 36.39327 0.0 11.83321 46.21264 22.79657 13.06205 13.06417 21.60327 37.84727 0.01166 33.0128 24.2698 21.2379 23.90187 16.48251 31.9977 34.71568 12.14935 43.6764 45.02533 12.28442 22.90126 47.16483 30.21362 21.2667 44.10614 23.11562 14.69693 28.30353 20.95419 22.04831 36.17865 30.1212 29.39251 22.43434 34.67607 0.0 46.57225 0.0 35.65761 
1000.0 13.81792 36.67125 44.57898 0.0 10.99361 17.48845 33.94002 48.11433 19.54672 17.01444 46.82527 0.0 11.1773 34.59922 20.36489 32.15196 28.18785 44.10206 17.44279 0.02638 26.17833 14.49375 28.10731 27.23024 27.80796 43.09966 42.7413 40.67624 39.45107 34.8389 30.42352 26.40122 43.31831 35.38202 30.94696 38.05217 37.20803 46.43514 39.46553 11.84005 23.66248 43.78042 35.97197 23.93295 16.47351 17.8817 0.0 40.95136 0.0 27.0675 
1000.0 24.15712 24.00579 18.76388 0.0 35.09489 44.00123 10.2637 23.42923 41.90186 18.36874 46.31928 0.0 28.74776 22.2535 10.0291 11.80415 33.95881 35.74456 22.95011 0.01788 46.14203 19.07231 37.66176 29.27054 22.69168 34.77126 48.00889 47.23452 12.87513 43.54887 23.29736 29.7751 12.2581 10.0095 42.3282 45.92292 27.14471 25.18627 17.89361 12.0979 16.77367 38.85679 28.185 24.38514 43.42109 48.42059 0.0 22.97258 0.0 26.44905 
1000.0 23.35157 43.2884 45.58802 0.0 45.24033 19.14959 10.42218 36.27941 33.56679 38.14854 25.56075 0.0 38.99911 10.94929 32.64529 37.89664 12.10317 20.92848 10.18028 0.02774 45.91826 32.86291 19.83748 14.18271 30.81873 24.73848 24.20722 24.97835 27.75931 31.77728 24.61706 45.56486 23.07789 15.51338 28.76835 10.98323 22.90839 13.10777 33.05188 33.51613 45.23692 35.98872 20.6465 31.82703 15.94973 15.58373 0.0 24.4037 0.0 40.89399 
1000.0 30.14673 21.45899 36.15874 0.0 10.4074 40.34571 29.14477 39.62829 10.08727 10.71759 31.4448 0.0 13.48514 17.35982 18.15578 14.16153 27.33363 25.20518 31.56297 0.0373 44.32458 42.90017 25.67193 33.3358 46.05263 30.57451 43.54011 16.89992 40.93879 13.7587 48.07777 47.06385 38.54427 44.49623 44.27638 46.4451 42.58386 13.99781 33.4377 11.59375 9.94059 10.20111 44.77159 12.99176 43.98083 48.45229 0.0 45.9049 0.0 30.00332 
1000.0 33.92791 10.82692 19.07665 0.0 40.08629 15.525 13.60556 13.04538 37.46532 43.25383 32.00028 0.0 21.80036 20.44703 38.76929 30.21087 13.85209 16.89936 20.41121 0.04917 16.50779 16.34591 17.80785 18.65256 29.69062 18.99214 15.01611 37.75432 23.20494 29.96868 15.02578 17.73413 36.55925 26.5847 35.51489 43.17715 37.3541 41.4383 31.47451 42.41722 17.35498 40.61294 13.77597 31.17535 38.46668 42.51264 0.0 18.6267 0.0 22.29165 
1000.0 17.81447 21.14218 38.53913 0.0 48.18647 17.21398 34.35026 21.96952 39.85362 31.54545 26.36075 0.0 47.07264 31.26994 42.16589 23.72579 33.73467 47.43511 36.67056 0.0248 10.45392 22.78827 39.08646 25.20163 27.9293 29.2758 24.21907 23.45906 36.80513 23.03451 38.11833 28.01954 22.65342 30.12984 27.19148 18.70213 35.79602 36.56328 34.40664 37.22387 40.57751 44.40206 14.36473 44.16529 29.78363 41.88456 0.0 40.49252 0.0 34.47697 
1000.0 35.045 38.14171 46.35093 0.0 44.70394 27.45738 12.74298 24.58772 34.3775 16.75994 16.70832 0.0 13.89803 16.3983 14.86478 44.31851 27.82256 41.20761 34.23897 0.0302 46.83673 29.25725 47.80189 31.1679 37.53992 17.49536 17.70141 14.91634 20.34136 27.55862 27.1753 40.84737 16.61916 41.1017 13.9889 16.04455 42.72708 14.33959 37.21119 28.03712 34.81665 17.28518 27.09775 10.6947 43.20482 39.26092 0.0 20.62742 0.0 32.08411 
1000.0 0.0 0.0 0.0 30.8061 0.0 0.0 0.0 0.0 0.0 0.0 0.0 33.36993 0.0 0.0 0.0 0.0 0.0 0.0 0.0 0.0 0.0 0.0 0.0 0.0 0.0 0.0 0.0 0.0 0.0 0.0 0.0 0.0 0.0 0.0 0.0 0.0 0.0 0.0 0.0 0.0 0.0 0.0 0.0 0.0 0.0 0.0 28.65435 0.0 28.14455 0.0 
1000.0 25.17612 26.63738 33.36896 0.0 15.5213 29.23825 44.99232 38.62736 12.78112 42.15662 33.45106 0.0 42.30426 46.7879 38.44119 37.66229 21.96459 30.82136 17.01085 0.02154 15.50595 44.66189 10.91753 26.39139 41.51054 13.84836 22.17658 37.09159 40.53668 22.8112 45.26411 24.80018 32.29888 26.95322 10.62646 40.89415 29.85571 28.07249 48.50047 26.73791 31.5608 22.12182 34.90341 10.08923 19.1572 46.89712 0.0 20.72645 0.0 23.50911 
1000.0 0.0 0.0 0.0 36.02406 0.0 0.0 0.0 0.0 0.0 0.0 0.0 22.73451 0.0 0.0 0.0 0.0 0.0 0.0 0.0 0.0 0.0 0.0 0.0 0.0 0.0 0.0 0.0 0.0 0.0 0.0 0.0 0.0 0.0 0.0 0.0 0.0 0.0 0.0 0.0 0.0 0.0 0.0 0.0 0.0 0.0 0.0 28.67048 0.0 36.55839 0.0 
1000.0 46.33206 25.89782 11.04162 0.0 12.73671 48.58696 11.73502 40.16552 38.56604 18.79895 43.95176 0.0 33.53126 31.19854 16.14142 41.04091 13.98122 23.60745 18.90539 0.03143 36.85924 45.46173 17.47217 24.08823 26.41383 11.16291 35.62073 24.42797 28.68535 18.33446 44.46105 20.44697 12.78427 43.03641 27.48587 19.20741 19.86384 48.25408 27.93656 11.70983 19.63349 19.34075 27.36855 34.10094 25.72982 46.34993 0.0 46.00409 0.0 28.77035 
