1000.0 1000.0 1000.0 1000.0 1000.0 1000.0 1000.0 1000.0 1000.0 1000.0 1000.0 1000.0 1000.0 1000.0 1000.0 1000.0 1000.0 1000.0 1000.0 1000.0 1000.0 1000.0 1000.0 1000.0 1000.0 1000.0 1000.0 1000.0 1000.0 1000.0 1000.0 1000.0 1000.0 1000.0 1000.0 1000.0 1000.0 1000.0 1000.0 1000.0 1000.0 1000.0 1000.0 1000.0 1000.0 1000.0 1000.0 1000.0 1000.0 1000.0 1000.0 
1000.0 37.50535 17.91939 16.66993 0.0 34.30658 35.34716 32.3803 8.20149 12.66181 25.08826 12.61379 0.0 15.36845 24.07017 24.53986 14.55303 29.6311 27.43782 9.46214 0.00979 24.53146 29.01327 20.68268 26.42815 20.98465 15.63742 9.26859 15.83156 10.87525 31.04487 17.52758 10.39803 33.64048 29.9505 11.01856 28.215 14.66458 19.29617 15.15245 12.9154 31.21312 31.64325 28.25141 34.39161 16.18823 10.12267 0.0 28.64658 0.0 14.60357 
1000.0 20.8993 33.93196 33.89135 0.0 36.09275 20.16644 22.22112 21.01672 19.95243 25.4794 16.14926 0.0 30.14889 29.78242 20.65326 31.61777 11.35189 29.0321 37.70898 0.04186 18.46503 26.89248 11.08769 15.28269 14.80245 26.55871 9.43277 24.11495 21.96279 14.25756 23.16959 19.72043 10.23295 24.0598 8.90837 21.65502 36.77438 32.99882 16.81343 19.34387 37.11625 15.55545 27.02117 21.61099 32.32806 15.16167 0.0 31.90481 0.0 14.57968 
1000.0 22.18479 28.16085 22.33546 0.0 24.10711 34.30359 21.60313 15.72379 15.25725 31.87338 21.90207 0.0 33.80867 23.05984 24.00706 13.87981 15.8 17.03011 27.33915 0.04186 27.95156 10.83798 11.13872 23.76553 31.4868 12.72817 34.03228 23.78774 28.40125 12.07352 23.07789 22.7829 27.75818 8.26617 20.82089 28.86755 17.01466 20.31225 9.81349 35.15882 33.96196 25.21749 32.47587 14.8732 15.76806 26.95498 0.0 7.5923 0.0 10.52035 
1000.0 0.0 0.0 0.0 35.70619 0.0 0.0 0.0 0.0 0.0 0.0 0.0 12.28587 0.0 0.0 0.0 0.0 0.0 0.0 0.0 0.0 0.0 0.0 0.0 0.0 0.0 0.0 0.0 0.0 0.0 0.0 0.0 0.0 0.0 0.0 0.0 0.0 0.0 0.0 0.0 0.0 0.0 0.0 0.0 0.0 0.0 0.0 35.63161 0.0 23.24978 0.0 
1000.0 30.69647 17.56736 14.61262 0.0 30.33355 29.03108 33.0796 19.06825 36.65108 14.53744 35.18613 0.0 33.96854 10.23119 17.42711 18.78416 34.61651 30.66726 26.74177 0.02984 14.54654 8.18762 36.69709 23.50459 21.7149 22.71688 32.68621 19.18418 23.31863 9.65095 11.93259 16.65952 29.61203 32.7936 24.7137 15.76982 34.36678 25.26935 19.58167 15.88212 9.64083 30.28147 32.1505 35.87931 18.20331 10.02164 0.0 25.54711 0.0 18.82683 
1000.0 20.42147 12.05398 33.22739 0.0 15.65409 30.40342 29.82384 15.29792 37.48563 12.0301 19.65 0.0 34.41767 10.12745 16.24976 10.17446 24.53365 8.05206 12.65015 0.01987 12.53319 17.33019 17.18504 25.92445 19.18552 24.68666 18.51274 16.20328 14.99911 17.28462 11.8208 36.21773 20.1346 26.92739 24.02016 17.99679 36.06958 36.02276 28.19523 23.19881 21.58726 18.19784 16.89975 26.33781 9.92403 10.26245 0.0 35.6497 0.0 23.93818 
1000.0 34.07305 19.31115 24.53752 0.0 16.30944 25.69535 13.87437 19.60726 29.48657 15.58257 16.01579 0.0 30.14154 35.03945 17.31571 26.27262 30.38466 10.53048 27.709 0.01182 19.3212 13.62687 24.69916 27.7166 34.5621 16.64233 37.68349 35.56059 11.24617 25.33327 18.26541 36.62465 27.84419 19.84878 16.79165 29.63922 24.33253 13.40913 31.39913 29.67114 34.03589 36.52664 20.96959 34.03071 20.85956 15.41907 0.0 8.57859 0.0 14.93459 
1000.0 27.18857 26.81612 17.62575 0.0 27.49725 30.68131 27.54407 32.80977 33.81385 11.08866 32.78231 0.0 25.29926 11.81775 16.66019 32.85895 33.39302 22.93748 25.93728 0.04221 13.24824 12.33068 15.84443 33.90659 15.56557 27.30777 29.60163 23.80149 9.58186 20.57549 30.6122 21.73023 9.85752 15.07068 27.59468 31.97115 20.10022 7.72351 21.31168 30.86942 17.34845 22.1207 11.0592 13.23436 9.59276 13.54925 0.0 33.4617 0.0 10.72227 
1000.0 35.32178 19.51714 8.69958 0.0 21.89181 19.59451 27.2245 10.2179 30.6689 20.69365 11.97351 0.0 36.88412 9.89668 26.46896 11.33926 26.74415 36.30754 25.71983 0.01947 11.83149 8.36214 23.60118 14.64011 14.374 15.74745 21.21577 31.53054 25.73348 37.54639 33.96046 33.07727 25.30516 19.61788 16.01985 22.08321 19.85919 36.57498 35.28399 7.58332 25.75334 30.84556 18.58723 21.92558 33.38427 22.93429 0.0 28.37537 0.0 22.12718 
1000.0 13.26791 9.41121 26.30392 0.0 30.5614 36.83667 12.24048 16.72124 12.7241 11.12931 28.67245 0.0 30.03791 34.49781 37.22936 18.00591 27.00696 36.00138 31.35416 0.02425 10.21338 9.16763 22.62477 34.57016 11.70827 30.35254 31.5824 20.70393 37.029 35.23651 24.19519 23.44976 24.59945 22.69404 17.04519 20.82248 29.67032 9.36468 26.37021 29.70966 33.70808 16.15926 36.48542 29.81162 30.73391 18.36349 0.0 27.58872 0.0 14.70054 
1000.0 12.20833 25.31717 13.09628 0.0 32.61815 14.87681 18.74039 31.61987 30.98221 18.67629 28.74372 0.0 21.83628 17.47006 24.28016 21.09404 34.61371 7.98706 20.45547 0.02049 31.70653 25.42809 28.13963 26.85995 9.29958 29.22713 12.68801 12.5835 24.75163 12.19467 19.31441 23.80746 16.71591 32.83121 35.46757 20.14517 11.27968 22.91592 33.98577 12.97115 35.86819 15.21454 21.04066 33.50629 23.13572 17.52505 0.0 25.27663 0.0 27.47299 
1000.0 0.0 0.0 0.0 37.00155 0.0 0.0 0.0 0.0 0.0 0.0 0.0 11.87832 0.0 0.0 0.0 0.0 0.0 0.0 0.0 0.0 0.0 0.0 0.0 0.0 0.0 0.0 0.0 0.0 0.0 0.0 0.0 0.0 0.0 0.0 0.0 0.0 0.0 0.0 0.0 0.0 0.0 0.0 0.0 0.0 0.0 0.0 35.25994 0.0 28.93265 0.0 
1000.0 33.37509 26.08776 13.96933 0.0 35.81653 20.74155 28.14897 14.67113 30.21683 19.12245 12.87321 0.0 13.10125 17.48703 29.80183 21.68986 26.5148 16.05353 15.63316 0.0314 15.92798 17.50346 35.69015 29.01549 17.41926 9.9871 15.39254 12.91928 29.11893 31.9352 26.94177 29.69768 34.51798 24.13429 26.308 10.894 25.87824 18.5083 36.79979 20.4993 36.87316 31.83089 26.3627 21.53916 17.7636 14.15033 0.0 18.99346 0.0 28.2918 
1000.0 23.05956 21.65318 13.81245 0.0 21.71128 35.67965 32.94792 31.40864 25.35294 8.85368 34.17801 0.0 20.68396 14.37236 12.67331 15.39602 8.75979 24.11835 21.91219 0.03012 12.63079 37.5141 12.98832 24.95224 28.04519 10.91435 30.78566 10.89613 35.86998 24.03477 17.21941 11.15078 21.88518 16.89551 12.58097 35.02672 33.70098 23.86018 25.82387 14.83857 16.39268 11.46058 31.28082 20.88595 15.59164 25.78867 0.0 17.82045 0.0 31.22511 
1000.0 26.42151 20.6145 10.19582 0.0 11.59676 29.41773 14.30828 27.80854 12.00168 20.32794 13.92425 0.0 27.99344 19.61899 18.73502 37.62297 14.18883 31.63425 35.64346 0.02188 33.38963 28.66731 26.75948 32.16695 16.40905 29.08227 31.80363 16.08025 29.6884 20.24552 16.00845 21.46129 20.38059 27.11635 32.705 25.3968 23.18409 25.7494 29.7167 30.59752 12.1041 14.51959 25.30051 27.09807 29.72018 7.82638 0.0 14.07702 0.0 34.23886 
1000.0 12.98641 34.79483 20.962 0.0 14.12337 17.91234 29.85755 10.77554 20.17536 17.7133 18.60869 0.0 8.54221 25.1509 20.92141 12.21764 21.05958 10.47578 14.52358 0.01292 7.90036 10.65692 20.89434 14.54932 25.30417 33.25403 7.54716 25.89569 18.43395 24.48644 11.08505 28.79612 21.74382 21.44293 7.74224 25.72749 29.88487 31.18597 36.92434 12.10946 11.0355 33.69788 21.03 26.51853 10.6065 30.42105 0.0 20.66632 0.0 26.78972 
1000.0 13.03838 34.15829 24.69618 0.0 26.11377 25.00633 11.48578 23.34222 36.51307 34.12172 35.26407 0.0 12.53149 33.49791 24.61079 32.4797 23.36389 36.35758 34.3033 0.03601 22.80651 35.01777 34.05633 31.07979 30.16758 16.34028 23.07978 21.48747 33.76141 22.71357 10.17389 18.39062 36.98113 26.19871 24.16161 17.11363 29.76743 22.68284 19.43711 28.49873 13.06898 7.94928 32.90026 18.01546 13.93638 28.89177 0.0 32.6847 0.0 33.25816 
1000.0 35.00093 24.71342 19.8667 0.0 31.78124 36.00214 26.6295 33.241 29.32381 7.64362 20.51844 0.0 15.10219 25.89636 36.74669 33.78328 17.87668 23.4913 35.11986 0.03447 14.23663 9.89083 37.54101 33.61199 23.53256 31.95604 8.8098 29.03273 31.17751 14.58056 19.38136 31.83405 31.81683 13.47159 7.67025 28.63166 8.59901 28.94132 22.78983 34.45023 24.74724 33.48678 14.66518 37.39034 21.58143 22.8812 0.0 12.6334 0.0 11.55803 
1000.0 19.93339 9.06887 31.24641 0.0 31.86717 19.97165 12.49331 35.96826 21.2805 10.4156 21.81525 0.0 30.47972 14.53916 12.61595 29.59472 12.67349 33.76278 12.63791 0.01404 29.00908 33.94797 31.73164 34.85217 9.97267 13.72661 32.16658 26.48493 10.3847 24.48251 18.78789 13.46681 8.83933 12.79784 14.18933 22.29255 29.23065 20.78406 10.34044 33.95465 34.71566 12.33315 24.8996 7.98177 23.70873 16.16514 0.0 28.21004 0.0 35.48049 
1000.0 0.12926 0.08757 0.10826 0.0 0.05667 0.11747 0.09141 0.16997 0.12707 0.05431 0.12462 0.0 0.06663 0.0577 0.09374 0.16585 0.1639 0.08389 0.04011 36.73842 0.14609 0.17044 0.14789 0.0674 0.06639 0.17329 0.09937 0.16118 0.13859 0.05385 0.11669 0.08974 0.11018 0.07449 0.15017 0.04572 0.08135 0.13282 0.15886 0.08905 0.10638 0.10102 0.12862 0.03889 0.06116 0.11485 0.0 0.05077 0.0 0.0589 
1000.0 36.90422 27.58132 8.14253 0.0 10.39957 8.5345 28.1596 15.48582 22.64345 27.45865 24.06002 0.0 19.14879 27.36576 19.61886 32.58853 29.77606 29.842 22.288 0.01757 20.95479 23.85674 10.19403 22.49707 34.42603 34.73074 13.63347 22.33041 16.8265 24.10825 34.54003 35.74997 32.02439 22.72144 18.33565 13.05131 25.36016 29.16032 32.115 28.57045 20.1444 25.33379 27.10659 33.63744 26.03797 17.49506 0.0 15.45736 0.0 32.30987 
1000.0 20.16505 17.06188 10.88633 0.0 12.93221 27.91895 13.48071 13.83754 20.59283 18.78341 35.79198 0.0 27.8841 15.00332 18.58582 10.62883 15.65475 16.71554 11.38653 0.01744 35.53791 37.37262 24.20608 26.49288 32.41422 12.49772 17.33204 33.383 12.45655 19.51184 24.86525 11.15831 20.66258 25.04357 15.65339 23.4778 25.75408 30.23132 22.31013 32.35849 19.37259 37.25906 29.3763 8.3863 10.52543 13.59101 0.0 36.40673 0.0 19.66186 
1000.0 21.01674 16.09664 32.46026 0.0 25.91738 17.93889 13.64397 37.59573 14.2898 35.2243 35.60216 0.0 37.0305 23.40646 27.35346 10.1896 18.70563 10.9932 19.05613 0.01168 34.75809 34.29235 13.89625 29.27307 12.10204 26.14785 37.00314 37.44844 35.31846 37.00771 16.07671 10.16499 21.1719 12.89151 27.52069 25.54699 9.90264 31.27906 34.35623 23.12773 24.10605 23.24124 26.40995 27.46252 33.45989 13.44416 0.0 11.08742 0.0 16.7494 
1000.0 33.02005 8.56981 25.79709 0.0 27.20479 16.13956 11.53274 29.56368 15.42846 37.06354 14.61198 0.0 16.27563 11.88757 14.73634 20.72872 29.37126 12.93651 34.18123 0.04196 26.26828 32.37304 25.31569 24.8435 11.23286 21.93099 32.03521 26.48509 35.03411 32.34457 19.4613 19.34044 14.05152 26.5449 17.10529 25.11958 27.96938 19.77857 21.54688 31.86335 18.71411 32.25205 24.09567 10.39668 17.16038 35.73092 0.0 20.18922 0.0 24.30078 
1000.0 17.01129 23.26661 11.86355 0.0 30.41612 19.49621 31.66891 19.41608 8.07774 24.57325 36.15526 0.0 22.90296 37.2937 10.53555 10.93526 27.15729 19.87068 17.63021 0.03884 12.73574 32.45562 30.83551 17.42053 15.96243 21.50441 18.19756 35.58552 11.55595 23.243 28.71407 34.44423 14.89812 16.8467 18.31531 8.6424 17.11076 24.38954 17.91082 16.26838 8.12385 32.81305 19.41151 34.40564 9.21196 32.10748 0.0 21.5789 0.0 10.47049 
1000.0 8.36838 32.91226 25.60215 0.0 14.26701 17.99595 35.47229 8.6826 11.17408 29.56828 28.15079 0.0 29.43087 10.17288 34.01599 31.1873 15.47493 27.97393 22.28092 0.03296 14.25491 9.54874 13.63025 20.41093 20.37918 33.77342 31.60277 27.76701 24.5441 19.2934 28.17452 14.13856 13.88451 13.95034 17.84912 37.27153 9.8746 28.93088 10.62712 9.01219 18.03697 35.97761 31.37167 22.18344 22.69449 19.03753 0.0 31.45584 0.0 20.25291 
1000.0 12.80254 36.60953 30.28266 0.0 17.19488 29.71029 21.03824 35.15886 35.77822 10.42237 28.91344 0.0 26.07866 32.10568 16.83585 23.25166 27.41459 34.59458 24.71398 0.02093 32.45863 17.74612 37.16166 30.55365 37.28178 13.473 15.42038 36.56883 24.43205 21.39791 28.86916 14.97905 13.57438 29.08989 25.25121 22.81854 33.03434 22.19819 25.03466 12.49725 25.01067 16.86153 24.19859 35.40798 35.48051 24.07861 0.0 35.63683 0.0 16.61175 
1000.0 12.26109 21.47723 18.45696 0.0 25.37183 16.5601 14.40116 15.14458 29.24024 33.38159 20.94924 0.0 11.20019 8.62154 22.4357 35.67354 34.47263 14.79239 9.79196 0.02362 22.53228 19.05816 17.6912 34.10667 24.02031 20.37228 8.06307 36.98649 32.12208 27.23949 32.98187 33.70583 7.81492 33.3666 33.66349 28.30242 13.80781 22.9272 29.47795 15.20042 37.00401 31.9824 30.57367 35.24106 20.73668 36.00391 0.0 11.93971 0.0 33.79485 
1000.0 35.3792 30.57682 17.16464 0.0 26.08396 19.73326 23.54569 23.32063 9.33565 9.43937 29.54174 0.0 29.90479 10.38933 31.80623 23.24946 28.72867 27.24103 17.11934 0.02745 22.04934 12.66592 9.91828 36.90212 28.44058 10.17835 24.19098 28.99044 27.08968 32.85095 17.44186 16.4682 26.16243 18.66803 33.02751 34.95303 32.85351 8.18087 22.20793 25.78311 16.58941 13.45287 35.18748 8.86302 8.05135 35.95342 0.0 24.92243 0.0 15.57071 
1000.0 19.85257 14.28281 36.92111 0.0 25.17724 28.70267 30.646 14.30465 34.72042 9.89419 27.67175 0.0 28.24247 10.02173 23.29802 34.9759 11.12406 30.64611 17.21447 0.01156 10.73093 12.88659 7.99746 14.02155 37.3991 20.52324 37.06673 29.77775 8.21419 27.73651 24.49351 31.58342 30.21846 30.99087 11.73041 37.00159 8.59917 33.07841 19.90721 14.08162 29.6527 35.3181 23.38617 16.12858 25.28622 17.8313 0.0 30.0466 0.0 32.75422 
1000.0 17.18873 26.70479 18.03454 0.0 24.09976 36.97964 29.67666 34.6439 36.36844 9.77424 31.11823 0.0 34.66799 14.50657 9.55492 20.58225 13.56868 31.68659 10.8318 0.03395 32.53584 28.16315 31.12486 18.30589 19.62994 30.30533 12.70729 36.98716 25.41335 24.93168 30.56971 11.39288 21.52957 8.82108 25.87871 33.12108 27.70827 17.11807 27.51938 31.96758 36.14791 33.97346 9.8104 34.8597 35.13527 31.69368 0.0 8.44327 0.0 19.92048 
1000.0 9.88452 31.45266 31.24115 0.0 12.78251 29.35672 35.80846 16.32493 22.88162 28.57158 28.35304 0.0 15.11283 28.01613 8.20843 32.11295 26.28262 31.18109 20.25435 0.02517 28.19897 20.88963 8.35408 7.70495 26.05621 8.3406 24.88196 15.63907 19.91459 12.45903 32.77451 8.28094 25.73665 21.1967 12.92091 37.58739 36.00332 27.2963 30.59969 13.86279 14.52925 31.10577 12.40522 30.64142 24.21554 25.1946 0.0 33.27804 0.0 32.37663 
1000.0 15.45739 14.54693 27.8227 0.0 16.34657 31.42322 36.54309 9.09073 26.50711 36.27014 20.38718 0.0 25.11898 30.55815 15.79916 24.08816 37.04943 26.01228 36.3202 0.032 15.86858 15.22664 20.45863 14.1743 11.98232 13.24654 27.23721 26.62538 20.65144 30.61385 27.01299 25.6993 17.62404 22.08893 26.98788 35.43977 21.57649 29.86416 31.89708 32.88008 26.82222 7.8637 19.335 34.62815 35.54054 22.36102 0.0 24.37686 0.0 29.26044 
1000.0 25.6023 22.28389 34.95656 0.0 10.76011 33.53912 13.9064 18.12766 30.32525 32.67362 26.52056 0.0 31.21334 26.81068 21.00999 13.31328 11.94671 21.0741 7.79733 0.03517 23.68954 17.05722 21.29687 26.42871 31.0645 37.37022 14.49728 9.30517 27.89677 9.88367 7.73989 26.12753 10.60612 22.05722 34.50591 22.08513 21.44442 19.8158 18.55504 21.52334 10.87869 23.32583 26.52861 14.18989 17.31863 25.50348 0.0 36.9535 0.0 29.03826 
1000.0 34.38438 29.17697 21.66367 0.0 16.62725 23.18774 25.58469 9.67853 8.43687 14.51789 15.55736 0.0 13.27645 11.82466 15.68216 21.01433 35.18491 27.88893 34.03651 0.02172 18.06912 9.9074 20.05208 16.19098 9.8161 15.07698 9.67606 13.81838 12.30602 20.1728 33.54137 21.49375 11.0096 23.70797 26.05846 19.0039 25.09475 16.59923 33.47024 22.75336 19.80494 21.52698 21.92369 33.28212 26.66472 29.3336 0.0 27.19975 0.0 22.86604 
1000.0 29.85569 34.77113 8.21023 0.0 36.37881 31.31853 33.82729 16.95267 17.96537 16.35107 29.77957 0.0 20.95555 24.205 30.42393 11.32471 17.39839 30.96255 15.55535 0.02044 19.51149 31.65631 34.94417 15.41034 30.89798 30.10133 32.91336 13.23432 7.93999 12.91546 30.10234 27.45395 27.06675 35.67527 25.92719 14.06382 23.23894 8.03877 9.44152 23.91669 15.88038 21.72047 25.20076 23.64922 18.86663 33.76645 0.0 19.93116 0.0 16.71663 
1000.0 10.50758 24.42504 15.54386 0.0 11.99065 35.06966 25.65089 19.86445 12.0027 18.85957 30.80471 0.0 12.49704 14.61891 32.19438 15.77904 29.93566 34.86291 12.21969 0.03017 24.7014 37.12746 16.97853 29.19827 15.94431 23.77954 14.36076 30.16251 36.56209 29.5384 23.70766 9.45105 28.31452 18.95978 28.56254 19.52731 20.45416 12.50928 21.42435 9.02414 31.40835 36.28511 30.21074 30.47629 9.55121 19.08351 0.0 35.69451 0.0 10.36442 
1000.0 10.22645 15.39106 30.51793 0.0 36.17458 28.11141 29.42944 31.26538 17.55229 36.78973 19.10599 0.0 36.21473 12.53681 28.68441 27.89321 14.90025 22.64167 36.73114 0.03486 8.15444 20.10927 18.66036 23.86309 12.18533 25.75982 25.17724 28.91341 10.3885 30.16789 19.84839 14.91701 24.49643 21.49119 28.98482 36.94107 13.42859 19.30796 10.99071 25.54859 24.73524 12.5249 24.60211 24.83821 30.95068 9.17848 0.0 8.83864 0.0 20.80128 
1000.0 32.65924 14.51679 35.41303 0.0 9.42895 33.15243 34.53469 9.25065 15.05464 35.07959 28.43083 0.0 30.10541 36.04884 13.00526 16.47497 34.54376 17.95243 19.46166 0.02778 36.87627 15.3456 12.46263 25.96319 10.61573 12.55846 31.54724 35.25344 17.54275 24.86764 30.93307 18.34989 33.8652 26.38317 34.29388 30.01305 13.51251 27.93028 37.36802 18.11257 35.6321 12.17764 22.68719 35.67994 28.24025 21.85748 0.0 25.37766 0.0 10.77274 
1000.0 26.93288 27.14768 9.96543 0.0 28.63064 26.57451 36.6337 29.99055 11.22986 31.79847 35.37086 0.0 19.85094 9.46151 13.29984 32.69645 30.54945 24.40291 28.04825 0.02349 28.5317 18.87374 7.70282 34.98857 15.77794 22.6598 35.81986 9.83987 19.56936 34.58261 30.66281 36.54883 26.35369 23.01081 20.54518 33.83942 18.15428 10.10708 27.32486 26.34129 31.82267 12.1563 30.95883 25.15049 35.69555 30.51187 0.0 18.72732 0.0 24.73171 
1000.0 18.5957 14.97934 36.84456 0.0 36.74355 23.30992 29.65795 8.00438 16.27091 21.34421 7.89397 0.0 27.89271 26.59164 31.70878 16.04792 14.86224 11.99256 25.47606 0.01004 11.84855 31.17186 15.46363 16.79254 35.00889 13.7587 31.56175 15.33089 7.85414 9.69848 10.46802 9.50558 29.75057 19.59707 33.40418 14.10147 24.33565 17.85468 12.74354 28.14903 33.06698 16.6467 21.01256 25.06754 36.49436 32.1458 0.0 33.81928 0.0 14.07549 
1000.0 35.59417 25.54998 11.96022 0.0 33.46794 35.79355 28.96281 12.02335 17.20708 32.72575 34.29005 0.0 17.73853 10.11877 26.96885 9.94308 34.54169 7.81218 27.39597 0.02477 9.26374 12.32443 21.13836 25.13498 27.71872 25.56699 23.60423 10.43424 17.54161 22.22147 17.36622 29.49152 29.43838 16.20862 32.35876 8.6407 9.80842 12.98684 17.59246 10.28214 7.66037 24.53552 31.3457 21.47975 37.6412 28.16453 0.0 17.31441 0.0 17.72929 
1000.0 26.14911 10.23243 31.46172 0.0 24.69645 23.87565 24.2732 12.99649 16.02575 26.24571 29.99064 0.0 7.64346 10.12733 30.56155 13.50288 32.12686 22.75247 7.88466 0.02956 29.82552 16.61905 12.77456 28.34993 34.15215 26.39455 15.99802 14.11672 10.69884 8.0092 19.90538 20.14378 28.27684 19.88896 28.1072 22.90684 22.49175 27.3202 19.08814 32.93243 26.76489 19.61498 15.01868 24.22432 8.44549 18.39539 0.0 30.25873 0.0 22.99713 
1000.0 30.16306 32.1236 34.88244 0.0 28.78135 12.74761 16.86842 14.91588 19.78462 12.42822 27.80282 0.0 14.4573 24.73277 24.00853 30.13871 31.98933 18.61767 29.49989 0.03441 27.67185 25.0669 10.73514 13.95572 25.99529 27.04397 14.28028 29.22265 17.26971 9.88119 21.77391 16.12133 22.10344 33.95301 28.21586 12.04126 17.33453 19.87257 32.5836 24.39191 27.50737 31.09069 25.91915 20.25165 28.02309 16.71102 0.0 34.56812 0.0 36.36496 
1000.0 30.46547 17.16349 28.70062 0.0 9.08379 14.25592 34.99732 18.40215 20.99203 26.91839 23.67452 0.0 24.09586 32.98117 14.7467 30.7388 33.68446 36.61838 13.40768 0.02534 10.50034 29.38575 24.40904 19.11974 28.18252 28.0849 25.38881 12.688 32.81867 37.04142 30.62685 11.8163 29.20598 29.31283 13.96553 22.8668 9.67472 27.40319 8.16688 33.66057 26.7684 16.6503 18.8873 24.2619 17.36728 11.64191 0.0 26.46174 0.0 26.16086 
1000.0 23.52117 34.11897 36.89631 0.0 13.38748 31.53905 24.39897 19.47338 33.04605 9.42606 16.48337 0.0 29.36393 21.35875 26.31714 13.26985 19.81267 16.07048 11.50975 0.02715 37.36905 15.59579 15.58056 33.04603 34.45201 31.23855 19.47388 28.80955 35.75167 33.70186 18.19463 13.42226 18.52093 35.6142 15.79643 22.62885 10.89663 33.47963 13.64583 22.34799 23.3847 7.92932 34.08891 13.36271 24.21018 20.9345 0.0 32.8179 0.0 31.87048 
1000.0 0.0 0.0 0.0 23.96854 0.0 0.0 0.0 0.0 0.0 0.0 0.0 27.45289 0.0 0.0 0.0 0.0 0.0 0.0 0.0 0.0 0.0 0.0 0.0 0.0 0.0 0.0 0.0 0.0 0.0 0.0 0.0 0.0 0.0 0.0 0.0 0.0 0.0 0.0 0.0 0.0 0.0 0.0 0.0 0.0 0.0 0.0 21.47179 0.0 30.61864 0.0 
1000.0 10.92317 10.89324 11.51475 0.0 37.44477 16.78895 37.42286 11.75147 30.36341 15.87353 15.88669 0.0 7.71181 27.54338 35.90329 19.52645 27.09268 27.52437 36.78951 0.00945 23.3715 22.74417 37.33827 17.46984 34.72103 18.55191 29.5062 22.60649 15.93424 32.78196 35.9013 35.98864 13.77212 28.11039 34.47569 36.10921 31.62189 11.9826 34.90478 12.96191 29.62799 23.22415 33.6718 27.219 14.54121 9.13477 0.0 11.58398 0.0 8.9188 
1000.0 0.0 0.0 0.0 30.29243 0.0 0.0 0.0 0.0 0.0 0.0 0.0 26.45119 0.0 0.0 0.0 0.0 0.0 0.0 0.0 0.0 0.0 0.0 0.0 0.0 0.0 0.0 0.0 0.0 0.0 0.0 0.0 0.0 0.0 0.0 0.0 0.0 0.0 0.0 0.0 0.0 0.0 0.0 0.0 0.0 0.0 0.0 23.98023 0.0 8.67393 0.0 
1000.0 9.48314 19.42239 28.58932 0.0 23.2929 29.65378 34.48103 20.14372 8.43793 16.30666 34.19472 0.0 22.39946 12.49994 31.34165 30.43849 31.61656 37.08993 19.05372 0.01107 21.16493 8.55642 12.64652 20.10344 7.61057 12.48268 10.94242 16.00372 37.34363 18.77031 36.34958 23.45619 9.97574 17.63541 36.38314 8.76874 14.20831 8.65289 36.33231 13.48849 23.77905 30.74744 30.70413 37.68613 20.62108 37.24156 0.0 36.9938 0.0 14.77608 
