1000.0 1000.0 1000.0 1000.0 1000.0 1000.0 1000.0 1000.0 1000.0 1000.0 1000.0 1000.0 1000.0 1000.0 1000.0 1000.0 1000.0 1000.0 1000.0 1000.0 1000.0 1000.0 1000.0 1000.0 1000.0 1000.0 1000.0 1000.0 1000.0 1000.0 1000.0 1000.0 1000.0 1000.0 1000.0 1000.0 1000.0 1000.0 1000.0 1000.0 1000.0 1000.0 1000.0 1000.0 1000.0 1000.0 1000.0 1000.0 1000.0 1000.0 1000.0 
1000.0 17.42207 9.11074 28.703 0.0 25.96192 29.18738 15.82772 11.09926 18.80772 24.7903 8.10457 0.0 31.91693 14.36384 24.70286 12.17625 36.1586 12.43147 21.37473 0.03183 18.2376 17.46345 31.46757 23.94059 19.55153 18.90397 16.82336 12.89892 17.60868 18.90881 20.10149 30.11551 10.14704 16.92081 28.35181 29.61281 17.01559 11.66916 8.17913 29.50893 35.58493 22.82874 19.68052 33.3334 31.25361 12.51439 0.0 12.96211 0.0 31.58322 
1000.0 8.87734 28.17133 8.191 0.0 25.99282 35.02129 11.66915 32.20381 23.57185 8.90278 11.49119 0.0 26.79294 8.97958 19.96099 22.97966 18.88991 14.85094 12.96149 0.04186 7.94907 21.77828 20.36002 26.35041 29.50883 30.89049 31.51844 25.38445 22.90106 33.72662 14.05169 33.98382 34.57326 21.01452 28.25491 18.38875 25.46418 15.62894 10.41055 32.57939 24.56012 27.37897 21.92085 17.55215 12.0187 17.14298 0.0 9.86206 0.0 15.67751 
1000.0 11.46611 7.89141 15.0921 0.0 36.11423 31.37638 8.43609 17.6147 14.50585 26.91873 35.49935 0.0 24.10211 9.15647 18.18802 8.25382 16.98066 22.21986 19.56128 0.02361 34.28244 29.52003 19.42105 24.26908 23.74466 24.13068 33.88375 19.15849 25.07924 10.14961 8.99094 17.33174 18.61764 32.1236 22.82749 34.10038 10.06335 24.99437 15.41173 28.08124 30.61114 10.49184 29.19869 32.75821 28.427 35.08962 0.0 9.50279 0.0 30.10279 
1000.0 0.0 0.0 0.0 11.25337 0.0 0.0 0.0 0.0 0.0 0.0 0.0 22.47861 0.0 0.0 0.0 0.0 0.0 0.0 0.0 0.0 0.0 0.0 0.0 0.0 0.0 0.0 0.0 0.0 0.0 0.0 0.0 0.0 0.0 0.0 0.0 0.0 0.0 0.0 0.0 0.0 0.0 0.0 0.0 0.0 0.0 0.0 18.95579 0.0 9.48081 0.0 
1000.0 29.94992 11.20632 20.55513 0.0 31.79347 35.5922 20.95381 18.32745 8.07823 18.20801 32.83436 0.0 30.18961 24.04742 19.90017 13.92332 25.48199 22.24483 11.96845 0.03682 32.63663 32.66238 28.29543 24.83618 33.73501 20.84647 18.83485 14.82716 10.92755 26.41077 11.76876 21.39788 26.97754 24.85713 21.61908 30.40165 23.39236 18.02067 36.08848 15.6647 23.62383 27.25786 21.93864 17.24458 14.9298 13.16834 0.0 21.5922 0.0 21.75642 
1000.0 10.74014 21.80893 23.47168 0.0 11.28645 28.32604 28.74376 7.99974 12.03674 33.36866 16.06972 0.0 17.44432 8.81469 22.72219 7.65212 33.53642 19.12965 31.02905 0.015 11.26983 21.27274 13.80743 28.95353 13.98078 21.98719 9.59855 14.13013 14.78489 25.98299 10.75586 14.63988 36.07501 16.52431 30.9288 23.6365 23.98695 18.09812 15.63021 34.22151 34.85923 25.5859 12.5427 18.8204 16.08983 14.16046 0.0 24.09395 0.0 32.87791 
1000.0 22.6482 21.12951 21.04674 0.0 19.04209 21.81875 28.11282 31.96438 14.70954 14.54351 20.72783 0.0 13.13678 25.91374 14.62124 16.24115 16.30746 29.09683 18.99858 0.02078 25.72286 20.09461 34.64991 14.76554 30.35633 25.65257 32.35001 30.8044 28.58153 10.52437 12.82777 21.85293 23.28936 19.6896 25.11089 22.49356 27.92645 12.86376 14.9754 29.87655 10.82091 21.20084 25.98775 35.09576 21.06776 23.58118 0.0 31.36081 0.0 20.9697 
1000.0 13.99595 25.01962 18.49003 0.0 27.5829 20.41755 12.02777 9.32643 12.22965 35.71813 12.74737 0.0 26.41965 28.4698 17.91978 19.86101 14.37769 33.16593 26.71108 0.03194 7.90382 29.89194 27.43998 33.82273 19.96926 22.0971 7.6314 31.8015 35.08442 33.66633 10.84945 29.82796 14.58145 7.57905 33.11677 10.8786 22.62682 19.74315 28.71074 26.52474 7.6149 12.84042 20.25963 13.26354 11.05288 22.57324 0.0 16.76325 0.0 21.32996 
1000.0 32.5361 12.49766 34.27752 0.0 33.36678 29.51656 27.39612 27.20352 25.28157 28.1427 19.31126 0.0 23.48398 18.6358 26.90503 19.69609 31.51289 30.60376 31.98191 0.01353 30.09891 11.61513 32.76941 20.46455 28.16823 21.19804 9.16165 14.64221 26.71217 28.00869 29.22415 9.37269 13.68698 19.71248 9.40653 17.18644 7.29774 31.12957 30.20704 35.65282 31.10907 35.19237 35.86566 18.2523 22.29892 22.35464 0.0 28.68288 0.0 22.13534 
1000.0 23.67377 8.10843 28.84001 0.0 14.65512 9.82003 29.51566 18.73464 10.48022 27.07074 31.5956 0.0 33.21695 26.58595 23.9529 12.87228 12.66496 7.72519 25.65077 0.03328 21.3013 19.42694 28.44704 19.64674 7.2357 26.92176 8.01262 9.18758 32.07439 32.84447 23.88947 27.87761 10.7335 17.67201 17.62551 27.45097 12.02054 14.33832 17.55121 14.76738 35.55568 16.9692 8.01017 27.01969 10.57917 10.86173 0.0 8.33746 0.0 17.54833 
1000.0 17.26712 14.77619 31.0676 0.0 18.89869 26.02451 8.42046 33.32004 12.31879 9.48923 34.62406 0.0 23.17681 10.73814 26.90112 11.57129 17.58408 23.70154 18.98615 0.02507 28.04836 7.42953 23.27967 18.53615 13.48713 32.67819 18.27238 21.06531 16.23976 22.78909 27.22698 20.83737 17.65496 33.36473 31.17802 27.80298 25.60757 14.64749 24.09752 10.60561 11.74172 30.86792 34.70748 30.93279 8.51956 25.54532 0.0 29.89371 0.0 15.34844 
1000.0 0.0 0.0 0.0 35.07103 0.0 0.0 0.0 0.0 0.0 0.0 0.0 8.20761 0.0 0.0 0.0 0.0 0.0 0.0 0.0 0.0 0.0 0.0 0.0 0.0 0.0 0.0 0.0 0.0 0.0 0.0 0.0 0.0 0.0 0.0 0.0 0.0 0.0 0.0 0.0 0.0 0.0 0.0 0.0 0.0 0.0 0.0 33.82629 0.0 23.48139 0.0 
1000.0 24.99142 35.47453 10.46963 0.0 32.17373 33.67456 29.88422 31.5795 34.11166 34.0593 10.71384 0.0 24.7424 10.26096 17.43977 13.63552 11.0566 33.64602 7.28476 0.03732 9.08626 18.69844 35.16671 22.67144 17.72083 7.2607 30.39494 23.12807 33.26018 34.52746 12.90568 16.31661 34.83676 18.26323 33.92237 28.98785 11.18283 10.59808 17.98229 23.69583 12.71714 16.63856 31.6349 27.74681 32.01056 12.20668 0.0 26.3832 0.0 16.55715 
1000.0 32.47946 34.93776 34.58855 0.0 9.65492 23.95011 32.15941 13.68057 13.35471 29.60989 30.94945 0.0 29.62891 34.75257 22.97408 9.4401 34.02821 21.61491 28.57551 0.01556 9.54875 18.58502 35.88326 20.72444 24.33223 27.61767 27.09559 26.77479 35.97004 33.48652 11.1283 15.36582 31.54734 18.96204 8.54255 19.31087 14.24453 11.83657 24.66099 32.45315 11.97345 15.39642 8.79864 11.93186 24.19503 17.74393 0.0 23.45245 0.0 7.54657 
1000.0 22.65412 32.9589 26.53852 0.0 30.68027 23.49989 35.32487 30.1071 14.09255 12.76698 35.09247 0.0 26.92052 33.10934 22.50928 19.4042 23.49382 27.46429 16.27511 0.01235 8.01303 9.69738 26.68504 16.11779 18.3186 32.23414 34.41141 33.03177 21.61901 16.79134 14.65454 17.3324 28.62726 9.74856 23.64616 8.34035 27.71276 31.58252 13.83745 7.32204 34.24218 29.48833 27.3584 24.53951 10.6547 22.83974 0.0 12.7551 0.0 12.32046 
1000.0 32.69973 11.49049 27.46454 0.0 22.00001 23.52674 30.70253 30.74991 26.2215 27.66449 28.05438 0.0 25.85918 11.21835 30.1678 9.50257 29.59341 19.23041 10.93116 0.01971 29.35014 20.92193 32.70767 23.97374 25.75796 8.1951 20.07515 33.83582 31.2431 17.78618 17.33622 20.4383 32.52537 8.00744 24.70156 12.06189 23.78824 13.19312 10.50289 19.75727 18.27715 31.7593 25.25558 26.15219 15.30367 9.4829 0.0 28.93862 0.0 16.96257 
1000.0 34.0188 33.40667 28.47327 0.0 7.31969 14.59001 16.37315 35.8623 29.71575 19.77177 16.12812 0.0 16.07952 34.00574 35.5441 13.89493 17.0768 34.31344 28.91309 0.0233 25.47304 32.38271 13.84519 18.94285 18.6987 21.6821 23.89921 15.4875 28.26715 12.81624 19.46957 7.50584 30.47299 23.00524 12.31164 9.37338 33.58353 16.4551 27.05345 25.28186 27.56153 27.41516 17.75728 13.8062 22.74339 24.48227 0.0 29.72052 0.0 26.09675 
1000.0 22.31293 20.044 17.97015 0.0 16.22198 24.9888 25.94669 14.51887 12.35049 15.26425 30.17771 0.0 29.51865 28.48314 31.38033 26.54456 25.84227 29.14594 30.18139 0.02359 20.15306 31.02226 11.97476 24.18264 20.54053 21.39833 20.23897 35.85868 14.40764 30.09415 16.76575 32.3666 8.18133 27.03037 25.94803 25.37068 9.5045 10.34276 24.62951 19.75487 12.04192 23.12277 19.68686 9.02275 9.35589 18.90546 0.0 23.21898 0.0 24.42114 
1000.0 11.32341 13.26353 14.48864 0.0 20.71876 21.22657 27.4298 13.54747 13.32825 13.88561 27.94208 0.0 32.52101 31.67244 29.96646 30.86456 21.62961 18.65781 35.72331 0.01658 36.02816 7.94988 33.15472 15.04892 36.05026 11.03822 34.24948 14.22494 19.73027 7.48955 19.52305 30.95175 23.30295 10.17563 11.07935 12.3532 16.71895 14.66371 16.63524 13.86136 10.81865 12.79006 10.06592 34.5896 24.38701 22.467 0.0 27.42734 0.0 10.13856 
1000.0 0.13815 0.04849 0.14791 0.0 0.1377 0.07111 0.16558 0.15131 0.10506 0.14168 0.118 0.0 0.10846 0.16316 0.05314 0.10697 0.04141 0.10387 0.10064 17.55914 0.11379 0.08008 0.14217 0.16854 0.09505 0.15359 0.08349 0.1262 0.07476 0.05388 0.07892 0.08651 0.14216 0.12291 0.06246 0.13925 0.07822 0.0954 0.16819 0.09708 0.11061 0.10856 0.0907 0.06041 0.064 0.07654 0.0 0.15087 0.0 0.1327 
1000.0 25.2755 28.09646 9.2574 0.0 26.21763 8.08913 17.6918 8.45795 22.90135 36.07694 27.04314 0.0 34.07655 11.09794 27.14342 21.40115 31.62596 14.85924 9.74537 0.02607 35.30322 23.82263 35.34344 10.50411 30.40664 17.12216 35.04565 36.05905 16.43441 26.85843 17.55248 12.83948 22.67554 17.70952 10.22166 10.64249 13.13197 19.60103 14.34717 27.00025 24.42105 34.09384 7.76776 12.56204 18.10774 35.30442 0.0 11.44864 0.0 10.90479 
1000.0 32.99209 8.74062 12.05547 0.0 19.18409 25.73188 9.83163 33.41215 28.47392 24.24756 9.67263 0.0 11.78798 18.46261 19.53558 10.82997 10.44581 28.3694 22.77304 0.03408 19.57092 22.13498 27.48623 13.60089 20.05466 26.72249 36.06067 25.44797 19.86389 33.3899 35.89495 17.26004 13.88022 22.46798 30.06053 32.90689 30.23152 10.08459 20.10391 19.54042 17.9366 15.13676 8.9786 27.12932 22.00971 14.2288 0.0 17.38229 0.0 27.87519 
1000.0 18.60129 11.84307 28.93502 0.0 21.35068 19.03517 17.64262 14.76123 13.0763 8.68802 20.78655 0.0 25.48134 21.98251 20.9406 7.93429 25.99692 23.83073 20.17794 0.01455 20.37106 26.6069 35.67725 15.58715 28.6927 20.79008 13.62887 26.92819 29.73589 27.62165 30.08255 31.74417 18.63718 29.29516 12.76453 18.1308 12.11669 17.35193 8.22149 16.49486 14.23127 12.73623 17.74752 30.96878 9.94874 17.08014 0.0 31.89529 0.0 35.09116 
1000.0 32.58622 24.80228 7.6311 0.0 13.26281 35.44305 33.59891 7.97286 14.52838 10.72135 24.09714 0.0 14.8192 21.93178 23.27887 7.98639 17.15212 18.55382 7.47511 0.01292 15.40893 26.80609 26.06713 36.0046 12.60051 24.51254 13.68443 16.34918 24.87056 14.49886 7.52693 25.90906 7.69766 7.49766 17.00173 34.59203 10.1101 9.88513 13.09973 20.34463 10.07405 21.85151 18.81533 28.57326 11.09795 14.36435 0.0 11.52238 0.0 25.60598 
1000.0 32.1934 32.16583 12.29432 0.0 35.3929 12.79944 14.93322 22.626 9.7984 10.81993 14.97832 0.0 30.91983 28.75516 31.78532 19.0325 19.01113 31.44384 9.95083 0.01912 22.19802 32.09825 17.25389 27.55087 29.92586 19.24701 35.40107 12.23196 21.04529 31.97072 21.40033 23.40601 31.84156 12.70309 24.81435 16.67729 13.4177 12.43313 29.74093 19.90802 33.715 17.80854 11.04876 24.11868 13.16985 8.89625 0.0 16.69292 0.0 8.99019 
1000.0 13.71653 8.30847 27.27648 0.0 25.41038 10.44749 28.66389 10.89612 35.23641 9.09863 18.3885 0.0 21.26975 17.82072 8.77822 34.28763 19.03926 14.49171 35.11055 0.01865 21.28585 7.42636 12.33863 10.95468 9.27686 13.91741 10.50339 9.38912 24.16494 27.30435 34.61596 29.80434 29.41392 17.43984 7.95775 9.77439 32.4681 15.61933 10.66777 10.18981 18.14171 7.80353 27.10374 31.38274 25.23565 16.75795 0.0 12.93507 0.0 30.59555 
1000.0 16.29626 16.65702 27.74099 0.0 22.64967 34.71087 12.36725 32.6532 30.2993 13.69608 35.18836 0.0 14.49234 8.48925 16.22358 29.4786 8.90502 26.30679 15.08695 0.03885 11.92192 25.70624 24.70567 34.21044 27.96706 18.86753 28.95264 16.80478 12.63487 11.38768 17.14253 20.36394 7.60733 7.45873 19.24926 28.52947 32.04261 13.49704 33.84331 34.89873 33.95881 32.53233 34.50473 20.40235 36.14064 17.83614 0.0 22.41286 0.0 13.46005 
1000.0 28.0029 17.22241 12.82321 0.0 24.48204 23.23965 23.78801 15.28585 31.24133 12.96874 27.31821 0.0 31.91343 29.68309 20.47438 16.12465 16.03505 23.44389 34.48416 0.02963 25.26663 19.29647 34.10179 34.06068 29.70437 28.35911 22.18193 24.84104 12.61818 25.22119 11.3246 13.92385 26.49205 30.72169 21.44247 25.87649 20.62976 18.24259 22.66579 34.85282 29.14269 25.05314 33.34872 20.19011 21.40758 7.38196 0.0 20.63246 0.0 35.20025 
1000.0 32.98602 8.73773 10.74408 0.0 11.21723 24.08127 35.0345 10.31867 18.19427 16.29259 18.40284 0.0 32.19139 12.14591 11.53375 27.71314 35.46723 26.8431 10.94341 0.03447 13.83363 34.3673 16.35846 26.18229 8.78634 32.22298 32.25895 8.30615 9.62634 20.13899 27.85913 25.65704 18.45651 15.19141 24.79332 24.93892 27.76931 33.17673 25.99978 26.0483 18.47308 25.67799 32.81261 25.33723 14.56895 11.96608 0.0 31.20231 0.0 18.26997 
1000.0 35.90608 27.07823 26.88881 0.0 30.90611 18.66781 18.0775 10.5918 7.51018 35.68174 15.24767 0.0 20.51293 32.33527 13.18539 10.62628 32.80052 19.99782 19.1342 0.03921 16.14131 14.42881 12.00767 22.11361 19.57696 30.72485 21.64042 15.07022 33.83909 33.11286 7.36748 35.24569 19.16856 33.16279 9.47402 12.0249 13.21467 28.50039 17.42516 23.10294 23.77366 13.42182 16.75228 14.33657 20.06325 20.30959 0.0 11.77534 0.0 20.33691 
1000.0 21.2583 21.84439 31.23034 0.0 10.84472 14.95205 27.68957 28.96518 28.41375 10.2885 15.49101 0.0 31.49463 15.1139 22.7892 18.70297 21.10226 33.68498 9.24767 0.04085 23.39972 8.91489 21.34539 35.67334 20.18789 32.04155 9.84822 23.54012 25.11745 15.73857 26.12175 9.50985 13.46734 11.1977 13.16593 9.97502 9.41923 18.60903 29.47927 35.5916 35.13311 31.79961 20.99246 27.16604 26.69473 25.98026 0.0 17.24485 0.0 20.87741 
1000.0 33.48348 25.60578 35.05665 0.0 24.43381 30.03991 28.91647 15.65616 23.73103 14.70992 36.07453 0.0 21.6007 15.35728 18.32782 16.92486 8.46103 33.4443 14.81232 0.01956 9.83287 24.42325 14.48454 27.39458 14.90127 9.71858 32.82051 33.5722 18.53317 21.54368 10.421 30.65253 24.56716 27.72344 30.32342 12.26274 18.95794 20.22387 12.03185 11.08051 15.14961 10.92168 35.61536 27.84309 32.33524 28.52522 0.0 22.62417 0.0 33.67945 
1000.0 25.74771 8.7931 28.29683 0.0 15.68047 19.98518 17.31903 13.72471 29.45294 29.51743 31.45191 0.0 11.34314 8.14225 35.89449 29.6207 20.60494 25.57875 8.39665 0.04237 13.73765 16.3299 29.43303 10.62107 7.45555 12.92827 7.88089 9.10791 22.03972 35.14706 33.33291 32.82332 9.81958 30.14418 14.3478 33.08572 22.34746 34.14738 23.41735 9.50138 25.82883 15.90833 35.27854 23.82845 9.66147 20.26836 0.0 8.51108 0.0 19.50088 
1000.0 27.09705 7.67293 16.45947 0.0 20.31148 30.82867 22.52533 21.0581 13.09756 16.43923 25.91122 0.0 20.5897 14.74156 10.72676 35.20183 12.42774 25.67593 15.75234 0.0122 8.94095 35.39258 31.38882 35.31674 30.74191 18.22838 25.15279 15.09927 20.86975 8.47003 30.97921 25.13108 8.56814 34.13584 26.71469 18.89721 30.93114 33.53402 35.73718 24.10602 34.60742 33.87199 16.20056 21.95114 29.14641 21.17465 0.0 25.61703 0.0 30.76049 
1000.0 32.88716 13.62762 23.75482 0.0 29.14454 12.31929 7.23465 35.02225 10.61324 23.80319 7.67837 0.0 21.93826 12.56085 25.67335 8.35968 28.62784 18.73295 24.65051 0.01882 24.39462 30.58525 20.56793 20.20236 25.95551 10.32085 31.34263 34.4688 8.66651 28.07853 14.17159 7.23495 30.22452 28.96981 16.87142 34.48129 8.3565 33.13048 8.57741 34.49159 28.97859 23.25209 34.37909 11.6827 19.05584 20.32762 0.0 36.0484 0.0 25.30084 
1000.0 28.5731 17.17935 20.17684 0.0 8.06088 22.16863 33.5342 34.21366 10.00869 26.90306 16.30924 0.0 10.13596 31.29663 8.54368 14.85566 21.22847 23.6786 23.75413 0.01483 13.02512 23.17632 22.4858 30.54178 24.54032 33.93293 10.8456 34.81441 22.70621 28.45008 29.09579 7.32211 29.1454 34.2518 33.6675 21.82084 28.00794 20.57535 34.74216 32.31393 16.68076 28.56621 30.67213 20.10097 33.99536 14.8229 0.0 20.04477 0.0 11.84345 
1000.0 18.71766 34.38838 32.83164 0.0 17.56093 20.53329 14.82252 20.87955 34.94042 36.10483 14.82759 0.0 30.20614 18.51876 17.96177 32.68763 22.54418 30.64438 34.06059 0.04236 11.73876 16.07873 9.29288 21.51522 19.65331 35.17771 8.80215 14.52219 25.46422 16.322 29.07386 32.33337 30.15464 11.78468 35.05251 22.85723 28.21234 24.64941 23.93309 17.05473 16.17989 28.5884 30.51202 26.13438 13.24506 12.67697 0.0 7.33585 0.0 26.25324 
1000.0 7.58459 16.68599 10.69481 0.0 35.64117 27.67394 31.10184 23.57163 27.62837 8.03119 17.82643 0.0 10.42725 27.59833 21.41245 31.99083 16.54449 10.29525 27.00993 0.02427 15.57681 23.78241 8.13738 10.80127 13.61525 27.98628 32.13589 27.58022 15.33041 21.55127 22.44238 17.94318 31.76051 20.31099 27.55716 20.49227 34.30371 19.91184 20.41915 22.31517 25.33465 29.99149 9.59997 13.90654 8.31174 13.48378 0.0 29.40718 0.0 12.77759 
1000.0 16.10226 17.68628 8.19638 0.0 35.12155 8.56831 7.46137 28.71552 26.71978 8.19004 19.55644 0.0 14.13793 26.78273 16.84066 8.83482 13.87317 13.14284 30.85936 0.00937 21.68545 17.93318 27.8894 11.43022 9.84258 12.83709 20.1337 31.26974 11.43571 18.48422 27.71937 11.57139 24.27809 34.58219 12.68234 11.80679 31.61358 15.70624 35.04115 7.41756 7.23463 18.21957 10.2641 25.5792 8.21765 23.61321 0.0 33.16195 0.0 9.12564 
1000.0 34.9442 22.29723 9.56366 0.0 15.27157 30.26322 26.23984 34.75115 11.58968 35.28296 12.29081 0.0 30.52576 23.94392 20.70559 11.86465 32.879 13.37282 30.14615 0.01842 25.72654 17.98666 9.66545 26.05481 23.61639 13.89983 22.63309 32.29903 9.29776 13.24333 32.31274 10.64204 27.66656 30.64257 17.70989 35.27334 21.34763 26.91036 18.29809 13.16734 26.78969 16.14395 35.75483 33.81818 23.44531 26.96728 0.0 32.91095 0.0 11.77574 
1000.0 17.61698 7.41453 9.36068 0.0 28.63267 29.49258 13.33937 7.63923 31.95987 27.17656 15.85061 0.0 16.38426 7.3455 29.16712 35.34806 30.01254 28.06828 13.37015 0.0124 25.52141 31.82432 9.01715 16.16353 22.7114 22.70564 14.48824 33.09731 18.81848 34.7888 27.39057 23.77565 23.47072 10.92184 11.08286 25.00979 24.69265 12.29636 33.27561 30.4589 11.88799 31.34411 19.24147 27.96594 15.7309 12.43881 0.0 30.15103 0.0 15.96407 
1000.0 24.30792 27.58286 33.75457 0.0 17.91105 20.80367 15.35364 20.77575 19.90706 22.15419 26.85341 0.0 16.57967 17.28771 10.25494 33.17238 35.4685 17.32225 35.52831 0.03692 32.02187 34.14532 27.4705 31.11405 11.28709 13.67676 7.31389 17.72617 17.54324 29.69252 9.8522 28.80082 11.87385 33.64758 20.82843 11.9621 7.36942 10.00267 18.77381 17.87285 24.5203 29.5059 18.29484 14.94511 29.69271 19.32579 0.0 27.19545 0.0 9.56534 
1000.0 12.46756 30.83527 11.9457 0.0 25.69976 20.66506 35.07252 32.07223 18.4835 34.54117 22.77897 0.0 10.36991 13.28303 17.44123 24.60007 23.33185 8.26718 32.09966 0.00963 8.1863 30.83571 11.47672 30.30031 7.95319 17.0553 31.14256 20.58442 11.10561 27.70595 14.05944 23.97666 29.96096 29.04243 29.87658 31.00737 30.13686 26.03608 26.10888 28.64888 11.75266 12.67664 31.73458 12.9782 10.74132 24.89208 0.0 8.53929 0.0 13.21195 
1000.0 23.45242 29.75376 16.41971 0.0 29.25299 9.79048 23.07232 25.43704 22.43896 21.51715 27.65719 0.0 27.32868 32.93817 14.90397 15.01592 31.81789 24.05174 15.6573 0.04194 17.96228 18.50455 12.12975 8.33615 7.35723 32.61683 22.66701 31.95794 24.3028 14.87914 31.30484 8.09282 13.41758 23.05721 13.3018 20.83683 32.50354 13.4991 15.12724 13.6323 8.37116 22.43485 28.58336 34.27088 29.00611 29.14938 0.0 13.07018 0.0 12.40197 
1000.0 20.69885 20.22123 25.56616 0.0 24.34121 25.8028 33.36969 9.39737 19.8284 32.24203 18.5959 0.0 22.51885 12.98041 28.87956 28.27926 35.14816 36.09779 25.33327 0.01836 11.79555 26.79903 34.60869 21.69533 25.91548 11.68588 35.80053 8.15091 17.21811 29.08735 35.25075 13.39575 13.8646 33.96379 33.59136 20.72599 23.2831 34.08614 27.51225 35.61934 33.27359 9.78371 29.36938 11.17561 22.48112 8.61371 0.0 35.31086 0.0 33.29945 
1000.0 35.67453 23.74697 21.81503 0.0 12.58181 12.64394 9.678 20.97142 17.43658 33.00223 13.39027 0.0 12.36396 26.57539 34.84667 12.02543 14.32694 30.19777 10.2634 0.02519 33.84398 17.56658 29.70397 21.56164 20.60233 31.33645 22.96154 34.03286 24.43387 26.27617 18.0391 7.97618 35.26406 25.02486 22.41984 34.44593 31.83827 25.28771 30.12578 12.89741 16.8132 25.60025 14.99284 15.1019 10.29193 23.7517 0.0 31.4516 0.0 21.93577 
1000.0 0.0 0.0 0.0 34.98488 0.0 0.0 0.0 0.0 0.0 0.0 0.0 26.6841 0.0 0.0 0.0 0.0 0.0 0.0 0.0 0.0 0.0 0.0 0.0 0.0 0.0 0.0 0.0 0.0 0.0 0.0 0.0 0.0 0.0 0.0 0.0 0.0 0.0 0.0 0.0 0.0 0.0 0.0 0.0 0.0 0.0 0.0 20.00607 0.0 31.48569 0.0 
1000.0 8.12674 14.41831 7.24096 0.0 17.34736 18.96826 35.13706 21.3107 34.45705 10.62369 33.17258 0.0 32.45997 11.6441 8.1766 13.01061 11.68922 26.40269 18.95901 0.01434 18.60329 10.37834 23.8506 8.4251 26.12657 15.5433 31.64368 17.48187 14.7986 14.49842 31.99581 31.20731 35.77909 8.42547 26.9242 33.39158 13.43944 9.35406 16.41487 12.5099 35.42687 8.06295 20.29321 34.39162 26.94746 14.74252 0.0 19.93342 0.0 32.80024 
1000.0 0.0 0.0 0.0 28.64451 0.0 0.0 0.0 0.0 0.0 0.0 0.0 20.46119 0.0 0.0 0.0 0.0 0.0 0.0 0.0 0.0 0.0 0.0 0.0 0.0 0.0 0.0 0.0 0.0 0.0 0.0 0.0 0.0 0.0 0.0 0.0 0.0 0.0 0.0 0.0 0.0 0.0 0.0 0.0 0.0 0.0 0.0 21.42323 0.0 22.04851 0.0 
1000.0 7.37988 15.20535 25.0311 0.0 29.13648 36.13746 10.37464 20.65356 7.92623 25.85194 23.04929 0.0 13.39039 14.71534 8.99417 21.90092 10.27473 30.54645 13.82952 0.01204 31.55627 30.073 12.0974 30.33838 13.38718 24.3632 21.46057 16.09052 19.13836 25.94881 30.02843 20.58478 28.68658 25.08825 23.05712 28.92052 25.23067 16.34103 25.8119 27.3449 12.11624 17.08076 33.65685 28.84899 34.19281 34.49429 0.0 10.81925 0.0 16.11054 
