1000.0 1000.0 1000.0 1000.0 1000.0 1000.0 1000.0 1000.0 1000.0 1000.0 1000.0 1000.0 1000.0 1000.0 1000.0 1000.0 1000.0 1000.0 1000.0 1000.0 1000.0 1000.0 1000.0 1000.0 1000.0 1000.0 1000.0 1000.0 1000.0 1000.0 1000.0 1000.0 1000.0 1000.0 1000.0 1000.0 1000.0 1000.0 1000.0 1000.0 1000.0 1000.0 1000.0 1000.0 1000.0 1000.0 1000.0 1000.0 1000.0 1000.0 1000.0 
1000.0 26.15721 22.16222 18.20629 0.0 30.48076 30.90835 16.09577 40.15645 27.60751 34.92416 25.45479 0.0 23.90315 23.81133 11.9559 37.38231 42.80935 25.47061 22.67156 0.03215 28.1918 41.59678 40.39167 30.97929 20.05316 27.20557 18.30263 34.89485 11.82246 31.76723 32.07116 43.0207 13.08785 37.05726 43.39795 20.91262 45.71545 31.20662 10.47552 37.6189 28.24706 37.43223 44.1044 18.30956 30.96133 28.59835 0.0 20.85803 0.0 30.60914 
1000.0 11.00976 36.06652 46.96865 0.0 33.26533 16.29998 24.18112 16.87973 46.17016 32.87979 25.9756 0.0 44.03068 34.98078 16.7207 13.80888 22.70717 45.64779 42.21297 0.03892 32.23879 43.90573 29.74987 27.30859 16.6639 42.73146 22.37829 25.90895 34.81029 37.26883 41.80965 39.03465 33.30572 10.20397 42.75734 27.44344 22.08087 32.48898 23.50052 30.25558 29.91631 28.68538 33.22968 24.41642 45.83078 15.36468 0.0 33.97569 0.0 30.57795 
1000.0 22.00631 46.31498 25.63618 0.0 33.37227 28.69093 33.50144 39.62722 21.87465 12.24188 15.10262 0.0 25.6441 47.06763 24.96749 37.1426 12.88672 39.56882 20.80965 0.02498 34.11616 12.85067 23.44393 27.01102 25.86813 15.73144 39.53346 29.43512 19.57741 39.43701 42.17022 36.41392 46.73087 45.77047 36.00103 32.74807 44.36641 41.60084 24.64859 37.29703 41.43119 38.79076 19.98967 13.93733 33.08215 32.29725 0.0 23.57255 0.0 35.38367 
1000.0 0.0 0.0 0.0 47.30866 0.0 0.0 0.0 0.0 0.0 0.0 0.0 33.39795 0.0 0.0 0.0 0.0 0.0 0.0 0.0 0.0 0.0 0.0 0.0 0.0 0.0 0.0 0.0 0.0 0.0 0.0 0.0 0.0 0.0 0.0 0.0 0.0 0.0 0.0 0.0 0.0 0.0 0.0 0.0 0.0 0.0 0.0 37.67668 0.0 12.13448 0.0 
1000.0 41.88441 16.05061 33.63006 0.0 15.55467 29.85384 21.46971 36.32016 10.05766 38.88319 12.07723 0.0 17.16208 35.65641 33.70577 29.12852 45.02217 12.13471 33.9589 0.0108 46.73319 40.18996 35.92835 25.70194 29.48307 28.54965 31.54868 34.64595 45.12629 21.32883 28.16927 30.05175 12.63603 9.49565 19.30844 15.8898 30.85723 40.28355 12.17433 25.73528 43.83999 21.73945 24.2318 25.35381 29.84848 9.85115 0.0 23.39572 0.0 44.30241 
1000.0 21.73131 30.6164 46.6797 0.0 27.76535 22.6556 22.26114 17.56216 28.53484 11.0923 9.79757 0.0 32.64158 17.25282 36.12964 17.54777 27.62781 11.72439 37.84816 0.03286 44.59 23.41731 43.5029 40.90248 20.36063 37.96576 45.6872 31.80762 30.85623 10.76648 18.16588 16.42778 44.05596 26.13447 40.83891 21.95829 17.64957 11.47693 28.12393 23.11503 31.59947 20.43737 36.42312 27.83714 16.9972 20.72118 0.0 40.22952 0.0 22.76088 
1000.0 43.78681 27.74738 36.3853 0.0 45.22923 23.81522 41.50819 34.94743 18.26116 15.2642 38.67981 0.0 23.15916 25.23696 19.94083 12.59109 19.68357 27.42711 23.0925 0.02595 42.81372 39.94992 44.74758 16.82484 13.03122 32.46021 43.25885 11.04372 24.32117 25.90511 32.46944 23.70327 17.295 43.0689 27.49241 37.8676 40.76976 44.9847 46.47653 10.71022 13.50589 34.86678 47.34538 24.29127 14.71976 30.98195 0.0 45.06519 0.0 15.23579 
1000.0 35.08864 24.36189 47.27559 0.0 35.78436 46.29842 18.13112 32.50985 31.19441 34.01747 19.22897 0.0 41.9001 45.49226 28.01607 19.59898 17.48681 22.40968 18.42492 0.01203 44.22321 19.83636 23.27686 43.8816 37.3285 43.28746 17.06496 39.85561 30.84126 18.58879 46.36943 32.34328 10.4089 43.51455 34.88495 41.85182 33.96661 25.84987 33.05982 15.1237 33.11069 28.90721 24.47724 46.45453 10.67431 25.955 0.0 34.59872 0.0 25.33854 
1000.0 41.01195 31.14488 17.27726 0.0 31.256 46.01306 19.21516 32.97365 20.50149 11.48277 36.3771 0.0 28.64735 43.15552 40.96164 35.78873 18.80457 32.20712 30.35588 0.02525 30.84108 45.91416 12.54842 18.43796 39.92068 29.98686 25.32081 37.42453 29.94587 12.56052 22.15726 9.55345 30.51206 32.86994 30.37831 46.83719 35.02744 42.15454 47.11905 9.95895 21.58865 46.05681 38.1657 36.47181 44.70254 20.0336 0.0 25.26743 0.0 41.82784 
1000.0 13.85031 38.89608 15.14774 0.0 28.03677 11.93238 30.45576 12.05238 13.43785 13.09139 29.25483 0.0 45.28848 32.19922 36.54657 42.85085 40.15376 42.72483 15.84329 0.02771 22.22554 45.32528 36.85541 42.1216 45.39907 42.79787 42.23501 31.51093 21.55243 36.73852 45.23635 46.33499 40.18066 32.33136 33.01767 18.36594 21.77579 15.80275 32.95768 29.25723 18.4554 37.15672 30.05516 40.53407 39.40941 15.93259 0.0 26.35916 0.0 28.23786 
1000.0 31.3299 16.61371 43.68128 0.0 42.83192 10.32893 11.30589 42.10649 45.55443 9.52861 24.28834 0.0 28.14119 28.32101 40.17615 14.55253 44.21292 45.72261 39.52619 0.03632 12.14341 29.73055 46.10149 36.41518 20.06892 41.08231 46.6015 30.2416 28.27335 31.1977 32.13575 46.06808 15.64372 30.05904 11.33904 27.71895 10.23957 36.72782 36.67025 40.1014 39.71752 25.84864 32.98093 17.54914 38.54515 47.31289 0.0 32.44325 0.0 25.23819 
1000.0 0.0 0.0 0.0 37.79496 0.0 0.0 0.0 0.0 0.0 0.0 0.0 45.42764 0.0 0.0 0.0 0.0 0.0 0.0 0.0 0.0 0.0 0.0 0.0 0.0 0.0 0.0 0.0 0.0 0.0 0.0 0.0 0.0 0.0 0.0 0.0 0.0 0.0 0.0 0.0 0.0 0.0 0.0 0.0 0.0 0.0 0.0 34.46327 0.0 40.46391 0.0 
1000.0 36.67897 9.61062 30.86537 0.0 37.27161 35.83138 24.56097 13.96158 41.03644 36.29046 43.21144 0.0 24.21603 43.15966 12.36156 38.16165 27.56022 11.45152 39.81657 0.03031 14.41952 30.76175 31.20289 44.12553 42.76493 11.44892 29.86061 25.2331 44.31896 24.46905 38.70238 11.26035 37.05124 37.06377 35.05793 38.82097 28.75527 40.23254 29.02667 28.7579 22.65392 23.07535 33.81704 38.58431 21.52328 18.08089 0.0 20.50394 0.0 34.35026 
1000.0 36.70696 43.79421 19.08194 0.0 22.96401 35.18201 42.60879 21.63604 15.30538 10.39908 40.82127 0.0 22.90576 29.27916 11.21717 14.65991 19.03068 47.04954 41.21884 0.03711 36.93993 28.12059 36.86468 36.16359 23.84713 24.78193 37.00813 12.94642 21.52945 42.13549 33.2937 13.83083 25.24592 43.15018 36.69174 31.31101 47.01943 24.78133 29.36009 14.79064 11.96234 40.95899 45.3834 12.07728 15.39133 28.61704 0.0 10.87485 0.0 26.37538 
1000.0 22.63184 39.12233 32.4253 0.0 13.17337 12.69934 24.75722 32.50882 19.58079 35.85086 14.56792 0.0 9.74945 27.09042 13.75634 44.76207 24.29419 14.65831 44.49897 0.01901 29.62957 43.47079 37.00553 40.98993 24.28176 44.23165 32.80488 35.81828 28.09481 20.96705 30.08064 35.74727 41.89736 23.3009 29.65685 35.96791 13.7973 35.98645 23.49536 11.69817 9.73563 34.88343 9.97282 34.46038 37.45185 14.46961 0.0 45.76547 0.0 13.19503 
1000.0 15.97977 11.83687 12.82349 0.0 43.74457 18.11949 31.38758 11.8998 19.73897 35.56728 14.45727 0.0 23.93597 41.99031 15.45707 42.09308 32.3949 44.37305 15.94061 0.01048 43.25484 12.07783 13.15513 34.49769 14.44386 26.95109 25.86763 42.53342 35.20868 23.89812 29.21477 40.82961 26.19977 23.62881 39.11179 24.79434 14.49097 44.78377 23.10764 24.601 13.16308 26.77902 44.82296 30.24952 11.76793 41.16761 0.0 26.22848 0.0 24.00564 
1000.0 35.45552 24.61085 30.5521 0.0 22.33614 10.96082 25.75572 10.5063 10.53925 20.96975 11.73139 0.0 12.39858 11.90797 22.31165 40.88685 17.51283 30.14058 16.64712 0.01028 44.07084 15.51851 23.32378 28.26407 29.71725 19.51507 22.12223 29.4686 34.34643 41.62094 39.88231 14.70598 21.74114 19.55141 41.12987 31.12002 21.17542 16.50506 26.98676 11.65051 16.57713 37.30786 19.64875 24.66894 25.73478 44.24346 0.0 16.54935 0.0 42.45481 
1000.0 9.54801 36.88149 11.67361 0.0 39.16264 25.49863 25.34882 43.02109 20.62028 30.20465 45.2869 0.0 44.82387 38.15974 18.60868 22.69299 19.31492 14.14518 22.93319 0.03202 23.70174 34.97468 33.51648 37.75932 11.95124 10.75701 15.70527 46.37106 10.18894 42.63386 32.24647 28.03779 23.01141 9.55102 40.40365 40.13349 45.04594 11.75384 22.12169 40.56841 22.40804 11.72123 23.28892 20.59295 28.93963 11.73349 0.0 43.36468 0.0 37.4649 
1000.0 40.94014 22.43575 13.37143 0.0 22.80574 39.27144 22.92708 36.18208 21.79585 46.73992 33.08256 0.0 17.70416 46.89524 35.02354 43.0325 11.76808 21.40599 46.8899 0.01438 14.32242 45.8541 27.9973 37.43267 20.62141 29.10002 17.66455 44.25092 39.15487 18.09861 36.39617 18.07998 38.82166 29.98677 32.08985 16.50084 40.39648 13.81289 19.03579 18.0916 46.28378 42.70147 19.59433 28.49835 13.79267 45.85012 0.0 43.38467 0.0 32.21759 
1000.0 0.12286 0.06493 0.16117 0.0 0.18894 0.16034 0.09026 0.17614 0.14362 0.05935 0.07902 0.0 0.06392 0.04944 0.12065 0.07813 0.19341 0.16157 0.16286 38.95161 0.14161 0.04495 0.08649 0.16603 0.06138 0.08892 0.14572 0.18061 0.05562 0.14159 0.15122 0.04332 0.11947 0.09525 0.13376 0.14124 0.11073 0.16716 0.15962 0.161 0.16744 0.15966 0.13151 0.07507 0.05033 0.13899 0.0 0.10421 0.0 0.07584 
1000.0 17.31389 16.3118 34.65491 0.0 23.80675 20.81753 36.16893 30.80501 28.126 45.37955 25.86597 0.0 13.91251 25.04199 13.49787 14.89359 34.11568 34.22104 12.93575 0.0196 34.13578 41.51612 34.32893 17.35783 25.50218 24.18461 44.61725 18.32035 24.45877 33.05833 34.49397 28.64416 22.0398 29.04637 22.11676 22.48822 22.30893 19.57435 22.95283 18.49895 10.38658 13.14927 16.58019 34.11831 45.10595 33.90801 0.0 32.31522 0.0 20.34923 
1000.0 33.81638 45.92973 12.13808 0.0 33.94346 41.89295 28.55882 25.52636 22.467 11.18995 28.95849 0.0 12.33634 11.74645 32.08361 30.35666 28.36918 38.13187 42.74832 0.03955 14.98887 47.35459 38.08982 17.15137 11.94327 30.50921 44.01467 12.0947 24.21902 36.76874 14.36747 18.86872 44.50145 30.5695 17.74493 26.52979 41.67077 38.54653 21.46259 46.82607 24.80563 12.54664 12.15654 21.15756 43.45743 27.36565 0.0 15.73275 0.0 45.5885 
1000.0 37.33782 35.13699 42.33895 0.0 25.76756 38.05836 20.64336 35.72039 11.38842 18.46689 30.45455 0.0 23.64462 24.89359 45.74136 40.73657 36.83328 31.40143 35.52736 0.04606 19.05695 35.56577 28.63094 11.19487 46.81525 47.33503 44.76959 45.71235 14.70988 22.73089 34.81367 42.35399 33.68018 43.39905 11.12858 43.05868 41.46284 15.93066 10.51348 41.8182 38.85075 35.61728 29.37781 19.4433 23.59874 13.64844 0.0 24.11513 0.0 32.44632 
1000.0 42.10612 26.52921 36.93103 0.0 39.21781 47.16447 29.21142 38.14045 12.87572 41.8727 14.80051 0.0 21.89138 31.91261 30.53411 29.61359 45.29148 13.62469 39.15196 0.04122 43.3824 35.82234 42.52732 19.2329 25.3455 9.98041 30.6864 29.86152 19.79259 20.6342 27.38643 26.08596 43.77938 12.30378 38.27335 42.6735 13.51813 39.16176 29.67464 36.26671 42.04482 46.1237 29.81547 16.60467 12.23248 34.42917 0.0 17.81643 0.0 33.78275 
1000.0 23.88978 28.0643 18.63146 0.0 17.7068 42.85996 31.07542 24.44278 15.83322 45.83462 43.08019 0.0 38.15168 45.63909 22.92741 20.06277 22.22371 16.2795 32.35461 0.04468 22.20357 44.08646 11.91425 42.52484 24.91482 39.09274 40.88544 38.73673 46.1679 38.88574 34.77891 42.28833 36.88642 42.93076 33.26681 20.88234 14.06845 34.81933 39.72779 18.69988 35.63027 23.59338 42.26663 20.51777 37.06435 31.55278 0.0 45.91802 0.0 45.28837 
1000.0 26.69179 25.50123 34.53497 0.0 39.82678 13.66634 33.32723 35.15517 31.94401 12.71899 17.37791 0.0 30.04622 14.92285 23.23507 14.54548 9.62919 12.59939 22.11343 0.01705 36.21335 21.84841 28.50248 23.78816 19.96045 16.48612 33.5548 30.59661 44.90573 43.26824 11.15672 46.58886 25.77984 37.31605 42.43403 40.69209 21.08053 23.1841 27.73465 17.74065 12.41496 13.69014 35.43886 30.66502 20.92994 25.69737 0.0 21.34098 0.0 19.09583 
1000.0 34.7524 41.2108 29.40774 0.0 26.45509 27.15632 15.8001 23.25906 19.57057 12.56179 32.97689 0.0 43.14459 42.47693 12.23012 46.23586 32.7056 23.38069 39.17283 0.01061 32.94063 35.07042 42.80443 32.8004 12.67928 36.89643 34.08824 29.28685 44.29548 13.77873 18.55089 19.4198 27.26571 23.30576 40.25574 26.38097 43.84836 42.32685 19.3334 26.77318 12.00527 43.23301 23.59984 40.80355 11.32644 30.82198 0.0 21.79398 0.0 23.89237 
1000.0 24.96122 23.84243 46.50764 0.0 15.44263 43.08365 42.89725 46.11535 43.1984 21.90442 9.90384 0.0 28.66973 25.83385 34.63608 41.65155 43.34583 27.35649 45.19521 0.01626 18.4837 27.2559 34.58376 20.51014 25.6499 44.98445 17.14064 38.66493 23.268 36.11961 45.43443 45.67525 10.54559 39.82821 12.33344 32.76834 22.2102 36.11315 32.09968 31.2341 41.29948 14.97554 10.97657 22.01535 38.52102 37.29641 0.0 22.72144 0.0 17.84507 
1000.0 22.31868 39.0284 20.81421 0.0 10.59417 39.39135 46.87829 23.4492 31.30607 18.26011 39.80644 0.0 16.68768 17.77327 29.80102 30.47788 17.98165 24.51614 10.8087 0.04056 28.50931 43.35716 46.94872 9.63028 15.51267 37.15728 10.50277 45.75338 38.89268 42.12844 36.17484 39.11439 28.17865 29.00714 17.83925 18.30862 37.08094 29.95494 43.73757 32.32457 14.80896 36.15109 35.4427 35.27263 35.39734 24.43164 0.0 46.41359 0.0 34.93028 
1000.0 32.02833 22.16309 24.62299 0.0 18.05586 19.0416 43.02928 36.31736 35.90616 10.20127 35.3063 0.0 39.53754 34.41646 24.30764 9.47787 9.79773 23.39697 21.57472 0.04469 14.42625 31.27675 20.18512 19.78067 10.97985 18.73274 17.01585 19.5414 14.32584 31.90701 24.65163 9.77383 42.82193 42.95713 43.56218 14.56083 45.60252 27.87008 36.79339 42.3544 17.4781 43.37374 35.80702 12.86626 10.93038 14.98764 0.0 16.96136 0.0 44.11515 
1000.0 40.05601 12.28612 41.49463 0.0 13.71102 45.34916 38.85543 10.62253 45.41019 42.99544 21.78487 0.0 33.01555 32.82488 25.1012 37.96785 20.939 39.02056 45.32562 0.02726 28.84124 39.82215 20.90156 37.52884 29.88524 37.15027 35.66649 29.20671 30.34659 23.97735 31.9035 16.67906 13.89146 9.87338 21.63901 14.04293 27.36017 35.13668 14.85359 21.6048 33.72293 42.35047 35.85953 39.3655 30.95694 26.63094 0.0 33.55934 0.0 14.14402 
1000.0 34.29543 20.39648 10.05967 0.0 14.56046 11.4096 12.67258 20.94348 44.63511 43.47186 43.25814 0.0 32.12116 12.1094 25.32162 34.46862 24.51731 10.38226 20.99395 0.0132 21.8247 19.81333 38.77499 40.54132 28.11641 40.23894 17.60579 11.63059 19.30448 32.23959 19.79859 13.14992 45.98951 34.58763 42.72568 37.26114 33.39691 46.68319 44.69833 39.44185 22.37273 34.10709 25.36119 21.52868 29.40752 41.27897 0.0 22.36478 0.0 44.35079 
1000.0 41.39763 42.18656 34.1291 0.0 39.48557 43.50788 20.17923 36.10401 14.86036 46.43433 25.25661 0.0 22.20203 15.32536 25.98052 22.2754 28.63503 11.7489 44.22267 0.03551 43.09966 10.06922 17.4158 18.3921 34.21779 36.26853 45.61502 43.18014 17.92947 19.86816 27.74521 10.5552 26.66936 43.60114 24.48604 18.45282 13.94528 26.88005 23.20486 31.68136 42.64621 22.32269 20.67057 16.88806 40.86677 42.90178 0.0 42.41928 0.0 23.14295 
1000.0 33.42148 19.48134 28.9787 0.0 42.49443 17.64718 29.16584 38.3988 21.43534 34.09359 22.01059 0.0 17.26408 34.87351 35.8991 44.97939 27.85648 16.72866 44.41791 0.03473 24.92091 14.14913 42.51805 33.92575 46.75398 32.41378 39.59894 42.68274 38.27347 46.59643 28.24725 29.12742 28.42362 29.22819 18.29169 26.42601 26.81248 40.48578 27.38576 32.03383 13.32626 26.17434 16.32528 18.59804 19.60112 34.78798 0.0 36.76787 0.0 23.96765 
1000.0 21.46697 36.32927 31.18047 0.0 13.37712 25.08765 22.28727 27.26448 46.36854 28.09563 14.24551 0.0 14.98509 43.68774 24.87652 32.57379 35.16398 10.15144 45.97437 0.03795 18.29292 10.18378 46.4374 20.09223 25.06718 30.48119 22.49898 27.83634 38.21429 38.24855 21.98874 46.14768 20.90312 10.50236 17.3016 27.13136 40.77184 24.28585 43.93744 32.54041 25.67696 17.78057 34.34856 13.0559 28.4116 34.79415 0.0 27.99197 0.0 47.22948 
1000.0 10.72736 11.52562 32.60727 0.0 11.19353 34.50538 18.42942 34.44148 14.48129 23.81113 20.44972 0.0 13.55832 15.99061 36.38597 22.00341 22.52488 27.3733 41.97818 0.0348 46.40628 26.88696 24.58108 35.92026 10.58623 10.41662 15.87413 16.05295 45.41643 42.33413 10.69178 21.84388 40.0173 42.57846 24.92269 31.95224 36.58403 10.85462 45.06822 22.2179 9.77837 25.47604 44.97295 24.86425 37.91328 34.63651 0.0 31.63017 0.0 29.71708 
1000.0 13.68142 17.36338 13.0815 0.0 23.41023 15.31438 32.75134 33.62063 34.68285 25.56701 46.58122 0.0 36.91537 32.30765 24.8993 41.71344 36.19136 11.47456 21.36738 0.04454 45.9032 34.73456 32.98314 44.73517 17.15049 39.82236 19.38673 9.79428 42.09277 24.63375 16.12531 11.42276 40.54462 35.28606 41.47315 15.89315 15.32233 37.28944 24.35469 44.98792 35.43115 12.2702 13.55597 18.56956 25.15597 24.74065 0.0 10.57259 0.0 20.88895 
1000.0 28.69603 17.08089 42.55703 0.0 27.68156 31.50841 45.32046 19.10791 41.7536 42.55 17.92129 0.0 45.60766 36.55284 10.98128 37.88961 12.95888 35.52694 13.00122 0.02209 46.53763 33.38365 25.90948 24.09673 28.90543 45.69147 11.60573 27.84492 32.42069 35.30895 18.33535 17.17017 16.70512 20.18487 40.45062 18.99891 15.75961 37.82112 34.28224 31.82772 25.68378 35.55977 13.8924 16.81011 35.96207 28.91113 0.0 25.53174 0.0 29.01628 
1000.0 44.97313 35.3089 11.64381 0.0 36.77721 25.60685 20.95899 23.12417 32.24583 32.28077 18.20109 0.0 15.07418 44.19705 35.49155 29.01658 36.83361 38.26994 30.32703 0.02215 44.77065 24.60047 23.97292 12.46605 46.31132 35.58983 41.66715 30.92965 18.56639 18.63716 39.45613 33.98611 27.87507 11.91111 28.45006 29.16863 27.34608 43.39693 17.15211 26.38561 15.71712 18.28481 32.93848 17.19365 35.64907 29.90054 0.0 37.79307 0.0 32.23161 
1000.0 33.30063 36.67364 15.55234 0.0 26.61494 16.4259 13.26861 31.51844 21.14182 19.22197 43.02712 0.0 20.50348 19.28062 46.36316 20.80941 25.62117 42.89642 38.74437 0.01957 21.74313 24.45823 22.44103 24.92489 30.2165 24.02087 36.94336 40.73463 15.91249 15.82886 20.86001 22.24819 23.1338 39.80455 46.1975 25.4745 47.19515 10.2312 11.2005 26.84296 36.41492 43.96881 15.49701 13.28775 17.18221 19.94911 0.0 22.96679 0.0 47.10225 
1000.0 18.85324 41.66221 41.01983 0.0 28.90445 17.91022 41.15887 36.11978 38.88299 21.61737 12.58452 0.0 29.89112 9.53128 24.60285 38.37443 38.01088 47.23833 33.74071 0.02628 32.27252 17.18839 10.2705 17.81575 11.32101 41.69096 15.47013 17.81412 27.10738 17.97125 27.69646 20.32606 23.16399 34.92284 39.81504 32.99408 12.25162 22.74142 41.44931 27.39159 33.71956 44.94283 14.9349 18.27216 14.30264 39.21803 0.0 17.84669 0.0 26.0079 
1000.0 27.58 12.91463 26.12877 0.0 10.597 10.20036 15.67576 37.17769 44.14534 18.27924 30.08635 0.0 30.18161 41.12842 46.28326 47.14965 46.46933 43.17615 13.66825 0.01275 10.50804 30.13183 12.78789 40.62289 19.36145 21.39658 31.43283 36.82808 15.42668 14.36943 28.35174 25.77866 42.92408 13.96419 42.39416 24.09293 13.75718 43.53202 41.15676 34.27945 25.45338 14.91985 35.50654 17.36808 21.41653 37.95872 0.0 47.09931 0.0 20.83325 
1000.0 17.96288 20.80092 26.64634 0.0 46.19963 22.07532 18.22975 41.87114 19.57075 19.99014 41.17665 0.0 12.1592 23.02356 24.83266 13.88486 46.77525 19.1948 16.82439 0.03842 26.47439 16.16036 45.62729 32.22097 20.60126 26.87541 43.88078 16.19401 47.24113 18.37188 21.37371 13.62143 25.20009 21.69653 30.83277 11.3674 10.10188 11.78482 37.02229 28.6447 16.02818 24.40495 18.66838 25.86837 13.97742 10.70934 0.0 31.67582 0.0 20.57401 
1000.0 27.50792 46.59959 37.76645 0.0 19.30137 46.17645 34.84882 25.35302 26.18294 42.94791 30.6186 0.0 26.07131 13.89177 23.39325 16.89271 28.61413 15.47735 11.2126 0.04812 12.97148 35.86669 10.40949 22.79712 40.63924 31.34841 37.11333 46.12563 35.45315 22.42839 31.60836 23.08059 32.3985 45.18619 11.35374 13.23424 44.59697 21.34719 36.64186 46.22825 33.3987 17.17334 20.40478 23.10348 37.94512 9.80999 0.0 26.14981 0.0 28.07953 
1000.0 16.68838 35.19645 43.12163 0.0 12.13588 11.80156 31.61695 18.23307 13.60097 22.01184 35.25831 0.0 10.34868 45.94269 14.32881 16.04207 28.43573 14.32905 36.61529 0.02747 41.58624 30.38872 29.78907 19.17955 13.32538 33.20689 24.98861 18.38826 32.31693 32.68122 12.98204 33.84908 35.68081 38.33872 13.62372 13.2072 42.40092 40.21888 17.0785 18.86934 15.94494 13.85447 37.05153 21.30374 30.32182 14.19438 0.0 42.79632 0.0 14.09289 
1000.0 33.62293 27.89078 20.03342 0.0 41.42378 18.27802 26.63678 15.477 14.8965 15.86672 38.43969 0.0 9.81558 29.88473 36.96768 9.95785 28.05296 39.66845 21.0134 0.03537 37.04954 20.50436 26.57223 20.53432 40.70999 12.71065 19.78405 16.71497 31.63938 37.72986 34.01964 30.23618 29.41636 29.51512 41.24014 24.44682 33.04083 32.06637 9.96938 10.89967 29.4402 19.0168 11.90936 32.02206 45.1466 39.52049 0.0 38.72323 0.0 25.43994 
1000.0 0.0 0.0 0.0 12.30275 0.0 0.0 0.0 0.0 0.0 0.0 0.0 40.56608 0.0 0.0 0.0 0.0 0.0 0.0 0.0 0.0 0.0 0.0 0.0 0.0 0.0 0.0 0.0 0.0 0.0 0.0 0.0 0.0 0.0 0.0 0.0 0.0 0.0 0.0 0.0 0.0 0.0 0.0 0.0 0.0 0.0 0.0 36.12947 0.0 35.24766 0.0 
1000.0 19.0387 25.13218 35.78712 0.0 31.92708 18.73258 20.58045 39.97873 38.97901 20.4063 15.84568 0.0 15.64409 26.72029 27.40782 38.0469 31.1716 27.47635 26.30796 0.04458 26.31794 24.94674 42.58369 10.33947 43.83692 46.03229 18.78764 45.75726 23.45341 39.96648 21.70079 9.82364 21.30224 26.59995 21.53918 42.42803 33.10818 15.40531 14.33525 42.75453 14.82396 24.64818 12.7798 19.9677 10.9098 31.16066 0.0 31.42532 0.0 42.42687 
1000.0 0.0 0.0 0.0 26.18028 0.0 0.0 0.0 0.0 0.0 0.0 0.0 32.5947 0.0 0.0 0.0 0.0 0.0 0.0 0.0 0.0 0.0 0.0 0.0 0.0 0.0 0.0 0.0 0.0 0.0 0.0 0.0 0.0 0.0 0.0 0.0 0.0 0.0 0.0 0.0 0.0 0.0 0.0 0.0 0.0 0.0 0.0 33.01375 0.0 16.13391 0.0 
1000.0 37.8857 9.58366 27.8701 0.0 26.90809 31.8029 43.03298 40.33636 47.00792 39.34477 26.17188 0.0 36.86768 46.71248 18.14156 20.27768 29.19339 39.09436 29.54475 0.02217 46.64652 41.26818 38.01178 36.78758 39.95009 26.77779 31.67425 43.68312 38.23019 26.61967 43.001 20.68085 30.54228 38.34488 9.51019 44.60736 28.93998 21.99644 17.70179 32.97208 31.50648 35.1023 30.17078 27.86991 41.06358 10.26437 0.0 43.78554 0.0 10.40449 
