1000.0 1000.0 1000.0 1000.0 1000.0 1000.0 1000.0 1000.0 1000.0 1000.0 1000.0 1000.0 1000.0 1000.0 1000.0 1000.0 1000.0 1000.0 1000.0 1000.0 1000.0 1000.0 1000.0 1000.0 1000.0 1000.0 1000.0 1000.0 1000.0 1000.0 1000.0 1000.0 1000.0 1000.0 1000.0 1000.0 1000.0 1000.0 1000.0 1000.0 1000.0 1000.0 1000.0 1000.0 1000.0 1000.0 1000.0 1000.0 1000.0 1000.0 1000.0 
1000.0 22.90337 19.26323 6.86783 0.0 29.90361 29.62755 13.01973 24.82018 28.93959 14.04338 29.15717 0.0 15.55416 12.34266 18.62413 25.1693 27.60834 7.40074 11.36223 0.03302 21.85667 24.68108 30.31736 7.54796 16.23931 21.04528 12.20139 26.11624 23.05926 17.53962 14.89197 29.34571 21.30272 25.20641 10.98635 19.30032 7.02524 29.35782 16.39757 25.02938 10.90761 31.5913 18.71694 11.15113 29.29917 24.2091 0.0 10.40933 0.0 24.51448 
1000.0 26.88769 30.44247 14.12828 0.0 22.83913 23.87774 24.30677 19.44465 13.07422 28.4846 21.70116 0.0 30.89591 28.46862 10.37016 9.0519 20.68693 27.96905 15.9998 0.04056 26.43718 26.74683 10.08822 11.5456 31.48988 15.25493 9.73346 12.29097 20.1298 19.63514 22.84554 22.81447 32.24261 18.48114 30.24964 19.75349 31.76176 30.68046 9.26724 23.08283 10.46059 16.05145 11.32395 19.93108 11.14278 24.76635 0.0 17.4944 0.0 21.06572 
1000.0 32.22011 30.47693 29.49059 0.0 23.94288 11.31923 9.89211 25.42032 7.43118 25.60117 21.47385 0.0 15.68515 12.33424 25.24141 7.05382 20.40476 6.83534 14.74616 0.01037 14.6586 28.77951 8.17016 7.49583 19.31111 6.80825 23.95733 22.08068 18.28502 23.32322 12.16917 9.96038 8.92244 29.94837 9.42742 11.25249 28.34178 23.86512 29.10126 9.44185 29.40172 18.18848 20.85939 12.94165 8.51563 7.11379 0.0 27.73061 0.0 30.18621 
1000.0 0.0 0.0 0.0 9.17498 0.0 0.0 0.0 0.0 0.0 0.0 0.0 21.25108 0.0 0.0 0.0 0.0 0.0 0.0 0.0 0.0 0.0 0.0 0.0 0.0 0.0 0.0 0.0 0.0 0.0 0.0 0.0 0.0 0.0 0.0 0.0 0.0 0.0 0.0 0.0 0.0 0.0 0.0 0.0 0.0 0.0 0.0 14.96171 0.0 18.10911 0.0 
1000.0 24.13905 7.04481 28.45525 0.0 27.16124 7.51961 24.2238 10.84232 10.56088 11.15641 13.93325 0.0 20.23663 10.952 29.25815 11.36259 30.96637 14.5612 24.87388 0.00934 18.09526 19.18668 23.95698 31.46725 22.43095 27.22596 31.03529 26.28874 11.7771 15.2126 14.62019 22.22084 18.50109 20.15188 11.50186 29.25123 13.96714 25.06117 12.90696 19.00229 25.49932 29.56737 17.87449 19.0324 9.20666 29.94406 0.0 19.91828 0.0 14.34922 
1000.0 10.44733 7.14619 11.96787 0.0 22.28826 15.48126 11.10114 17.96366 29.71621 18.12053 24.95798 0.0 12.60742 15.20941 29.87705 7.96941 17.08792 8.90765 28.19441 0.00874 23.70386 8.23995 15.29387 10.23714 28.67053 15.98888 28.53258 8.5779 16.91287 14.37314 15.56093 22.67592 27.82479 20.41212 17.54442 8.08446 17.85615 12.61454 30.56259 22.45289 25.87452 20.1837 16.45382 8.84903 9.25659 30.42316 0.0 19.69793 0.0 31.27579 
1000.0 16.94937 6.65875 30.34552 0.0 32.68091 22.7309 19.58925 22.31015 20.26442 18.78538 31.35162 0.0 30.00946 31.12791 10.8283 12.87046 16.75482 21.13747 20.65772 0.00828 10.46743 31.3148 18.78763 24.18769 21.00576 10.28189 9.83377 16.97411 21.38196 20.76394 32.16815 31.96937 29.67355 31.86371 28.20424 24.19714 31.64475 29.992 7.29571 29.07195 6.86187 24.77982 13.20464 32.16776 30.17799 25.75979 0.0 23.58144 0.0 30.04923 
1000.0 27.72074 27.25951 26.62358 0.0 10.96782 18.57308 25.01818 22.04253 25.92523 8.50284 22.46419 0.0 28.11313 20.89188 19.45598 19.5359 8.82618 9.99209 29.80527 0.03416 27.8201 8.81724 21.32106 26.94292 20.97758 15.20451 16.72944 9.63096 16.54636 27.54698 16.84666 8.07062 11.16572 17.53641 27.56347 20.93531 19.87753 7.23889 22.58579 24.52492 24.73549 16.14446 18.95135 11.72702 12.88555 28.06058 0.0 6.70587 0.0 28.86767 
1000.0 28.12045 14.41381 10.96489 0.0 25.17527 26.6799 30.99573 10.17836 21.37708 18.90935 25.38427 0.0 21.5953 11.79063 22.99278 28.95012 21.74185 31.94522 13.98463 0.01166 30.40473 19.00912 30.33799 18.22427 29.08611 22.21454 26.95265 15.66666 12.14247 13.43669 32.37182 21.23149 21.66047 26.54863 21.79002 30.29464 8.0729 29.02464 17.08281 13.47801 7.30124 9.95707 7.85755 13.11678 20.81464 22.6558 0.0 16.69447 0.0 15.31926 
1000.0 7.15171 6.90963 9.96884 0.0 30.42213 23.12767 22.01658 28.51988 20.14527 10.83637 8.43323 0.0 23.1667 24.87245 16.36513 16.97855 26.08039 11.24163 17.27818 0.01438 24.16061 22.53346 25.12087 24.36269 18.70755 9.15549 20.9693 9.92674 14.19784 22.9918 12.21473 25.38214 21.56756 30.12371 25.26341 16.85465 16.4107 30.28442 19.69475 31.84764 14.65947 10.17381 9.3737 10.01872 14.81854 17.41103 0.0 16.82748 0.0 22.45737 
1000.0 26.54297 16.39971 18.75299 0.0 29.29009 32.04476 20.23396 11.50067 7.40261 31.81545 21.89106 0.0 29.05941 18.75551 12.75544 21.97735 27.03477 10.20513 28.76311 0.01554 16.76542 22.46518 23.30214 17.73957 22.63761 30.32049 25.76287 20.09157 22.74978 31.94578 31.68174 27.3102 18.46864 20.8614 28.88797 10.87206 12.39595 27.78635 11.25831 30.54751 10.95058 11.13474 29.22079 7.59526 9.4758 11.97745 0.0 10.46522 0.0 19.74004 
1000.0 0.0 0.0 0.0 24.07799 0.0 0.0 0.0 0.0 0.0 0.0 0.0 18.17903 0.0 0.0 0.0 0.0 0.0 0.0 0.0 0.0 0.0 0.0 0.0 0.0 0.0 0.0 0.0 0.0 0.0 0.0 0.0 0.0 0.0 0.0 0.0 0.0 0.0 0.0 0.0 0.0 0.0 0.0 0.0 0.0 0.0 0.0 18.98166 0.0 30.94345 0.0 
1000.0 9.65355 28.62014 23.84776 0.0 20.22256 9.42563 26.05972 21.88109 9.58474 11.90574 16.32889 0.0 17.20385 20.86397 15.69802 8.8396 27.23184 16.58313 15.11219 0.03487 6.91892 12.75563 21.19318 28.54507 15.66948 14.67776 22.86339 13.94145 20.8063 24.52821 31.91082 7.99524 25.44496 10.88572 19.46649 20.30457 31.77266 13.12766 11.35129 9.34154 12.43117 29.50747 28.89334 16.51763 15.3426 24.63109 0.0 7.7236 0.0 24.82753 
1000.0 23.80749 21.57914 15.51109 0.0 20.12028 19.65108 15.11845 17.13366 11.66062 32.87601 15.55654 0.0 26.78701 11.08576 19.82031 8.1367 23.64636 30.00167 17.45368 0.0085 10.06925 21.17473 25.86502 7.78326 11.80496 27.04091 16.21615 22.50985 23.65945 19.26121 7.76041 11.21705 11.31059 13.62827 20.06413 24.20317 29.04066 6.88521 9.17356 23.82826 22.51644 12.23712 23.42956 11.14187 19.64862 22.83171 0.0 18.61532 0.0 27.96787 
1000.0 19.24566 6.7162 19.62027 0.0 11.88276 19.49967 32.02823 23.62922 12.94147 13.77454 8.54945 0.0 19.48696 28.4909 22.74981 31.98396 24.51544 15.61396 14.87942 0.01357 25.84359 8.19549 22.41807 9.29076 13.94058 31.31669 32.3059 21.95034 20.76366 18.30714 11.87992 25.97122 15.96206 23.06572 9.52518 27.38064 30.4985 21.32277 18.45926 17.72991 6.69192 23.64131 10.96618 20.47377 20.28325 11.8724 0.0 17.41756 0.0 12.3884 
1000.0 32.1684 22.57153 18.36061 0.0 13.56727 17.06924 31.74892 18.53732 9.99827 21.1728 31.91691 0.0 11.1084 20.41491 29.64296 9.30375 10.39407 23.26206 10.14712 0.01343 13.65628 10.03908 14.59595 28.41742 17.61533 9.20031 24.09369 17.01269 25.84192 31.64009 30.27929 30.90155 23.48428 20.38147 31.11032 13.76515 21.92297 23.75763 32.9386 22.65902 13.04637 10.43041 27.42916 23.63564 12.79736 27.16939 0.0 32.45166 0.0 29.53889 
1000.0 14.32524 12.13148 25.28029 0.0 7.48174 9.31242 12.89408 11.00325 27.37536 7.20131 28.20159 0.0 14.18871 32.15968 24.21871 16.67048 19.20096 18.70207 9.70047 0.02499 22.06428 14.11145 14.613 15.78566 14.67889 30.72317 22.97946 24.5718 26.56798 14.81422 21.00508 15.00284 30.8556 8.86902 6.63647 30.93206 16.80346 11.77179 23.94397 13.38397 24.06053 12.72113 20.90998 15.62872 13.85446 10.91226 0.0 15.68416 0.0 19.31074 
1000.0 13.07433 12.6227 12.11042 0.0 16.49098 28.98816 25.4083 31.93058 20.9322 24.34082 13.13391 0.0 6.91898 23.90461 7.0206 12.51306 8.69873 7.91521 15.0822 0.01258 15.50039 6.6269 19.01029 22.86675 30.18181 11.61134 24.14665 21.88944 25.40781 28.57042 17.52379 28.86701 19.6802 26.94117 24.24566 24.19431 27.68515 17.16113 26.81935 14.56824 28.4008 31.27679 32.39309 23.92324 23.93247 18.02989 0.0 24.89809 0.0 11.21281 
1000.0 10.58715 24.74393 11.32412 0.0 9.08413 19.91501 6.71553 9.50623 29.75964 19.98661 19.91162 0.0 11.66587 12.40586 12.30795 13.5594 10.19646 29.48765 31.80653 0.03024 15.80403 7.97727 12.97174 14.04917 20.78399 7.14763 20.29382 15.14197 30.36814 23.41104 27.45262 14.24257 12.37338 29.73198 15.1638 23.1992 32.7767 26.41266 22.19029 19.62066 18.61676 31.46486 9.18349 22.52655 7.55767 13.04429 0.0 19.42495 0.0 17.62831 
1000.0 0.14941 0.08912 0.08789 0.0 0.15153 0.04631 0.09856 0.07605 0.13088 0.13846 0.1406 0.0 0.07581 0.16142 0.09004 0.05789 0.1162 0.09931 0.14737 13.26372 0.12807 0.06125 0.07857 0.05603 0.05925 0.10936 0.0524 0.10005 0.16046 0.05938 0.11517 0.05286 0.0739 0.04328 0.08993 0.13626 0.07041 0.11717 0.11918 0.11053 0.16091 0.08366 0.16152 0.08055 0.11935 0.05746 0.0 0.10971 0.0 0.14993 
1000.0 7.55299 16.57307 24.88008 0.0 23.96448 21.04938 29.55257 27.45666 14.60548 28.0035 29.50714 0.0 18.87992 21.47066 8.15443 18.11594 11.51074 26.80638 30.94748 0.0148 28.86858 30.50687 29.43826 27.65058 31.48319 8.1752 25.0346 27.46161 12.41153 27.47176 11.71662 20.05084 26.70602 14.20316 15.37367 30.45795 32.20331 13.28148 13.00771 32.72473 21.80755 13.194 27.79968 22.11396 22.97979 23.30154 0.0 17.3192 0.0 17.3976 
1000.0 19.11389 29.64891 11.861 0.0 11.48348 11.24049 13.53756 20.60022 22.00848 32.60592 8.32244 0.0 20.36007 10.71562 21.59267 21.74581 13.84705 17.24829 22.33065 0.0335 15.335 28.42477 18.56786 16.31292 11.33217 7.0164 22.59469 12.33839 16.50629 32.45279 29.44309 32.42855 29.45293 14.48014 18.56765 18.29189 25.47633 6.67779 21.01847 7.28235 23.4424 32.49773 31.93441 11.19346 18.94755 24.65883 0.0 27.25801 0.0 19.95233 
1000.0 9.00196 10.97462 21.10823 0.0 17.75716 17.42082 30.07023 13.63485 19.79183 15.09228 7.92782 0.0 18.18732 22.36181 20.51509 27.76075 26.85707 20.84238 17.0309 0.02845 22.26746 30.73914 26.49271 20.80937 12.38782 25.12913 8.88268 14.79511 21.91835 29.0129 30.30518 24.20468 6.89543 15.76452 7.73721 19.93336 21.98606 16.14788 32.80071 16.20385 10.11889 21.84762 21.64506 32.32357 23.2246 17.93442 0.0 29.44887 0.0 28.95473 
1000.0 24.20735 21.90651 12.49088 0.0 12.60552 22.20644 15.71695 17.19307 16.65872 25.22519 11.97359 0.0 14.76124 12.79551 11.6521 13.53037 9.26412 22.57582 21.91455 0.02886 19.94657 16.05587 10.21101 25.79686 32.40826 24.0064 22.15585 9.15705 20.10824 7.35971 27.08019 32.42632 23.92734 12.93106 21.63553 20.57909 15.475 12.17242 7.13641 27.39953 8.80532 19.66208 32.0626 15.49781 28.78837 20.61492 0.0 16.25707 0.0 18.76673 
1000.0 26.72586 24.098 16.09206 0.0 11.6096 24.2234 9.55043 32.57411 20.70165 21.04422 12.32972 0.0 31.97386 21.4895 24.96237 32.94069 15.17102 27.63686 13.42358 0.01013 11.74283 17.02636 31.97552 12.5457 10.84124 18.11752 8.83526 8.49979 12.94228 24.09554 11.43997 26.74251 15.8852 9.74783 10.10234 19.01781 27.43885 20.81499 25.88691 11.02473 17.32398 27.76482 27.43119 10.87973 27.69043 23.18792 0.0 29.21304 0.0 12.86866 
1000.0 25.30623 6.73009 12.35768 0.0 14.97117 15.0091 19.68408 14.10044 22.08508 29.6228 7.58766 0.0 13.07015 17.68036 12.77647 8.37274 31.51955 22.32834 12.90229 0.01169 23.58105 18.80549 30.68194 9.14695 13.64052 16.34412 26.47776 30.8388 28.56052 28.52692 21.70039 24.65859 8.4049 18.89827 31.49078 14.25272 15.47092 19.28202 7.73104 22.09121 19.43375 13.0037 15.51792 17.68267 7.36566 29.93173 0.0 19.91356 0.0 14.41001 
1000.0 21.23078 28.67261 16.68858 0.0 17.20462 18.81522 13.65491 19.24136 16.88907 12.16458 26.64796 0.0 8.84241 22.62679 25.31114 20.62354 8.41618 16.76954 16.55789 0.03384 31.42658 11.82507 32.01971 11.46196 8.83458 10.953 7.0703 26.45221 21.23064 12.37344 11.72923 25.19146 15.29624 13.38132 12.58223 32.18152 18.8655 21.19607 6.65119 19.88908 25.90767 6.8484 19.75844 10.19147 12.76237 32.29777 0.0 30.54186 0.0 15.75513 
1000.0 23.06498 31.78175 27.54435 0.0 27.90009 10.89465 27.81357 21.02219 22.03062 20.64158 24.28835 0.0 14.01068 22.03242 17.09753 14.60807 24.26875 17.69506 12.90917 0.03845 16.71838 10.93608 9.44812 28.67692 9.59386 21.64043 14.44718 13.63906 32.12332 10.59938 16.17201 23.35038 17.92942 23.26735 19.75816 15.46539 14.68126 22.39757 32.72788 10.74968 14.21683 22.7234 31.63724 24.05593 26.2842 18.7898 0.0 24.23932 0.0 28.5559 
1000.0 20.51406 13.08436 15.57777 0.0 7.09583 21.57327 17.45376 10.84157 9.94564 9.56151 7.04206 0.0 14.22643 9.92767 31.60209 28.69556 27.73771 7.1615 10.45263 0.03986 7.09508 30.00143 18.97808 17.05923 31.69223 21.81563 11.12772 10.63483 16.48491 16.19482 10.00466 27.59261 25.99965 18.28896 26.22738 10.15615 9.74452 26.18673 26.91778 12.70924 29.14013 30.14537 13.20525 27.42852 10.33367 31.73377 0.0 27.5005 0.0 26.13477 
1000.0 23.26978 18.58477 30.30474 0.0 21.07268 17.31164 10.38327 17.00368 24.8373 15.39807 31.68526 0.0 7.29529 7.18283 18.66156 9.26987 23.30702 12.94137 20.63787 0.01271 23.60272 29.05391 9.25834 16.15821 16.04787 8.87553 21.555 28.32313 27.39935 21.00301 17.75216 20.18961 24.48352 20.29438 32.73508 17.20496 20.26146 13.05935 13.41324 9.13579 26.8146 20.31624 11.55682 13.22307 9.02445 18.11815 0.0 21.83819 0.0 7.9185 
1000.0 21.68056 17.41154 19.53262 0.0 32.41502 27.7706 20.71474 30.55991 16.464 23.36573 18.27676 0.0 19.79868 13.12958 7.78945 10.44247 7.20064 8.78572 28.98638 0.00947 8.24846 15.11785 32.75212 28.02266 10.71002 28.94841 13.61653 23.10537 23.16332 14.93401 13.43168 26.47636 30.13758 10.94753 25.45371 27.10598 17.70428 30.52879 15.12682 7.90448 19.68621 27.08482 12.57177 31.51376 23.90423 20.59057 0.0 28.35515 0.0 16.37933 
1000.0 9.19576 13.27571 9.18651 0.0 22.41493 12.59547 30.921 15.12498 11.44022 11.79617 26.51203 0.0 13.4352 21.04066 21.26287 27.73515 8.36164 30.13973 26.77082 0.01998 11.89513 25.21468 17.86696 15.59599 14.40608 32.3196 28.14224 28.24845 15.85936 18.78983 31.69686 29.22653 29.55319 15.15815 19.69685 20.1664 17.79533 19.17138 10.10396 14.21836 23.78601 23.87588 25.18433 19.92154 28.88198 27.63402 0.0 29.31544 0.0 12.24728 
1000.0 23.07132 18.91974 30.7472 0.0 7.12755 30.11525 26.5632 24.66425 7.2233 26.22083 8.4648 0.0 32.62148 7.04728 31.32457 20.61322 16.73837 14.92938 24.66607 0.01098 20.61614 12.08619 10.80689 22.12266 31.91033 24.79176 28.01595 15.295 30.97458 10.36101 17.86345 27.04249 13.2256 15.44817 32.05767 25.19465 29.06426 11.57523 19.44569 9.48163 7.55981 21.12066 24.44374 28.51267 8.34791 31.52451 0.0 31.07463 0.0 9.13514 
1000.0 23.48488 13.08078 15.56942 0.0 26.32974 26.29978 11.04777 27.89741 30.22326 9.79721 14.56966 0.0 7.21366 26.48708 20.23579 29.44921 20.51152 13.40921 10.26801 0.03742 15.79765 29.02897 32.01132 7.94227 31.88923 29.19431 29.70818 22.79326 10.62556 12.0681 30.27743 12.03754 22.03919 7.73645 27.15456 12.79131 15.44253 30.91936 12.60859 15.59786 23.12875 18.05805 12.88369 17.63605 27.47694 17.01437 0.0 13.542 0.0 13.63689 
1000.0 8.11451 16.74397 24.42021 0.0 19.35911 29.76812 23.69082 25.64332 13.18402 23.53392 20.33589 0.0 22.78734 13.03158 24.94589 29.60062 14.38313 11.86758 32.37127 0.01699 23.35686 28.42507 23.90842 30.73841 12.60604 7.06344 11.49562 14.97483 22.37271 29.84103 30.66946 16.45644 25.8591 24.63549 17.83428 30.40978 15.64458 30.45741 31.82965 11.36693 11.41515 31.53748 23.51369 14.6364 27.49726 19.37999 0.0 23.03573 0.0 32.16585 
1000.0 11.05711 17.72765 30.88448 0.0 23.0165 27.48842 17.90951 14.59504 14.96979 19.57728 19.85931 0.0 18.60396 21.35934 9.67478 21.78699 8.55848 29.02934 30.77651 0.01259 26.74198 15.88165 13.44056 23.19692 10.08739 19.53952 14.01395 6.62268 11.59928 11.87344 19.5147 32.35514 20.37862 24.26288 32.57749 17.00826 14.21177 28.55168 17.89947 7.55509 26.68269 22.63294 30.89492 29.58867 25.38244 9.97167 0.0 18.07251 0.0 29.95473 
1000.0 30.02654 14.03461 11.72891 0.0 21.90931 20.64019 30.08171 22.10885 16.78695 20.39522 14.47499 0.0 11.273 8.21528 32.73742 14.34153 26.22311 27.99978 16.10749 0.0142 8.72298 30.27092 15.31423 21.88077 10.78458 25.50993 29.20802 27.32106 32.84246 18.47476 16.89082 31.11232 27.77988 19.76296 13.12547 22.21897 18.15719 21.25161 20.92712 32.4446 31.27108 16.03736 28.80922 15.20303 29.24033 13.5184 0.0 9.05793 0.0 10.81782 
1000.0 10.07942 9.59952 15.42448 0.0 8.94456 25.26928 24.1125 13.04507 22.4621 30.40402 22.67732 0.0 11.83143 21.40151 13.86186 30.10142 18.07454 19.13753 30.57046 0.0345 11.3862 20.62476 10.06725 8.31316 17.43949 11.49999 8.23478 25.37277 9.27759 29.594 12.10675 24.83295 11.79639 17.16363 6.876 15.03835 32.51579 22.48094 28.4205 21.66494 26.69283 7.16329 23.44418 30.2204 14.30702 13.70049 0.0 30.56624 0.0 10.27375 
1000.0 20.82788 26.67393 20.09375 0.0 18.88921 23.67238 22.19079 22.50468 10.86919 9.25647 18.71994 0.0 32.07962 14.21807 30.22764 28.74843 7.82262 15.23233 24.99724 0.01648 27.04251 24.97955 19.43115 7.45946 18.79219 22.51405 12.58485 10.994 31.14499 11.19017 31.99687 18.78682 7.3978 30.47786 25.65534 21.09271 27.97559 7.3042 8.08669 22.83509 24.57529 25.64045 7.66044 28.86036 30.6043 29.62403 0.0 26.17791 0.0 32.65337 
1000.0 27.87064 12.68081 13.55007 0.0 24.6927 11.85199 18.16551 29.09543 27.24022 16.13881 9.58327 0.0 31.85283 9.37781 22.8072 23.58103 9.62364 11.74673 6.96987 0.01208 21.12097 15.87417 15.2695 13.08285 12.21316 15.07988 16.723 21.19779 17.68293 19.88791 22.58961 7.0772 29.70303 27.76957 14.30659 13.97882 10.33548 18.21673 30.22304 30.40552 13.03977 31.28313 9.75867 13.21841 15.14534 23.6358 0.0 22.37788 0.0 30.66722 
1000.0 13.02273 7.86171 12.72433 0.0 18.70458 31.14505 29.08444 14.20498 12.4625 26.37994 19.0052 0.0 19.81933 28.19222 22.99784 7.74695 21.71385 31.55593 32.44622 0.0375 18.0949 7.21166 15.99785 19.69763 11.22103 16.37352 27.80165 14.7133 25.26056 28.63112 30.07976 18.44235 15.91574 11.44738 18.579 21.65608 13.05716 20.46786 28.03375 23.25029 32.46014 10.45195 26.7513 15.14271 13.83585 28.07787 0.0 16.37227 0.0 31.71593 
1000.0 20.16079 14.53122 30.45867 0.0 14.73896 27.95538 18.48528 32.86334 20.75665 18.33525 12.23265 0.0 19.17214 21.71739 23.13904 10.02101 18.8717 30.81164 28.79786 0.01094 7.72802 17.6403 24.50088 12.77619 24.78533 20.55571 13.93072 6.79859 7.92292 31.43929 19.06436 14.79912 11.38175 24.40253 17.43969 22.6742 13.59384 32.53977 6.74296 28.17455 27.24328 24.18155 21.65459 13.69799 14.0905 31.92307 0.0 26.80815 0.0 8.1614 
1000.0 32.01237 32.6611 15.18729 0.0 10.99955 20.36657 28.25269 28.35847 16.4245 15.15246 17.61519 0.0 11.9992 10.53479 20.77859 10.56432 17.2931 29.05078 31.4888 0.02752 8.3068 12.46996 11.4194 27.79217 17.45397 22.58918 17.42409 25.256 10.96958 27.58992 26.13611 14.70311 22.33601 20.66947 19.22153 16.96483 6.86792 28.87078 8.26037 11.20021 19.51834 30.59924 15.98884 12.90925 31.38906 20.92554 0.0 21.48843 0.0 7.86247 
1000.0 30.80662 25.45121 21.23313 0.0 7.02297 21.42649 24.99151 20.09256 15.34216 31.6922 23.54969 0.0 14.02134 13.16065 7.5976 9.74366 29.78011 31.8033 27.86927 0.02949 20.73376 27.19595 21.49186 26.76229 10.89973 12.89141 8.27233 20.1819 32.57306 18.10988 16.49077 12.43886 24.39052 15.82986 18.34247 14.4543 25.12638 10.04853 32.89911 15.09677 20.75809 17.95146 26.15195 24.55475 9.38058 21.48964 0.0 25.83318 0.0 32.70341 
1000.0 9.39816 24.1664 30.68143 0.0 27.64127 21.90051 16.35108 16.38229 14.73839 30.5297 22.33485 0.0 11.43418 26.54925 10.22727 14.67934 29.49069 12.72928 14.24001 0.02027 32.73756 21.12957 21.56245 9.47889 12.47234 18.53507 28.65363 32.16611 9.43968 28.5186 23.78575 26.91435 12.28817 24.23014 26.72938 11.08335 15.83021 9.10118 25.09873 12.64349 21.11034 18.00744 9.69523 10.72987 25.51361 24.62685 0.0 9.79544 0.0 10.60598 
1000.0 20.287 30.69275 20.20444 0.0 26.76033 9.55242 30.34153 31.15277 27.06091 11.44272 31.70733 0.0 11.62575 12.80256 18.64462 27.1808 10.80588 16.50061 9.30032 0.03715 13.04865 31.9557 11.64591 30.2613 16.01807 28.17378 31.77487 9.79216 30.24048 8.77227 10.28286 31.78796 27.20742 16.99275 12.75261 31.3612 25.90961 31.37804 9.69092 9.04427 16.1635 25.17962 16.64805 28.23464 13.91782 21.01566 0.0 31.0221 0.0 22.24184 
1000.0 0.0 0.0 0.0 30.76386 0.0 0.0 0.0 0.0 0.0 0.0 0.0 10.5369 0.0 0.0 0.0 0.0 0.0 0.0 0.0 0.0 0.0 0.0 0.0 0.0 0.0 0.0 0.0 0.0 0.0 0.0 0.0 0.0 0.0 0.0 0.0 0.0 0.0 0.0 0.0 0.0 0.0 0.0 0.0 0.0 0.0 0.0 17.55821 0.0 26.92704 0.0 
1000.0 7.35031 7.8145 18.56818 0.0 7.76234 15.25613 32.94168 8.09739 28.13077 13.0034 18.71646 0.0 31.79782 31.8062 14.77767 12.25728 27.86477 29.2252 8.64778 0.00858 17.47218 16.39936 29.54167 25.57536 23.0757 23.87373 27.02753 11.86565 10.82641 18.631 18.52693 15.59464 14.8383 21.51097 14.3873 16.18706 18.50961 7.9621 20.54628 32.88447 22.27548 21.9361 29.8941 26.27929 12.25389 7.53554 0.0 17.19328 0.0 16.93741 
1000.0 0.0 0.0 0.0 32.77175 0.0 0.0 0.0 0.0 0.0 0.0 0.0 23.55456 0.0 0.0 0.0 0.0 0.0 0.0 0.0 0.0 0.0 0.0 0.0 0.0 0.0 0.0 0.0 0.0 0.0 0.0 0.0 0.0 0.0 0.0 0.0 0.0 0.0 0.0 0.0 0.0 0.0 0.0 0.0 0.0 0.0 0.0 9.17003 0.0 27.47265 0.0 
1000.0 25.65591 24.45611 30.15634 0.0 29.89784 17.41881 23.25141 19.49164 6.76716 29.82718 25.72513 0.0 29.21711 21.31036 27.10443 28.66691 16.91136 13.98926 10.85156 0.02453 10.37548 16.84066 29.54416 11.13357 24.3181 31.47388 13.42399 32.58803 25.56644 30.73792 20.67098 32.51193 19.93867 13.42014 7.55957 19.73559 15.7768 17.27872 26.32012 22.5291 25.37424 25.24098 16.66295 28.44352 15.83833 14.87067 0.0 8.43288 0.0 31.97905 
