1000.0 1000.0 1000.0 1000.0 1000.0 1000.0 1000.0 1000.0 1000.0 1000.0 1000.0 1000.0 1000.0 1000.0 1000.0 1000.0 1000.0 1000.0 1000.0 1000.0 1000.0 1000.0 1000.0 1000.0 1000.0 1000.0 1000.0 1000.0 1000.0 1000.0 1000.0 1000.0 1000.0 1000.0 1000.0 1000.0 1000.0 1000.0 1000.0 1000.0 1000.0 1000.0 1000.0 1000.0 1000.0 1000.0 1000.0 1000.0 1000.0 1000.0 1000.0 
1000.0 22.53991 15.81818 29.4397 0.0 27.26518 17.57013 9.13162 12.41848 11.318 20.87112 22.7358 0.0 18.949 32.51561 32.24347 15.63631 20.16768 22.20908 34.69865 0.02416 20.35112 13.48731 13.93399 10.95535 11.16115 31.17097 7.24304 27.65519 22.00669 23.60607 21.17783 9.29703 14.84835 11.1704 11.42496 25.68454 10.3969 20.85775 31.5629 29.27105 25.51972 20.7239 19.51503 23.40283 10.59698 29.36124 0.0 18.10851 0.0 23.04388 
1000.0 33.07751 18.95473 12.32775 0.0 21.46678 22.56282 15.37141 16.017 28.41289 18.89282 29.08926 0.0 20.01664 12.80985 11.72572 33.91852 33.47305 25.60164 35.60752 0.01527 11.53359 14.48131 35.95599 19.08992 15.29482 34.62482 19.41794 25.1041 12.43378 15.99335 20.95024 32.52942 33.46789 8.42045 13.81434 21.64595 20.6155 11.68155 28.7344 26.20459 14.51308 23.67225 15.55962 16.7819 10.39766 23.18495 0.0 14.55312 0.0 17.51996 
1000.0 20.53657 24.87635 24.37907 0.0 13.14259 24.2136 14.03696 27.95436 30.66594 27.52405 7.98409 0.0 22.29272 12.57911 12.76751 9.70151 35.24566 18.71994 20.70872 0.0236 22.69015 12.21753 11.92775 7.46679 24.54828 10.47364 33.10316 26.16663 17.20459 7.56361 11.23193 16.46198 9.44475 24.05373 32.2225 17.5553 11.91979 35.48789 24.42005 32.65494 9.15855 18.9789 10.36072 15.31682 17.20974 35.93789 0.0 29.74172 0.0 20.66626 
1000.0 0.0 0.0 0.0 12.65863 0.0 0.0 0.0 0.0 0.0 0.0 0.0 23.37608 0.0 0.0 0.0 0.0 0.0 0.0 0.0 0.0 0.0 0.0 0.0 0.0 0.0 0.0 0.0 0.0 0.0 0.0 0.0 0.0 0.0 0.0 0.0 0.0 0.0 0.0 0.0 0.0 0.0 0.0 0.0 0.0 0.0 0.0 9.29922 0.0 28.54556 0.0 
1000.0 35.81361 11.74328 34.14122 0.0 10.85202 14.63311 22.59404 32.5381 30.391 24.77288 23.82825 0.0 15.53783 31.93661 15.94664 17.23241 34.25534 23.57683 15.27221 0.01831 23.07899 26.01759 34.51708 23.92786 15.96002 14.68692 8.81994 10.94598 31.19515 13.4225 29.85386 12.18871 9.30932 10.97111 10.36724 26.57469 18.4406 32.15174 11.70316 14.1997 8.85431 30.71833 35.61421 34.1322 34.06432 9.24061 0.0 11.32353 0.0 36.05565 
1000.0 14.31979 17.68916 34.75255 0.0 21.20738 34.7629 14.79996 31.14464 31.32308 32.36896 12.19219 0.0 21.50834 14.288 19.52442 23.01373 34.66902 22.43141 22.59072 0.02845 20.40277 29.7984 10.24568 28.27598 14.76284 29.93783 28.31029 15.82152 21.36772 13.27219 31.6737 9.16546 14.75507 34.77147 15.60759 19.71486 23.22623 13.37225 16.00707 14.48569 20.04574 14.61216 30.23484 29.4544 34.04995 27.97097 0.0 14.27691 0.0 13.86696 
1000.0 30.93836 29.38539 14.34516 0.0 14.4472 8.00987 18.76931 17.88538 18.08849 26.52415 27.39998 0.0 27.84432 16.39516 28.11523 25.40457 22.70133 33.43253 26.19026 0.01413 16.11429 34.69768 12.2203 20.76634 28.66327 16.03328 10.78417 32.2175 23.74542 23.57289 15.54292 14.91146 14.15663 20.87216 27.88591 29.59594 13.17393 33.55147 31.11767 9.43491 27.22634 28.04077 25.99328 33.51258 31.06896 15.9451 0.0 11.45043 0.0 27.05686 
1000.0 7.59148 13.9177 20.46322 0.0 14.45066 22.55055 19.80013 16.41781 13.9542 7.4399 16.10263 0.0 27.54963 32.44212 12.19765 13.52339 17.07423 10.43679 17.4129 0.01166 18.14543 28.49153 18.94883 26.21122 23.8053 19.91488 23.82122 10.48387 30.23679 28.88157 12.02043 31.71406 33.48711 30.52415 34.33474 24.72997 25.40613 35.75262 18.05836 16.70247 21.88318 35.79523 11.39364 24.43957 34.04927 31.27961 0.0 25.65401 0.0 30.71488 
1000.0 19.95745 22.70623 30.27204 0.0 10.93517 26.92455 14.11225 33.29072 29.23699 30.66694 32.38415 0.0 14.92512 35.96639 26.7338 26.62475 7.9784 19.26826 12.72489 0.03628 7.66777 32.37649 32.76841 21.65597 28.62922 16.08917 21.92897 8.8833 15.94484 22.35311 24.98089 11.88727 34.8345 31.92678 8.43898 14.62137 27.21799 20.77997 20.62961 28.33068 9.62176 28.95975 11.27894 10.30788 31.06543 7.82562 0.0 24.79274 0.0 33.45624 
1000.0 7.69289 16.65867 32.80279 0.0 24.90948 22.11792 17.08263 11.39647 17.30534 22.96691 7.86305 0.0 21.0381 17.02313 11.94261 20.02167 29.27646 8.90501 25.61082 0.03669 21.55623 26.81557 36.17546 24.3426 7.7765 7.47419 34.33326 27.15263 24.01171 22.38475 30.08165 24.08999 15.63389 24.00542 14.62833 22.63782 21.16933 12.04196 27.9877 23.78278 24.06161 10.44958 35.0848 27.85981 33.43551 12.23895 0.0 15.31996 0.0 31.47034 
1000.0 13.87376 31.20735 7.2994 0.0 31.04078 14.31279 23.40437 8.26583 33.94699 19.05792 33.74683 0.0 23.77696 27.42915 30.06375 14.0233 11.90304 11.90726 23.61958 0.0314 24.00776 35.95535 34.30151 15.21843 24.45623 9.73211 19.41026 17.04703 21.94115 23.25135 29.18801 23.60089 17.69945 26.2918 34.18106 31.09262 33.70073 27.47284 25.42637 13.5432 25.7756 16.32169 22.45832 27.30017 19.778 22.73732 0.0 26.20654 0.0 14.82446 
1000.0 0.0 0.0 0.0 7.70048 0.0 0.0 0.0 0.0 0.0 0.0 0.0 34.42245 0.0 0.0 0.0 0.0 0.0 0.0 0.0 0.0 0.0 0.0 0.0 0.0 0.0 0.0 0.0 0.0 0.0 0.0 0.0 0.0 0.0 0.0 0.0 0.0 0.0 0.0 0.0 0.0 0.0 0.0 0.0 0.0 0.0 0.0 33.31194 0.0 35.78277 0.0 
1000.0 28.48148 17.72503 13.87279 0.0 19.73944 18.73895 16.33811 17.19482 26.64589 35.68681 14.48695 0.0 10.5787 24.84979 12.21482 18.29428 25.62537 25.60353 31.69039 0.03116 34.86177 32.9611 22.26469 30.7197 10.29739 15.79116 33.53598 27.90487 19.21209 18.30692 26.50399 11.67217 15.21081 13.769 7.51001 29.07746 34.42254 16.62553 21.23738 28.26313 33.5367 33.56637 21.49412 34.9731 16.11957 18.74171 0.0 25.78709 0.0 28.13353 
1000.0 25.18481 30.5075 26.26532 0.0 26.22463 31.78854 14.43025 19.18559 7.61387 22.593 11.24801 0.0 29.01326 20.98329 17.59935 7.35217 22.90039 31.39562 14.73146 0.0325 12.93674 26.89807 35.50241 31.59711 33.50463 14.70264 28.29923 20.50165 15.05489 23.57908 29.58691 21.84673 16.30056 25.52248 12.76614 30.74318 20.78827 23.42721 20.91231 15.46112 34.35377 21.59073 21.19029 21.84304 20.49326 20.36729 0.0 31.0522 0.0 29.64617 
1000.0 27.03687 26.75744 7.39989 0.0 14.68229 14.00002 15.64072 21.73729 20.91238 20.91197 22.73821 0.0 15.81357 18.88963 19.68591 23.58777 23.2408 12.08467 8.15111 0.01826 14.42744 17.33043 29.32589 31.32014 21.19401 22.14825 34.6115 22.92871 25.78707 31.88592 35.12624 9.13958 7.48695 13.4807 14.23642 12.52395 15.98818 25.97085 20.11676 11.41001 17.96566 22.07635 28.60706 30.16399 19.95045 11.96917 0.0 15.74776 0.0 16.57461 
1000.0 28.49283 26.10547 16.78811 0.0 18.74092 17.37652 10.58172 10.63013 34.84626 19.57465 30.91734 0.0 7.81598 9.33128 20.9012 10.58707 26.37168 25.10891 11.54619 0.03317 18.37211 34.93803 14.29241 26.33514 12.71528 12.79551 29.49426 9.49237 29.88135 35.85933 22.99505 25.24233 23.27513 14.33918 24.67486 32.78982 22.69345 35.49014 24.42803 25.74403 29.40674 23.84805 8.32098 21.92574 10.72236 16.54899 0.0 35.61651 0.0 28.03832 
1000.0 14.97648 31.50381 28.38936 0.0 22.45806 21.46876 13.33511 31.43041 11.89953 24.29209 24.55065 0.0 20.7577 27.17936 29.05034 9.9656 16.85789 21.6075 26.30004 0.03605 28.35045 13.44368 9.28953 11.04022 10.84812 22.78849 22.86876 35.55761 29.80841 24.80375 27.6649 25.28169 12.7838 26.08398 10.21738 28.63229 17.65716 11.17544 32.36354 27.24989 8.46778 11.24417 29.57755 18.74913 20.59828 10.77914 0.0 13.25265 0.0 13.19192 
1000.0 12.34802 27.76537 35.43442 0.0 9.70449 33.96207 34.49802 34.06338 32.54819 8.2504 33.13443 0.0 18.56496 26.43341 18.05043 27.91117 25.30579 29.71357 34.29619 0.02236 9.59982 21.09602 11.16723 10.70091 35.65178 11.57282 25.97544 35.95619 13.89636 14.69866 28.84006 17.49943 12.48329 8.33355 20.7777 35.06889 8.53303 18.99825 11.42194 22.91845 16.37567 33.89504 15.6145 13.48242 12.29724 23.96195 0.0 16.65066 0.0 33.9887 
1000.0 21.2859 10.55453 16.15239 0.0 17.75909 17.61077 17.82726 25.99198 25.96166 16.72685 7.60217 0.0 32.94975 30.51763 32.34753 13.42874 34.16125 34.33657 34.27808 0.01944 26.08159 24.33761 19.85578 9.24939 34.71127 9.03474 34.07372 34.70516 19.78831 12.02613 20.93882 9.63964 7.52002 12.8743 14.78175 23.1561 33.69145 35.54972 9.20566 21.12234 20.20109 12.4198 23.09205 25.25916 35.85414 22.22772 0.0 9.40612 0.0 29.65885 
1000.0 0.1199 0.06658 0.08571 0.0 0.14393 0.06413 0.1031 0.10193 0.08078 0.08253 0.10191 0.0 0.09737 0.14987 0.06663 0.13872 0.09971 0.09561 0.13091 16.92753 0.12519 0.08467 0.07631 0.09496 0.08727 0.15062 0.04574 0.06974 0.06207 0.11664 0.07679 0.09244 0.15966 0.08463 0.07844 0.05008 0.10382 0.13991 0.14964 0.15168 0.07353 0.05963 0.15262 0.1055 0.12815 0.14585 0.0 0.08978 0.0 0.06393 
1000.0 32.28983 28.465 10.55706 0.0 26.79844 10.71368 19.62836 9.05029 29.31068 30.08693 20.99072 0.0 12.93102 20.54514 25.6946 25.57153 18.71048 33.15411 35.28513 0.03401 17.49647 19.85361 35.83724 12.18931 35.05306 17.6806 31.24069 20.00976 34.83394 23.65129 16.23738 31.4773 11.11616 17.24142 29.62727 13.29569 15.46679 32.32448 18.51323 9.00278 13.1906 13.91829 13.08475 9.65381 26.25295 31.25988 0.0 12.6957 0.0 15.75102 
1000.0 12.33186 15.31669 28.35162 0.0 16.37999 28.98256 20.18757 21.07826 34.23942 11.06696 18.45585 0.0 30.52294 23.69493 28.13664 30.70609 32.32763 25.5389 21.27263 0.01209 26.29796 29.43412 23.20676 30.00452 24.40864 16.15817 26.50999 35.92705 14.57147 16.07387 16.58106 26.63974 31.99509 15.81923 15.40314 26.79171 20.35682 7.67282 8.24449 14.05956 9.43335 30.78013 9.87105 29.57854 28.45789 9.34773 0.0 8.61362 0.0 25.68015 
1000.0 30.39718 34.04294 19.19176 0.0 18.33201 24.24631 22.26668 35.90875 18.3849 25.16728 23.04627 0.0 30.81349 8.2783 10.82786 18.85774 9.77659 7.69671 31.27591 0.03474 33.73802 32.30944 27.67887 33.64715 16.4909 7.34381 8.52197 35.61221 33.80159 29.5411 30.70552 13.73269 11.66572 32.64683 13.89939 28.32264 11.77381 15.87155 20.72771 27.85068 34.54085 35.13843 12.32269 8.62707 9.97392 8.51929 0.0 15.19601 0.0 30.67039 
1000.0 23.45748 15.619 19.37334 0.0 15.09248 13.62857 34.86228 11.60148 25.80092 34.89366 10.10216 0.0 35.68325 22.116 24.01895 13.70196 15.33387 22.28608 26.20168 0.02454 17.25811 13.66011 26.21355 28.927 26.22367 10.96697 18.75988 12.53149 29.25355 8.62312 28.00898 8.40384 10.57894 22.13104 22.28647 24.75984 28.11245 29.5746 29.125 21.20788 16.79716 21.08011 17.224 16.13704 9.37643 22.66581 0.0 11.50942 0.0 21.34565 
1000.0 9.57397 24.61756 32.38883 0.0 18.84363 26.55625 19.21155 34.63899 31.41553 8.4969 26.10018 0.0 22.28127 30.68952 28.31055 21.9065 7.41257 7.58659 23.46738 0.03263 16.30894 28.30016 7.73573 10.74146 16.83521 32.16952 12.92543 32.07202 13.13853 16.1351 12.67463 27.28379 15.86969 33.11166 26.35652 22.9852 24.18536 34.94172 23.40723 31.51467 33.56033 31.303 17.22341 27.07936 10.12077 30.76769 0.0 25.05575 0.0 32.86982 
1000.0 8.56925 19.19499 16.18108 0.0 31.41453 20.11334 15.22782 19.58348 35.33321 15.74554 17.96143 0.0 20.30953 31.66099 24.32794 20.02163 21.48691 27.11882 8.9504 0.03461 25.16318 12.01088 16.01738 10.57344 17.87355 19.18003 16.27348 22.5121 22.10198 18.27279 13.87074 8.42047 10.16041 9.82235 28.81249 11.56904 32.4456 10.41086 13.68658 28.10546 24.258 27.38617 31.82429 10.37163 9.71884 29.275 0.0 9.47493 0.0 23.21965 
1000.0 34.05591 26.28493 17.39924 0.0 18.14288 18.05169 33.22226 24.97124 27.90409 18.47339 8.25849 0.0 32.81194 24.04384 8.79937 15.15084 9.58242 33.87504 34.05412 0.04081 14.12469 9.48121 30.94893 30.90987 23.53085 23.00631 21.70159 23.12615 32.90626 20.54926 25.44202 17.93512 8.85214 35.70355 9.5218 30.52468 27.86651 24.77446 15.99843 15.67657 26.67624 17.43421 27.75776 21.55764 25.89899 25.56384 0.0 33.20988 0.0 12.53358 
1000.0 36.04857 18.19308 19.27968 0.0 18.44623 13.73676 14.85578 13.75738 9.86185 9.34635 8.18886 0.0 22.37916 11.76719 13.5677 20.98549 29.86157 15.08189 28.53803 0.02485 22.9631 35.80212 23.75457 20.51963 21.04078 18.21785 21.11926 33.03833 34.2125 19.88949 27.60522 13.34897 13.05046 24.12175 16.56609 8.74335 25.34539 28.75668 12.35982 8.33306 14.79015 20.45003 11.60958 27.71329 19.92056 30.131 0.0 26.78218 0.0 16.1496 
1000.0 33.55685 34.72561 32.69137 0.0 19.69679 35.9785 9.65881 29.79289 34.36646 28.92063 25.94018 0.0 20.96037 19.0664 27.81833 13.001 28.43199 17.42129 12.61014 0.03824 34.8434 8.11362 13.17297 12.76623 25.40207 12.70619 11.62511 32.17998 11.30147 33.15291 26.76505 30.04128 20.40152 23.33361 12.72107 22.71546 7.41941 9.93314 15.30719 8.32692 12.89315 14.40893 11.50906 7.93766 13.90743 8.47217 0.0 8.31949 0.0 13.13562 
1000.0 12.00099 15.75193 14.1472 0.0 20.29405 23.25706 27.60875 35.20218 27.1457 10.29703 16.74495 0.0 9.12631 9.24022 12.40172 30.51648 15.88399 19.01746 32.16321 0.01132 21.21697 21.64605 28.71552 11.52972 13.65897 10.75273 25.19938 11.00308 14.07758 14.70112 11.32324 11.80951 18.56491 14.7554 14.54185 10.59003 14.17321 10.62922 24.70465 11.42258 23.77849 23.04916 25.43242 26.59471 12.41767 18.88152 0.0 31.33439 0.0 20.58658 
1000.0 21.96867 16.94982 31.84097 0.0 26.41118 12.47776 27.09294 23.05122 22.41994 17.47037 25.87658 0.0 12.80989 29.11609 29.33984 12.42316 17.90494 28.71435 27.92078 0.02633 27.16335 35.49718 29.73445 10.90495 25.9374 7.28994 32.37503 25.62785 14.82038 32.07643 9.5535 29.00518 21.8197 32.05982 35.91511 30.3958 32.93337 27.5881 10.03227 23.82371 24.69297 24.67997 10.93322 12.31521 28.21352 28.04941 0.0 29.07284 0.0 22.74951 
1000.0 7.70029 9.54537 12.54247 0.0 21.28939 33.54311 9.13968 19.16467 25.92098 8.30636 13.77876 0.0 27.67482 36.12126 26.40658 19.44265 11.16114 32.14903 31.78749 0.01296 9.01912 12.96318 22.44433 13.86888 22.02037 24.89947 21.78355 20.14423 24.64583 7.30287 16.10786 23.47527 22.00062 8.57624 25.85021 13.12366 30.87407 16.24181 12.78969 23.51874 21.17498 32.11833 15.043 30.21766 20.11583 17.69611 0.0 9.49664 0.0 20.42321 
1000.0 16.63654 17.53377 22.5694 0.0 11.59538 29.18457 29.13657 10.2449 8.73232 31.2725 29.73118 0.0 32.88633 18.16712 10.25481 14.9812 13.19578 26.20223 33.8317 0.01887 31.7534 13.0752 35.61806 34.85588 31.24239 9.47917 17.74138 31.20102 14.35423 16.21857 29.9163 8.61247 20.26577 18.13222 10.61066 17.42092 24.94418 9.55753 20.0026 12.26553 13.84515 11.46104 22.2875 19.66975 15.39755 17.20391 0.0 24.70102 0.0 27.59982 
1000.0 27.26772 23.49621 7.2889 0.0 26.57415 16.35416 19.26691 20.45593 29.2041 26.15904 16.50943 0.0 15.68316 12.46268 29.98422 17.80849 27.37658 25.99711 23.85917 0.02386 35.85236 35.85297 13.13177 14.48553 7.35784 20.40824 10.58976 17.53803 11.88736 28.94935 9.01265 13.87098 30.36292 14.51391 31.34313 35.32662 34.77901 13.70825 15.13149 13.49405 15.89353 14.76959 13.37917 28.52152 32.2723 29.63177 0.0 21.17458 0.0 31.81866 
1000.0 32.36411 32.69913 34.35678 0.0 28.48476 10.69293 7.4601 33.77577 31.04278 8.80772 27.56911 0.0 32.79014 7.74184 14.13164 16.18467 18.57068 30.46201 13.73139 0.02714 10.27208 17.21313 33.50017 15.78424 28.7008 24.09527 29.87182 26.5143 34.55792 14.94163 31.24968 35.53791 20.94004 9.56351 32.1868 9.21857 14.81764 14.86538 33.37385 26.57736 18.98143 11.84148 35.40436 18.07958 12.15811 13.14562 0.0 21.95213 0.0 30.01583 
1000.0 12.05361 22.10257 12.65268 0.0 23.29661 32.70021 26.66914 33.02488 22.31671 33.96192 27.31839 0.0 8.80997 14.28965 13.5508 10.36889 22.52349 21.11055 20.77141 0.04239 9.31199 20.22639 13.53696 13.46866 16.77019 22.01591 14.82169 32.63443 13.33066 20.94382 33.94794 10.28705 31.8643 15.87684 7.69523 8.24606 24.56046 16.74482 18.03505 23.76866 21.89262 22.59925 20.42567 13.84642 18.20316 28.78052 0.0 13.48414 0.0 17.0839 
1000.0 24.23503 10.08967 12.41179 0.0 9.66311 8.39533 16.47145 11.91665 9.24431 15.40124 14.03676 0.0 11.58355 33.01414 7.64738 35.19115 18.72559 23.58761 7.81135 0.01444 24.2524 10.1235 25.34441 35.68739 29.051 25.21507 28.43425 19.5965 24.249 14.71672 22.57273 7.75396 31.51466 15.9938 27.64694 14.38917 24.81054 34.82266 28.44599 8.25677 29.08273 19.00153 21.87504 25.04505 29.48754 33.26636 0.0 35.07317 0.0 23.39299 
1000.0 11.53629 19.82629 29.80644 0.0 13.84883 26.61314 10.56428 13.58455 32.72266 35.61776 22.04919 0.0 36.16073 25.48731 7.97377 13.19138 12.83382 34.45987 12.07192 0.01187 7.73181 36.03559 11.38513 14.4613 11.37317 10.97513 23.62313 28.81727 9.23857 28.08971 14.94627 26.09419 7.26267 19.93041 19.91159 21.41763 25.81412 24.02943 25.65236 13.72574 9.06121 16.93316 25.58493 29.27193 20.69941 19.87391 0.0 8.40895 0.0 26.11291 
1000.0 30.90983 28.23316 9.11294 0.0 20.55161 11.956 32.44607 22.74684 34.30026 34.77287 29.39942 0.0 32.56504 14.25913 29.75599 12.98729 27.09375 23.50616 34.72002 0.02807 35.5648 17.81198 8.62263 27.22651 17.63899 30.92662 16.39234 19.71296 22.49444 32.57935 25.33944 18.13162 16.93388 24.15852 24.35002 18.36575 11.38749 25.92455 27.66095 31.68453 21.59003 28.93196 14.28107 27.35142 30.23528 35.442 0.0 30.30699 0.0 17.15486 
1000.0 17.53288 8.00334 21.66019 0.0 21.97287 8.35621 28.15418 34.23607 13.50343 19.50147 18.70725 0.0 27.72165 16.61713 11.6989 26.35138 9.74154 28.54704 18.93715 0.0249 15.25617 21.08743 11.69006 25.62159 12.07047 27.9387 32.94185 9.84487 7.39904 12.61247 23.63225 32.44506 29.2734 21.17399 22.24309 31.27941 29.564 27.43819 35.99 25.99658 23.35033 16.87068 8.98795 7.25778 11.50828 8.96448 0.0 25.32018 0.0 16.25761 
1000.0 15.97903 32.49551 33.09311 0.0 20.2639 9.18568 10.23873 29.34809 12.54684 10.15323 31.3988 0.0 11.11884 26.86491 35.02074 19.7647 30.94881 22.17147 29.37176 0.01419 12.69643 13.57964 20.74906 24.15418 28.50673 8.39764 18.93709 19.10325 21.42738 15.10388 27.35643 28.8211 35.07391 26.70565 29.68972 35.12339 28.3955 24.52743 23.1095 19.05166 36.09677 21.7251 19.1131 17.73547 26.19103 31.12958 0.0 27.90371 0.0 21.99657 
1000.0 10.80385 7.74673 26.8858 0.0 34.49824 14.58324 35.9972 25.74769 18.72521 12.93726 28.87264 0.0 28.17365 11.26355 18.59897 34.23576 19.54052 13.5833 31.09969 0.03336 9.11522 33.81543 14.39541 7.67854 7.98569 13.94532 12.11837 18.87598 24.00094 35.51602 29.2887 26.89592 33.69064 14.1019 18.66204 26.37156 11.7453 7.75493 22.57677 11.04338 16.50535 11.76517 27.16334 28.9264 29.54493 22.86653 0.0 20.20074 0.0 12.1534 
1000.0 11.21053 13.48512 19.09387 0.0 35.66491 11.73636 33.92883 29.02045 10.71634 24.60854 16.03934 0.0 23.81193 25.8741 35.57165 34.40733 24.65381 9.28523 21.81682 0.01085 19.92874 23.45332 26.33018 29.62285 30.48617 19.92475 25.64236 13.55864 34.52078 17.776 27.91818 31.49111 23.18967 31.36389 13.16782 25.93709 23.30573 17.23516 23.939 14.0413 25.20368 20.43265 21.06455 16.68889 31.82401 20.50046 0.0 15.60741 0.0 22.12171 
1000.0 18.84575 32.08678 23.54116 0.0 14.91213 8.56035 27.4467 31.03485 33.34364 23.01672 24.45944 0.0 24.99374 28.95096 26.26278 34.15142 13.44611 20.18618 29.57673 0.01821 31.86891 24.26397 20.60523 21.0767 31.83925 26.41555 23.99423 31.17465 23.0309 31.26355 21.87936 24.39047 30.8505 23.46457 11.95923 31.87471 34.49697 28.50785 34.67449 24.7664 24.00052 35.43998 23.98739 28.82861 34.81879 16.65911 0.0 23.4743 0.0 20.9966 
1000.0 32.38428 8.60119 8.61143 0.0 18.55462 15.98961 28.36577 31.98183 19.64416 25.04488 28.03249 0.0 29.89619 15.0296 14.06758 28.92676 27.90825 21.51271 31.20937 0.0217 22.32814 22.70774 35.09708 16.36129 28.93869 19.43154 33.14119 19.2993 18.34466 18.815 10.92673 27.58057 35.22065 24.88976 35.69142 14.7429 23.75892 21.17959 28.97023 23.08627 10.6524 28.42078 10.68524 16.60832 9.43119 32.86184 0.0 36.11182 0.0 26.31644 
1000.0 35.22062 23.99833 7.86028 0.0 21.69477 10.7994 14.37284 24.63314 23.81016 32.05631 7.71711 0.0 14.62756 9.83226 10.77689 9.37155 19.70704 9.6308 14.687 0.02091 20.15317 24.75018 25.18562 31.36586 7.60553 25.40122 28.62732 26.05326 14.70122 13.46949 27.76192 30.70935 30.26939 24.22924 16.35232 14.12041 23.37871 33.25577 29.13289 29.5826 28.91307 31.71501 24.65344 15.27596 26.1551 11.43898 0.0 25.95407 0.0 16.40529 
1000.0 0.0 0.0 0.0 19.49226 0.0 0.0 0.0 0.0 0.0 0.0 0.0 22.72637 0.0 0.0 0.0 0.0 0.0 0.0 0.0 0.0 0.0 0.0 0.0 0.0 0.0 0.0 0.0 0.0 0.0 0.0 0.0 0.0 0.0 0.0 0.0 0.0 0.0 0.0 0.0 0.0 0.0 0.0 0.0 0.0 0.0 0.0 31.62171 0.0 32.09062 0.0 
1000.0 7.30718 23.31211 33.20556 0.0 13.26197 26.25385 20.97646 10.21876 27.30345 20.53161 16.72696 0.0 15.35695 25.77189 8.39644 22.56093 14.74738 25.71973 29.165 0.03265 26.14195 26.36811 31.47416 35.96212 22.43824 11.60066 17.44292 29.04918 7.60776 24.38753 12.22415 35.43945 10.3841 24.26624 16.43197 18.20399 33.42561 27.77042 35.62462 28.71553 17.08687 26.96528 28.91332 23.91164 20.5336 14.23697 0.0 24.28472 0.0 15.08641 
1000.0 0.0 0.0 0.0 23.86613 0.0 0.0 0.0 0.0 0.0 0.0 0.0 19.94247 0.0 0.0 0.0 0.0 0.0 0.0 0.0 0.0 0.0 0.0 0.0 0.0 0.0 0.0 0.0 0.0 0.0 0.0 0.0 0.0 0.0 0.0 0.0 0.0 0.0 0.0 0.0 0.0 0.0 0.0 0.0 0.0 0.0 0.0 35.11285 0.0 17.74637 0.0 
1000.0 9.68561 15.1581 22.01457 0.0 22.19063 33.90738 8.91265 28.80216 27.75995 19.26567 16.48558 0.0 15.6552 32.04431 10.21632 16.54727 25.86686 31.57063 18.31679 0.01809 23.30793 21.35164 9.81863 7.29907 26.3208 35.61953 25.44319 16.14771 30.79931 15.47629 10.3072 29.47298 25.95535 10.01717 34.21243 31.45739 30.22135 26.82582 29.8365 22.21864 32.8163 27.05393 29.39349 24.37905 18.91191 9.15538 0.0 34.34769 0.0 26.96184 
