1000.0 1000.0 1000.0 1000.0 1000.0 1000.0 1000.0 1000.0 1000.0 1000.0 1000.0 1000.0 1000.0 1000.0 1000.0 1000.0 1000.0 1000.0 1000.0 1000.0 1000.0 1000.0 1000.0 1000.0 1000.0 1000.0 1000.0 1000.0 1000.0 1000.0 1000.0 1000.0 1000.0 1000.0 1000.0 1000.0 1000.0 1000.0 1000.0 1000.0 1000.0 1000.0 1000.0 1000.0 1000.0 1000.0 1000.0 1000.0 1000.0 1000.0 1000.0 
1000.0 20.16059 11.76498 10.5005 0.0 37.74273 20.68847 35.48776 36.60109 11.51331 11.30654 40.39574 0.0 37.19483 27.36819 20.36195 43.22398 32.25093 17.79395 33.7216 0.01942 37.78539 23.00522 15.31941 48.2659 20.48473 23.31788 10.99311 25.76378 17.21969 42.44066 24.12851 30.56939 22.30231 41.77142 15.93671 19.89229 15.0414 36.15085 47.34614 9.8795 29.16036 30.38305 46.51336 46.13332 49.03399 20.55523 0.0 13.68769 0.0 13.78597 
1000.0 26.90698 31.35089 35.26775 0.0 29.76958 42.97248 12.32071 20.63178 45.37246 11.64699 17.2069 0.0 45.03971 39.09809 24.84285 36.12397 10.03237 15.45199 48.83325 0.01698 17.47274 20.54793 45.2392 44.91075 21.24194 23.26211 27.33722 21.73487 41.6288 21.08579 39.57724 38.38561 41.25099 19.69263 22.04357 13.04543 28.89297 13.10047 43.89371 27.61396 45.61888 43.39291 46.34892 40.3461 20.00813 32.14384 0.0 28.70342 0.0 25.18302 
1000.0 41.41047 27.14631 10.71735 0.0 17.39496 20.70067 12.24482 36.96053 10.09958 39.32048 26.28021 0.0 11.41933 10.87634 17.84553 26.98809 23.04333 18.97066 23.16305 0.02933 26.07588 14.57232 42.67491 24.28399 19.26036 11.12233 11.57632 23.1372 20.79104 27.2011 35.27784 35.74528 30.59306 43.42641 15.0047 19.99899 41.99532 10.72312 19.9452 28.65001 37.78312 25.16363 42.21764 28.24741 17.56369 13.3961 0.0 34.56164 0.0 21.74824 
1000.0 0.0 0.0 0.0 14.66316 0.0 0.0 0.0 0.0 0.0 0.0 0.0 30.52486 0.0 0.0 0.0 0.0 0.0 0.0 0.0 0.0 0.0 0.0 0.0 0.0 0.0 0.0 0.0 0.0 0.0 0.0 0.0 0.0 0.0 0.0 0.0 0.0 0.0 0.0 0.0 0.0 0.0 0.0 0.0 0.0 0.0 0.0 39.43149 0.0 48.2668 0.0 
1000.0 26.47579 47.17715 27.86168 0.0 13.13245 14.39855 10.29235 45.13012 34.92846 39.95603 37.3651 0.0 22.82251 32.57833 28.3136 10.79748 29.69977 30.81346 34.39095 0.02157 18.0467 30.30966 16.32728 36.53637 19.83398 46.02618 24.08839 21.19024 42.89109 40.50212 16.06071 43.96011 37.78953 18.9853 35.97971 10.43776 10.03845 40.67966 26.70255 34.92967 10.8678 43.99023 18.46393 11.88581 44.5392 46.81383 0.0 40.18919 0.0 40.1107 
1000.0 43.97043 31.76047 31.47326 0.0 42.05038 47.302 10.79335 13.41079 39.30249 14.17921 44.91141 0.0 38.38387 25.43394 10.77001 38.36117 34.89297 31.96202 41.18817 0.01501 28.61985 36.59741 31.73533 31.69638 41.12652 16.4863 45.11116 32.57917 23.89312 40.85243 44.25223 48.27604 27.7037 24.40036 30.54323 40.3367 30.22083 13.13805 36.88748 23.89716 38.8459 24.43385 13.5307 10.92328 18.09148 16.6802 0.0 10.22296 0.0 36.61924 
1000.0 37.85337 46.55218 38.27996 0.0 18.05586 16.31464 34.49558 13.46069 40.07211 38.74282 12.56512 0.0 35.33896 11.79522 27.25964 28.21828 48.58738 18.91444 25.87341 0.03709 45.93331 32.56528 21.95786 43.62067 28.35164 29.60883 22.22405 14.74004 16.01449 33.06431 19.62034 29.00373 22.0151 34.90075 44.99896 19.81888 46.93723 48.32222 42.31152 30.9743 22.16142 21.16245 36.99601 25.11382 14.5912 26.04615 0.0 24.40205 0.0 46.99938 
1000.0 21.69208 22.82367 15.60526 0.0 11.34726 38.36207 29.92719 30.41981 18.83147 10.23302 26.90849 0.0 18.09452 33.44249 46.2058 41.61982 42.57382 13.33281 40.61148 0.02451 43.14537 25.41834 38.58606 24.8681 43.8393 31.51157 14.81966 33.95422 46.91505 48.66128 47.25843 46.07327 16.00991 29.37685 19.10725 44.3446 17.29868 39.37401 12.7891 18.85803 31.31586 9.86537 34.76588 21.34594 38.82527 19.44437 0.0 32.70559 0.0 42.14773 
1000.0 39.21446 24.61035 47.66243 0.0 43.77647 12.31481 46.55387 42.40713 17.90811 37.46483 31.42038 0.0 10.68045 29.00706 19.24814 31.72081 28.867 12.91067 44.52896 0.02125 42.83311 18.09213 38.46791 27.95337 33.33446 13.6094 38.70509 42.78918 35.97874 27.40541 32.13789 49.00888 21.30757 36.15097 16.82377 14.14908 39.49964 39.74736 11.14622 26.31894 19.88479 17.53024 29.49098 16.44769 11.71587 48.8052 0.0 44.30301 0.0 35.7559 
1000.0 44.86159 16.56103 16.69891 0.0 13.76674 23.69546 14.19268 13.45003 12.31187 22.60765 44.94903 0.0 35.32711 37.80799 37.29041 12.49669 20.01939 36.19112 28.47237 0.01155 40.92398 12.12224 34.6737 39.09029 16.25031 28.26807 42.67375 38.30843 27.40043 30.51599 38.20967 26.60578 47.53685 42.41685 41.56159 13.92904 32.4798 41.58099 28.15306 45.68748 21.7819 21.35107 44.26491 46.12933 33.54547 12.65111 0.0 35.15858 0.0 34.34252 
1000.0 19.28533 12.41303 36.92368 0.0 21.82667 43.1803 33.45444 13.76525 10.39605 23.48543 36.98958 0.0 33.46606 38.64469 23.36232 43.96155 10.31307 33.29743 35.33432 0.02031 29.47015 42.20919 47.91225 17.9912 40.38789 11.75726 23.10519 42.68296 31.25146 29.10334 27.33142 32.28995 38.48329 34.01678 41.76649 44.92891 39.60242 17.929 38.19869 10.89206 27.42937 12.17659 49.00141 47.85249 15.05745 36.38054 0.0 26.12121 0.0 26.00606 
1000.0 0.0 0.0 0.0 17.17685 0.0 0.0 0.0 0.0 0.0 0.0 0.0 13.19156 0.0 0.0 0.0 0.0 0.0 0.0 0.0 0.0 0.0 0.0 0.0 0.0 0.0 0.0 0.0 0.0 0.0 0.0 0.0 0.0 0.0 0.0 0.0 0.0 0.0 0.0 0.0 0.0 0.0 0.0 0.0 0.0 0.0 0.0 18.66831 0.0 35.68811 0.0 
1000.0 24.13888 21.19087 15.45673 0.0 10.41702 21.58913 37.37516 27.43052 42.02467 39.5235 14.45118 0.0 34.16426 40.19155 11.844 46.41523 25.33798 13.92751 48.07373 0.02425 41.6747 23.45221 19.65999 22.43662 35.12701 24.17 40.36008 21.29901 27.75034 44.35204 28.92201 33.70329 20.85902 28.06952 25.87308 44.15575 17.99479 35.7623 28.00163 26.18453 12.85958 47.16017 35.78298 17.86145 44.7584 18.65957 0.0 20.45992 0.0 29.18761 
1000.0 25.61744 9.98109 22.11697 0.0 38.02826 23.15762 44.50146 25.39389 40.48546 40.53161 35.24932 0.0 42.11785 11.0705 11.34011 11.48494 43.85701 15.01666 27.84971 0.02667 40.53268 32.22463 13.77705 19.31532 14.87976 25.86584 43.49541 10.68825 40.73102 38.01194 37.59822 18.35201 24.08548 40.09992 40.97943 47.23715 34.5396 44.87494 43.79819 30.08632 24.86967 32.3914 15.86274 45.85694 32.86496 28.57894 0.0 33.77583 0.0 27.63371 
1000.0 41.53168 24.38158 45.08728 0.0 25.67853 15.87747 36.52729 45.14792 14.36019 47.22964 46.84671 0.0 29.50069 25.05076 21.10736 12.93433 43.33593 43.29812 33.75732 0.01856 38.54881 15.00249 47.44434 27.46016 13.9773 12.83586 19.67662 11.68635 24.8298 16.22989 18.83559 20.06273 18.08583 45.63868 46.64436 32.98365 48.26896 16.92801 22.25201 36.15984 14.8999 36.95252 47.6998 13.83527 35.27673 43.62412 0.0 23.19699 0.0 25.08617 
1000.0 16.12364 13.29786 28.4986 0.0 29.94418 46.39601 40.40742 10.29491 41.5701 20.36636 42.76987 0.0 41.40603 47.49333 20.64971 10.73024 26.22424 43.02843 30.80606 0.03449 21.59634 46.41027 33.81853 45.91902 10.27122 37.40798 19.90054 40.62014 43.91466 25.36636 26.66338 10.85046 34.61943 26.38092 28.45148 37.63485 48.65076 40.87357 12.00754 36.75231 20.34765 48.71312 12.42774 32.88067 37.75442 42.97726 0.0 23.07806 0.0 14.58636 
1000.0 22.78332 44.72992 27.25257 0.0 38.09282 14.93184 22.67033 48.45631 32.34262 36.23233 14.46183 0.0 33.99021 13.22512 37.83106 45.18536 46.47435 43.34542 24.68264 0.04598 48.54697 34.28853 35.55298 21.60694 14.21015 28.88346 10.27641 19.30373 30.33409 34.01205 45.24746 19.59812 20.82018 21.10991 26.39826 27.98152 36.26418 44.91619 21.7041 25.70526 44.35007 28.43467 20.79784 10.46785 45.31076 24.4046 0.0 13.807 0.0 13.31273 
1000.0 35.80801 42.26075 44.80594 0.0 21.26012 41.21141 33.8497 29.90276 11.2059 31.06878 11.12429 0.0 12.71906 12.99059 47.04823 24.81811 49.04183 23.68864 36.90183 0.04618 32.92361 31.95139 29.19752 13.03904 33.54766 25.07914 16.38814 31.44772 20.44051 21.66607 15.94902 33.20383 29.44232 20.50629 38.22768 41.91616 30.11078 12.44874 17.65652 22.43215 39.16033 25.07307 48.051 16.652 34.39454 36.01115 0.0 21.77974 0.0 31.08962 
1000.0 26.1946 37.4781 22.85057 0.0 18.68417 42.49002 35.42182 46.8033 20.85525 16.83157 23.30866 0.0 17.84539 42.10829 25.88033 23.74507 24.22925 45.13254 13.35214 0.02481 32.59247 14.75023 16.28898 23.12772 25.82205 23.51334 47.43973 48.05164 39.96283 38.712 19.62121 12.08611 46.90295 45.74782 15.85851 10.39667 25.44933 19.45182 30.14757 35.54813 36.62351 42.72776 43.40985 35.5257 21.75287 45.31023 0.0 17.78351 0.0 47.55137 
1000.0 0.06332 0.18261 0.14558 0.0 0.18699 0.09721 0.06885 0.06528 0.15837 0.1364 0.06644 0.0 0.08111 0.1508 0.1151 0.1889 0.0534 0.18863 0.13536 46.09454 0.06446 0.09545 0.11634 0.1852 0.17727 0.03981 0.11285 0.10671 0.0411 0.09442 0.12551 0.05454 0.18728 0.06976 0.06667 0.09556 0.14539 0.12581 0.18256 0.14103 0.18072 0.08672 0.19496 0.19681 0.09494 0.04653 0.0 0.1492 0.0 0.18178 
1000.0 16.6548 45.32924 22.43163 0.0 14.43196 42.51043 22.92205 40.19008 14.55706 43.50268 46.25997 0.0 15.91907 25.44507 26.41717 37.85893 42.71805 29.79513 29.32312 0.01603 20.81811 46.52027 10.93261 40.26778 40.46836 41.68626 33.53142 47.35488 17.24282 42.60966 22.67298 19.12813 18.36491 11.86289 44.13045 48.40794 48.72918 36.83203 38.99347 41.07581 41.33113 11.17844 32.37174 28.58105 41.00839 48.62454 0.0 44.94285 0.0 36.68678 
1000.0 19.48961 38.44197 30.64344 0.0 11.11677 44.06693 18.66204 37.47871 24.77415 32.02412 44.97258 0.0 21.85101 11.12266 22.66515 45.2413 22.08176 28.1204 36.81239 0.0288 19.90824 25.97941 12.1778 26.72946 32.81773 39.14903 32.6801 13.40412 25.03387 17.82031 18.92201 44.12244 14.84309 37.29957 36.81638 16.88749 21.26576 23.37127 23.3118 45.12966 25.12951 19.32153 10.59154 42.72973 14.57907 17.32657 0.0 38.26182 0.0 13.63355 
1000.0 16.10312 47.78274 43.38634 0.0 27.02532 48.11617 33.83736 21.88675 43.9103 38.65948 48.27327 0.0 18.83364 11.23712 26.57034 30.21291 10.44175 35.86103 47.29727 0.01572 28.04693 35.10634 47.80341 45.14936 47.74101 28.77666 19.60118 29.30012 15.24493 42.54967 25.85019 30.3282 32.71419 26.6852 38.62252 29.32476 35.26813 26.16312 31.41756 15.78241 39.61959 24.86606 40.35851 27.18634 17.14189 38.28996 0.0 48.598 0.0 12.187 
1000.0 35.23384 34.3551 47.73258 0.0 47.7497 17.19089 28.59697 16.59388 35.78181 38.37446 13.75148 0.0 42.55393 27.45148 26.33776 25.19658 15.61499 42.4231 24.12443 0.04949 41.27394 19.97634 29.59053 30.30455 26.37047 25.55083 13.95084 11.43484 20.33772 48.59669 17.11452 42.86454 43.71876 14.06648 15.97985 44.1389 32.98058 13.19986 42.87367 12.45966 23.82673 42.81993 12.83046 26.26112 14.42103 40.31479 0.0 35.29844 0.0 32.38154 
1000.0 48.16504 43.78379 31.38084 0.0 12.81057 15.00139 44.35435 16.03262 19.76083 45.02377 19.11043 0.0 47.52651 34.73827 12.40705 20.50285 11.55444 18.40796 47.7027 0.03528 23.6652 37.32114 27.25429 32.99497 22.85801 35.0655 48.31453 31.88102 10.50347 41.43613 14.74064 23.12929 47.92747 40.36433 10.7265 39.76573 21.11475 27.00009 16.45734 46.78248 46.5487 29.04896 25.709 47.49863 22.05688 20.2476 0.0 15.01739 0.0 20.5777 
1000.0 37.28507 39.91504 11.63229 0.0 44.65938 33.50546 41.87691 39.6213 36.43473 35.49076 45.70043 0.0 15.87486 24.93944 27.49361 9.94949 21.50144 47.22912 41.18088 0.02544 43.08146 39.40334 22.91957 35.9549 12.3832 23.0159 43.97028 22.15233 16.10036 17.75702 41.62186 17.20427 26.93835 20.35001 20.86439 15.35676 41.17444 18.81551 40.89537 44.84418 16.92075 13.41374 43.9558 38.07938 14.52115 15.63478 0.0 45.04903 0.0 30.48783 
1000.0 43.14117 48.6592 16.95826 0.0 39.11091 28.99226 16.82923 27.61329 37.25219 34.48895 30.72359 0.0 24.37762 32.22399 23.31295 12.11627 31.44562 30.14269 48.25588 0.01753 10.60696 45.56245 18.73909 30.15275 10.84823 30.49399 42.43274 45.01574 21.76697 28.12446 38.36139 13.4345 32.05914 38.02205 31.53531 30.95682 33.70998 48.58793 25.89349 16.94501 30.57814 38.64442 29.30384 47.00132 44.06322 35.74598 0.0 39.19488 0.0 15.86561 
1000.0 16.41128 15.54929 17.35162 0.0 44.31583 36.98959 33.87566 15.20251 39.26003 14.22928 30.72855 0.0 17.11656 36.86323 28.97044 37.80464 17.96172 27.93365 26.36312 0.01043 43.45391 19.86195 29.48721 12.7286 29.23213 46.52601 29.29609 18.0633 43.46767 24.76876 29.41705 43.50452 27.49815 34.00705 33.59916 22.109 31.51505 35.99448 15.79427 13.6032 24.36319 44.49875 25.04461 23.92277 43.12988 27.67388 0.0 25.20681 0.0 18.06894 
1000.0 43.64928 25.12131 29.32372 0.0 44.45579 20.05717 41.72553 30.85545 45.05012 33.04552 36.07821 0.0 42.55912 31.57678 33.17761 29.06881 43.8544 31.26448 40.05302 0.01423 40.3145 18.64024 17.13073 34.74622 33.774 9.87562 19.85344 45.7129 45.65216 21.46979 19.74664 15.80101 22.41215 36.81876 39.52944 10.44643 20.69884 45.00791 43.85734 48.69074 40.87804 29.42131 41.43266 12.0306 19.55321 42.27888 0.0 14.04761 0.0 44.26635 
1000.0 13.06919 48.58354 24.72352 0.0 25.80565 45.20878 29.67616 39.43756 33.40541 11.05991 17.35315 0.0 46.40525 13.56986 42.63144 41.10777 41.74585 31.31106 28.11674 0.01127 46.57984 38.69678 33.80667 47.16312 24.67059 40.76823 37.84321 23.50384 47.28225 24.8992 18.93225 30.96364 14.65222 31.23399 30.2385 12.33546 48.95627 39.46873 24.19978 17.90648 33.07844 29.1393 46.69566 42.95954 48.05007 31.74488 0.0 34.89463 0.0 13.83059 
1000.0 48.28858 9.98393 45.99368 0.0 15.28792 16.07558 40.20442 23.96216 47.36067 25.29456 38.961 0.0 17.84138 16.47766 48.6703 35.67678 15.64981 14.58603 23.53984 0.01267 30.89917 11.8192 20.71543 46.33681 27.55688 28.24635 18.76865 27.92578 48.07731 41.98281 29.38659 20.86331 46.6223 32.16246 18.18715 33.34706 47.61875 47.49538 17.84347 39.68131 31.36492 27.18911 17.11489 17.69595 10.09621 18.45385 0.0 43.50312 0.0 16.94386 
1000.0 11.21001 17.97154 47.89715 0.0 47.11277 13.7299 29.64081 23.39773 13.58233 10.5941 39.23809 0.0 9.84863 13.34066 46.02242 27.16286 35.75555 11.83527 20.93733 0.0331 14.10129 24.01574 37.17043 44.41705 32.74695 13.4779 13.16204 22.81485 23.42365 48.37919 31.11357 28.04044 41.90593 35.72774 47.71416 18.69651 12.46925 29.2336 40.10719 34.72364 46.47279 28.7405 19.59676 41.60612 29.55115 39.41036 0.0 12.76128 0.0 48.52947 
1000.0 32.07056 11.38944 16.83655 0.0 23.76716 28.11745 17.59938 10.87747 42.36759 33.6905 10.66579 0.0 16.87817 18.41517 39.67726 29.77286 28.88444 42.75691 14.83321 0.03423 36.75052 43.84027 13.63434 24.53337 24.31408 44.01257 46.85419 24.29227 35.52622 17.70038 45.77842 35.86145 36.75187 17.041 41.11759 19.53713 11.71538 13.81823 36.77994 36.29185 47.66492 26.49651 14.78701 25.37455 42.70085 14.08432 0.0 48.01353 0.0 20.53142 
1000.0 34.03463 46.53024 11.17852 0.0 15.19751 12.71503 13.64492 25.69971 30.24427 26.51158 39.74414 0.0 14.60078 43.35128 11.37897 41.19913 38.21064 39.01069 20.11158 0.03173 11.4155 37.40204 20.91189 27.08131 33.16006 25.68154 47.29853 37.38915 10.8902 12.35499 44.46449 10.09388 16.82389 12.84401 13.80066 36.74397 28.75814 33.37857 34.19471 38.55314 32.20556 20.14933 42.97571 16.9489 15.90185 18.01408 0.0 28.1132 0.0 29.08323 
1000.0 21.26718 26.01278 28.10257 0.0 11.70297 40.67865 43.3026 44.30026 18.82756 38.96724 46.02364 0.0 20.30795 45.18368 47.19718 12.79622 31.92021 26.08041 29.96247 0.03138 29.7235 40.5755 30.71742 28.19945 28.78766 39.34435 12.13037 30.888 37.08986 24.9719 27.64591 22.23247 14.3813 29.92829 14.19015 42.50253 41.26331 45.7697 11.50731 9.94213 43.23275 25.58622 48.97969 10.53164 15.94458 43.71504 0.0 11.96521 0.0 44.60632 
1000.0 10.03063 33.02535 22.00159 0.0 13.57864 41.67896 42.01459 38.85913 19.43344 28.07649 44.37041 0.0 22.87057 48.4939 11.16521 32.54885 22.22314 19.53769 47.96415 0.02106 48.47891 21.30105 20.09435 24.90901 13.0838 25.7702 20.80902 27.73721 25.21442 28.79407 25.59575 36.27511 44.90798 11.91598 30.45969 28.82881 10.77204 38.68986 16.9627 24.35182 24.40953 45.37686 18.37752 39.91641 31.09626 29.93268 0.0 24.3733 0.0 25.06073 
1000.0 25.60969 45.80538 39.16143 0.0 36.99146 43.54258 45.84691 17.53714 15.02757 29.61432 44.8032 0.0 44.99665 12.33314 15.05714 25.17601 14.95073 38.37389 26.78211 0.04226 46.60143 29.09132 29.62361 42.82946 42.57866 11.35677 18.30778 40.79851 19.12712 31.98918 47.32274 42.60857 10.07294 46.97473 48.61422 15.37862 12.06619 17.71696 36.08337 47.49394 31.25006 21.65927 45.23967 26.02718 41.08693 47.53309 0.0 44.83237 0.0 26.1942 
1000.0 10.49431 12.00094 23.22351 0.0 43.92391 14.40734 38.5989 37.65486 29.18695 23.65107 12.0815 0.0 18.02227 46.34942 29.83791 13.88332 29.47243 19.70722 27.1189 0.02794 41.52093 29.21503 19.19055 15.44816 20.77968 13.16098 43.25362 13.20492 45.17922 26.76499 15.48065 32.28674 18.47567 19.32967 20.36203 35.2659 14.47573 24.4376 37.39489 43.71461 24.27617 32.8483 36.75036 31.50818 21.06024 24.11463 0.0 24.83431 0.0 35.94408 
1000.0 22.13317 47.13586 25.82358 0.0 19.9969 26.97961 24.29679 25.3016 38.46586 25.13177 37.26942 0.0 44.16033 23.15828 42.43116 29.73772 24.41053 15.07576 19.3709 0.02126 20.42342 21.25159 16.48436 22.56038 36.49828 26.9941 26.59694 12.95271 32.85864 40.71522 24.39831 10.01243 13.67976 20.93562 44.56111 47.28299 27.24223 27.9808 13.52364 49.03919 31.23287 46.21949 13.17817 26.82167 37.84253 18.02022 0.0 21.46086 0.0 32.37936 
1000.0 26.25818 23.50953 19.57483 0.0 37.15319 17.38904 20.24846 14.4514 13.23741 35.48931 27.13038 0.0 23.61705 12.51118 38.1299 47.65433 34.57636 47.27431 31.46659 0.04003 44.27385 11.42297 17.29973 26.37321 14.31639 21.27964 33.54517 47.11665 42.86012 45.86118 16.62649 43.92552 18.74512 36.21527 11.69268 21.02153 44.56158 11.08439 43.79969 43.44698 27.81738 39.21011 11.19844 17.44181 14.49709 40.79264 0.0 14.96383 0.0 20.55001 
1000.0 25.30067 25.27298 17.08261 0.0 22.42731 15.62609 37.62015 17.08884 31.94805 41.6747 41.99175 0.0 14.458 9.99961 35.26673 10.88013 41.29256 43.21057 48.27578 0.03816 46.02613 11.05525 48.442 46.16279 10.02203 40.30417 46.22758 24.35136 11.99217 19.70313 10.99272 22.5225 34.05256 34.42711 17.57128 12.4533 15.36892 35.13492 19.69884 10.32783 30.09647 11.94103 36.87732 48.02033 27.57109 14.09941 0.0 27.66196 0.0 31.04128 
1000.0 37.83515 21.40019 45.3109 0.0 10.67199 9.92252 37.88764 22.125 42.48078 15.37753 28.79923 0.0 27.14765 41.76274 32.11965 38.29523 25.67938 31.19883 11.13809 0.03365 32.09076 22.73829 45.64222 46.95171 45.73666 16.10742 22.30378 15.61537 42.56415 32.31093 15.96305 15.9639 11.21801 34.42184 19.32679 26.52689 30.93833 25.12137 29.65449 20.11733 26.85768 32.66999 33.44508 12.73344 17.34675 25.1972 0.0 14.40927 0.0 11.99174 
1000.0 48.47272 23.24631 11.25508 0.0 46.89562 19.16086 33.24318 19.14845 13.81605 13.58879 48.15051 0.0 24.5985 23.31387 32.40808 29.70225 26.26131 48.58919 28.43858 0.04703 16.9482 21.47669 10.55022 41.65485 20.39536 13.14022 25.64889 40.91333 19.4096 26.82013 45.43419 26.64965 27.29038 36.25534 27.26369 29.58453 12.06293 48.44429 32.55902 44.22821 45.18218 33.82987 15.78139 18.46076 29.62865 46.47262 0.0 39.69114 0.0 31.51937 
1000.0 12.5001 43.67657 24.04231 0.0 30.56303 23.23394 15.17912 14.4207 33.2231 13.72172 36.7911 0.0 22.18827 18.1168 43.58209 11.01016 43.74501 42.41929 31.84696 0.01021 39.47262 13.61026 45.68221 26.51913 47.03626 19.30998 19.46721 22.84297 11.95951 43.56347 21.11928 23.5255 24.67204 41.47245 36.10865 10.03754 31.60889 31.90071 15.48773 18.83159 44.96485 16.43942 44.06841 38.85846 32.63024 32.16603 0.0 48.66344 0.0 21.28221 
1000.0 41.44473 17.7181 29.93213 0.0 38.76035 40.76972 34.30024 24.83234 26.61087 31.70223 28.80704 0.0 47.39946 22.80073 34.61131 38.25744 33.84228 45.308 48.18041 0.02353 19.87982 30.49123 31.70222 15.23703 33.81253 46.1055 12.51464 27.42996 48.75851 31.34117 46.96104 33.70814 43.31211 41.96132 15.41649 36.23168 24.55185 21.06064 34.05638 34.15933 35.64168 31.2411 35.20921 31.10714 29.69014 27.85035 0.0 20.63556 0.0 17.26981 
1000.0 43.94646 37.19897 44.26776 0.0 46.09543 11.28559 17.20891 14.46931 34.21609 44.86427 34.51495 0.0 37.82941 31.73772 18.2839 47.83511 14.83688 26.64498 37.40006 0.04558 12.91678 33.84922 37.81113 47.67075 34.51269 10.50638 10.55049 35.19353 41.7189 40.38102 31.23433 12.82531 26.81877 16.64742 48.40719 45.12679 20.36851 44.32253 43.30057 10.88094 21.65672 12.57872 14.70853 27.34974 40.62149 24.832 0.0 32.27014 0.0 32.60936 
1000.0 0.0 0.0 0.0 22.21437 0.0 0.0 0.0 0.0 0.0 0.0 0.0 25.6681 0.0 0.0 0.0 0.0 0.0 0.0 0.0 0.0 0.0 0.0 0.0 0.0 0.0 0.0 0.0 0.0 0.0 0.0 0.0 0.0 0.0 0.0 0.0 0.0 0.0 0.0 0.0 0.0 0.0 0.0 0.0 0.0 0.0 0.0 44.92378 0.0 22.15926 0.0 
1000.0 15.32791 31.55536 29.62324 0.0 27.65819 45.00782 33.02786 33.11238 13.28067 11.00388 42.17137 0.0 24.63602 30.24264 27.40561 20.13372 47.13721 11.17926 14.73549 0.03127 11.2724 15.24385 32.62233 25.46194 20.05186 29.79519 48.96004 46.56203 35.70571 19.01359 33.4364 47.64424 14.26125 10.00741 21.63901 15.82046 44.29416 23.25914 45.48643 13.45756 16.15084 33.62216 47.64977 38.58196 42.2102 16.93127 0.0 34.11095 0.0 42.77231 
1000.0 0.0 0.0 0.0 18.77485 0.0 0.0 0.0 0.0 0.0 0.0 0.0 47.89214 0.0 0.0 0.0 0.0 0.0 0.0 0.0 0.0 0.0 0.0 0.0 0.0 0.0 0.0 0.0 0.0 0.0 0.0 0.0 0.0 0.0 0.0 0.0 0.0 0.0 0.0 0.0 0.0 0.0 0.0 0.0 0.0 0.0 0.0 26.68468 0.0 48.97634 0.0 
1000.0 24.57219 43.6899 19.61482 0.0 34.69805 34.08942 13.07776 48.98392 16.94195 32.04912 12.66545 0.0 38.59182 42.78981 43.39415 32.62126 17.12914 37.63007 17.31715 0.03293 35.59268 19.30172 31.54786 26.07955 15.612 47.03445 24.25548 23.38674 25.81169 13.48657 12.52089 26.093 48.46523 15.35664 44.53988 25.93644 26.24459 37.34955 37.22525 48.09227 14.01916 38.83851 27.67585 38.45057 33.79235 23.8561 0.0 20.49787 0.0 33.87158 
