1000.0 1000.0 1000.0 1000.0 1000.0 1000.0 1000.0 1000.0 1000.0 1000.0 1000.0 1000.0 1000.0 1000.0 1000.0 1000.0 1000.0 1000.0 1000.0 1000.0 1000.0 1000.0 1000.0 1000.0 1000.0 1000.0 1000.0 1000.0 1000.0 1000.0 1000.0 1000.0 1000.0 1000.0 1000.0 1000.0 1000.0 1000.0 1000.0 1000.0 1000.0 1000.0 1000.0 1000.0 1000.0 1000.0 1000.0 1000.0 1000.0 1000.0 1000.0 
1000.0 12.29381 29.38388 8.84834 0.0 33.90742 10.75033 33.47912 21.77418 35.43108 17.97015 10.48768 0.0 22.86517 14.51996 11.80169 27.62169 32.76684 37.24604 17.57258 0.03556 20.97107 12.7971 21.63904 39.1025 23.69674 8.86552 27.65035 28.0959 16.67156 9.41398 35.92149 33.068 32.29437 29.6095 8.74515 21.10667 10.32663 34.65343 25.13484 30.50239 9.42717 23.63971 35.53677 18.42904 8.72295 12.30859 0.0 29.24952 0.0 33.55813 
1000.0 34.67173 22.43852 37.98179 0.0 37.35714 8.62814 30.98665 33.76786 35.2236 11.34432 25.14506 0.0 35.12998 14.2041 30.4704 17.78221 13.96862 24.43869 10.08416 0.03988 24.13401 25.93636 14.11294 29.54768 25.25133 34.43223 22.46031 27.67973 23.66529 36.29241 11.10845 34.23763 36.39892 36.36576 26.13281 28.31668 25.15195 13.73047 25.06369 18.36598 35.05979 10.35469 8.48442 31.89302 37.2473 27.68178 0.0 38.45271 0.0 17.46793 
1000.0 18.96139 23.51667 37.3664 0.0 26.48019 29.82838 23.32636 11.58618 13.55338 15.97143 24.61099 0.0 16.98134 11.38971 34.27387 9.30218 20.42682 21.81743 14.86395 0.01016 17.60811 35.04366 23.76289 16.77886 8.12477 36.64083 14.22618 15.94357 28.78766 38.8483 33.25206 33.56593 27.81711 12.31293 22.09482 37.97193 26.30129 31.91175 36.35301 27.18637 34.67639 20.55466 26.25546 27.52677 9.89411 25.07571 0.0 22.97405 0.0 14.62214 
1000.0 0.0 0.0 0.0 14.23028 0.0 0.0 0.0 0.0 0.0 0.0 0.0 10.46303 0.0 0.0 0.0 0.0 0.0 0.0 0.0 0.0 0.0 0.0 0.0 0.0 0.0 0.0 0.0 0.0 0.0 0.0 0.0 0.0 0.0 0.0 0.0 0.0 0.0 0.0 0.0 0.0 0.0 0.0 0.0 0.0 0.0 0.0 24.13592 0.0 31.53449 0.0 
1000.0 33.39459 34.24596 21.14267 0.0 24.11482 35.75839 25.50289 16.4308 28.39408 15.21247 16.24616 0.0 10.25127 12.69802 16.60106 12.92447 37.36504 15.61761 18.72053 0.04259 17.38031 11.93584 32.28811 31.30466 34.02541 12.44785 19.78791 27.03083 10.63917 28.98343 22.19417 36.48084 24.6751 20.35048 34.51673 18.34119 19.02723 36.92909 30.6258 30.56153 34.40701 38.99092 28.00423 17.35435 36.81237 14.88027 0.0 8.49494 0.0 14.93027 
1000.0 11.61975 25.30244 8.22167 0.0 34.03257 34.16123 9.05863 10.92871 11.69469 14.61585 31.1753 0.0 15.02854 32.59971 31.30578 24.32983 15.29195 33.83458 23.57428 0.02329 33.68543 9.0914 21.86417 27.36154 17.14745 16.91961 14.92377 34.02329 11.77793 19.46652 25.68117 34.61408 36.00987 27.15246 12.07017 21.34155 11.50886 8.1514 22.0779 24.12758 32.72911 20.55105 18.13467 39.41552 29.7281 26.94823 0.0 16.49821 0.0 8.73036 
1000.0 20.49589 13.61775 22.11287 0.0 37.38319 16.63781 26.28395 30.57676 25.94263 33.62153 22.78703 0.0 16.39353 31.94774 24.76445 22.26061 17.96224 13.40102 11.698 0.02052 17.81907 29.89131 9.93583 15.66483 34.91288 14.32308 12.38299 24.22864 10.29969 32.51763 33.26504 9.94715 34.20181 37.92976 8.10882 9.31019 17.1488 15.30833 27.16874 36.28544 27.53138 35.40626 20.86054 23.33396 37.41371 31.45284 0.0 14.18993 0.0 20.51661 
1000.0 7.96061 28.74803 11.91098 0.0 15.83854 26.84203 30.02203 25.30998 11.45872 21.55507 23.87656 0.0 24.56349 37.62487 39.05671 36.44306 39.50068 13.15221 21.98958 0.01435 27.90353 17.44408 26.73602 11.20562 20.61079 12.26506 10.95745 21.0162 26.11386 18.21188 33.67664 37.09234 7.95628 36.16038 17.8179 27.04003 31.77256 9.8154 19.75898 8.84497 17.47162 33.32533 25.66015 27.8877 39.20902 20.93964 0.0 28.03703 0.0 17.84729 
1000.0 32.56825 24.65991 18.86688 0.0 11.44242 13.97897 13.72863 29.41962 27.86534 22.26834 35.3279 0.0 32.76208 26.80606 27.70209 19.68456 28.99955 11.40148 14.47264 0.01711 34.22197 20.51806 20.42451 19.51891 10.96044 10.39884 21.48683 39.19614 36.74783 30.56812 31.3588 29.34721 16.10759 32.39604 18.31462 34.62954 15.0671 34.32589 8.17626 17.77927 14.00933 20.65559 34.23011 12.90894 35.55434 8.87313 0.0 27.641 0.0 17.37166 
1000.0 11.95037 24.10276 14.07982 0.0 18.12503 32.22497 33.73151 15.59979 35.54265 16.69677 15.55015 0.0 25.11635 23.15452 18.17642 21.3219 33.59136 36.26214 21.22007 0.0094 19.46498 27.25074 23.74314 33.05169 33.22216 35.2211 37.3762 34.83809 18.3135 27.15223 30.05852 28.16821 38.509 11.11175 29.66745 19.98426 35.42768 13.19735 18.83791 33.22031 23.65349 32.66521 30.08971 19.66526 35.44139 18.28618 0.0 8.20349 0.0 37.05483 
1000.0 25.05253 34.84508 11.98323 0.0 15.43351 22.15338 31.54432 17.72734 9.20388 16.88021 37.94651 0.0 36.6073 29.91306 36.55254 21.53446 36.86602 30.72111 28.04158 0.03186 28.35381 38.06191 21.24207 20.4503 25.0368 27.19874 8.13161 12.89087 13.32077 19.88897 22.32162 10.00789 9.28187 15.69059 11.8758 11.52181 15.60917 36.63576 16.89336 20.69057 30.37165 14.54276 36.13633 9.33411 25.35326 38.50492 0.0 28.92678 0.0 33.05754 
1000.0 0.0 0.0 0.0 18.16093 0.0 0.0 0.0 0.0 0.0 0.0 0.0 34.78371 0.0 0.0 0.0 0.0 0.0 0.0 0.0 0.0 0.0 0.0 0.0 0.0 0.0 0.0 0.0 0.0 0.0 0.0 0.0 0.0 0.0 0.0 0.0 0.0 0.0 0.0 0.0 0.0 0.0 0.0 0.0 0.0 0.0 0.0 28.5677 0.0 32.37986 0.0 
1000.0 33.83041 18.76133 24.93095 0.0 27.30666 18.13797 23.76019 18.26251 35.41269 8.8472 22.98773 0.0 30.57998 32.54507 24.95999 17.66686 33.79754 15.98351 11.60614 0.01881 13.41384 16.82379 34.49131 24.43106 27.13856 30.83903 11.63383 22.82477 23.28193 17.25364 27.30039 20.73955 8.80938 10.78379 29.11344 32.14926 12.19747 25.00166 16.25904 16.98004 33.07218 12.69349 14.81738 24.42325 30.6685 24.55998 0.0 38.72679 0.0 29.41627 
1000.0 32.5368 13.75108 34.28327 0.0 14.54944 27.84763 38.28515 37.48053 27.51008 16.18598 8.8639 0.0 15.11163 14.69223 37.12123 13.30953 8.51051 15.91559 18.81549 0.0304 38.56245 16.12536 27.92945 29.46238 23.79019 27.63966 33.45884 35.88517 27.91204 25.99346 38.57586 15.77151 15.06613 14.5973 33.60439 21.10276 13.91281 30.5828 13.11272 18.11896 12.1028 28.68535 38.62804 11.1423 9.1594 20.48614 0.0 14.18484 0.0 30.88509 
1000.0 12.07445 33.12973 11.83772 0.0 11.31336 28.66479 30.75963 11.24812 31.3522 13.8339 26.65773 0.0 36.33884 37.87636 9.1039 19.55026 13.7814 36.06905 25.57331 0.02899 36.19747 38.67976 25.39376 30.2983 37.72938 18.78843 17.47793 18.92207 9.49751 24.67408 15.47927 10.55119 24.08393 38.40269 29.46909 16.99523 19.35663 18.71034 16.64021 9.09603 32.44053 15.99547 34.81835 33.27595 17.13168 9.62163 0.0 21.1726 0.0 28.38525 
1000.0 26.98723 34.198 35.57339 0.0 23.01694 18.72823 33.0754 13.36131 16.97335 25.35757 10.4176 0.0 17.75442 9.32371 22.96539 38.17758 38.92475 8.11565 25.58732 0.03859 8.13868 23.42802 27.04328 17.9759 15.88545 24.69618 27.62534 36.60553 8.35989 13.3533 10.29695 39.44441 31.06007 21.20222 21.10224 34.10367 23.10585 30.32404 27.79618 10.25279 15.30501 20.58852 12.16723 35.94996 18.13756 30.71808 0.0 25.45322 0.0 33.10723 
1000.0 30.08867 21.21898 11.61665 0.0 26.68381 30.61856 22.33671 27.82218 27.75385 15.31341 31.03303 0.0 15.592 29.68143 32.65026 38.49983 22.6656 21.10764 36.86007 0.02225 19.08702 10.8359 26.39557 23.08304 8.17875 26.95251 31.82635 25.11602 9.57819 18.95864 29.84349 11.65434 23.10336 11.95528 19.26838 9.40305 20.3109 39.41143 21.33574 11.85132 11.85405 17.88212 28.38288 36.57674 11.07257 23.61464 0.0 33.89137 0.0 12.52893 
1000.0 10.76771 27.38044 32.67836 0.0 32.18343 12.99621 21.7282 33.95118 23.82027 27.31727 22.88989 0.0 15.3056 33.48391 24.88418 30.67208 14.56715 23.20468 35.42172 0.02443 21.56061 14.49073 30.99362 13.7994 30.43536 26.29831 25.56673 32.35663 34.19444 14.95918 24.34815 22.82072 14.90445 29.12405 33.48788 15.95966 8.68837 34.84743 34.0552 7.98836 12.8887 32.48252 16.78759 16.50061 26.2439 27.10467 0.0 20.68285 0.0 25.68877 
1000.0 11.25258 33.05985 20.03555 0.0 26.01594 24.07002 18.83165 24.57176 35.24041 18.67839 8.38989 0.0 30.97205 17.3917 31.45973 29.8426 8.89678 29.44721 38.83774 0.01033 22.21889 27.94444 15.33704 29.38611 12.71935 29.07451 38.96171 10.64467 26.50172 24.5364 38.82409 20.936 38.75309 14.22147 10.08067 33.75494 21.89758 11.40758 31.66372 29.45176 34.99698 20.71679 32.59185 8.67694 11.86777 26.99134 0.0 31.45431 0.0 34.42094 
1000.0 0.09956 0.11327 0.17211 0.0 0.08508 0.06996 0.07979 0.15117 0.12505 0.15733 0.13529 0.0 0.10129 0.04991 0.13112 0.13443 0.04047 0.10924 0.08757 26.24281 0.1503 0.10413 0.07197 0.14061 0.09296 0.09998 0.05266 0.10136 0.09144 0.14709 0.06383 0.15079 0.0394 0.1561 0.0977 0.17311 0.04038 0.14338 0.07392 0.09779 0.12417 0.10042 0.16262 0.08978 0.12177 0.12745 0.0 0.13424 0.0 0.07828 
1000.0 20.85174 26.60325 32.82518 0.0 28.573 20.54292 15.80544 19.98621 36.44276 17.23535 23.85314 0.0 39.32416 9.82279 14.98844 32.86279 17.00091 11.53901 10.92392 0.04163 21.16095 8.69176 28.83325 17.96932 11.47062 14.89052 15.02595 15.04508 26.30177 29.1679 8.66379 15.79376 18.84294 13.01351 8.40693 14.46294 9.60333 34.23381 36.30507 30.93778 17.10771 37.24956 12.19613 39.10627 28.5411 27.32126 0.0 13.99701 0.0 11.12707 
1000.0 26.64512 20.14869 14.70805 0.0 30.88718 30.11592 37.63314 36.99305 27.23021 38.85798 25.86849 0.0 30.57522 36.00249 35.80079 24.04333 17.38351 26.50993 19.06424 0.01828 31.6353 39.37782 8.75136 27.81167 23.43852 19.79587 12.63429 17.30453 11.03111 25.36077 33.03306 24.41167 22.07768 34.29772 20.86551 26.23361 31.119 15.23188 29.07311 25.28449 30.48025 20.52645 35.16002 14.26132 37.77858 24.3697 0.0 20.32763 0.0 11.91481 
1000.0 33.88391 26.73011 38.27936 0.0 8.37225 31.35643 29.92011 30.98539 34.74712 30.26677 25.84481 0.0 34.76394 14.18253 14.96602 24.47566 26.34089 29.82756 37.09371 0.02007 25.57975 22.52444 37.78128 23.68868 23.13694 30.03939 24.31434 8.94391 14.16473 13.53614 17.79472 20.57987 32.29205 38.24041 26.79233 11.40257 15.05109 20.81223 33.84172 26.8187 37.18039 10.44473 12.65965 15.08212 34.80242 9.94804 0.0 34.39816 0.0 8.93905 
1000.0 25.19404 20.62454 28.14893 0.0 36.68471 33.89758 27.94874 25.95134 19.07149 9.84284 9.23378 0.0 37.55606 11.82517 31.6789 18.50301 24.36694 27.47497 13.31222 0.0377 38.00403 15.3358 32.55026 15.36 16.63404 35.54552 16.4947 32.30758 35.37056 37.64226 26.23321 33.70726 38.83373 29.14014 23.02137 26.88974 30.54487 23.36243 31.37805 29.65301 28.52598 31.40245 16.87881 8.46943 15.0462 21.23583 0.0 29.32296 0.0 14.81725 
1000.0 24.68814 36.64227 16.22391 0.0 15.83924 35.98041 29.07935 32.72939 17.43184 17.48692 17.86331 0.0 13.06668 9.27382 27.84652 20.89335 26.1945 15.00903 11.40859 0.03337 24.49167 16.58553 24.2481 16.16636 13.2322 23.6825 15.73646 30.3798 12.2536 23.59189 26.55156 33.0206 29.31403 24.41952 29.63039 19.3409 36.70484 10.41213 16.19214 19.27124 34.06671 35.76761 15.04988 12.14701 22.86633 31.36071 0.0 8.3127 0.0 14.58258 
1000.0 27.73005 30.6955 10.91446 0.0 23.21715 9.61264 16.94333 29.74075 29.89915 29.20705 23.08026 0.0 30.23696 11.26125 34.68387 11.91052 28.73599 28.67296 23.2366 0.04384 32.35714 18.09145 25.04309 9.5527 9.8445 32.8599 27.31905 24.96957 13.37068 35.10853 33.59119 22.1242 18.57274 17.33125 39.20807 21.3301 25.93942 36.8245 20.43542 38.13804 8.89423 29.69893 19.90026 12.09401 21.28585 18.67975 0.0 28.25247 0.0 38.44301 
1000.0 26.0271 25.99351 16.08587 0.0 9.33994 24.94912 11.37773 14.33954 28.93097 25.8547 28.05025 0.0 22.57424 29.47516 33.01304 26.75493 27.08795 9.23399 37.97133 0.00978 30.04269 25.42475 20.06189 9.27203 38.19356 38.09658 24.06494 13.4313 39.46864 22.65315 13.38039 18.53619 16.26621 26.28759 14.38056 11.09202 32.01755 39.00545 22.7239 30.79797 17.19345 33.02688 35.929 18.77598 13.07131 25.74845 0.0 16.40202 0.0 21.34743 
1000.0 38.18287 25.196 29.81185 0.0 14.6953 11.29684 25.4504 16.49005 25.34414 34.27489 14.47006 0.0 29.72777 32.95333 35.67111 28.39392 15.50999 31.54961 25.93622 0.01657 30.8986 35.77956 10.09268 13.7112 27.20993 30.29552 29.19531 21.98469 10.06102 25.94468 17.59873 22.03863 8.83545 15.17689 29.37144 21.63552 29.73929 24.18296 10.14226 10.06219 33.99721 18.45849 31.23076 17.04096 21.43715 38.2356 0.0 26.10937 0.0 34.87268 
1000.0 21.74585 32.38214 25.25558 0.0 10.62994 20.16148 11.16572 20.33315 18.84133 19.88913 19.2447 0.0 19.57765 10.29759 15.94964 29.14864 18.50441 27.25665 19.5184 0.02158 14.36111 19.63049 22.84549 13.9786 31.72038 16.1983 25.63989 38.16265 28.65543 12.94531 17.4471 13.26653 26.65044 34.33091 13.02264 9.14207 28.62805 18.61554 19.9155 37.64951 36.36048 36.76278 27.1058 35.82722 22.21955 32.31124 0.0 17.18877 0.0 24.18275 
1000.0 11.79923 32.56316 39.34393 0.0 12.5979 8.65527 11.76178 22.21111 35.83726 29.82503 24.85326 0.0 37.34855 9.81594 22.24545 9.10448 19.81403 11.49968 37.75783 0.04148 21.16753 34.66986 29.88539 19.50551 32.65038 8.84819 33.35749 35.39135 10.83252 29.17667 16.13027 32.29565 11.32143 19.67 23.96679 10.9933 22.16072 15.29958 25.41353 10.44169 30.6181 27.63096 38.74416 23.44135 28.96601 31.48332 0.0 11.51625 0.0 37.38255 
1000.0 30.03918 13.23843 29.92766 0.0 27.78122 16.50056 24.15186 26.90728 22.01459 20.12798 34.64562 0.0 23.45434 26.82226 33.39165 9.38831 25.16367 8.78836 10.51503 0.02269 21.55555 29.21426 18.15005 8.50188 10.59869 24.92776 31.3344 27.13269 38.31661 26.42271 11.74714 23.38514 38.3259 36.54262 26.27528 34.2001 35.54707 25.50584 38.42917 34.13325 32.1491 15.47591 34.83316 14.39732 8.09639 17.26734 0.0 31.08348 0.0 22.59024 
1000.0 33.40788 27.012 14.1044 0.0 8.94353 10.6684 16.59412 22.30433 17.92858 12.63184 32.80871 0.0 15.54198 12.84545 8.9263 13.59551 29.36428 11.9378 24.62421 0.01987 13.28528 39.15634 10.05766 37.23676 21.11165 37.71341 15.07806 21.48419 30.78771 12.14293 35.44413 38.7273 23.12969 16.58821 28.11787 11.148 15.15246 35.13545 21.74295 16.01759 18.00303 20.04754 31.45498 31.40253 19.27584 22.81466 0.0 25.72079 0.0 24.433 
1000.0 31.72436 15.47542 32.55361 0.0 15.07748 22.47868 35.7412 29.99627 26.96458 32.56302 30.24661 0.0 9.00735 23.79229 39.1692 12.2755 22.43513 24.31904 15.54785 0.0094 30.63056 38.17886 39.14739 30.96193 13.52124 32.66585 27.4808 20.87842 20.24925 17.90772 34.92951 11.20163 21.65087 18.80547 29.46644 12.23983 28.69246 31.84251 24.25998 20.74094 26.88284 21.94092 33.93334 15.19111 17.18827 33.10123 0.0 36.7795 0.0 35.32396 
1000.0 34.41519 11.19245 28.54549 0.0 30.56928 22.1843 16.62515 30.24604 37.86989 36.24313 36.36991 0.0 34.94921 11.0723 17.27828 12.16265 18.32581 22.0003 16.84576 0.01456 9.45854 15.17425 39.11546 28.1295 19.24275 18.50048 38.37124 23.87193 33.73946 24.10366 34.90315 13.90418 16.63073 38.90862 23.24343 25.77957 13.47958 24.42456 32.77977 24.82941 13.44588 36.43006 8.08176 23.23815 26.60159 11.43766 0.0 22.56632 0.0 36.36645 
1000.0 8.30997 17.50185 29.61103 0.0 38.81388 38.52668 8.90899 13.23363 31.26738 8.975 26.87872 0.0 32.12797 33.97686 29.59636 38.4074 13.58823 35.93675 34.44307 0.01854 13.26358 20.84989 27.56636 35.06746 18.98854 15.02693 25.64389 29.16218 26.72815 34.33492 26.90054 20.13785 21.58799 38.36531 31.66171 22.2683 29.82995 37.93961 14.58699 33.18641 19.80621 24.15211 36.06138 26.04755 33.62017 10.41722 0.0 15.24856 0.0 10.25277 
1000.0 21.23854 8.18708 36.10605 0.0 31.74299 39.00068 24.32403 20.3475 39.1475 13.24473 37.14718 0.0 18.78742 29.91803 20.43812 25.40729 20.49652 27.35325 32.31155 0.03637 11.14148 33.13944 38.71364 27.91851 20.8512 13.85928 29.64495 26.39815 27.72545 28.67759 33.75863 26.83316 38.46915 36.78933 28.65761 28.64803 17.56464 28.4596 25.21738 20.48128 26.49356 8.26768 16.09358 23.60809 11.65278 33.80398 0.0 24.70696 0.0 10.72652 
1000.0 28.40943 27.12114 38.92549 0.0 34.73288 18.85968 36.31627 19.32216 9.96448 29.29982 29.79416 0.0 38.36314 29.48755 37.20922 37.44759 27.77726 22.9932 22.574 0.04369 31.84206 19.41063 37.42152 27.04416 33.091 33.86107 35.46505 38.07294 18.56693 17.27464 12.95679 26.22803 37.12986 24.23524 14.43461 15.92073 23.73465 28.20085 13.57594 30.68584 28.24484 9.20017 17.97556 22.53172 33.08314 27.58711 0.0 19.59971 0.0 29.03986 
1000.0 29.90527 30.7783 31.63347 0.0 24.38249 32.15997 8.84836 34.46681 38.07916 34.98667 11.49549 0.0 10.38044 36.3661 32.31199 19.09865 17.37157 14.25587 25.89589 0.01889 25.36611 38.26919 18.36765 20.34795 8.12725 10.93341 18.46803 39.078 16.52663 29.60992 29.80553 13.25042 38.53707 8.63879 38.26388 38.18507 14.70441 25.88812 27.00736 13.03796 39.32184 22.25598 19.01762 19.59934 15.28217 32.97267 0.0 15.04806 0.0 24.56349 
1000.0 11.98607 37.2323 18.42261 0.0 33.06837 20.91898 33.93031 10.22251 32.27626 35.78488 9.49438 0.0 15.97324 27.13736 32.62683 30.25704 29.6449 18.7747 22.81326 0.01426 20.20698 14.65434 20.98224 37.69424 27.04794 26.7215 28.36858 23.13394 8.56577 11.25629 23.51473 29.54365 17.28168 12.05453 30.81111 35.57548 38.60435 33.36486 26.63542 28.96877 33.63525 34.20137 20.86203 14.47244 21.58194 23.08343 0.0 24.19057 0.0 20.18924 
1000.0 26.27816 31.20877 26.95125 0.0 32.19695 32.73994 29.88555 35.41576 17.05854 22.74325 13.48536 0.0 21.53444 20.32639 34.4672 18.87888 28.4424 22.027 37.6468 0.01711 14.30796 9.61381 33.36808 32.88977 28.15314 27.80797 15.91614 23.18485 20.42922 20.34292 29.48677 18.59006 10.47474 11.52583 28.2221 26.78518 20.18889 36.6893 31.66146 25.86282 20.04331 9.13851 18.40071 11.93317 15.21103 22.49034 0.0 28.56186 0.0 13.98825 
1000.0 20.49238 37.75511 14.33485 0.0 34.22072 25.49935 33.57731 18.07471 39.04281 25.72054 19.73177 0.0 25.06477 22.69912 29.20195 29.40249 28.47888 21.05423 34.99627 0.02618 9.44036 27.3257 21.72993 28.37087 21.06962 36.54778 13.10158 22.39873 18.60225 23.45388 30.31924 30.34176 32.43543 20.71915 38.07886 34.8478 31.43962 30.88898 23.29241 27.95536 17.80778 26.72391 37.76041 11.85396 12.31334 18.45885 0.0 34.36997 0.0 13.24859 
1000.0 32.32537 39.40086 26.58465 0.0 27.81644 11.96043 13.80639 18.68608 20.12229 24.38288 27.838 0.0 8.76447 22.70444 38.42378 14.87016 35.76095 22.65836 21.93296 0.02679 8.49604 12.01246 25.82159 13.31266 21.50334 19.51807 9.97809 38.3592 24.89773 17.09766 14.13732 22.71745 8.6191 21.49443 34.46164 19.01766 34.85125 22.55288 21.62623 16.61832 17.64524 19.80733 27.18939 39.03154 38.82464 11.93625 0.0 17.3177 0.0 36.60105 
1000.0 17.68382 32.90503 18.15296 0.0 19.00541 30.70159 18.52592 38.63517 22.11288 25.37613 21.83105 0.0 17.75869 9.75662 30.84048 8.34442 26.24391 9.92276 23.92313 0.02186 24.2956 24.11747 25.13403 37.05169 34.57331 23.43346 8.57125 10.74323 10.56047 34.37045 10.60982 16.57989 12.78125 23.98501 13.48279 39.06912 12.95754 10.55128 18.41647 26.46737 38.6329 18.22977 29.71182 17.0652 32.64917 23.60667 0.0 31.98337 0.0 14.78844 
1000.0 31.0786 36.11413 28.89164 0.0 37.62545 13.43673 21.89238 29.42827 34.71707 11.68577 25.06944 0.0 38.34925 10.37934 21.32163 21.69202 14.73637 21.3091 34.34717 0.01667 25.03347 27.90027 33.5701 38.23755 15.66075 36.83073 27.14245 29.19847 28.00217 18.90727 13.12441 14.66163 33.05564 35.84742 30.21231 30.75479 22.20086 35.53834 20.19333 24.25171 11.42188 30.566 23.94286 21.21192 36.59244 21.29067 0.0 19.78607 0.0 32.67559 
1000.0 14.87511 12.63323 13.32058 0.0 24.39119 10.35388 28.0822 21.01829 20.30536 33.60898 23.64507 0.0 11.96668 24.3698 29.7384 13.65446 30.52323 33.38419 32.91325 0.04251 20.33093 39.41441 34.55985 36.02141 33.10372 23.89672 10.35056 27.94973 22.46707 32.77827 36.97021 19.15561 25.59513 17.53898 14.39613 25.06041 21.97067 9.20791 19.08457 25.92703 8.73111 35.61213 18.86307 24.17856 18.18007 16.06679 0.0 16.91828 0.0 16.98088 
1000.0 18.96877 11.86833 18.34218 0.0 30.97839 9.09439 38.17114 26.93439 10.05844 13.53067 22.80498 0.0 17.94389 25.49612 20.66289 30.5846 36.3926 22.59282 24.15781 0.01631 14.2231 16.68605 9.8844 35.65069 17.71807 28.30768 11.02667 12.43323 26.27997 29.52277 13.11356 39.12229 36.24163 21.49616 39.47245 22.52663 32.22239 37.02549 26.31725 33.42533 16.81082 26.59547 16.3145 17.41217 39.14188 32.55065 0.0 27.86258 0.0 15.13386 
1000.0 0.0 0.0 0.0 27.54754 0.0 0.0 0.0 0.0 0.0 0.0 0.0 26.7144 0.0 0.0 0.0 0.0 0.0 0.0 0.0 0.0 0.0 0.0 0.0 0.0 0.0 0.0 0.0 0.0 0.0 0.0 0.0 0.0 0.0 0.0 0.0 0.0 0.0 0.0 0.0 0.0 0.0 0.0 0.0 0.0 0.0 0.0 19.51771 0.0 9.99728 0.0 
1000.0 11.83337 20.63482 23.67509 0.0 20.31752 20.14243 30.22212 20.32624 13.85302 25.72303 23.55361 0.0 8.69293 12.77721 22.09398 12.20797 10.45941 13.00028 26.66176 0.03768 22.25291 38.94819 29.45874 24.82793 31.05296 26.44087 8.11656 37.21537 24.33263 7.96661 32.03256 23.32751 26.0384 21.1602 28.12184 37.76801 22.9602 27.80155 15.98522 9.64685 23.66555 30.05328 24.24967 14.46022 19.55895 14.42707 0.0 22.27391 0.0 12.178 
1000.0 0.0 0.0 0.0 30.96169 0.0 0.0 0.0 0.0 0.0 0.0 0.0 19.41588 0.0 0.0 0.0 0.0 0.0 0.0 0.0 0.0 0.0 0.0 0.0 0.0 0.0 0.0 0.0 0.0 0.0 0.0 0.0 0.0 0.0 0.0 0.0 0.0 0.0 0.0 0.0 0.0 0.0 0.0 0.0 0.0 0.0 0.0 14.81157 0.0 38.05995 0.0 
1000.0 33.84491 21.74312 19.51473 0.0 11.4767 16.57018 35.0522 28.93717 15.80703 15.40918 24.05581 0.0 36.52587 38.70471 10.35747 18.25954 29.09843 23.90134 14.48488 0.01594 26.72567 35.06978 37.58787 16.69703 8.35344 21.29834 17.1548 13.21835 30.9811 10.48827 20.48144 31.02327 25.65329 35.39269 18.20768 24.63255 29.52144 22.5607 23.27497 33.10604 11.91888 28.39753 21.94798 26.69534 9.99805 32.51383 0.0 8.61957 0.0 22.26246 
