1000.0 1000.0 1000.0 1000.0 1000.0 1000.0 1000.0 1000.0 1000.0 1000.0 1000.0 1000.0 1000.0 1000.0 1000.0 1000.0 1000.0 1000.0 1000.0 1000.0 1000.0 1000.0 1000.0 1000.0 1000.0 1000.0 1000.0 1000.0 1000.0 1000.0 1000.0 1000.0 1000.0 1000.0 1000.0 1000.0 1000.0 1000.0 1000.0 1000.0 1000.0 1000.0 1000.0 1000.0 1000.0 1000.0 1000.0 1000.0 1000.0 1000.0 1000.0 
1000.0 17.47338 18.92479 8.5782 0.0 26.05364 10.33786 30.08059 26.21951 25.3444 10.87177 31.64303 0.0 28.93015 19.54607 19.82584 29.88149 12.43363 27.51367 24.36808 0.0386 20.88386 11.01182 33.48861 26.77101 32.20415 33.01409 30.92387 12.5786 16.72604 29.35458 17.29696 28.72597 11.66256 28.53965 16.79861 21.03223 9.25588 7.56294 22.15347 12.01299 12.84182 23.67997 12.19615 14.0283 24.38977 13.72451 0.0 25.27465 0.0 20.85157 
1000.0 25.73987 29.74354 12.16355 0.0 28.45162 13.45599 23.51297 19.3031 7.83229 12.78405 29.17179 0.0 29.61963 6.77595 30.23106 32.19583 21.20898 18.06374 23.82385 0.0311 26.46568 26.89964 22.33383 33.55329 25.89149 28.50206 25.63209 22.33843 29.59311 32.53911 20.37566 9.80698 31.20037 20.48435 22.99958 13.80093 14.85907 16.74937 11.14834 11.26277 7.99981 10.58203 23.93854 27.98528 33.29823 18.64073 0.0 13.59096 0.0 14.84401 
1000.0 13.62417 24.45776 31.71357 0.0 9.64651 25.28228 23.59938 25.92723 27.33924 8.704 10.44538 0.0 14.85162 27.88997 28.49782 19.45538 27.59637 11.48868 22.69876 0.02417 20.76093 30.72878 31.96715 24.04767 7.30527 23.16017 8.04456 14.67274 7.7175 16.22174 11.61554 14.32685 16.67076 29.46477 21.98977 7.02678 22.95521 23.24057 7.18542 22.93495 19.68801 31.51952 8.27285 14.80869 30.41636 15.47433 0.0 12.68416 0.0 18.61216 
1000.0 0.0 0.0 0.0 28.54327 0.0 0.0 0.0 0.0 0.0 0.0 0.0 17.36452 0.0 0.0 0.0 0.0 0.0 0.0 0.0 0.0 0.0 0.0 0.0 0.0 0.0 0.0 0.0 0.0 0.0 0.0 0.0 0.0 0.0 0.0 0.0 0.0 0.0 0.0 0.0 0.0 0.0 0.0 0.0 0.0 0.0 0.0 13.30887 0.0 16.93359 0.0 
1000.0 22.34092 16.63525 25.79889 0.0 10.30732 19.70979 11.51088 17.43845 20.88474 24.14832 33.4995 0.0 22.21221 29.53836 29.16267 25.90804 16.46517 26.43656 17.96071 0.03724 24.40071 30.20798 28.01084 31.41447 8.21541 22.84693 22.71402 25.11455 9.25267 25.7559 10.15548 22.45162 21.31005 9.45069 20.14168 18.9988 6.85085 22.30064 14.46521 9.79916 21.48029 17.22202 32.23386 22.62552 32.24481 21.20557 0.0 6.80784 0.0 19.17676 
1000.0 13.6122 22.21832 28.60283 0.0 21.85848 18.36928 8.6752 18.31906 18.90992 12.76271 28.6555 0.0 24.6363 26.05547 32.43916 16.52716 29.6047 16.47985 12.35382 0.038 25.50541 28.23802 8.15112 25.89829 24.61309 13.50033 22.9872 15.40014 18.89389 24.41827 20.0448 10.54083 33.52508 26.81514 21.63182 32.86781 8.89584 27.34328 25.79099 25.13418 27.64876 26.69255 22.52345 17.39432 14.46474 27.32082 0.0 15.55422 0.0 14.05795 
1000.0 30.19279 18.39741 13.34945 0.0 23.94901 14.19322 29.64186 28.37757 22.43932 16.05425 18.15088 0.0 21.76233 24.12122 32.48801 23.05009 10.10095 19.85637 25.12417 0.01602 11.24253 7.26432 26.03628 10.81451 31.60342 29.97229 17.57419 15.72333 19.09849 14.21167 7.57925 16.18048 12.38454 11.15951 10.87131 26.93402 8.94698 33.18599 26.33209 6.81939 28.92153 27.00777 23.94427 10.43196 16.76665 25.39373 0.0 32.25952 0.0 8.15552 
1000.0 9.33623 14.76118 12.07961 0.0 13.737 30.44215 12.03808 21.5968 22.82121 12.25885 23.06356 0.0 30.93246 21.44667 15.66887 26.91089 31.45944 14.32922 13.61136 0.02025 24.00039 17.30238 26.42202 15.65851 33.19637 14.69746 19.59989 29.86089 24.00042 26.2492 32.44408 30.25085 25.12838 15.23727 28.51863 8.1101 15.61948 30.78575 6.88302 33.31254 15.18767 13.22932 13.80962 13.0339 29.7339 30.10422 0.0 22.63089 0.0 8.8558 
1000.0 18.3821 27.95822 31.54145 0.0 25.8837 25.94602 17.83187 11.95453 23.2511 9.69978 27.87607 0.0 19.76572 21.83593 9.25025 19.4716 29.42858 22.27483 20.3863 0.01475 30.50037 15.65458 22.89585 9.79531 20.30075 14.6868 16.12393 20.01538 27.52192 16.06343 20.57005 22.18413 29.51938 28.23368 32.82159 13.28137 7.09631 22.98717 18.97324 31.84259 13.86498 25.35721 33.43552 16.8108 16.5364 19.62972 0.0 11.51433 0.0 30.72413 
1000.0 14.49661 26.78853 13.24685 0.0 18.76593 15.25533 9.54515 30.56624 18.3054 20.61249 29.06167 0.0 32.49203 28.22163 30.45088 16.12405 23.27282 15.08819 21.20561 0.0373 18.26741 30.70751 18.85667 19.95525 8.71156 9.37638 8.2975 15.95618 8.10576 26.72913 21.68456 22.76633 29.77948 17.20767 30.40619 12.96879 22.03765 30.82442 28.21976 12.25515 11.30228 19.05092 23.73968 32.41209 18.76288 22.93368 0.0 11.77351 0.0 14.7877 
1000.0 32.63203 11.99903 14.26623 0.0 23.39039 33.59127 9.73718 22.7864 33.14445 16.45108 15.84206 0.0 31.39156 29.27116 20.77877 9.05604 15.79391 11.23672 14.484 0.02937 16.40062 26.13804 9.46001 24.20739 17.12628 12.06756 6.91853 7.07462 18.92301 12.80094 27.23385 29.47301 28.31851 30.86082 8.23405 8.81187 32.74063 20.95673 27.70903 30.96772 29.14457 10.38624 20.70482 12.02336 16.31691 23.44205 0.0 31.97795 0.0 28.21267 
1000.0 0.0 0.0 0.0 29.77412 0.0 0.0 0.0 0.0 0.0 0.0 0.0 8.28187 0.0 0.0 0.0 0.0 0.0 0.0 0.0 0.0 0.0 0.0 0.0 0.0 0.0 0.0 0.0 0.0 0.0 0.0 0.0 0.0 0.0 0.0 0.0 0.0 0.0 0.0 0.0 0.0 0.0 0.0 0.0 0.0 0.0 0.0 21.76251 0.0 14.67754 0.0 
1000.0 9.15812 18.29356 26.44757 0.0 18.89921 19.64652 21.50495 25.97951 25.96894 14.09724 31.57703 0.0 11.13672 32.08483 22.56146 15.91498 20.20574 30.30842 19.00492 0.01531 12.36581 25.45829 26.13325 17.92844 24.61239 22.0089 22.54186 20.9444 13.20204 22.37713 27.60063 13.48301 21.47576 17.70104 19.64073 31.74246 14.65722 20.89585 32.46827 13.74038 27.45466 32.07204 25.07901 25.26237 28.73341 13.35922 0.0 30.21359 0.0 13.34865 
1000.0 21.47278 13.0396 10.48912 0.0 25.9891 14.81333 27.04213 21.97882 15.31429 21.08587 19.11968 0.0 12.45866 32.73047 8.47829 33.49873 14.78621 22.02025 31.92348 0.011 30.246 16.07674 22.33762 15.23759 14.82321 12.19187 23.08269 10.03311 21.53466 12.94381 15.89641 10.1465 26.90558 7.68714 32.52397 6.74406 8.31616 20.10395 12.35335 28.42038 23.4967 8.41223 26.33187 27.25791 7.07841 25.35906 0.0 14.36432 0.0 12.99929 
1000.0 10.38162 8.51172 32.1306 0.0 9.12518 31.96101 19.6345 26.07882 21.30576 33.09985 29.6257 0.0 20.30562 18.39936 25.82699 21.15244 23.62844 17.43288 7.50141 0.03884 10.50038 8.1356 25.62476 31.10753 33.10982 6.85738 15.74283 29.9428 24.40206 23.5938 29.23295 32.75545 6.74061 16.04271 31.8164 13.88088 18.26028 32.01507 12.84835 12.40367 22.85965 30.1054 30.74184 32.86311 15.60812 30.35309 0.0 31.07123 0.0 22.17461 
1000.0 12.96674 26.40083 12.09456 0.0 33.22371 12.80441 12.11188 30.74932 9.56878 27.51333 23.94273 0.0 14.17272 24.12534 28.70818 26.44262 15.13822 28.76869 13.26623 0.02044 26.40538 10.29386 33.30379 20.97838 18.80021 14.44079 29.74586 27.79109 26.59778 15.49417 9.68488 9.94375 20.00405 29.47616 28.51839 20.87868 14.45099 13.45466 23.45152 29.68604 9.44244 31.60347 32.43102 18.5122 13.96816 10.85782 0.0 26.47735 0.0 23.21705 
1000.0 33.27419 8.5628 23.9388 0.0 18.85674 9.75521 7.65249 16.59319 13.04546 18.79267 17.71302 0.0 13.22079 30.90599 9.05994 29.62798 11.94389 29.12459 25.67243 0.03988 19.81414 26.06233 28.12368 21.41452 27.33807 12.6288 23.93598 7.35494 13.85592 28.37909 29.63706 22.1161 16.74878 12.0756 20.79026 28.79324 10.10923 27.09503 26.70244 12.76489 14.47124 25.03272 23.28515 31.39903 25.44994 29.13474 0.0 29.56648 0.0 33.23843 
1000.0 32.60839 12.95747 24.78263 0.0 17.2364 17.5482 24.91201 12.11989 22.67937 10.438 15.52227 0.0 9.85921 30.28204 15.71691 29.43137 13.26517 23.99073 21.50342 0.0101 18.90269 12.47841 16.87946 7.55653 33.06276 22.49714 9.68338 20.575 28.62673 13.31308 18.57229 7.4838 30.84864 9.11073 15.11949 12.91457 31.02695 32.08655 9.2165 8.68884 23.6539 15.09633 23.20821 21.10567 10.66859 20.78926 0.0 23.33272 0.0 19.13998 
1000.0 14.37715 28.67316 22.09833 0.0 17.9973 6.85229 32.86884 19.15852 18.85599 30.46752 8.21612 0.0 15.95527 32.85317 31.67589 12.05941 25.79322 26.95061 16.87389 0.03711 26.88405 33.02167 18.93823 23.86341 31.46958 28.62162 32.83911 15.78224 11.31788 31.08835 18.63557 24.53415 7.74498 18.30628 9.11471 28.95183 20.51049 32.45226 27.97769 33.61672 12.96928 15.36567 33.47591 27.44002 31.33013 29.71001 0.0 19.09384 0.0 18.15919 
1000.0 0.15254 0.1635 0.03647 0.0 0.1088 0.12577 0.15524 0.03527 0.13904 0.07063 0.05712 0.0 0.1197 0.14873 0.10875 0.10819 0.05697 0.16274 0.15395 23.79657 0.06289 0.13315 0.06058 0.15805 0.13402 0.06645 0.1341 0.10513 0.09025 0.05777 0.15475 0.06508 0.05861 0.06819 0.04734 0.0475 0.09632 0.05158 0.03444 0.1557 0.08529 0.14524 0.15715 0.10877 0.10995 0.14673 0.0 0.06398 0.0 0.11766 
1000.0 32.58617 26.04094 32.45164 0.0 8.16137 10.55686 19.67796 23.23309 30.02429 27.98261 33.26769 0.0 31.96009 28.62021 31.30896 21.69935 19.39245 22.06645 21.24738 0.01164 11.31046 21.35638 12.22323 32.54339 10.49521 7.52461 6.94525 32.18334 18.09402 17.18156 22.07 30.13787 29.34972 24.65169 28.38525 11.58838 18.44277 11.18952 12.57512 12.93122 21.61262 17.21065 23.13938 31.7766 28.21149 10.74111 0.0 24.57294 0.0 23.74593 
1000.0 31.47312 29.64992 14.65382 0.0 14.45882 8.09724 26.1209 8.73564 30.60392 23.03722 7.25725 0.0 22.37829 28.80875 15.64751 7.71583 20.00092 22.92296 18.37751 0.03854 28.08249 27.55506 8.90534 12.9261 25.22021 9.52523 24.81056 19.4406 29.07026 9.30023 19.73782 22.90013 19.69206 19.49542 18.80604 16.76467 30.50687 30.72367 21.17631 31.19694 10.17969 22.96178 15.01142 32.02404 20.07494 31.2043 0.0 20.03431 0.0 24.41486 
1000.0 29.86799 32.26988 27.61286 0.0 16.34614 22.37487 11.03155 19.11558 30.21035 22.18061 12.2332 0.0 33.5632 27.49941 18.68205 17.49721 18.99098 15.42582 26.77543 0.03584 13.85255 12.92819 7.89115 14.2754 14.22099 29.44907 7.86313 23.38854 29.31521 23.32912 21.94128 30.82805 33.14749 7.37756 9.01261 24.29835 28.44794 23.84017 20.30957 30.2872 12.19936 9.71243 12.66611 24.6479 21.04667 30.23462 0.0 17.7452 0.0 28.48588 
1000.0 32.37091 20.25363 10.95412 0.0 28.70383 18.63285 8.98483 15.79083 9.6218 32.99433 16.65899 0.0 26.67789 23.2656 8.01776 15.5081 25.39615 29.57743 32.3649 0.03568 32.23105 28.30674 25.98866 22.59008 23.69091 8.86776 9.07548 28.41684 16.2037 28.36048 8.65993 16.45309 26.99264 15.72468 26.68292 22.13732 26.43339 23.44673 15.36574 8.97124 23.12251 19.20729 7.28256 32.1339 31.00699 15.91207 0.0 26.18411 0.0 33.07758 
1000.0 25.1794 21.15995 20.60556 0.0 15.29782 20.60062 7.86222 23.62261 30.26946 17.44826 18.45536 0.0 13.95254 13.31056 8.30713 21.99389 8.52751 21.63895 23.98971 0.01493 30.39581 19.91222 12.36269 10.01036 21.06994 13.00751 11.29368 7.13948 27.92797 27.29138 20.63252 19.2659 20.18385 23.14235 9.52848 6.80017 23.73339 7.41704 12.63516 10.2432 11.80909 33.0168 23.8822 26.48915 21.92009 16.7115 0.0 10.78306 0.0 12.22139 
1000.0 7.01125 12.85186 16.73985 0.0 33.60502 15.07386 18.74102 28.69168 13.94796 15.4409 24.1244 0.0 27.84522 24.63114 33.06183 20.3712 32.73515 25.58028 8.05797 0.01165 15.96216 11.03352 16.63756 22.02649 33.61227 20.42008 14.12478 14.4169 29.22793 15.09633 33.11913 20.55228 10.95471 25.38152 28.38446 18.5746 27.50039 13.28694 23.60459 16.6246 27.61154 7.29242 21.06585 14.42509 18.3514 21.04911 0.0 23.47253 0.0 24.54092 
1000.0 30.50324 30.04637 23.84047 0.0 13.08447 16.62289 20.60211 25.17765 21.34689 14.98362 16.6686 0.0 31.87611 25.55439 18.2853 27.55495 31.9378 22.04188 33.00064 0.02698 10.28336 21.2654 22.82322 10.60248 16.48612 8.95882 8.52681 28.81494 21.00413 30.5109 8.41847 11.78508 19.0093 28.88863 11.39697 29.68706 8.49291 28.65023 24.96866 31.88976 19.31674 17.979 9.49724 11.91241 30.83384 25.70222 0.0 14.17092 0.0 20.07156 
1000.0 23.55598 8.99071 21.38754 0.0 16.95798 27.3435 24.72688 33.10332 17.97951 23.37775 18.08499 0.0 20.36109 27.43263 32.67182 12.40849 33.32636 6.82635 27.34487 0.02506 27.94656 28.19311 24.96293 26.52583 10.86227 27.32499 17.82294 24.25348 31.57198 16.17499 9.14139 9.72219 11.91121 26.65139 16.80545 12.04252 21.86467 12.83636 29.61549 10.62183 20.56375 22.67751 19.86065 13.12797 30.3573 21.48587 0.0 23.26222 0.0 13.22744 
1000.0 28.04728 19.11141 15.25152 0.0 6.96077 10.02254 17.15953 14.18647 33.15146 26.7881 21.9232 0.0 20.12007 21.40077 8.29232 19.74425 33.69132 18.15699 27.57195 0.03907 19.6097 19.2429 29.07619 19.52439 8.71362 8.85883 33.59605 10.09396 33.26879 30.64074 14.15477 13.13418 30.77706 15.40548 8.93456 22.71895 26.76782 30.94894 16.96302 15.44145 11.31983 29.47897 33.48547 32.82765 16.17894 19.48977 0.0 26.67153 0.0 13.22272 
1000.0 28.88045 14.49205 31.08501 0.0 11.69011 32.73444 23.30434 24.22729 13.43341 32.08777 32.34072 0.0 8.94119 27.03081 33.40519 16.41907 25.8981 33.46907 13.08055 0.03696 6.99914 8.82951 33.53153 25.41182 17.46339 12.51248 16.04806 12.9715 11.20116 26.28448 29.62598 17.74933 20.02061 23.72133 29.10523 11.02742 11.24446 30.2196 8.98735 18.4566 21.27964 27.90598 29.92451 13.72171 22.76719 32.24905 0.0 13.91211 0.0 22.52106 
1000.0 9.0656 16.771 20.21588 0.0 28.85406 25.38409 31.90265 24.55051 14.92469 18.8331 7.16128 0.0 17.31154 19.51497 31.10817 16.86517 19.14842 31.05234 14.65801 0.01511 27.06635 10.74395 7.89707 17.12271 21.24299 29.45089 17.78599 26.92814 9.43572 13.0369 9.60131 13.61599 25.2622 9.29603 15.49706 23.7161 28.76821 22.14613 23.23989 29.72771 15.3618 28.77284 9.98169 10.76297 8.17223 21.72504 0.0 14.71575 0.0 22.30787 
1000.0 27.99592 25.33089 7.24426 0.0 13.05138 26.72886 24.78909 16.06397 16.79504 15.85688 19.52593 0.0 20.07509 9.32564 19.46546 25.94375 15.60065 20.37642 15.03775 0.03397 21.78596 6.82012 29.52701 33.27218 10.60156 15.9081 30.66453 27.51444 28.29776 28.17526 8.238 12.48023 7.71681 13.42823 16.60679 24.12573 33.65171 13.55544 33.3487 31.41829 23.74158 7.24408 23.04336 22.36806 24.41913 33.44853 0.0 32.15022 0.0 27.09484 
1000.0 24.1362 31.63731 28.14636 0.0 29.1151 23.72617 22.43205 14.09911 32.06137 16.53482 26.01273 0.0 22.76716 25.08877 33.27543 17.27849 8.67074 29.04195 13.52278 0.03211 12.86066 20.96286 9.15078 10.5599 28.10353 20.69886 32.97202 7.48126 25.21916 29.51394 28.63897 23.3504 18.17069 10.71292 15.96322 22.00069 28.39489 7.91183 14.43358 17.72824 30.33512 15.75005 30.09894 15.92636 24.46884 30.49284 0.0 27.67092 0.0 8.22469 
1000.0 22.51292 29.9589 9.0946 0.0 13.08414 27.53869 13.07614 30.75924 24.00395 17.86621 18.04213 0.0 29.27031 13.44706 11.60713 27.53565 22.41732 22.14189 17.99431 0.01488 29.06076 26.89148 14.66891 11.61679 28.62323 33.40596 7.88592 26.9185 17.52534 23.88762 15.61127 8.6748 8.46165 24.10274 11.14686 16.80931 23.23071 9.31501 15.45988 12.8688 7.49006 17.56064 27.93776 21.17753 7.50738 8.75933 0.0 8.85656 0.0 25.27251 
1000.0 15.32245 13.14933 22.13957 0.0 29.1264 30.68957 11.79812 15.92107 20.28339 25.37018 32.25601 0.0 33.32165 25.56702 18.0503 8.93556 22.4643 25.60108 17.8603 0.0188 31.75709 11.13636 13.2535 29.6571 10.30209 28.41389 8.48188 11.29664 33.15375 9.42984 18.92967 31.28109 30.66657 9.88631 16.41988 16.19215 21.40439 9.46012 27.49012 6.84622 9.41279 12.86041 12.36131 20.93667 19.21439 23.12752 0.0 31.72037 0.0 28.68293 
1000.0 30.16961 19.06353 29.61012 0.0 17.44493 13.03157 22.77094 23.04168 19.0283 16.41117 24.49113 0.0 13.80519 29.40674 22.03661 8.96143 29.37738 33.52985 12.17097 0.01569 23.53509 26.81132 32.28895 10.58624 31.0998 9.06566 14.75978 11.57197 31.14496 15.67275 22.47744 26.56854 27.60166 20.51069 19.21293 30.69778 24.31618 20.93948 32.98128 31.86306 17.57226 11.33643 14.21788 15.62459 27.29702 14.63915 0.0 26.62235 0.0 18.17063 
1000.0 20.99446 27.34074 14.47906 0.0 11.27307 7.44918 26.14256 6.79651 13.48785 7.52497 25.96495 0.0 20.42739 13.03866 16.88087 8.99167 22.42352 25.1161 23.00215 0.01933 25.72043 15.67126 10.6362 7.60995 27.5515 8.28847 31.47799 33.27815 22.28675 30.65777 7.23828 21.32601 8.16694 30.18853 29.26852 10.86696 8.63183 19.424 27.59047 18.02917 20.3624 30.44175 17.35508 9.93169 10.64448 18.30422 0.0 13.16077 0.0 29.92219 
1000.0 13.46417 12.00633 30.9961 0.0 11.6611 12.00124 15.34297 8.36875 13.6153 13.41743 14.14563 0.0 25.97902 20.72214 23.45798 15.19918 23.35144 25.03509 20.71263 0.00941 18.45459 28.09215 26.50691 12.84101 29.40873 16.84833 16.52936 10.15537 29.81153 28.37018 20.45087 27.67366 19.95597 9.12184 21.86314 18.33496 31.05621 31.37835 26.91069 25.05495 18.01191 33.61786 27.94244 31.06086 20.44821 16.19497 0.0 7.37525 0.0 33.63558 
1000.0 15.08727 25.39126 22.01513 0.0 9.21127 18.60854 29.43811 32.73581 21.78334 16.2974 15.61658 0.0 27.28827 10.05172 17.85887 27.60477 20.80833 21.59731 23.61221 0.01085 23.2587 28.71632 22.58771 31.81625 30.91591 14.26878 9.31806 10.62282 10.72118 7.37956 32.79381 24.2192 18.58439 18.93892 13.70478 18.50879 25.10439 22.13807 8.06871 28.0522 15.02218 29.47914 25.47078 28.06389 27.5505 18.05192 0.0 19.28497 0.0 23.09829 
1000.0 20.52979 6.84741 6.77972 0.0 27.74074 11.18714 7.06395 26.86388 7.75553 15.74 20.25823 0.0 7.25477 31.07273 25.91499 31.88827 30.91436 11.57227 13.97705 0.01057 6.81635 8.09678 6.92747 17.48615 21.36641 30.10928 15.15909 21.03032 21.26706 12.38611 26.07668 12.12598 26.33934 8.77967 29.78141 17.96838 13.52042 8.59567 13.14294 6.90434 22.66023 23.67948 19.6435 10.47863 18.13413 24.80705 0.0 31.28424 0.0 14.5698 
1000.0 16.03204 17.60581 12.87861 0.0 22.47241 13.62189 21.15868 33.58915 13.56683 31.60394 21.26209 0.0 11.24094 33.19687 14.16736 13.04595 14.68235 11.47564 20.64232 0.01217 15.973 22.5058 27.60272 8.5329 26.8626 18.5321 12.10985 22.05626 12.89518 10.3492 27.36275 10.95682 21.57301 23.85524 6.98987 22.41452 14.47038 10.01214 7.32636 13.5028 16.73332 9.06086 9.49429 31.63576 23.57247 22.35029 0.0 25.41547 0.0 26.22695 
1000.0 9.97933 13.92574 28.39239 0.0 11.53553 17.15074 28.89018 11.89291 21.98399 11.42148 16.41153 0.0 14.11897 15.67 25.28806 16.04189 23.19461 21.85539 26.84868 0.01418 15.62182 13.03055 23.00868 16.22105 24.79785 10.08995 22.81175 15.93228 29.19831 21.39475 20.84907 31.89525 17.85408 20.34406 19.13148 22.17384 29.69183 32.63635 24.90248 7.7947 13.84397 18.01329 28.19548 13.47352 24.68976 14.96771 0.0 18.19326 0.0 14.43568 
1000.0 31.30497 25.0081 14.96512 0.0 8.54992 9.86503 7.2172 25.73405 18.30045 23.05946 27.44387 0.0 16.43894 27.38819 21.71706 25.82483 7.15427 22.27214 27.82914 0.02695 31.01138 23.57789 30.23247 26.44163 9.5648 22.83542 27.37286 27.86892 14.17123 33.31914 12.82106 22.76409 13.56649 11.55259 22.73614 31.69373 18.48259 15.29806 24.08369 21.51675 15.63438 13.36872 28.65937 28.59046 30.22243 11.88441 0.0 18.55045 0.0 13.92864 
1000.0 9.20631 19.06194 16.09529 0.0 27.81896 7.21513 24.39123 27.20818 23.46124 25.14071 11.3069 0.0 8.39787 11.33873 30.49387 30.1282 9.26907 6.82676 24.36237 0.01986 11.84014 22.47479 6.98181 13.01241 10.27619 8.04794 30.01135 27.07244 28.94281 32.65205 26.09595 31.27481 12.95848 7.55488 29.35459 24.65881 28.68652 27.80781 27.666 25.83488 18.87471 33.67022 22.68479 20.25911 21.81137 9.18662 0.0 11.39989 0.0 17.80168 
1000.0 30.65353 24.16712 26.0723 0.0 7.46893 22.44592 31.82839 17.05143 10.02918 10.37882 32.66956 0.0 26.46506 20.60804 12.57081 25.86153 26.2821 11.00471 11.82697 0.03996 29.37116 24.0461 28.97749 13.94364 8.37632 19.08749 6.83579 33.09817 16.54502 20.96276 20.07376 24.63149 26.4789 9.54889 11.56667 28.2023 12.37283 32.77491 21.19698 15.17613 22.55725 17.93385 8.25085 24.92442 10.35978 32.69177 0.0 12.8627 0.0 15.30517 
1000.0 15.34331 31.25512 7.64481 0.0 32.20991 28.96336 30.35964 23.36291 26.86371 16.31411 18.18469 0.0 28.35847 8.5692 11.80058 30.9776 8.23251 28.2786 31.15555 0.03718 18.11997 19.06336 26.16237 12.18378 9.20614 9.67892 10.06454 26.14722 9.20207 16.87032 16.0295 29.60459 19.79499 12.16896 10.843 29.72354 10.84522 23.8173 9.96397 33.67648 20.20572 15.90081 19.382 27.08782 25.42462 9.18901 0.0 22.79304 0.0 28.07601 
1000.0 0.0 0.0 0.0 30.60479 0.0 0.0 0.0 0.0 0.0 0.0 0.0 18.9835 0.0 0.0 0.0 0.0 0.0 0.0 0.0 0.0 0.0 0.0 0.0 0.0 0.0 0.0 0.0 0.0 0.0 0.0 0.0 0.0 0.0 0.0 0.0 0.0 0.0 0.0 0.0 0.0 0.0 0.0 0.0 0.0 0.0 0.0 18.17426 0.0 23.36162 0.0 
1000.0 10.79437 23.14024 30.64414 0.0 12.90185 28.63087 9.79661 14.26688 8.91929 20.93248 20.00028 0.0 10.10177 18.4043 24.92216 16.75014 13.97259 29.90671 30.3676 0.03659 29.83131 22.04772 33.67729 19.4739 27.61041 30.48793 29.49163 33.36567 18.51629 24.28202 27.14489 15.82142 33.04307 31.83919 7.21238 10.1536 17.26833 28.26539 20.91269 14.57797 18.1533 22.71445 25.18509 17.69008 30.25759 24.51602 0.0 18.03321 0.0 29.16912 
1000.0 0.0 0.0 0.0 15.70726 0.0 0.0 0.0 0.0 0.0 0.0 0.0 20.25581 0.0 0.0 0.0 0.0 0.0 0.0 0.0 0.0 0.0 0.0 0.0 0.0 0.0 0.0 0.0 0.0 0.0 0.0 0.0 0.0 0.0 0.0 0.0 0.0 0.0 0.0 0.0 0.0 0.0 0.0 0.0 0.0 0.0 0.0 21.79958 0.0 23.43088 0.0 
1000.0 31.82656 29.37291 25.01026 0.0 13.04062 19.68853 18.30002 29.85401 7.7621 23.60139 19.10682 0.0 27.21671 21.79368 8.55616 25.6648 19.14899 22.03251 26.12721 0.01969 9.23622 29.67182 9.27664 18.00543 8.1327 31.53763 23.45179 16.87852 25.40942 17.76626 29.21694 32.50426 31.44593 22.94605 32.20966 19.34636 7.21802 14.76863 33.45011 19.22312 27.78973 9.82348 16.61743 24.01311 8.91927 16.06777 0.0 16.923 0.0 24.764 
