1000.0 1000.0 1000.0 1000.0 1000.0 1000.0 1000.0 1000.0 1000.0 1000.0 1000.0 1000.0 1000.0 1000.0 1000.0 1000.0 1000.0 1000.0 1000.0 1000.0 1000.0 1000.0 1000.0 1000.0 1000.0 1000.0 1000.0 1000.0 1000.0 1000.0 1000.0 1000.0 1000.0 1000.0 1000.0 1000.0 1000.0 1000.0 1000.0 1000.0 1000.0 1000.0 1000.0 1000.0 1000.0 1000.0 1000.0 1000.0 1000.0 1000.0 1000.0 
1000.0 20.01417 14.663 23.6759 0.0 27.87271 8.43051 21.40385 35.61792 13.26547 29.64795 28.28582 0.0 12.44327 16.08277 19.3856 32.04818 25.8973 18.5511 14.31251 0.03866 31.68996 37.38657 10.76259 34.01543 28.40968 15.5449 17.54976 28.28581 7.97227 37.4731 29.3735 19.40127 10.35061 28.7816 24.71478 28.8841 7.63472 20.87896 19.41038 31.85261 27.32167 9.03981 26.2267 36.77951 19.1141 18.43157 0.0 19.56708 0.0 14.38504 
1000.0 27.29205 12.1172 35.78139 0.0 16.70257 8.14196 21.52792 11.12664 18.95796 36.18729 15.75829 0.0 34.91449 14.70328 16.53733 18.32561 12.37824 33.2214 30.7961 0.0243 27.8393 19.42088 20.7828 22.78755 19.6822 28.78583 35.64617 19.51415 25.04368 17.92313 16.84599 12.52495 15.99293 34.30409 36.8746 15.18577 16.92335 15.11526 37.02016 7.76589 15.76111 34.56159 25.51792 27.55204 17.24907 8.53266 0.0 32.85326 0.0 12.20358 
1000.0 18.15908 36.36848 12.31663 0.0 25.90246 14.99078 36.4791 13.41912 8.55947 31.11295 20.44518 0.0 33.36555 11.64701 31.72574 31.16381 8.62202 35.28306 17.0473 0.01934 24.85075 9.99501 15.87167 24.77665 31.2662 37.06337 24.42721 28.22349 30.96136 23.71942 12.58006 36.44581 23.77907 36.70983 24.12124 31.73891 25.09364 26.86449 20.01563 20.90775 17.04196 27.21854 25.95649 26.44105 25.74122 16.59663 0.0 36.8732 0.0 26.50451 
1000.0 0.0 0.0 0.0 33.00171 0.0 0.0 0.0 0.0 0.0 0.0 0.0 30.99794 0.0 0.0 0.0 0.0 0.0 0.0 0.0 0.0 0.0 0.0 0.0 0.0 0.0 0.0 0.0 0.0 0.0 0.0 0.0 0.0 0.0 0.0 0.0 0.0 0.0 0.0 0.0 0.0 0.0 0.0 0.0 0.0 0.0 0.0 14.13153 0.0 23.21378 0.0 
1000.0 17.50244 13.46924 32.64581 0.0 11.87696 27.91252 35.62771 29.81017 33.41581 25.35632 33.30728 0.0 20.46504 31.7306 20.45228 32.10424 25.61492 36.83137 36.06629 0.02371 29.03198 29.16655 22.86241 33.3371 9.84117 36.67029 25.37898 13.53329 20.06181 11.40112 28.76008 10.76965 10.99885 19.25539 19.06742 17.06036 29.74976 12.53896 26.1517 30.60401 20.71182 24.84812 26.28632 20.31623 24.54301 20.17845 0.0 24.64486 0.0 7.69753 
1000.0 25.63723 14.61802 27.0655 0.0 24.92084 19.26561 29.4521 22.45636 8.81388 11.22105 23.14332 0.0 16.0782 18.28405 26.41177 8.0921 20.41178 36.63827 11.76053 0.01507 28.64485 33.33884 29.77263 31.76579 20.93533 35.54953 29.87844 18.08483 37.59553 10.53697 18.07729 10.47187 19.69124 28.80461 17.21706 15.39822 20.98212 22.77121 18.39142 28.48998 13.87701 25.75427 26.04316 9.67959 8.51355 17.81744 0.0 17.18552 0.0 35.81674 
1000.0 31.66316 25.88001 35.78845 0.0 21.16576 20.63502 37.20561 28.56328 11.72458 27.79951 27.99437 0.0 36.07858 30.38555 33.43608 7.98369 19.79231 35.55735 28.12101 0.01198 15.05631 13.57831 32.862 28.19394 22.65182 15.72378 20.16219 25.29032 17.09658 7.94729 13.31992 8.78656 37.01728 28.0942 10.29587 12.1347 26.90602 16.0422 34.0381 35.33619 16.55947 8.58372 24.18223 19.23237 9.38262 19.10618 0.0 27.16247 0.0 36.22472 
1000.0 19.52921 32.43536 27.2567 0.0 17.32406 21.8052 34.24161 35.99745 32.6827 22.79678 12.58523 0.0 10.8263 34.59496 10.02492 32.09153 26.38641 9.36246 10.97229 0.01743 23.98728 35.73098 33.55833 30.96318 27.9237 36.87914 17.75411 37.64112 20.00672 16.31882 25.03722 11.88646 26.02663 36.82491 16.23584 31.7788 26.11574 25.78251 20.12683 37.2948 19.60027 19.4564 10.52627 9.88125 15.3885 33.20779 0.0 9.57485 0.0 35.13719 
1000.0 11.34767 28.15763 28.60641 0.0 12.28864 14.21552 32.6574 17.29405 31.76632 31.56952 21.49795 0.0 30.51605 21.43345 19.9802 17.71564 28.04989 30.59758 28.91614 0.02748 26.94737 20.26489 22.50571 36.93998 21.13654 14.34614 20.52408 9.47314 9.23819 15.95473 13.92465 33.24599 15.38623 7.99022 30.6946 10.7054 11.913 31.30172 23.34571 24.42296 11.26513 25.21236 17.59391 10.14523 18.73232 16.73036 0.0 37.63175 0.0 21.6095 
1000.0 14.91698 21.67705 30.12118 0.0 30.82267 18.56061 13.56577 16.85591 13.42984 29.95768 17.1837 0.0 36.59405 11.41572 30.89868 28.04316 8.80868 11.29294 17.61249 0.03436 34.87551 23.82029 9.5208 24.1249 20.17807 29.95341 15.9369 34.69685 35.34395 11.707 20.70788 33.37759 17.21646 23.82269 22.69487 18.72417 15.4034 31.22619 28.43582 32.78621 25.99481 11.66084 33.4116 37.08426 20.05492 11.49105 0.0 17.72833 0.0 19.15759 
1000.0 11.57476 11.18434 24.22524 0.0 31.117 30.07862 11.98681 13.23516 9.09288 26.00552 15.83106 0.0 16.51168 8.67069 34.93865 34.72206 20.43139 28.2576 10.82675 0.02883 29.89218 19.11107 25.98273 30.07449 17.20644 8.51125 7.7803 20.46274 29.39155 32.57307 18.96278 30.89108 24.41976 19.33423 33.93737 25.42122 25.32582 14.27906 22.19197 21.3994 19.53032 23.71496 9.83849 26.65651 27.7019 28.93299 0.0 28.74986 0.0 21.115 
1000.0 0.0 0.0 0.0 32.55345 0.0 0.0 0.0 0.0 0.0 0.0 0.0 37.63904 0.0 0.0 0.0 0.0 0.0 0.0 0.0 0.0 0.0 0.0 0.0 0.0 0.0 0.0 0.0 0.0 0.0 0.0 0.0 0.0 0.0 0.0 0.0 0.0 0.0 0.0 0.0 0.0 0.0 0.0 0.0 0.0 0.0 0.0 24.5972 0.0 35.42126 0.0 
1000.0 18.86356 8.63317 15.13516 0.0 16.11314 37.13136 18.47587 34.6747 32.22923 23.31028 12.89203 0.0 37.04993 18.1069 15.12115 33.64635 24.95739 18.13041 30.69261 0.00878 28.83798 18.83916 14.11635 26.52187 32.19665 29.48523 34.55228 27.66972 9.68243 16.11012 23.41905 16.47795 10.41426 37.11362 25.01253 29.0741 24.96711 28.68159 35.86295 30.79638 32.87845 21.36266 12.02257 27.04852 33.9625 32.57951 0.0 31.2074 0.0 7.97074 
1000.0 31.71263 28.51991 8.17569 0.0 11.39984 32.68483 13.75922 24.65886 9.28111 26.75757 16.47279 0.0 32.50265 36.80854 7.60314 32.36991 30.03957 30.31979 31.8364 0.02569 33.21409 37.30062 30.12051 29.23094 17.20665 31.40474 28.75319 29.76345 25.55625 20.07875 29.80996 30.79822 7.80794 34.14737 27.80134 22.27127 32.59936 36.33011 11.99911 32.30686 10.16671 36.34601 14.38277 11.89864 29.30032 12.62503 0.0 17.78804 0.0 31.3166 
1000.0 26.72109 9.02997 13.80444 0.0 14.82091 17.91568 27.76489 35.47738 14.94142 13.45025 16.96296 0.0 9.08737 34.036 32.8033 37.10933 13.84218 22.07788 10.82761 0.0295 8.72892 25.98171 32.8457 37.10233 15.40438 36.34923 25.22172 32.79745 11.34832 36.08842 14.95627 8.39495 29.28739 26.51929 24.08502 18.37395 36.60688 28.57774 24.07407 31.5933 15.6407 27.00301 27.02865 31.11789 19.48047 27.29135 0.0 16.99056 0.0 32.00556 
1000.0 10.65291 37.54963 9.79428 0.0 26.12297 15.16818 7.55106 29.71241 31.41977 32.10154 10.36425 0.0 22.99651 14.74829 25.3767 27.71423 26.44122 37.40301 35.80811 0.03284 12.75764 8.00046 20.56039 32.23946 14.3445 22.72511 16.74234 16.28075 13.58941 21.09959 37.04888 37.51029 14.52868 31.7766 32.24409 20.47914 24.52922 14.53894 17.51338 11.92284 29.61348 18.54343 26.66658 28.29178 22.08552 12.91477 0.0 18.1529 0.0 15.17458 
1000.0 29.20252 34.95851 14.39388 0.0 35.50905 7.96514 18.76264 31.62303 23.89531 20.61853 8.43229 0.0 17.25416 33.791 17.50446 25.24851 18.76918 9.73401 26.23654 0.01153 37.1751 15.83252 22.37389 23.02774 31.93637 30.04211 18.61385 32.51997 8.96973 15.83682 33.50868 21.24409 13.0859 11.61456 13.50241 19.2523 22.02141 9.72763 37.36058 14.53539 32.62772 26.79434 35.38655 32.42648 8.78521 21.86716 0.0 31.29839 0.0 29.84962 
1000.0 25.75582 31.131 16.31827 0.0 14.49196 19.05099 17.60694 33.29096 14.50362 17.008 20.02599 0.0 17.53044 35.84192 34.37705 19.27993 25.26937 34.54241 18.27082 0.01781 25.7278 13.22997 28.92075 20.79411 26.1463 15.58255 35.55548 23.85492 19.09504 30.74694 30.44957 30.73214 25.03166 30.06036 19.64566 12.63229 16.28621 19.76694 36.81203 21.93118 20.52449 30.21661 16.06954 9.34203 8.97185 15.2102 0.0 15.92995 0.0 18.09815 
1000.0 26.16326 22.10806 36.09035 0.0 26.46223 9.10682 10.053 11.51945 10.70567 16.27445 15.60484 0.0 26.06248 12.52581 9.52096 35.02411 32.97988 21.1434 25.51894 0.03018 23.01578 16.51903 21.50139 13.98642 17.40049 25.37052 18.81831 27.70224 15.292 8.92046 19.74099 36.77733 24.82437 9.11485 23.85191 28.74883 19.7623 14.57103 19.54744 27.16444 12.20371 17.29141 31.45981 8.12917 16.12552 24.08669 0.0 36.73054 0.0 11.27994 
1000.0 0.1276 0.06688 0.05514 0.0 0.08112 0.11399 0.03735 0.08316 0.08105 0.14844 0.11472 0.0 0.15246 0.15999 0.10777 0.15428 0.13622 0.17175 0.14415 10.53309 0.08438 0.06061 0.09477 0.17074 0.16785 0.09484 0.06497 0.04309 0.07229 0.07109 0.15825 0.07475 0.05443 0.04901 0.0455 0.03648 0.04917 0.14574 0.1403 0.05348 0.1154 0.03978 0.05087 0.08844 0.16079 0.13391 0.0 0.12822 0.0 0.08839 
1000.0 17.30193 21.93177 23.77809 0.0 37.60045 12.30378 24.64347 9.37122 11.13756 12.19331 10.00196 0.0 17.73607 26.13921 36.46509 24.86404 21.77704 15.42776 31.39314 0.03841 16.46842 21.79983 16.37056 23.81596 12.75297 10.66428 24.27343 31.49505 33.65245 36.2959 32.73165 24.33405 18.15104 20.73015 19.63447 36.95601 20.2263 8.18966 14.04582 32.69744 34.91097 19.73067 18.70028 8.62141 30.94037 36.13621 0.0 9.58718 0.0 27.40166 
1000.0 36.50459 30.09407 8.18031 0.0 18.12706 16.47851 34.53133 11.47932 24.15984 31.39625 18.07347 0.0 32.52306 26.02444 13.97242 35.02908 30.9921 23.49265 8.12228 0.01995 27.57076 35.54736 20.76262 30.99259 33.74677 8.50492 27.30908 35.98169 7.61758 16.11998 23.5891 33.06547 26.68874 21.38567 23.00517 34.60233 30.0764 12.79285 13.26425 7.83309 31.25785 12.45707 16.17057 25.49058 24.19779 17.45653 0.0 27.72813 0.0 9.90054 
1000.0 8.98554 36.60123 16.10093 0.0 16.51055 14.78827 19.31838 19.11094 16.52231 29.77203 15.90424 0.0 28.89847 10.33236 10.01252 33.09962 22.09789 21.99242 26.26584 0.04211 17.76872 18.68194 29.76079 15.21896 9.45704 34.53064 36.29706 29.28735 12.89992 30.95761 13.65404 27.89716 16.82248 13.5901 36.10325 25.68255 36.31437 22.20919 8.23268 36.0112 8.54954 17.90417 25.15708 27.91521 29.89658 13.9589 0.0 27.65742 0.0 8.3755 
1000.0 17.43441 17.28838 18.87827 0.0 11.42343 11.64432 17.75228 17.35757 15.51373 26.25854 27.85259 0.0 11.89787 21.57635 37.33803 8.64875 14.46596 12.10589 25.18523 0.01988 30.2831 31.81047 24.65866 24.86155 31.19464 18.72582 8.45766 9.10028 20.38377 20.78073 10.4576 30.33811 27.3953 17.91023 18.22639 22.88673 19.09464 16.34246 29.22542 32.51034 17.84375 19.18623 16.90532 10.59842 19.82432 29.00088 0.0 32.40696 0.0 12.84649 
1000.0 14.37616 9.62365 32.46957 0.0 30.42133 10.21477 14.96114 13.7203 17.35156 12.93364 29.0539 0.0 25.35755 21.59406 36.6764 20.09343 12.83447 21.32564 30.22222 0.03334 31.29719 12.3127 33.0018 16.30964 7.59519 15.23972 15.82148 36.21264 22.91902 16.78622 9.98714 18.05183 10.19377 26.46867 34.26986 28.52954 34.4759 13.69799 34.86803 31.02458 19.71817 18.12162 16.1068 27.4693 14.49518 7.7913 0.0 33.45422 0.0 10.21153 
1000.0 34.36083 31.89921 37.55741 0.0 30.44294 13.18815 13.08502 31.66281 24.6842 28.52029 8.06822 0.0 22.52766 16.85703 28.22255 30.46844 8.88729 25.58378 8.16506 0.03589 29.35659 32.28299 10.47896 19.26854 12.56539 18.86594 24.27975 20.64307 34.21091 21.31584 9.39991 23.18441 13.77494 9.52897 36.97332 24.83822 30.47441 32.00192 11.20746 16.37835 11.71539 10.97855 22.94193 36.40933 33.822 11.1466 0.0 32.66732 0.0 27.91522 
1000.0 9.73085 19.35556 21.91162 0.0 17.84454 32.89112 26.00556 22.3122 14.25164 19.07741 17.88933 0.0 37.58511 15.61498 21.06293 17.32594 15.50851 10.53247 11.8078 0.04271 10.36537 27.10991 29.64095 35.3445 18.66657 25.78623 24.92068 22.94 35.31316 31.57437 7.5712 14.77135 27.08437 14.90043 37.4227 36.24704 18.661 14.39354 27.85939 12.80342 30.95173 33.11774 36.426 35.22694 21.69738 28.62824 0.0 31.8283 0.0 25.01834 
1000.0 12.11034 21.25297 8.04289 0.0 9.2718 27.4722 7.85511 15.8979 22.0029 15.11552 16.44539 0.0 25.64782 31.47301 19.90298 21.72472 25.67492 25.65063 8.57585 0.02672 30.47585 31.8141 9.4819 11.36602 17.45114 35.59168 27.62909 26.00838 25.70563 24.7319 32.95451 26.22986 11.33316 25.7444 20.11224 20.30155 8.05427 14.94118 28.77569 19.37716 30.76856 19.55798 35.48655 21.57275 13.21552 21.49247 0.0 31.2828 0.0 12.51723 
1000.0 16.22727 15.97977 9.40315 0.0 16.2764 21.11608 17.9736 24.89858 24.61283 18.33618 17.35709 0.0 15.52002 13.27939 31.27137 23.40312 14.39888 35.76575 30.43429 0.0411 20.70019 14.59959 11.14988 10.2752 20.12365 19.87171 8.2509 28.29051 26.01665 37.31625 14.86611 23.45278 33.30496 7.81442 15.21825 33.04793 28.96417 11.46121 9.59345 35.35953 25.2633 34.44378 21.30242 33.92913 18.63576 8.54403 0.0 25.98124 0.0 10.57853 
1000.0 14.32574 27.17687 36.72262 0.0 27.20809 16.69061 26.26436 30.51374 21.80841 10.14164 10.38477 0.0 9.52815 14.24311 9.37445 11.70939 15.95364 8.17512 14.09477 0.02953 11.39095 35.04528 30.63826 29.29047 37.19932 18.79341 27.04752 28.6391 15.96687 12.13939 26.79673 30.11655 35.49237 34.60823 28.31479 17.14692 13.22961 15.88974 24.88109 28.89546 18.86355 20.54052 29.57428 37.04946 25.16353 21.25355 0.0 13.97737 0.0 26.53134 
1000.0 36.4155 17.39022 29.02136 0.0 11.69961 11.77307 37.27047 34.33181 11.26337 11.32605 10.13747 0.0 18.98559 34.60161 29.60552 29.4291 22.50755 18.43883 19.85505 0.03719 18.56485 25.64426 27.18594 26.43286 8.43585 8.9061 8.80712 13.77411 36.44983 23.87135 30.90385 27.89564 18.3768 9.00984 28.93381 35.90356 7.65632 8.58022 27.52046 21.54147 16.74529 33.35358 18.72892 34.08675 23.70802 24.4568 0.0 24.36999 0.0 36.87756 
1000.0 25.45809 22.51531 8.55878 0.0 17.01553 10.91462 27.16937 26.96954 35.09461 12.86854 13.44579 0.0 26.09044 16.05499 15.44216 9.10358 33.58337 33.33911 19.31232 0.03716 31.58452 26.27035 29.63931 8.11134 20.5439 28.01893 21.64659 11.37758 34.45175 34.5606 9.85318 24.76883 32.00832 35.58475 21.88094 21.77454 8.99845 34.56832 25.25433 19.49154 8.59195 14.73583 24.36453 25.64719 21.51718 11.54322 0.0 29.2765 0.0 20.2309 
1000.0 25.40838 33.14761 33.49578 0.0 33.1438 35.14174 10.63494 11.81859 14.77383 31.03075 18.32428 0.0 25.88455 14.0176 17.66665 23.17735 14.47605 15.24668 9.55087 0.03258 20.08873 29.67568 24.9914 36.06062 37.55538 20.18378 8.80086 11.52945 16.32397 21.08726 8.8615 11.99992 13.25055 21.76957 13.68772 20.80267 9.59532 8.65901 16.85613 34.15335 35.7115 12.1957 26.54968 36.22799 9.53893 25.89216 0.0 33.95598 0.0 36.89281 
1000.0 21.71133 30.68017 9.26038 0.0 21.9436 19.91688 28.6477 13.77065 28.44942 16.67249 23.74896 0.0 21.65409 13.61357 7.94454 30.32981 37.54582 28.82763 29.69679 0.02311 27.415 27.31145 28.35555 33.29509 21.16284 25.46581 8.82652 10.29679 15.39919 27.11955 24.96237 28.42986 30.04541 35.31421 17.43003 34.49179 33.17042 8.9569 34.44282 27.83 8.661 19.04932 32.34999 16.61487 36.65536 31.2262 0.0 36.39379 0.0 12.72513 
1000.0 28.99062 11.20368 23.94698 0.0 37.17015 30.00584 11.92533 21.95113 25.17514 33.25799 10.25875 0.0 33.19094 26.05502 8.44256 28.30306 10.3658 24.47606 30.46197 0.02081 15.44896 15.30995 20.51728 21.84595 36.03266 35.52935 12.2272 21.98453 36.77842 24.8694 28.04064 29.41615 29.63802 21.86472 12.45677 29.8981 30.93817 21.64154 13.78481 24.28906 14.4382 9.1901 30.10008 15.55149 18.19968 21.72372 0.0 23.44682 0.0 9.31901 
1000.0 26.64517 32.60061 14.81638 0.0 12.40414 25.11462 36.42487 18.72853 34.87796 31.14076 31.57064 0.0 24.97212 10.62643 20.23689 20.72007 18.9487 16.87597 34.2813 0.01175 17.48516 22.44256 36.99438 18.3949 28.37889 8.3248 14.64999 28.88081 20.97783 37.06801 31.12717 14.3947 13.1577 9.94089 9.19404 19.32864 35.52852 16.41536 30.92333 11.93104 16.59767 27.77556 14.62527 34.34528 10.08399 9.66002 0.0 26.62427 0.0 20.04 
1000.0 13.86759 28.46662 35.02263 0.0 36.52262 32.30052 13.75397 26.35643 11.09779 15.54275 24.82597 0.0 29.02939 33.2512 35.42555 10.15456 24.14132 28.32918 29.19739 0.01788 27.98898 23.9254 15.19618 11.86844 20.33541 22.39585 16.89371 35.18389 13.25157 33.71652 20.45606 12.41758 23.07537 16.70432 17.43555 34.24919 32.00678 32.29673 16.27165 33.23804 19.1698 29.47288 13.57915 8.06251 8.42886 11.91866 0.0 18.84922 0.0 17.03176 
1000.0 13.14554 28.64949 36.73916 0.0 24.74854 25.56674 26.87576 10.26557 35.09081 15.11771 22.79042 0.0 34.9245 34.01046 36.25935 10.93277 30.88241 36.89008 11.65988 0.03135 29.75333 30.30864 10.79085 16.55526 10.11071 19.18444 30.87566 33.93636 30.91497 26.21548 7.92581 7.9073 12.24582 28.60467 13.83963 8.28237 22.794 15.68298 30.48182 15.9829 21.58777 14.42152 19.97014 31.00078 28.13685 12.99199 0.0 16.01628 0.0 13.38817 
1000.0 35.8488 27.20007 16.12923 0.0 25.19328 36.55915 31.81667 11.99817 10.66049 16.65311 17.11798 0.0 28.03666 25.30915 16.72431 20.91567 11.50644 34.66422 19.43684 0.02226 13.95121 30.11722 9.22189 36.66491 33.09965 9.82642 24.617 13.13932 32.23443 33.50835 18.58843 12.45643 28.97436 29.1162 17.11293 34.69897 30.43141 12.08313 20.11195 35.09584 17.40043 28.08957 7.68361 27.79567 34.72891 8.29318 0.0 33.57152 0.0 22.84608 
1000.0 31.77832 37.31607 20.09483 0.0 32.35809 29.44843 28.9537 14.58087 24.762 13.59426 32.53958 0.0 21.73821 27.89604 29.98019 14.2707 9.24572 29.70885 19.16647 0.0104 29.64141 30.79676 9.43295 24.39562 33.78077 26.83342 21.46654 23.61465 31.00024 26.27307 19.78587 32.75836 35.95011 10.00663 7.63921 27.50539 22.53763 15.58311 30.22235 7.93708 33.85507 21.52048 26.88983 35.99444 23.72567 22.75638 0.0 9.28804 0.0 29.91488 
1000.0 25.84177 28.62554 19.47178 0.0 23.60956 24.70598 36.49712 31.59686 36.10537 18.63396 28.69395 0.0 18.83203 14.53678 17.1855 8.76388 11.68042 37.38609 17.60355 0.01438 35.16775 10.3644 8.37908 18.24196 7.54532 11.68494 35.05223 14.11124 22.59468 10.07445 27.92179 10.6445 19.25561 28.62391 37.35888 16.55887 9.11489 28.82514 32.38373 10.00911 32.51781 36.11072 13.20253 28.21961 30.15027 17.16297 0.0 17.58229 0.0 34.75502 
1000.0 19.81767 34.28518 17.79031 0.0 22.83146 20.70691 36.16973 33.43825 34.60445 10.62206 37.02148 0.0 10.5058 14.18001 23.15978 20.1983 8.6379 35.65848 32.36624 0.01934 31.72115 32.69934 18.34152 34.65414 8.08369 35.67378 24.44487 32.54248 23.71161 31.55197 30.55939 28.96094 31.00269 24.26787 28.44487 9.48666 33.97875 16.79468 8.34453 25.98119 17.06201 11.36355 26.3022 24.33702 33.20719 24.81651 0.0 16.74162 0.0 26.0159 
1000.0 34.33131 29.79404 29.36552 0.0 34.98008 30.11047 24.23062 22.89826 19.7569 14.66298 13.04792 0.0 14.13554 36.89449 18.87261 26.56373 23.73345 26.90755 30.12667 0.00937 18.97862 30.19317 35.61287 18.88986 32.27278 21.38171 10.09008 8.83399 20.21743 24.87827 35.20942 35.28625 16.77391 11.10103 26.10749 12.86706 17.88434 14.6543 31.3847 31.35754 12.23288 20.93484 33.28494 32.41265 23.77304 9.05284 0.0 21.39609 0.0 25.31161 
1000.0 21.27351 14.2104 19.34329 0.0 29.4477 25.88506 19.09533 21.51127 27.15956 31.58391 36.6072 0.0 19.62873 14.02586 19.64923 37.02276 19.52632 25.79456 32.07948 0.04324 9.70282 14.22412 28.28572 12.10754 33.28147 29.52902 25.02748 18.6247 33.62226 19.46844 29.51641 37.34887 22.7523 24.80478 25.12937 28.96503 12.20807 19.3072 10.3449 26.42823 10.07871 14.33036 26.79069 16.37039 30.76017 23.69551 0.0 10.71306 0.0 10.85522 
1000.0 9.40113 27.55019 31.3521 0.0 21.90528 31.83408 25.31978 32.98679 16.16527 37.10848 16.35049 0.0 34.33393 16.25283 22.55036 28.65138 34.87911 7.80521 11.25278 0.01317 13.39796 15.14379 13.43135 10.10155 37.51165 15.50071 37.33977 33.24624 14.1575 20.06112 22.52678 12.17727 32.47625 35.38727 22.15558 36.64096 8.16646 9.8034 16.39209 20.03194 22.17603 29.65174 18.72287 30.9786 8.16097 14.62053 0.0 19.18546 0.0 19.09699 
1000.0 37.45144 11.61069 17.13324 0.0 19.58523 36.73587 19.10896 32.78744 14.82677 16.06638 12.4582 0.0 33.28431 28.13176 32.12033 13.15534 26.74615 26.06707 12.59 0.02066 12.83769 8.92399 14.66534 18.4117 31.46405 12.39402 37.62016 23.00143 11.29938 35.79343 16.22063 36.62973 14.47596 27.65063 11.15065 9.10049 37.0908 23.49052 17.10607 16.79974 28.73029 8.6196 16.17087 34.91069 23.44872 37.48835 0.0 13.36917 0.0 28.10729 
1000.0 0.0 0.0 0.0 27.53706 0.0 0.0 0.0 0.0 0.0 0.0 0.0 26.4954 0.0 0.0 0.0 0.0 0.0 0.0 0.0 0.0 0.0 0.0 0.0 0.0 0.0 0.0 0.0 0.0 0.0 0.0 0.0 0.0 0.0 0.0 0.0 0.0 0.0 0.0 0.0 0.0 0.0 0.0 0.0 0.0 0.0 0.0 37.00689 0.0 10.23709 0.0 
1000.0 24.0334 18.53284 21.69489 0.0 13.92515 19.13773 9.41806 30.0428 13.66723 14.05193 25.03375 0.0 28.16857 14.65032 8.29737 24.42019 12.54283 19.00384 15.00494 0.03282 12.01104 30.88397 19.12762 34.66903 26.73475 29.08844 17.34255 26.32449 24.74624 21.27 21.02944 10.93581 21.2348 17.6256 31.34874 27.51235 8.06717 36.5764 25.10269 36.04792 32.35371 21.0888 22.03569 22.0736 33.46712 16.69352 0.0 10.02056 0.0 18.91726 
1000.0 0.0 0.0 0.0 27.8714 0.0 0.0 0.0 0.0 0.0 0.0 0.0 34.32115 0.0 0.0 0.0 0.0 0.0 0.0 0.0 0.0 0.0 0.0 0.0 0.0 0.0 0.0 0.0 0.0 0.0 0.0 0.0 0.0 0.0 0.0 0.0 0.0 0.0 0.0 0.0 0.0 0.0 0.0 0.0 0.0 0.0 0.0 31.04525 0.0 27.52963 0.0 
1000.0 15.82262 24.75907 32.54049 0.0 33.27772 16.48241 20.90613 25.20531 36.96309 16.8876 22.75512 0.0 13.38465 23.47785 32.26947 25.1277 21.6992 34.5402 29.77436 0.03744 21.95282 32.48756 22.21045 11.11311 15.13417 32.45489 19.36919 21.55702 28.3762 31.1667 24.43093 29.09795 35.32719 13.72404 19.16361 11.65234 34.63745 32.24252 27.76872 33.51833 13.97805 25.56511 29.02846 21.06124 12.79112 8.43426 0.0 21.06261 0.0 22.58864 
