1000.0 1000.0 1000.0 1000.0 1000.0 1000.0 1000.0 1000.0 1000.0 1000.0 1000.0 1000.0 1000.0 1000.0 1000.0 1000.0 1000.0 1000.0 1000.0 1000.0 1000.0 1000.0 1000.0 1000.0 1000.0 1000.0 1000.0 1000.0 1000.0 1000.0 1000.0 1000.0 1000.0 1000.0 1000.0 1000.0 1000.0 1000.0 1000.0 1000.0 1000.0 1000.0 1000.0 1000.0 1000.0 1000.0 1000.0 1000.0 1000.0 1000.0 1000.0 
1000.0 33.01115 36.2915 9.66795 0.0 27.70931 21.21462 16.39059 38.59831 16.40965 21.77758 10.00827 0.0 27.01089 13.83878 28.10159 16.32206 17.4169 38.38949 11.05844 0.02572 30.57753 21.23031 15.86517 35.39935 13.09042 12.2826 31.23149 10.08842 27.18764 34.36958 22.92617 18.63631 17.21196 35.47612 10.29167 37.49219 26.445 37.7803 21.70352 30.0961 14.45331 13.76811 31.2479 29.64377 15.54558 13.93189 0.0 11.28272 0.0 13.13552 
1000.0 38.55114 34.89408 37.65942 0.0 32.16388 36.36438 10.50819 27.82894 14.84457 9.77096 31.65819 0.0 22.31056 20.75421 32.05354 32.39462 17.21385 31.33712 36.90515 0.00978 13.00983 36.26187 37.09644 28.6654 34.3129 12.08331 9.70009 37.04215 22.09078 35.49421 16.73763 18.62483 21.84393 19.57568 20.42904 7.97576 32.18866 23.55403 32.74811 29.65773 16.72619 23.42901 24.47072 10.25265 11.46404 16.06855 0.0 12.21209 0.0 19.47623 
1000.0 30.81179 26.89277 34.44553 0.0 33.77096 29.64741 35.37698 31.95339 10.6265 35.3422 10.46569 0.0 26.60496 29.03361 33.73038 15.42591 8.3021 18.40939 38.70911 0.02419 14.52394 31.59856 26.25136 22.65334 8.52399 17.98854 32.32425 23.24831 23.14006 36.23832 26.66045 32.94835 12.75197 31.35081 37.35492 15.78401 38.86837 9.92986 17.97469 15.75689 20.5059 10.81495 35.97896 11.44033 37.75524 38.22473 0.0 32.978 0.0 7.87733 
1000.0 0.0 0.0 0.0 37.35766 0.0 0.0 0.0 0.0 0.0 0.0 0.0 25.83775 0.0 0.0 0.0 0.0 0.0 0.0 0.0 0.0 0.0 0.0 0.0 0.0 0.0 0.0 0.0 0.0 0.0 0.0 0.0 0.0 0.0 0.0 0.0 0.0 0.0 0.0 0.0 0.0 0.0 0.0 0.0 0.0 0.0 0.0 24.7191 0.0 23.16148 0.0 
1000.0 12.86045 30.30626 22.46484 0.0 21.09418 38.9262 34.07701 17.63372 10.88211 34.70059 22.71107 0.0 17.87345 26.0812 31.28657 26.87295 37.62569 24.24693 10.06972 0.02179 15.61288 33.41116 28.44414 9.89187 31.64876 12.39153 19.51603 25.48289 9.98363 10.17845 38.26982 14.28314 26.8738 24.23254 28.43302 36.58046 25.2009 21.42176 28.73416 12.52581 32.49433 18.79305 10.22211 35.9558 21.67045 38.50944 0.0 8.19 0.0 37.05725 
1000.0 11.87054 33.59293 37.78215 0.0 26.9908 11.45192 27.49401 15.46099 23.83528 23.40735 8.24329 0.0 18.00371 32.20054 23.03391 36.66465 32.20106 34.65168 37.09863 0.03374 14.17552 9.98343 32.19287 13.17582 12.2711 18.33183 28.79142 29.77864 12.45046 25.43439 39.11437 29.15504 18.24779 36.4611 17.96219 16.68417 20.1372 23.15351 26.03946 38.98398 36.41656 7.88385 37.27432 30.19622 10.18355 32.60634 0.0 20.48795 0.0 29.8072 
1000.0 9.94045 33.9293 31.29292 0.0 34.60308 36.03518 8.21042 16.99138 30.10981 35.81273 37.84151 0.0 14.00973 25.45225 16.97963 28.2132 38.52239 35.44788 16.25851 0.01328 15.02815 23.4112 33.068 38.18902 32.27861 14.57605 21.25846 17.48076 38.1923 29.80766 8.43751 32.9351 37.09473 22.11041 21.00331 26.13451 28.18621 10.18771 18.27572 28.93625 29.60743 21.44541 19.6508 9.29893 33.24899 27.79553 0.0 32.85487 0.0 33.36925 
1000.0 32.11144 31.73975 34.62685 0.0 30.65727 23.02586 23.46226 8.50445 20.97341 9.10171 11.21576 0.0 28.96833 17.26716 33.22495 29.6522 22.2316 33.35466 16.8758 0.03626 30.51627 25.97886 15.35187 20.46676 29.26792 24.89494 24.17802 21.89275 28.60945 18.41174 24.74134 20.10931 32.87971 12.64252 38.03952 8.7008 18.89528 33.02236 30.28221 8.27557 10.62965 26.89197 26.25591 19.71897 25.10866 37.31231 0.0 23.51125 0.0 32.65096 
1000.0 10.10276 9.41757 20.48428 0.0 12.34416 38.58325 8.91844 11.95104 36.18786 17.43831 37.43097 0.0 17.69682 19.24853 39.16773 12.32806 38.78965 25.74927 35.90529 0.02181 37.06685 13.83664 34.48135 8.74155 34.22846 17.71907 19.74573 29.46732 30.39445 7.92536 20.26296 8.57979 19.2865 29.21581 12.98526 15.86466 16.26653 21.08832 31.51087 27.96608 27.70553 38.01998 25.639 9.8474 16.12823 27.57663 0.0 36.47757 0.0 28.85719 
1000.0 35.95768 36.74657 23.8933 0.0 23.88176 31.63062 28.39572 22.89515 11.34259 27.74396 12.14112 0.0 10.80485 25.7283 30.76596 38.39007 15.61384 38.86659 15.53387 0.01191 16.35579 29.22452 27.2522 33.49792 17.31021 34.52741 19.15194 34.30843 34.20331 26.49411 22.29319 31.38147 30.27691 20.45755 23.72145 37.19398 23.21447 20.03194 10.94416 12.24732 8.42903 13.10882 31.66435 12.36169 33.94411 28.70658 0.0 18.91672 0.0 28.58349 
1000.0 18.99118 34.7932 10.3839 0.0 16.04759 22.98366 16.31125 31.67984 11.77463 20.29651 8.78145 0.0 14.0203 35.27844 36.42005 33.17847 31.69801 10.33716 11.22613 0.03638 9.34837 22.20623 22.22988 9.05097 18.00418 32.85009 35.10538 19.16007 34.52308 14.85137 12.78514 34.06072 36.73408 24.68799 10.14711 8.48253 33.40214 20.17215 35.41665 34.9801 11.12974 29.39487 13.50074 34.93721 8.30878 24.15995 0.0 10.54423 0.0 26.13137 
1000.0 0.0 0.0 0.0 25.55686 0.0 0.0 0.0 0.0 0.0 0.0 0.0 22.92089 0.0 0.0 0.0 0.0 0.0 0.0 0.0 0.0 0.0 0.0 0.0 0.0 0.0 0.0 0.0 0.0 0.0 0.0 0.0 0.0 0.0 0.0 0.0 0.0 0.0 0.0 0.0 0.0 0.0 0.0 0.0 0.0 0.0 0.0 8.92137 0.0 11.58327 0.0 
1000.0 13.05938 23.18293 30.83389 0.0 14.32308 12.26426 16.13673 14.36754 20.50704 17.92202 15.24074 0.0 10.20259 13.29509 30.89491 24.10222 10.97468 7.86504 7.93325 0.02407 19.32558 14.77769 8.25908 13.74465 26.60302 37.19439 34.13593 13.80928 33.66611 15.61583 25.17229 13.57652 16.71953 36.37226 30.88502 14.63539 33.95116 29.3198 15.352 9.55843 8.08462 31.26761 33.49674 19.62538 32.76108 33.24398 0.0 27.99285 0.0 8.99151 
1000.0 11.97289 18.77627 26.00025 0.0 27.52936 17.90832 17.47916 20.49868 28.0516 36.86169 29.98329 0.0 20.83591 18.56601 27.54313 14.26351 8.83005 11.64118 24.40581 0.02547 31.92501 32.01222 26.36285 34.91927 31.47519 22.00923 17.74733 17.28428 25.415 19.1577 30.55851 36.60232 31.45502 26.95974 21.25146 29.43309 32.83718 33.01801 22.88563 11.16877 8.54107 36.11029 9.31629 12.78807 30.79345 20.6799 0.0 36.13924 0.0 25.20609 
1000.0 16.87214 18.89405 10.76473 0.0 36.69022 32.06392 34.7299 34.0961 22.906 37.19052 12.17871 0.0 9.28478 23.28982 11.97906 26.2116 13.90926 13.02532 18.84619 0.03896 18.25383 21.62036 34.25455 18.33908 21.22515 19.53181 14.62889 35.50467 10.28616 19.41732 20.51943 38.71645 35.45333 32.97817 10.46102 16.94649 32.93883 22.7758 8.03558 21.13477 31.52756 28.42425 22.85132 11.56337 9.79748 29.68342 0.0 19.38518 0.0 9.57624 
1000.0 33.35049 10.83723 37.77955 0.0 20.62406 7.89218 27.65011 19.66769 23.23509 15.94326 27.43318 0.0 13.28712 11.94522 30.97212 34.3988 18.49488 13.54834 22.02557 0.04023 23.03795 35.47458 37.85192 15.66845 28.18647 33.88509 24.50634 20.91267 38.66675 34.27969 14.16325 37.76402 31.98392 28.75599 24.37596 9.9653 18.00118 35.53158 8.49046 18.20319 9.32423 31.53252 13.64063 13.52662 36.25586 35.44119 0.0 17.65744 0.0 19.94003 
1000.0 32.11695 30.11384 27.32275 0.0 23.90799 12.67092 34.02988 15.46293 31.68414 20.64552 13.35659 0.0 12.35181 30.6294 15.52235 27.65403 29.47974 10.26122 21.05094 0.04389 21.10555 33.18442 33.17467 15.52532 28.81241 36.66105 13.25065 23.79704 17.43147 22.72902 38.57397 21.67044 35.70081 28.16063 8.56773 13.83758 24.57023 17.57157 30.76573 16.56924 29.11759 34.46597 34.61942 19.53677 26.82071 24.04369 0.0 24.05455 0.0 34.87171 
1000.0 23.81294 14.09364 13.04628 0.0 13.47392 33.51115 14.03104 35.60843 34.01729 35.04143 10.8385 0.0 35.28117 19.52992 10.30383 31.6075 22.37812 29.18065 30.88251 0.03401 27.48655 29.02414 25.32051 21.871 18.53486 33.49779 35.54441 29.01179 26.43486 18.82185 30.09716 37.52595 20.56403 26.46885 16.19788 15.87457 38.1608 12.99654 11.68239 36.49543 21.36979 11.23266 9.7158 17.0366 19.21404 34.06501 0.0 10.27726 0.0 12.57674 
1000.0 17.00692 31.91837 9.40275 0.0 7.97592 14.25217 22.82058 37.2463 20.80796 21.76944 26.33084 0.0 35.53273 27.21797 33.34513 22.95862 15.64197 24.31783 32.50892 0.02459 15.71586 30.74524 29.24545 20.06831 38.23748 36.92283 37.26387 18.44508 11.55864 37.09464 16.82599 8.17831 36.43276 37.88777 11.27299 36.67577 38.64846 20.69781 8.1226 28.4037 36.9215 18.35105 33.21081 30.26202 35.9159 30.6455 0.0 32.49543 0.0 21.78745 
1000.0 0.1017 0.09508 0.08289 0.0 0.15374 0.13272 0.09135 0.08197 0.12874 0.05604 0.15135 0.0 0.16408 0.10701 0.05281 0.1008 0.0911 0.16739 0.04069 36.88963 0.12434 0.14878 0.12813 0.06448 0.05664 0.16892 0.09288 0.04467 0.11453 0.14533 0.08069 0.08439 0.09115 0.17532 0.13737 0.17472 0.09131 0.12221 0.06479 0.11198 0.08051 0.12247 0.16601 0.13547 0.12502 0.14534 0.0 0.04414 0.0 0.05806 
1000.0 12.91657 21.82252 27.94428 0.0 11.74329 20.82097 10.93562 28.31974 23.12837 20.86123 17.38196 0.0 9.12199 37.28811 38.8126 21.50115 23.10992 34.6993 28.64976 0.02743 17.22002 11.44867 20.68247 16.15229 20.95628 21.95154 9.52302 11.84572 24.75698 23.00373 32.14608 18.48556 16.05793 14.96311 20.41112 21.10547 24.53514 37.04353 18.71052 14.1223 19.73284 16.99853 29.20299 12.97784 35.55548 18.12903 0.0 36.21205 0.0 9.75613 
1000.0 32.61687 28.23072 36.74681 0.0 26.53465 8.79277 25.55239 14.13643 22.92834 31.25458 34.9948 0.0 22.14699 17.52498 36.55973 28.45754 29.80792 34.31058 38.74947 0.00965 30.01787 33.76907 19.25883 31.53807 35.8803 10.89854 18.87619 22.3177 8.08955 9.85783 9.43876 30.44269 24.9638 19.62261 32.05121 14.69026 25.12369 9.22176 18.99041 8.44267 17.3564 33.81223 27.76742 34.94818 34.33126 30.30887 0.0 19.28963 0.0 11.96459 
1000.0 17.92346 13.18046 17.62205 0.0 28.62222 28.79132 14.05941 10.48492 8.6483 35.06899 12.11339 0.0 20.77424 33.82591 23.21284 21.65656 36.66034 32.63274 11.55454 0.03409 34.91103 15.87621 33.90747 26.46486 23.17066 33.12426 16.24251 10.10864 19.30593 31.03356 35.87003 16.52101 10.81174 29.5875 35.20086 23.14823 10.88888 10.99202 29.07859 27.28225 25.43658 29.00553 27.84276 27.48174 7.99346 10.38903 0.0 10.13812 0.0 24.5068 
1000.0 31.36785 34.05783 11.5673 0.0 24.66395 36.84686 36.6854 8.57634 8.09348 29.16248 11.57057 0.0 36.85004 18.13319 18.45567 10.10239 29.83157 25.18501 35.25458 0.01635 33.7409 29.35221 20.99473 33.50222 21.58966 12.95648 24.59112 28.34969 26.42 31.87979 32.66727 28.43777 14.13315 27.72434 17.44605 32.93643 34.49095 34.96904 22.89027 32.20419 8.31723 26.39684 26.75475 8.36327 16.25075 16.6552 0.0 35.36197 0.0 24.04774 
1000.0 17.60885 31.83197 19.80954 0.0 28.13987 8.8141 20.29058 26.99757 16.09624 15.3496 28.32424 0.0 20.52697 33.79537 22.35847 11.2392 9.8298 31.91443 20.30645 0.02019 39.21623 35.76778 35.40833 32.35729 24.4772 9.29594 36.16642 13.7366 34.83215 30.57111 12.31805 36.81889 30.59361 29.05012 35.16951 21.31521 33.98979 18.0827 21.1834 28.72529 38.25511 35.95127 22.15121 27.75568 20.23407 21.95648 0.0 14.61872 0.0 34.39338 
1000.0 29.89398 36.04084 32.91919 0.0 35.08444 32.40458 35.71699 33.24979 10.85302 18.54554 11.36251 0.0 10.86779 8.0337 20.2758 18.52076 25.97494 32.7468 20.97636 0.03653 27.99063 33.65094 23.24265 36.84453 28.14891 28.02778 30.05673 28.55705 15.44997 23.11222 30.17335 29.98289 8.21927 36.87485 29.5781 17.67942 26.47296 18.12129 15.22498 17.49507 22.32313 33.40929 38.44025 31.56118 33.89479 28.93507 0.0 35.6593 0.0 18.19924 
1000.0 26.40834 24.82187 24.83167 0.0 22.85657 10.87089 29.21564 26.54966 28.9198 37.56492 16.12618 0.0 32.07019 20.98915 28.25772 9.53381 18.29697 29.28183 25.6915 0.01687 34.21459 28.48282 27.06688 18.20938 17.76066 17.54033 31.92785 38.87026 17.59689 32.57068 32.88618 25.56606 9.45145 11.56184 34.32307 37.8849 21.41639 25.10475 14.97032 25.14876 22.91339 11.8834 26.94347 32.55417 14.13521 36.99193 0.0 10.92218 0.0 27.13347 
1000.0 26.61269 25.66694 23.27544 0.0 8.70534 35.99133 33.35223 25.46073 22.21692 20.66666 30.545 0.0 25.28321 19.19094 24.30449 18.88213 35.72993 29.67682 17.70238 0.01788 39.22287 37.20094 9.52668 17.25349 26.35631 12.11285 26.93969 10.61742 28.20686 10.90348 25.08968 8.3115 15.49602 23.23752 11.55249 27.50052 12.73363 17.35882 26.7687 31.94652 29.39629 13.71329 9.30004 19.45301 11.9049 20.84441 0.0 21.8881 0.0 27.36344 
1000.0 33.90094 30.00757 29.09323 0.0 28.94356 31.69037 12.57935 18.65282 19.86831 37.14613 30.55169 0.0 16.2963 31.47096 24.53787 29.52686 24.60942 21.05286 23.04171 0.01986 16.13423 23.41973 21.41772 12.46902 28.43206 24.93556 12.14422 18.42729 30.58791 11.29639 35.27997 13.89626 15.33676 8.3452 27.54669 25.82616 19.06548 20.54653 31.8969 12.24803 8.48559 31.75713 24.22515 13.55612 30.64601 17.3404 0.0 18.46895 0.0 32.63199 
1000.0 22.95243 13.38067 34.79005 0.0 11.52185 30.04332 14.13792 14.24657 34.42436 32.75259 17.37823 0.0 32.5796 9.68152 15.4557 25.02603 15.31924 25.39736 24.68581 0.04419 14.27617 39.15257 8.09949 25.78914 29.00045 36.58097 37.13968 27.55914 10.48396 34.69657 32.95813 27.53319 15.38128 35.19779 8.16141 18.67197 37.53026 18.46531 21.92629 37.09766 13.2431 34.20574 10.02535 28.82244 13.28368 14.36678 0.0 34.06041 0.0 37.89451 
1000.0 29.35368 9.67566 9.52352 0.0 28.6141 13.3724 17.24556 34.49121 29.88858 34.63566 26.15498 0.0 12.33033 11.1496 24.59763 28.11529 22.65012 9.99125 31.23141 0.02897 29.05948 27.37579 20.84566 37.41257 8.33806 20.20739 34.18262 10.58011 35.12199 19.63062 20.57431 30.00622 32.11958 21.82138 11.41641 12.68599 19.51936 23.18824 37.35214 10.49637 14.56896 34.91954 27.62857 20.61085 35.56345 16.71859 0.0 16.09786 0.0 23.4699 
1000.0 9.16907 8.19472 20.4257 0.0 21.5951 22.29185 32.51353 15.61385 37.15802 22.64245 9.04398 0.0 26.22423 11.20766 29.71825 11.15552 20.72026 15.76723 25.9653 0.01717 24.7344 9.04289 15.28502 35.9155 25.65694 23.23921 31.70774 17.69561 14.03425 30.81036 34.94665 14.23957 13.94816 37.52231 23.36665 38.41506 14.63738 22.5618 36.36482 38.92963 10.17713 26.85114 31.04407 30.72308 26.84923 17.75393 0.0 36.08438 0.0 21.75678 
1000.0 33.97119 38.15882 25.00309 0.0 22.29992 29.68859 21.22172 31.1813 33.48 37.17502 10.41418 0.0 26.01121 34.41813 21.07777 32.15467 12.28 22.31681 30.59831 0.0183 37.5702 25.94419 8.33452 15.35486 20.42477 32.0679 19.83054 20.8227 13.01423 19.97666 11.85176 8.39197 9.12993 10.26103 15.1996 24.99773 31.1544 10.8625 29.45904 29.26544 12.20164 19.59932 20.85573 11.39278 8.84676 22.89051 0.0 30.77819 0.0 29.18279 
1000.0 28.59332 33.78062 31.87478 0.0 14.23819 31.04485 7.98257 35.78939 23.30185 16.70907 24.34114 0.0 12.5229 27.28805 15.88648 10.87558 19.9202 16.6327 35.36165 0.01155 37.36084 12.76165 15.25211 34.57532 13.75096 38.12621 27.16499 23.27102 18.92433 34.37773 28.06885 23.92005 27.93088 36.96652 28.91579 26.05741 35.07838 37.54799 12.54637 10.2944 36.48949 12.73221 15.34408 36.68694 31.09889 30.71151 0.0 29.1758 0.0 10.0564 
1000.0 32.45563 18.58083 11.00977 0.0 22.55752 20.19355 38.12615 10.71176 13.71348 31.55789 32.45779 0.0 31.87643 14.07406 33.25619 32.68806 15.95278 27.7505 18.95075 0.03046 28.23023 29.66631 21.37461 15.96284 26.42874 9.05578 25.87808 8.18904 22.15387 14.35097 31.81792 35.44683 11.4491 21.94443 14.19766 24.71968 29.15791 15.76093 19.52664 19.98312 13.04487 26.02976 11.95489 15.74408 23.47372 13.06229 0.0 20.8093 0.0 17.07484 
1000.0 17.34284 15.99274 21.43707 0.0 31.97261 21.7972 34.14194 38.55629 19.37793 24.62215 26.55789 0.0 30.34088 37.80554 23.6511 14.54432 14.08874 28.23312 27.12836 0.01136 35.3448 10.07823 14.02877 27.08616 16.09191 15.11128 23.91704 29.64129 8.22305 27.01696 15.19397 18.69153 10.5309 20.10927 30.20461 33.11363 20.39403 17.0582 26.51531 30.29099 35.53225 9.66371 20.33346 17.97098 30.92619 28.56426 0.0 18.27055 0.0 17.34825 
1000.0 34.12486 26.33199 18.64092 0.0 38.37678 24.05595 21.95443 14.81506 21.68118 38.37888 16.37085 0.0 22.42249 9.00744 30.50719 17.66273 27.36567 28.66808 28.04868 0.02676 36.10455 37.13069 30.00135 36.0336 22.21412 19.95535 19.54409 14.21009 17.18257 26.49659 31.63503 23.376 15.37285 19.25751 33.22868 26.306 13.97438 24.34089 25.09929 15.46385 36.63777 35.18243 21.47692 19.8957 35.59828 32.19229 0.0 8.61304 0.0 23.66919 
1000.0 26.33611 35.54837 18.71675 0.0 26.65538 32.85392 24.98876 15.58884 10.17322 24.9013 28.47754 0.0 23.42989 16.83951 11.0681 34.25773 15.81592 17.49421 30.44796 0.03521 25.44865 36.77898 21.62788 17.68526 11.27134 22.03546 25.47469 32.04464 17.35305 20.49177 39.10721 20.42369 21.95241 30.10861 38.64907 12.62472 30.58791 20.96043 28.56117 17.07499 28.14412 12.71809 14.22119 13.50589 30.80597 36.99184 0.0 22.59703 0.0 30.18607 
1000.0 12.88172 28.21587 31.93917 0.0 25.58433 23.93885 8.2859 19.86729 12.67022 11.16151 31.47485 0.0 37.31214 32.79193 24.20628 11.92902 9.8076 22.36829 9.33338 0.01419 36.14357 14.54277 25.91286 37.73057 22.02417 33.04676 39.18988 11.12251 21.82286 8.93908 28.67059 31.37205 21.56447 17.24067 21.9145 21.45135 25.49961 27.66057 12.97352 26.79664 24.96619 9.43997 21.68605 20.19608 11.89442 22.61925 0.0 31.66552 0.0 25.53316 
1000.0 37.30294 36.61381 29.31193 0.0 8.84052 16.25844 34.09531 14.66921 9.55274 17.4908 16.36545 0.0 33.56306 28.98608 11.70334 13.09121 12.30874 15.49877 19.70994 0.02638 16.03553 23.22072 13.07768 17.74571 10.20059 27.18418 32.97645 13.16164 21.88609 30.71435 37.8504 38.57584 22.97712 11.44046 31.59841 33.22796 37.29539 28.94928 17.64267 15.06791 24.6165 35.99652 36.67054 36.83457 19.69525 15.49942 0.0 11.99989 0.0 38.72104 
1000.0 24.30027 37.04566 14.46357 0.0 25.54536 26.01843 22.1627 15.19301 10.0652 22.93972 17.77392 0.0 21.18723 16.7361 8.12271 19.63422 17.96712 17.74626 37.63804 0.01151 13.31039 18.57674 26.7953 19.6236 21.81331 27.21315 14.89838 35.24007 36.70531 19.03089 37.55661 12.97126 36.8703 37.3069 31.15666 32.9663 36.84284 26.754 9.78698 26.46175 31.81609 36.27984 19.52955 34.86748 27.90667 16.87423 0.0 18.35002 0.0 28.19854 
1000.0 26.44644 17.5744 24.80884 0.0 28.79165 23.20767 15.12324 35.494 18.84667 29.79299 32.81497 0.0 25.09267 26.87467 15.06834 14.83182 30.00128 10.73798 34.57224 0.03441 14.00346 36.09822 13.93213 27.99179 14.49549 26.09192 28.24069 31.95251 18.1892 9.61279 33.39764 21.83799 20.1289 23.6783 11.62818 8.3981 17.21499 11.81641 12.55835 17.93848 37.59969 24.99091 16.93399 21.34182 24.86866 20.79159 0.0 38.87734 0.0 9.01532 
1000.0 18.14341 30.71382 20.89298 0.0 30.19122 26.0146 8.66245 15.81586 14.71397 11.88553 11.79252 0.0 10.05475 17.83486 35.31288 38.35911 16.53115 32.69537 27.68274 0.02292 31.98001 10.18673 37.19844 32.99859 17.86216 24.58082 21.1293 11.40704 17.38415 13.48777 22.41125 35.00922 25.69643 36.83759 13.06126 30.08639 38.28459 11.4854 29.83482 34.53873 13.29079 36.13969 10.73124 20.38504 21.15205 9.11621 0.0 28.88888 0.0 9.73853 
1000.0 37.71352 8.58087 36.04691 0.0 19.92132 31.63361 20.6995 8.11835 24.40428 22.59783 39.18337 0.0 21.28721 35.97815 10.77653 28.04417 28.36639 31.35377 19.17118 0.0337 21.0845 38.57797 29.9731 34.5057 16.12322 27.03382 11.75324 13.19611 21.23475 29.5646 30.16752 36.90394 18.03505 21.41771 13.38542 17.51162 33.56871 25.96298 37.89851 11.04963 11.09662 22.89374 14.20176 34.0615 18.27445 25.04535 0.0 34.07762 0.0 36.69319 
1000.0 9.48648 23.1194 17.76999 0.0 29.90071 29.31369 38.65842 17.7834 37.65328 38.01696 27.57307 0.0 38.89097 15.25888 27.99724 25.48238 35.42524 17.71482 36.90206 0.0096 12.89508 31.52295 9.4055 39.05263 30.4053 30.17223 27.89489 22.46731 10.68537 37.13553 35.37089 37.90878 27.6973 9.29626 10.43586 38.99512 28.47273 32.86476 11.96541 31.75998 8.84285 10.13457 10.41928 12.15092 14.31717 37.56425 0.0 33.13387 0.0 22.9009 
1000.0 32.03915 25.27744 26.79149 0.0 29.6642 35.44218 29.18351 19.92912 21.44938 29.0227 10.18868 0.0 38.22445 13.91423 25.21403 8.34185 10.27263 25.60301 11.71663 0.04053 37.37589 32.83793 21.28774 28.34322 38.11397 10.79368 21.05988 22.179 18.29426 9.72564 7.91524 23.0866 36.02266 21.37533 9.73093 10.86728 9.46366 16.76345 35.93997 19.74188 15.65562 10.91845 20.32599 28.53366 18.80663 21.70623 0.0 33.25051 0.0 19.33403 
1000.0 0.0 0.0 0.0 8.68716 0.0 0.0 0.0 0.0 0.0 0.0 0.0 37.76215 0.0 0.0 0.0 0.0 0.0 0.0 0.0 0.0 0.0 0.0 0.0 0.0 0.0 0.0 0.0 0.0 0.0 0.0 0.0 0.0 0.0 0.0 0.0 0.0 0.0 0.0 0.0 0.0 0.0 0.0 0.0 0.0 0.0 0.0 14.0004 0.0 20.41838 0.0 
1000.0 8.08105 31.97587 29.45835 0.0 32.44268 18.61421 28.85971 19.21693 16.14161 16.48677 35.45725 0.0 14.79059 29.20535 19.53001 9.92113 30.77479 14.84913 38.05471 0.02672 15.56007 9.50971 27.42527 19.33335 13.85401 25.53011 24.92392 8.3907 24.0579 10.10448 25.28655 30.71841 27.2211 21.58549 32.09873 10.37985 32.44578 13.4366 26.13668 32.23989 23.21757 31.19948 24.10727 9.62338 15.2742 18.93132 0.0 33.14926 0.0 11.00382 
1000.0 0.0 0.0 0.0 15.05073 0.0 0.0 0.0 0.0 0.0 0.0 0.0 12.58203 0.0 0.0 0.0 0.0 0.0 0.0 0.0 0.0 0.0 0.0 0.0 0.0 0.0 0.0 0.0 0.0 0.0 0.0 0.0 0.0 0.0 0.0 0.0 0.0 0.0 0.0 0.0 0.0 0.0 0.0 0.0 0.0 0.0 0.0 36.13926 0.0 10.12214 0.0 
1000.0 31.66403 33.77987 22.04313 0.0 24.73518 29.26325 34.322 26.22023 12.47711 17.62898 33.50312 0.0 20.28277 24.77582 16.34658 30.42117 34.95222 23.57851 24.04807 0.02538 24.31214 13.55824 35.95045 15.41945 26.91323 35.43884 21.71431 35.81108 19.3381 9.13913 22.10403 13.01061 23.84863 28.54629 17.06524 17.89886 12.91493 21.58195 32.73796 14.14484 34.26645 15.63371 29.61384 23.68541 25.58447 33.17702 0.0 26.57583 0.0 15.42911 
