1000.0 1000.0 1000.0 1000.0 1000.0 1000.0 1000.0 1000.0 1000.0 1000.0 1000.0 1000.0 1000.0 1000.0 1000.0 1000.0 1000.0 1000.0 1000.0 1000.0 1000.0 1000.0 1000.0 1000.0 1000.0 1000.0 1000.0 1000.0 1000.0 1000.0 1000.0 1000.0 1000.0 1000.0 1000.0 1000.0 1000.0 1000.0 1000.0 1000.0 1000.0 1000.0 1000.0 1000.0 1000.0 1000.0 1000.0 1000.0 1000.0 1000.0 1000.0 
1000.0 7.87329 15.80166 20.82814 0.0 25.26587 13.85559 20.97399 21.91984 35.55475 9.40106 29.03094 0.0 15.07533 27.9312 13.21504 18.63484 34.8037 27.27332 21.08826 0.00932 23.02505 23.10443 33.72621 10.50081 25.08067 13.89744 19.42649 35.45072 26.05455 17.53045 21.18298 25.08496 14.89625 28.19231 21.3928 35.20633 11.43116 26.93726 15.82475 32.87989 22.26291 27.34659 12.83736 11.28386 20.98378 31.6059 0.0 9.54058 0.0 36.16574 
1000.0 23.71106 25.68287 12.15219 0.0 20.93647 33.78138 10.38464 11.31811 33.95253 22.25597 7.51752 0.0 14.71779 22.45292 17.64391 20.70761 16.67623 16.89346 7.50277 0.02027 36.34458 24.36032 10.85171 35.9687 34.26391 21.23331 10.60691 31.35501 10.01129 22.96382 15.25666 31.04224 24.94193 13.29357 26.11869 15.74533 27.30957 30.75241 29.27047 15.59297 29.25412 24.13276 8.20661 35.58355 16.88769 14.97244 0.0 15.52953 0.0 12.14698 
1000.0 14.67857 13.09804 20.75638 0.0 25.14897 35.26634 26.2431 22.3575 19.58829 24.38011 25.13999 0.0 11.1463 8.39155 23.22253 27.70552 34.01528 19.59156 9.86726 0.01879 21.0947 28.89062 21.47036 24.86848 10.05662 19.39634 18.99826 13.03494 31.16721 20.30409 30.00671 25.42268 13.74703 11.08679 28.09776 20.10136 34.8002 20.21504 24.36968 31.59628 21.9691 7.7916 13.14899 31.82582 7.58159 33.58848 0.0 7.48313 0.0 9.39539 
1000.0 0.0 0.0 0.0 9.22795 0.0 0.0 0.0 0.0 0.0 0.0 0.0 30.32867 0.0 0.0 0.0 0.0 0.0 0.0 0.0 0.0 0.0 0.0 0.0 0.0 0.0 0.0 0.0 0.0 0.0 0.0 0.0 0.0 0.0 0.0 0.0 0.0 0.0 0.0 0.0 0.0 0.0 0.0 0.0 0.0 0.0 0.0 18.90342 0.0 21.85791 0.0 
1000.0 21.66342 11.20794 18.18587 0.0 9.36529 30.44943 17.89588 22.34395 8.01371 21.12298 35.76197 0.0 22.99685 16.64141 12.62835 16.03581 12.02661 13.18744 31.19313 0.03563 34.21087 34.08828 27.4874 32.80113 28.69828 15.47967 19.34606 31.11051 27.8896 27.72628 17.37123 25.17285 22.10806 13.14336 32.56127 8.91347 22.58566 7.57444 12.80765 23.97637 29.84408 19.19846 15.22173 31.63683 25.83292 21.36988 0.0 16.55848 0.0 30.79086 
1000.0 15.48508 13.2043 28.36388 0.0 11.40542 25.39824 8.79992 34.32903 34.62934 36.26335 33.16746 0.0 15.2846 21.27618 21.1761 9.85126 32.81445 21.21291 29.04908 0.01892 22.87772 8.33684 24.02122 30.73003 32.32567 21.35813 12.35561 34.83946 14.35786 25.09012 13.87154 21.6389 32.77974 29.53449 23.20956 9.26473 36.03554 7.34225 28.7226 9.32549 13.07703 24.85133 36.13394 34.01303 8.46291 24.93629 0.0 27.74768 0.0 35.66921 
1000.0 33.33424 28.94039 25.96272 0.0 24.71745 34.75813 35.45158 27.1515 19.57437 18.07988 19.42827 0.0 36.06284 33.27529 34.34987 10.2117 24.44253 15.2492 11.3036 0.02456 32.79662 7.44113 20.16356 10.99346 10.8258 30.52001 24.29927 19.1815 21.69617 32.38984 13.3082 18.65247 16.94834 35.73683 14.53303 13.13264 32.8774 7.41076 32.18222 18.04708 15.12029 8.00402 15.67254 28.93727 36.35643 29.41616 0.0 16.66714 0.0 7.72861 
1000.0 32.13953 25.83495 16.92605 0.0 25.78641 35.4986 10.03473 8.88019 19.72075 24.95258 31.46183 0.0 30.0581 24.45837 32.66294 8.64206 29.7996 27.09739 23.446 0.0151 18.77069 34.40039 29.1774 29.74082 14.0502 21.36676 25.14289 9.41635 29.10945 26.46555 29.74491 10.0721 17.05379 16.86321 29.6862 16.87489 15.07425 9.44605 9.03016 9.43881 31.32081 19.99508 22.11909 26.12641 21.88367 34.9939 0.0 15.03389 0.0 19.87578 
1000.0 17.44213 18.79713 10.27718 0.0 34.54337 30.77171 33.35497 21.69502 12.84313 34.858 24.21626 0.0 8.15369 31.52951 17.88882 32.29321 19.68251 27.34731 14.41259 0.02589 21.93908 32.6452 23.84631 20.32986 19.15058 11.61021 34.47734 36.12036 32.15348 23.56753 22.65356 26.72854 22.15735 20.75467 14.33949 17.81215 12.7515 22.37611 33.15858 25.50164 30.4129 19.23124 22.54475 24.67652 34.92908 11.14993 0.0 17.11593 0.0 16.20332 
1000.0 30.71906 22.13905 27.1526 0.0 31.83555 11.92284 18.35444 21.66973 28.99445 29.21001 13.65424 0.0 31.03257 30.29052 18.50285 28.59334 13.16211 24.42763 25.72269 0.02505 18.93394 9.06927 21.54759 21.06312 34.03744 32.52306 22.11883 15.60105 12.69758 7.61629 17.30196 33.53678 11.7918 8.11253 17.55732 9.86232 20.79155 35.74986 12.21023 24.17239 31.21924 9.19299 7.46116 33.36219 16.79951 15.0094 0.0 21.20746 0.0 11.16309 
1000.0 25.98199 30.91848 8.31233 0.0 27.8931 19.04182 8.29634 8.10576 7.86855 30.55458 35.79513 0.0 20.5553 19.01338 11.51645 22.62329 21.49823 24.72935 16.27284 0.03558 12.15624 27.31053 22.28808 16.8804 22.39296 22.15286 35.77261 21.04288 20.67747 16.8244 16.7831 31.08881 25.14737 23.49239 17.63383 27.57413 19.74613 14.8943 21.12601 25.53375 23.27613 15.19297 11.26523 27.17361 23.52664 24.87448 0.0 27.19837 0.0 13.44625 
1000.0 0.0 0.0 0.0 7.63938 0.0 0.0 0.0 0.0 0.0 0.0 0.0 19.14625 0.0 0.0 0.0 0.0 0.0 0.0 0.0 0.0 0.0 0.0 0.0 0.0 0.0 0.0 0.0 0.0 0.0 0.0 0.0 0.0 0.0 0.0 0.0 0.0 0.0 0.0 0.0 0.0 0.0 0.0 0.0 0.0 0.0 0.0 22.09668 0.0 24.73953 0.0 
1000.0 32.1799 15.19804 7.7663 0.0 33.63571 15.61215 18.6098 28.10904 26.80266 36.27219 21.77283 0.0 19.98288 18.59605 11.51626 29.88169 12.00051 25.80757 29.75379 0.03595 32.88544 35.78127 7.68529 22.26537 17.78066 30.29903 18.15847 15.60851 20.38024 33.15944 35.05344 11.20641 22.40237 15.03411 29.83467 18.65138 7.60682 8.11478 12.70378 29.45469 25.19599 12.5062 20.07598 11.15487 34.47938 21.19773 0.0 14.47141 0.0 28.28145 
1000.0 25.08102 20.05799 19.05152 0.0 32.4295 27.49183 13.37621 34.2721 17.07344 20.60774 23.80083 0.0 7.74198 22.89221 34.26505 14.73836 26.08214 9.7586 31.37814 0.01227 16.22515 15.86544 26.5649 20.27242 22.39254 12.39272 26.7786 34.71682 24.198 14.51007 10.94545 15.97937 18.76088 7.90489 14.96695 18.3853 22.91929 17.22944 22.66457 27.41181 23.57279 11.67701 32.926 17.42129 33.22211 21.36323 0.0 18.51964 0.0 14.64341 
1000.0 28.81186 12.7662 14.41054 0.0 36.09538 21.37425 33.44615 19.10754 13.75398 8.08487 24.89885 0.0 24.93614 20.1091 17.69288 34.3206 23.92216 26.89174 26.37877 0.02801 27.77241 34.89505 17.11128 31.76286 10.32655 9.53972 22.81127 31.436 14.80665 35.2522 26.27228 8.2099 36.2766 9.47739 32.33256 31.26205 22.87042 23.23671 10.49938 10.90316 8.50852 20.76931 15.60222 26.44977 23.07499 9.13358 0.0 8.65387 0.0 34.59259 
1000.0 19.62838 19.17108 12.95485 0.0 33.1217 7.47292 21.8944 32.1981 35.87873 12.84693 18.62963 0.0 21.86972 30.7614 22.24198 29.01707 33.11564 14.99748 22.46237 0.04078 35.60129 34.09159 9.08809 21.78843 11.78813 18.17633 33.68118 11.20454 10.9605 19.40978 32.67118 18.94294 26.34063 28.50829 32.82471 14.95184 25.93438 15.72529 18.33102 15.58998 32.03453 23.54439 23.65365 34.02947 10.71954 21.11944 0.0 11.30652 0.0 21.14448 
1000.0 22.08356 16.29747 20.26914 0.0 9.10476 36.26087 15.12871 19.48207 15.23575 13.75546 11.12569 0.0 10.26941 30.05769 34.84399 8.00483 8.23231 20.33239 32.35147 0.0121 31.1087 35.55221 7.36837 11.88465 34.88312 17.45415 16.41849 9.2431 32.77058 24.97588 36.1078 16.66134 32.94271 22.41576 33.82466 28.97389 15.36593 10.01199 13.53058 8.50775 25.47356 30.40735 13.09112 13.44954 25.82418 32.2604 0.0 10.34732 0.0 17.20094 
1000.0 28.69371 34.89623 8.73709 0.0 35.91733 21.80095 34.13867 34.80305 18.02104 32.39949 23.67775 0.0 8.41512 29.86441 11.84565 20.26345 8.23374 33.83347 25.72801 0.03454 30.51515 21.22594 17.34844 23.83638 13.06507 28.69526 36.25129 30.75919 16.84362 19.26299 11.95401 9.05851 35.77069 26.18237 28.08984 24.38732 15.67136 30.44587 19.3027 35.55759 29.73674 28.32472 15.70428 31.74114 23.56202 31.49831 0.0 35.18209 0.0 27.43072 
1000.0 30.5318 12.85376 7.32135 0.0 24.97506 7.6323 11.32215 25.92789 23.71017 8.7772 23.87726 0.0 31.58654 7.46901 27.2394 32.01131 14.97408 22.66504 8.24633 0.03079 23.56374 36.08533 11.31973 29.1824 11.51648 35.2034 14.36872 34.22177 32.41253 19.91814 22.53555 8.26666 11.81283 11.02519 29.28404 18.95116 22.49701 7.87737 18.419 25.33492 31.84662 20.91851 13.33622 31.83128 29.19055 30.5796 0.0 33.03452 0.0 24.31401 
1000.0 0.11177 0.06523 0.07218 0.0 0.05098 0.11789 0.0801 0.03899 0.04612 0.12642 0.09365 0.0 0.13888 0.06961 0.1309 0.08081 0.1593 0.05735 0.16608 22.96839 0.1457 0.08055 0.08229 0.10574 0.16718 0.13064 0.13666 0.10545 0.08192 0.15648 0.14642 0.06667 0.04256 0.11203 0.14999 0.12859 0.06647 0.13167 0.09823 0.07064 0.16706 0.14057 0.05504 0.10499 0.05517 0.0623 0.0 0.05079 0.0 0.1221 
1000.0 20.75637 16.21281 32.22593 0.0 18.25056 36.0716 30.25871 22.28391 10.65886 10.05245 23.52184 0.0 17.19297 30.13069 21.27024 23.98471 20.52849 8.40308 22.8087 0.02137 25.30826 24.36668 22.29503 18.20288 27.09796 13.42608 35.51685 12.55049 14.61694 31.62892 35.14103 23.41558 18.79678 7.49063 22.57624 33.7323 17.62253 32.29294 15.21946 9.63931 16.7611 17.97397 11.26957 11.29286 35.53973 35.47308 0.0 11.28859 0.0 8.51048 
1000.0 22.45945 10.01966 18.47278 0.0 11.54718 25.32336 15.79926 24.84683 34.11072 25.1666 20.16457 0.0 24.16147 15.0596 35.17432 28.97241 23.90168 35.31303 20.57559 0.01622 28.48827 34.32364 26.2799 12.02041 35.70726 23.79903 15.56185 35.53655 24.81809 31.39509 9.38414 9.08071 24.99425 15.52968 27.93119 24.6177 24.36194 35.17271 23.20193 15.43465 8.44952 14.27749 16.88064 21.3936 7.31003 26.16942 0.0 10.83518 0.0 19.74923 
1000.0 12.02904 13.78543 11.70792 0.0 10.66645 23.31898 17.20467 8.99353 11.89504 33.39579 15.38698 0.0 27.32532 23.7536 24.35326 10.09257 33.882 25.53606 27.05915 0.02183 31.56198 24.11612 20.46013 36.11031 28.74494 16.71792 9.90084 12.22427 32.92479 19.99871 35.10957 27.67039 18.54577 20.41939 35.71042 33.14087 23.20053 35.53197 23.93997 28.693 15.645 8.23209 11.11326 13.49342 35.74164 23.89865 0.0 13.25601 0.0 28.69979 
1000.0 28.75819 32.99913 7.50391 0.0 18.36673 33.03511 7.84558 8.30859 13.05882 26.13397 22.80401 0.0 16.48236 13.78387 21.34276 13.31538 11.12566 17.21778 9.6951 0.03683 13.68467 11.11541 20.93269 17.08055 28.18421 16.93168 11.90367 10.3941 14.23875 9.86334 24.29809 33.05264 8.0359 36.09904 16.47087 33.5418 30.23278 15.66154 8.78586 15.18634 9.78177 25.84927 17.48113 23.75376 35.90739 26.37173 0.0 12.35796 0.0 22.85354 
1000.0 21.35085 34.01331 21.669 0.0 13.54695 22.30907 13.69127 12.19611 18.99907 20.51029 16.25813 0.0 22.7046 16.70139 31.73677 36.35014 32.11571 17.29008 27.35223 0.02225 10.65232 10.10985 24.30714 30.87083 18.87168 15.15794 27.03036 12.33705 28.61575 17.4087 18.33391 21.25121 32.86856 30.25791 32.64777 29.42082 23.65311 34.17329 11.53087 25.47204 31.30441 16.85555 26.37852 19.4211 27.91982 17.76556 0.0 28.64288 0.0 27.73908 
1000.0 13.57069 22.27272 28.93606 0.0 19.88733 10.38564 26.20906 33.44141 24.88348 26.48546 11.05283 0.0 21.96867 18.78765 36.32447 29.39044 29.96207 26.8219 17.61402 0.01139 21.03418 31.62677 27.60742 27.13712 7.86919 31.25524 10.6121 14.4343 12.43089 21.57008 33.44657 23.03396 27.07589 32.15897 29.57857 24.25593 30.79378 21.89503 19.89858 33.53289 14.34373 16.81995 25.52603 13.49377 35.17833 34.79405 0.0 19.4253 0.0 30.43557 
1000.0 33.70959 33.94392 24.62073 0.0 32.74953 8.93563 8.21146 18.7086 29.19436 35.58708 28.23805 0.0 22.54298 11.74095 23.78999 8.55743 9.25045 22.57924 27.49934 0.00925 7.34529 29.38493 13.54461 25.41294 17.95902 26.92666 11.54383 18.38023 20.31505 29.25687 14.15415 16.08592 7.71894 20.01013 18.48573 8.7869 9.21381 11.11353 16.99984 17.48628 12.71973 33.85656 9.0737 9.5324 13.96625 21.40609 0.0 34.04385 0.0 11.65773 
1000.0 18.11126 20.70008 16.91582 0.0 29.07096 32.12529 19.87008 10.75952 25.89782 23.6336 23.97623 0.0 34.57888 11.6859 28.15539 19.67153 16.93105 29.96985 23.16037 0.04078 27.51794 8.56591 16.75717 32.93318 27.59898 20.24149 7.40474 17.75235 34.81384 7.38851 29.32438 31.16673 12.62802 29.92977 18.49975 10.24041 33.90688 9.4009 13.21758 20.89838 20.01466 24.84848 19.00467 35.53232 31.48631 29.16915 0.0 10.14391 0.0 13.04526 
1000.0 14.42572 35.84363 19.67256 0.0 11.33851 16.82484 23.19902 18.74072 12.46111 25.43147 29.3547 0.0 24.8133 34.67315 19.45434 8.06497 32.68214 9.41102 25.2285 0.02671 31.83893 12.42047 8.40876 11.21518 29.12315 30.95929 21.57906 32.92919 30.91171 18.42955 15.55114 34.36231 12.41015 30.33084 19.3053 19.0442 19.49198 29.2286 12.60194 18.03679 24.08511 29.81431 15.21892 23.66171 36.3106 9.435 0.0 11.00793 0.0 21.85088 
1000.0 14.08974 21.18975 26.61579 0.0 22.29409 21.44253 25.57329 32.43458 30.09781 11.76764 22.04053 0.0 28.10223 18.9991 19.26231 30.36324 31.38721 7.43653 26.67165 0.00948 34.1798 18.63169 11.1344 26.05683 23.14049 34.60086 8.72171 10.65442 8.86548 23.16408 27.00442 35.91725 35.49503 18.17363 35.49527 31.64837 31.96217 27.85021 34.30946 22.53402 29.88372 15.91141 24.84431 25.27035 36.25203 17.36819 0.0 23.69113 0.0 29.9841 
1000.0 30.3511 27.56188 20.38982 0.0 19.5296 25.69691 22.92644 29.29614 10.748 21.96756 21.1723 0.0 21.91961 24.75057 35.46801 24.14198 16.15187 31.30576 24.67717 0.02972 32.47436 31.83156 21.42436 27.61922 14.5713 17.78682 24.10759 24.80898 9.4866 12.92173 24.65692 28.0813 35.63297 31.33061 15.03209 17.52265 8.37016 9.15431 35.36195 12.47443 15.07353 8.52786 18.52406 8.52712 31.27054 25.96403 0.0 25.04333 0.0 25.55016 
1000.0 33.2764 11.91301 27.22742 0.0 7.52427 19.33079 32.09348 31.57004 20.22183 34.28134 27.29088 0.0 21.9483 22.98299 32.09489 15.75968 35.21719 34.26131 31.55205 0.04055 33.41504 16.58467 33.48474 26.26007 24.13253 16.50119 35.59462 28.58196 11.6681 30.10833 17.15473 20.01749 31.12044 27.9878 21.93796 27.69615 14.24967 27.26022 28.63309 21.16547 25.68604 15.00827 9.32328 8.04082 29.13898 20.67467 0.0 9.91085 0.0 12.06763 
1000.0 19.43923 18.10268 29.31659 0.0 19.48172 12.26446 8.48856 23.66671 19.29695 33.43574 28.67898 0.0 24.94305 16.35473 16.37959 20.24527 19.87077 27.13671 25.58155 0.03001 21.74565 21.41701 28.43567 23.50204 13.20138 33.73129 32.52749 18.12352 26.66347 23.61381 30.83675 23.86412 15.92235 34.83742 29.38244 29.64681 29.18587 20.44455 35.89706 19.15688 20.72237 14.513 31.1227 12.77259 23.01978 16.60766 0.0 10.67338 0.0 11.99808 
1000.0 27.27686 21.75033 11.05535 0.0 24.37983 20.70987 23.34027 23.56187 24.48921 25.23169 14.94785 0.0 23.12747 20.88413 34.36985 33.35899 22.96148 9.20873 9.2582 0.03601 18.91874 29.38529 7.69705 8.7448 19.89245 25.06878 34.02043 24.57857 20.64852 34.8184 24.63978 12.72627 24.91825 11.14568 18.77157 31.20416 24.65578 16.5005 32.36462 34.58081 23.91825 23.1369 31.15551 13.0783 17.21138 20.35593 0.0 23.01832 0.0 35.14295 
1000.0 23.7682 13.65053 15.19814 0.0 17.72629 16.35333 28.40466 26.73421 25.80619 33.16359 15.87714 0.0 20.69873 31.33106 35.10591 9.27617 30.18373 31.27661 33.51993 0.0334 15.57931 21.93806 33.4287 12.68264 36.03019 7.51682 30.42376 30.26173 14.36026 29.80863 30.90646 28.90284 29.9187 30.26204 18.79566 28.21278 21.89788 31.14883 32.51875 10.16742 32.11567 29.36995 11.24592 18.07856 11.49472 15.58438 0.0 34.25369 0.0 25.03098 
1000.0 34.47845 14.76562 12.54744 0.0 28.71484 9.46988 28.01894 26.54787 24.00758 24.59121 28.4597 0.0 9.15838 14.45561 35.09537 21.73786 27.76674 20.40755 26.21214 0.02097 23.88815 22.33656 11.01249 11.08581 22.31508 9.71347 24.43693 30.97376 23.66483 12.43521 32.36157 25.40793 7.61787 32.70495 19.94968 27.46908 16.33861 29.51489 30.74202 11.74875 24.42715 12.14923 28.75932 25.34825 16.47914 23.7605 0.0 24.96628 0.0 28.98217 
1000.0 24.39031 23.42747 31.16018 0.0 35.28252 20.00133 30.56723 27.07839 22.59382 12.167 34.98757 0.0 11.98578 25.64653 20.96323 35.08522 31.32595 20.81024 25.5312 0.00992 19.26729 27.80434 27.0533 33.23679 28.69851 35.67199 14.46412 32.00171 30.48293 11.50517 34.05272 34.59952 9.11716 28.1832 7.59187 32.89171 35.00869 20.6174 34.28316 8.31359 21.00947 7.66809 28.30119 13.79566 29.56342 27.1908 0.0 23.3179 0.0 13.27216 
1000.0 19.8111 12.08316 32.89027 0.0 19.16663 21.14459 33.86142 32.48923 22.63481 27.78779 11.50571 0.0 15.28056 28.53325 33.34169 23.73214 15.11324 9.73549 30.75105 0.01939 13.34553 18.35691 14.22977 14.19102 31.81471 13.36769 14.59809 24.21828 30.72926 24.29977 14.17494 20.194 10.73935 13.17217 34.44941 28.17346 8.31772 17.8886 24.98216 34.41334 19.26636 22.10354 18.26876 16.10697 7.66362 25.55463 0.0 22.69592 0.0 11.36429 
1000.0 12.77211 27.18548 14.15129 0.0 22.68122 11.19105 8.87228 15.2573 22.3604 18.41818 17.25606 0.0 29.84915 22.32749 22.65647 29.22605 25.47066 11.16915 11.26569 0.01466 21.00216 20.10626 18.99064 17.61252 20.69129 19.61394 16.94537 35.69933 34.24617 23.10732 21.83616 10.80132 21.41589 28.68488 35.28232 33.08456 34.07248 20.89088 15.69594 9.33132 9.17036 16.44278 21.11386 9.67719 10.97224 7.41117 0.0 20.33586 0.0 28.87541 
1000.0 28.10774 12.74114 10.61051 0.0 36.05618 9.91476 12.28081 31.65549 18.29245 23.34017 34.52094 0.0 23.09626 21.81904 20.02628 10.64291 10.67404 24.41505 11.11535 0.00964 29.26705 14.71214 25.44653 30.45591 12.05661 7.8256 21.66179 21.25296 33.95336 33.90336 23.44677 15.21549 35.65398 7.75879 26.2067 8.7723 15.81489 31.99918 28.30825 16.44649 22.51961 19.69505 9.16054 13.91369 7.65551 29.81155 0.0 33.51779 0.0 9.63539 
1000.0 33.08685 33.67101 18.0203 0.0 12.51758 18.77321 28.91756 25.25181 12.84297 30.21233 24.60534 0.0 10.94069 19.71272 14.76951 10.76531 14.07555 18.37574 27.59632 0.01643 22.43908 28.89669 9.72451 23.97265 16.07716 29.11613 26.6473 15.32351 7.80704 7.29262 35.96318 33.79307 31.01325 16.65987 28.5297 17.18638 13.01517 30.45388 24.66874 31.31774 19.60738 10.8915 26.76817 9.59322 28.2235 17.0253 0.0 33.44484 0.0 28.28286 
1000.0 34.01789 14.92736 33.77876 0.0 28.62873 29.6559 12.99134 22.37718 31.7511 12.20338 30.82759 0.0 9.14984 34.68158 24.64328 25.87351 18.58214 11.94299 14.13408 0.01186 16.0549 22.43534 30.5527 16.12576 25.71185 21.52168 33.41269 31.8299 24.65639 13.8774 18.11956 9.92064 9.05417 26.64194 13.2236 8.11638 12.36176 23.02958 7.53248 21.79713 22.55313 22.20646 17.28911 24.46425 26.15207 12.90173 0.0 17.11235 0.0 7.6719 
1000.0 22.00413 16.7506 14.35793 0.0 25.52651 25.83938 17.41005 17.70307 35.15049 30.03023 22.72515 0.0 13.80911 30.43957 9.69712 25.9913 25.43573 14.87226 12.91742 0.02476 24.73162 16.5987 25.0961 30.61899 26.14789 28.8863 15.12163 32.30514 24.29387 34.67761 16.24575 16.42649 35.22303 19.60063 29.89943 17.4161 34.8213 16.79188 17.84735 29.55747 13.61138 28.23132 14.94571 32.35116 12.98483 22.11529 0.0 31.57503 0.0 20.45988 
1000.0 29.56146 32.50243 19.87416 0.0 15.85009 18.47232 31.16165 33.47892 16.05222 17.20575 22.28011 0.0 22.25283 18.76169 26.7841 16.86766 21.99468 30.38573 34.02994 0.03986 27.71663 29.04065 35.03169 33.55666 18.98933 27.94313 32.57053 17.6937 29.7029 18.94335 21.58862 34.54157 24.75622 35.13369 30.89665 9.68384 10.94306 29.9365 12.77693 36.17431 21.60492 10.39497 35.74198 30.8999 9.72149 30.58394 0.0 13.27529 0.0 34.45132 
1000.0 34.62285 24.60051 16.47757 0.0 28.99418 9.06733 35.88429 32.66407 10.46713 26.90853 21.53119 0.0 10.97302 14.46162 17.61507 23.17068 25.83187 16.35492 30.9054 0.03338 10.41324 9.95135 36.18334 14.92541 11.72373 31.25902 30.78386 19.85992 19.01725 32.87324 12.71276 12.11543 28.54964 33.35138 33.63222 9.33049 12.92612 32.56374 12.69236 8.53738 30.70332 7.34937 14.29691 32.00476 33.57257 20.84741 0.0 15.20752 0.0 35.67334 
1000.0 23.1925 14.03825 23.31878 0.0 14.48002 35.19808 8.42852 21.07946 27.54664 11.42877 8.381 0.0 23.41353 23.33642 32.45677 16.38459 25.17004 32.91275 16.31466 0.03072 9.96739 34.30229 23.34403 10.80676 24.03692 35.6415 13.84198 26.89183 22.81752 19.96499 31.95325 22.9452 22.26814 7.60047 13.27473 9.05504 32.4662 33.40285 11.69096 14.23402 11.34678 22.36903 34.42571 33.73284 27.01234 14.72452 0.0 21.53137 0.0 18.82119 
1000.0 0.0 0.0 0.0 23.5005 0.0 0.0 0.0 0.0 0.0 0.0 0.0 11.03726 0.0 0.0 0.0 0.0 0.0 0.0 0.0 0.0 0.0 0.0 0.0 0.0 0.0 0.0 0.0 0.0 0.0 0.0 0.0 0.0 0.0 0.0 0.0 0.0 0.0 0.0 0.0 0.0 0.0 0.0 0.0 0.0 0.0 0.0 31.38317 0.0 8.29031 0.0 
1000.0 33.96148 15.19127 10.70096 0.0 24.33346 16.09421 8.2368 17.61011 30.23982 8.8305 22.66587 0.0 36.03321 14.60711 16.78564 17.35008 19.65654 21.47105 13.38071 0.02416 23.66775 20.62794 30.75821 20.4342 21.57957 29.70618 26.0825 8.9565 36.20316 24.90176 35.19465 29.10878 8.50138 8.14652 8.2706 28.77339 21.32196 20.3569 13.33046 30.74491 14.13209 24.97496 30.88873 27.60278 27.74817 19.94566 0.0 12.25532 0.0 32.84244 
1000.0 0.0 0.0 0.0 32.25906 0.0 0.0 0.0 0.0 0.0 0.0 0.0 25.47439 0.0 0.0 0.0 0.0 0.0 0.0 0.0 0.0 0.0 0.0 0.0 0.0 0.0 0.0 0.0 0.0 0.0 0.0 0.0 0.0 0.0 0.0 0.0 0.0 0.0 0.0 0.0 0.0 0.0 0.0 0.0 0.0 0.0 0.0 10.94193 0.0 9.92281 0.0 
1000.0 29.37217 13.93579 34.80761 0.0 7.86719 29.99164 22.5617 8.47636 12.0081 13.72097 19.32624 0.0 7.62959 13.10741 13.14909 28.0468 8.47482 29.27982 22.43729 0.01556 13.37543 36.09632 31.45405 19.03145 11.39899 32.21623 22.18061 32.38044 32.47218 14.11929 14.03433 18.77405 9.23612 24.70867 8.41071 8.34737 27.64023 34.48667 22.92827 26.62647 19.79177 31.54491 16.05251 13.82709 28.18141 18.92819 0.0 34.88089 0.0 10.21734 
