1000.0 1000.0 1000.0 1000.0 1000.0 1000.0 1000.0 1000.0 1000.0 1000.0 1000.0 1000.0 1000.0 1000.0 1000.0 1000.0 1000.0 1000.0 1000.0 1000.0 1000.0 1000.0 1000.0 1000.0 1000.0 1000.0 1000.0 1000.0 1000.0 1000.0 1000.0 1000.0 1000.0 1000.0 1000.0 1000.0 1000.0 1000.0 1000.0 1000.0 1000.0 1000.0 1000.0 1000.0 1000.0 1000.0 1000.0 1000.0 1000.0 1000.0 1000.0 
1000.0 16.3985 31.8412 44.78677 0.0 30.62223 28.81904 15.39963 21.20097 42.87128 17.33352 27.13897 0.0 47.14126 48.91528 35.01791 26.70646 30.7374 30.46991 37.84603 0.03987 20.93025 26.56556 37.55547 12.7074 29.75861 14.8185 26.61966 25.19415 27.1022 31.7405 44.29024 20.43361 24.10479 10.49283 26.89415 42.26682 40.24024 15.78777 21.70557 31.03709 18.89137 49.13147 18.51867 14.57852 19.2364 9.98077 0.0 20.41534 0.0 20.14593 
1000.0 36.06351 37.30024 20.83644 0.0 14.82828 40.76554 41.60547 39.55548 10.70773 46.07244 42.46094 0.0 28.04625 47.26343 17.91425 12.1508 10.66292 14.3276 46.21446 0.03444 12.12049 10.2782 41.22771 32.14317 32.548 16.559 22.9292 11.30093 18.4427 48.17252 35.77482 11.65696 19.22759 35.87697 29.3745 32.92551 34.02232 10.83831 37.50358 38.42205 30.71794 23.84985 22.99627 39.31211 13.54187 14.48541 0.0 45.95415 0.0 41.86136 
1000.0 38.10943 11.34674 31.64072 0.0 35.73439 37.167 43.63551 34.25454 11.64129 40.89876 45.06748 0.0 48.04061 43.83697 49.36439 34.68514 47.96972 27.22031 44.99771 0.04039 29.0951 43.08946 23.54112 16.50284 16.91051 26.26549 23.92092 39.62247 43.32687 29.1833 13.97401 42.2666 34.78083 49.37757 44.46278 27.98562 46.57245 10.28206 33.36744 13.12059 43.4878 43.36419 38.86403 12.33321 18.94504 35.73587 0.0 30.58873 0.0 39.98092 
1000.0 0.0 0.0 0.0 48.96602 0.0 0.0 0.0 0.0 0.0 0.0 0.0 35.13935 0.0 0.0 0.0 0.0 0.0 0.0 0.0 0.0 0.0 0.0 0.0 0.0 0.0 0.0 0.0 0.0 0.0 0.0 0.0 0.0 0.0 0.0 0.0 0.0 0.0 0.0 0.0 0.0 0.0 0.0 0.0 0.0 0.0 0.0 45.67485 0.0 17.9306 0.0 
1000.0 16.44023 25.82449 22.26635 0.0 21.84919 31.59517 17.37737 30.25946 44.12241 22.77377 25.54813 0.0 35.01682 25.74118 47.43702 10.97714 33.7912 30.96226 41.46587 0.02037 28.29921 31.91595 48.93859 45.47108 11.10711 22.55441 18.88572 22.63685 13.1756 43.38854 43.86995 20.6074 15.62925 16.04459 23.18162 20.87842 40.11433 47.51016 46.82244 46.38983 15.3953 43.74698 37.42596 26.78153 36.87713 45.89709 0.0 13.03031 0.0 48.99589 
1000.0 30.34678 39.7474 22.62308 0.0 24.44067 25.56711 46.21211 41.25132 32.87854 32.08498 19.77817 0.0 28.2679 39.14292 32.14932 38.65674 21.73024 48.80114 44.83144 0.0149 37.27839 14.60409 32.86094 47.70642 21.0462 21.89817 40.06372 25.8171 28.0046 25.70963 10.52592 26.78956 26.32567 26.21522 28.62293 44.00731 17.57605 41.48878 47.5327 32.18769 10.11396 34.40674 12.42659 22.32154 43.01214 13.91061 0.0 13.77819 0.0 19.65244 
1000.0 45.12446 20.24268 36.86344 0.0 26.76307 37.53569 16.66311 12.87973 20.43705 36.51138 19.89137 0.0 33.22497 28.75888 14.61694 20.68846 12.48756 33.59029 35.46045 0.01727 26.36086 43.52028 44.40117 21.93371 41.82255 26.5937 37.80148 37.28359 49.11225 37.957 19.40951 22.65764 41.05516 36.55123 37.00341 44.53527 23.66329 22.14952 24.82232 45.39627 35.46391 33.52869 45.20757 46.57273 20.21044 38.22061 0.0 37.13925 0.0 13.73823 
1000.0 23.64271 11.64855 19.86558 0.0 20.59375 41.20582 15.06001 48.7652 18.70493 16.88401 26.0349 0.0 39.07432 46.51328 47.57467 29.6579 48.09196 12.961 34.64032 0.0369 32.28499 25.84361 18.71751 28.95057 19.4436 40.841 39.61435 35.53371 42.49431 40.3024 44.64573 29.50057 19.31234 19.09647 47.77297 22.1386 37.78969 33.32858 34.05742 18.54181 12.03948 40.68474 43.07988 43.15312 10.41285 10.76369 0.0 17.21857 0.0 10.35002 
1000.0 20.15362 27.73989 17.44877 0.0 32.03285 40.88199 19.51032 20.64306 13.55194 14.37398 12.82543 0.0 17.55095 39.34271 10.8491 40.54789 10.80617 20.06679 43.69968 0.04019 14.83724 21.45053 36.30249 13.10494 11.87653 41.21172 44.97256 28.2585 46.20106 38.96655 18.48616 18.81116 41.25901 28.25095 45.78031 35.44782 32.04147 42.7674 16.38874 14.54003 20.82539 10.70396 48.20668 31.46074 17.84471 41.42788 0.0 43.93311 0.0 42.90262 
1000.0 20.95823 38.68103 36.46418 0.0 37.09683 18.22695 34.31042 40.96504 32.81051 36.28228 43.04341 0.0 19.89712 30.20781 26.5281 33.52047 42.31013 37.90011 29.59804 0.01432 31.79543 33.27109 30.1157 34.60461 27.23265 15.33096 40.99989 37.11093 13.97029 10.12469 47.91352 15.91066 24.45853 17.39853 15.96775 14.51813 15.84914 41.46411 28.00105 26.08797 18.62897 37.80974 48.78608 22.81684 33.59689 22.26631 0.0 41.82858 0.0 17.30724 
1000.0 46.79787 34.98009 42.84404 0.0 43.68568 29.93373 19.63004 39.16561 15.03387 19.67896 18.88605 0.0 11.7372 28.98653 36.06813 32.74641 39.08044 14.38822 26.29823 0.03524 26.60858 17.60597 36.32196 13.04837 15.75769 45.56798 32.05149 19.72164 28.66396 35.78812 35.46061 48.18444 14.04704 28.73279 32.60658 42.11281 45.82675 39.39662 10.8077 28.00888 43.35747 40.2842 47.99826 35.66659 38.67304 43.31457 0.0 21.2919 0.0 32.95287 
1000.0 0.0 0.0 0.0 14.29015 0.0 0.0 0.0 0.0 0.0 0.0 0.0 48.49025 0.0 0.0 0.0 0.0 0.0 0.0 0.0 0.0 0.0 0.0 0.0 0.0 0.0 0.0 0.0 0.0 0.0 0.0 0.0 0.0 0.0 0.0 0.0 0.0 0.0 0.0 0.0 0.0 0.0 0.0 0.0 0.0 0.0 0.0 49.09715 0.0 23.95968 0.0 
1000.0 24.89894 18.36502 34.11434 0.0 39.38045 12.75254 11.6804 18.83516 16.81586 43.7142 41.36132 0.0 14.46754 43.34798 26.47986 36.41729 22.72266 42.40571 41.33552 0.03377 10.64955 29.37053 10.21878 21.35563 43.47305 15.30934 15.20725 31.76002 27.75103 14.28208 20.75914 42.62215 35.65969 47.3867 44.88834 39.2559 35.42805 25.4085 36.1784 36.84952 13.02323 42.57071 46.66807 21.23252 48.61755 32.96266 0.0 37.94923 0.0 40.98011 
1000.0 11.02342 12.85323 44.94846 0.0 29.15458 47.72797 47.08816 46.84395 14.69768 23.53772 11.56606 0.0 10.07336 33.86266 17.78437 17.71878 14.93918 18.45609 31.49377 0.03483 16.73236 36.25507 20.95263 15.48876 47.10854 10.24841 16.26604 16.99129 47.5 11.58304 10.61578 21.67428 41.27191 29.41488 19.82175 10.58034 45.41784 28.25542 29.0088 49.17027 23.89924 38.60794 30.43494 44.91377 19.37054 25.02811 0.0 25.01683 0.0 37.43885 
1000.0 42.35894 17.87892 34.28496 0.0 25.97827 21.74586 32.34036 18.22399 41.92191 38.68002 47.32498 0.0 47.93153 19.72569 49.40066 13.10559 34.22509 12.65862 20.2483 0.01077 43.40392 22.70576 35.29031 22.19801 11.8411 39.94046 13.64618 21.22979 49.0913 35.23578 31.73703 47.08309 34.53157 40.84563 35.0779 21.61092 20.43532 12.76707 45.01314 10.38351 23.88834 31.96251 37.79165 44.80743 47.52002 15.97331 0.0 44.52853 0.0 37.69269 
1000.0 21.00397 29.11737 41.63377 0.0 28.33984 41.49535 24.85996 45.92414 23.40868 39.55278 17.6258 0.0 49.34491 32.39522 17.54353 18.33901 26.00993 26.39114 18.73858 0.03999 29.95549 10.39527 30.62097 43.29666 11.44553 47.58101 34.71045 39.31081 26.05137 46.37482 25.95546 21.43986 19.70911 47.4139 36.75812 31.89275 23.61162 14.5421 39.55023 43.23274 33.8311 34.2601 27.80014 49.03581 34.59888 30.35146 0.0 10.84395 0.0 40.77097 
1000.0 31.73884 35.94624 15.40591 0.0 16.39613 17.5974 39.41528 47.29902 31.01929 27.36698 47.21178 0.0 33.52598 40.79636 11.44181 26.39753 39.47596 19.62922 31.87884 0.03386 45.4637 37.5841 39.1324 13.59304 46.53879 13.05107 24.6166 17.75632 19.89865 38.41071 31.82775 13.91476 46.48526 35.98753 38.28273 47.85784 39.83534 34.79279 22.5867 37.41678 31.68867 15.01502 47.89437 14.95316 17.66019 43.7864 0.0 14.98 0.0 16.68051 
1000.0 32.94421 45.47418 20.73334 0.0 38.68923 49.0397 26.45756 16.54645 39.33626 19.99594 34.8095 0.0 35.40469 30.78548 45.0524 24.71744 21.569 24.51948 20.73193 0.03123 37.90719 48.45457 13.46477 21.63333 29.09686 44.89276 27.32271 31.32799 17.01439 27.92907 32.2999 47.23773 22.77721 37.44678 22.31499 48.67769 20.71441 43.58663 11.53449 31.34137 32.95049 11.5371 28.69902 11.61789 26.85834 24.40446 0.0 43.93091 0.0 37.65637 
1000.0 32.38716 48.73438 33.73776 0.0 12.93129 47.40741 37.4687 41.49169 30.99018 19.7562 33.6047 0.0 14.73701 40.95624 12.97466 48.74547 41.24267 12.61209 32.6337 0.03815 38.90089 44.04281 42.4118 47.76144 39.0954 23.35271 20.3527 27.71636 47.65213 19.66293 48.63891 45.15953 14.69149 36.1816 28.52334 30.555 14.98565 13.44726 49.08572 26.55306 39.89319 46.88056 47.39209 47.54812 34.25418 24.55736 0.0 20.19321 0.0 18.05759 
1000.0 0.17756 0.09541 0.05695 0.0 0.09359 0.09569 0.05876 0.18916 0.11244 0.10092 0.09063 0.0 0.07684 0.16496 0.06646 0.13154 0.08474 0.05868 0.14127 23.59217 0.06715 0.05604 0.05113 0.06989 0.17686 0.18894 0.08982 0.16234 0.08748 0.13977 0.09226 0.05333 0.12219 0.12388 0.19021 0.17027 0.17268 0.18941 0.08469 0.11288 0.16181 0.06954 0.09315 0.04612 0.16136 0.17776 0.0 0.15269 0.0 0.06341 
1000.0 13.02603 17.33336 16.71621 0.0 11.78746 46.12892 39.54585 24.68846 30.22501 42.39328 47.52601 0.0 42.30062 34.8636 19.93693 45.63378 38.10348 28.97998 48.18976 0.01444 21.81956 34.47115 10.4875 17.99349 14.0939 18.22784 46.15302 12.64173 22.83415 10.04816 39.13697 21.19435 37.9458 13.67904 34.40889 13.36287 12.36131 33.41198 11.79501 23.50274 48.96924 23.61384 39.82188 30.40414 21.01353 27.44333 0.0 20.72062 0.0 28.34188 
1000.0 44.06017 24.60267 29.61376 0.0 13.61295 42.04226 46.13093 39.34671 26.29451 14.00926 44.21015 0.0 17.11148 45.13681 24.97637 14.01469 26.17307 10.68069 43.58435 0.037 26.44834 17.92696 22.27005 24.28825 30.56769 45.50802 40.23331 12.02959 48.33594 48.65427 33.13058 37.07143 25.25043 19.49287 19.02379 45.87056 13.29463 42.69183 13.39656 11.51907 46.02135 41.67613 15.85148 28.68352 30.31756 23.20914 0.0 44.18516 0.0 11.53362 
1000.0 28.03172 22.3573 30.06352 0.0 19.29078 48.39271 21.5823 46.44296 44.92502 17.09361 29.05647 0.0 21.88352 40.51056 42.42599 28.1201 32.94364 17.71819 9.90095 0.02959 38.50574 37.31808 26.68669 41.78442 38.30196 36.57437 33.82201 34.20178 31.31938 43.21328 38.30384 11.80154 32.83553 38.87326 39.27623 29.68004 48.65309 28.1817 20.0955 15.5327 23.40165 28.36035 22.03614 33.88412 21.21872 32.87251 0.0 33.54596 0.0 34.91148 
1000.0 38.92911 19.42824 42.94614 0.0 25.55353 25.09895 26.14599 38.35811 17.10481 25.36619 34.50316 0.0 42.42248 14.89956 19.61351 43.51537 42.98231 12.83085 14.83586 0.02446 33.16782 22.22575 42.59193 28.38319 33.51999 12.12087 43.90877 47.84072 23.04527 39.68674 16.24474 48.18384 46.89077 17.41682 36.01488 40.36597 11.60925 17.31571 9.97782 25.28506 43.9851 26.50483 43.81926 29.26985 41.40859 34.49796 0.0 31.39758 0.0 40.65476 
1000.0 35.91915 10.62567 28.58942 0.0 45.89996 11.7444 42.09964 26.63659 11.76199 15.82197 39.66817 0.0 47.56394 16.00186 26.21214 40.45856 32.66244 33.50606 27.44138 0.03376 25.33367 33.40467 28.70022 37.69246 12.27229 18.91082 45.77807 37.13491 49.10943 21.89281 15.41512 37.08691 26.23872 23.566 16.52781 40.54068 19.87207 49.16522 29.98228 10.32659 48.86366 47.53452 10.37142 27.0595 29.2558 32.07325 0.0 32.57344 0.0 22.07823 
1000.0 17.42371 16.99531 15.33319 0.0 34.42289 15.02434 19.34223 13.30566 41.87133 17.82768 40.01995 0.0 40.20075 37.58677 21.28657 34.2209 44.17534 33.20451 26.48617 0.01254 36.95117 26.8837 20.76289 40.54989 46.56924 45.56046 41.23974 46.92306 17.91366 42.67603 32.09486 23.64131 15.92469 21.0525 34.60381 49.21615 22.11066 40.8435 15.49639 10.03517 18.33424 26.68088 35.72773 18.17117 18.05894 22.55093 0.0 15.50673 0.0 12.75626 
1000.0 24.81181 19.59372 10.16082 0.0 27.68448 16.4977 28.75753 36.50604 19.19901 17.86854 33.77842 0.0 17.76325 17.5429 22.67379 11.33654 12.61438 15.80331 24.35126 0.03427 11.98303 24.39595 12.25108 25.22779 48.31057 30.15586 38.22103 36.53041 16.66999 37.10125 37.47809 24.10804 17.15158 12.33022 37.94585 18.04694 23.41026 16.90091 11.49823 45.06965 47.62687 29.14645 18.08349 23.10095 31.14743 40.63073 0.0 26.7597 0.0 41.53038 
1000.0 20.55067 32.00021 37.24235 0.0 22.26202 47.5609 39.65028 48.24047 26.41923 12.4485 43.53974 0.0 9.97306 24.60185 29.42223 47.74142 24.97972 24.38834 33.45529 0.04491 43.89763 27.34839 14.679 35.53774 45.13992 22.43871 26.11489 45.61974 37.79976 41.61419 48.95593 12.25954 45.06668 25.75186 31.19798 36.38313 13.60171 15.2692 45.27295 41.08983 22.91002 33.25326 44.42028 24.3398 42.32857 23.02019 0.0 16.88464 0.0 16.01287 
1000.0 12.22752 18.85561 42.53759 0.0 28.08545 49.21162 23.40549 26.5975 16.30426 12.23696 38.2631 0.0 13.63718 15.35888 48.97752 38.4294 43.454 42.76468 14.6415 0.04199 10.65154 48.31261 12.46851 24.48243 27.89514 38.22101 31.873 20.93834 27.53343 46.09599 18.84729 29.70958 10.11384 29.39379 22.54715 29.28903 36.51682 31.10404 38.03428 19.51799 18.0388 41.14767 26.36324 48.43189 36.16675 37.83881 0.0 38.326 0.0 44.21045 
1000.0 29.40042 27.94866 19.66349 0.0 36.97249 48.75093 12.41338 22.13374 41.94398 24.32743 46.83237 0.0 14.75898 10.67877 35.38963 12.03472 25.73315 17.10636 26.71661 0.01512 28.98309 37.18167 27.78486 21.68541 49.25883 39.12618 10.20166 10.74153 13.34238 35.71636 41.38984 27.00862 32.67279 22.06958 38.43575 45.88898 36.61043 39.85938 11.72472 25.07274 42.2084 25.7628 31.00314 15.99716 24.36216 36.27399 0.0 45.53907 0.0 11.49525 
1000.0 48.72055 19.60194 20.76399 0.0 18.55561 11.48256 23.97582 15.65659 38.84414 31.40168 29.2345 0.0 22.95142 33.10298 23.29933 40.80617 48.03579 34.01504 18.08765 0.04643 33.66395 22.43135 43.99341 46.65807 16.04026 31.38239 25.91555 16.95278 24.97843 10.82626 40.34702 18.32526 45.52303 39.02922 33.8951 44.69893 25.69888 31.83098 20.84553 24.88503 45.17961 34.79221 29.79222 27.97438 41.23114 20.66815 0.0 32.8835 0.0 38.34928 
1000.0 47.35325 40.79669 33.53664 0.0 48.24869 41.07681 11.84808 41.64278 25.20344 42.34877 28.03231 0.0 22.95106 24.14127 31.74202 27.85237 39.91509 28.32904 18.97061 0.01113 35.41468 45.54293 13.80324 16.60638 32.5497 11.07871 46.65802 47.26507 10.67984 21.10397 35.66739 31.39821 32.93287 15.65052 24.34472 19.32197 34.11882 46.36886 42.69735 34.11633 35.7175 32.9367 16.08632 33.8037 13.65682 20.70801 0.0 33.3927 0.0 12.1966 
1000.0 15.42399 41.25412 43.52473 0.0 25.32243 33.99994 31.75148 25.51713 23.00726 19.20595 16.24844 0.0 24.33162 26.1949 21.39683 41.58835 36.93498 49.19509 21.6336 0.04631 38.47427 9.8948 17.10812 37.43306 49.14327 45.95632 48.41502 22.23673 33.34836 35.41563 36.13653 31.93073 33.79434 47.97241 37.48857 48.20929 44.84073 24.98632 36.3906 44.30909 41.39655 19.21394 10.22072 26.26534 31.01805 10.34096 0.0 44.00617 0.0 13.49401 
1000.0 45.23163 19.79408 36.87253 0.0 21.00482 38.30338 42.29383 42.11465 37.8289 38.81558 14.26462 0.0 28.44936 37.83764 20.34733 36.58216 37.10226 48.47606 16.58577 0.03863 44.74981 43.81076 47.27414 31.04519 25.32722 37.86262 38.91071 36.5223 29.59999 25.12193 40.81939 48.43874 25.14543 30.02033 16.44007 10.52699 45.49015 15.57004 29.19021 23.32765 42.63835 35.70937 46.55915 41.04127 24.45 22.60604 0.0 13.26606 0.0 25.6169 
1000.0 43.79155 41.28455 44.06161 0.0 10.32072 20.40241 42.07012 21.27905 27.15784 47.45563 16.85856 0.0 26.17832 48.40895 31.40286 31.40464 22.04057 21.77765 24.68445 0.02041 16.68759 40.58353 46.11705 39.55247 41.5043 39.30107 36.71484 44.05447 18.65708 39.71209 16.87981 43.05871 47.52571 30.16425 48.93329 13.45134 28.59779 10.08884 23.89602 39.02603 10.16484 10.58202 22.31589 10.68152 44.17848 24.45385 0.0 38.77836 0.0 38.31022 
1000.0 40.99977 33.83717 44.3382 0.0 14.2715 33.00237 16.04291 19.77888 23.4788 32.14428 32.43178 0.0 32.57371 30.2337 36.48164 15.16913 15.81894 34.61041 13.08666 0.04718 22.79751 10.45114 13.93239 18.29351 24.71165 39.03745 32.38964 16.2613 41.70474 43.17607 36.31321 16.14691 31.56808 20.39984 27.67533 10.95643 23.16173 47.01224 10.59045 16.36743 30.2438 27.17789 28.56725 39.66447 36.87435 28.82293 0.0 37.32256 0.0 16.67844 
1000.0 38.46939 13.2915 32.09791 0.0 45.62603 12.19329 39.06337 36.9602 24.88915 42.07945 32.13608 0.0 38.22342 28.05318 46.83318 17.99288 31.23223 25.45486 42.76328 0.0261 46.68623 23.66763 12.68354 40.98493 13.0323 40.48907 17.32321 39.00369 33.33299 32.91412 18.82055 36.80464 43.09589 37.93997 46.82547 28.59137 26.53081 42.52602 35.07031 39.93949 34.15559 32.77651 27.62098 23.2401 36.88545 48.60596 0.0 13.16378 0.0 32.706 
1000.0 41.76483 31.2363 18.6704 0.0 47.13219 16.11698 23.7619 30.91048 30.63623 17.09506 11.47125 0.0 47.62953 20.17773 10.84471 30.87504 39.80625 30.37642 44.01081 0.04823 33.59103 34.58471 44.98452 16.55027 46.40908 37.76172 17.05795 16.50442 42.90735 40.49165 24.06272 46.02882 38.52129 22.9306 21.54033 30.87035 13.65281 45.43433 10.79984 43.00194 10.00797 22.72741 31.36066 15.47722 46.19076 40.0069 0.0 33.09327 0.0 15.31317 
1000.0 31.68208 28.71426 31.29373 0.0 44.68405 18.23109 26.52676 46.10703 44.65677 24.09786 24.01039 0.0 43.31386 21.5889 38.00971 33.24966 46.02539 16.34761 12.63476 0.03297 14.01598 32.31116 33.93392 32.83143 13.59926 36.23124 42.17705 15.05577 21.95294 31.90301 12.67191 45.61152 17.41231 17.76268 46.53075 46.07253 40.1883 22.61657 35.38621 13.59894 20.40349 30.80771 34.62504 40.05359 31.12249 44.77185 0.0 11.10044 0.0 19.92531 
1000.0 22.22005 39.8673 31.84599 0.0 21.1308 49.35788 16.2936 13.20649 47.07112 29.13683 15.92442 0.0 46.81803 17.58632 24.20309 25.81811 13.73596 25.71443 21.56589 0.04427 42.97582 14.76665 32.59353 49.30933 11.96412 20.02697 26.60107 22.31925 19.0742 17.08445 12.03035 36.63607 35.13733 26.09446 23.7685 39.12804 21.4087 38.03972 37.66659 38.32415 12.19798 33.9835 45.48515 40.52182 31.84572 22.05711 0.0 36.16989 0.0 16.97623 
1000.0 28.70162 44.63022 29.17573 0.0 10.11325 27.84366 12.5681 45.66339 29.66789 41.6483 44.1882 0.0 20.22887 39.67897 41.7 31.54386 35.72457 23.12257 27.10719 0.04733 16.11298 17.37396 44.9486 46.71203 29.95216 23.16534 46.00148 42.92614 10.5192 20.21535 20.82223 21.85201 47.31568 34.80671 42.56143 33.42792 44.60992 14.3492 29.38467 11.00285 10.14431 19.47627 29.0588 10.59871 29.13282 47.46545 0.0 46.0617 0.0 12.53678 
1000.0 19.22581 24.8131 22.19536 0.0 39.05419 27.96397 36.02772 44.75697 16.66819 40.89522 31.45829 0.0 25.42757 26.11055 20.63969 17.65258 42.76447 10.63691 43.45983 0.03509 20.67634 32.26661 11.14597 22.41423 11.02886 35.7754 27.4263 19.85657 25.03244 46.75167 15.68755 35.41286 37.028 36.05367 26.62311 13.8737 38.6669 32.46659 39.74947 41.45909 45.13344 24.98962 18.16545 44.54004 35.2158 27.47904 0.0 47.85479 0.0 33.57989 
1000.0 30.61427 44.10572 38.94097 0.0 40.083 17.14134 29.81386 13.52989 35.29295 36.85973 25.95772 0.0 22.81376 29.77041 41.5734 32.2775 40.25653 26.75589 30.6967 0.03404 41.62189 35.50046 10.25511 15.9363 14.0044 23.42012 35.61331 20.29501 20.326 21.28208 36.16839 48.05752 45.38408 14.80662 14.63849 16.77297 27.45549 40.55688 31.09543 11.72796 43.87413 48.46479 32.68081 32.24712 34.30186 43.18317 0.0 14.98821 0.0 15.85914 
1000.0 46.54906 18.88326 15.35909 0.0 30.23032 37.26996 30.24659 34.87954 28.55938 11.33567 10.72088 0.0 25.94432 44.66074 46.30828 18.58256 19.42588 11.75903 18.48225 0.01925 48.1215 44.72024 15.53374 48.85026 35.40539 20.70059 18.91933 36.12382 14.04366 17.78101 41.45257 33.22617 39.69098 24.25322 32.21559 41.35764 26.57382 26.64209 28.69286 16.16837 38.67461 40.49741 46.26858 38.88761 23.79 26.38372 0.0 17.42093 0.0 31.92072 
1000.0 28.85603 20.44799 12.76778 0.0 32.49512 47.91514 33.83165 41.15413 43.96872 42.54624 28.99481 0.0 26.30182 22.63656 16.82213 33.89191 46.88281 24.54512 17.52409 0.03508 9.9414 12.82302 33.61379 39.84233 25.18144 33.01155 10.96863 21.95518 41.55022 41.66644 26.91966 19.58181 35.35574 25.33025 38.22005 42.43294 40.12966 21.35094 11.4523 36.31197 28.23631 48.55537 21.65969 42.3429 16.71028 36.8958 0.0 41.98687 0.0 15.40105 
1000.0 21.33236 26.71658 29.2522 0.0 11.64348 34.46745 37.75733 31.52336 10.5095 48.82008 32.54364 0.0 38.57744 22.5043 40.05346 12.17194 37.34752 17.11523 21.86309 0.02249 18.41441 43.77113 18.69214 43.64298 47.06898 37.11194 41.52943 16.48966 38.07349 16.08006 27.467 23.30601 42.06605 12.48926 29.21473 23.60623 27.00435 16.75939 28.21459 34.68023 49.36005 28.91197 24.6181 43.77844 16.30449 28.12551 0.0 20.7795 0.0 26.1967 
1000.0 0.0 0.0 0.0 12.8621 0.0 0.0 0.0 0.0 0.0 0.0 0.0 34.56851 0.0 0.0 0.0 0.0 0.0 0.0 0.0 0.0 0.0 0.0 0.0 0.0 0.0 0.0 0.0 0.0 0.0 0.0 0.0 0.0 0.0 0.0 0.0 0.0 0.0 0.0 0.0 0.0 0.0 0.0 0.0 0.0 0.0 0.0 19.14941 0.0 46.28263 0.0 
1000.0 30.39918 47.87287 26.10768 0.0 38.23095 11.21774 39.59498 46.50052 42.80109 25.97525 23.44676 0.0 40.97728 41.80241 19.46772 34.02016 48.29253 30.99877 12.42888 0.04897 27.56767 15.13473 32.5621 47.86638 35.55576 36.36012 48.94778 38.69835 20.344 19.87852 26.88599 47.03351 34.46778 45.08543 43.19239 11.91873 29.24041 14.08424 16.18659 26.04936 34.95416 13.00265 39.20567 26.85089 26.98909 18.1444 0.0 39.83479 0.0 25.19737 
1000.0 0.0 0.0 0.0 29.76037 0.0 0.0 0.0 0.0 0.0 0.0 0.0 17.04982 0.0 0.0 0.0 0.0 0.0 0.0 0.0 0.0 0.0 0.0 0.0 0.0 0.0 0.0 0.0 0.0 0.0 0.0 0.0 0.0 0.0 0.0 0.0 0.0 0.0 0.0 0.0 0.0 0.0 0.0 0.0 0.0 0.0 0.0 28.61787 0.0 27.83608 0.0 
1000.0 12.59033 24.19874 32.12287 0.0 28.66141 30.2555 37.40721 41.87322 17.02873 29.83332 22.06715 0.0 14.7398 29.29384 23.07565 15.90631 37.08196 21.74813 12.46316 0.01019 12.83293 20.08154 47.6002 38.4597 28.94697 18.63166 24.82175 42.11157 37.62821 22.84353 28.67162 28.56657 18.84896 32.88523 47.83386 10.00633 36.4975 32.84855 26.93452 36.5856 24.45769 39.71911 44.49145 22.59255 37.76974 20.59072 0.0 15.68111 0.0 33.83949 
