1000.0 1000.0 1000.0 1000.0 1000.0 1000.0 1000.0 1000.0 1000.0 1000.0 1000.0 1000.0 1000.0 1000.0 1000.0 1000.0 1000.0 1000.0 1000.0 1000.0 1000.0 1000.0 1000.0 1000.0 1000.0 1000.0 1000.0 1000.0 1000.0 1000.0 1000.0 1000.0 1000.0 1000.0 1000.0 1000.0 1000.0 1000.0 1000.0 1000.0 1000.0 1000.0 1000.0 1000.0 1000.0 1000.0 1000.0 1000.0 1000.0 1000.0 1000.0 
1000.0 20.83848 16.13932 9.85546 0.0 36.50267 12.60273 22.28749 26.11977 28.6526 22.19641 25.03602 0.0 11.98052 14.64702 29.38027 10.63078 17.4527 25.29969 29.80151 0.04304 28.13607 21.77433 27.49466 27.17198 18.54331 21.82254 38.8337 16.72687 30.26359 30.1545 21.518 19.01868 30.64868 12.55897 14.05801 13.90776 14.52892 9.55217 32.26861 25.85492 19.35231 17.21782 15.76568 26.24402 31.29277 8.62322 0.0 20.8016 0.0 34.08328 
1000.0 22.3417 35.53932 29.03494 0.0 12.93928 9.70718 18.83361 18.03765 18.26562 11.38569 18.23622 0.0 27.55444 29.44735 37.42923 10.85923 37.72758 35.7207 22.54279 0.01446 36.3685 26.19943 33.56143 9.39824 38.2696 33.88793 24.76407 34.60424 13.95334 16.1736 20.34758 14.1214 8.4186 37.72491 13.28447 33.33264 36.56318 38.79332 25.43944 9.44973 34.08174 22.50541 19.17281 17.87307 11.92393 22.12373 0.0 29.44809 0.0 13.79317 
1000.0 12.66108 12.23119 11.84867 0.0 11.92606 35.51152 26.81876 26.49865 11.56063 24.72999 13.1573 0.0 32.25698 22.06194 22.10732 23.96163 30.96987 35.5655 23.44227 0.02676 16.94953 28.11297 35.84527 14.81946 24.93247 33.2339 19.85702 8.86529 13.73057 21.27338 21.32791 25.66361 9.54282 17.87884 14.26791 19.56993 11.3723 15.06308 11.69365 14.10808 19.93339 32.42138 33.93164 39.06089 39.1412 23.52063 0.0 30.81368 0.0 27.18635 
1000.0 0.0 0.0 0.0 16.99357 0.0 0.0 0.0 0.0 0.0 0.0 0.0 28.76879 0.0 0.0 0.0 0.0 0.0 0.0 0.0 0.0 0.0 0.0 0.0 0.0 0.0 0.0 0.0 0.0 0.0 0.0 0.0 0.0 0.0 0.0 0.0 0.0 0.0 0.0 0.0 0.0 0.0 0.0 0.0 0.0 0.0 0.0 18.98887 0.0 22.48253 0.0 
1000.0 25.48382 12.2551 27.41129 0.0 12.03642 31.60345 17.09757 26.24136 29.28849 16.44403 26.48104 0.0 34.72652 12.63251 24.83308 25.43044 31.35356 19.36932 22.90928 0.01481 27.50129 9.33074 16.53803 34.81997 9.38109 30.75569 35.77779 20.68389 34.22242 22.33508 35.96737 19.20203 8.33956 23.84433 9.63648 35.04126 21.91494 38.88102 31.82456 27.36297 36.91291 15.69917 34.15507 25.19976 27.322 29.5696 0.0 25.71324 0.0 10.97723 
1000.0 27.28903 34.10572 32.33215 0.0 34.09972 26.84786 17.57312 35.56055 13.43154 14.82155 31.59584 0.0 32.48643 39.09082 15.44682 34.99481 28.69379 32.8816 25.16357 0.03629 30.57453 30.45819 24.71848 32.64389 12.65014 32.54314 27.29035 24.54092 13.72429 38.50018 28.64502 31.88361 20.2002 34.99358 35.10512 37.70765 23.41692 20.48967 9.80403 14.87784 37.32173 38.02069 9.04594 37.18135 10.44192 10.59461 0.0 25.13193 0.0 9.02076 
1000.0 31.08681 9.79327 26.93083 0.0 31.0137 27.17141 21.77771 31.78036 31.71774 28.1579 17.23 0.0 15.41373 38.3766 35.45614 14.49649 26.53823 37.41728 21.49623 0.01949 17.55935 11.59767 22.03465 16.38071 34.29281 31.06917 23.415 29.13174 37.13483 19.88385 36.35425 33.72198 10.98379 12.395 13.66358 23.0308 17.71965 10.13607 13.20932 34.97026 28.2011 17.99382 9.62216 25.26572 22.8129 23.53805 0.0 16.24003 0.0 27.07619 
1000.0 33.29378 21.31423 37.93798 0.0 21.60876 27.52205 15.93987 29.97415 31.01057 20.53404 26.17442 0.0 32.14292 19.06655 29.4069 29.44654 35.96923 25.26671 32.45453 0.04011 33.6902 36.3439 25.25167 20.68671 29.67242 31.27455 12.89295 31.31939 34.158 26.72859 10.05843 36.07902 8.95537 20.84838 7.88817 33.34961 36.97358 29.73703 14.87943 31.69345 12.74614 24.00581 32.01519 24.88208 35.22686 36.89297 0.0 19.06609 0.0 9.4746 
1000.0 33.90058 18.87233 28.05896 0.0 31.39322 29.69187 39.22466 10.53305 26.19691 29.60267 37.57811 0.0 23.71547 21.59903 13.20122 26.91098 24.18378 18.38911 33.84922 0.03371 16.17608 22.97461 28.0623 11.34267 34.88918 27.02696 36.20519 33.05657 21.4908 33.19783 38.43989 25.09201 18.73898 22.75677 18.4521 34.67519 36.28045 28.82398 15.91353 34.6064 10.28252 27.73605 36.8972 36.993 23.75896 39.32133 0.0 21.33974 0.0 17.95817 
1000.0 38.08871 27.82904 23.29514 0.0 10.9075 29.74029 14.44459 33.6251 12.61478 23.9009 13.24053 0.0 35.55341 13.45963 25.05967 30.61168 28.58147 30.1054 27.21959 0.0169 22.54766 23.1004 23.28813 31.41056 11.40581 26.78636 18.5625 15.49259 10.91843 17.65218 23.77186 34.80353 10.54367 34.62754 32.88037 32.59058 12.73851 35.33876 25.86597 9.58225 26.15443 7.92698 14.05671 31.69642 21.05396 32.17434 0.0 8.45564 0.0 17.01247 
1000.0 36.78523 11.83371 22.04717 0.0 10.35504 32.63509 30.77061 31.10775 37.21331 35.68279 36.1786 0.0 29.22349 9.74529 22.20648 28.40576 9.54354 16.05079 37.87196 0.03043 13.11334 28.64438 10.01316 33.28132 9.83878 17.81241 29.46205 15.81223 8.56701 26.48101 9.21709 15.01025 17.87184 17.86234 19.93531 38.01473 13.50868 10.1964 18.54339 32.66969 15.52504 13.14514 32.34136 8.97368 14.14689 12.00127 0.0 38.59102 0.0 18.54719 
1000.0 0.0 0.0 0.0 35.22879 0.0 0.0 0.0 0.0 0.0 0.0 0.0 31.55787 0.0 0.0 0.0 0.0 0.0 0.0 0.0 0.0 0.0 0.0 0.0 0.0 0.0 0.0 0.0 0.0 0.0 0.0 0.0 0.0 0.0 0.0 0.0 0.0 0.0 0.0 0.0 0.0 0.0 0.0 0.0 0.0 0.0 0.0 13.97543 0.0 14.25522 0.0 
1000.0 13.88547 14.47208 18.6653 0.0 17.20133 35.80743 9.16889 31.03012 30.72853 25.04723 26.29 0.0 18.63554 15.25819 16.82055 21.41548 20.4037 24.68056 17.12769 0.02161 12.27568 27.77553 30.30813 31.9157 17.04737 25.60032 14.6167 29.26608 26.80044 29.44661 32.78679 29.93417 27.72403 17.35372 32.38129 9.42756 30.70574 18.49285 13.45152 10.58972 12.40778 8.7734 11.44329 27.81372 33.91536 31.39757 0.0 9.25404 0.0 32.4768 
1000.0 36.29981 16.86525 20.94582 0.0 10.7905 10.16459 38.39578 24.48473 37.70334 8.07667 37.1836 0.0 30.71496 15.17929 37.53072 28.70253 10.4362 26.07464 30.26206 0.04215 36.8155 23.13305 9.00241 14.27061 18.64863 24.32678 10.1801 23.70042 35.44569 29.13581 38.51752 39.0274 25.67457 37.09474 19.57957 26.43719 11.62865 31.88302 35.67433 12.31904 18.29891 36.2248 8.63444 23.53489 33.41443 31.54826 0.0 22.35967 0.0 38.83271 
1000.0 21.15684 34.14266 28.36426 0.0 22.17671 16.95958 15.4091 12.39427 33.19821 30.52553 30.67541 0.0 37.50763 31.80246 23.44533 19.14598 14.15904 34.93599 10.70592 0.02418 37.2207 22.51504 20.03905 10.07186 25.68451 26.61923 17.45201 22.48568 30.55236 30.73698 25.2741 31.80292 32.63509 14.38485 10.73014 12.18399 29.79404 36.42267 38.23925 19.63143 35.01607 8.98187 28.45836 20.80169 24.83924 26.3466 0.0 15.78975 0.0 14.84387 
1000.0 22.87026 25.49556 7.99347 0.0 23.37094 33.73997 38.54461 25.5634 9.27417 13.00577 19.07628 0.0 19.4063 13.44736 7.93105 9.68122 22.23722 33.46211 26.08699 0.01315 9.05226 10.09586 37.43714 36.24075 16.51781 19.7941 17.54773 38.43366 26.88864 17.19898 25.96389 11.09048 12.2306 33.30293 12.92427 25.5457 33.48608 25.57036 12.33076 35.22084 18.6986 29.26939 22.66546 11.32782 11.46977 12.2033 0.0 37.54491 0.0 31.5822 
1000.0 31.27972 25.70566 19.24562 0.0 24.82481 37.52371 38.68852 26.73357 13.44896 23.23289 13.34734 0.0 13.67116 36.2635 15.07779 14.80753 15.39609 22.58013 26.27405 0.02148 33.9308 37.9069 16.4421 38.24068 8.50886 12.47959 22.71298 30.46089 21.24116 31.39469 38.64859 20.69885 19.53986 10.91263 36.47913 36.04058 38.24381 11.61002 36.30796 10.8057 30.02188 20.80975 16.98895 8.64179 26.17432 29.4466 0.0 26.46283 0.0 19.97692 
1000.0 30.24952 10.8621 19.08749 0.0 21.9209 30.52815 12.28075 9.06886 18.36524 34.36306 13.951 0.0 28.54684 39.03681 20.44593 27.50455 30.26734 12.05386 37.44462 0.01371 30.98926 7.95657 27.22839 10.35058 15.22343 15.80498 26.15393 14.7472 34.89383 15.65658 35.45288 36.30324 32.31393 31.80144 32.47135 31.43531 8.9079 10.1788 16.57468 15.27158 8.47595 33.87542 13.951 30.9846 32.76388 28.5019 0.0 32.84988 0.0 37.05056 
1000.0 17.2782 24.87454 34.46362 0.0 8.85692 35.66244 30.66868 16.56631 37.82255 34.21453 18.3599 0.0 9.45541 20.87575 17.58134 19.61652 9.16315 38.10208 31.76016 0.04422 28.24017 38.14294 22.01244 26.82913 33.47903 30.90338 13.51443 37.56069 24.05332 38.01077 30.3553 36.3956 21.19069 23.42623 35.46983 26.60807 33.25206 25.85607 10.6707 23.99471 24.49863 10.93556 38.18646 29.35645 26.62387 13.41868 0.0 14.28385 0.0 22.80006 
1000.0 0.14681 0.17728 0.17698 0.0 0.13877 0.16397 0.11643 0.12694 0.0405 0.14723 0.15942 0.0 0.15074 0.07515 0.05843 0.16827 0.09016 0.04212 0.04522 20.64016 0.07717 0.13675 0.12715 0.11433 0.0663 0.13436 0.05669 0.14678 0.15936 0.14653 0.06317 0.17042 0.06301 0.15754 0.13648 0.16568 0.05804 0.0802 0.03735 0.13232 0.13202 0.15025 0.15895 0.08341 0.1538 0.10403 0.0 0.06217 0.0 0.05831 
1000.0 30.23239 36.45981 10.47132 0.0 34.44426 27.98346 30.10894 26.1839 21.99393 30.00484 8.89653 0.0 35.8433 29.99296 24.47287 35.76203 31.46352 35.04645 10.49015 0.02398 22.30062 22.03803 28.61747 8.54937 21.01477 23.74807 17.29779 33.98442 19.89194 33.08897 7.91654 34.03539 35.91081 29.20484 8.64546 14.09047 32.77671 38.56555 9.79655 9.07475 24.08751 38.81495 37.63173 10.17305 18.1431 12.34921 0.0 38.39944 0.0 33.52089 
1000.0 38.4122 18.35811 28.81887 0.0 26.77252 37.42418 33.44101 8.86483 25.35512 12.80049 34.46597 0.0 31.15416 31.79357 28.55139 16.79869 11.87505 13.79055 18.19742 0.03943 32.83424 8.42814 16.5072 31.32989 12.52136 30.02975 9.20857 27.79727 16.85961 10.05936 24.83892 33.63197 18.82695 33.13445 13.13439 31.07076 28.12608 14.54379 12.18309 38.78454 12.68141 25.67054 36.30279 16.44572 29.37641 27.24804 0.0 34.50183 0.0 13.56104 
1000.0 22.64241 34.38201 23.1942 0.0 27.59146 24.63215 38.77912 15.16999 16.17143 36.99364 30.36161 0.0 35.48049 9.55606 8.74948 10.38121 25.12824 19.62056 20.24659 0.04055 8.24191 10.43822 11.87373 36.11976 17.44413 22.93285 12.66151 33.63412 38.41175 29.04626 20.53809 38.57958 20.20689 10.58981 8.6962 34.94968 34.21017 9.68358 35.12647 16.24471 28.74845 13.76801 17.02263 25.9794 25.48396 37.22164 0.0 15.44628 0.0 35.69472 
1000.0 23.56537 22.26884 17.90915 0.0 23.14324 20.19964 10.03525 8.0432 28.27912 26.22856 18.59357 0.0 15.86881 25.18218 38.13242 23.134 17.08511 14.78349 35.49579 0.01253 19.83675 12.29002 8.31329 9.14744 8.33242 33.63002 31.09063 29.98898 13.08521 11.77229 14.84781 12.04245 22.19644 31.33651 10.4065 32.62213 35.03824 36.14094 30.38742 27.09159 29.93543 19.76788 33.61655 33.17899 36.1043 10.525 0.0 37.8713 0.0 7.97304 
1000.0 27.18027 21.67957 38.22799 0.0 14.89733 14.66263 38.55648 34.38506 29.56557 22.11808 32.64337 0.0 28.3025 23.81775 12.55288 21.58836 8.77479 33.98067 30.07745 0.02824 25.84808 20.52159 21.16715 36.47312 11.07165 14.71588 8.58858 9.82135 32.64117 10.61114 35.94215 20.22014 33.43715 37.27625 16.0286 38.85479 23.73448 37.83185 15.59561 12.61177 30.9641 8.64046 33.6649 9.84882 11.56095 37.35342 0.0 26.12543 0.0 31.78812 
1000.0 29.19692 32.82766 12.10417 0.0 24.1695 18.14839 9.44451 37.07177 18.12765 16.53879 37.61443 0.0 14.29929 33.98978 24.04272 39.14459 11.90888 8.91179 10.77507 0.02257 8.01879 33.54627 29.36146 15.87599 30.40929 20.58815 18.25913 19.99637 9.06813 13.14418 23.36647 27.4973 37.62931 28.8365 14.55013 20.02131 37.37882 23.24673 36.22592 9.0015 20.27859 21.09171 28.31398 11.88574 27.90847 23.87751 0.0 17.9141 0.0 29.16658 
1000.0 13.34743 11.90359 32.54504 0.0 19.74351 10.84499 14.24096 23.59624 34.92813 19.45501 20.88839 0.0 29.34478 18.52128 26.67571 8.04633 32.27622 17.97998 17.62308 0.02286 24.44205 23.37849 9.10324 15.25825 29.54168 23.31118 18.33603 7.93625 9.18112 36.75901 37.7521 31.18489 37.67143 25.93192 15.87448 33.07334 28.52098 21.79996 19.07396 34.56389 34.95862 17.25445 33.78373 28.12672 32.76019 30.66547 0.0 21.56887 0.0 14.7638 
1000.0 24.3371 32.62254 18.94546 0.0 15.09001 27.13184 27.30481 16.51352 13.42759 16.80042 37.75558 0.0 10.26687 33.68313 22.08808 33.00664 36.64584 10.15321 9.48083 0.01227 7.89186 34.04172 10.01561 20.31306 27.24762 37.14345 28.21847 8.52841 21.30019 21.70132 28.70162 28.03807 25.68375 19.88697 34.89074 13.95428 28.88286 8.71154 14.59688 13.49909 19.79341 32.95954 30.98727 19.19053 23.01508 26.81188 0.0 14.95944 0.0 10.42105 
1000.0 37.02852 17.95741 22.21616 0.0 13.07953 13.91918 29.57019 33.00604 19.2377 37.3071 27.09503 0.0 32.28997 35.50338 18.93753 22.97181 25.8005 22.12099 28.09858 0.03887 17.16397 30.11007 17.99954 9.75202 19.91785 21.59305 20.82548 22.46715 10.15345 33.31163 29.27217 23.46993 7.94368 35.28696 39.00624 26.92705 27.93845 11.48134 31.63791 30.6794 29.71387 26.95151 21.04328 12.20436 27.35199 27.62064 0.0 11.74882 0.0 14.17457 
1000.0 10.36508 8.80857 13.0335 0.0 35.08279 26.78311 12.29821 20.78017 23.72463 39.01859 19.60577 0.0 18.08125 35.73349 18.34193 17.70606 33.6412 36.11391 38.4283 0.01274 32.84249 19.63503 33.18734 12.85465 24.09315 27.22513 21.68767 25.92342 15.57331 31.7284 29.3811 24.16614 14.87117 24.56546 33.08853 18.45341 26.11951 30.03648 26.2641 35.56374 36.57969 19.43884 15.72893 36.26888 36.17216 25.324 0.0 23.8726 0.0 32.65251 
1000.0 24.53385 34.1538 21.54062 0.0 25.53276 16.45479 32.05029 11.4797 27.45147 22.84687 31.67406 0.0 21.16321 25.65228 12.52367 37.80403 9.10111 13.08635 11.25027 0.04261 22.10222 34.34079 37.31554 13.56989 32.50475 35.94951 14.31537 8.18847 14.89799 27.17424 21.88977 16.18546 8.00381 9.28803 34.86321 16.88849 39.19602 37.76803 21.3552 27.54841 26.25072 15.3147 17.7849 12.25557 20.31497 21.08573 0.0 25.07552 0.0 9.00471 
1000.0 24.8991 32.53923 32.44648 0.0 27.06583 38.92064 26.14419 14.99631 27.53361 12.36895 9.72895 0.0 16.48292 26.41958 15.71686 37.1529 38.00083 11.77154 11.11151 0.01768 10.59865 13.11408 10.11138 37.86295 37.96267 37.59849 8.65852 16.14841 35.99966 38.58664 28.71777 38.46927 37.2904 16.17366 18.7216 8.5024 38.48314 21.35916 23.9211 22.74618 25.3957 12.04284 11.22529 37.00269 13.18262 24.04263 0.0 36.62091 0.0 31.9449 
1000.0 28.71846 38.24893 38.37336 0.0 25.76567 34.32297 32.96913 24.02824 12.98565 23.62649 27.82449 0.0 26.01651 22.59117 38.08339 14.82944 36.13046 26.20885 8.11022 0.0432 23.24051 38.56294 9.08353 34.75311 26.75026 20.78214 33.60303 8.63371 32.0613 12.38738 24.67586 35.6607 32.91875 32.79651 16.18274 38.5271 35.47826 31.78704 37.24117 23.68557 35.11853 12.15386 9.92296 30.25411 38.67019 31.40982 0.0 17.82305 0.0 26.33125 
1000.0 10.5321 31.25556 33.55747 0.0 16.91423 34.03846 16.93522 13.78573 13.19305 9.3845 16.88732 0.0 25.83634 18.87318 23.10544 24.94275 36.17005 31.22488 10.14056 0.02468 14.38445 38.50968 22.05281 30.58202 23.62706 29.09404 10.49531 18.92553 12.98634 14.08847 29.18706 19.39556 26.96837 23.83656 35.36084 36.52554 20.26851 28.7611 15.53044 14.27267 21.34145 35.92248 31.1571 27.11512 13.65587 23.22224 0.0 33.82757 0.0 24.56864 
1000.0 37.06471 11.7816 17.02742 0.0 10.44696 12.46265 18.8225 20.3534 11.66261 13.6296 27.81139 0.0 10.91988 12.05887 38.2117 24.53147 20.61314 22.73084 28.29803 0.04347 20.50381 38.20165 12.96687 16.79603 22.24484 19.45149 35.78113 11.08476 8.69138 32.31722 15.80791 8.88424 26.64841 13.10215 23.43772 29.38669 12.529 16.55141 36.47564 18.20291 15.43222 26.22024 21.71469 12.89417 19.6499 35.25893 0.0 34.02102 0.0 22.30424 
1000.0 15.02516 24.39113 12.93926 0.0 18.2512 25.125 12.21292 30.4453 17.48013 28.51762 39.27675 0.0 31.35694 30.08616 20.25894 37.90784 15.75624 37.21877 9.60567 0.03505 15.49028 11.96176 11.9199 22.27697 23.74751 32.47094 17.65721 9.04395 29.80112 24.50661 11.29735 27.60506 22.12524 13.62593 26.33433 11.24504 25.45804 25.28745 25.65958 33.4068 13.77944 17.96247 15.49119 12.90131 24.56906 9.76552 0.0 37.98669 0.0 17.18548 
1000.0 38.76653 25.04575 24.2607 0.0 16.74472 39.31084 16.60474 9.80995 34.49972 24.87047 34.7482 0.0 17.92778 36.96885 20.80194 17.53095 11.05906 19.95502 25.30019 0.0392 14.86751 34.38297 15.61783 11.88976 23.69823 34.52337 23.48049 31.38512 37.3623 12.34735 18.10459 30.40328 20.92448 19.32129 37.28314 22.44984 10.82461 8.01584 7.98638 30.21823 12.48452 30.45843 36.43847 9.34203 22.00209 23.02419 0.0 10.64734 0.0 25.11842 
1000.0 14.83511 17.43123 17.57177 0.0 14.87391 35.6122 18.18223 27.81085 38.18921 34.64809 30.36272 0.0 14.12036 16.66396 26.689 12.1174 32.23638 21.18692 33.99733 0.02918 17.88859 10.84749 11.1199 35.23123 9.51722 20.0512 15.67998 27.92811 13.48883 17.65601 12.51959 15.52025 30.60847 38.69431 12.84473 34.75001 21.49654 26.43809 14.53826 21.23128 9.93263 22.13663 33.79872 9.96692 10.44547 37.58711 0.0 30.42085 0.0 13.34204 
1000.0 13.22949 35.03307 17.99417 0.0 19.30659 38.83403 27.1146 13.53736 35.72455 21.07497 13.95114 0.0 27.49151 21.92487 14.97581 35.9066 26.28208 34.2577 13.64378 0.01234 8.10008 38.62608 14.52569 32.49042 10.3688 19.20743 10.44788 15.51896 32.05541 27.9022 16.12371 30.3791 37.97125 14.04103 26.61136 9.6276 15.5547 11.25792 15.08386 19.93695 21.40156 30.60961 34.29539 16.57274 34.94069 9.40106 0.0 21.44103 0.0 23.90616 
1000.0 34.65257 29.00982 22.8529 0.0 24.32866 16.16301 19.39145 34.75601 14.66778 17.01459 24.20942 0.0 18.78467 26.66558 23.35733 20.70869 37.44409 35.11393 12.98731 0.04199 26.64913 8.60998 17.20063 14.40301 14.01164 30.80975 11.27127 20.57507 28.55317 17.03368 8.43302 29.63931 21.57358 11.61256 21.65233 19.39378 12.05015 36.94745 14.93828 36.12021 12.13078 31.4763 12.10577 19.18636 38.66669 23.4812 0.0 17.63202 0.0 28.51858 
1000.0 9.11871 16.39672 12.0341 0.0 20.73023 9.30917 21.49469 29.78554 17.04984 10.39359 26.27618 0.0 34.32399 36.99603 17.09196 26.49181 20.12934 14.86159 25.14054 0.01787 30.48935 33.15862 36.70457 23.82719 20.81917 23.90609 21.05149 30.74195 14.54335 23.19303 33.79704 25.71897 37.76292 25.75664 35.42185 20.43732 9.79439 26.18817 34.00334 30.64538 25.08417 14.52981 21.72951 30.21701 28.68043 8.86674 0.0 30.88597 0.0 38.24215 
1000.0 38.76137 29.23585 30.46879 0.0 32.04621 31.48164 31.59756 14.26532 26.30438 32.14371 37.74251 0.0 8.16276 26.63961 18.78765 20.83894 23.07977 14.6371 27.35245 0.01796 32.97418 27.67652 39.02763 14.60027 14.86484 20.35515 13.18912 14.0231 35.74744 38.45865 34.39153 9.8456 19.54564 21.48873 32.74442 33.49557 18.57288 19.80065 9.86605 15.2048 24.88223 20.97973 30.91777 37.85155 14.70303 11.56261 0.0 22.47424 0.0 22.76809 
1000.0 12.48729 21.91967 37.73055 0.0 24.84776 19.995 27.15117 23.10347 9.97929 23.94166 17.5632 0.0 35.72822 16.95243 24.11636 26.57394 34.17443 31.25846 30.84311 0.02721 18.94633 25.09695 24.58666 19.62682 23.93662 14.65494 11.0093 31.92165 38.37908 14.73331 19.47334 31.21964 15.49359 22.60577 30.7136 15.77598 21.35417 11.81288 32.85986 11.24926 8.40192 10.39897 33.33151 35.17255 16.49624 15.74044 0.0 9.22336 0.0 15.93246 
1000.0 22.1184 35.09848 23.17591 0.0 36.04892 37.45541 16.91742 18.45705 14.03145 35.89561 11.02092 0.0 37.73835 20.34017 24.17387 18.67732 31.39811 25.95357 27.21684 0.03082 24.68153 19.74553 19.9131 28.64048 18.7199 24.69387 24.66902 22.07152 24.44512 16.3933 32.70833 31.34819 38.77579 26.28063 13.17478 10.2462 33.72985 11.19519 13.29328 30.29322 35.39983 19.86175 31.16231 27.35513 20.59652 10.0759 0.0 24.19207 0.0 32.71433 
1000.0 24.02869 38.01239 13.2417 0.0 21.84667 30.80685 12.90195 32.50953 12.65614 24.60675 8.12104 0.0 27.73157 34.19857 31.95921 17.7345 28.91814 37.15066 37.10701 0.02495 10.46286 15.7504 10.7708 29.80034 31.73581 23.17988 26.69682 17.11803 24.86691 17.65835 25.14361 25.65182 23.83753 13.3202 32.59101 12.19929 36.33777 38.28211 37.97294 8.6862 10.8838 24.51465 14.56322 12.57253 29.42809 31.54289 0.0 11.78514 0.0 27.85898 
1000.0 25.12879 36.34598 20.89171 0.0 27.68253 38.20822 31.68503 22.36204 33.81012 12.94715 19.07003 0.0 15.00904 14.61649 20.85326 21.94004 20.74966 30.42003 26.89481 0.0316 23.64658 35.57898 23.53773 35.87932 15.38251 37.24932 17.37521 24.21664 9.17814 15.58156 36.64426 9.46673 30.81244 16.75416 8.50051 34.13709 13.19896 15.46654 24.30683 19.46721 33.66276 34.94132 35.21915 16.55732 36.73336 20.90258 0.0 36.89125 0.0 32.74733 
1000.0 0.0 0.0 0.0 22.13091 0.0 0.0 0.0 0.0 0.0 0.0 0.0 20.72154 0.0 0.0 0.0 0.0 0.0 0.0 0.0 0.0 0.0 0.0 0.0 0.0 0.0 0.0 0.0 0.0 0.0 0.0 0.0 0.0 0.0 0.0 0.0 0.0 0.0 0.0 0.0 0.0 0.0 0.0 0.0 0.0 0.0 0.0 31.68052 0.0 37.46344 0.0 
1000.0 15.78275 25.27069 36.83365 0.0 11.79501 14.92146 8.64985 8.63285 21.46424 8.82515 25.63056 0.0 18.33964 25.2097 8.87962 25.86555 15.02624 13.07309 16.55093 0.04154 35.98321 17.94061 18.67478 18.63142 13.90514 34.18255 27.20665 9.39157 15.30106 22.43289 19.28015 36.28813 23.14454 10.86038 8.18081 32.5637 29.01197 39.24113 17.87502 33.2216 17.13656 25.84148 34.45733 9.6898 25.95483 27.09501 0.0 20.03752 0.0 20.16209 
1000.0 0.0 0.0 0.0 14.17509 0.0 0.0 0.0 0.0 0.0 0.0 0.0 14.57656 0.0 0.0 0.0 0.0 0.0 0.0 0.0 0.0 0.0 0.0 0.0 0.0 0.0 0.0 0.0 0.0 0.0 0.0 0.0 0.0 0.0 0.0 0.0 0.0 0.0 0.0 0.0 0.0 0.0 0.0 0.0 0.0 0.0 0.0 20.48096 0.0 31.41587 0.0 
1000.0 15.15569 31.49155 29.59115 0.0 16.7586 21.23863 20.47597 30.11923 19.83697 9.94917 33.55966 0.0 12.62498 32.07068 27.58856 19.35838 23.78312 31.22087 15.84009 0.01485 25.44763 38.99787 34.68927 10.43275 13.85051 29.54058 25.83611 36.70399 17.01687 26.81442 8.20625 24.51722 22.2086 24.07437 36.74594 18.77349 10.68544 7.99182 36.74058 33.29287 30.28495 22.86223 12.89463 28.62231 30.00894 19.38619 0.0 15.7204 0.0 27.14435 
