1000.0 1000.0 1000.0 1000.0 1000.0 1000.0 1000.0 1000.0 1000.0 1000.0 1000.0 1000.0 1000.0 1000.0 1000.0 1000.0 1000.0 1000.0 1000.0 1000.0 1000.0 1000.0 1000.0 1000.0 1000.0 1000.0 1000.0 1000.0 1000.0 1000.0 1000.0 1000.0 1000.0 1000.0 1000.0 1000.0 1000.0 1000.0 1000.0 1000.0 1000.0 1000.0 1000.0 1000.0 1000.0 1000.0 1000.0 1000.0 1000.0 1000.0 1000.0 
1000.0 10.50801 32.87637 14.71499 0.0 35.76042 32.21149 9.44063 34.14227 26.48764 24.03266 14.06437 0.0 11.9779 12.00213 13.2753 22.04418 22.30951 41.28293 30.08988 0.02567 12.32474 34.78228 19.8216 18.94009 26.17738 13.63318 20.27179 21.71605 9.2241 15.47226 20.18624 17.18236 19.71231 12.99655 24.25595 34.35931 21.29388 10.50482 15.91516 33.58696 18.32565 41.41236 24.79667 26.64579 36.98853 8.99388 0.0 13.6728 0.0 14.10303 
1000.0 17.22808 27.41729 16.046 0.0 26.32034 8.34408 12.92322 19.32551 19.25402 27.45267 12.40688 0.0 25.75965 16.87146 41.09946 17.54144 15.72783 15.79059 35.18346 0.01401 18.49069 34.08769 32.83706 15.99245 12.30088 24.61262 15.13641 38.12125 12.23286 14.60554 15.02902 23.85513 14.83756 12.33465 21.91793 12.38936 32.34883 32.21402 28.98882 16.11087 34.86382 9.45567 34.35123 30.88084 25.1023 36.67567 0.0 12.62865 0.0 28.15258 
1000.0 18.21274 21.98198 40.85784 0.0 16.4928 32.42637 19.95295 23.48925 32.27286 36.68851 32.73806 0.0 34.16406 27.38232 32.76624 14.31339 33.80616 14.29191 9.1795 0.0248 12.00465 38.48066 15.80043 31.49101 28.92424 24.40081 15.73386 10.34675 34.32063 33.50479 8.36834 36.57408 24.73982 22.54696 11.06063 17.87059 16.5996 22.97598 41.12261 15.00578 36.9584 12.62009 23.12687 18.72973 16.81019 33.83176 0.0 40.2826 0.0 22.3555 
1000.0 0.0 0.0 0.0 20.71132 0.0 0.0 0.0 0.0 0.0 0.0 0.0 40.31969 0.0 0.0 0.0 0.0 0.0 0.0 0.0 0.0 0.0 0.0 0.0 0.0 0.0 0.0 0.0 0.0 0.0 0.0 0.0 0.0 0.0 0.0 0.0 0.0 0.0 0.0 0.0 0.0 0.0 0.0 0.0 0.0 0.0 0.0 33.73311 0.0 15.62544 0.0 
1000.0 21.19947 9.12912 36.69414 0.0 8.72335 14.63297 36.34742 38.66892 39.63294 32.30879 19.50747 0.0 35.60702 28.64285 31.98115 14.00836 36.91074 27.18849 20.93278 0.02439 33.09339 12.93871 10.88481 30.75994 25.05759 34.54163 16.61452 39.61117 22.89243 31.87636 10.40391 39.77888 17.04604 25.42952 33.21359 14.87467 32.36367 29.79927 9.27746 12.22029 22.00767 9.42691 28.7333 31.00357 36.63002 18.94313 0.0 22.05271 0.0 21.61533 
1000.0 13.56302 30.65247 37.7101 0.0 40.20567 17.66556 9.74804 27.53967 30.71172 41.29298 24.01361 0.0 33.58037 33.02008 14.77124 12.92537 14.55852 10.19639 13.64309 0.01584 25.6341 18.63743 22.59957 32.12229 8.72187 17.0468 20.3072 24.93667 21.71357 19.22169 18.83682 31.19703 22.26433 22.29717 36.37698 9.70672 9.88864 24.96475 37.16246 33.15986 13.96312 24.03484 13.48272 21.5242 23.5356 31.12358 0.0 30.77134 0.0 21.79896 
1000.0 30.42652 8.66026 20.58917 0.0 17.60207 34.741 40.5691 33.48033 12.16449 31.17422 33.54843 0.0 25.27606 41.12539 13.34764 31.39828 24.13266 22.5183 19.41779 0.03662 30.85581 9.81774 18.73902 15.95843 37.94891 30.22833 31.03674 18.14004 37.38189 29.93825 12.82947 13.29836 12.30392 23.43932 25.41281 35.59473 30.70966 35.17913 16.63964 19.29942 28.19852 17.15432 32.66808 36.76501 24.62926 11.92338 0.0 25.6876 0.0 22.47157 
1000.0 33.99061 26.34492 21.04264 0.0 27.08474 18.73051 32.26355 27.78986 32.20601 31.04206 16.41733 0.0 34.96054 24.48955 10.50303 34.07969 14.2292 32.13455 19.00807 0.01443 8.40026 17.95367 24.67642 16.49931 24.27689 37.45434 38.56851 25.41447 30.74878 40.47602 22.24786 27.34192 39.43904 27.31325 12.84481 9.94673 20.32035 25.75003 26.57226 27.80673 29.78789 21.34356 37.58139 21.94155 23.05163 38.41341 0.0 21.94177 0.0 21.84634 
1000.0 41.38154 11.15559 23.42462 0.0 41.31504 10.81321 23.99378 12.465 17.68717 35.81496 19.25079 0.0 22.92067 14.46065 20.43615 24.88185 32.27016 10.27743 33.93216 0.0264 10.5311 35.4286 23.89242 40.70741 40.18386 33.07683 21.32944 24.55076 11.13648 26.21785 20.46698 14.83407 35.63168 11.74179 37.85321 28.85725 25.07679 11.89994 20.81261 20.65399 13.83879 13.73 34.63471 36.04564 10.81795 28.71638 0.0 32.69068 0.0 11.07897 
1000.0 27.79397 22.87716 15.64803 0.0 23.76837 12.67719 40.34227 9.68569 11.1732 28.9767 37.7226 0.0 41.0294 14.49199 18.81548 37.72905 8.90513 15.28136 17.96746 0.01144 13.26659 38.28834 37.80413 24.75953 21.3154 22.0473 30.53912 39.29345 25.55747 21.07185 16.80227 30.99355 28.17574 29.57666 23.88441 20.92884 38.98809 25.14213 13.69474 40.50227 31.37883 25.44072 9.60277 22.67618 37.68959 29.83627 0.0 29.61504 0.0 36.85454 
1000.0 40.46336 22.74182 23.73457 0.0 33.29257 32.8196 33.79278 10.17796 24.17059 14.80247 30.55852 0.0 20.4113 17.87404 14.66999 20.59752 14.34223 25.49839 12.84276 0.02813 34.14107 35.61579 34.3024 35.85341 18.91617 36.60817 36.92449 20.14909 34.84039 28.27729 30.63738 13.53257 23.00862 41.37203 38.44136 32.34801 20.64644 16.60803 28.13314 23.7644 20.6563 14.08017 18.11529 28.04928 22.87129 15.14641 0.0 16.19631 0.0 37.75085 
1000.0 0.0 0.0 0.0 17.41236 0.0 0.0 0.0 0.0 0.0 0.0 0.0 33.03842 0.0 0.0 0.0 0.0 0.0 0.0 0.0 0.0 0.0 0.0 0.0 0.0 0.0 0.0 0.0 0.0 0.0 0.0 0.0 0.0 0.0 0.0 0.0 0.0 0.0 0.0 0.0 0.0 0.0 0.0 0.0 0.0 0.0 0.0 22.37372 0.0 14.13249 0.0 
1000.0 10.1208 28.923 30.0267 0.0 13.27375 20.14351 36.88814 8.88504 19.5509 27.89343 19.29596 0.0 19.8184 14.24536 24.25936 23.5072 33.15606 40.5428 33.3717 0.01653 24.31016 35.89794 16.01472 33.55747 11.36993 17.45314 21.46614 10.79002 26.58911 28.21471 34.73255 18.72802 34.99214 10.30193 40.89242 19.10523 26.62833 18.17197 28.92741 11.37103 22.86225 10.53418 18.80081 38.25295 18.72558 36.76636 0.0 36.12797 0.0 30.75898 
1000.0 21.66104 12.03824 37.37579 0.0 25.56221 25.12268 19.74158 41.15398 14.52374 38.88159 33.79719 0.0 15.50092 28.83835 39.19531 31.21764 18.85171 16.48116 17.6149 0.02812 16.44391 19.77245 10.62739 38.7564 16.10394 10.03298 16.92274 27.41543 24.51725 30.57425 30.01466 17.9792 28.96686 12.08811 40.65795 26.9922 32.6202 22.94162 41.25488 40.15491 11.83232 10.91038 21.6176 30.84534 21.93102 32.53746 0.0 35.75611 0.0 41.25224 
1000.0 41.31694 12.7347 33.05756 0.0 39.25178 32.96352 18.21595 32.01687 15.69403 38.93494 27.27898 0.0 27.58679 29.73329 32.58591 27.10409 9.96538 36.59205 23.77886 0.03432 28.63708 34.00502 23.95815 20.47388 40.74649 34.0708 25.82737 25.55243 27.15317 10.02165 22.32688 15.79378 22.49493 13.11483 34.75531 29.63915 40.83197 12.32323 10.12051 35.12525 23.25745 11.14492 8.86922 35.84327 12.66519 22.80021 0.0 13.89273 0.0 29.96883 
1000.0 11.67779 9.55331 39.47292 0.0 33.43255 23.0802 26.87057 37.74213 31.14762 29.45894 37.00741 0.0 19.70689 26.69535 8.81612 10.98813 14.76765 13.37468 20.47316 0.01771 27.78749 25.14435 35.96106 22.07351 37.83271 37.19852 9.40905 14.74082 28.41642 10.74307 30.90219 28.12079 32.70303 39.11158 32.70941 21.18936 29.01896 11.82476 20.4469 37.27775 34.45034 25.84762 13.74984 18.84644 20.07899 36.79651 0.0 37.73052 0.0 18.82079 
1000.0 39.31853 23.37323 9.7395 0.0 14.65964 12.57298 8.85669 8.69379 36.65508 39.23094 27.42352 0.0 21.94457 37.24179 35.95758 29.1121 14.40394 36.35393 13.74549 0.01698 22.36606 24.33085 39.14367 27.29818 17.99 25.32996 13.14648 18.61909 23.77206 13.62737 26.53761 12.35887 32.87615 38.58264 24.39494 39.87209 14.74612 22.08711 32.1465 19.92568 41.58228 24.84725 12.83358 22.92737 16.54127 38.03878 0.0 31.09195 0.0 18.42328 
1000.0 30.10865 17.69929 17.24435 0.0 13.04334 40.14537 39.0947 17.89856 17.11303 17.36914 29.86073 0.0 33.75425 30.55303 29.04076 36.83561 32.01677 18.15002 36.58965 0.01467 32.63054 38.61185 25.20366 28.49301 36.51098 32.07105 30.91833 22.05829 9.11177 11.97868 33.71442 29.03967 34.63196 15.19652 30.77593 24.51352 14.26518 21.39172 31.11402 39.68162 11.24711 24.00707 8.70829 26.56805 16.88823 8.66393 0.0 8.61763 0.0 41.50309 
1000.0 18.42573 27.64591 34.59959 0.0 32.93265 38.90628 39.93815 24.02718 19.79768 16.28568 38.45933 0.0 22.45562 35.15784 13.92786 20.50415 24.80358 28.79164 17.90645 0.03857 34.15407 38.33595 16.89221 9.49803 11.82132 23.94743 10.78063 28.33506 18.04881 38.18017 26.14581 32.45642 15.04984 34.47165 9.41173 39.65865 40.69066 12.88131 38.08711 37.55552 12.9673 20.68777 33.72782 19.50115 26.76494 32.39123 0.0 21.1688 0.0 9.24446 
1000.0 0.13672 0.08071 0.09988 0.0 0.12624 0.16092 0.07426 0.04324 0.12674 0.11505 0.16058 0.0 0.17178 0.06642 0.0955 0.16099 0.03871 0.17743 0.09147 41.14217 0.15475 0.15182 0.12415 0.08088 0.06795 0.1613 0.1295 0.1203 0.09933 0.08066 0.17749 0.06837 0.16894 0.04459 0.07952 0.0807 0.16288 0.17245 0.16732 0.09195 0.15739 0.14927 0.1685 0.05427 0.12457 0.09415 0.0 0.04869 0.0 0.10829 
1000.0 30.4579 23.81905 21.8925 0.0 25.37335 27.60981 18.6674 35.98323 25.28083 41.17665 14.84851 0.0 22.05585 25.02081 34.45457 21.06885 22.37228 34.01505 10.72893 0.01213 23.85522 25.66556 21.47777 28.82451 27.90557 38.05013 18.35825 32.4828 35.62541 11.4295 26.598 26.13164 12.0481 31.95367 17.957 15.17966 41.61008 12.77841 36.95127 20.04102 10.65256 22.41492 37.08776 34.84633 8.45767 33.91836 0.0 23.29443 0.0 40.94781 
1000.0 20.63308 22.55952 18.7034 0.0 17.83098 38.32792 24.32079 9.70983 12.46208 41.14719 29.97916 0.0 40.78541 39.09314 27.11797 34.81223 39.67981 37.19504 10.40596 0.01117 29.45886 39.34954 27.74102 31.56799 16.78741 39.4928 17.09885 19.22207 29.46065 9.45052 21.59002 25.3021 25.2629 10.40294 31.13061 36.32541 14.36473 26.23111 29.90826 10.05524 39.44357 19.7976 20.44568 19.29222 22.97427 27.87654 0.0 32.98418 0.0 40.14146 
1000.0 17.34613 19.61196 19.469 0.0 16.9464 13.65505 10.21487 37.7445 17.68995 22.1378 20.67919 0.0 33.64655 30.93836 39.11996 36.32756 22.62421 23.49267 36.65212 0.02578 33.8705 20.62458 39.05957 13.12298 12.7133 12.15806 35.39848 9.20675 12.94707 36.23157 35.7267 8.81874 26.75401 37.13608 16.91138 15.70598 14.4712 30.78601 34.0301 18.20935 25.25042 8.78867 35.46474 22.82945 40.76512 31.20399 0.0 25.49214 0.0 11.10359 
1000.0 22.61479 25.59833 18.66329 0.0 19.82319 12.37339 10.63762 19.94888 24.23362 9.86513 13.51647 0.0 40.32622 14.01873 19.80753 20.5532 12.71929 36.74996 21.6056 0.0137 17.54918 16.72946 15.45297 36.78171 30.68263 19.91269 33.29531 8.97534 41.20962 15.24619 30.31401 36.44254 27.83195 36.25603 37.03378 28.35963 39.92035 12.12694 20.24398 12.85272 24.72785 33.80338 30.16963 22.87452 13.5678 10.55628 0.0 17.78146 0.0 19.79323 
1000.0 19.12298 35.04477 29.08986 0.0 11.31465 23.15524 27.43845 17.15214 40.76158 13.74929 26.0363 0.0 36.15293 41.19471 21.94557 40.30807 24.64209 33.43749 24.52233 0.03884 19.93718 29.28992 37.21154 23.29789 19.16711 19.93199 21.72062 31.11608 19.60754 30.07259 27.90904 25.1927 16.2535 31.30229 22.72441 22.80317 14.75146 36.78674 30.55504 27.27139 25.35432 20.99246 17.85255 9.74909 9.96852 20.15355 0.0 29.2674 0.0 41.02579 
1000.0 36.54569 25.19746 34.41617 0.0 40.21964 13.59429 41.38261 34.98833 30.31975 34.92517 38.60358 0.0 31.45229 25.17447 18.89442 16.12549 13.10921 20.72711 38.17871 0.02001 24.16775 37.14389 14.46043 20.50572 16.23594 15.52945 33.38805 35.84332 27.32882 34.63397 33.14523 30.80146 37.08562 14.66846 40.13698 32.95081 13.39973 12.22421 26.69373 37.23019 30.16653 39.08448 40.59955 16.57947 24.11508 38.41477 0.0 17.6068 0.0 32.40089 
1000.0 17.1555 20.72607 36.57727 0.0 34.93189 24.02229 21.40134 34.49243 34.6333 13.60118 38.39609 0.0 21.60776 31.83145 34.43613 16.23367 26.43559 36.28505 38.87634 0.01569 18.88452 19.61782 37.90943 38.16414 16.08805 35.62029 36.1894 16.26025 36.74205 20.91285 9.60705 36.52689 32.93927 33.07102 20.03237 31.17267 17.05979 29.47551 41.54802 39.42712 39.97333 29.77009 30.04534 16.7859 26.00086 26.89151 0.0 12.58333 0.0 20.09371 
1000.0 20.77544 34.52499 20.28963 0.0 22.30313 16.55235 10.91744 38.96354 40.75185 20.74618 37.02467 0.0 9.54237 40.70673 19.39572 29.43346 13.92792 41.59492 36.3132 0.04403 9.78568 25.66116 15.40277 26.56128 12.84049 27.78282 12.95618 13.55383 18.30372 13.06694 10.33566 21.48325 32.0011 14.55788 17.98159 11.53113 8.64314 34.30061 12.2073 35.18958 14.28052 33.47302 38.03888 24.80658 30.85573 14.05135 0.0 15.93836 0.0 12.43108 
1000.0 30.35743 37.78139 39.33128 0.0 18.68574 19.42842 12.28609 37.86079 31.14289 29.45792 13.84397 0.0 37.50207 27.42425 25.10837 13.26264 19.30178 21.56427 32.1775 0.01221 29.50462 37.34748 38.13711 41.4721 20.17801 14.8464 29.63988 17.67059 29.14704 28.81107 35.92627 16.54061 40.22239 27.19753 24.89707 33.93183 29.67629 37.08153 10.28774 9.4303 14.20799 26.88721 21.17842 15.54366 12.61195 12.40059 0.0 34.28741 0.0 18.72974 
1000.0 12.27718 19.92952 10.95183 0.0 14.90822 11.482 27.42618 8.71546 38.08484 28.24354 12.04077 0.0 33.02737 36.18398 40.96257 26.54046 10.08517 17.8075 29.46447 0.02997 40.63262 18.90345 39.54362 23.52408 31.51776 38.92191 16.33862 11.76441 22.3135 10.6866 35.09175 9.06381 34.47132 25.0029 8.50124 15.14287 23.74813 38.46426 37.02584 28.75691 16.13933 24.86765 34.86232 20.71358 32.46501 32.65096 0.0 28.12688 0.0 23.1483 
1000.0 9.0269 12.12898 9.10981 0.0 41.44398 21.88589 32.14168 40.75672 31.93821 18.38734 10.7418 0.0 28.84113 30.67929 35.288 33.78222 10.02822 10.39171 9.43821 0.03227 32.51965 13.27292 31.42134 27.46083 10.8318 11.78967 32.02439 21.20856 16.32058 28.33651 22.53299 13.6628 33.23853 32.47751 22.84936 26.77872 25.32809 16.47109 27.88477 26.1312 20.49255 30.65022 25.03471 28.26551 18.68666 41.08309 0.0 28.55466 0.0 36.76179 
1000.0 14.08948 10.0723 12.66888 0.0 38.09573 25.87143 34.898 16.23275 19.18596 28.88024 38.3249 0.0 28.73002 23.83554 13.45579 36.02251 38.93447 14.84512 38.91061 0.01415 37.30276 38.48023 24.82164 37.47664 31.6595 39.28155 32.00469 35.25543 38.98163 32.64533 18.85665 38.96063 11.00266 32.0511 28.15168 11.54774 13.12387 37.14657 36.80253 30.80476 12.65988 32.9382 30.13588 19.94278 19.93706 29.06967 0.0 8.80598 0.0 15.43616 
1000.0 36.57814 25.21188 23.42891 0.0 28.73615 38.31545 35.82343 17.53276 35.84172 30.14064 19.56793 0.0 41.03586 35.82936 38.65613 39.02183 8.75791 14.0668 32.12183 0.01803 25.18112 32.269 18.57449 28.26438 33.80827 21.36812 23.64431 39.34532 14.73896 15.799 21.4768 29.02447 32.25554 29.5833 21.03803 14.7981 23.54374 14.41224 33.2332 16.87296 39.06668 38.80435 22.95662 12.68692 11.14918 23.58436 0.0 23.49307 0.0 26.88195 
1000.0 17.69066 40.2417 27.73573 0.0 22.06669 18.76622 11.61379 33.89957 27.94073 11.93548 19.90682 0.0 33.96823 10.8129 18.66177 22.82196 19.50067 25.07671 31.08181 0.00928 28.2865 28.67497 38.76814 9.37162 38.34108 39.47969 31.73155 39.82499 31.09785 14.01894 15.29712 15.41303 32.17804 31.18238 23.79477 17.14956 40.89371 22.26606 23.89306 30.61451 30.62679 21.02168 39.91136 35.04633 35.11172 34.7833 0.0 24.31875 0.0 27.53952 
1000.0 27.15213 15.1807 24.86243 0.0 18.67212 35.56765 18.74174 22.92388 13.20195 13.19739 13.53597 0.0 41.38699 27.1739 36.83184 36.58827 36.34822 18.36618 11.68786 0.0384 39.83964 25.23756 16.45685 36.36151 24.94501 27.79031 33.05569 31.13958 35.81626 34.05726 15.89634 37.20353 39.7294 25.07479 16.59368 20.11369 29.4418 22.37254 12.19495 26.4258 22.79251 30.70136 34.91224 10.32261 36.7832 28.10661 0.0 33.02563 0.0 10.48684 
1000.0 38.81989 19.25625 11.72359 0.0 17.60061 19.53921 41.12434 33.45216 37.74625 9.11857 37.3506 0.0 32.62214 17.43682 22.30807 38.39342 25.4059 23.30571 16.12873 0.04497 31.21617 25.86707 15.76846 29.79333 24.22402 9.91991 34.22155 8.41245 25.6622 22.80405 12.42829 27.22558 23.09498 13.6734 33.595 33.11923 11.25152 41.38316 13.1608 12.04693 13.10966 34.87528 12.18909 35.26868 21.31849 35.25761 0.0 24.20365 0.0 39.61197 
1000.0 28.65423 17.00505 31.14452 0.0 16.15807 18.04187 26.09372 31.69184 9.48246 34.88442 15.11412 0.0 30.35073 27.66578 12.17818 21.83063 12.8199 18.13821 10.52537 0.01376 23.86379 36.28066 26.08882 39.36682 33.66127 11.8075 30.55196 17.35334 10.76685 30.77813 10.15104 40.71495 11.87123 23.95489 26.04143 38.123 32.71488 21.63954 27.52607 25.07747 32.14358 24.3647 39.19344 22.15501 22.93714 12.50959 0.0 12.90242 0.0 16.03278 
1000.0 33.83597 18.40841 8.49812 0.0 22.32334 9.27467 16.37508 41.27262 20.26879 28.91652 10.41268 0.0 37.94085 10.83477 14.81953 35.1621 15.97709 23.55829 39.70186 0.01055 30.89881 40.28792 34.68579 13.41906 18.71173 27.92423 10.74644 9.17568 21.76315 24.19359 23.95244 12.86784 37.97871 10.38101 36.55031 15.27185 40.07967 32.08215 16.39822 31.15306 19.9842 40.38461 34.39766 9.83854 20.67282 12.34102 0.0 39.41871 0.0 37.17429 
1000.0 25.70315 15.84397 18.29519 0.0 24.17864 33.39475 31.77928 40.62323 19.09698 32.01541 12.82946 0.0 25.16164 33.58599 32.01466 19.30162 27.34578 15.36505 13.28493 0.02775 27.36982 9.95478 40.91465 27.31562 14.47141 33.29682 13.26804 16.10451 24.36392 23.8851 26.7401 31.61815 29.62221 12.72947 21.33677 32.93842 39.04036 30.50751 22.23087 29.38187 23.56538 10.85842 34.89732 26.70407 34.93158 35.74171 0.0 24.77764 0.0 16.64371 
1000.0 31.28126 12.94794 35.37205 0.0 31.81588 16.81094 16.09879 10.68744 31.24528 33.9306 19.50956 0.0 27.46577 39.40923 27.28594 26.39175 21.14599 36.34393 25.78038 0.03645 22.85122 12.97049 15.68246 25.51157 13.06788 28.36451 11.54259 16.46566 9.40685 24.93579 13.03605 24.48892 25.52717 36.27243 18.30417 30.85175 27.07747 20.03868 37.37722 39.68273 22.30196 16.38194 36.08483 15.40418 14.86879 26.71098 0.0 34.98937 0.0 29.12536 
1000.0 22.3499 23.71893 28.47551 0.0 16.11135 28.38809 26.79237 38.59423 33.94795 39.06435 23.19714 0.0 36.33627 37.64143 18.20239 22.87871 9.78706 32.7794 21.56554 0.02508 20.25037 15.5741 30.51384 38.79859 9.677 24.12106 22.99049 30.78746 13.59279 14.0645 21.48016 22.611 28.09454 23.37151 20.01273 26.35723 21.83978 29.51076 15.57307 38.3482 32.25633 24.86061 21.91936 26.42896 31.55385 24.39705 0.0 8.47708 0.0 9.63964 
1000.0 27.55574 14.68737 17.25961 0.0 17.82839 39.31653 33.93355 40.59926 14.02045 39.25013 37.47064 0.0 32.7206 17.69166 13.00821 34.57027 12.18761 35.75023 26.74106 0.03591 14.84632 20.86272 38.36373 11.01112 37.82946 18.76751 23.91195 11.05964 39.30897 21.96984 40.54892 12.42836 21.89039 36.70681 32.61396 21.68054 19.10853 35.2277 20.64282 25.60007 19.311 36.89831 39.41413 8.797 29.38573 10.10235 0.0 32.78979 0.0 19.65844 
1000.0 37.92906 29.7084 10.38671 0.0 14.06774 10.58888 33.35141 11.1962 27.60351 31.21306 15.90967 0.0 17.89938 19.73171 25.60869 28.82876 17.82038 35.42508 19.25355 0.04253 16.74795 11.19139 9.73535 17.70476 20.72035 33.06515 14.58124 29.17499 32.30769 27.86301 40.0312 15.04604 28.57143 20.2129 26.4966 27.18716 24.84088 12.54017 34.53617 37.65332 25.69639 33.94351 14.70643 11.0783 14.12591 19.8713 0.0 38.43543 0.0 16.74835 
1000.0 24.73391 30.98367 24.00939 0.0 15.51269 19.82259 28.07091 13.46433 41.21239 41.02845 29.95082 0.0 13.84965 25.91208 26.16075 21.45151 14.61172 26.82827 16.25678 0.02833 31.35198 27.14274 25.3919 9.73973 18.40286 33.43929 18.27154 36.79878 28.68896 21.75044 9.62907 23.26672 27.24486 40.77364 32.72328 13.598 24.26667 31.30801 19.44893 10.33143 14.20448 30.33103 20.031 21.06326 36.62886 35.24826 0.0 12.81713 0.0 22.12653 
1000.0 33.07484 25.65381 17.00163 0.0 14.10165 26.68335 29.21079 16.06011 34.09506 39.14198 36.87993 0.0 38.60793 16.13828 22.31066 26.99254 15.2594 17.2971 15.50117 0.0205 35.90235 11.27767 23.6406 35.22668 39.48966 36.35089 24.72172 23.05868 13.0362 14.35689 40.19986 25.78115 29.37526 32.19334 31.80414 40.3875 17.21434 9.85989 14.5391 10.2532 19.24391 20.10427 33.58894 24.49287 38.31423 37.94713 0.0 12.77079 0.0 17.0628 
1000.0 32.47567 12.26701 38.06015 0.0 19.72299 38.55787 27.80468 41.44096 26.9297 14.82531 40.05786 0.0 40.46178 12.81892 10.34453 10.00717 37.75022 41.46185 17.45252 0.02381 37.33952 29.90088 8.55697 10.04453 30.0798 32.33967 17.54757 18.16836 35.96124 27.36209 26.37189 27.29477 40.62812 30.56553 19.85703 8.78631 21.32985 25.51118 20.83777 23.68655 38.57934 10.58571 8.49374 25.79159 24.13863 40.43516 0.0 15.72857 0.0 39.39162 
1000.0 0.0 0.0 0.0 9.09445 0.0 0.0 0.0 0.0 0.0 0.0 0.0 38.74928 0.0 0.0 0.0 0.0 0.0 0.0 0.0 0.0 0.0 0.0 0.0 0.0 0.0 0.0 0.0 0.0 0.0 0.0 0.0 0.0 0.0 0.0 0.0 0.0 0.0 0.0 0.0 0.0 0.0 0.0 0.0 0.0 0.0 0.0 24.06649 0.0 32.08413 0.0 
1000.0 18.8634 24.74531 37.82099 0.0 20.55076 20.27236 34.24646 29.65036 11.56115 32.07025 16.99516 0.0 11.63369 17.16575 24.86331 16.43838 34.97047 30.82732 31.06297 0.03266 40.00453 15.76263 13.49898 28.21241 8.98492 38.18688 9.00986 22.09557 12.65914 40.31893 38.13429 37.43073 19.56673 25.41732 21.16688 27.86356 33.08748 20.26148 15.51966 29.93419 22.346 38.96438 16.80521 16.569 9.93298 9.27893 0.0 11.63354 0.0 23.31854 
1000.0 0.0 0.0 0.0 41.4525 0.0 0.0 0.0 0.0 0.0 0.0 0.0 26.74696 0.0 0.0 0.0 0.0 0.0 0.0 0.0 0.0 0.0 0.0 0.0 0.0 0.0 0.0 0.0 0.0 0.0 0.0 0.0 0.0 0.0 0.0 0.0 0.0 0.0 0.0 0.0 0.0 0.0 0.0 0.0 0.0 0.0 0.0 26.48818 0.0 16.05833 0.0 
1000.0 10.07187 25.95788 11.00995 0.0 38.07208 37.07878 25.15666 28.99965 28.57885 23.06472 29.66375 0.0 23.88597 22.82474 35.16746 14.67264 17.77524 8.96463 39.95831 0.02955 27.70504 17.8211 37.43761 34.02415 14.49323 31.7019 24.28739 39.57555 37.64388 23.63899 22.90565 12.16062 14.64317 32.12743 38.62677 15.68068 22.78317 39.73801 35.11669 38.13157 41.0869 15.52766 13.85599 24.37135 12.53645 23.9192 0.0 29.44499 0.0 38.11846 
