1000.0 1000.0 1000.0 1000.0 1000.0 1000.0 1000.0 1000.0 1000.0 1000.0 1000.0 1000.0 1000.0 1000.0 1000.0 1000.0 1000.0 1000.0 1000.0 1000.0 1000.0 1000.0 1000.0 1000.0 1000.0 1000.0 1000.0 1000.0 1000.0 1000.0 1000.0 1000.0 1000.0 1000.0 1000.0 1000.0 1000.0 1000.0 1000.0 1000.0 1000.0 1000.0 1000.0 1000.0 1000.0 1000.0 1000.0 1000.0 1000.0 1000.0 1000.0 
1000.0 19.19786 46.87377 32.43824 0.0 23.76979 36.08066 39.62302 25.78763 15.43141 14.1568 37.82443 0.0 21.46036 40.17094 41.00833 32.7393 34.442 19.59309 21.18379 0.04548 31.99065 40.01507 44.18552 38.8704 23.98768 30.81643 23.3475 29.53372 38.39427 29.07359 46.6074 34.42131 20.38086 41.11666 32.735 43.19302 24.70355 44.02582 17.45427 21.45579 16.5943 17.42805 12.77182 24.27415 19.94751 15.7722 0.0 22.4649 0.0 21.2212 
1000.0 27.84925 26.71557 27.01469 0.0 19.04314 45.7699 24.71224 31.8755 25.22062 47.41581 37.85557 0.0 40.30245 9.95764 18.438 45.6983 44.57803 36.73213 42.03167 0.0099 44.98715 17.81829 45.72624 20.82014 46.80905 44.85526 33.02906 39.63873 30.29695 40.90012 37.95636 34.87389 25.55952 39.01248 15.20221 35.71309 10.08228 21.88809 26.99232 28.30692 16.2625 35.26806 42.90327 35.88861 10.09144 39.10173 0.0 23.84175 0.0 16.58568 
1000.0 11.04759 12.27657 14.08706 0.0 40.6314 20.67871 43.50134 38.31434 47.43855 10.18201 44.58809 0.0 30.37548 18.28586 12.78702 33.85339 39.67664 36.44928 43.86267 0.01274 33.9861 40.37913 18.27807 44.70582 40.56002 35.8456 40.29175 30.209 33.66943 10.91199 41.57736 47.01705 45.18667 27.22616 21.79455 33.33281 46.05566 38.7211 43.41275 46.14172 30.47037 32.45489 37.95646 47.26282 39.06062 26.2995 0.0 38.78094 0.0 39.16804 
1000.0 0.0 0.0 0.0 39.96877 0.0 0.0 0.0 0.0 0.0 0.0 0.0 47.25824 0.0 0.0 0.0 0.0 0.0 0.0 0.0 0.0 0.0 0.0 0.0 0.0 0.0 0.0 0.0 0.0 0.0 0.0 0.0 0.0 0.0 0.0 0.0 0.0 0.0 0.0 0.0 0.0 0.0 0.0 0.0 0.0 0.0 0.0 37.98914 0.0 9.74085 0.0 
1000.0 43.76878 34.37171 37.38131 0.0 35.21461 24.60987 40.98109 12.61293 31.93411 30.04974 23.65421 0.0 18.50233 27.56028 33.35462 24.59136 46.14629 31.87477 23.64124 0.03397 24.64696 41.37483 29.56613 29.11217 39.09847 45.54266 29.65491 47.15775 10.32057 22.75295 24.51389 45.96515 45.84255 46.98915 39.83483 10.24922 39.56092 38.3158 26.06118 37.23325 38.31544 20.3544 17.12184 24.84572 20.51935 15.7781 0.0 22.69318 0.0 26.31683 
1000.0 43.56503 14.9438 36.09269 0.0 18.36516 44.3112 39.54439 11.76601 35.9213 43.14995 42.07974 0.0 17.47822 21.15937 45.49879 12.35815 31.60737 27.98771 33.19526 0.02806 33.96309 45.13142 33.26604 20.251 10.09223 40.03355 42.54721 11.1241 11.61901 19.77765 39.97484 45.17524 21.6889 46.32497 16.85883 47.24216 25.20674 32.48577 15.98491 47.38144 40.96945 14.51672 21.49046 16.68938 39.84472 17.84845 0.0 47.51589 0.0 12.61603 
1000.0 42.95303 38.24878 31.46856 0.0 34.63599 25.96036 33.86125 22.79851 10.12739 44.05866 20.80705 0.0 17.49631 46.9266 46.32783 23.38671 45.16678 23.67754 31.6797 0.04191 23.96801 47.7574 10.15818 32.00066 43.98178 27.48674 15.878 31.0499 45.94998 13.80574 46.45454 29.6798 24.84102 38.78307 47.18914 25.14996 33.93384 27.39219 15.62749 28.81042 44.52734 17.02075 37.39091 18.77762 35.94991 10.96693 0.0 14.00521 0.0 11.27295 
1000.0 18.04643 18.39005 37.37284 0.0 41.65208 14.25007 32.30891 28.61476 15.56796 14.60629 12.49739 0.0 28.93167 19.22813 37.9687 38.12495 29.23892 25.03165 27.21579 0.03883 22.22574 18.42515 13.99425 17.75135 11.43127 21.80887 39.10602 34.82924 44.33779 36.96092 17.80616 37.53534 25.77727 24.02412 43.30002 37.91372 30.67437 36.82457 31.44975 39.76364 46.45575 15.6705 16.58831 18.50662 14.28247 25.28307 0.0 17.6684 0.0 34.5225 
1000.0 34.64095 15.51749 21.78758 0.0 19.56444 44.47277 35.85047 31.6494 10.39591 22.82559 12.11239 0.0 46.13814 14.57821 21.02505 15.3525 37.96992 28.04603 15.52593 0.03547 17.44748 30.43637 41.1252 35.03713 19.23807 30.95626 22.92587 19.4869 21.84086 47.6349 25.82688 26.05185 31.94096 37.87695 42.49044 35.2387 42.13205 17.65407 36.27277 27.28566 37.90273 44.07515 40.03918 32.8325 25.79351 30.90585 0.0 42.7312 0.0 40.99478 
1000.0 26.43422 28.1029 21.80526 0.0 40.67192 44.61886 31.02876 41.41078 43.9181 36.0188 13.06988 0.0 12.65345 45.60616 25.72567 17.79577 46.43661 38.48364 25.38137 0.01319 45.45068 15.18302 40.09549 24.17277 16.70425 43.446 29.51971 11.95329 25.82654 26.69831 21.46824 41.92937 37.78524 10.05053 43.78137 23.30325 13.13403 19.25403 21.5958 42.79053 44.14968 20.93244 20.19652 14.61645 25.69821 44.3327 0.0 45.43862 0.0 14.89503 
1000.0 30.23496 38.15396 40.14716 0.0 14.7537 22.37877 42.83171 23.56379 24.88643 47.61209 26.30743 0.0 24.36767 17.52278 18.58998 46.1203 45.69031 23.12386 44.46602 0.02751 13.97769 18.09243 38.10818 30.64588 14.93773 23.5076 22.02166 44.16904 31.58939 11.22685 29.11259 38.69526 40.89836 15.96637 24.40962 28.55249 23.58901 38.92691 9.79802 43.88673 27.55832 27.34698 21.9365 29.38219 22.18255 23.25466 0.0 26.79867 0.0 28.97577 
1000.0 0.0 0.0 0.0 41.32381 0.0 0.0 0.0 0.0 0.0 0.0 0.0 40.69356 0.0 0.0 0.0 0.0 0.0 0.0 0.0 0.0 0.0 0.0 0.0 0.0 0.0 0.0 0.0 0.0 0.0 0.0 0.0 0.0 0.0 0.0 0.0 0.0 0.0 0.0 0.0 0.0 0.0 0.0 0.0 0.0 0.0 0.0 38.663 0.0 39.44744 0.0 
1000.0 28.72815 12.2945 45.28228 0.0 29.44045 40.48675 21.81912 38.36553 27.76939 40.70618 22.35084 0.0 14.19295 36.99507 39.56754 11.241 44.6634 42.3784 46.01651 0.02937 17.06804 39.30214 12.61916 26.87196 47.36434 14.45127 36.24893 24.76041 30.65998 39.51157 42.75268 22.83765 21.55318 42.59947 34.85767 37.90451 12.24688 42.41534 44.51272 17.76352 38.04156 35.30118 32.32527 12.89611 32.75035 18.77166 0.0 32.03299 0.0 41.63467 
1000.0 27.95183 36.9997 12.74161 0.0 27.64606 16.07531 44.11667 39.54501 27.76013 30.31303 16.26625 0.0 23.68411 19.68386 25.58864 45.98211 18.30824 9.67364 16.31613 0.03568 40.18021 15.22019 16.35737 37.9102 28.6419 40.19809 34.47122 21.56953 26.81149 41.76576 45.69061 40.71923 14.9545 41.07995 43.76211 30.91359 11.44072 29.90308 13.06026 22.98292 19.56092 31.01626 27.9152 26.04051 10.40955 21.69602 0.0 28.40764 0.0 25.99772 
1000.0 30.06 43.07854 46.71059 0.0 46.64517 35.76758 13.04263 26.03174 22.46671 19.94551 41.75198 0.0 38.63369 21.76311 34.83866 28.97374 41.26081 25.38587 10.2551 0.02905 15.94359 43.75736 30.54572 45.77536 20.40228 47.46801 34.73966 39.68517 42.3031 44.21786 19.7564 11.45163 14.96295 32.07337 30.41519 39.61494 33.75426 33.2821 26.38447 43.62143 42.59899 23.80748 43.3582 42.00553 46.33029 45.33274 0.0 28.97981 0.0 22.84937 
1000.0 45.17225 22.97417 35.55315 0.0 12.02607 45.38112 44.7593 10.00893 30.5392 46.17481 44.43173 0.0 37.60323 34.23898 28.35834 47.80603 44.68921 37.25664 29.62196 0.03809 36.25377 47.66089 16.63486 29.2712 35.02306 19.89681 12.66446 44.32577 36.05508 46.70649 32.93961 44.31582 32.18781 32.97595 13.13949 36.80568 37.71481 29.94498 19.27593 45.52495 39.09043 14.1652 23.25945 13.23745 22.8508 39.58175 0.0 11.99601 0.0 13.83925 
1000.0 12.81325 30.86745 10.60116 0.0 38.92225 45.03859 20.51569 37.09174 31.17622 27.73789 29.88431 0.0 35.2654 35.43559 14.77808 19.74716 23.09671 36.695 19.8723 0.02707 47.47098 37.62446 16.1114 19.44379 28.22872 34.69389 29.37596 47.27877 29.48362 38.82586 32.80895 31.52528 24.38984 29.56951 22.29779 41.21394 30.48209 21.09171 29.55168 47.22 22.00737 12.31219 36.75473 12.86075 44.31648 10.74663 0.0 44.02958 0.0 40.56772 
1000.0 34.35789 27.77836 32.88831 0.0 28.98953 28.72046 25.12059 46.67506 24.04213 19.60639 31.23309 0.0 46.6303 22.20817 28.76903 12.31528 25.93101 46.17591 24.85156 0.0237 31.25565 16.3133 21.90006 24.91746 41.38334 37.60338 15.8022 13.0168 21.99598 25.65922 28.26006 18.3543 12.0784 41.22393 18.4933 22.99302 30.82288 43.14857 18.27545 43.87351 15.74529 36.5124 26.00191 47.63109 23.5459 37.9724 0.0 41.74574 0.0 46.26613 
1000.0 35.78214 36.20069 37.43391 0.0 18.90819 19.1153 19.59962 35.039 37.4729 10.91163 46.6707 0.0 39.07664 42.36515 31.09318 33.10164 31.93815 10.59222 42.93625 0.01216 24.61407 34.33956 45.48518 46.24484 18.22098 44.89693 36.90763 44.9218 31.72981 41.37457 26.26866 12.7571 12.93542 28.51598 11.63022 41.33826 27.10498 28.85607 11.30181 30.55515 23.8102 41.48381 28.97196 27.051 12.29579 35.2366 0.0 15.33021 0.0 27.52475 
1000.0 0.10407 0.16 0.12269 0.0 0.14697 0.18509 0.05818 0.10521 0.17484 0.07932 0.04659 0.0 0.13943 0.18565 0.1154 0.11899 0.10162 0.094 0.14271 21.35341 0.06389 0.12093 0.13123 0.04919 0.14289 0.06927 0.11574 0.08637 0.11556 0.0515 0.19323 0.08734 0.05152 0.1777 0.17536 0.14326 0.08908 0.06584 0.1213 0.15666 0.10624 0.05429 0.05983 0.18765 0.08119 0.1102 0.0 0.17149 0.0 0.08899 
1000.0 33.20586 31.43581 30.90149 0.0 43.42804 9.66181 19.92191 45.17094 42.88531 27.10826 47.50286 0.0 16.89486 24.29743 23.76412 28.00627 40.44529 21.60419 22.02485 0.03285 19.06871 31.62805 31.34747 34.10146 34.02177 28.39645 47.16732 44.44485 34.67592 21.9432 16.52917 18.31513 25.22798 43.79243 46.92155 14.25262 45.14647 12.88197 38.07711 26.3188 47.79733 44.73712 32.96258 13.92673 25.13242 35.52468 0.0 21.10487 0.0 13.0829 
1000.0 21.75472 10.84112 25.83694 0.0 17.46837 36.39262 19.65477 42.02641 18.80252 37.00259 33.56809 0.0 40.42659 33.08214 15.15172 44.39479 30.65625 14.30026 39.99835 0.03183 38.51416 16.50852 31.59477 26.49557 20.83936 31.07717 37.41154 24.94048 46.966 39.34734 25.61609 11.73542 16.17527 34.98203 11.84776 27.75575 30.06704 15.80859 41.32106 25.68379 16.53933 22.8533 26.39298 23.14955 25.11653 34.0589 0.0 46.7275 0.0 18.35471 
1000.0 18.9895 25.53981 31.56287 0.0 15.58711 45.87663 14.08443 37.96186 45.03048 28.81642 19.18856 0.0 40.05753 17.46484 9.62556 21.10291 29.65533 31.43656 13.66171 0.02007 12.86663 46.08303 28.16104 46.79107 14.2055 26.47218 40.30681 28.17206 11.68768 13.56908 32.90687 14.99551 14.21847 16.15651 39.52856 10.47978 38.42389 37.54676 46.95775 45.58901 14.98228 44.64264 11.32284 16.13432 16.15424 35.13876 0.0 37.17366 0.0 42.87912 
1000.0 14.24134 20.48262 28.1534 0.0 12.39944 9.77364 42.90228 23.66209 24.99104 20.82388 21.83755 0.0 10.69067 33.29587 45.56622 29.05588 21.11223 35.2506 17.56024 0.01335 42.7674 46.86614 10.39827 36.91681 9.83341 15.45009 18.20765 24.86006 15.22955 20.1417 38.68136 44.24358 28.22305 28.05048 18.3894 37.5322 15.86495 16.71572 42.85711 30.37598 30.06089 24.03014 10.9752 44.50096 11.04192 14.98699 0.0 22.19074 0.0 9.83591 
1000.0 35.45911 36.13359 43.10148 0.0 26.02072 28.80994 28.28759 40.07251 39.09928 33.8042 40.73586 0.0 47.00897 12.66079 37.30095 24.87018 23.79644 36.00261 34.67706 0.03454 37.1405 12.53776 18.56578 29.39362 40.76405 28.18347 35.08117 41.52127 35.21229 33.14121 16.88874 20.87655 13.82129 25.8792 20.4583 22.67013 25.36605 16.45648 9.89917 45.14861 43.22276 46.14718 25.47201 32.5893 34.422 22.48567 0.0 15.90186 0.0 45.16949 
1000.0 9.81269 22.06212 28.46343 0.0 45.82168 31.09155 32.22478 46.65628 26.64946 39.68293 28.54357 0.0 20.28253 14.57261 38.14744 28.10104 12.86592 14.49934 29.20111 0.03403 17.18375 17.73437 25.41191 15.60058 21.60165 43.3893 41.99656 19.02765 15.02422 13.72282 17.06633 27.17785 30.09896 38.25497 12.94818 12.63984 45.75316 11.47389 33.16883 16.8808 19.78799 13.84534 9.73142 46.64628 30.01814 31.97075 0.0 26.91187 0.0 16.33451 
1000.0 29.17626 34.48975 25.20893 0.0 14.75387 18.60438 24.96235 47.34703 27.27674 11.29642 45.86558 0.0 36.44104 21.12617 45.55379 12.94499 10.87668 41.12827 24.55467 0.01885 9.9595 17.2869 11.59645 10.0986 31.64217 16.05481 40.48315 32.94089 21.17684 34.79951 24.00172 16.94599 29.13777 30.59545 29.55185 30.24755 23.48542 22.34458 11.6789 29.77189 24.96902 9.97534 43.05007 34.43281 20.63444 17.82517 0.0 18.1002 0.0 38.27054 
1000.0 23.31797 21.93566 14.60704 0.0 17.10425 15.77949 32.83246 19.2588 38.53333 23.11913 45.7557 0.0 33.9234 32.41484 19.41117 19.09639 12.57724 39.18615 30.0735 0.01502 44.15658 19.95591 47.06529 13.33699 26.66688 17.11075 38.14654 41.52583 46.05264 40.0381 36.53377 40.20294 40.6094 46.36664 34.5208 9.62671 13.13314 41.06704 44.0456 40.19816 44.54155 36.49049 32.26738 20.20679 18.5247 33.85144 0.0 23.97996 0.0 37.96715 
1000.0 38.24757 28.38871 37.42225 0.0 42.66855 41.79946 41.33104 29.63009 26.13532 24.65673 45.94349 0.0 42.62405 28.8484 37.99185 28.82352 44.1697 36.01457 41.01464 0.04261 15.78286 28.47472 14.09084 27.58543 35.28955 38.12587 27.48756 43.90661 23.09585 11.89781 43.08802 38.47479 31.75529 26.36704 24.49145 32.26345 21.23542 15.16499 15.59402 27.84936 10.28885 17.15115 41.94489 28.74925 31.7683 31.86178 0.0 37.84034 0.0 11.74986 
1000.0 35.41619 17.80697 31.85778 0.0 24.33011 36.19976 25.47958 18.48406 33.43099 40.51658 9.86764 0.0 21.14653 40.07608 17.05747 45.35384 46.26465 26.72515 28.99839 0.01179 44.22305 12.27089 42.68257 36.14635 16.39653 9.73527 31.46217 23.57997 45.62412 25.29574 13.58732 14.6089 16.89201 40.86006 41.55657 27.18325 37.6602 20.70124 18.84153 30.76646 13.21239 33.91581 36.62678 35.29184 14.9637 25.34357 0.0 27.61516 0.0 11.98681 
1000.0 41.1367 20.35888 46.20751 0.0 26.36881 33.48174 34.31039 42.40954 32.93835 42.24487 31.39544 0.0 17.6282 13.15329 12.53305 45.58998 44.14406 26.77011 18.03521 0.03904 47.13177 19.49625 46.96703 26.10767 9.74016 37.08615 29.9885 18.62509 22.31307 12.25181 11.71734 25.08609 22.09673 37.83994 12.07313 44.6139 12.04421 35.22489 16.13319 44.18707 41.88387 30.36567 27.20087 38.41646 16.46478 12.8751 0.0 10.36566 0.0 41.00674 
1000.0 41.45203 36.17116 21.69012 0.0 36.54489 35.69946 12.65547 12.60837 16.78544 43.09637 12.11007 0.0 35.14004 26.05583 18.85885 21.65054 26.23631 35.36008 44.02492 0.01568 36.62383 35.09749 46.28617 21.20721 26.89498 11.94657 12.54959 19.29032 20.16949 16.55757 11.22822 25.42996 38.3514 11.96419 26.01866 19.12334 15.58256 18.46948 40.56892 22.37379 14.31953 21.73471 29.89441 38.39033 28.53785 34.96782 0.0 35.42185 0.0 40.81208 
1000.0 42.6847 36.87064 42.9546 0.0 43.41621 13.78309 15.80624 22.25257 43.66425 33.90654 46.0642 0.0 35.70104 15.64697 13.51296 43.35016 27.90047 31.74925 10.20325 0.04779 32.73009 12.3199 33.2022 47.41219 35.28152 21.4834 34.48378 20.4615 20.83452 43.693 10.52085 46.44154 45.69126 21.38374 17.45637 9.93692 26.27582 35.9258 25.38967 42.37913 25.85991 11.29835 34.00683 20.95345 32.40542 33.78514 0.0 21.46688 0.0 37.22753 
1000.0 34.80383 16.08871 14.39384 0.0 12.36379 27.98003 27.23224 40.02719 35.41039 43.29337 22.15291 0.0 25.31372 25.13527 30.91321 18.14046 27.94588 17.55802 42.78797 0.04472 37.32639 19.50302 11.9702 25.9248 20.71155 31.4556 14.38706 11.02083 41.77784 29.33822 22.25479 23.58166 32.55466 17.51874 30.79413 39.08416 21.6375 30.11563 32.59052 32.27448 30.45843 47.89829 10.61437 17.52246 34.69967 20.66642 0.0 21.51407 0.0 45.33516 
1000.0 29.06276 31.07698 23.59356 0.0 15.90382 11.19776 19.5285 21.24273 35.37087 23.46622 16.34998 0.0 22.04348 41.37892 47.49652 27.54347 46.10513 33.21594 26.02037 0.03392 12.22308 23.01461 45.52762 9.73744 28.7475 47.60025 44.11456 38.35052 27.91159 41.11704 23.62877 14.42498 27.86279 23.71257 29.14079 38.3011 16.82546 24.21143 15.80377 43.9029 19.01696 27.41218 36.32549 43.5643 17.67941 34.39663 0.0 33.43553 0.0 9.86441 
1000.0 24.76217 41.05089 23.62301 0.0 43.52861 19.64289 18.88655 42.35638 34.05843 38.4701 30.00811 0.0 46.37008 31.31201 18.44267 35.30556 32.80044 47.01853 44.50203 0.03051 11.96705 28.41867 47.13225 22.29628 30.624 17.14919 21.65891 15.35419 15.80321 42.99801 27.26468 37.27462 22.93023 27.59927 27.86003 20.65066 35.20574 40.83582 22.93362 38.23308 33.68557 27.94269 46.91113 45.776 17.92262 24.42642 0.0 24.19304 0.0 20.81513 
1000.0 44.7444 31.10895 41.75186 0.0 16.76051 42.64624 22.30689 40.60806 27.32771 30.02053 47.59133 0.0 42.76433 44.1929 24.84701 10.13564 39.37937 12.23116 32.37751 0.04605 43.01093 11.82998 47.96981 23.46137 26.72656 27.09419 25.28994 17.97005 31.45464 44.86857 25.44056 21.07993 32.75723 33.82562 40.66357 19.44508 36.39118 43.10706 12.80791 27.00116 28.07568 31.16106 44.60469 26.64927 37.80362 44.45374 0.0 14.17848 0.0 15.0545 
1000.0 29.53533 12.96287 45.7012 0.0 16.22092 39.26768 21.93247 27.27258 38.13964 37.37642 19.53839 0.0 22.58537 34.00094 10.49124 36.30632 11.97022 27.52782 32.63775 0.01091 40.42493 31.57907 12.47035 42.89168 29.80616 28.25305 28.98766 31.58871 42.94706 32.84846 46.42204 13.49086 43.09535 33.90081 25.03758 11.4487 33.36031 46.76366 44.10327 32.40046 36.81951 22.38589 20.3979 25.47256 26.8446 34.0823 0.0 18.05564 0.0 44.99948 
1000.0 46.43873 33.28664 28.96898 0.0 21.20781 16.06216 45.33386 14.22838 18.01111 13.85472 37.03197 0.0 11.64199 35.1109 12.66413 28.04541 35.8773 33.7297 44.7766 0.01381 41.16866 34.87607 47.69113 16.0443 13.3701 44.42141 36.84719 20.41323 23.11034 16.1116 30.8889 20.80674 38.76633 40.06973 47.2235 19.79084 37.24446 46.24725 18.46532 17.27644 34.29527 35.15888 26.07548 36.43285 35.69597 31.20815 0.0 24.72562 0.0 27.71097 
1000.0 30.58023 13.22724 33.15785 0.0 19.69415 19.01652 15.76457 25.72584 21.65711 47.06132 46.21141 0.0 25.27684 23.19082 19.79912 22.08121 21.72959 45.41024 27.42492 0.01344 23.15957 14.00866 43.40609 17.24319 24.44135 27.34449 47.4305 24.6273 39.6659 35.00315 19.888 45.74857 47.8712 41.96695 29.07979 16.51471 31.64546 41.20784 15.24561 9.62758 12.50353 10.1968 13.30824 17.85082 17.86257 17.93142 0.0 47.89587 0.0 30.75256 
1000.0 42.50726 40.14766 23.96551 0.0 47.59728 44.70737 42.48828 43.69905 13.88314 36.77719 36.86572 0.0 37.6122 19.4106 33.26972 30.39432 20.98176 25.66424 17.00671 0.0286 45.58035 24.39958 46.65593 45.05511 35.065 17.3828 34.14233 14.64551 26.38135 12.68952 23.58482 18.46175 24.92087 44.21441 12.94716 44.79889 42.66958 18.81177 15.88243 39.54613 24.64707 38.55331 26.08018 23.29178 25.24456 33.78703 0.0 35.81861 0.0 13.48939 
1000.0 10.19273 32.43444 11.98797 0.0 33.98709 32.28403 29.69948 41.29763 35.53152 28.07016 15.52196 0.0 28.85689 31.33925 12.52874 18.20875 30.17954 21.60694 17.6751 0.02053 33.95171 19.75018 40.47294 23.82043 27.64419 45.42107 18.52695 32.71063 19.95844 10.51519 11.40814 34.25934 46.31649 30.37726 35.39219 42.73911 41.15482 17.09941 45.37753 21.01407 40.64005 31.2808 23.51164 17.94264 38.85189 27.71746 0.0 30.02853 0.0 24.95515 
1000.0 14.66314 46.6479 42.87809 0.0 16.62341 11.69017 39.38903 11.76635 13.55536 19.18635 43.49372 0.0 21.45199 20.66511 43.72691 24.47166 29.97108 38.81734 37.37067 0.02683 43.8844 21.35824 28.60724 36.32126 42.26608 45.69339 44.39793 20.61152 35.61332 42.91982 29.72989 41.96597 45.49262 31.57997 42.33142 10.65042 26.28091 13.89374 39.58959 29.69452 11.77325 23.31237 37.65891 44.002 34.63552 19.98581 0.0 20.47679 0.0 43.69472 
1000.0 10.32909 22.73137 11.04881 0.0 15.8021 24.77244 27.81977 43.36661 16.83159 46.04532 12.74712 0.0 32.06843 44.99524 19.69305 20.55698 21.05325 23.65382 46.66086 0.04594 46.50222 44.08155 31.15274 29.42658 41.77033 26.97609 43.19068 17.81548 26.01291 44.02541 12.68854 16.35626 36.56185 27.16034 17.17369 17.80442 13.18453 13.49515 16.67053 25.3375 37.89889 26.84296 33.52037 47.22896 35.92041 16.78647 0.0 38.81145 0.0 21.81546 
1000.0 11.18445 28.38723 46.24153 0.0 34.71452 38.06749 32.14069 13.19069 25.48413 26.01873 22.6319 0.0 29.27095 21.16344 24.98393 40.76454 37.05241 28.91291 31.13707 0.02605 38.17951 10.36954 41.84025 44.92602 28.54201 39.81793 41.36261 29.76358 43.49041 41.15018 17.34826 12.86599 47.59493 32.7 32.86227 10.2706 14.72237 26.12282 41.99191 36.43384 46.76854 33.25141 44.33199 23.25975 45.41222 10.59506 0.0 46.11292 0.0 20.46889 
1000.0 44.34264 31.23907 29.4329 0.0 44.00187 38.47536 25.61364 15.98937 30.03928 17.97715 35.14195 0.0 18.51018 45.97544 23.94685 25.84253 20.20922 13.54122 22.85501 0.03553 24.71401 20.29609 46.04593 25.44726 22.99138 32.69008 44.78665 12.32885 22.49403 32.17455 32.87323 22.55113 43.3777 44.38496 21.43273 34.53787 31.70347 35.73449 36.21643 24.01166 17.28203 32.60918 37.07387 42.41273 24.76035 12.17922 0.0 30.4057 0.0 36.84653 
1000.0 0.0 0.0 0.0 13.22921 0.0 0.0 0.0 0.0 0.0 0.0 0.0 41.96926 0.0 0.0 0.0 0.0 0.0 0.0 0.0 0.0 0.0 0.0 0.0 0.0 0.0 0.0 0.0 0.0 0.0 0.0 0.0 0.0 0.0 0.0 0.0 0.0 0.0 0.0 0.0 0.0 0.0 0.0 0.0 0.0 0.0 0.0 40.28361 0.0 31.44705 0.0 
1000.0 17.34878 36.85832 15.6362 0.0 42.18623 11.80559 12.63918 43.27196 44.75671 14.79769 24.90186 0.0 46.74038 27.85321 13.94826 21.7792 16.36108 22.7353 20.85325 0.04232 35.31094 45.68974 36.47926 34.98589 47.96525 14.39362 41.92324 14.66864 36.11177 11.86346 16.53354 27.93061 41.16848 41.24538 28.16394 15.25039 18.60212 33.58249 42.67312 24.04168 42.09639 21.52742 24.14274 19.11784 24.85498 28.77269 0.0 14.11497 0.0 30.57249 
1000.0 0.0 0.0 0.0 37.05936 0.0 0.0 0.0 0.0 0.0 0.0 0.0 38.03512 0.0 0.0 0.0 0.0 0.0 0.0 0.0 0.0 0.0 0.0 0.0 0.0 0.0 0.0 0.0 0.0 0.0 0.0 0.0 0.0 0.0 0.0 0.0 0.0 0.0 0.0 0.0 0.0 0.0 0.0 0.0 0.0 0.0 0.0 11.883 0.0 30.07316 0.0 
1000.0 15.59318 25.99588 12.47336 0.0 24.30645 28.56691 25.27324 42.81576 17.06864 36.82071 25.77232 0.0 25.93514 13.07312 37.2691 31.23994 14.81161 26.50166 37.8849 0.01602 47.15106 21.16834 12.93047 43.8761 20.5359 15.01321 27.26182 20.28299 33.59377 21.45155 26.08952 33.43437 14.67663 25.93126 42.1227 29.06249 43.78269 16.24374 36.61671 46.49402 40.72946 32.92892 25.52216 39.41178 27.64507 27.31889 0.0 23.69403 0.0 32.13926 
