1000.0 1000.0 1000.0 1000.0 1000.0 1000.0 1000.0 1000.0 1000.0 1000.0 1000.0 1000.0 1000.0 1000.0 1000.0 1000.0 1000.0 1000.0 1000.0 1000.0 1000.0 1000.0 1000.0 1000.0 1000.0 1000.0 1000.0 1000.0 1000.0 1000.0 1000.0 1000.0 1000.0 1000.0 1000.0 1000.0 1000.0 1000.0 1000.0 1000.0 1000.0 1000.0 1000.0 1000.0 1000.0 1000.0 1000.0 1000.0 1000.0 1000.0 1000.0 
1000.0 36.78364 13.86518 24.31726 0.0 13.50756 17.26085 23.93491 35.10114 34.07166 13.68301 13.42079 0.0 23.54056 27.69642 38.00127 30.20236 23.45748 28.49862 8.59969 0.04248 39.06007 42.08538 11.47474 20.18565 11.23311 25.68106 37.6959 39.98656 23.1789 41.94257 40.80599 22.45729 26.08769 25.28409 10.37632 41.27719 20.57461 14.01545 17.59339 11.80662 28.41295 14.72995 24.25262 29.50258 22.57654 36.89864 0.0 40.83764 0.0 10.05821 
1000.0 20.34882 23.12487 40.75954 0.0 17.19538 32.49837 35.9094 15.8998 10.40651 33.1698 31.37007 0.0 25.49418 32.85194 31.86775 8.63002 8.69384 35.78404 39.09977 0.01592 36.88554 23.72417 19.036 13.27033 23.1122 30.97514 34.57456 40.58511 12.0842 16.29285 40.9457 24.71719 25.70159 15.90544 29.0919 15.89617 15.47495 42.12465 28.13962 24.21313 8.95532 24.14804 31.84583 31.25712 26.09938 35.48278 0.0 9.50911 0.0 21.69564 
1000.0 35.03235 20.17854 21.39386 0.0 15.17507 17.963 14.984 29.3777 12.94035 16.24716 36.7639 0.0 35.94298 27.21778 37.63898 28.40615 20.81971 17.99817 11.10478 0.01114 26.90885 37.83076 24.51571 39.48134 32.95565 31.22169 16.55023 23.42372 19.54922 16.53897 13.5093 40.5633 27.15126 15.02985 31.25724 26.41022 10.16824 35.81663 28.16286 9.1483 11.31842 15.78361 29.7854 24.66905 23.11612 26.4931 0.0 37.27406 0.0 14.82449 
1000.0 0.0 0.0 0.0 16.46889 0.0 0.0 0.0 0.0 0.0 0.0 0.0 25.04793 0.0 0.0 0.0 0.0 0.0 0.0 0.0 0.0 0.0 0.0 0.0 0.0 0.0 0.0 0.0 0.0 0.0 0.0 0.0 0.0 0.0 0.0 0.0 0.0 0.0 0.0 0.0 0.0 0.0 0.0 0.0 0.0 0.0 0.0 15.67845 0.0 32.04058 0.0 
1000.0 24.03632 27.87425 10.41527 0.0 38.314 25.07962 28.14972 39.79958 21.09839 29.73652 21.77373 0.0 35.17366 25.18401 39.56346 40.79344 11.2239 30.18216 34.6658 0.01755 32.47639 21.74441 39.66264 27.56445 15.39781 31.90448 24.42557 34.18846 27.92709 29.10682 41.42597 19.91744 28.34787 30.98281 19.1445 24.52024 22.55614 19.64684 8.51159 27.58537 21.06138 15.59301 39.34638 40.1316 20.7327 35.62295 0.0 20.12624 0.0 34.99289 
1000.0 36.42968 38.19578 38.39086 0.0 36.52012 29.58635 22.80745 18.50242 40.05075 34.35029 14.5319 0.0 12.70527 21.91939 38.18521 22.00952 25.8413 39.80014 27.11326 0.01231 26.6918 25.13795 22.27818 30.96973 42.13172 10.06046 35.30846 36.29134 15.28717 15.37409 37.64728 29.48973 23.60834 31.83858 8.64013 16.31265 15.9706 17.62381 22.7814 31.97358 16.21734 30.75111 27.28424 9.27253 40.4304 19.32888 0.0 22.82793 0.0 23.54856 
1000.0 21.83291 40.10056 22.22768 0.0 38.80865 10.24593 11.2374 30.52256 22.10078 16.01984 16.32087 0.0 42.02987 23.16829 17.35321 25.59455 9.99108 16.59458 17.1978 0.01259 39.00453 41.20509 39.8796 24.26302 24.17402 11.88205 22.54879 13.89771 30.21921 8.6758 42.20664 17.73711 31.64147 28.5069 33.0964 18.06823 13.04 41.04561 30.84513 28.42598 11.38256 41.71424 21.07378 26.48382 33.67208 33.1631 0.0 27.55813 0.0 41.72305 
1000.0 38.85787 39.49031 20.24555 0.0 28.15032 11.08523 27.70625 24.76147 29.4673 14.69831 29.81261 0.0 24.39128 31.24888 26.54333 16.12615 9.55114 29.55462 23.28363 0.02079 40.31891 18.90524 42.05075 28.87637 8.64546 28.19898 30.00127 38.36071 39.46637 23.3723 40.78087 10.87218 33.652 16.78831 20.13127 35.41689 10.78341 30.52365 33.4252 23.3974 41.02318 19.94378 14.2475 22.76913 9.0564 39.05136 0.0 19.62698 0.0 40.39985 
1000.0 40.88889 18.11558 27.87126 0.0 25.39346 19.94462 9.2311 39.15027 24.91337 39.75185 30.75841 0.0 29.28547 31.75468 11.71994 25.8301 40.80072 23.77937 14.30833 0.03815 19.46987 22.46196 17.86994 33.18413 17.35691 35.81247 14.04642 26.9328 15.61878 27.19986 33.89354 19.59734 31.75584 21.18245 24.34974 19.70413 42.00879 17.11636 37.30637 25.31647 22.84482 9.8825 36.99222 13.96297 16.63412 34.27309 0.0 9.88433 0.0 32.56689 
1000.0 41.3656 34.68693 25.4436 0.0 30.77309 15.58377 9.39312 25.4627 42.05122 38.78868 29.62623 0.0 23.98888 11.38398 10.2155 23.58047 20.86624 13.71946 26.19723 0.01391 22.54133 33.82557 17.99512 10.67682 17.41345 10.3233 38.31897 28.47935 18.94088 41.86088 26.11218 21.13401 26.10437 9.35808 21.67496 18.36991 39.05736 35.72778 36.80351 42.02252 18.86349 17.82548 28.58989 21.74995 11.89555 37.52321 0.0 23.85871 0.0 13.88492 
1000.0 30.441 31.25135 13.38127 0.0 13.10112 16.75806 10.26123 29.29444 10.49195 40.25777 33.23359 0.0 22.48077 9.53624 27.91946 12.9295 31.57059 32.94786 31.23822 0.03396 39.28236 16.24041 29.00828 9.907 39.04186 39.91917 41.12402 39.65378 17.2296 9.5165 11.12678 30.17374 28.34955 13.34252 17.87212 15.34107 9.81825 41.7033 40.1666 28.12612 28.95305 20.19054 39.98213 13.2206 13.62375 24.00233 0.0 22.82986 0.0 30.24122 
1000.0 0.0 0.0 0.0 19.32098 0.0 0.0 0.0 0.0 0.0 0.0 0.0 14.32993 0.0 0.0 0.0 0.0 0.0 0.0 0.0 0.0 0.0 0.0 0.0 0.0 0.0 0.0 0.0 0.0 0.0 0.0 0.0 0.0 0.0 0.0 0.0 0.0 0.0 0.0 0.0 0.0 0.0 0.0 0.0 0.0 0.0 0.0 13.69832 0.0 24.79753 0.0 
1000.0 11.44235 26.47907 32.81023 0.0 17.11423 28.58366 15.26819 26.59421 23.23816 30.2051 28.29418 0.0 35.12952 33.47891 27.15883 22.06533 28.8366 35.07705 24.75492 0.03736 40.25626 40.64798 31.74326 38.58193 33.35398 31.86761 37.19843 10.59544 20.04583 30.41474 20.64766 33.0812 15.12845 11.16293 13.40389 8.60177 8.76191 21.95992 32.57524 29.30729 38.19139 40.92129 34.74561 27.07335 30.92715 34.0304 0.0 32.56532 0.0 27.90378 
1000.0 9.93128 17.23182 38.49705 0.0 16.19765 36.09335 23.36325 39.03058 25.29491 19.0129 35.77249 0.0 19.18943 39.51927 18.09754 29.43026 18.37408 22.37667 39.45429 0.04559 27.18286 24.72395 9.19978 18.53314 36.16436 24.32472 12.33715 41.72037 35.06589 15.56753 12.97946 31.47172 26.23446 29.66358 22.88999 18.47934 17.66866 30.10026 23.56687 34.60656 41.83431 27.40728 28.51318 15.7664 13.10066 11.20596 0.0 31.65455 0.0 16.32584 
1000.0 21.54255 17.96305 16.84205 0.0 19.84853 23.81747 32.10963 13.76485 27.9024 40.75462 11.06355 0.0 18.74185 12.91609 17.13188 30.28491 14.7295 22.97269 22.15698 0.03826 14.33342 40.60033 37.4618 40.51707 28.54206 37.50484 28.55341 25.57261 26.32555 35.32315 38.51034 35.49991 37.37201 41.65405 21.94753 18.57113 37.13097 38.16869 20.51938 28.30554 37.29373 11.84167 24.65027 16.70812 21.58202 12.08074 0.0 26.30662 0.0 26.26172 
1000.0 10.32371 37.30122 28.43145 0.0 26.88773 24.29912 14.12213 21.96946 27.54818 16.32408 28.44411 0.0 41.57266 16.49415 41.20563 20.81462 12.28987 11.53025 16.70694 0.04175 17.96738 29.97422 11.27396 10.99809 37.24638 14.62456 38.93756 12.31775 41.67483 13.75781 29.37447 42.24899 31.06718 12.37605 16.30205 36.45735 35.30668 18.5477 11.06185 40.11637 35.14814 20.48329 18.04141 25.74953 20.89149 25.9675 0.0 39.05164 0.0 22.75446 
1000.0 13.23679 24.82473 35.20952 0.0 31.52825 39.12079 23.75946 42.16315 11.98844 28.68587 36.07849 0.0 9.40826 40.15034 12.60335 13.00062 22.05133 29.38883 19.48774 0.01133 23.20947 18.19429 35.12025 11.67333 25.55956 19.51731 37.55867 11.38201 19.48412 16.83136 26.16035 23.70204 11.89898 17.74123 24.39234 27.94901 34.33439 39.04982 12.32778 26.0778 41.8143 37.28575 35.8033 24.78235 41.34489 28.54296 0.0 27.81267 0.0 9.21166 
1000.0 11.09049 12.4952 39.00411 0.0 40.63803 40.87704 15.98608 26.51035 10.21486 38.932 15.2453 0.0 23.31168 21.42363 36.68091 24.98864 10.6365 23.57175 34.28639 0.04468 19.26768 11.24997 22.22227 15.31523 14.98746 36.31807 28.03749 39.83294 30.9026 13.54078 42.09663 32.01054 33.69596 32.15458 9.15155 22.81601 13.37412 35.45353 29.43385 21.65489 41.73092 25.53616 38.08151 15.99035 40.63021 13.08279 0.0 10.27365 0.0 9.1694 
1000.0 23.10637 37.35229 12.02923 0.0 36.44832 16.69376 11.37838 13.51913 10.97103 41.742 30.05109 0.0 36.88296 15.98111 37.04672 22.74919 28.81336 11.75329 37.57582 0.01241 14.98952 12.32243 15.90955 42.1771 37.19071 26.19737 27.46673 20.91596 37.47454 15.5339 27.83398 19.81078 13.87562 31.7552 36.07507 29.35647 13.27777 19.39329 22.7762 31.7998 28.16033 26.20223 39.87856 12.51657 35.73504 37.79352 0.0 13.52118 0.0 28.72425 
1000.0 0.1346 0.15103 0.18302 0.0 0.1673 0.11317 0.16535 0.11518 0.06994 0.13937 0.18057 0.0 0.04814 0.12455 0.1388 0.08163 0.10889 0.10148 0.17327 31.36327 0.04719 0.1633 0.06053 0.10886 0.09853 0.06904 0.11321 0.09295 0.18173 0.07896 0.07422 0.13313 0.08289 0.14285 0.1527 0.0651 0.10268 0.16268 0.09041 0.05426 0.1572 0.10737 0.1106 0.05795 0.11261 0.09238 0.0 0.09369 0.0 0.04752 
1000.0 17.12666 16.03408 22.84858 0.0 29.13892 14.47713 30.93224 33.84735 37.50779 29.26742 39.30437 0.0 20.44892 9.11171 41.56013 29.3916 17.20855 26.17056 11.02575 0.04518 39.57632 21.44508 27.3445 39.99313 35.16978 19.23116 41.11344 25.74694 8.54608 38.40238 14.82303 9.93829 9.37779 27.99823 10.3397 12.0349 28.82506 29.3441 9.30232 9.38414 36.66155 17.39855 21.4105 29.6277 8.69759 29.39686 0.0 26.36857 0.0 12.888 
1000.0 10.38835 29.22816 14.74047 0.0 41.27539 20.13087 15.66831 14.17137 21.71307 42.13187 25.39328 0.0 40.43708 31.16049 24.15542 12.95672 14.61888 27.37595 39.60503 0.01923 22.10285 29.50362 36.2105 21.86364 8.57647 17.48552 23.84672 21.05905 22.17408 26.70473 38.70783 27.22538 14.70359 22.34272 36.49328 10.41391 38.50556 27.40652 24.19658 18.31284 27.90036 16.59889 9.77106 9.92295 38.69242 16.21158 0.0 24.80005 0.0 26.14185 
1000.0 22.89394 28.5326 36.52324 0.0 32.7616 34.16464 38.59633 13.77451 22.57615 27.72447 20.71642 0.0 24.17607 27.00919 16.63264 22.53097 35.79646 15.59076 20.57471 0.02525 33.10781 25.70289 26.59503 28.21355 29.51997 36.87674 30.16755 21.26935 16.85382 23.06805 22.99679 31.02723 33.41844 38.68675 15.09766 39.08384 30.48958 9.02114 13.57313 35.07967 11.0774 27.66971 20.98609 26.10099 21.93078 42.13168 0.0 30.74434 0.0 11.1711 
1000.0 16.01582 26.51319 9.83124 0.0 31.63118 41.26636 41.54604 35.09133 33.41427 33.21115 14.07172 0.0 30.21422 20.2038 22.27729 40.56879 40.78758 21.42909 38.5781 0.02392 33.51368 24.72637 25.60503 40.83196 29.03236 34.40241 14.25387 40.10076 38.35174 15.92669 36.87529 18.28547 32.35387 27.9359 17.50829 23.6754 23.29285 24.08206 36.30007 36.39964 41.95434 17.39774 11.25797 17.72039 28.48371 16.34836 0.0 22.50352 0.0 24.53486 
1000.0 23.28146 42.01193 20.26539 0.0 28.93931 22.54154 33.58268 28.93662 24.52114 31.9331 41.79475 0.0 28.26045 35.90952 24.23147 10.48836 16.80873 33.95181 25.87227 0.03774 37.19219 9.31824 26.42281 11.56476 21.13743 25.19182 38.8917 14.13839 26.34695 25.83168 11.252 23.5133 32.21659 13.79112 19.57116 30.83276 15.77191 30.38242 26.89281 11.43021 14.70589 21.31481 42.03393 34.87543 17.03868 23.49932 0.0 38.13918 0.0 15.23891 
1000.0 20.38057 39.67803 38.7814 0.0 35.4206 17.64577 16.65762 41.30283 36.23189 23.07037 27.81991 0.0 33.49038 37.30149 29.74173 8.79492 10.47545 9.96121 27.46051 0.03875 14.32405 20.8467 13.44099 30.61419 18.6718 19.99337 30.85289 22.04604 16.15565 31.87488 15.82944 39.67524 15.65739 41.93889 10.65842 41.22907 40.72312 32.86988 27.62527 36.14502 22.00051 38.4478 41.36506 17.89393 31.22722 28.14295 0.0 12.36964 0.0 39.36268 
1000.0 13.76748 42.28942 22.6614 0.0 36.3547 15.01761 24.01842 20.08371 23.39315 28.16919 31.81683 0.0 33.32179 38.74753 41.74718 31.0571 26.25297 12.98751 38.14104 0.03899 34.04196 27.88652 26.56785 35.63465 14.18038 25.59162 24.38022 31.5493 10.9808 21.07965 39.69745 32.98419 39.90137 29.29526 31.60538 18.73062 35.01313 17.87996 10.15607 14.58183 36.37264 38.86148 17.81423 18.52168 29.07518 16.81121 0.0 32.91457 0.0 26.38815 
1000.0 8.70493 34.36022 35.28864 0.0 37.01977 34.56031 15.10728 37.38885 8.95987 19.71388 38.79299 0.0 16.02694 26.23754 40.75455 10.81309 32.69104 9.19683 24.36797 0.01483 31.21084 31.60602 31.36699 28.77157 20.2211 21.82824 31.36119 35.58745 13.85802 19.13453 20.55695 23.2501 15.48308 42.25913 34.80387 17.67732 29.68313 25.27218 36.07466 10.61527 13.07037 39.52443 21.84619 41.71213 38.05246 34.5562 0.0 29.5728 0.0 33.59843 
1000.0 42.21006 21.73627 40.21056 0.0 19.77282 27.88598 15.90225 21.85703 31.32334 29.4621 31.82447 0.0 15.83209 9.56945 26.78867 9.71599 32.29213 32.22822 11.57348 0.02117 24.80147 18.09589 19.81043 27.51672 34.7673 9.82057 34.8491 12.19796 9.03185 16.86575 10.94073 28.8983 34.01421 20.63456 41.10745 24.28837 42.09254 17.05355 34.20736 36.8571 37.92163 36.99919 13.46297 27.73996 18.88886 33.06408 0.0 39.08243 0.0 41.56193 
1000.0 31.04174 40.75227 41.89803 0.0 36.69556 21.91631 31.32494 12.46955 41.44669 34.66639 26.21962 0.0 15.63471 17.80793 23.67873 29.82165 29.87103 30.1862 38.48261 0.03935 16.91376 38.77197 13.12953 39.87913 27.29909 15.53459 22.63795 36.06288 26.39997 25.22551 30.96215 29.46246 23.97477 15.2975 16.92909 15.67168 33.26663 27.73756 23.23828 23.87048 8.85445 10.61231 33.71396 30.53359 32.98797 21.31324 0.0 26.06619 0.0 18.02273 
1000.0 18.42736 17.335 30.87173 0.0 29.9121 39.7824 40.37065 38.23318 10.12326 41.13145 11.86234 0.0 42.21546 19.01875 8.7105 19.18433 36.61371 28.97464 19.8592 0.02487 10.23129 8.54601 41.06609 29.22419 33.64048 34.41768 35.00616 10.64004 34.70035 28.59861 29.25014 8.94805 26.18337 11.42101 21.03147 16.21794 8.96723 36.59444 38.85358 29.71603 25.10403 14.77586 21.24264 25.61097 37.78414 14.14654 0.0 32.19921 0.0 39.68807 
1000.0 36.74128 12.84472 14.15779 0.0 42.18607 27.01079 24.73315 19.67006 8.68684 31.63854 29.89438 0.0 30.63997 41.13835 18.75568 26.14221 27.44446 21.98682 40.94367 0.04205 26.68836 14.46446 41.68405 37.59463 28.79545 32.52984 11.73546 11.67912 24.89925 36.14382 28.29664 38.10066 32.78885 22.82154 21.14052 30.73224 12.15519 28.72918 21.83496 8.53972 22.59683 37.50155 22.93052 19.86339 20.77223 23.93827 0.0 21.63137 0.0 42.24599 
1000.0 10.3147 9.41075 15.67429 0.0 32.68206 22.87039 25.81706 24.75466 33.97119 10.3885 41.22495 0.0 9.82167 32.43074 8.7471 29.87693 25.37304 24.50754 41.99374 0.03677 34.71556 20.63761 12.9803 19.8428 34.35249 25.28133 40.72946 11.23166 27.47097 32.80021 17.00624 27.93671 39.79558 13.88776 24.92747 31.7424 33.79164 14.06613 33.38852 22.06803 12.44642 19.49986 9.39886 26.03479 12.55411 38.74692 0.0 35.9697 0.0 27.40554 
1000.0 34.70714 35.45648 20.00507 0.0 13.32445 23.54746 21.28024 24.69004 33.46001 29.52251 16.02563 0.0 27.72602 8.706 33.57136 32.26679 37.76685 10.50922 37.03949 0.04287 31.65411 18.32293 27.79142 15.97601 17.68798 9.08796 31.45457 13.99608 34.92709 35.14153 37.21964 13.07494 33.24436 15.70026 28.13375 34.07175 22.73858 15.02768 30.37355 22.76941 27.37046 40.70567 29.11512 22.81875 29.90646 36.28484 0.0 21.71476 0.0 24.61907 
1000.0 20.45784 20.61405 28.62633 0.0 16.36626 21.04754 15.87042 30.14627 20.7281 37.96495 34.81145 0.0 40.18243 32.15413 19.0175 18.08332 32.01178 25.88291 22.07369 0.03521 12.70046 33.89731 41.95161 24.59288 35.09626 37.39165 10.86111 27.89607 25.27908 37.46443 28.49887 33.44203 40.40229 41.96935 15.74184 16.92349 17.15157 18.78286 36.59611 40.1646 14.33072 40.19404 25.5427 24.02116 20.11465 15.82974 0.0 11.49606 0.0 20.95477 
1000.0 22.42748 33.98487 14.13915 0.0 19.95755 21.98547 11.69891 18.29176 16.25049 28.4351 32.54236 0.0 24.75814 34.43078 9.92448 33.57224 10.34271 38.18992 31.92616 0.02493 31.06431 22.58586 28.55293 29.9342 24.92431 32.71374 31.75102 36.60711 40.2869 39.13688 21.99836 41.4651 34.07263 42.27045 26.79007 26.82048 35.74387 26.4867 37.10168 21.93102 40.94239 8.56288 11.7266 36.92982 22.14146 13.01136 0.0 19.24633 0.0 33.22157 
1000.0 36.73563 15.31644 34.46662 0.0 39.67726 35.07398 17.56524 15.49719 14.24449 18.76609 36.16763 0.0 40.86709 24.82071 29.39228 41.70097 23.08569 32.46405 19.3808 0.02294 26.44419 41.24288 35.82786 14.68321 22.89327 35.53967 38.14021 38.65373 23.26117 23.21392 12.41621 39.96772 17.7842 12.29146 14.68222 21.58067 37.85488 22.44379 32.65527 36.48501 38.03543 8.51593 13.74565 29.78969 26.70397 19.89974 0.0 34.46887 0.0 19.15982 
1000.0 25.63497 17.05957 38.59426 0.0 19.15041 29.72042 12.91714 19.03873 23.38385 23.8011 17.34088 0.0 29.33559 10.71568 33.7259 16.02874 37.49627 29.37206 18.58868 0.01453 15.14699 31.68789 32.44877 27.53279 33.15304 40.09212 36.944 41.57791 12.06673 39.16678 24.08226 30.65485 41.75767 9.26019 14.08945 18.98161 26.69883 26.96763 39.92402 36.7525 16.45294 34.72393 14.13242 34.28785 41.2034 22.76618 0.0 41.25072 0.0 31.00571 
1000.0 37.45894 17.55077 33.65787 0.0 18.3688 29.18978 40.95377 39.87322 25.35256 40.65039 14.61455 0.0 13.15428 23.75479 36.1585 10.57557 41.27884 37.21041 17.02342 0.03151 23.27449 10.68364 14.04628 25.0237 26.54708 36.64509 22.84376 9.93196 26.15937 14.90645 10.10433 24.06514 32.69764 19.81216 26.26893 12.31631 21.85806 23.10837 13.91095 36.25312 21.00015 21.36089 37.02838 40.89246 11.18477 38.33028 0.0 31.11835 0.0 35.98454 
1000.0 9.99185 23.66788 18.09501 0.0 10.90874 30.90579 23.10861 15.99233 18.46804 10.79753 33.65742 0.0 15.62 17.28209 34.30793 18.58101 24.65662 37.08425 24.14914 0.01411 33.12973 35.53416 13.72283 41.11142 38.16715 14.16513 15.8366 12.76703 10.82334 12.30529 9.97754 42.00334 9.50101 32.96361 29.37277 12.89992 41.02374 12.34287 32.31906 30.94953 38.66438 38.26955 24.55674 18.51011 15.24446 34.55733 0.0 17.41411 0.0 25.03602 
1000.0 34.06046 29.42416 31.65982 0.0 35.61133 37.40978 24.82334 35.8446 40.61398 40.52498 39.94281 0.0 23.75394 13.91319 26.95422 21.19061 13.87967 19.04312 37.25984 0.01501 18.52632 23.98506 29.947 10.56048 20.06362 24.36345 31.58615 25.56536 20.62922 33.71823 12.14476 17.04006 32.29566 42.19457 35.27977 35.39317 15.1228 15.17519 8.47695 36.21835 31.86917 40.79078 39.2436 37.39606 24.08064 40.71192 0.0 41.39416 0.0 8.64294 
1000.0 17.0841 25.73969 18.52441 0.0 24.98927 29.25357 36.96901 16.79192 32.84028 9.95178 9.75996 0.0 10.86662 32.11912 9.78829 25.77476 16.18906 19.79504 40.31289 0.01452 20.01176 30.87348 20.68105 32.96161 9.36986 30.182 26.85992 21.55638 34.4766 10.26452 21.75755 16.95234 23.62781 39.44482 24.46997 39.07181 19.21549 20.18357 37.53133 26.41206 13.82665 22.53511 26.72859 40.91808 41.52176 27.92495 0.0 13.33706 0.0 38.69729 
1000.0 37.29825 19.28171 34.68138 0.0 35.04267 35.49706 41.97711 27.0306 23.17034 20.41545 26.99589 0.0 41.48665 19.94018 16.64736 13.64598 30.58272 27.83126 29.88762 0.01115 39.81413 14.90114 37.44926 36.47691 41.88563 24.33169 35.55096 18.62341 29.0466 30.80171 35.14762 38.02569 28.38222 33.26267 18.60911 23.79638 33.29281 22.74487 28.66949 9.14296 15.9844 41.17745 17.07811 23.43225 25.18929 31.69322 0.0 24.4117 0.0 37.42191 
1000.0 8.74595 37.4683 19.61599 0.0 32.56278 20.3106 11.28156 28.06834 16.28427 9.87181 37.16296 0.0 39.05094 15.2173 9.90275 31.99541 26.18023 37.1783 38.17398 0.01263 25.78786 32.66613 37.35833 37.87132 38.05155 38.95917 15.51923 25.85817 26.48439 33.88838 13.62115 29.66787 23.80638 37.11328 10.36457 21.09335 16.04286 24.74444 42.31648 26.26191 20.56762 25.19317 21.79593 10.86574 22.21727 23.34444 0.0 34.6305 0.0 22.88159 
1000.0 26.00175 32.69538 14.21228 0.0 36.2603 13.49768 25.00055 22.41842 27.32124 21.25423 18.66965 0.0 14.70787 40.57175 13.35365 40.86037 11.57665 9.77414 23.96561 0.01614 21.29128 31.68099 32.58047 25.25097 35.50844 22.28724 20.41458 19.70276 30.848 27.72954 23.08666 27.57496 8.93959 35.57854 29.46638 39.3965 9.55845 37.16186 35.21936 34.65551 18.63816 24.13864 25.43847 31.96185 16.54375 22.87445 0.0 23.67037 0.0 20.05638 
1000.0 21.64798 32.26872 28.11478 0.0 20.0268 41.6138 29.89588 18.21631 18.47348 18.05235 27.61921 0.0 23.7165 13.04025 32.7883 29.95764 31.58367 37.39506 17.88363 0.02025 12.39432 16.53702 37.35508 23.05356 30.15795 37.60167 15.44466 12.28876 14.58419 32.45708 27.17337 23.84288 17.55053 30.29614 33.36796 37.93298 19.0948 30.72136 21.07655 28.12325 20.13023 32.82382 14.6065 42.10611 19.01447 32.59703 0.0 33.3178 0.0 18.72779 
1000.0 0.0 0.0 0.0 39.73889 0.0 0.0 0.0 0.0 0.0 0.0 0.0 38.47083 0.0 0.0 0.0 0.0 0.0 0.0 0.0 0.0 0.0 0.0 0.0 0.0 0.0 0.0 0.0 0.0 0.0 0.0 0.0 0.0 0.0 0.0 0.0 0.0 0.0 0.0 0.0 0.0 0.0 0.0 0.0 0.0 0.0 0.0 18.51428 0.0 10.13846 0.0 
1000.0 21.75264 38.53004 29.66646 0.0 10.73385 21.6065 18.07769 16.13526 36.0998 15.73791 36.02491 0.0 31.10007 31.79279 36.09939 11.1325 15.97405 28.50556 10.93471 0.03437 28.93472 9.705 24.71715 29.38943 30.95312 23.32624 22.74192 40.98971 17.82739 35.25504 37.98355 20.16674 9.15871 16.88677 26.26277 34.3692 27.01087 33.09037 24.9028 9.30161 30.71264 18.63564 23.29868 13.36282 38.27948 15.93957 0.0 14.4842 0.0 37.26093 
1000.0 0.0 0.0 0.0 35.87836 0.0 0.0 0.0 0.0 0.0 0.0 0.0 20.61572 0.0 0.0 0.0 0.0 0.0 0.0 0.0 0.0 0.0 0.0 0.0 0.0 0.0 0.0 0.0 0.0 0.0 0.0 0.0 0.0 0.0 0.0 0.0 0.0 0.0 0.0 0.0 0.0 0.0 0.0 0.0 0.0 0.0 0.0 20.41344 0.0 17.58856 0.0 
1000.0 19.36854 16.55852 28.49961 0.0 21.67309 16.07186 41.69655 36.72206 31.52218 37.84997 34.2826 0.0 39.65596 34.91431 19.13886 31.93166 31.54975 33.73597 8.5804 0.032 24.31188 23.96832 12.92503 18.55898 17.90414 30.2133 39.91468 23.12468 19.03396 17.85101 29.85384 38.56901 35.08363 36.20063 30.07753 40.00907 41.09028 12.34846 13.82828 23.37635 18.12332 16.66777 31.73883 31.97643 22.07688 13.18255 0.0 15.10267 0.0 40.11681 
