1000.0 1000.0 1000.0 1000.0 1000.0 1000.0 1000.0 1000.0 1000.0 1000.0 1000.0 1000.0 1000.0 1000.0 1000.0 1000.0 1000.0 1000.0 1000.0 1000.0 1000.0 1000.0 1000.0 1000.0 1000.0 1000.0 1000.0 1000.0 1000.0 1000.0 1000.0 1000.0 1000.0 1000.0 1000.0 1000.0 1000.0 1000.0 1000.0 1000.0 1000.0 1000.0 1000.0 1000.0 1000.0 1000.0 1000.0 1000.0 1000.0 1000.0 1000.0 
1000.0 14.42547 14.79187 11.55071 0.0 29.51084 21.06301 32.93589 18.53343 12.42591 15.4775 13.00226 0.0 28.2044 33.50554 11.9805 11.80791 27.35501 29.95991 15.76715 0.02112 18.27431 8.964 30.73614 31.2383 27.16686 30.55928 8.41554 19.00947 24.33289 21.34709 24.33279 27.92244 14.58674 11.3092 33.34334 23.31391 27.90088 23.5532 15.28518 15.12039 7.56176 22.12355 23.67808 11.63618 12.20456 10.04237 0.0 15.46866 0.0 20.11557 
1000.0 29.22833 19.3987 9.68892 0.0 22.81516 17.11163 22.87545 13.03471 31.42174 16.95572 17.27437 0.0 28.96518 29.19191 12.60944 17.86822 31.11811 25.10423 9.75351 0.01698 33.69489 32.95447 28.17676 26.48669 33.2323 20.42214 13.5947 24.44768 22.7434 14.16526 13.38261 15.42124 15.30849 15.61383 20.63897 8.05344 17.37477 27.59784 7.05303 8.98392 7.87171 12.36325 30.98228 10.07298 14.94678 29.26179 0.0 9.70808 0.0 22.61641 
1000.0 14.34465 18.44115 10.24844 0.0 12.93821 7.61867 32.92585 24.13563 15.29467 20.13468 20.74492 0.0 8.74981 12.52281 28.42351 8.03128 13.87132 15.72964 32.06243 0.01683 23.31242 24.87127 8.49642 6.85682 22.49608 9.12759 24.6695 26.58063 12.73742 27.99526 32.3314 12.45103 23.1985 30.83749 9.03777 15.21869 8.27441 25.49871 24.88573 30.67962 16.18956 27.49864 30.57725 29.64121 16.73591 7.35764 0.0 29.76755 0.0 27.03122 
1000.0 0.0 0.0 0.0 27.13649 0.0 0.0 0.0 0.0 0.0 0.0 0.0 12.34555 0.0 0.0 0.0 0.0 0.0 0.0 0.0 0.0 0.0 0.0 0.0 0.0 0.0 0.0 0.0 0.0 0.0 0.0 0.0 0.0 0.0 0.0 0.0 0.0 0.0 0.0 0.0 0.0 0.0 0.0 0.0 0.0 0.0 0.0 21.07181 0.0 8.2445 0.0 
1000.0 7.18828 21.11206 25.34153 0.0 29.53461 28.13401 7.61936 23.52221 8.06433 7.78507 19.73068 0.0 24.66355 29.55305 29.21046 19.7408 30.97576 22.52853 33.00898 0.02506 7.09965 19.16714 15.56209 14.6117 24.70625 22.37539 8.1383 28.61624 25.70358 32.48797 7.2511 15.2458 32.7248 12.56536 25.06025 16.98416 9.40721 18.3354 7.33118 25.12175 19.54951 21.70876 11.52245 17.06372 32.04661 19.57719 0.0 11.27765 0.0 22.39572 
1000.0 29.5027 10.43411 27.41263 0.0 24.12783 14.6029 33.65851 8.50298 33.77607 15.44228 13.98287 0.0 30.21131 18.07927 22.91212 32.61495 31.86552 33.16558 22.7888 0.01922 17.67473 28.51265 17.72165 7.17119 31.21648 24.37689 27.18946 12.36192 15.62829 22.41438 31.30637 12.30662 14.5173 21.53545 9.0833 23.50702 18.68095 32.79952 19.88182 20.05985 8.00746 26.35541 19.59561 29.23146 17.42072 33.8283 0.0 10.70247 0.0 23.84134 
1000.0 28.17894 11.16124 19.79494 0.0 13.71414 25.12013 15.40905 16.32824 15.65193 26.17064 32.17476 0.0 30.79544 15.95191 25.06935 11.53996 11.10171 10.87872 32.64323 0.01456 28.71432 19.78877 10.60996 30.73813 23.8512 8.75643 29.80577 12.66741 6.92204 24.26005 10.90431 15.49318 29.25792 18.63449 32.22534 18.75618 8.25572 22.09532 7.43341 26.04346 11.54059 7.59658 19.55798 15.98499 16.55467 28.54074 0.0 11.53653 0.0 24.63611 
1000.0 20.26182 16.13107 32.71689 0.0 28.66889 19.70689 13.5914 8.43162 13.62972 32.53531 19.3735 0.0 11.3429 7.91662 16.63524 8.62416 18.11203 21.32581 22.72222 0.02928 28.85219 20.82592 25.59281 26.72176 20.98014 9.50392 16.47244 15.88179 29.3363 14.58101 29.76269 16.52187 19.55357 29.51043 28.21012 21.45117 32.91672 22.28821 29.17612 7.13105 6.84218 24.63245 26.99878 7.26002 7.76727 24.81847 0.0 8.23832 0.0 18.43537 
1000.0 16.06655 25.41209 27.72401 0.0 20.8929 21.97214 23.75223 17.54619 31.56579 22.83544 12.05773 0.0 26.23321 9.31534 10.75554 12.35518 10.25066 11.48283 29.01134 0.02965 10.0151 27.83216 6.8182 12.1493 25.77755 29.63935 32.15898 29.36798 18.18515 25.11598 7.72888 26.45795 20.31563 33.33076 19.8607 16.70219 7.97119 16.13421 23.38079 26.45382 23.61988 14.63907 31.90485 13.96822 14.11765 9.75412 0.0 26.73448 0.0 18.44562 
1000.0 16.50765 22.42711 33.49753 0.0 13.1915 28.30215 12.47914 30.13153 17.45813 30.5804 16.9126 0.0 21.35023 6.94339 12.12481 13.16109 8.43734 21.39607 23.94147 0.03617 10.89082 13.41337 18.10864 32.66666 27.42904 16.28015 24.25314 14.89846 27.88733 25.73669 23.53767 25.42576 10.99814 17.12902 23.49979 26.60234 31.20814 22.6662 14.45041 14.78125 16.2291 27.85536 28.8553 28.37208 18.36939 12.02326 0.0 20.3808 0.0 13.65757 
1000.0 30.29896 19.14582 18.67013 0.0 10.4658 11.80571 27.06038 28.03582 33.58558 32.86934 31.16858 0.0 23.77458 10.43685 26.0821 15.71373 23.08347 26.92687 33.66003 0.04042 32.85029 32.71609 31.24329 29.20498 15.48531 30.32996 14.2158 14.19054 7.55651 12.09092 22.05364 33.22289 32.68747 27.22957 16.31718 16.86059 33.15247 12.73444 19.88619 30.33051 20.14234 13.0892 29.82708 18.36717 17.77231 23.24981 0.0 20.51404 0.0 20.24141 
1000.0 0.0 0.0 0.0 26.25922 0.0 0.0 0.0 0.0 0.0 0.0 0.0 16.89869 0.0 0.0 0.0 0.0 0.0 0.0 0.0 0.0 0.0 0.0 0.0 0.0 0.0 0.0 0.0 0.0 0.0 0.0 0.0 0.0 0.0 0.0 0.0 0.0 0.0 0.0 0.0 0.0 0.0 0.0 0.0 0.0 0.0 0.0 10.89781 0.0 9.19162 0.0 
1000.0 31.0209 17.19145 16.72955 0.0 9.7403 31.50553 31.75253 21.88887 16.43995 12.14895 16.55563 0.0 32.12978 11.98223 15.65099 6.889 33.46545 11.59066 9.15008 0.01692 32.57147 13.00569 33.38201 11.49592 21.852 18.04601 26.45368 29.89961 18.16257 32.7384 32.82972 28.83386 7.35815 25.93688 19.70717 12.0916 20.21301 12.19909 11.82605 29.84975 28.11013 19.75877 12.7824 7.82042 10.95607 26.73516 0.0 30.83907 0.0 13.55233 
1000.0 28.30102 20.26025 32.15266 0.0 28.94864 15.9523 29.73729 22.45079 27.35632 31.75897 28.5018 0.0 27.97675 24.40757 18.27064 11.41154 8.74846 28.68405 8.34037 0.04069 25.45527 28.85648 15.41212 10.42569 19.88025 13.92148 8.92854 11.99506 26.1379 30.60386 14.87828 22.62262 23.59208 20.98077 25.35524 21.22382 14.30124 17.19303 33.47307 31.37416 7.48644 24.14552 29.81064 10.17777 7.98093 29.34795 0.0 16.3009 0.0 27.82876 
1000.0 17.68031 17.18411 24.77118 0.0 8.67183 26.80756 29.2989 33.15803 19.73606 27.46628 15.65437 0.0 30.83805 28.96669 20.18594 9.82039 8.18985 23.5567 27.34492 0.0278 6.88938 25.19122 23.64268 12.51323 23.19651 23.27481 14.38716 27.29936 19.80531 15.01272 25.63589 10.16763 7.05538 21.77751 31.16056 25.461 13.80598 31.00444 24.07551 13.81082 10.63773 26.10777 10.45417 13.68673 30.21784 23.61588 0.0 26.75305 0.0 29.21905 
1000.0 24.51115 8.09705 15.74268 0.0 18.14087 22.06187 7.39564 20.62961 22.92597 17.97711 21.60645 0.0 31.63716 18.79213 8.59718 17.92474 13.85455 12.86927 8.99015 0.03358 26.68243 25.25798 12.92411 25.47747 25.44832 23.75032 23.99927 31.23931 13.75805 23.62888 8.74062 9.19616 33.88864 19.69923 27.76167 18.42846 15.85756 24.5698 19.77637 11.64842 17.38498 16.4775 17.06147 27.61137 25.00751 32.65152 0.0 27.1983 0.0 20.77908 
1000.0 20.27709 33.72588 13.0512 0.0 8.06916 12.99336 32.97541 25.37657 32.41345 23.67332 9.22135 0.0 20.59826 19.24253 18.10401 19.37229 21.73539 32.4249 30.40043 0.01783 26.60869 23.2879 34.00077 14.09836 10.1251 8.70435 24.46882 32.52738 24.99489 29.15326 10.70219 16.70737 9.16941 9.18408 20.88668 18.29744 9.07427 14.73839 11.23528 28.79857 15.47451 16.97637 32.62119 33.57139 22.53392 11.66215 0.0 17.65896 0.0 27.33102 
1000.0 27.96066 21.54476 13.32521 0.0 23.15184 11.737 11.4744 26.91396 17.50086 20.97666 8.66646 0.0 27.17602 8.48798 24.1792 18.53684 33.80008 8.63278 26.00949 0.02732 19.46646 17.10284 8.96658 31.97979 31.18818 12.11868 12.31039 23.78261 24.71576 13.69024 14.92535 14.2537 23.93845 17.64108 13.06886 29.66825 8.54903 9.43681 18.04613 24.3571 11.4845 33.43837 29.28342 26.44778 23.22952 14.94129 0.0 12.20199 0.0 24.64645 
1000.0 21.10565 10.889 25.77403 0.0 31.62308 29.67682 23.0844 28.88016 31.21202 10.95452 20.17878 0.0 7.84208 8.7801 22.27358 27.32646 10.78623 9.21667 22.2684 0.02733 25.76274 27.01665 26.1299 13.0649 16.49141 28.19636 27.00393 12.4178 14.80852 29.7959 33.26938 12.40727 23.91275 15.92756 18.56724 13.08119 23.46735 30.5107 24.30511 23.45578 31.20143 29.47907 31.05136 14.38608 18.79349 16.33502 0.0 11.72034 0.0 30.75828 
1000.0 0.13411 0.06105 0.10131 0.0 0.104 0.16169 0.15979 0.10016 0.09368 0.04411 0.12532 0.0 0.07931 0.05931 0.14629 0.12616 0.06834 0.11716 0.05112 17.67409 0.14515 0.15831 0.07309 0.1571 0.09583 0.08569 0.13824 0.04406 0.14094 0.12377 0.04011 0.10771 0.03434 0.05712 0.16231 0.14554 0.10123 0.14824 0.0739 0.04687 0.08608 0.06094 0.06838 0.11456 0.15145 0.0718 0.0 0.16322 0.0 0.12414 
1000.0 29.05116 11.76339 19.65108 0.0 8.769 30.37881 31.3585 31.41862 23.33696 22.15443 14.23751 0.0 24.71945 8.71569 14.36662 25.03228 32.68253 32.88862 18.30989 0.015 23.879 22.15694 24.50618 17.42823 23.3741 18.42322 27.07919 21.06956 28.22725 9.34557 25.79927 17.65431 30.14907 12.54052 23.63248 29.97044 32.72548 24.77195 21.95668 18.97601 14.703 21.55773 33.72335 17.56739 20.07258 10.92109 0.0 9.0234 0.0 25.62059 
1000.0 18.50055 7.58168 19.99597 0.0 9.70428 21.41324 24.7214 11.5492 24.97237 33.26139 13.41137 0.0 13.55737 33.27771 29.87346 9.04084 28.68868 15.81195 30.73689 0.04057 20.72889 31.23549 24.18705 19.75348 29.67317 8.22435 16.78255 28.6654 32.57105 11.10345 33.74799 9.80808 17.32262 11.58665 21.20095 29.05292 21.03326 9.92152 12.38635 23.40652 22.62813 21.78087 12.32942 12.47202 22.26086 13.45789 0.0 8.59477 0.0 26.28661 
1000.0 19.86893 10.85706 14.52859 0.0 20.31557 30.79214 18.20434 17.99367 7.70395 17.8867 28.50748 0.0 26.65276 25.22654 10.15141 18.10983 24.00327 14.34425 28.86207 0.01518 28.60764 15.41792 30.46203 7.95893 17.9701 17.62037 28.58963 27.96774 27.39303 10.29111 26.04479 26.68487 22.26283 20.84245 20.47778 17.13098 26.8862 24.89402 27.31326 27.64367 30.11765 29.7045 20.37177 7.65679 19.7673 19.27919 0.0 33.62742 0.0 29.0065 
1000.0 30.09657 17.79774 31.30892 0.0 18.09608 22.81263 20.83038 24.51134 22.20199 21.41933 21.71201 0.0 21.39602 22.9946 26.08236 20.17146 14.09243 21.73412 33.31271 0.02692 27.23275 11.77802 17.34675 30.62086 26.59822 7.31862 27.19926 29.76412 20.54385 30.70069 6.95938 20.35979 33.7111 18.67552 14.46124 12.06562 30.71069 30.76329 21.95363 26.01428 13.54245 26.77803 22.47055 8.0466 14.97614 13.07719 0.0 18.66324 0.0 33.53218 
1000.0 30.01206 31.53439 24.57103 0.0 13.53724 31.2181 15.40986 20.15167 26.09055 33.94596 29.83924 0.0 33.38976 33.16008 24.64291 9.10342 11.0102 16.97271 11.48777 0.01498 18.32201 21.8858 21.12552 20.92854 10.10276 15.55364 22.39494 12.68193 31.08511 25.65273 19.15039 21.62106 24.60028 18.97259 11.43048 27.90113 32.29417 18.83785 30.29424 17.25465 29.17764 10.35454 14.71844 22.43894 9.48775 26.63961 0.0 29.22726 0.0 29.16916 
1000.0 24.21653 13.58797 23.51111 0.0 27.93961 6.91626 30.20527 18.06949 22.37247 10.63065 23.07339 0.0 29.23997 31.06619 7.75041 32.22472 14.6223 11.86715 29.58772 0.03675 18.69203 15.93201 13.2226 20.05068 19.18832 29.13876 9.07089 33.43707 28.73342 31.71643 15.16524 17.56474 7.26654 24.39935 10.54941 13.28958 11.28393 9.32286 32.56724 7.58913 28.79667 27.22412 32.82142 16.32036 24.80474 10.21023 0.0 13.18508 0.0 26.57817 
1000.0 18.13286 30.63882 23.24417 0.0 32.57691 28.92238 17.46561 11.88941 19.41551 18.69443 19.22665 0.0 13.6485 25.08183 7.89148 14.16428 17.85645 22.60422 8.45608 0.02402 9.26102 33.7651 24.59755 27.78184 14.76006 11.41858 31.21503 33.48277 13.04213 30.66828 14.57296 22.61383 17.6054 8.53052 29.5435 9.17753 17.09015 22.28279 18.13726 19.00366 10.51352 31.60791 13.90512 33.27336 22.58747 13.21847 0.0 27.00435 0.0 31.98354 
1000.0 16.13039 29.62084 28.7127 0.0 11.16766 19.79287 7.32862 29.70175 16.47232 20.2062 29.78342 0.0 24.25058 29.00049 29.89399 25.02354 20.67665 32.92661 23.04551 0.03908 18.14493 19.84352 9.00807 28.99372 11.91645 29.86171 26.25859 21.96499 15.50043 16.43019 24.619 23.64272 33.29143 23.11941 33.65942 12.39898 22.27726 8.0174 10.22013 27.78319 31.91121 25.06989 7.56327 21.56505 9.25345 23.12559 0.0 23.9667 0.0 19.40132 
1000.0 21.64896 29.2001 19.68424 0.0 12.55495 10.38099 25.35368 24.18692 17.88151 19.39202 29.84831 0.0 22.74539 18.28845 29.36195 14.80548 16.01804 8.38437 12.71387 0.02342 19.45913 30.48349 12.71011 32.01298 27.21153 23.58868 9.41451 10.6836 9.72145 26.84508 30.2767 31.14217 20.72381 27.41293 28.52241 22.87391 7.66311 14.87269 28.95275 22.35596 12.91641 9.18853 22.00656 31.43384 9.8321 20.58092 0.0 32.04363 0.0 18.63516 
1000.0 21.74197 29.09143 30.7038 0.0 19.18279 27.96216 18.19085 22.63035 13.01276 12.87457 29.55211 0.0 33.9677 18.67814 12.2605 31.74194 19.0972 18.28649 18.59782 0.03745 9.08793 33.35942 27.28183 12.35416 16.64047 32.84766 9.89233 11.40732 27.09912 33.11688 7.16321 18.02081 30.33111 29.93904 24.93524 31.49223 12.60597 7.88548 8.71397 21.95028 22.37715 21.28695 23.69338 11.38179 25.72888 18.76941 0.0 8.82643 0.0 13.05132 
1000.0 7.28492 31.75271 22.38788 0.0 10.56614 7.38316 29.45775 15.70783 19.71958 7.77376 20.82339 0.0 32.08972 21.20496 13.03052 24.08896 27.55703 33.88233 24.59017 0.03886 31.56891 22.78935 31.19095 27.1267 8.82573 29.07006 7.42788 18.2764 7.6387 17.26564 33.15558 11.23974 25.23333 14.94333 16.35172 31.54135 20.37134 19.88607 13.94887 15.09988 26.10226 7.78156 21.69739 20.32858 8.08612 30.73907 0.0 33.03538 0.0 21.46298 
1000.0 22.81568 12.66614 29.11046 0.0 9.28538 8.57666 13.22989 25.35698 13.60855 17.54398 7.95606 0.0 24.77953 27.1778 27.34644 20.29351 21.22728 20.51856 15.44805 0.03933 27.85397 13.78756 29.35674 30.2905 25.15367 28.86912 12.31815 9.83001 33.79442 20.56056 7.18446 23.65184 6.81446 30.89316 26.99637 32.14067 31.92892 22.13389 13.44911 19.30036 18.77385 14.45075 19.37673 18.42442 23.96879 33.41139 0.0 33.64722 0.0 33.24751 
1000.0 29.55593 24.8452 25.13294 0.0 8.89255 7.17521 28.9801 24.5974 21.83201 15.31289 20.0805 0.0 25.39604 12.00919 17.69955 27.96279 19.01619 32.21897 10.68347 0.01249 9.5142 15.60717 20.81942 17.69667 31.73294 9.66723 15.90768 26.40505 11.58364 33.86264 7.15778 15.47319 27.36186 14.65201 32.63625 11.4224 31.43281 21.74756 21.18872 24.11668 13.84388 7.26408 19.45714 28.5503 25.03503 14.40206 0.0 17.95122 0.0 31.55844 
1000.0 17.55693 7.11563 26.37373 0.0 28.34924 29.06363 10.82563 18.53461 12.32026 7.28345 22.32141 0.0 14.5906 29.69081 28.33608 25.32871 30.82172 32.73029 25.55872 0.03378 16.15703 25.76351 30.83383 7.54122 23.21687 23.7293 27.07485 19.31236 11.18755 7.37919 33.3836 27.14339 22.29531 21.8451 14.06917 9.10642 13.78569 15.59678 10.94077 8.05707 11.47794 14.35029 14.39884 31.86584 13.35087 29.22207 0.0 31.42351 0.0 8.04013 
1000.0 25.66384 8.91054 17.37745 0.0 8.26118 10.88158 26.19338 24.49213 15.07326 27.53898 19.53469 0.0 24.90892 30.65464 25.68074 21.55901 32.74823 9.07897 27.22363 0.01146 14.5811 6.8763 18.39385 10.73041 33.76911 18.62884 8.63051 33.51907 23.04309 23.41432 17.48233 7.45932 7.42551 6.86998 18.16288 11.3174 30.95236 15.06053 9.43144 24.99397 13.60658 16.74291 16.41887 21.2231 9.0094 9.34095 0.0 14.60624 0.0 29.43193 
1000.0 25.3855 26.87626 32.59408 0.0 7.67522 11.29224 22.22471 32.83877 14.61424 12.14704 8.06689 0.0 33.90238 19.12999 26.37998 13.96477 7.94862 8.48482 14.32721 0.03322 20.65417 8.83326 33.84939 28.52863 21.93373 23.73657 28.19775 8.49876 17.65538 29.18656 24.89831 16.34229 8.40313 15.87101 25.32533 18.82996 27.42407 29.03965 30.69454 28.20746 18.04889 25.21743 16.52364 17.07856 17.71626 21.0812 0.0 25.13666 0.0 12.57134 
1000.0 18.23373 20.53784 18.30904 0.0 17.16609 14.24071 22.40486 15.12285 25.19678 13.43393 23.75152 0.0 18.52976 27.49187 33.57732 8.97028 31.09141 12.28552 15.17207 0.01395 21.97749 17.29038 15.21183 16.20999 7.43038 15.11312 32.62381 33.24973 29.7731 18.16945 22.74514 15.68687 28.14734 23.52602 25.90531 8.64504 24.83384 15.70264 7.90461 13.70213 22.9852 27.77955 13.4319 12.24589 25.13233 27.53464 0.0 18.96233 0.0 23.66832 
1000.0 9.58037 17.82063 17.50641 0.0 27.55641 7.87077 25.99063 33.17254 28.34103 12.33866 17.50389 0.0 12.69375 14.73831 29.03004 28.74887 27.56984 13.31572 19.46299 0.03574 16.23565 30.48582 24.08876 7.32762 10.11397 26.34797 30.33488 8.08124 30.17638 21.51585 22.96984 20.87331 30.48349 8.0375 32.85297 19.19091 13.06597 31.48533 19.7631 11.90279 22.35079 25.87505 26.39207 19.8318 20.20612 19.4661 0.0 7.79068 0.0 17.58721 
1000.0 28.97144 30.29322 14.25042 0.0 18.53676 21.48242 33.98288 12.52406 15.24444 29.23094 27.1738 0.0 29.24691 16.78206 33.12371 29.55318 11.2937 27.50724 7.55728 0.01043 16.03707 8.87796 16.72876 23.73835 27.30051 7.92069 20.48131 30.19385 20.12132 20.91399 24.94935 10.39244 17.72751 19.17369 20.84762 16.93512 22.18605 24.84726 25.4398 18.07935 15.56641 28.9131 20.75535 29.56749 30.98552 22.23744 0.0 15.56439 0.0 10.88621 
1000.0 30.64525 25.37303 8.33281 0.0 33.65079 30.8401 6.89965 9.93525 14.56172 18.36873 8.00917 0.0 14.22665 11.00749 27.01129 16.91203 32.64842 13.31285 27.87955 0.02302 16.6626 16.75963 15.51537 28.92089 31.18076 9.32142 20.24893 26.50299 18.32837 21.64128 24.00122 33.44961 15.97778 9.60693 22.87448 26.2981 11.81437 16.72145 8.96903 9.40954 22.43451 33.40089 23.76408 16.5492 32.43042 14.70914 0.0 20.77683 0.0 25.74744 
1000.0 21.42418 14.27714 14.38549 0.0 8.65865 25.9602 29.61747 19.77537 32.12218 19.50625 21.11517 0.0 29.76751 25.24399 26.48752 9.95881 15.39762 31.9328 7.41527 0.02067 16.18551 12.93841 21.4713 32.66918 18.54766 25.55743 7.93247 21.96456 19.67738 27.59378 23.9125 20.74955 10.09833 22.61416 13.91466 18.48501 11.82475 23.33021 9.12171 15.06247 17.03372 9.64812 7.59836 14.61411 12.28139 28.29608 0.0 23.17053 0.0 15.27778 
1000.0 32.54723 25.42875 32.45104 0.0 14.97978 29.5591 9.56572 26.92879 22.79034 14.76097 33.34805 0.0 21.84778 17.73912 25.07757 26.82157 15.31001 33.10332 14.44744 0.04012 10.47077 13.50829 9.97407 33.95656 31.10689 22.86259 15.11971 18.68606 26.45124 7.12847 25.40954 33.69197 27.51529 17.44207 23.4335 30.15077 7.37276 11.45102 7.9345 12.30775 11.16492 33.06436 8.29045 17.60082 13.89041 27.69933 0.0 17.23655 0.0 28.5461 
1000.0 18.30769 10.57515 32.23139 0.0 23.16853 33.15631 33.11487 29.24123 10.47868 16.8515 14.00252 0.0 14.4666 24.04444 19.39077 7.67457 15.75352 33.03577 18.99847 0.02939 12.52125 31.85632 32.55736 12.67742 27.85534 32.96741 18.07241 29.74084 20.84856 20.37909 24.08377 12.54064 20.18683 17.8144 16.66823 26.32533 31.19061 23.82275 6.88193 24.267 19.26045 31.73403 7.02201 23.25656 20.02752 12.73891 0.0 33.2593 0.0 19.5562 
1000.0 29.05411 10.40791 7.84613 0.0 13.82556 29.43118 7.15886 8.05497 17.8935 8.74256 23.62302 0.0 26.98211 31.59715 33.97759 7.90064 9.36501 19.84324 21.59494 0.01921 12.63045 19.61444 19.6455 21.31696 32.13424 21.0311 18.79493 23.49979 32.24011 26.45219 13.65269 15.30861 26.36817 15.95504 31.21844 11.86364 21.7516 16.90518 21.53811 23.37143 18.76212 9.53871 28.9674 16.29786 22.80038 8.81276 0.0 9.7776 0.0 9.66504 
1000.0 18.44749 21.38729 33.20867 0.0 8.61114 29.77599 23.42759 30.94937 32.02243 25.31467 16.61317 0.0 10.46294 29.51468 14.77851 26.77633 28.3274 27.83642 16.75753 0.03122 18.82548 20.64752 25.63793 27.46439 26.23854 22.01662 11.42633 12.2176 26.02875 26.66159 8.07793 23.97365 16.97384 17.63009 25.47222 27.1541 30.6584 24.69064 19.01432 23.85865 30.23789 13.74151 7.35457 12.35686 22.75409 9.21048 0.0 25.53007 0.0 25.88884 
1000.0 22.21827 32.25924 17.99056 0.0 30.38093 19.81118 23.27711 10.01703 19.12049 19.10105 10.84296 0.0 32.80793 33.38657 12.36457 16.59626 33.03945 12.82688 23.27301 0.01413 18.39405 24.69153 21.7274 28.3968 31.59675 24.56799 23.5925 22.33305 7.45144 12.24006 26.09061 26.28051 12.62098 22.14652 17.85276 10.91899 29.44462 28.06105 15.36245 30.89494 13.8489 7.79336 26.67007 32.19869 10.35113 30.21987 0.0 19.12662 0.0 28.33811 
1000.0 0.0 0.0 0.0 26.52999 0.0 0.0 0.0 0.0 0.0 0.0 0.0 8.53858 0.0 0.0 0.0 0.0 0.0 0.0 0.0 0.0 0.0 0.0 0.0 0.0 0.0 0.0 0.0 0.0 0.0 0.0 0.0 0.0 0.0 0.0 0.0 0.0 0.0 0.0 0.0 0.0 0.0 0.0 0.0 0.0 0.0 0.0 22.2731 0.0 20.86818 0.0 
1000.0 9.78763 26.82975 23.88478 0.0 16.88209 13.3342 25.97445 20.36448 28.83378 26.4622 16.93673 0.0 22.10816 30.65028 18.18952 14.53105 18.45145 22.21465 23.69572 0.02188 14.34979 32.98399 10.76371 17.42444 17.87031 11.33476 14.01884 20.30423 32.2856 8.53625 27.96474 33.16263 8.21531 29.43359 25.67759 17.29503 19.77312 16.76241 15.94866 14.70504 20.22758 23.15489 22.63245 28.57222 22.31318 7.05319 0.0 7.19404 0.0 21.83039 
1000.0 0.0 0.0 0.0 10.978 0.0 0.0 0.0 0.0 0.0 0.0 0.0 32.37199 0.0 0.0 0.0 0.0 0.0 0.0 0.0 0.0 0.0 0.0 0.0 0.0 0.0 0.0 0.0 0.0 0.0 0.0 0.0 0.0 0.0 0.0 0.0 0.0 0.0 0.0 0.0 0.0 0.0 0.0 0.0 0.0 0.0 0.0 18.59668 0.0 33.81947 0.0 
1000.0 32.67301 27.62966 23.08334 0.0 28.28685 23.51447 12.14231 9.69046 32.26572 20.45553 7.02768 0.0 25.73577 18.69674 32.69395 18.48728 9.25596 13.97139 9.51387 0.01079 23.37882 24.25377 28.13468 32.6084 15.81093 11.49642 16.24141 28.11726 22.88956 15.32198 29.84176 13.73931 31.19473 7.43446 33.95978 16.06277 32.05382 12.27974 24.54604 33.62186 20.49892 24.36839 21.80869 31.87413 9.65407 15.89285 0.0 22.52749 0.0 13.79426 
