1000.0 1000.0 1000.0 1000.0 1000.0 1000.0 1000.0 1000.0 1000.0 1000.0 1000.0 1000.0 1000.0 1000.0 1000.0 1000.0 1000.0 1000.0 1000.0 1000.0 1000.0 1000.0 1000.0 1000.0 1000.0 1000.0 1000.0 1000.0 1000.0 1000.0 1000.0 1000.0 1000.0 1000.0 1000.0 1000.0 1000.0 1000.0 1000.0 1000.0 1000.0 1000.0 1000.0 1000.0 1000.0 1000.0 1000.0 1000.0 1000.0 1000.0 1000.0 
1000.0 26.42771 9.60545 8.73027 0.0 28.43741 30.28166 13.29625 22.41021 25.66114 14.84941 29.89086 0.0 18.29772 17.545 13.03187 27.0622 21.64423 18.40146 29.97177 0.0344 21.95133 24.75146 19.48221 23.94526 11.73653 26.70788 10.11114 14.36785 32.32342 19.35287 29.91154 28.81813 11.2427 7.7293 23.01945 29.94484 20.83907 25.81653 19.87467 11.13358 22.00533 23.56685 26.42026 19.84194 19.33855 7.45891 0.0 27.15182 0.0 26.77817 
1000.0 29.06523 9.92287 22.05836 0.0 23.79392 25.46181 22.79797 29.31302 12.29992 31.30125 29.08873 0.0 11.02287 25.19573 31.61085 27.87248 28.64131 10.48504 17.90989 0.02015 29.35158 24.10616 32.03214 27.60817 26.73639 33.29801 13.3081 24.50648 29.74469 14.55636 31.5975 19.09083 30.21272 22.02366 13.13729 10.46691 10.44264 12.51551 30.23985 17.95896 24.94364 11.79498 22.50927 18.98507 33.46834 17.29604 0.0 19.63555 0.0 22.02241 
1000.0 15.12186 30.69435 30.25235 0.0 23.66348 33.03531 17.39999 16.08407 28.51914 12.06531 22.22216 0.0 19.0451 19.20019 17.03022 15.53602 32.81302 32.46803 10.66447 0.03506 19.63861 21.50064 32.06323 21.09209 12.13581 33.4468 27.21786 26.33886 7.40985 14.64946 21.93197 28.529 34.40068 21.17383 24.73642 10.22035 8.99273 24.30664 32.70129 31.37063 25.78263 24.98879 33.47345 26.57941 13.84192 23.19067 0.0 19.80879 0.0 20.49739 
1000.0 0.0 0.0 0.0 29.5323 0.0 0.0 0.0 0.0 0.0 0.0 0.0 11.41379 0.0 0.0 0.0 0.0 0.0 0.0 0.0 0.0 0.0 0.0 0.0 0.0 0.0 0.0 0.0 0.0 0.0 0.0 0.0 0.0 0.0 0.0 0.0 0.0 0.0 0.0 0.0 0.0 0.0 0.0 0.0 0.0 0.0 0.0 19.97776 0.0 12.5843 0.0 
1000.0 15.11347 33.49489 27.96949 0.0 11.26893 28.32677 22.89214 9.14514 33.54031 27.64266 28.2647 0.0 21.8849 8.36995 7.42487 26.96845 14.49038 20.877 18.38757 0.03265 30.46757 17.39878 8.07055 13.566 10.76714 15.16047 24.45273 29.69536 17.50199 30.7774 19.66348 30.11986 31.72496 24.10233 29.36172 13.92088 17.25519 16.15505 11.81674 26.33546 20.75295 15.03993 32.98189 20.86756 32.37262 32.13706 0.0 10.44384 0.0 28.63431 
1000.0 11.9499 24.39688 21.47306 0.0 19.40627 31.79375 24.69318 25.80474 16.62156 13.43635 33.99747 0.0 8.74292 12.23071 30.29373 22.10747 26.12495 15.93061 33.91729 0.02495 11.87279 16.72704 25.41369 15.94891 10.80174 30.95145 29.63726 17.05585 20.51542 25.90934 28.94087 12.55829 9.49982 34.18648 16.04411 15.19647 18.48829 30.08748 9.83723 23.63369 19.87554 10.15532 12.0665 30.67551 33.62676 7.06359 0.0 25.27508 0.0 11.24894 
1000.0 30.12043 21.2533 34.34739 0.0 32.44811 7.59412 20.08599 7.38026 32.15012 27.00635 27.91788 0.0 17.38279 12.00971 25.79423 8.32398 23.78397 7.89753 20.73106 0.01324 26.99482 9.53465 8.53555 19.08552 24.97318 30.75907 21.64849 13.38534 33.45861 8.2887 31.52189 30.94692 12.04943 29.13815 28.82372 18.78883 28.4428 32.32337 28.12493 24.4026 22.51419 9.02144 19.83171 22.28006 28.04826 15.79168 0.0 25.22696 0.0 25.13566 
1000.0 11.17682 7.68479 26.57529 0.0 23.84668 9.33957 33.65755 25.73774 16.62246 21.35471 15.87355 0.0 21.09215 15.62907 30.66842 24.82911 24.61182 18.86249 20.82867 0.01906 27.34943 24.10006 19.55989 19.70053 29.04682 20.93579 32.03138 27.33488 13.74536 33.55188 14.02399 33.88324 23.78815 21.23358 14.62369 25.26577 28.91022 11.28484 7.31622 33.14195 31.87721 8.49191 23.65916 33.65509 12.33745 23.17936 0.0 11.15834 0.0 29.96803 
1000.0 9.62431 30.08243 28.83287 0.0 12.51716 18.28443 30.65077 15.50738 17.69774 31.98218 10.98076 0.0 34.11724 12.00504 16.20103 7.49691 22.65049 29.52413 18.88408 0.01568 22.95187 30.22563 31.14651 30.72493 23.48037 19.02335 19.89644 28.45117 13.20718 18.81017 22.38052 7.43848 9.83744 17.06115 26.55871 10.35324 26.73225 23.18474 34.23213 30.87589 13.3201 17.91861 22.31992 22.75379 12.39876 31.39137 0.0 25.55753 0.0 23.94129 
1000.0 29.80248 22.14137 21.32161 0.0 21.20429 14.37444 21.34338 20.11701 30.34286 20.63723 7.82734 0.0 30.70016 12.68802 12.04863 27.57443 32.94968 21.10333 32.08132 0.01773 27.34149 21.44171 22.42445 13.02377 10.71412 14.76517 20.04173 28.18542 33.56258 31.15207 18.41284 10.42393 11.71666 16.08233 6.90252 9.49627 26.1747 24.10843 25.36745 21.29389 22.38503 28.20693 14.49701 7.81843 18.3662 12.01229 0.0 34.35147 0.0 14.29268 
1000.0 22.09026 29.52578 21.83387 0.0 13.24387 21.24367 11.01751 24.23632 30.603 24.56131 9.3356 0.0 21.9247 20.10027 13.0569 10.72933 29.40629 18.06612 21.82046 0.01457 8.67948 34.12488 19.52314 32.40452 7.59879 31.89138 12.08403 23.89782 22.78129 10.12018 19.17133 23.01621 12.37221 15.70742 10.6509 25.54253 17.17965 12.68513 25.76823 30.23211 8.96239 30.6687 25.72868 23.87011 11.02754 13.51101 0.0 15.21734 0.0 27.2346 
1000.0 0.0 0.0 0.0 27.92419 0.0 0.0 0.0 0.0 0.0 0.0 0.0 13.38198 0.0 0.0 0.0 0.0 0.0 0.0 0.0 0.0 0.0 0.0 0.0 0.0 0.0 0.0 0.0 0.0 0.0 0.0 0.0 0.0 0.0 0.0 0.0 0.0 0.0 0.0 0.0 0.0 0.0 0.0 0.0 0.0 0.0 0.0 22.12199 0.0 21.39693 0.0 
1000.0 12.11768 22.37064 18.10525 0.0 9.17256 9.90855 10.03984 12.84128 31.36376 33.70411 27.35286 0.0 33.16334 11.75393 20.33757 24.57266 19.72552 31.76449 34.02186 0.02969 32.58661 16.18829 29.18493 30.9391 30.15098 26.33778 32.38842 29.77633 9.96782 23.83574 22.02267 30.33895 19.429 8.81904 26.9404 15.72574 10.068 26.73023 23.34203 13.99665 13.0585 29.08954 30.22753 9.29208 14.97669 24.48144 0.0 17.11214 0.0 25.24874 
1000.0 22.71555 14.86747 14.85627 0.0 14.60621 27.14658 28.06481 31.73835 24.6058 27.42624 13.07918 0.0 18.6989 25.25417 8.695 30.93829 17.60043 28.51656 22.4258 0.01454 21.77555 29.49546 15.08822 28.47237 29.08563 15.97942 24.64773 8.46148 13.356 21.8591 27.59967 25.11942 28.5531 10.57521 21.77689 33.71313 28.10225 24.1928 10.47631 31.03744 20.99633 7.37121 13.49541 16.83634 7.05475 9.25028 0.0 7.20035 0.0 9.81581 
1000.0 22.75819 13.55877 22.02979 0.0 18.69208 8.73813 15.73229 11.56224 28.908 12.73258 26.1233 0.0 19.56718 9.38914 22.75781 9.51998 34.22595 12.75932 20.81429 0.02952 9.59349 26.05907 18.23886 12.38178 23.02019 19.48 19.48579 22.22266 17.30314 8.60414 26.77731 7.38314 18.54151 16.82682 13.80547 24.45776 21.9758 13.83913 30.8973 21.99728 33.60155 34.3711 29.22036 16.7806 12.58878 17.33734 0.0 11.74422 0.0 16.31447 
1000.0 15.38544 15.17231 11.38578 0.0 8.67703 17.5687 33.11248 10.69913 9.34088 31.49558 23.96491 0.0 10.41334 27.84565 18.54237 19.27916 12.37833 18.66071 16.09013 0.04078 10.20521 31.56916 32.74722 26.16644 13.65817 19.06669 33.04619 24.23607 22.68569 20.5 34.08651 15.23244 14.64343 31.83445 23.01372 6.95608 27.10892 20.36083 29.79189 33.18979 30.47221 19.55446 18.59959 30.3448 22.92209 8.35921 0.0 7.88859 0.0 31.74115 
1000.0 32.69242 33.59181 26.25168 0.0 30.65678 13.78415 7.12548 28.78848 30.03115 12.08232 22.56638 0.0 9.60349 10.43667 15.60531 32.63363 21.14718 26.25091 25.62481 0.01987 25.10569 13.76733 28.29917 27.04351 15.47112 34.36011 19.94579 29.77241 27.84062 27.63274 12.54825 9.16915 25.61096 14.08064 29.10109 23.23211 27.50622 23.29729 14.63215 29.82094 15.96669 9.08117 24.44124 12.4622 9.26541 11.153 0.0 27.97312 0.0 27.42584 
1000.0 24.63119 15.22207 29.70229 0.0 16.9083 12.59535 14.2208 8.41433 19.23165 21.59666 22.31344 0.0 22.22971 23.3017 25.56249 16.92619 28.75414 18.68668 28.84259 0.04132 20.09655 31.05516 31.47294 10.81069 11.4435 30.85786 13.12141 24.07493 25.81749 15.68817 20.43567 7.25413 27.87214 10.14273 26.34281 12.19948 14.4665 20.96265 29.37867 18.83446 21.10615 25.07224 32.83962 25.22745 22.13106 28.62455 0.0 14.61904 0.0 20.95298 
1000.0 7.68209 10.41591 25.02789 0.0 21.58024 21.55358 8.10697 22.46383 20.97869 28.2988 13.73145 0.0 11.00278 8.78522 20.5196 21.12989 32.76185 21.18319 33.38474 0.01784 30.58398 7.33499 23.96675 16.89814 14.22665 9.07524 10.05305 27.10699 22.55303 15.40722 12.20005 24.77651 26.00574 16.91927 13.195 18.10741 15.95822 20.59897 7.79716 11.04353 33.04176 30.23492 12.91961 15.08301 19.95481 18.35271 0.0 16.93916 0.0 27.34493 
1000.0 0.13453 0.11629 0.14867 0.0 0.12047 0.0395 0.13571 0.12478 0.0394 0.13016 0.14488 0.0 0.10562 0.05457 0.04148 0.09938 0.04146 0.05616 0.11687 20.43985 0.03959 0.11189 0.06433 0.1082 0.084 0.14862 0.05686 0.05993 0.15297 0.11497 0.14247 0.06446 0.12184 0.0488 0.13907 0.09417 0.15673 0.07923 0.09941 0.05761 0.05152 0.1272 0.10391 0.07943 0.06513 0.07568 0.0 0.09603 0.0 0.0953 
1000.0 22.55327 13.05663 16.69695 0.0 25.40264 34.4643 7.62358 22.61265 15.35093 13.25494 15.92681 0.0 28.87819 33.51142 17.80503 24.78218 29.5109 8.75633 26.62258 0.03475 7.98731 32.18719 8.40643 33.68796 18.38448 27.85682 30.92141 23.46017 26.27596 32.10018 29.17025 33.81908 15.9912 30.37633 21.77866 21.68595 31.63821 16.71947 23.31176 12.13813 11.54924 28.85396 14.10636 7.19496 9.06205 24.46355 0.0 31.42552 0.0 12.21445 
1000.0 25.80237 30.79436 23.23626 0.0 30.13673 28.86604 23.25648 14.52418 11.1034 16.52734 18.68294 0.0 14.29539 17.9695 8.45421 13.29719 21.49014 18.28624 17.94727 0.01162 23.06961 26.54263 9.62132 18.79646 22.79381 13.10408 10.67483 10.16862 19.091 11.86572 22.34795 16.06535 34.23688 23.58703 26.27746 8.51167 22.16888 20.3181 9.06496 16.21001 18.85671 25.39191 24.74165 30.53158 34.15413 15.25836 0.0 11.80868 0.0 20.5649 
1000.0 29.45377 26.66133 14.78654 0.0 29.51796 7.03377 20.10232 33.21557 33.5962 19.75663 27.23815 0.0 26.70682 33.38921 18.93775 31.55439 13.75716 20.85395 22.05653 0.02224 21.36567 21.14202 11.37847 15.13395 21.62333 21.49426 14.2448 8.13987 33.52121 18.99794 15.278 19.98329 10.86242 15.5507 19.66705 23.75155 10.53185 25.88776 21.27991 22.9586 7.50234 23.30008 22.97292 24.88109 15.35517 22.04867 0.0 23.26084 0.0 33.0147 
1000.0 32.73168 31.41533 13.51506 0.0 25.58833 17.64009 14.97308 9.31545 33.11765 27.58211 32.419 0.0 9.21191 30.00912 23.92198 24.22905 9.42229 32.98901 30.83439 0.01141 15.32592 20.89125 24.47432 8.98151 20.24935 11.46385 17.6239 32.52145 26.92481 8.97976 29.86609 16.80676 7.47056 20.87875 27.38214 16.29474 10.46927 20.08272 31.02816 27.33895 31.36633 25.47307 8.35552 9.71611 31.31825 16.62373 0.0 29.82928 0.0 9.68543 
1000.0 9.34221 12.04672 9.99296 0.0 16.05715 23.28994 30.57811 32.498 17.78332 13.5162 26.17626 0.0 23.99958 19.51965 13.88978 15.00327 7.18814 32.09342 15.51953 0.02399 12.9817 8.18746 22.89293 9.44226 9.32918 32.33686 33.80617 33.28263 21.16301 21.94578 12.3466 29.29919 9.92479 17.74717 8.74503 22.11771 24.94374 28.85269 9.02803 13.92769 14.15927 16.16743 24.90435 32.73474 18.87231 30.46937 0.0 14.84501 0.0 21.95477 
1000.0 17.83887 19.14125 18.64747 0.0 12.52887 15.28705 24.63865 30.1517 33.01743 19.07782 9.18153 0.0 9.08429 15.00414 26.47887 10.61681 10.81133 26.05214 26.34513 0.02523 23.88779 32.79141 23.07638 8.84853 9.75169 7.84645 10.9258 12.87905 26.1688 14.96764 28.80022 19.53756 29.39761 23.11805 29.81355 14.8581 20.61584 26.13434 29.45693 16.14663 25.04688 34.03559 14.60679 9.68057 9.75224 12.46219 0.0 9.80088 0.0 27.88325 
1000.0 28.40417 9.6414 29.73061 0.0 11.96883 7.59868 31.89328 22.71304 15.53392 10.667 15.84971 0.0 21.03909 32.7381 23.23709 20.41764 18.99985 30.02625 19.16018 0.02832 31.69632 9.7123 26.97717 16.67411 7.85405 20.59395 9.93173 16.2372 31.3725 27.85232 13.79951 19.38703 21.83404 17.37753 23.20206 25.35238 10.50368 12.70305 29.99793 13.21677 27.73618 18.04093 24.04061 21.01554 29.17935 6.99578 0.0 28.49059 0.0 23.06843 
1000.0 23.7986 25.6834 29.73019 0.0 31.19093 9.37116 20.45862 15.71364 27.32959 27.46764 31.46041 0.0 30.19381 13.77338 12.79582 32.00976 28.2671 16.17847 30.64565 0.01184 32.40268 15.92747 14.91346 28.06514 28.74918 12.762 29.14864 18.13368 21.79136 30.15507 11.10814 21.08175 21.77446 9.82776 7.81719 24.41492 9.63697 12.38484 29.84199 16.67595 28.89767 18.06369 20.65538 31.57098 10.23355 20.64679 0.0 32.50863 0.0 28.40401 
1000.0 19.38796 7.31873 32.0974 0.0 29.72323 8.69422 8.62503 14.82546 26.61943 9.62133 18.79394 0.0 12.64573 18.26098 14.12275 13.89015 25.8804 28.70108 7.99295 0.02959 13.60374 17.07396 17.65069 18.88739 27.53382 32.7979 15.71662 11.05048 8.65458 33.1014 33.91334 17.14969 19.296 21.78631 31.02049 19.47066 12.28036 32.22502 33.06174 7.64258 30.06904 22.06141 16.76537 12.31459 25.49173 31.01815 0.0 14.13206 0.0 18.5267 
1000.0 6.98127 28.31237 33.62778 0.0 23.32872 21.88211 30.82392 23.98109 22.9081 27.0122 19.54876 0.0 16.33596 30.4996 21.69061 17.54864 32.83598 28.91994 8.58547 0.01935 33.9066 16.45742 25.22113 7.95269 8.25046 16.12231 23.89503 20.7618 12.90191 19.79709 24.13733 18.26892 19.96371 7.36392 16.02099 31.07542 31.62437 20.76119 22.26839 17.63073 7.04507 10.63158 33.96618 33.65368 13.71061 21.65174 0.0 30.12254 0.0 29.77048 
1000.0 33.00449 27.54502 13.15626 0.0 7.48749 14.23679 17.63502 23.97927 7.61855 28.45966 31.32533 0.0 25.49772 10.71745 32.99091 28.80137 30.79416 14.57323 13.15883 0.01292 8.35222 15.66491 29.21261 10.16742 7.75386 31.39656 13.38385 27.81515 8.27938 21.16751 33.26244 11.41687 26.74885 18.85031 31.16892 8.04786 9.85087 29.49646 29.34106 8.1157 20.23067 19.66103 28.49462 19.0229 10.24556 20.61465 0.0 21.89721 0.0 29.56262 
1000.0 27.26298 7.9401 23.7487 0.0 9.95932 28.94896 33.87606 8.2053 15.67302 24.609 16.5893 0.0 8.29556 22.8863 11.30211 16.34655 19.97456 33.05223 18.07782 0.03551 29.2476 20.96185 18.11173 25.44845 12.32682 9.79768 8.08839 12.73331 19.60814 11.06973 21.29721 8.33724 18.75888 24.9039 24.60794 24.31234 24.00257 15.69973 19.83995 20.57175 26.66088 21.72619 33.98777 19.71881 26.40696 19.03715 0.0 31.67283 0.0 10.20147 
1000.0 21.62967 28.08608 15.01781 0.0 29.04101 29.63368 30.02756 33.40092 33.50568 7.91604 9.9509 0.0 33.28397 26.41086 17.36948 28.8279 12.44293 18.59602 14.1018 0.01073 26.85698 31.34848 26.91556 8.8764 13.80898 17.13359 9.33505 9.38541 21.07516 24.35378 11.69768 31.65291 19.88218 14.93778 19.04907 11.31947 25.83256 30.27463 34.25195 34.44836 7.97312 19.50792 22.96614 19.57425 32.86339 16.37187 0.0 20.74863 0.0 28.82136 
1000.0 28.94884 33.81794 19.67306 0.0 25.30494 27.57648 24.71995 33.41997 22.85864 9.10095 22.31268 0.0 27.46624 26.93851 34.40728 29.65165 23.1611 29.08536 20.2413 0.03536 14.99333 27.7304 15.8641 25.32255 33.63184 17.76459 22.80672 30.42408 21.70929 29.97861 28.74449 17.42831 7.19527 7.82007 19.78733 31.73576 31.87877 14.23146 18.25672 21.7582 33.9669 19.64076 34.24208 24.5398 17.60511 20.33607 0.0 33.83527 0.0 10.39445 
1000.0 31.50804 16.71301 7.23169 0.0 13.20476 32.96364 34.34857 8.22045 19.28917 31.13313 7.82831 0.0 24.03674 25.76956 12.31829 22.28042 13.17191 22.7809 13.12757 0.03562 27.71026 15.80927 31.64119 8.86641 27.00241 30.51056 32.07466 20.01051 15.15763 28.85086 26.43902 13.82515 7.02661 29.6045 31.22278 12.7531 6.90029 25.96731 8.01982 22.09608 8.20333 19.21573 31.00763 21.73137 23.04792 25.08946 0.0 9.32036 0.0 22.90508 
1000.0 13.21282 19.2183 16.69414 0.0 28.2095 18.71289 15.55886 31.20628 28.22612 16.64341 22.3429 0.0 28.66616 28.17542 19.96519 7.61637 33.39354 12.77062 29.64393 0.01811 9.89391 11.59555 34.20943 28.49228 28.25875 15.63826 28.97755 11.10503 15.68646 22.66129 30.66514 13.43202 20.81924 24.72614 18.34294 33.65174 19.70061 8.20492 21.19836 32.34317 8.20793 26.86838 22.06776 28.27549 22.28683 27.07563 0.0 21.17431 0.0 17.84325 
1000.0 32.21641 7.72532 28.28197 0.0 29.82101 12.27328 10.72415 8.3241 19.77896 12.78532 31.38435 0.0 29.17791 33.64201 33.03069 29.31721 19.84978 11.20397 22.78212 0.02601 15.49527 18.48207 13.68096 33.73529 32.49263 20.97185 9.28835 8.82644 19.19443 25.09846 33.70508 21.63164 20.06356 26.5161 29.04563 19.02838 34.04987 12.02321 33.6629 23.22964 13.85089 10.402 21.11747 20.27211 8.82344 7.64317 0.0 8.80658 0.0 7.54068 
1000.0 15.87187 25.25573 17.8723 0.0 21.65377 17.19389 26.25322 23.65322 8.28849 27.24512 21.96646 0.0 14.81714 31.91308 13.80277 20.91404 23.09868 22.03538 11.11143 0.01225 30.7349 22.6769 18.01157 22.70083 19.53181 27.62969 34.16448 8.17828 23.54752 19.40248 15.52171 21.04435 11.20592 34.12613 14.86673 16.41299 26.68766 11.96948 25.25109 25.15536 24.94942 32.38836 19.62297 22.03587 8.21221 26.10369 0.0 17.6973 0.0 29.61463 
1000.0 6.94661 18.82343 9.3694 0.0 10.56688 9.78734 22.68226 25.11422 12.91363 14.60618 7.22861 0.0 31.43967 25.95931 14.88639 30.56777 19.409 34.05305 14.51156 0.02097 10.39145 7.34048 23.8805 11.02522 14.30066 31.62139 11.4444 12.54074 27.70016 22.54571 10.53506 27.95271 12.55994 9.93898 18.34842 17.59618 15.4436 27.25536 9.25092 14.45371 11.15598 30.52383 17.22286 14.46389 23.87184 14.55862 0.0 10.36939 0.0 8.75575 
1000.0 31.65451 18.21756 33.89341 0.0 8.34573 17.82922 13.48997 9.92891 29.86549 19.68129 29.41371 0.0 31.67233 16.1931 16.55109 26.76441 32.22652 27.28231 8.41017 0.04066 27.51297 16.9658 23.40644 32.38421 12.586 25.38549 20.34969 21.92017 27.15591 32.81139 21.6158 10.9633 27.18007 23.62852 10.06696 30.25174 24.40409 7.73258 23.09842 29.72055 20.2281 25.53849 34.20777 21.46469 16.09846 24.75791 0.0 20.61318 0.0 9.33779 
1000.0 7.12718 24.35103 22.29023 0.0 21.43276 19.58751 26.40428 13.7744 22.44457 11.06382 20.94323 0.0 13.08366 15.70582 23.62298 30.40457 16.86325 20.18415 23.21838 0.0409 16.90005 23.19413 18.781 7.03191 15.09735 16.10048 7.15336 33.50006 9.21723 13.41308 23.85051 11.82169 12.28899 21.65612 23.66413 20.55161 28.84236 23.78303 11.70284 19.5091 32.85927 16.32075 7.9829 10.1735 19.09874 7.71104 0.0 31.17848 0.0 10.08537 
1000.0 29.08738 16.03292 26.85149 0.0 11.14298 31.31944 14.64935 34.10045 25.49418 9.13008 26.41392 0.0 11.11785 28.16718 17.10467 11.1559 32.70316 22.45505 25.48139 0.01905 24.34405 18.187 10.92943 7.37131 12.89094 31.4075 8.15555 29.71205 25.83219 20.12048 12.56093 24.20396 20.43698 24.01306 19.34329 27.10347 9.3886 17.40168 29.6985 32.69794 11.77091 14.77288 22.88877 12.3646 29.00275 34.00185 0.0 10.23809 0.0 15.08166 
1000.0 17.61091 28.30752 31.81145 0.0 14.32653 8.50924 14.48095 24.53068 17.30541 17.96263 17.50455 0.0 17.89261 23.80594 9.22349 18.89594 31.40677 24.26033 32.92981 0.03676 18.31611 20.07376 28.4567 22.06123 26.98739 19.86903 19.47588 18.15639 25.8588 23.89363 16.79024 10.20895 7.06848 7.07286 31.06498 12.52119 25.67344 18.03972 12.8724 25.98244 13.08352 32.11968 23.53888 28.77657 9.6443 26.59726 0.0 8.4102 0.0 11.86364 
1000.0 24.26404 13.79538 30.05435 0.0 30.76029 19.43888 8.4198 7.79905 22.80268 31.57337 7.82278 0.0 33.9882 25.41046 33.01204 8.52789 11.37466 9.08331 11.63864 0.02549 24.05025 14.69082 15.60691 16.89954 16.45205 15.39605 21.40327 16.44849 27.71287 23.46779 10.78018 30.8114 9.32908 29.0457 9.94434 17.08832 27.82018 17.04593 26.11585 30.15022 27.13244 31.74675 14.03454 24.79273 24.00285 12.56533 0.0 14.58704 0.0 13.05316 
1000.0 18.93809 13.28945 17.06404 0.0 8.62557 8.09721 30.58139 14.80156 14.27885 29.16786 14.67642 0.0 28.88779 17.01114 29.71136 26.90865 11.7713 29.72478 21.97549 0.03859 26.5903 23.28515 28.4864 10.04641 12.45306 17.17443 23.92999 27.24196 22.13988 8.67858 8.01116 15.9344 27.80225 20.0618 6.96799 20.81768 28.08077 33.41439 9.77528 16.14488 12.05301 32.04039 30.33611 6.92898 28.2649 30.98397 0.0 31.15338 0.0 22.72492 
1000.0 31.2135 24.51499 25.29674 0.0 25.82152 26.64587 34.35264 33.33064 16.96472 30.15564 24.79722 0.0 28.28314 21.60078 31.06529 11.63173 32.15929 8.47963 33.05981 0.02003 25.98109 27.26693 33.22719 32.12072 28.4593 32.64746 24.62961 13.68811 33.26098 21.83413 20.32153 23.32717 17.78522 8.73178 24.3326 18.18577 32.43839 21.36002 23.59918 13.47632 30.44773 33.21041 17.26469 30.34962 18.46553 8.48452 0.0 24.21852 0.0 13.19768 
1000.0 0.0 0.0 0.0 18.93739 0.0 0.0 0.0 0.0 0.0 0.0 0.0 24.02118 0.0 0.0 0.0 0.0 0.0 0.0 0.0 0.0 0.0 0.0 0.0 0.0 0.0 0.0 0.0 0.0 0.0 0.0 0.0 0.0 0.0 0.0 0.0 0.0 0.0 0.0 0.0 0.0 0.0 0.0 0.0 0.0 0.0 0.0 7.97118 0.0 10.96174 0.0 
1000.0 28.28529 13.56625 32.85985 0.0 19.80131 25.16297 23.085 26.76314 17.69657 28.42848 15.86824 0.0 12.05317 14.97005 28.73259 18.17253 32.81236 9.66129 12.29697 0.02251 23.72449 29.89677 26.98132 32.76379 26.07135 11.31244 19.86233 24.57773 21.3589 23.60127 16.50717 11.94955 23.53957 32.90875 13.73326 23.63477 26.70741 15.93862 22.55015 29.40314 13.36211 12.53003 16.09848 11.70165 30.1728 15.41154 0.0 25.17601 0.0 8.00299 
1000.0 0.0 0.0 0.0 28.32892 0.0 0.0 0.0 0.0 0.0 0.0 0.0 27.76711 0.0 0.0 0.0 0.0 0.0 0.0 0.0 0.0 0.0 0.0 0.0 0.0 0.0 0.0 0.0 0.0 0.0 0.0 0.0 0.0 0.0 0.0 0.0 0.0 0.0 0.0 0.0 0.0 0.0 0.0 0.0 0.0 0.0 0.0 10.52479 0.0 13.07578 0.0 
1000.0 16.60598 29.43433 15.54786 0.0 31.92733 21.18061 28.68559 32.74208 24.94708 28.28831 28.1062 0.0 30.82354 24.53256 12.60746 20.07174 16.94002 20.28903 29.15448 0.03667 10.45734 25.65371 10.19912 15.49742 21.74718 28.10697 9.98615 16.35505 31.29111 22.83222 28.16856 26.51456 12.89921 17.44373 31.34997 11.4596 21.59003 33.01022 20.56402 11.7454 34.29802 18.17272 23.37836 8.83295 28.22391 21.99112 0.0 22.06121 0.0 20.67296 
