1000.0 1000.0 1000.0 1000.0 1000.0 1000.0 1000.0 1000.0 1000.0 1000.0 1000.0 1000.0 1000.0 1000.0 1000.0 1000.0 1000.0 1000.0 1000.0 1000.0 1000.0 1000.0 1000.0 1000.0 1000.0 1000.0 1000.0 1000.0 1000.0 1000.0 1000.0 1000.0 1000.0 1000.0 1000.0 1000.0 1000.0 1000.0 1000.0 1000.0 1000.0 1000.0 1000.0 1000.0 1000.0 1000.0 1000.0 1000.0 1000.0 1000.0 1000.0 
1000.0 25.15292 36.1746 17.73751 0.0 28.386 28.49285 19.95474 13.18919 16.40548 18.61901 27.98089 0.0 19.27666 25.15639 28.37305 34.30915 20.99598 20.23974 8.38619 0.03494 18.49378 30.68298 13.68046 28.52987 25.32419 10.23944 16.13627 27.9636 29.40695 19.5614 30.58557 23.10915 27.79625 20.04889 31.90272 28.16582 18.72104 20.8075 33.94872 36.2731 23.10488 27.04553 37.64484 32.58365 25.81796 37.15522 0.0 15.29141 0.0 32.08463 
1000.0 24.00442 23.10496 29.5346 0.0 11.18715 34.04999 33.96075 13.15249 32.66113 35.6974 25.31304 0.0 21.22203 8.22512 34.741 37.11694 16.52802 17.96452 19.48107 0.0197 28.97041 18.37383 21.45063 13.68659 37.05339 18.54081 17.95406 27.11844 22.94481 9.44307 28.71058 8.02335 27.06919 9.63503 19.24318 31.97156 19.90554 28.5849 26.73067 28.03782 24.54571 9.53636 35.39426 9.96291 32.16458 11.68837 0.0 36.98851 0.0 29.58684 
1000.0 14.23125 34.29007 18.03684 0.0 20.75226 32.12156 11.8733 12.83844 19.55101 35.93267 15.35225 0.0 27.06452 12.80677 30.90197 8.80109 34.90957 25.19694 32.64936 0.01135 20.47234 22.2722 28.82678 32.02538 18.35872 18.39498 15.40483 17.14057 33.3435 30.92037 32.24845 14.49176 9.12023 13.75753 31.38182 31.33606 7.61206 22.67573 37.46841 10.90401 10.20851 29.05337 19.60808 34.91354 36.73419 23.31031 0.0 21.31947 0.0 17.32097 
1000.0 0.0 0.0 0.0 28.07587 0.0 0.0 0.0 0.0 0.0 0.0 0.0 16.77206 0.0 0.0 0.0 0.0 0.0 0.0 0.0 0.0 0.0 0.0 0.0 0.0 0.0 0.0 0.0 0.0 0.0 0.0 0.0 0.0 0.0 0.0 0.0 0.0 0.0 0.0 0.0 0.0 0.0 0.0 0.0 0.0 0.0 0.0 18.99239 0.0 27.40536 0.0 
1000.0 19.42118 25.24344 9.57933 0.0 32.96832 29.08888 30.34839 20.22333 10.7859 11.15565 19.79868 0.0 28.58884 35.22114 10.82343 16.31981 21.60508 13.49344 14.58049 0.02216 36.25297 21.51331 34.51822 25.93694 14.24682 8.90085 24.91715 11.19483 11.21358 28.17627 9.58633 32.03125 9.63484 25.63059 11.08461 20.50767 31.50538 22.4363 30.18957 19.87953 23.15867 8.21097 33.90297 36.65464 9.69844 20.43811 0.0 18.74106 0.0 28.53322 
1000.0 30.34189 29.1455 9.80956 0.0 13.22321 19.23833 31.34654 37.1556 15.35266 17.01242 15.27204 0.0 31.2382 23.02416 16.11689 15.27284 19.13638 35.41226 37.28049 0.02788 22.58541 11.64076 31.24316 12.66591 25.71704 22.24659 18.27773 33.9063 28.33748 29.97028 29.81668 24.06245 20.05881 28.07745 21.23144 22.53004 12.83697 34.51111 16.10579 32.91074 17.12213 17.62101 29.68616 36.14126 24.13863 16.47123 0.0 22.49954 0.0 17.36473 
1000.0 26.97666 30.69302 9.41994 0.0 18.83622 33.58514 29.05684 11.95724 35.15788 15.13655 22.13932 0.0 36.75602 9.92729 27.96385 26.59265 29.81089 11.93542 31.0102 0.01203 12.52183 10.29581 26.97215 15.60626 24.2434 23.70364 7.90289 34.14646 31.93633 17.86229 35.80047 24.1175 33.54691 14.12798 20.24479 21.37298 19.84254 25.76376 22.37193 12.86627 37.05938 20.62001 27.40074 29.32524 17.57993 22.20773 0.0 14.56561 0.0 14.14088 
1000.0 29.73237 35.17402 14.68489 0.0 35.15838 30.53126 21.21547 32.3573 8.4111 37.11099 23.14741 0.0 19.9996 14.50448 11.12478 11.73074 36.84524 30.14128 32.13433 0.01202 8.45282 31.46097 12.55031 22.05487 27.39626 21.06914 19.16818 10.47855 28.21385 15.00428 21.14322 20.58302 25.76435 34.39408 21.63592 14.51596 19.47063 32.8096 36.18283 21.53432 24.51358 11.23213 12.9673 34.99789 22.57928 15.95447 0.0 11.42568 0.0 35.82022 
1000.0 15.99292 18.82539 25.13597 0.0 21.10338 32.78677 36.80821 29.07372 10.61319 20.45118 26.28294 0.0 8.48443 25.0751 26.31472 25.34197 11.1918 30.51792 36.93612 0.03795 26.38963 7.92318 25.79094 34.37224 29.10708 20.51818 34.40204 25.44723 26.76727 10.2304 12.02713 19.22712 35.71869 24.01399 11.6069 21.98891 30.09252 9.18771 19.30359 21.15462 25.68891 37.2996 32.33101 30.88916 22.86108 15.19194 0.0 27.28459 0.0 29.26976 
1000.0 23.38575 11.52681 29.99361 0.0 8.55856 31.47029 19.41887 31.92371 20.36953 17.22407 21.71824 0.0 16.86664 32.74516 27.25817 27.91874 7.834 13.37549 15.48761 0.04244 24.42059 12.36238 29.70951 12.24023 22.9121 10.16767 8.22051 9.83062 13.61481 32.22862 12.49961 27.39651 24.94108 16.32525 19.00268 16.67227 31.51394 36.98653 25.99653 25.91776 21.54807 21.53189 36.88352 13.32977 27.86417 32.20559 0.0 31.70083 0.0 7.6068 
1000.0 29.56095 34.91683 24.18066 0.0 12.8668 27.33179 20.19752 19.62817 35.5823 36.61724 35.1149 0.0 32.52023 9.60694 21.60185 25.04842 15.29172 32.7919 32.71448 0.04087 20.4196 29.05919 31.17887 18.11006 9.92463 22.94745 9.94306 37.55727 21.40394 29.00404 26.50863 17.51167 18.18959 7.99144 22.25557 27.35455 33.09104 29.91323 21.52114 19.70328 36.96936 16.40814 17.71056 28.13889 37.34428 8.86521 0.0 37.47891 0.0 34.34042 
1000.0 0.0 0.0 0.0 27.74773 0.0 0.0 0.0 0.0 0.0 0.0 0.0 7.61125 0.0 0.0 0.0 0.0 0.0 0.0 0.0 0.0 0.0 0.0 0.0 0.0 0.0 0.0 0.0 0.0 0.0 0.0 0.0 0.0 0.0 0.0 0.0 0.0 0.0 0.0 0.0 0.0 0.0 0.0 0.0 0.0 0.0 0.0 32.16724 0.0 21.5134 0.0 
1000.0 25.24384 32.60092 14.78032 0.0 9.53304 19.60487 26.29268 23.85399 11.84389 27.19622 12.97168 0.0 20.97881 7.74528 32.38356 23.9697 20.79166 28.47154 16.2781 0.01815 32.37961 23.93406 20.305 18.22289 26.62511 22.78055 20.73684 19.38262 22.10148 13.16869 21.67508 21.34033 22.36517 8.29786 25.56114 21.42797 14.56075 27.34958 35.86675 14.39212 36.2877 32.4422 29.34451 13.07938 21.26347 9.25188 0.0 33.41684 0.0 26.81296 
1000.0 28.02441 16.40928 17.96218 0.0 28.13499 32.69306 11.84816 13.51412 10.28589 19.1695 32.71147 0.0 29.85713 22.39124 11.40991 19.65501 26.66613 29.78958 29.06154 0.03674 13.24721 25.82929 11.63793 37.20936 10.66349 35.58315 17.0145 36.40117 32.15677 26.99698 22.41103 28.38508 9.62753 22.7299 15.31477 23.37276 14.56047 28.40513 29.49582 21.82689 15.70402 33.10884 24.09464 11.62233 26.699 28.56566 0.0 35.65511 0.0 16.47794 
1000.0 20.37233 32.96119 9.30628 0.0 20.61596 26.47737 26.76334 32.06068 28.17265 29.761 28.31031 0.0 15.77511 25.29271 35.78718 31.92833 20.29581 30.07523 29.64466 0.03914 36.10346 17.46877 35.7017 37.71148 21.28433 32.13278 29.24506 21.67924 33.15995 13.18503 20.55141 20.01455 8.6073 10.27585 17.61665 36.02489 37.61643 33.68906 19.11278 13.51892 24.35703 16.96047 34.267 15.7757 25.03357 13.90637 0.0 11.4466 0.0 24.36862 
1000.0 25.52264 15.74933 12.15924 0.0 10.34779 9.03836 23.90964 18.40418 11.67452 12.57467 16.27386 0.0 25.2337 31.25867 9.07351 17.05898 35.32674 33.79627 36.92989 0.0153 20.93232 15.53295 18.01969 24.56022 31.69978 25.53225 16.6596 25.48339 24.45728 25.81295 27.78052 14.4219 29.20669 17.70507 27.45027 29.63 12.28987 24.96379 21.26114 11.03728 21.62445 23.97938 35.93122 17.63585 26.50086 34.21476 0.0 24.82927 0.0 25.97043 
1000.0 30.07629 27.41036 12.39974 0.0 37.60383 35.40225 32.57978 11.02174 9.79889 35.70981 10.51501 0.0 27.09397 34.13951 15.19007 22.57356 17.90163 19.72631 9.80281 0.02761 21.67568 16.32859 32.90234 17.47916 33.8514 26.00336 17.41004 10.34627 29.9128 27.23486 11.1136 22.50638 13.75102 11.53805 15.45482 19.66772 30.50472 32.09573 19.88899 23.35673 31.3148 8.63197 30.09091 36.15001 17.91973 8.18641 0.0 23.71006 0.0 13.06151 
1000.0 20.51833 17.43086 25.01228 0.0 36.31058 11.40607 16.69109 35.73174 28.76084 15.61869 29.17072 0.0 23.93437 25.14312 15.23367 33.83753 34.32272 13.86497 14.89598 0.02103 20.142 8.7348 14.51436 35.31157 32.07243 17.56962 31.85299 21.12282 9.74344 18.58506 18.92562 21.212 10.1442 28.17635 25.22307 9.11417 19.86325 30.43684 20.57812 25.04849 11.95196 11.09283 15.34657 12.20461 7.99837 28.61979 0.0 17.08432 0.0 34.92723 
1000.0 11.84433 8.65172 9.57805 0.0 7.59748 8.27891 13.96504 36.0469 33.38726 16.32426 8.1797 0.0 11.55715 10.26566 20.92026 15.67914 23.05471 15.4684 36.1193 0.02778 35.72034 8.44803 34.29998 18.06164 36.00126 33.9476 14.96883 24.38139 13.79011 35.04613 31.50223 27.65983 19.84253 18.15638 22.93636 25.998 9.49872 24.08293 22.97024 20.57173 11.22622 13.95593 35.22027 32.64462 27.4457 29.47257 0.0 33.39524 0.0 12.80696 
1000.0 0.08353 0.0364 0.1674 0.0 0.03786 0.15773 0.07893 0.15845 0.1646 0.09413 0.07983 0.0 0.07681 0.05146 0.04374 0.12758 0.04493 0.04307 0.10292 35.9287 0.063 0.0455 0.1476 0.17122 0.09203 0.14855 0.13493 0.10606 0.12188 0.06954 0.1451 0.16285 0.08177 0.05609 0.16573 0.05878 0.14336 0.06109 0.14303 0.07404 0.06062 0.15607 0.17012 0.10012 0.10583 0.15608 0.0 0.0469 0.0 0.10321 
1000.0 17.41562 17.56995 11.33142 0.0 34.5896 28.03101 32.14102 27.49745 32.39825 37.15545 13.42442 0.0 26.71943 31.26055 14.14674 8.91236 20.87067 22.42414 9.143 0.01973 18.20663 15.85178 15.88785 7.85238 22.88151 12.05399 18.93135 27.69269 28.58308 31.90951 23.27363 27.99729 25.31794 10.85239 10.1159 29.87614 20.63203 24.75501 17.45979 9.86085 14.36682 33.52446 12.70552 13.18853 33.36152 30.89421 0.0 21.78994 0.0 29.45973 
1000.0 21.016 25.00499 9.52862 0.0 17.39601 22.48756 26.27155 19.9832 16.91724 22.47091 22.67357 0.0 9.47897 14.31886 13.22388 32.22451 12.58607 36.55219 17.17435 0.02753 34.31406 29.72664 28.55921 22.8745 34.68919 25.07187 15.49977 29.09182 11.80887 34.18356 26.28664 22.68973 28.05375 34.99228 35.51509 30.05627 22.64886 35.03973 29.54243 31.7426 11.14127 34.99591 27.13112 20.73446 21.32363 11.94674 0.0 9.34381 0.0 17.85209 
1000.0 9.82096 23.15878 21.474 0.0 17.22912 34.80278 9.20707 30.88902 33.87329 10.4147 33.86897 0.0 28.68165 15.21292 11.02122 30.73639 12.07604 27.61952 18.32866 0.02526 31.80208 20.73509 18.92318 10.91519 12.26408 19.14435 28.43573 37.51545 10.94537 34.08523 36.47522 31.00097 34.62003 13.07586 15.54927 17.73862 22.4337 34.40822 11.16661 12.99006 32.06065 27.7372 29.24634 19.25511 10.49115 36.23095 0.0 27.58812 0.0 17.25998 
1000.0 28.87312 32.80045 13.96094 0.0 19.70025 18.65229 30.26615 9.8722 13.9575 32.79496 22.52576 0.0 14.41812 34.78813 36.95622 12.67818 12.15473 35.72057 21.63032 0.02204 18.36192 33.77618 10.42084 28.14055 29.40397 22.6712 27.78949 20.06151 21.09147 37.40505 32.46556 22.67136 24.20191 30.80971 16.66459 19.87098 29.93463 20.89467 12.13344 26.17565 15.27225 11.02078 19.67019 28.13482 30.89336 37.39597 0.0 30.89009 0.0 36.3922 
1000.0 31.26164 31.79362 33.2259 0.0 29.6778 20.51234 9.74649 18.71217 12.37849 23.86018 31.24762 0.0 13.16843 32.69462 9.7526 21.78537 36.0349 11.16365 32.29688 0.0175 29.652 16.79768 30.47919 14.5049 9.3083 10.25161 10.5578 25.04063 23.59854 17.25723 27.97054 8.01988 30.53827 20.24166 19.56132 22.77955 14.05679 22.71521 19.32858 19.44177 10.68049 34.30383 25.69311 31.44903 36.30146 17.39917 0.0 18.62914 0.0 36.40974 
1000.0 26.15313 20.47095 32.74246 0.0 37.51833 11.52059 13.79995 11.17659 18.44061 34.2956 18.5793 0.0 32.93243 17.87857 19.44196 12.15317 20.14898 30.46097 27.28296 0.03147 25.68545 29.00046 13.45819 25.26323 34.98303 10.82475 34.08882 20.02119 20.40796 33.47895 17.86472 23.69489 22.11498 35.30123 35.31106 37.07067 35.65436 14.40205 31.45674 17.75026 15.40799 11.43345 35.2066 29.4774 26.3282 9.34024 0.0 13.13687 0.0 30.5602 
1000.0 20.37029 11.05835 19.93639 0.0 34.8699 17.26918 32.59258 30.88813 23.74609 24.97407 26.734 0.0 22.611 20.37168 25.14342 23.61803 10.98828 15.12489 36.13735 0.02303 31.31219 28.19716 32.22262 10.16112 12.6039 30.97982 13.51836 9.52214 34.73178 16.20563 36.88641 12.82082 18.15714 10.82045 19.09648 36.25975 13.98159 13.86194 31.81487 30.50456 35.24802 9.47062 15.74763 16.74411 30.63017 15.49599 0.0 32.24742 0.0 24.43972 
1000.0 17.99815 32.98771 15.72475 0.0 35.83949 21.73979 37.12354 14.48679 12.8029 18.99567 22.11234 0.0 37.57242 9.24619 11.99729 19.52446 8.03293 15.76139 29.52354 0.01092 19.38132 14.61748 8.04104 29.41202 32.80602 22.31688 11.67091 17.07586 9.73264 27.18146 36.00925 28.61883 37.42172 24.0536 27.21512 32.37227 19.99303 31.44453 26.51807 24.8243 8.88546 16.90074 19.10664 37.51652 36.31761 30.64949 0.0 10.18091 0.0 11.58193 
1000.0 26.24127 17.29643 18.79304 0.0 13.05066 17.40403 11.72057 22.98441 10.48753 11.25158 29.75177 0.0 30.96611 32.28263 10.10269 32.12562 9.15754 12.84803 11.71184 0.0142 31.28585 25.83952 25.22241 32.9626 25.64759 31.93614 33.97932 11.73667 15.67658 31.32673 14.70413 23.1462 21.57353 34.03293 14.40769 19.83911 31.10871 35.92493 8.29916 27.90257 9.50399 30.10028 15.63484 19.60654 34.94124 32.54455 0.0 35.7944 0.0 9.76886 
1000.0 29.78213 24.62608 17.71683 0.0 26.16923 13.94906 9.99532 14.3376 31.06544 35.52534 14.05442 0.0 36.26729 13.72091 25.76648 33.19381 21.90479 18.94723 29.44316 0.01723 20.59804 20.0419 17.68736 31.4235 15.40982 18.95003 28.53091 26.14026 23.58777 31.73291 19.42946 33.49163 17.6873 32.52971 12.52168 20.90007 36.57501 16.25251 34.41633 12.4593 29.83265 21.74797 17.8638 27.38043 35.61684 33.27355 0.0 28.61047 0.0 13.40957 
1000.0 8.65696 30.32118 25.56565 0.0 24.65034 13.94495 10.58708 12.81808 21.23373 36.69971 37.21132 0.0 22.27441 13.3038 34.12972 17.70627 20.8711 10.39328 18.19107 0.0277 12.71835 24.03832 19.73992 7.56084 20.4491 36.43186 18.58444 37.07532 8.16565 14.88494 18.7841 19.53101 28.36881 11.61553 20.92955 33.9628 23.02392 31.36701 32.12324 18.17419 10.73738 31.79657 28.91677 17.47226 9.5076 36.94179 0.0 25.62378 0.0 11.51516 
1000.0 24.66929 33.57939 12.60657 0.0 8.24872 7.82695 8.0614 34.34727 33.92048 9.0483 31.70025 0.0 11.07167 11.60079 14.16182 11.24293 13.24719 26.10428 12.34813 0.03464 17.72043 16.45795 21.13987 11.54354 24.41267 36.60476 12.9351 29.92725 12.04346 37.29208 26.98756 33.36 16.68032 18.79182 13.08156 35.66648 24.28784 30.92204 36.42741 8.33209 24.77667 15.16673 35.80929 14.53491 28.05471 28.49325 0.0 7.78548 0.0 20.34585 
1000.0 18.10225 21.91074 21.38509 0.0 16.38217 14.05355 23.93437 30.49672 28.15606 33.5757 22.72147 0.0 27.43048 29.73084 31.40895 17.44715 24.3587 23.52792 16.4532 0.04326 28.75175 32.72689 13.09172 34.29543 23.09049 33.11754 22.08165 9.03028 26.82785 30.83084 15.19615 24.42608 30.82487 36.62131 16.79262 30.92196 33.11072 23.29586 23.38649 31.15782 8.87939 35.85032 15.14054 30.07123 23.49252 23.55483 0.0 29.80239 0.0 13.15766 
1000.0 22.42847 33.28025 17.78228 0.0 25.41647 32.52424 27.12002 7.57949 22.34207 15.30554 36.1903 0.0 12.33829 24.11579 11.07353 21.30579 10.69096 12.59229 34.74637 0.04241 20.47382 15.08995 29.26391 16.86059 9.62219 35.6606 15.76913 30.98477 36.62108 19.00699 36.32447 22.08436 16.10154 33.92808 28.31908 8.47822 16.94719 25.67997 10.88449 15.10348 15.9459 12.87542 29.11992 24.32914 8.21069 30.67237 0.0 21.88731 0.0 12.2283 
1000.0 29.29752 8.30947 12.00732 0.0 35.72681 25.15673 8.68197 33.86107 26.85515 31.67686 24.2154 0.0 21.65416 20.05903 26.12428 18.33661 36.85503 15.89517 24.56869 0.01519 32.87998 26.81121 36.69359 19.85251 27.69921 25.20557 14.2874 9.00871 33.04421 30.27481 12.8104 25.12791 23.7651 18.58743 28.8446 21.76941 11.38996 11.48569 37.50191 29.31433 12.79829 9.61699 14.93615 14.10025 22.09487 27.22343 0.0 20.21037 0.0 20.11852 
1000.0 12.80907 21.51339 17.50979 0.0 10.48482 34.86071 12.10949 19.44404 22.78783 10.55742 24.51717 0.0 37.41819 15.65091 30.72771 22.16727 22.8556 19.80107 10.08672 0.02065 31.18321 13.8348 17.51996 31.78289 33.0889 25.80595 30.26768 29.70298 28.84257 11.63069 9.20097 33.54541 13.96235 10.24236 12.55078 20.64634 30.97732 15.50808 9.39864 22.03248 18.51198 9.49628 27.18939 22.02306 17.94799 32.01304 0.0 17.32185 0.0 21.11612 
1000.0 32.93613 14.77594 14.29031 0.0 8.20572 19.83858 10.92656 12.14646 17.10307 10.45979 20.01792 0.0 23.63986 19.4861 15.56704 30.35033 24.7302 12.25875 11.15376 0.0422 10.89002 16.37408 37.30081 36.06887 31.22184 26.00063 15.80277 33.7321 29.23441 10.38037 30.44053 8.35612 10.43572 9.14228 15.76524 19.96874 18.76543 31.7906 9.0843 37.07035 18.29682 34.96875 8.68544 16.6726 35.46345 16.5195 0.0 8.12018 0.0 31.63373 
1000.0 22.5876 30.89198 34.18744 0.0 25.61454 10.28534 33.16667 26.90223 28.73591 21.86246 36.4368 0.0 23.77036 36.65426 27.40589 14.35392 13.08608 11.62343 23.8497 0.01697 37.72872 19.8421 20.68392 27.42337 27.56952 28.32734 14.1694 34.52519 30.69125 33.36687 8.76371 21.35892 25.24079 29.87453 14.17706 28.26137 14.83181 34.04162 12.31846 7.646 17.39072 13.06549 11.39437 15.58568 11.67584 8.03529 0.0 14.97967 0.0 24.20845 
1000.0 21.51425 29.72966 28.79647 0.0 12.04971 31.25731 21.89693 11.47434 33.49389 13.73759 19.92318 0.0 30.41574 22.01616 21.97371 24.15532 27.65918 34.88626 22.74732 0.03972 10.61544 37.29949 34.7398 35.75228 13.79582 21.72276 17.8081 17.45486 22.89588 26.37046 12.55608 13.48824 7.9844 30.46891 18.34617 27.46162 9.17462 14.27407 13.56623 12.39811 23.98585 12.89905 10.55268 26.11456 17.47175 30.24636 0.0 8.29082 0.0 34.69445 
1000.0 23.89264 11.05003 12.35606 0.0 30.24248 34.32986 32.75396 10.7766 33.9238 24.88767 30.80228 0.0 27.98375 34.9088 29.98695 13.58142 29.88701 18.82457 24.20667 0.03498 25.24761 10.75658 29.78481 18.28823 29.60908 16.97347 12.82699 37.75485 15.05472 8.14014 27.34118 12.06997 20.5287 31.07054 14.08106 20.49612 24.48583 17.08998 9.02354 18.60855 36.44629 22.10881 25.0655 12.41362 18.34011 20.26127 0.0 32.8624 0.0 11.40158 
1000.0 30.8565 15.22687 27.19045 0.0 20.00586 24.45036 29.98076 21.44262 29.80976 27.20079 24.55206 0.0 8.06763 37.31531 19.45324 21.92202 16.06369 27.96713 37.43894 0.01609 17.02072 33.52916 8.67151 10.61784 21.50359 15.08453 17.90482 29.52455 36.31103 33.99261 19.59488 11.20048 25.21848 30.10461 24.58647 32.85719 22.2161 11.61267 30.00259 32.25773 34.4715 13.6639 32.05122 14.74923 30.29998 16.36875 0.0 24.07802 0.0 23.67075 
1000.0 24.91756 13.64901 24.82339 0.0 34.99113 23.84011 21.0197 31.62492 27.5725 32.6733 33.82832 0.0 37.70651 8.23769 29.88644 31.49436 17.32257 16.90551 8.67377 0.02836 17.54588 33.48694 15.96965 34.38337 36.80805 17.24061 16.61611 14.75672 13.63825 10.40938 36.85133 17.13651 23.91328 25.93452 22.56711 35.32039 13.89228 21.40205 17.44485 35.73196 24.97024 26.57073 11.71146 32.86933 37.23073 21.87959 0.0 8.0394 0.0 11.79924 
1000.0 34.04625 27.30239 12.20934 0.0 11.73498 35.01702 19.20294 13.84136 8.15775 15.27762 14.52799 0.0 18.33183 33.9727 24.80699 34.59767 14.26292 16.59554 10.42065 0.02804 32.14237 22.26719 33.10268 27.70598 26.95489 26.29481 31.38695 11.43209 9.04096 26.55993 25.55037 18.463 31.31608 34.00382 34.37989 34.68906 14.18341 32.51306 17.13761 27.41409 25.44045 24.15945 35.45488 22.70976 17.55828 15.57475 0.0 19.90988 0.0 10.09265 
1000.0 21.48031 16.02394 37.08647 0.0 36.62734 11.71976 22.79202 32.826 10.71357 25.60766 7.71621 0.0 9.50863 22.02985 25.73687 27.98704 7.73347 28.01769 27.92291 0.01597 20.27549 22.10961 17.63648 31.73363 17.49529 35.24824 26.5181 11.52704 8.34018 26.42464 17.62922 25.3958 17.43925 23.51408 34.4294 25.26148 33.55384 22.26094 9.87457 37.04944 23.67663 32.50208 7.90772 28.53328 12.17943 24.92983 0.0 29.90847 0.0 23.94454 
1000.0 15.90409 34.58289 32.04293 0.0 24.39762 34.54176 14.14568 12.40162 12.61875 35.20622 9.57751 0.0 19.16396 30.02198 12.62781 28.15994 15.21338 11.99816 10.9447 0.03918 37.19112 25.7103 25.88238 34.30639 22.91555 12.20154 9.88874 35.4334 28.5767 34.60599 9.75017 13.964 10.22117 34.9857 28.25739 23.15883 12.92816 29.35136 8.80595 17.87544 10.79387 32.16235 26.72277 18.43118 31.38544 26.6791 0.0 16.91715 0.0 13.47855 
1000.0 17.98903 25.91028 17.17365 0.0 18.76046 27.98508 34.44965 19.57641 28.7778 29.17856 8.19242 0.0 28.54012 33.89936 8.27004 13.11815 10.87863 33.32218 24.52559 0.01102 13.74066 26.22535 11.6735 8.12735 32.09989 8.34918 10.11937 28.64115 21.47431 26.89472 15.14967 10.34376 26.73404 35.89282 29.37752 19.78423 36.37876 33.60059 20.68715 8.98722 11.5602 24.44942 18.02226 28.79624 15.17109 26.75673 0.0 34.23093 0.0 26.32533 
1000.0 0.0 0.0 0.0 9.4764 0.0 0.0 0.0 0.0 0.0 0.0 0.0 30.38893 0.0 0.0 0.0 0.0 0.0 0.0 0.0 0.0 0.0 0.0 0.0 0.0 0.0 0.0 0.0 0.0 0.0 0.0 0.0 0.0 0.0 0.0 0.0 0.0 0.0 0.0 0.0 0.0 0.0 0.0 0.0 0.0 0.0 0.0 23.23106 0.0 19.68569 0.0 
1000.0 30.04187 8.10071 11.38363 0.0 27.68868 13.01247 32.66548 36.46439 17.14603 22.80344 11.10698 0.0 33.06634 14.12708 7.71627 31.9261 18.81721 20.25344 33.36574 0.01031 18.78819 16.78016 29.44589 28.29969 10.78453 10.97674 35.64604 28.63862 22.77678 10.899 34.21687 35.84009 14.05613 26.8941 26.58845 25.75203 10.51937 19.86816 35.64213 15.8699 17.96879 21.50734 30.90662 19.63464 29.027 35.43505 0.0 7.58432 0.0 25.89573 
1000.0 0.0 0.0 0.0 8.6045 0.0 0.0 0.0 0.0 0.0 0.0 0.0 12.6816 0.0 0.0 0.0 0.0 0.0 0.0 0.0 0.0 0.0 0.0 0.0 0.0 0.0 0.0 0.0 0.0 0.0 0.0 0.0 0.0 0.0 0.0 0.0 0.0 0.0 0.0 0.0 0.0 0.0 0.0 0.0 0.0 0.0 0.0 29.84129 0.0 26.46491 0.0 
1000.0 13.50716 31.9869 14.95406 0.0 22.25823 11.13901 27.32576 25.36727 34.10181 11.06582 31.40817 0.0 30.07578 22.38168 33.67088 10.95229 23.28422 20.00074 7.9308 0.03961 16.60333 19.11152 25.24551 32.57482 35.67072 23.9848 18.58388 19.44097 32.46368 24.20636 28.03487 12.08624 24.06252 11.91107 17.10956 11.11213 8.98344 8.4944 34.563 24.81137 29.56126 35.25335 24.02536 26.97692 37.20124 11.98074 0.0 24.54034 0.0 33.9304 
