1000.0 1000.0 1000.0 1000.0 1000.0 1000.0 1000.0 1000.0 1000.0 1000.0 1000.0 1000.0 1000.0 1000.0 1000.0 1000.0 1000.0 1000.0 1000.0 1000.0 1000.0 1000.0 1000.0 1000.0 1000.0 1000.0 1000.0 1000.0 1000.0 1000.0 1000.0 1000.0 1000.0 1000.0 1000.0 1000.0 1000.0 1000.0 1000.0 1000.0 1000.0 1000.0 1000.0 1000.0 1000.0 1000.0 1000.0 1000.0 1000.0 1000.0 1000.0 
1000.0 30.40959 42.08161 48.21168 0.0 24.70865 45.63569 20.56037 25.29435 22.12759 13.13494 42.87908 0.0 12.75399 13.33905 26.31948 34.91558 10.78613 13.96978 31.94407 0.02919 33.29479 14.91157 23.88751 35.13208 27.53788 22.88197 18.0868 34.47526 44.90016 14.10067 28.9159 26.66429 39.55913 33.05654 29.67727 46.86639 43.91451 16.49952 33.51592 42.52028 15.32182 25.65711 34.59072 47.60057 12.20946 43.1109 0.0 28.34048 0.0 37.95578 
1000.0 11.01232 47.21241 36.54286 0.0 42.22374 32.60501 10.69015 39.78573 24.26265 20.70051 22.97472 0.0 29.37537 25.19081 24.35261 47.87647 44.22028 22.99014 30.361 0.02477 44.14199 18.95082 31.1794 35.56949 40.87637 36.0831 48.53245 49.14773 31.60156 24.41924 35.78267 14.62248 17.14023 14.475 29.14741 39.58759 40.70461 42.69944 12.03693 35.25166 21.4368 32.01651 46.48524 30.24573 24.89841 46.39582 0.0 43.5361 0.0 43.45585 
1000.0 35.71939 41.24725 25.55987 0.0 28.94823 28.60862 34.88554 35.53271 26.28288 34.01631 36.95862 0.0 14.11252 31.2855 43.01943 10.0414 24.42381 32.58794 12.16324 0.01215 41.60555 14.04508 49.12739 15.17939 22.14587 49.00474 38.98295 30.38454 14.70799 24.90251 21.8138 45.60012 23.7257 24.65133 31.51072 41.92615 34.63566 38.55189 45.7607 45.75736 38.53857 38.18304 44.75976 18.70099 37.45782 26.05968 0.0 23.80732 0.0 22.11997 
1000.0 0.0 0.0 0.0 34.72019 0.0 0.0 0.0 0.0 0.0 0.0 0.0 25.26083 0.0 0.0 0.0 0.0 0.0 0.0 0.0 0.0 0.0 0.0 0.0 0.0 0.0 0.0 0.0 0.0 0.0 0.0 0.0 0.0 0.0 0.0 0.0 0.0 0.0 0.0 0.0 0.0 0.0 0.0 0.0 0.0 0.0 0.0 42.31727 0.0 31.09066 0.0 
1000.0 21.29638 10.43684 32.96232 0.0 23.66615 38.79439 34.00265 46.0713 48.90901 28.68158 47.12242 0.0 25.23032 12.07203 39.40139 43.74838 33.96139 12.95937 34.57843 0.04697 20.84628 25.74013 10.69525 20.45046 38.18083 46.25867 27.81002 36.46316 29.80404 42.03833 33.14325 22.2253 31.00947 12.45389 23.80341 43.50573 42.91006 37.42275 26.99632 31.01768 44.81056 47.53125 11.57364 44.78964 19.5506 29.15851 0.0 20.74889 0.0 48.10969 
1000.0 26.42581 28.88453 35.43529 0.0 27.46505 19.24777 12.38016 20.26965 37.89827 21.2517 16.46688 0.0 20.01129 27.7877 38.9316 40.45109 34.38053 31.85648 27.16154 0.0325 24.67503 23.13325 49.03559 29.12473 12.25917 44.35075 15.00364 9.98234 17.24647 14.94354 47.86935 13.52633 19.78498 33.39057 41.94562 24.13449 22.3703 48.85991 23.17751 17.62226 39.31613 15.3037 13.98417 13.66193 32.07387 40.55586 0.0 39.30259 0.0 20.05911 
1000.0 28.97245 26.08385 36.29759 0.0 30.95855 43.38243 48.55019 26.39446 44.8083 38.43884 37.19834 0.0 10.28126 16.23625 28.75992 35.14972 14.70484 18.37805 14.90644 0.04073 47.38671 15.48017 21.30397 30.02006 17.24634 33.75207 10.23856 24.14209 23.41603 28.69074 43.36216 36.84794 27.28928 21.5737 31.16612 18.74065 30.62922 13.80298 20.31514 16.6815 22.26919 19.48723 40.88598 47.05716 38.32119 21.83968 0.0 43.89115 0.0 30.74888 
1000.0 48.51515 35.09263 47.49571 0.0 45.86317 43.22899 26.99032 46.62199 18.98918 45.95479 29.54388 0.0 10.98312 26.34047 16.66637 19.44402 37.90327 26.57769 41.4977 0.01849 46.98182 39.71329 26.87842 30.41073 12.03023 42.44754 41.57661 45.95018 14.4856 47.6562 38.65398 15.19151 32.22905 38.45021 13.69256 25.17583 12.25569 39.38958 46.11351 20.64027 39.23264 24.38771 27.6029 36.3932 48.87202 32.6631 0.0 37.46751 0.0 48.6073 
1000.0 45.65654 12.98508 21.96089 0.0 27.05317 48.1665 34.81874 30.80889 24.56726 18.26955 39.23404 0.0 33.22724 28.19128 36.17787 16.66291 12.92431 44.44863 48.68815 0.03475 24.05916 37.86932 32.46045 13.71229 39.85543 16.04949 49.01241 40.9723 11.68735 39.71551 47.40696 48.15315 30.28382 45.22954 47.22569 47.29104 14.51728 18.71499 40.56771 32.8165 19.15573 19.97629 12.92453 45.05108 40.43981 18.07255 0.0 37.33811 0.0 36.63036 
1000.0 39.32586 29.48942 30.4369 0.0 44.12113 19.86868 42.68981 10.03658 24.70492 31.0762 26.66993 0.0 44.27968 42.5137 26.42616 39.23034 48.29778 33.19471 37.64602 0.01685 16.60173 38.13394 31.88034 26.97176 25.58837 22.08303 29.42769 30.0334 49.03554 36.50556 15.52091 28.32429 36.42405 24.80864 26.29092 36.16267 44.91916 38.62803 48.78276 20.64405 40.17679 31.88853 22.29942 27.65705 48.72953 30.3555 0.0 40.35926 0.0 40.77652 
1000.0 43.80179 33.78549 47.55099 0.0 22.42604 49.07105 43.38345 38.47175 25.80162 18.86177 15.35195 0.0 27.08833 35.88448 11.01496 38.9568 27.26298 16.43715 32.47367 0.03126 42.96165 26.59128 31.90113 17.60694 26.64443 14.45268 34.21082 12.5689 35.1556 15.46927 36.75068 36.11907 39.07325 36.44184 14.33774 20.977 11.49853 23.88198 38.04344 14.67188 32.45625 37.33158 49.06857 30.28499 19.19846 35.86146 0.0 40.62143 0.0 29.41777 
1000.0 0.0 0.0 0.0 25.95768 0.0 0.0 0.0 0.0 0.0 0.0 0.0 16.50422 0.0 0.0 0.0 0.0 0.0 0.0 0.0 0.0 0.0 0.0 0.0 0.0 0.0 0.0 0.0 0.0 0.0 0.0 0.0 0.0 0.0 0.0 0.0 0.0 0.0 0.0 0.0 0.0 0.0 0.0 0.0 0.0 0.0 0.0 29.75029 0.0 12.31618 0.0 
1000.0 15.93974 31.83979 47.52802 0.0 23.65162 24.1769 38.94884 10.8265 38.05568 29.31785 40.42834 0.0 33.34226 31.23 31.45081 11.31994 47.15718 16.89374 16.72008 0.01568 23.27189 23.26565 19.93527 14.8683 30.15205 19.55037 45.98275 21.39188 12.76453 38.26007 21.77741 17.06864 40.42463 21.86673 21.65829 47.45904 17.68968 31.35093 29.10299 30.10387 34.96104 27.3579 32.99671 41.3477 47.34076 13.02249 0.0 31.13624 0.0 19.42269 
1000.0 15.88673 36.19036 24.83107 0.0 39.38945 34.01034 31.28041 36.24593 45.85005 17.87869 31.8387 0.0 44.40353 30.38003 29.59077 18.68306 48.70062 42.69987 12.22926 0.0466 19.242 12.15214 36.70816 32.2864 30.89426 15.83907 26.83134 19.93184 37.92131 33.13872 44.422 31.11463 30.08449 24.00404 28.49873 26.78237 40.71536 18.17544 10.86141 43.23658 27.87004 29.28449 15.24862 14.33941 48.4688 22.7048 0.0 43.58065 0.0 24.00035 
1000.0 41.75793 17.68468 27.89744 0.0 46.42818 31.63813 45.86137 15.86712 12.88806 9.90568 37.78548 0.0 21.94806 49.10765 28.99543 25.94736 32.34993 20.11948 48.72084 0.02951 10.01105 30.40616 35.96249 11.46627 29.35378 12.10475 28.94461 31.65807 22.08561 23.86278 39.93964 34.01068 18.96551 28.14318 22.2401 40.75572 26.13153 26.38953 38.15784 17.80027 30.73718 12.75466 13.88938 20.85631 38.93523 24.94405 0.0 37.10874 0.0 16.35067 
1000.0 16.2225 48.53428 46.38757 0.0 31.45869 34.54481 28.13039 16.28459 17.61602 14.94 39.35571 0.0 13.16784 33.61737 17.78835 31.47856 10.54226 38.29204 42.31418 0.03872 15.6589 23.62749 42.63507 28.14734 34.98474 13.53466 15.60709 46.63583 28.19773 10.5718 30.49455 27.99662 20.99324 32.77847 43.14182 48.47746 35.84708 34.22281 34.54154 39.82372 40.29128 12.54443 45.93076 47.7548 12.40643 15.17929 0.0 48.10938 0.0 37.33609 
1000.0 37.31364 16.30856 28.73678 0.0 22.02644 36.81441 40.764 29.43442 44.44629 11.61395 13.04144 0.0 42.51652 46.9669 22.65845 26.651 11.21413 21.74845 40.17749 0.04395 18.63904 40.0392 29.35524 35.12648 40.24244 26.83723 47.34576 31.30074 40.64713 33.94565 27.09518 39.87307 48.64703 10.82021 27.26665 15.82336 18.99335 49.0166 28.37844 43.02917 35.08178 17.24381 11.8688 14.80061 29.76971 34.43802 0.0 46.41891 0.0 42.78698 
1000.0 13.8355 27.91634 17.72452 0.0 38.78074 43.6179 37.23883 44.00823 40.34432 44.19408 30.86374 0.0 15.82229 26.43493 31.39851 22.71008 36.2775 10.91754 42.58781 0.02813 26.65344 22.16317 27.77416 37.33428 29.25391 33.89146 11.22998 46.91737 13.4105 11.00981 27.87443 44.41427 21.10817 28.4963 23.24756 40.59542 44.77585 37.28196 35.63151 12.31083 23.41941 19.94583 20.31037 18.11525 32.87713 40.31837 0.0 30.41007 0.0 14.23267 
1000.0 39.78572 25.33728 47.34566 0.0 39.03481 19.18757 22.07463 20.25392 22.95166 25.70138 12.21938 0.0 41.18271 12.01297 23.94908 49.15244 13.00053 36.87808 47.82341 0.02172 29.58875 48.8588 11.92956 34.75606 46.7206 46.02288 35.40093 38.40837 49.18171 42.5224 34.89396 38.1036 21.37411 33.26772 39.73824 44.56236 43.18935 28.63089 19.0092 24.32022 26.353 20.31472 26.70178 48.98059 32.7699 19.9203 0.0 40.41566 0.0 37.70715 
1000.0 0.18801 0.09612 0.0489 0.0 0.17822 0.1396 0.10662 0.08913 0.18291 0.15607 0.08344 0.0 0.11517 0.12252 0.16471 0.19552 0.09907 0.12136 0.11324 30.23177 0.05652 0.12298 0.12994 0.09151 0.162 0.19138 0.15774 0.07091 0.07541 0.11897 0.07576 0.13317 0.17502 0.0573 0.14194 0.10619 0.10938 0.11219 0.05145 0.10501 0.08969 0.13746 0.0969 0.18019 0.11073 0.17535 0.0 0.12918 0.0 0.07484 
1000.0 22.62942 12.96196 34.55591 0.0 47.58413 11.18257 43.27533 39.35182 17.35578 40.52231 19.19696 0.0 46.82161 20.47986 29.45108 13.58911 15.13853 21.74262 12.19292 0.0334 13.4571 26.2963 48.38016 13.89502 36.21302 41.34297 48.3527 23.47096 41.95488 45.49561 47.06119 10.59718 46.72328 48.58382 37.33613 44.27126 35.41759 15.55033 23.13869 35.15403 35.59516 43.53427 46.03415 44.49411 39.52278 23.16275 0.0 10.61053 0.0 15.33892 
1000.0 11.24734 36.33113 48.49517 0.0 18.23053 41.46482 45.73373 18.08922 14.74261 33.96475 26.57039 0.0 43.69253 48.66375 43.39739 35.52685 34.01268 35.63354 40.92815 0.02901 30.09226 22.08392 24.88084 22.04014 14.27114 37.50126 13.66902 30.92882 42.31945 11.04778 12.88195 44.64077 17.96294 35.73306 43.16609 48.85401 37.54768 18.77788 24.57066 32.72187 29.96403 24.5696 32.75458 22.08511 37.04748 26.44167 0.0 44.966 0.0 41.78884 
1000.0 30.11934 38.48885 44.75883 0.0 48.76627 43.93404 20.93075 14.5593 27.15903 41.60139 34.69042 0.0 37.63757 15.29533 22.29442 12.2507 15.37825 32.37575 28.52822 0.03132 43.80382 40.71256 48.64174 29.24858 21.01798 19.32037 39.16267 27.34358 30.06928 27.91727 44.39725 24.71738 29.79649 34.71145 19.12652 31.50053 27.11736 42.28655 19.56737 27.871 36.24565 36.19548 45.48274 42.33836 47.51447 45.54226 0.0 24.18582 0.0 16.00739 
1000.0 17.97041 10.9379 29.95323 0.0 13.38509 36.15292 34.09125 19.87062 14.90585 14.94763 23.34887 0.0 22.23684 44.8726 46.69883 47.77726 29.11158 46.1224 27.34145 0.03745 39.58818 45.25834 21.91604 47.98347 21.10806 46.78405 24.05095 19.9297 41.81243 45.50709 37.7705 28.39312 32.42699 18.89988 26.47604 36.09629 21.92673 10.79669 19.20494 36.92534 12.08119 14.00073 45.96755 27.08748 48.13655 23.19585 0.0 39.86692 0.0 24.34045 
1000.0 33.13826 39.65831 39.84929 0.0 42.07697 27.54002 18.70814 34.78185 35.50752 46.36836 22.93292 0.0 23.49533 35.42092 33.71372 41.64516 41.17776 41.05876 24.9181 0.01072 29.28005 40.28056 41.52181 30.12809 24.90525 27.59176 31.30623 23.49816 16.35457 30.46855 37.33171 49.12332 10.43092 41.18992 17.17036 20.1858 38.8425 14.95011 10.97096 27.17565 42.76958 28.07402 18.15906 23.64686 30.71656 11.75678 0.0 13.52031 0.0 41.73681 
1000.0 37.4376 32.52941 23.31186 0.0 47.20067 31.51137 21.27024 16.85932 16.66935 20.84504 30.96615 0.0 37.78408 18.33107 27.59013 48.12622 38.62075 35.11648 17.50464 0.03261 35.39443 48.23718 47.8725 45.69447 24.34738 23.69418 27.9829 27.91954 19.46963 18.44944 25.63232 29.45154 26.18937 25.57233 39.27176 15.17745 44.0027 32.0184 11.21116 23.08799 29.4026 31.22852 45.66094 14.45479 20.20594 40.56686 0.0 43.48187 0.0 48.15187 
1000.0 37.84907 42.01415 40.04531 0.0 45.38175 46.26921 13.01256 24.52153 38.66255 19.0217 21.14397 0.0 33.25609 43.34607 43.72207 41.84461 43.55862 44.66339 41.28872 0.01357 14.77865 43.06889 21.85206 20.20039 20.21809 32.44445 19.45153 10.20611 39.564 29.61231 43.1273 22.8907 27.1481 45.61666 14.05638 24.13198 45.09586 35.3015 24.56927 43.69639 34.75158 36.4548 27.08873 28.44504 29.9213 44.1067 0.0 39.46007 0.0 13.20382 
1000.0 13.6665 29.19881 14.09291 0.0 37.28764 32.23511 34.08197 28.00539 14.8312 21.53594 42.21859 0.0 19.90799 10.21566 17.98129 15.18024 43.69798 47.26318 13.40978 0.03809 35.83035 24.69791 30.8732 24.1253 30.68376 29.1256 43.22034 30.69317 37.39203 49.15828 23.52802 45.54486 44.43018 24.17352 23.89949 31.91169 47.63158 20.99308 36.83286 40.60241 11.82638 40.10156 12.77207 20.5862 14.42828 10.72841 0.0 49.10466 0.0 10.56184 
1000.0 21.4661 33.84164 29.39524 0.0 18.3234 43.50132 30.11314 26.77531 24.01528 36.18566 19.62314 0.0 39.79692 39.36002 39.65715 22.43974 45.33569 18.52014 32.43323 0.01021 14.31048 26.45492 36.74818 35.22988 48.47971 14.10694 24.07537 23.66474 42.71852 37.0252 31.27104 22.943 21.94819 25.53947 18.26021 48.28137 26.63374 16.95926 21.56692 15.8644 14.92775 42.88545 16.44855 12.29004 12.05275 42.38824 0.0 25.05457 0.0 44.84255 
1000.0 14.18493 39.25724 33.0875 0.0 23.20443 44.92924 48.1947 39.435 14.81912 12.99649 31.73726 0.0 44.59367 18.7966 14.91533 41.62489 27.19532 24.75234 27.35251 0.03398 19.98421 21.05875 21.06537 19.35484 38.06886 37.41468 28.43036 27.09909 21.90973 45.26611 24.10335 40.64125 34.96287 16.77909 48.45808 12.13886 48.17852 10.30568 18.65954 32.64359 45.65531 15.72562 40.39061 37.28629 27.9307 33.76564 0.0 41.66783 0.0 45.76442 
1000.0 10.72214 34.84715 44.41927 0.0 20.07044 43.30266 35.22771 25.88872 25.27091 36.1111 41.17335 0.0 11.90247 48.25429 26.71555 12.96593 39.23885 24.66822 30.59218 0.0289 36.1747 46.81943 12.70362 40.28413 40.01179 25.75289 15.36043 46.40745 19.11643 34.68618 10.29671 29.39704 35.71239 48.13271 17.06318 14.21176 24.02044 29.99875 39.61734 18.73159 24.05421 21.36141 20.26696 43.98409 39.24374 25.35605 0.0 20.22769 0.0 28.2135 
1000.0 24.13673 16.30929 35.45594 0.0 34.09207 11.21456 45.25586 18.00944 23.03033 18.0479 27.39784 0.0 39.31453 38.26028 35.44465 47.90457 10.06876 26.28408 22.3717 0.02035 19.39594 34.64583 12.3813 42.08452 37.02212 21.47497 45.21515 47.07251 48.6852 21.15503 39.34699 27.87018 37.49377 37.36865 28.31254 39.49559 11.64997 30.65742 17.73037 10.96884 23.1475 42.49956 33.00365 22.19109 40.46644 12.01708 0.0 28.28653 0.0 11.04889 
1000.0 18.31135 14.28467 44.31422 0.0 26.4664 16.20613 42.29888 19.79224 19.21495 17.57975 20.3626 0.0 27.45954 39.04218 18.4345 37.30975 41.74121 32.2131 18.92949 0.04148 16.34824 33.04372 29.73462 32.6817 33.19406 18.30998 46.53294 13.11341 31.30826 35.8372 39.31129 24.25525 37.92825 48.8375 26.32093 31.45 31.49241 48.45506 34.9708 39.36174 48.8557 33.56183 28.71576 28.21861 45.47432 14.78857 0.0 22.39787 0.0 11.12748 
1000.0 26.18829 19.39289 35.70091 0.0 30.04734 18.81462 49.06051 47.53663 45.8268 13.75832 41.28336 0.0 29.45973 17.73863 29.07248 28.87752 40.45952 47.85846 10.17454 0.02308 34.69162 19.84301 25.53327 26.77645 21.62476 17.00592 12.50678 37.42779 35.58474 19.5519 39.19351 34.54924 32.21299 30.06199 40.3976 31.44419 26.02794 42.9594 34.28871 25.76491 44.36749 26.04772 14.03805 36.34246 48.54645 23.61633 0.0 46.52682 0.0 27.53087 
1000.0 37.30565 25.57276 41.8682 0.0 47.0219 22.97802 10.66584 28.23294 36.17931 13.55141 19.76151 0.0 29.6978 44.34208 20.35781 18.69283 37.26023 36.5973 33.06474 0.03644 42.37544 45.22009 24.56186 39.77388 46.09762 37.43998 26.65378 25.19088 16.8468 45.22711 46.37462 32.24973 39.00338 48.9341 24.95833 12.4269 28.45365 38.65981 48.25288 18.08025 42.06102 38.43347 45.69602 48.22156 30.93092 15.96775 0.0 15.11658 0.0 36.18573 
1000.0 11.93785 10.97151 32.35583 0.0 48.75843 28.07606 19.91034 39.65297 39.36605 47.97894 30.4637 0.0 26.61894 24.44739 28.81552 14.98459 43.0423 30.47485 22.2636 0.0294 15.77016 38.48475 36.38694 22.04841 37.32605 21.95405 32.91991 11.95756 20.67947 41.09754 30.56869 22.52732 24.79142 31.79894 25.03204 14.51886 17.40504 46.9964 33.02312 38.47083 43.11299 38.27113 39.3955 36.55959 45.95796 47.58242 0.0 10.18415 0.0 18.26846 
1000.0 18.00967 12.84112 28.62276 0.0 40.45557 38.47502 11.63924 43.25626 18.62676 40.91842 43.67514 0.0 46.57555 48.59062 33.62936 30.9008 44.971 12.70948 46.97199 0.04132 41.86394 38.65543 15.83672 10.54446 45.80284 30.14048 11.05427 11.80152 16.28023 27.23396 21.4131 48.56968 48.36408 41.73032 16.68867 43.4161 35.44058 32.5558 12.65451 23.47143 35.43881 12.57737 20.65864 44.01339 17.4747 24.7354 0.0 43.65201 0.0 13.59017 
1000.0 32.34604 19.91217 45.78105 0.0 24.76852 19.23499 32.85845 43.81826 23.10939 42.21336 29.90957 0.0 22.4087 42.97773 33.99988 30.91275 43.86274 19.33415 32.99021 0.01117 16.53323 20.00265 32.88582 31.38843 26.86426 31.28765 12.92716 30.50266 30.73605 10.93558 35.88223 30.7564 30.95226 27.78796 48.69687 38.36768 36.48816 20.23619 19.29511 22.98442 28.93802 22.87797 17.00726 11.0357 14.283 17.54928 0.0 16.75891 0.0 37.91546 
1000.0 26.21172 23.34462 11.58979 0.0 22.53746 15.38604 33.78851 20.66124 20.02565 39.74164 37.67428 0.0 33.36057 13.72725 41.20191 12.51598 34.30045 21.46009 25.87123 0.02104 33.85474 46.74047 42.70096 22.39712 31.51833 33.6779 44.92395 28.1678 39.55911 22.1814 47.70882 14.08712 24.04445 43.17651 19.33194 41.30066 10.81845 11.05774 13.42422 10.38533 14.0139 33.06343 42.05959 28.78736 44.78201 11.78903 0.0 19.48398 0.0 10.21975 
1000.0 37.42455 14.87209 28.95031 0.0 27.55199 42.09829 47.57407 23.53021 43.41058 28.10305 22.31284 0.0 45.0048 31.3609 15.38113 40.48609 35.28213 33.00165 48.48139 0.01298 47.15212 28.13526 46.8742 35.97242 37.43144 17.40957 10.22059 27.27364 35.59453 22.82325 20.71572 18.58132 26.84682 43.72945 30.45479 34.68986 24.26242 10.57633 24.41969 9.89202 44.18468 34.11747 45.25895 39.92258 13.63052 37.35483 0.0 45.45868 0.0 43.3382 
1000.0 26.01095 33.80452 18.41003 0.0 27.58921 40.39205 38.58632 32.59519 17.91106 30.54729 24.36987 0.0 39.18819 15.86695 21.85852 16.74703 34.2444 25.1794 12.13064 0.02188 29.58287 41.35493 30.71447 24.45659 27.92866 48.43007 17.70786 15.16466 27.69067 21.87788 30.45346 34.98004 20.23152 12.19501 26.20971 19.74952 48.67198 24.23304 28.95751 31.73109 46.94741 16.70498 35.91902 42.51893 33.943 26.99479 0.0 31.45308 0.0 18.1016 
1000.0 33.52775 27.16925 19.03949 0.0 29.30544 31.3885 40.92908 9.99612 42.91232 26.05015 34.87878 0.0 28.14228 34.69573 28.68428 12.29606 21.3332 31.11011 29.01614 0.04057 22.20302 13.0639 22.02589 46.99694 46.61287 26.23703 47.84883 21.81625 12.96032 19.23071 29.31334 41.07066 14.67322 12.51487 14.29954 29.5918 30.99004 40.96258 35.15231 46.29819 48.4651 36.74858 30.27794 20.6099 35.89008 46.68715 0.0 19.81762 0.0 47.56391 
1000.0 44.68002 45.68108 25.23508 0.0 13.37575 40.60263 14.17583 38.21158 29.56925 29.49962 23.493 0.0 37.50968 20.02579 31.61682 25.10082 41.8266 43.14539 32.36751 0.01433 21.39498 12.70578 38.39695 23.10591 24.99479 46.20404 16.00452 30.59392 16.05007 28.27826 34.15278 17.10588 38.3201 32.10148 29.58292 34.00865 10.29977 21.01254 48.27521 19.18871 43.86026 13.85152 40.98856 25.69127 41.81648 48.86175 0.0 23.23381 0.0 40.30301 
1000.0 45.45335 41.96349 22.05829 0.0 41.81871 27.52792 43.17498 13.37284 30.48564 21.57473 39.25245 0.0 44.338 10.11449 31.16922 40.08925 36.17257 28.39179 15.63467 0.02509 19.42061 32.37848 35.05943 38.95149 18.58853 29.89687 36.16982 31.94415 39.05192 40.05084 40.98346 45.3326 34.28386 44.13751 31.3078 19.37948 33.00528 30.23139 30.41851 30.89343 30.29349 14.49932 24.15657 33.31623 11.35004 38.95766 0.0 42.22062 0.0 33.98118 
1000.0 27.1689 24.0535 27.54361 0.0 48.34624 46.53632 33.35003 24.73954 15.80393 40.46273 31.54146 0.0 39.02135 31.32203 17.80078 10.76944 19.61109 31.5603 45.57943 0.03901 30.93473 37.85254 32.23967 44.88623 44.16666 34.26382 30.60779 38.93999 10.85692 14.24996 45.99523 39.7535 47.71137 24.75962 38.97392 40.80669 41.98516 48.61176 42.80094 17.65645 40.44938 31.43474 45.57665 23.43057 17.73992 43.52365 0.0 24.00408 0.0 40.59184 
1000.0 45.46361 31.49106 24.34902 0.0 11.10282 42.74686 19.39796 28.70817 25.1688 17.12812 9.9655 0.0 34.21828 29.91963 35.59235 13.93325 22.50933 49.16397 14.42023 0.02579 30.09314 23.01118 29.84591 46.3467 36.4392 22.98954 22.90126 36.64566 10.77625 42.95119 26.84051 36.01797 10.02356 16.87727 36.03429 28.75941 30.41867 24.06474 24.26008 17.32635 29.60392 12.95519 39.36488 43.7078 22.11257 20.91442 0.0 18.68456 0.0 10.71708 
1000.0 0.0 0.0 0.0 17.95949 0.0 0.0 0.0 0.0 0.0 0.0 0.0 23.34867 0.0 0.0 0.0 0.0 0.0 0.0 0.0 0.0 0.0 0.0 0.0 0.0 0.0 0.0 0.0 0.0 0.0 0.0 0.0 0.0 0.0 0.0 0.0 0.0 0.0 0.0 0.0 0.0 0.0 0.0 0.0 0.0 0.0 0.0 20.50338 0.0 29.52048 0.0 
1000.0 19.44936 41.3433 39.82025 0.0 10.12721 28.5338 15.66634 33.95422 39.24497 28.69028 25.8425 0.0 40.91064 21.41464 48.69341 16.13003 30.08683 21.3382 12.50709 0.03192 21.82923 14.02577 23.31152 26.45851 29.49886 47.39274 35.41615 47.19086 30.85916 16.00354 19.01945 23.96296 27.69398 42.21901 43.94271 14.4579 14.0745 18.05244 43.19924 36.75889 28.02167 25.19117 29.51721 38.096 35.40307 40.03543 0.0 25.65843 0.0 12.30152 
1000.0 0.0 0.0 0.0 22.07512 0.0 0.0 0.0 0.0 0.0 0.0 0.0 39.29974 0.0 0.0 0.0 0.0 0.0 0.0 0.0 0.0 0.0 0.0 0.0 0.0 0.0 0.0 0.0 0.0 0.0 0.0 0.0 0.0 0.0 0.0 0.0 0.0 0.0 0.0 0.0 0.0 0.0 0.0 0.0 0.0 0.0 0.0 39.672 0.0 21.54118 0.0 
1000.0 39.21922 24.16495 40.7754 0.0 47.92456 29.06049 12.39374 45.60687 46.69698 17.1989 33.96828 0.0 18.72373 26.22698 17.12683 37.79308 33.2161 27.00947 33.14694 0.02237 31.56416 29.19321 17.10971 11.10624 34.27774 26.57079 41.93279 21.20163 47.82609 48.14556 45.75087 43.36774 15.66867 10.45386 29.51601 35.50878 31.46102 37.79001 27.48319 49.12815 20.71003 47.97193 41.85043 48.49624 31.25825 28.4931 0.0 47.09587 0.0 13.18146 
