1000.0 1000.0 1000.0 1000.0 1000.0 1000.0 1000.0 1000.0 1000.0 1000.0 1000.0 1000.0 1000.0 1000.0 1000.0 1000.0 1000.0 1000.0 1000.0 1000.0 1000.0 1000.0 1000.0 1000.0 1000.0 1000.0 1000.0 1000.0 1000.0 1000.0 1000.0 1000.0 1000.0 1000.0 1000.0 1000.0 1000.0 1000.0 1000.0 1000.0 1000.0 1000.0 1000.0 1000.0 1000.0 1000.0 1000.0 1000.0 1000.0 1000.0 1000.0 
1000.0 25.21261 26.78831 12.87377 0.0 29.40806 18.68085 30.10865 27.64726 13.50149 31.81975 28.58816 0.0 23.08861 18.14101 8.16841 10.06047 30.40452 22.36581 15.54285 0.02426 15.08112 14.66945 12.8836 25.05583 27.93269 28.45817 11.10106 14.46937 12.78062 15.90644 19.39126 25.98965 25.60959 20.81944 20.57296 16.9374 8.98368 11.71326 19.927 22.1663 13.52149 11.16156 9.56013 13.29382 12.90653 14.46209 0.0 22.65386 0.0 23.37886 
1000.0 18.39964 17.23838 24.84048 0.0 8.03574 26.92828 16.91321 29.83332 14.12476 21.17449 8.34484 0.0 29.91361 32.37422 6.48374 9.72524 20.97198 31.63095 22.89592 0.03392 19.21634 15.43845 20.90809 22.25748 27.29653 15.2124 21.06386 28.47335 29.02713 7.43475 8.73904 23.43775 13.89564 29.59959 23.46082 11.34064 22.91189 18.67468 23.5053 14.54718 7.57147 23.30329 6.76333 28.20253 25.9652 22.43376 0.0 6.5478 0.0 32.32253 
1000.0 12.54896 19.13473 27.15245 0.0 9.50513 10.15459 8.3945 23.58586 23.51331 16.17569 7.04119 0.0 10.34456 12.97282 30.24463 13.43898 8.98507 11.80925 12.2752 0.03746 12.11311 14.64021 24.9131 14.85357 27.79728 10.78113 23.84562 8.5943 18.43089 27.46021 22.3925 32.33028 16.40724 17.87075 21.51164 12.72708 25.77887 28.55701 9.60478 21.0008 16.44017 22.92143 25.7467 25.89674 20.36439 16.48047 0.0 15.36042 0.0 23.70256 
1000.0 0.0 0.0 0.0 9.8423 0.0 0.0 0.0 0.0 0.0 0.0 0.0 27.12299 0.0 0.0 0.0 0.0 0.0 0.0 0.0 0.0 0.0 0.0 0.0 0.0 0.0 0.0 0.0 0.0 0.0 0.0 0.0 0.0 0.0 0.0 0.0 0.0 0.0 0.0 0.0 0.0 0.0 0.0 0.0 0.0 0.0 0.0 22.20388 0.0 28.16924 0.0 
1000.0 7.91984 27.5192 10.80501 0.0 10.32854 10.97601 15.10388 11.08819 20.9066 19.25034 20.91778 0.0 10.30781 29.1364 11.61093 8.89764 20.49693 24.41378 18.42657 0.0283 20.08009 14.70524 21.97852 31.07318 12.37396 27.73657 27.46574 22.02709 21.82307 29.41105 23.38536 24.09431 28.68478 31.83289 28.1199 30.59997 29.61908 20.644 11.12064 21.28434 13.60896 19.96006 17.50722 11.43183 26.56839 14.34566 0.0 16.35452 0.0 24.89384 
1000.0 24.0603 12.5209 13.07355 0.0 26.87752 19.89883 19.90377 16.31521 22.28932 13.40971 9.94806 0.0 19.18015 21.17722 16.27364 18.44044 30.76591 26.37331 9.37144 0.01517 21.26622 30.27025 17.99471 17.18585 31.63006 26.29209 15.10918 17.77114 21.77647 31.64092 11.36374 26.19598 30.56096 13.4986 23.98726 25.4785 27.59244 7.24923 30.09323 25.56361 12.32104 29.48949 18.35118 13.492 11.05529 28.38386 0.0 20.83115 0.0 20.01867 
1000.0 18.90446 27.73141 24.74731 0.0 14.03605 21.13043 20.35574 13.55891 29.86907 27.21375 30.07213 0.0 24.99754 14.51465 16.25627 17.67408 14.77106 10.84218 13.08543 0.01413 28.59556 6.91532 32.28708 25.23936 27.72987 8.15345 26.05433 23.7151 18.25162 18.85837 10.31545 31.0135 8.69483 26.47878 26.9695 10.27057 6.57804 21.34881 18.9868 7.67627 21.06503 28.71103 27.938 17.0933 18.63611 7.87593 0.0 25.15023 0.0 7.56006 
1000.0 24.35012 23.32673 16.43824 0.0 24.3339 21.2232 26.56662 9.69712 17.07865 28.05286 32.083 0.0 8.81865 9.6289 26.92974 25.21576 12.88389 13.7851 25.56405 0.01593 31.46267 20.65732 12.95185 25.41852 27.67322 12.37964 15.45126 27.82338 20.68226 23.97186 12.51047 20.27589 29.511 11.35446 7.02684 6.90802 25.80108 27.4135 13.76444 10.12581 22.10906 13.10859 10.64003 16.30254 7.8794 29.96994 0.0 18.62818 0.0 8.24499 
1000.0 7.27681 9.79379 23.13157 0.0 25.88902 26.15404 22.59219 14.21631 30.87295 9.76891 7.08092 0.0 16.92151 26.95532 19.00314 31.23156 9.11139 26.60094 24.8202 0.01446 28.27035 8.85564 11.44398 9.28739 29.92685 11.51877 20.37196 22.21207 6.73398 10.35342 22.07183 18.06027 10.74633 7.40572 8.78694 28.84051 23.30411 16.49428 25.85155 18.35271 7.14206 22.75841 20.09821 28.70859 8.9807 7.06472 0.0 20.68954 0.0 22.07221 
1000.0 30.74922 8.57506 22.09025 0.0 8.84787 31.28724 19.28328 8.38478 26.39416 30.89161 13.0135 0.0 19.69198 8.10739 30.87532 28.291 19.59451 26.69995 23.54512 0.03204 17.01081 11.52318 31.86894 14.7657 30.12692 19.37061 32.1712 31.08214 9.97306 9.82101 32.17483 24.60681 20.43237 26.44051 11.24274 11.98019 26.38744 25.62502 8.1967 11.72989 26.52739 28.28536 11.97218 29.65996 19.39581 26.78648 0.0 32.07352 0.0 15.75639 
1000.0 15.59312 19.89587 8.58298 0.0 21.77944 9.92385 29.26894 26.00658 17.74122 30.30897 14.44949 0.0 31.97767 11.86904 15.94784 24.70378 28.12538 20.18618 17.08935 0.03165 16.24631 21.98866 15.20945 22.57011 23.82318 19.39913 12.59095 20.14561 11.55043 9.98668 31.21337 31.96281 19.11778 32.35575 30.40325 10.75931 16.76327 29.84581 30.27203 7.50086 7.9329 8.40396 17.34493 29.9911 9.54732 26.89238 0.0 25.57241 0.0 30.70826 
1000.0 0.0 0.0 0.0 17.3211 0.0 0.0 0.0 0.0 0.0 0.0 0.0 24.15999 0.0 0.0 0.0 0.0 0.0 0.0 0.0 0.0 0.0 0.0 0.0 0.0 0.0 0.0 0.0 0.0 0.0 0.0 0.0 0.0 0.0 0.0 0.0 0.0 0.0 0.0 0.0 0.0 0.0 0.0 0.0 0.0 0.0 0.0 13.85723 0.0 13.6051 0.0 
1000.0 18.03243 20.132 15.70233 0.0 12.96944 24.64616 17.07956 25.36802 29.31964 6.95455 9.03898 0.0 15.4538 29.71156 10.99392 19.46104 22.90624 21.95252 27.52338 0.01538 17.90109 30.00398 7.67248 17.91213 12.83867 20.7906 9.24795 7.78526 9.11594 12.17653 23.54499 16.3967 8.45393 14.82025 27.36268 13.72227 9.44276 12.46625 19.19909 20.79428 15.77318 24.33119 11.35933 18.50326 6.78921 22.90606 0.0 9.27099 0.0 11.17625 
1000.0 10.54471 30.62235 16.56999 0.0 10.80302 22.42743 29.94509 6.57166 15.75119 13.19597 23.92292 0.0 17.58305 32.01634 26.2504 27.63672 17.84487 28.73161 13.90665 0.02795 8.66092 23.42431 25.87728 15.63743 13.3763 24.56403 25.01218 25.51567 29.77101 17.57386 8.79916 31.47716 24.10539 29.28833 25.65285 24.49507 10.23139 24.23041 28.49953 26.80041 14.02974 17.23492 25.19863 18.28465 25.11639 29.1554 0.0 20.50241 0.0 25.86737 
1000.0 24.35758 16.43825 26.81951 0.0 31.9419 29.24792 13.8144 28.5862 14.19954 12.06657 15.19343 0.0 26.54796 8.60996 7.30378 24.60342 19.79304 10.01729 13.75343 0.01226 19.92065 17.40904 9.68743 9.20823 6.96347 31.89437 20.0896 25.54496 18.9808 26.38544 24.31496 31.80413 10.91444 31.2632 28.87055 17.09645 9.67843 6.57212 17.43154 12.06609 13.91188 31.39913 29.63017 29.05405 7.25202 15.50453 0.0 15.37685 0.0 19.13158 
1000.0 15.51349 21.02294 18.48246 0.0 13.26517 17.06162 10.11719 25.65168 7.02813 29.93191 10.58707 0.0 19.76734 18.32283 24.96115 31.07525 13.15153 31.06223 6.99354 0.01232 30.44425 19.59763 29.77982 25.01903 26.6008 8.05969 32.25027 18.13452 24.91962 22.9748 21.66662 31.89832 14.34253 7.28851 17.41938 18.493 26.49404 8.3923 7.32878 25.53046 22.66145 24.6929 11.71997 25.49617 24.07419 16.03561 0.0 18.7512 0.0 7.33187 
1000.0 23.15009 31.50329 9.58758 0.0 13.36059 28.41718 20.26624 17.15801 27.53549 10.69634 15.43165 0.0 27.27473 22.45756 29.57886 24.00346 30.35475 24.85295 9.64617 0.01457 22.1569 8.68409 25.76881 27.49795 11.36234 19.70024 12.10627 13.61017 27.46983 15.02703 25.16241 8.04446 23.58333 7.19387 22.7779 15.84472 12.55805 28.0708 24.48255 27.08748 9.14708 8.87186 16.26484 31.47576 22.2562 10.31835 0.0 31.43545 0.0 7.26296 
1000.0 11.78332 25.1226 25.94266 0.0 23.86624 15.10568 27.38545 31.13744 24.78572 16.74554 6.6946 0.0 9.33625 8.76469 30.0088 31.0116 7.17918 17.46796 24.36307 0.03411 6.89209 18.16534 9.06548 27.69128 7.19199 15.98895 24.42002 28.66833 8.02104 13.52691 20.23047 8.79225 12.97423 13.38483 20.31945 30.96266 12.79106 14.81901 6.52854 10.44131 11.3222 29.45187 7.82523 21.61469 17.61852 24.20902 0.0 9.79899 0.0 14.83674 
1000.0 16.25944 12.30968 9.20747 0.0 15.94697 31.53657 23.04097 18.56439 28.44269 20.09737 29.98497 0.0 29.80782 26.58854 13.0877 18.47052 31.13471 25.59368 14.17116 0.03129 11.04435 22.5998 13.4729 7.09638 27.83512 30.74595 11.94427 9.7729 14.90289 32.11476 7.92484 7.81954 28.5114 8.88394 30.53531 7.38831 7.67859 30.61749 18.32183 6.52137 13.84287 14.7452 11.13463 26.90308 7.77048 25.87124 0.0 11.94167 0.0 26.81892 
1000.0 0.11408 0.08639 0.1283 0.0 0.09668 0.06871 0.12718 0.06697 0.07517 0.14755 0.11178 0.0 0.14377 0.11617 0.12671 0.13496 0.04554 0.04457 0.05633 12.5243 0.05793 0.04979 0.11137 0.09734 0.12346 0.11204 0.15239 0.05455 0.15159 0.07248 0.13946 0.07526 0.10892 0.12146 0.12874 0.13723 0.0397 0.11301 0.06157 0.05604 0.11241 0.08867 0.14087 0.04652 0.0417 0.12736 0.0 0.09046 0.0 0.0624 
1000.0 9.29951 28.87301 12.98788 0.0 15.41574 23.69678 12.48896 7.92786 14.09213 24.73311 17.92039 0.0 7.17566 14.31499 19.17534 25.35906 21.00503 19.49029 7.48978 0.02101 17.83141 9.87855 12.63152 19.1355 10.79611 14.22145 11.94582 22.34219 16.40986 14.77573 19.75152 30.29294 6.74967 20.33128 24.01858 15.3642 12.2584 19.04465 25.59053 23.22659 20.40054 11.3463 6.58942 25.68264 31.64666 21.90199 0.0 25.87531 0.0 27.50347 
1000.0 13.68138 11.32209 9.73041 0.0 30.04987 13.62818 14.10129 23.04585 10.9515 28.06172 24.5791 0.0 9.59759 28.36389 29.47657 15.54179 17.50029 22.56191 25.48261 0.02523 27.68234 29.8188 10.80809 22.71916 18.30442 30.72808 16.94082 26.61634 7.88881 10.18088 22.69902 30.73263 29.20391 24.24319 12.50606 20.49815 9.28349 31.9445 25.06124 28.44056 20.53451 19.11256 15.78295 14.28568 11.20218 21.7315 0.0 14.48969 0.0 13.54666 
1000.0 19.56971 14.91899 19.18755 0.0 25.95749 14.52645 11.4357 17.57079 25.06507 16.16263 19.76757 0.0 23.22991 10.64119 17.66669 17.00593 10.60604 8.05256 29.38657 0.03483 13.68281 12.15815 25.36985 27.53709 22.85832 6.52969 6.70416 10.37751 29.6497 26.45678 24.47104 16.16146 15.99419 24.08674 24.62027 28.2219 28.73539 14.18159 25.56703 18.3242 11.42819 31.46027 13.64498 17.42118 32.33885 10.73783 0.0 29.22287 0.0 17.06948 
1000.0 13.1585 27.53032 24.69171 0.0 25.29389 29.46892 31.76499 25.21546 15.02685 24.80369 31.20891 0.0 11.75427 26.92873 27.096 6.5038 27.68679 18.05181 14.49966 0.02706 7.34445 12.39642 21.97391 9.66475 29.54776 17.37727 26.30009 12.33232 6.97362 20.34554 9.92467 9.22064 30.53313 19.26717 30.55299 18.31617 14.2892 7.87558 11.1177 11.80829 8.30952 22.64087 28.17808 28.24407 25.13272 12.24934 0.0 13.64152 0.0 15.01457 
1000.0 26.5799 19.95444 9.38717 0.0 28.35006 9.66167 27.16076 12.23062 22.56216 8.30721 21.16012 0.0 23.41607 25.31299 15.86794 18.89673 31.6502 18.92374 24.32446 0.03981 10.57877 20.56968 28.31988 7.01815 28.07924 9.52489 10.61772 8.84824 20.62984 20.13516 11.87067 13.63202 32.34667 20.99675 22.48112 17.22896 25.90731 16.24057 12.95134 29.46298 8.27433 25.46474 7.17854 16.55264 27.16992 18.26438 0.0 6.92097 0.0 19.8054 
1000.0 22.30103 6.56841 28.58228 0.0 29.82727 11.42061 27.90732 24.41048 31.95339 17.69206 10.13998 0.0 19.11509 23.18527 30.73862 28.83504 8.66677 20.21598 20.78068 0.01767 28.08241 31.12438 19.24291 9.15293 16.1842 30.12647 24.73003 12.00888 13.82168 18.05426 23.09739 19.10069 27.61748 24.11459 30.49277 8.94292 12.63486 14.19775 8.90818 29.81096 24.74045 21.38216 27.19848 27.94125 12.92437 27.60317 0.0 21.11803 0.0 28.83218 
1000.0 25.04018 13.09684 13.7635 0.0 23.05767 28.14939 9.3827 25.80531 28.39345 28.61801 29.19495 0.0 20.46485 25.80716 24.7849 25.85087 15.68735 24.91707 25.42047 0.02347 7.99854 13.38216 8.17948 23.31141 20.59069 14.93263 13.90135 14.99043 18.51737 20.09719 18.15334 12.62061 12.68101 8.35283 26.81433 14.39444 7.39838 12.3513 16.65834 20.31485 6.77271 28.57562 17.6276 12.41636 30.26755 9.53752 0.0 14.09407 0.0 18.08496 
1000.0 27.28015 31.62849 27.04424 0.0 7.09887 31.95293 14.0173 27.88706 27.47397 19.56604 26.67565 0.0 30.40224 7.5976 13.51174 30.32356 23.77428 16.88268 23.53721 0.03157 28.11775 11.54664 27.40536 22.56871 9.98308 24.8558 30.45571 27.33221 18.69047 18.66132 17.65375 17.99021 30.28974 20.95957 28.66272 28.12404 30.95461 13.40163 13.33474 19.36229 17.31819 12.23283 20.76856 20.00698 8.45918 10.11898 0.0 19.14766 0.0 11.47495 
1000.0 17.13811 9.06954 16.44829 0.0 31.29738 14.29031 10.13678 12.70548 15.80566 16.29853 27.77872 0.0 15.48291 24.13391 12.99175 13.42688 20.79836 8.49768 13.65202 0.03878 31.37584 14.86271 9.54552 26.08174 17.81764 31.26854 27.95484 24.68125 23.49418 17.05888 23.88854 21.72489 9.86393 14.77116 22.17176 31.15847 25.44211 28.98653 30.44076 24.80207 32.02557 19.51651 31.75392 31.61191 12.83507 20.91113 0.0 27.70048 0.0 18.34646 
1000.0 8.09482 22.45061 25.01353 0.0 22.82697 15.96017 29.03407 9.09188 27.5137 20.7941 12.84203 0.0 29.22195 11.06258 7.54556 13.02795 22.97176 19.30348 32.20681 0.03734 25.97619 21.83932 8.77851 16.41933 24.74529 27.02089 23.16975 7.27146 21.16948 30.52768 12.04132 28.68246 7.01374 9.3877 11.12012 18.03344 10.81979 9.84491 17.05853 16.04394 30.68886 27.27856 29.69275 15.7753 24.13023 17.66983 0.0 6.78299 0.0 30.47245 
1000.0 21.9238 31.11656 18.03101 0.0 26.43173 7.17013 25.25851 28.76652 32.26106 25.65786 21.83096 0.0 31.12255 9.5416 24.0074 23.9 24.53686 11.28532 18.95778 0.02965 31.56481 22.75531 9.98663 31.06933 25.36972 30.67818 12.55282 7.18575 26.43314 28.67385 17.30899 8.19354 23.39103 15.63342 8.21783 8.73716 26.64674 27.95416 32.24902 27.23004 9.60038 18.18589 8.6405 22.86033 26.48382 11.03244 0.0 19.73714 0.0 29.48924 
1000.0 8.80103 30.89701 18.70169 0.0 16.02722 23.92176 14.6115 28.80029 22.78115 8.91598 14.59516 0.0 22.99329 29.97383 30.81287 10.17611 20.69588 28.37811 28.06243 0.00831 24.53434 32.17075 8.2367 15.75561 17.016 14.75101 24.16271 11.98077 21.68222 12.0061 8.1252 17.88125 19.12686 30.89454 24.85258 8.3496 32.18416 23.86321 16.734 19.46536 14.9966 19.70871 26.28651 10.58563 19.80271 30.09569 0.0 28.15139 0.0 28.7407 
1000.0 27.67159 22.17875 26.43971 0.0 20.06908 24.47549 21.87067 9.00475 19.18534 21.87599 32.10392 0.0 19.27385 11.49487 24.97467 25.98843 26.08642 11.24709 14.09844 0.02046 19.07449 26.39652 27.82748 10.78091 11.1423 17.93259 9.68569 8.32297 11.11825 7.75335 26.77329 16.98656 30.26952 12.62162 22.41173 24.99699 12.86276 13.83461 14.3935 18.56839 22.77897 24.55028 31.52355 10.70643 18.27916 12.92646 0.0 24.72991 0.0 12.04194 
1000.0 19.4636 18.3267 11.5029 0.0 12.94182 13.95039 9.5633 31.65729 23.63018 11.51798 8.1009 0.0 19.76522 30.34964 11.6747 26.2977 13.52798 31.99391 12.56083 0.03075 31.94191 21.14867 31.42031 21.91188 26.52477 20.04519 16.04966 20.83482 17.81064 13.41279 18.98128 16.09882 25.71623 12.6594 22.82669 8.45594 29.28918 8.71608 28.89467 14.34321 18.36 12.11665 21.27139 12.34022 31.16859 12.89733 0.0 31.66082 0.0 14.27613 
1000.0 22.83807 19.3337 13.46951 0.0 19.6408 28.68086 12.48623 30.7151 29.37188 22.25846 31.95588 0.0 27.73999 21.78799 31.9606 31.0054 22.45362 23.69414 28.45264 0.03293 28.91346 9.10656 28.32432 16.55619 22.83201 8.4161 27.83397 29.16614 13.39149 22.1463 10.38965 29.11928 21.92103 13.75589 14.62437 23.55078 20.02036 26.75171 21.53856 23.04987 30.64075 19.32685 16.47333 7.24506 12.66217 21.88417 0.0 7.98307 0.0 16.51616 
1000.0 16.96551 12.00864 25.92384 0.0 8.81225 31.59971 25.99523 16.88322 17.88488 9.65294 29.89154 0.0 17.50865 10.36438 9.87025 30.04817 19.34609 13.87957 7.13325 0.0203 17.40039 10.8839 11.09094 30.8861 22.03358 17.90068 23.91109 12.77995 22.50776 11.93147 27.73859 7.68205 18.87609 8.97429 10.59816 8.83178 20.14612 31.18389 23.09896 29.7922 31.83747 11.00958 29.40761 14.98482 20.3925 9.8533 0.0 21.94732 0.0 13.66352 
1000.0 12.00787 23.84334 7.14646 0.0 17.59387 31.21703 30.45374 20.51179 17.87476 13.27466 10.12496 0.0 13.96072 8.59382 31.31266 15.98265 29.33098 28.49569 30.58298 0.03252 24.03037 15.70442 26.60699 31.61198 10.44404 18.01876 7.36914 27.22505 30.29466 20.06498 7.79142 13.10241 26.89717 7.19273 29.73816 30.54368 14.61418 8.90389 18.38188 12.64159 13.98956 28.4303 11.54839 29.78638 18.6784 27.09727 0.0 30.05963 0.0 21.85609 
1000.0 30.85483 18.53128 20.89967 0.0 8.97592 15.45453 21.99056 19.80309 22.63303 22.57371 27.40679 0.0 19.41741 12.56676 10.43467 9.2157 16.50974 30.64007 22.19857 0.02477 13.54733 23.46806 8.70045 20.4197 20.83068 30.60517 20.21415 7.06459 29.71977 29.29665 9.02412 31.08667 19.82302 18.18007 27.46999 21.92347 22.33271 19.59275 11.55419 15.41605 27.50036 25.18864 26.90991 18.1781 32.19572 8.66718 0.0 17.61585 0.0 29.37784 
1000.0 12.76492 15.24616 7.2513 0.0 18.75011 8.12078 16.53327 23.73699 12.28466 21.97946 30.13314 0.0 18.3102 9.76953 11.29972 18.81977 17.19454 24.77616 31.87353 0.02303 31.71443 21.56213 23.90445 23.75791 23.764 30.54501 31.44043 23.81389 15.89452 20.80181 10.0874 21.94537 24.88586 26.68997 7.9759 26.93927 16.02023 13.60896 19.87014 14.10613 7.36266 26.78179 19.45156 31.74979 22.11392 9.94749 0.0 20.97372 0.0 11.59906 
1000.0 8.74981 22.2606 26.46351 0.0 14.60238 23.79277 25.7125 14.26209 10.3912 24.05735 18.27405 0.0 12.33405 24.52908 13.88786 31.83712 7.84578 28.05948 26.12081 0.03489 13.55333 22.1505 30.364 15.57958 7.83354 20.81419 22.28249 16.44849 20.13809 32.23189 8.37107 24.2658 18.38214 17.80503 19.58076 14.42713 15.80689 24.07256 15.00043 29.99523 31.71755 19.27401 19.64633 13.58136 29.3077 18.56039 0.0 25.55388 0.0 18.14282 
1000.0 15.91777 17.24423 18.52234 0.0 17.07183 7.88746 8.82761 7.75866 7.95 6.96889 8.32037 0.0 24.05379 31.81995 12.21773 10.55586 15.7835 32.31452 13.32105 0.03882 28.3047 12.24046 25.98251 23.1785 22.20813 10.7182 31.24157 29.43943 26.7365 14.13296 9.72466 20.04437 22.83377 14.13922 16.48394 17.19613 22.55559 18.62122 22.86945 10.58655 7.48044 18.91555 26.48107 7.76218 19.93434 13.49708 0.0 7.93552 0.0 11.25418 
1000.0 14.73869 21.34917 22.56553 0.0 14.07572 9.36183 19.76367 21.96236 32.02002 25.39365 14.8984 0.0 18.93133 13.9795 8.96194 10.47668 19.8889 21.68099 24.13771 0.01397 32.32962 23.20367 29.02391 13.67905 27.76674 8.11359 28.31157 19.54766 26.35394 25.68772 29.70779 25.7096 18.65231 31.57341 28.92582 8.77778 32.14339 28.94193 15.31469 32.11271 19.87208 17.50991 14.32269 27.35009 31.38281 15.36338 0.0 30.4406 0.0 17.69364 
1000.0 27.69676 25.85369 30.92884 0.0 9.41417 13.08951 18.29618 24.49312 24.03407 14.65138 23.66694 0.0 26.24828 31.79605 18.57544 11.33843 31.93991 21.62965 26.8717 0.03488 17.18843 16.83967 20.39051 10.25922 25.85825 11.82426 7.51235 28.53478 17.05288 11.26526 29.05773 25.17497 25.4053 28.19263 14.21812 24.8006 28.25462 21.06733 10.00932 24.32068 18.86448 25.61992 11.4076 16.96604 15.27062 30.96396 0.0 16.90184 0.0 24.25945 
1000.0 19.46045 29.39217 10.58585 0.0 16.04292 19.60919 12.59963 15.43965 23.96577 14.6834 12.87321 0.0 21.77699 21.55189 24.76237 15.71209 17.3134 6.99355 28.62334 0.03621 17.56698 25.58506 18.84983 8.58098 23.452 15.19368 26.46493 20.24245 29.29516 19.85078 23.55573 28.35751 27.46157 27.33397 25.50651 24.46318 27.25 21.9163 25.79236 22.41063 19.10401 16.84699 21.83146 21.4162 29.96193 13.20392 0.0 23.20715 0.0 27.63126 
1000.0 14.02923 18.91061 24.55343 0.0 22.50956 8.03973 16.91043 13.97137 27.45328 20.64927 24.1932 0.0 31.49914 10.14452 26.17278 8.71076 26.74048 10.2419 13.84672 0.02255 12.02251 31.03271 23.3091 11.92431 12.36122 31.30246 12.70043 17.84198 12.02129 15.26806 23.29009 20.86297 30.98387 14.92629 10.00383 31.08698 19.77018 28.32459 19.06119 10.7041 14.06091 12.88631 16.55262 27.60814 7.89655 12.45347 0.0 11.43798 0.0 7.60293 
1000.0 25.81724 19.88082 6.98071 0.0 12.27271 27.11849 23.26114 14.34469 20.56577 9.7609 15.068 0.0 26.50743 23.52286 10.61872 13.60759 19.80395 27.0378 20.04425 0.01065 22.12099 9.33432 31.62539 19.0948 25.0118 23.30282 11.00491 25.76232 9.50396 31.53274 22.69992 7.30833 9.48376 11.27884 10.55649 17.79831 14.99211 14.37489 28.04239 15.49409 31.39455 31.20138 29.33134 8.42049 12.1815 18.56767 0.0 11.5727 0.0 14.45856 
1000.0 0.0 0.0 0.0 30.54933 0.0 0.0 0.0 0.0 0.0 0.0 0.0 16.71404 0.0 0.0 0.0 0.0 0.0 0.0 0.0 0.0 0.0 0.0 0.0 0.0 0.0 0.0 0.0 0.0 0.0 0.0 0.0 0.0 0.0 0.0 0.0 0.0 0.0 0.0 0.0 0.0 0.0 0.0 0.0 0.0 0.0 0.0 9.52491 0.0 18.83552 0.0 
1000.0 20.25547 24.54321 9.17194 0.0 24.73348 16.80346 10.36502 17.51507 27.72973 26.03322 14.10685 0.0 28.62145 31.29842 16.97005 21.72128 14.42867 21.83629 11.19893 0.01601 25.42179 23.28529 28.26156 13.05174 31.75656 27.55423 23.44741 17.25235 31.68318 17.6391 16.04782 26.18676 11.94114 12.16804 10.00642 20.15923 30.81003 7.29705 20.15716 21.33426 32.15904 30.77525 13.31385 24.39332 27.07566 17.38303 0.0 15.60788 0.0 27.65988 
1000.0 0.0 0.0 0.0 7.30494 0.0 0.0 0.0 0.0 0.0 0.0 0.0 6.89857 0.0 0.0 0.0 0.0 0.0 0.0 0.0 0.0 0.0 0.0 0.0 0.0 0.0 0.0 0.0 0.0 0.0 0.0 0.0 0.0 0.0 0.0 0.0 0.0 0.0 0.0 0.0 0.0 0.0 0.0 0.0 0.0 0.0 0.0 23.3912 0.0 9.71136 0.0 
1000.0 21.66136 26.29228 7.42037 0.0 16.35212 21.10062 27.25684 15.39377 19.17714 7.05376 26.18804 0.0 16.19697 28.11022 6.85244 31.20957 13.68489 27.21714 9.31702 0.0182 23.3403 21.65057 15.15202 8.76889 14.86679 20.68196 21.43259 22.74443 16.87216 16.96063 19.86924 23.89333 10.93145 29.24885 12.53169 22.3442 30.38723 11.32637 29.21809 27.92319 22.41817 25.82387 10.08554 19.88946 21.57229 10.5191 0.0 28.56977 0.0 12.44639 
