1000.0 1000.0 1000.0 1000.0 1000.0 1000.0 1000.0 1000.0 1000.0 1000.0 1000.0 1000.0 1000.0 1000.0 1000.0 1000.0 1000.0 1000.0 1000.0 1000.0 1000.0 1000.0 1000.0 1000.0 1000.0 1000.0 1000.0 1000.0 1000.0 1000.0 1000.0 1000.0 1000.0 1000.0 1000.0 1000.0 1000.0 1000.0 1000.0 1000.0 1000.0 1000.0 1000.0 1000.0 1000.0 1000.0 1000.0 1000.0 1000.0 1000.0 1000.0 
1000.0 39.52225 14.92772 23.3133 0.0 14.87502 16.67315 13.13171 13.50994 19.53861 31.94464 31.43664 0.0 44.42661 30.23178 30.87755 40.00849 25.44362 13.92771 48.12134 0.0124 17.94349 15.16611 39.32685 10.37715 12.47267 12.37124 24.82047 33.59784 22.9095 33.89863 42.101 28.40126 14.88656 28.91055 45.10709 15.48026 43.17119 18.67571 20.48802 42.46654 30.59781 14.4825 31.58784 20.59299 17.38725 16.24358 0.0 44.33294 0.0 24.21619 
1000.0 11.86089 21.49663 31.07723 0.0 28.07267 46.04994 42.8207 17.72723 12.46563 42.02567 49.23977 0.0 14.43902 37.33398 31.85527 26.01834 27.27002 19.81056 18.47446 0.03555 16.72901 43.08102 11.79824 10.43987 17.47395 11.20744 32.99346 31.32292 20.52574 12.77861 22.66071 42.41757 45.78415 36.23601 36.08477 37.58038 17.43183 17.41948 16.19232 39.36208 22.31039 20.1028 12.47365 15.47606 11.3266 19.25839 0.0 40.14373 0.0 30.49236 
1000.0 28.96841 45.44671 22.09413 0.0 46.74858 39.48764 47.85447 47.85892 49.42486 38.03992 29.20953 0.0 41.60399 13.66989 10.47473 42.83866 21.67429 21.70872 16.24335 0.03709 14.37365 35.90716 30.66403 45.47679 48.93757 31.24813 41.91887 21.81705 46.7969 24.83416 41.10407 48.04954 13.79086 34.27524 28.01905 33.46674 40.37228 28.41986 37.38838 43.9033 41.03875 25.5189 15.22685 16.95458 43.28269 36.47369 0.0 42.72836 0.0 23.17413 
1000.0 0.0 0.0 0.0 35.87655 0.0 0.0 0.0 0.0 0.0 0.0 0.0 46.76236 0.0 0.0 0.0 0.0 0.0 0.0 0.0 0.0 0.0 0.0 0.0 0.0 0.0 0.0 0.0 0.0 0.0 0.0 0.0 0.0 0.0 0.0 0.0 0.0 0.0 0.0 0.0 0.0 0.0 0.0 0.0 0.0 0.0 0.0 28.14267 0.0 15.62667 0.0 
1000.0 17.64649 24.48533 21.96179 0.0 45.42782 25.03267 10.41451 43.47841 46.16918 35.39443 10.60989 0.0 28.42861 19.04361 17.88643 44.3276 45.36157 38.08797 22.69519 0.04604 20.61477 44.32087 28.13592 40.66773 33.21878 28.82589 37.21507 32.61366 41.17704 28.43668 37.41178 34.66353 16.93131 40.86091 34.37784 22.7481 31.80864 32.26711 30.62798 18.03503 36.27289 49.08898 24.45126 30.84364 40.38853 12.63384 0.0 24.79057 0.0 39.25873 
1000.0 37.66387 17.5597 29.1847 0.0 32.4208 44.99691 35.2986 17.77001 18.96408 12.15563 46.22952 0.0 27.74491 21.52093 34.64289 14.19383 12.81462 29.63282 44.3932 0.02956 23.62964 25.83235 13.55369 41.45212 16.37308 35.5376 15.37146 30.0139 18.32787 35.59132 26.25961 26.4193 17.14053 39.26468 39.34149 34.03245 22.54081 29.95323 23.9868 47.18206 33.93823 24.10648 46.52551 36.72719 21.57334 31.84742 0.0 18.83184 0.0 12.58411 
1000.0 36.17429 47.13406 47.94146 0.0 35.61536 33.61015 38.10231 41.96944 34.71795 28.98333 36.79455 0.0 10.30109 18.74692 46.80506 34.57746 23.51316 29.36042 38.97125 0.04658 39.05485 39.01765 40.50268 34.58962 20.64887 39.53736 32.48066 35.52044 16.48008 16.53383 23.05809 37.98853 43.40204 11.37576 34.67768 18.09633 23.44198 35.00653 25.51945 48.23005 23.60397 29.52041 27.52925 45.95867 15.21523 35.9856 0.0 36.41218 0.0 46.8665 
1000.0 12.12568 45.78328 36.16517 0.0 14.05089 24.49209 13.91188 15.52396 24.82844 26.75249 21.20365 0.0 11.80388 45.46306 10.25289 18.42955 47.92201 44.34145 36.28085 0.03412 47.07129 26.42744 42.47789 30.3216 38.44203 11.73867 46.22156 17.04119 29.06844 10.21923 41.48915 47.33128 48.23279 28.66924 27.90906 11.00508 39.52974 46.00993 45.52593 32.36241 37.23607 36.27112 26.13206 27.25949 21.48443 27.69757 0.0 17.49096 0.0 34.00572 
1000.0 38.68886 42.24594 38.44797 0.0 43.49927 40.31426 19.93394 12.162 37.67249 44.80172 34.92379 0.0 43.68241 10.99263 11.57573 46.53564 25.97331 44.24658 30.14437 0.04143 44.895 37.51836 47.93061 31.73434 47.04805 12.6177 10.88605 37.66291 22.72044 13.8745 12.90182 49.13917 48.97709 30.48751 25.20359 32.23957 31.53248 24.25067 47.11915 33.48864 42.16354 16.20232 24.01084 20.9667 20.17354 41.60386 0.0 41.1474 0.0 31.63938 
1000.0 35.09909 20.8427 13.18658 0.0 42.16625 47.37768 41.67761 31.65269 29.35048 36.95269 30.14876 0.0 33.56515 44.0303 31.14812 11.01129 37.20344 19.85957 48.51592 0.01006 13.53782 23.54159 39.6909 29.66821 45.7296 20.50859 36.39291 23.02113 35.19485 21.91843 48.49553 32.07896 47.14724 26.1372 11.44712 16.92292 40.35119 46.81438 32.82128 32.48384 46.68574 23.10613 21.66616 32.79975 27.57651 36.37382 0.0 33.92858 0.0 42.30652 
1000.0 29.13814 26.59066 48.4825 0.0 12.68312 27.04631 32.84618 30.7883 46.22106 42.52003 16.28397 0.0 21.36242 37.0388 34.33727 14.88975 22.14205 39.13465 19.81676 0.03456 25.56796 24.01644 38.06125 27.31046 42.18702 46.2815 14.36748 24.23531 29.18956 24.96198 13.62387 31.10981 30.91854 31.99275 40.20427 14.79163 26.96453 18.97457 13.83694 34.00512 13.40776 16.75041 36.36977 40.69209 45.9867 39.5604 0.0 11.10206 0.0 32.1898 
1000.0 0.0 0.0 0.0 36.70065 0.0 0.0 0.0 0.0 0.0 0.0 0.0 9.91023 0.0 0.0 0.0 0.0 0.0 0.0 0.0 0.0 0.0 0.0 0.0 0.0 0.0 0.0 0.0 0.0 0.0 0.0 0.0 0.0 0.0 0.0 0.0 0.0 0.0 0.0 0.0 0.0 0.0 0.0 0.0 0.0 0.0 0.0 45.34443 0.0 10.46882 0.0 
1000.0 38.86454 13.58607 34.67597 0.0 38.70377 18.58578 22.32982 47.71673 27.50731 10.76484 29.54418 0.0 17.92677 27.68844 28.22507 45.61707 18.10531 13.36744 17.91576 0.02088 23.44674 23.52359 27.95923 40.97629 14.94847 26.83989 26.41124 34.14821 31.0582 20.84112 27.04833 23.55657 11.46154 20.27516 46.07202 31.53031 41.87467 18.22024 20.56444 34.0221 21.79264 22.73764 40.09522 44.07894 19.77274 30.72021 0.0 20.26315 0.0 13.81797 
1000.0 13.0342 33.67994 36.07746 0.0 18.32879 43.02335 35.18949 26.75786 38.40386 38.56799 31.11827 0.0 24.88603 12.29354 17.72351 19.39834 14.1974 25.10875 28.05955 0.04341 15.30604 20.7469 33.41914 36.4226 17.9234 36.76444 27.1841 15.80096 22.74154 29.41465 47.68891 27.90518 20.25704 19.0535 45.55727 21.20271 33.17582 19.1145 37.08726 41.59726 41.13016 47.42694 46.29844 36.27713 40.82157 41.76105 0.0 12.9806 0.0 35.89763 
1000.0 28.10834 10.21299 23.99143 0.0 43.50146 33.14317 14.05102 44.76111 30.79206 28.98162 26.09502 0.0 14.47763 39.18111 36.88301 28.9217 25.26189 39.07158 17.12963 0.02874 36.82485 12.36818 31.6266 28.22192 29.57026 46.99324 38.56978 14.92374 21.27583 36.77753 25.43463 24.63169 47.69686 18.02824 12.32582 13.93491 46.12335 26.36178 17.4435 34.4004 47.29626 31.63689 15.98649 31.42919 26.63404 16.16835 0.0 12.23689 0.0 33.80211 
1000.0 28.90107 47.99827 12.77075 0.0 10.82887 34.34709 41.42875 20.0986 17.20365 42.11371 20.50242 0.0 35.14833 19.36657 28.02512 48.27457 46.81891 46.74293 43.30173 0.02334 19.44739 47.87419 13.90533 36.84433 19.74904 27.98016 45.70549 17.55607 13.49254 24.07055 22.72567 11.86976 26.65954 40.64014 20.49396 46.63606 42.1186 21.6206 39.30719 21.9286 48.10593 22.46872 11.67858 43.48749 36.24246 26.4882 0.0 18.59768 0.0 28.54493 
1000.0 37.16032 19.4743 17.46252 0.0 15.02368 43.54552 47.11599 46.99039 18.12106 19.04984 19.24743 0.0 14.53799 13.33935 32.26041 13.13862 39.46489 37.95233 12.65105 0.01178 16.99005 36.45567 40.50153 32.44442 28.73116 29.11321 36.9593 16.61669 36.65879 45.89799 42.20144 49.23189 27.10348 47.90565 46.26647 21.54201 19.32782 30.64772 44.10305 16.52089 35.79177 41.81378 20.05401 11.12918 25.88972 23.4048 0.0 45.23439 0.0 23.19678 
1000.0 37.56966 25.97263 29.07405 0.0 39.15684 38.10698 38.07304 31.62249 20.69694 39.89165 31.34092 0.0 25.37522 32.468 41.40275 19.09957 12.73957 16.3885 35.82241 0.04408 30.73333 17.02516 28.17495 23.68946 14.10121 22.11414 41.93999 11.10765 13.8693 27.09504 17.72509 34.89708 36.4118 11.00364 37.01327 26.47158 37.1486 36.22028 10.70882 15.75594 47.5164 29.0317 44.97964 11.13788 41.16217 32.11092 0.0 29.67364 0.0 43.99437 
1000.0 37.81314 25.26943 20.94559 0.0 14.95371 25.7585 13.95631 45.7729 48.57317 21.01527 14.1338 0.0 20.24999 30.05976 42.21722 29.81539 37.75916 19.95996 29.26054 0.03805 43.14564 14.19876 10.75415 36.32418 34.06914 13.69098 43.24512 13.74126 33.11611 20.03907 47.08877 49.41997 10.75732 14.90712 15.4059 40.49639 12.13208 36.15439 28.64658 38.76036 43.53784 30.04653 11.0095 42.99403 18.61911 36.33007 0.0 44.60043 0.0 28.82768 
1000.0 0.08232 0.15468 0.17659 0.0 0.10173 0.07885 0.10097 0.16933 0.17032 0.10502 0.19142 0.0 0.12341 0.04801 0.19624 0.16143 0.08684 0.09881 0.16403 14.96182 0.14626 0.17237 0.18288 0.09681 0.04772 0.11976 0.0892 0.15666 0.16223 0.15319 0.09824 0.05113 0.10839 0.05443 0.1558 0.19125 0.09584 0.07436 0.08459 0.10667 0.19213 0.12209 0.16451 0.06298 0.13434 0.13356 0.0 0.12064 0.0 0.14299 
1000.0 26.73919 41.75375 28.79821 0.0 27.39553 17.58573 46.5411 12.21611 13.70686 47.32903 20.24571 0.0 13.66998 32.76229 24.77676 25.89986 11.14951 28.43073 20.57718 0.0323 16.76694 44.58257 26.04124 40.68987 41.61455 23.12343 14.1489 19.19679 25.83645 46.94771 24.97353 15.30285 31.36479 36.01697 40.99213 29.49357 16.76325 41.25077 40.70962 26.96768 24.44641 37.49467 36.60073 48.48728 45.66988 18.10829 0.0 13.09041 0.0 33.55059 
1000.0 41.68792 41.66361 10.34383 0.0 43.14865 20.42948 15.44303 37.82879 10.22126 11.30941 17.49876 0.0 16.71645 13.09061 10.61799 24.07419 17.6338 31.21603 28.77307 0.01401 20.74819 26.59983 44.07289 42.94029 18.83556 48.15421 29.47679 32.83182 43.57726 24.01803 40.88816 36.73365 28.47173 45.0139 25.34352 15.07953 30.16248 19.26674 31.2312 47.43427 16.37288 46.09203 45.79654 11.31567 16.0086 46.09018 0.0 45.40006 0.0 19.87796 
1000.0 23.69145 17.63961 18.19601 0.0 13.83324 37.84828 47.38011 39.35187 12.66559 32.44325 19.28936 0.0 21.28013 32.6434 25.51739 34.8925 19.0096 26.93189 20.77522 0.0281 48.53358 21.69927 24.00691 14.47517 26.26204 39.77205 40.62561 20.10111 29.13242 34.02099 11.06092 19.03734 11.26142 10.35432 33.44007 37.87221 44.11646 38.58865 13.32074 29.81385 11.78648 21.2135 45.13314 22.9511 45.98797 33.9164 0.0 29.96333 0.0 35.24818 
1000.0 21.86917 22.52917 26.56663 0.0 33.07451 27.24438 35.62819 37.38797 17.61524 39.85007 31.68551 0.0 13.06784 46.76414 34.62289 36.69364 38.20505 22.66878 38.88783 0.02374 39.12564 30.15493 14.50114 41.33528 49.2947 14.88345 47.28581 24.71207 47.51598 36.71271 34.72337 16.269 20.68309 32.30676 29.46499 47.82137 34.79523 47.79999 29.77388 37.53011 43.4108 47.38306 15.10425 40.00377 28.08028 10.73531 0.0 10.57365 0.0 14.65016 
1000.0 38.10286 33.85639 13.04957 0.0 24.59781 23.67162 35.27862 28.16836 49.01407 36.44645 37.58175 0.0 13.5079 36.94087 23.50993 30.97814 15.21087 46.31917 23.93293 0.0213 45.79181 42.30435 36.70508 18.66582 25.07934 14.67508 43.08916 12.4315 26.51815 11.86284 48.69246 10.49065 12.72461 35.1363 10.01035 42.73863 13.51505 43.96141 17.18308 42.28737 23.45177 47.93233 40.62709 30.06723 20.78157 18.85603 0.0 38.94968 0.0 44.87031 
1000.0 10.04119 35.9178 29.56535 0.0 27.24097 18.54419 20.18958 46.91619 16.13192 19.28846 40.81092 0.0 26.19466 11.79215 13.97063 34.28709 37.55375 38.64925 12.33723 0.01779 16.71848 16.98193 36.52266 34.53886 33.14481 21.02823 22.99585 31.51054 14.65989 32.8488 28.55158 31.95779 36.33441 47.5822 46.9069 42.53225 12.53661 19.82763 23.22744 37.42836 14.60814 27.84801 21.36152 18.90979 36.62146 46.75608 0.0 26.66564 0.0 40.39163 
1000.0 18.35631 15.27352 31.32513 0.0 46.65646 14.58364 49.2698 21.45015 23.64508 13.36379 43.04532 0.0 28.53704 32.58114 12.37214 12.59632 14.83832 41.60627 25.93036 0.01201 32.06998 17.68312 33.76699 15.20078 21.00904 47.09525 37.51653 32.41817 45.05143 42.77263 46.84785 20.91984 16.34866 19.91183 39.69452 31.95204 28.05983 38.1826 21.09077 36.74159 14.09321 12.74533 23.02261 46.79292 31.1924 37.19801 0.0 23.61471 0.0 14.63525 
1000.0 30.54193 44.18557 37.06226 0.0 42.49631 10.12912 29.08797 47.49423 24.43573 46.11347 47.46337 0.0 43.8557 11.90983 25.19852 42.04618 24.2148 20.93796 30.12067 0.03771 32.21241 36.04906 25.12563 34.64093 19.29658 14.67889 26.55284 43.90263 48.56215 18.927 24.34784 20.10145 39.0065 39.8238 48.67536 25.32652 23.00925 18.03945 13.11705 49.12386 15.17293 15.34855 15.34453 45.25319 10.62444 42.01288 0.0 24.68353 0.0 27.05734 
1000.0 19.53109 43.68836 22.0098 0.0 22.33462 13.37087 19.42467 48.23248 21.93872 43.02391 39.60604 0.0 16.43655 20.88734 49.16829 29.41055 47.95781 11.11728 28.96847 0.0175 30.38439 31.1246 36.49274 37.76304 32.12964 14.15266 41.97251 25.73001 13.46678 32.78272 36.50797 25.29011 26.65996 40.353 44.45926 15.82576 23.56319 15.38911 32.11934 23.19105 26.94236 35.50398 35.51273 16.63466 13.26529 17.69198 0.0 14.88083 0.0 28.49079 
1000.0 22.02102 46.17597 35.71219 0.0 18.42221 30.5835 42.21594 23.87293 40.03915 42.85788 37.63292 0.0 24.19436 10.12564 44.29879 10.08908 45.76984 38.08775 46.33863 0.0474 44.01796 45.91697 45.52872 40.88835 31.90696 35.90323 44.54855 46.82869 34.404 30.92565 25.16004 26.27409 36.98122 20.96481 24.98978 28.01803 29.30875 24.88013 41.91256 14.26753 17.60876 25.75909 11.56314 24.1436 15.22538 43.05027 0.0 45.07602 0.0 36.9626 
1000.0 27.77717 34.25085 23.8991 0.0 19.88805 12.67406 11.8417 47.26696 14.44849 47.41639 33.27548 0.0 26.81963 36.79903 44.0741 44.85615 32.94103 44.16872 22.02792 0.03049 25.12476 33.41889 26.04847 39.32674 26.04135 15.81486 39.52176 45.62739 13.01104 11.93061 36.7212 39.20589 19.87877 42.33025 16.00727 36.53414 11.49062 22.9605 23.56563 40.31123 33.7755 31.86245 16.45085 30.37561 41.14346 16.64697 0.0 27.82884 0.0 29.45564 
1000.0 18.04842 16.02114 23.27379 0.0 31.86956 18.20074 39.36444 40.95419 31.87699 26.18004 13.5597 0.0 14.10933 16.96673 40.61907 28.9482 34.72227 26.54184 44.89868 0.01656 31.7596 10.43034 15.53262 37.08176 14.35624 22.07544 35.35206 17.27989 46.72904 35.23299 17.26992 10.20137 35.13322 37.24815 19.32261 45.64008 15.3888 38.97561 48.40528 49.08222 36.63002 30.34229 16.57067 44.10291 32.20833 36.23462 0.0 16.93642 0.0 35.04758 
1000.0 35.74934 37.95164 11.05294 0.0 37.46335 27.1223 12.31844 10.83678 48.38681 15.59409 13.4526 0.0 29.48736 26.2333 13.75717 41.98769 28.79731 27.69888 16.42362 0.01809 23.12441 15.55535 17.35102 13.71761 13.18515 34.11595 11.67199 33.9117 30.38963 44.94938 21.89081 27.34243 48.12999 24.08312 32.68702 14.48967 13.53986 43.29747 19.58466 21.45379 45.25563 11.98642 13.62982 22.52833 32.15513 10.43032 0.0 19.77195 0.0 19.72028 
1000.0 31.18671 17.26845 31.0921 0.0 24.48469 17.83599 37.24978 48.43423 39.15474 48.81962 36.4235 0.0 18.70393 49.39256 24.69348 47.7802 42.10335 20.97531 27.15377 0.02708 35.87897 32.98395 41.75731 40.59124 48.63331 42.35172 48.99523 41.74043 15.22132 36.86805 42.39929 26.44896 25.65654 40.40365 38.39337 39.66977 17.76484 42.02592 19.6324 27.95426 10.42614 20.34473 44.77093 15.71649 39.86819 13.89342 0.0 47.08176 0.0 48.11988 
1000.0 31.008 29.35028 35.70006 0.0 43.95169 17.26039 26.26091 18.88864 11.8921 11.36908 37.54789 0.0 27.6621 28.03631 43.42186 45.50293 40.59295 33.44562 45.38295 0.03313 17.77915 14.38757 37.56578 27.82705 19.30446 47.1869 45.94155 46.96057 26.29271 11.29045 34.23605 22.25893 15.66866 35.31698 20.56983 16.94735 13.37437 36.77487 43.66042 49.00125 12.37259 30.97688 31.12417 26.74769 16.75314 18.54132 0.0 48.26671 0.0 24.38075 
1000.0 12.08602 35.76911 39.44337 0.0 40.88997 13.1806 11.8563 13.61306 21.42777 18.46545 41.97743 0.0 16.51514 16.43392 42.62243 28.95147 33.54885 39.38842 10.01985 0.02023 23.77722 12.87856 24.19918 17.50146 35.13161 29.587 38.43309 36.85769 40.81884 36.52925 19.57492 44.54886 26.39822 35.33265 46.17671 31.56264 37.67551 30.15591 23.3509 38.18191 35.0072 49.36061 12.66979 11.7435 18.44434 38.25492 0.0 26.17516 0.0 30.03949 
1000.0 42.46522 28.57849 39.98876 0.0 38.75063 45.87982 40.46297 42.77209 25.44305 31.34935 22.08235 0.0 14.63269 46.00262 19.07674 39.87539 34.76024 23.17074 36.92533 0.01594 11.78715 44.00859 24.22224 11.35877 30.42943 28.89683 41.28014 19.3752 33.8529 35.40925 35.86642 24.25862 11.59689 20.06796 43.37234 12.78577 37.88498 38.43998 34.33803 21.20924 33.54597 11.18872 41.54398 39.85706 44.46566 29.52328 0.0 41.71019 0.0 18.26477 
1000.0 47.55765 21.75679 14.70647 0.0 19.62061 42.22821 25.98823 45.65419 13.1618 35.75448 44.15673 0.0 34.73507 48.89337 36.28245 25.37445 23.71506 29.47064 41.93321 0.04315 19.63003 23.63821 35.09067 41.95681 40.06981 15.91399 23.80138 36.00846 25.64338 45.64413 14.93204 14.37811 17.65049 16.1664 34.29619 34.69417 20.26858 26.46946 42.93516 38.92152 10.06937 37.26075 21.61773 37.78414 19.02974 19.49132 0.0 28.39188 0.0 27.76746 
1000.0 22.12025 35.95829 14.88729 0.0 29.49523 42.95076 21.62255 40.31612 20.93309 25.0571 10.93348 0.0 38.49836 20.21688 12.72635 48.22483 39.13282 27.69377 26.40235 0.03774 47.16927 49.21237 41.76489 21.53476 24.10598 20.11925 44.69154 13.26278 13.01912 18.10882 23.70767 38.2813 23.32519 22.86719 41.55573 47.51701 12.57615 21.15111 16.81465 31.70414 26.58174 29.56479 20.50642 28.59916 26.79577 17.63132 0.0 38.47855 0.0 37.31335 
1000.0 42.89641 17.32719 13.20823 0.0 38.00545 32.29227 43.82661 14.09512 39.92551 27.77344 35.40051 0.0 37.59 40.67607 23.84614 35.90707 20.04004 48.45598 39.28351 0.04832 40.93005 24.00403 38.32802 42.59488 15.46927 44.95683 28.33631 22.30906 19.1874 35.17902 25.76433 21.52648 32.66141 11.85518 22.77279 34.93827 27.49119 12.12047 11.15116 13.67504 11.36716 48.50067 38.2856 48.0337 13.65606 34.09673 0.0 30.75371 0.0 26.48972 
1000.0 35.64979 49.19034 29.02612 0.0 24.85657 39.51237 36.00485 21.59118 35.47085 25.43481 36.44745 0.0 16.93243 33.74065 33.88367 25.12075 23.92257 43.07328 27.46422 0.03247 10.17642 19.50686 36.41252 48.86988 22.03359 24.60733 35.89472 26.82166 20.592 26.30562 36.4999 26.65621 45.58958 23.17492 12.52992 35.82529 30.40741 11.9627 21.97839 45.46728 20.92584 29.21918 30.32719 11.35739 21.272 26.82546 0.0 34.2143 0.0 11.06031 
1000.0 46.20434 42.67699 18.70097 0.0 42.28356 13.46168 48.30865 26.30303 45.77658 23.46407 33.75213 0.0 35.73669 43.03927 18.37231 14.05528 30.45603 12.1149 34.98851 0.04031 14.5925 42.62618 22.00666 27.19944 44.78811 45.22301 11.41734 27.27015 24.39731 24.15876 19.3854 14.83954 10.68983 30.68982 40.89549 28.39287 47.4178 41.68668 28.8515 14.73544 49.25987 27.70857 34.65653 47.52916 25.9894 30.16617 0.0 30.95264 0.0 24.62498 
1000.0 39.55646 17.4627 24.50005 0.0 48.38806 25.65216 15.88044 27.49026 24.94708 39.34218 45.95378 0.0 10.98014 23.92548 38.51956 37.20988 19.19144 21.9881 24.07396 0.02417 44.2544 40.48075 10.64792 27.94375 48.24897 47.62505 38.90153 28.97108 30.84046 40.5595 47.27224 10.55929 24.714 23.72158 13.56738 45.27554 27.71291 34.30486 10.14111 47.47313 39.30335 23.23831 44.44414 42.74997 16.37143 12.85484 0.0 43.5404 0.0 25.14425 
1000.0 30.29679 30.74171 43.24612 0.0 38.75465 36.8349 11.86574 44.73893 10.0567 17.89051 21.95832 0.0 31.61221 12.52761 47.38634 13.04091 45.04556 47.28309 47.16209 0.01357 46.81982 10.12511 26.85465 41.72044 30.64688 34.86351 12.33031 27.3814 14.36656 25.10636 42.85128 12.71593 17.8371 22.33877 26.81169 23.08921 16.36467 19.2124 28.92196 35.70936 39.15504 11.17918 28.81182 26.44148 43.69874 10.81268 0.0 47.75546 0.0 26.80905 
1000.0 19.05958 21.89433 20.79348 0.0 16.61604 44.56942 36.80569 41.63536 14.45201 11.19352 12.29338 0.0 23.68956 19.3095 36.38979 28.96383 35.09102 10.75572 31.28191 0.01278 36.7753 19.79091 10.8569 20.18594 45.86718 31.52615 27.51643 32.41942 10.47811 33.67578 16.33983 20.05588 30.56026 48.94774 12.09491 10.43578 48.99312 33.26151 12.54499 26.06858 33.22892 19.05953 17.02291 45.97424 25.98572 39.63441 0.0 31.23928 0.0 12.42837 
1000.0 48.45397 23.94013 29.83997 0.0 44.70747 33.3705 47.0378 30.37356 40.93811 17.44435 44.87772 0.0 30.71804 48.15672 15.56718 22.18834 26.40454 24.31712 22.42409 0.01688 15.27316 21.66933 29.76236 26.88618 26.27179 13.24424 15.95475 42.25996 19.63106 10.66278 43.60738 24.2428 47.07166 45.7793 49.07165 12.91843 16.59117 14.43898 11.43724 40.75835 19.04475 24.97543 18.186 30.56081 34.29739 30.83075 0.0 31.72253 0.0 13.46308 
1000.0 0.0 0.0 0.0 45.58074 0.0 0.0 0.0 0.0 0.0 0.0 0.0 37.88151 0.0 0.0 0.0 0.0 0.0 0.0 0.0 0.0 0.0 0.0 0.0 0.0 0.0 0.0 0.0 0.0 0.0 0.0 0.0 0.0 0.0 0.0 0.0 0.0 0.0 0.0 0.0 0.0 0.0 0.0 0.0 0.0 0.0 0.0 35.0393 0.0 44.64996 0.0 
1000.0 36.73856 44.25803 28.03421 0.0 40.04481 35.76427 10.47922 27.85143 25.25933 39.47727 47.39389 0.0 10.77558 45.12086 22.11363 49.05555 24.57346 33.47436 29.29645 0.04293 15.55482 41.29657 30.36163 46.29574 27.40724 33.06554 36.73971 19.84128 24.60731 23.34942 30.71729 32.11035 21.60143 44.50244 27.41266 24.42353 23.86039 24.08161 47.32376 43.26452 45.50023 24.95209 36.27048 17.84642 27.25777 44.78814 0.0 41.56092 0.0 10.38158 
1000.0 0.0 0.0 0.0 30.65162 0.0 0.0 0.0 0.0 0.0 0.0 0.0 10.04758 0.0 0.0 0.0 0.0 0.0 0.0 0.0 0.0 0.0 0.0 0.0 0.0 0.0 0.0 0.0 0.0 0.0 0.0 0.0 0.0 0.0 0.0 0.0 0.0 0.0 0.0 0.0 0.0 0.0 0.0 0.0 0.0 0.0 0.0 43.69878 0.0 22.93433 0.0 
1000.0 46.32803 13.74148 35.62512 0.0 16.8087 47.2915 38.38615 11.61273 25.8364 16.21461 20.05897 0.0 43.46309 27.45704 32.37118 37.359 46.27795 37.26039 38.89876 0.04219 10.28533 20.48479 20.08144 35.58031 43.49571 29.74556 38.71407 42.47835 10.75702 42.72328 21.86477 20.78277 21.90713 33.928 41.07358 35.15924 12.74129 46.66642 19.09913 31.3435 30.67519 25.97873 41.70658 21.04012 48.78299 40.29014 0.0 17.62977 0.0 36.69708 
