1000.0 1000.0 1000.0 1000.0 1000.0 1000.0 1000.0 1000.0 1000.0 1000.0 1000.0 1000.0 1000.0 1000.0 1000.0 1000.0 1000.0 1000.0 1000.0 1000.0 1000.0 1000.0 1000.0 1000.0 1000.0 1000.0 1000.0 1000.0 1000.0 1000.0 1000.0 1000.0 1000.0 1000.0 1000.0 1000.0 1000.0 1000.0 1000.0 1000.0 1000.0 1000.0 1000.0 1000.0 1000.0 1000.0 1000.0 1000.0 1000.0 1000.0 1000.0 
1000.0 29.93121 23.05962 20.51711 0.0 31.46323 36.82002 15.28432 26.13968 14.01548 21.04087 15.232 0.0 22.84191 35.14181 23.52225 38.57979 28.53213 8.38136 32.92579 0.0347 27.94434 25.6817 15.43939 20.50038 8.96928 17.26486 27.82338 29.13403 24.85987 31.88448 18.62226 24.73543 10.30693 23.66143 31.87646 18.35698 28.58725 24.88208 14.26661 8.46163 34.12939 15.09165 24.98173 16.6758 38.50417 36.33758 0.0 19.13484 0.0 29.3144 
1000.0 32.82311 29.67076 18.12628 0.0 31.3393 22.59591 34.42344 24.29159 28.77273 14.98894 12.21822 0.0 21.75701 10.10356 32.5304 21.84275 12.5558 25.17028 12.52924 0.03157 9.69573 14.99139 31.39146 37.81962 13.34614 8.60384 20.04291 28.47201 17.18302 21.05117 12.21733 34.2562 33.76234 23.29365 38.52225 21.36991 12.25307 30.78866 38.029 22.85427 38.92576 28.43025 25.73366 9.59186 22.49338 29.13996 0.0 36.44658 0.0 15.85568 
1000.0 38.15882 37.0177 36.94261 0.0 34.03344 20.82282 18.72672 8.60669 35.2787 22.89101 10.24332 0.0 16.52368 36.81534 20.73989 23.73335 39.40444 35.37055 35.45947 0.0278 39.20637 14.62809 34.03082 25.74774 21.88534 9.16892 26.39108 29.06607 10.09746 18.86349 24.52096 13.32488 27.89138 38.88605 16.22419 24.71826 14.20516 37.8058 17.07468 8.85373 26.25511 35.53275 12.65917 27.18488 12.68262 12.30704 0.0 24.52045 0.0 28.72568 
1000.0 0.0 0.0 0.0 36.5176 0.0 0.0 0.0 0.0 0.0 0.0 0.0 8.40492 0.0 0.0 0.0 0.0 0.0 0.0 0.0 0.0 0.0 0.0 0.0 0.0 0.0 0.0 0.0 0.0 0.0 0.0 0.0 0.0 0.0 0.0 0.0 0.0 0.0 0.0 0.0 0.0 0.0 0.0 0.0 0.0 0.0 0.0 37.27947 0.0 15.53384 0.0 
1000.0 23.02375 38.14019 32.9041 0.0 31.07912 35.40557 14.49232 31.65442 16.1426 34.82583 20.92921 0.0 9.43162 17.71436 29.20097 34.93941 34.36674 37.62681 12.26396 0.02839 9.41416 31.36238 17.72043 33.5866 26.14509 35.94317 32.45474 30.49141 9.9858 22.04207 19.18284 26.99696 32.53864 23.74268 21.28147 29.68435 7.98452 8.3468 24.30458 32.354 12.01216 18.15568 25.95474 18.03372 8.25807 21.24108 0.0 30.50515 0.0 19.85558 
1000.0 39.12374 33.32019 19.46465 0.0 31.81309 26.78197 28.17481 38.0135 14.67614 32.67961 23.89361 0.0 24.77763 10.37092 38.06981 38.03225 26.5322 8.42911 22.04029 0.02062 15.55787 14.73251 12.65201 10.89346 16.44979 16.12432 35.73803 29.6745 38.12726 18.57955 35.1084 16.74251 34.58612 23.86468 35.41676 21.75592 9.4542 14.5425 36.474 36.37043 32.33726 23.2499 18.35476 24.98253 25.16863 27.40972 0.0 29.82142 0.0 16.03393 
1000.0 36.66405 10.08015 7.94711 0.0 10.11318 32.23783 18.05141 38.023 30.23111 35.06767 16.82584 0.0 17.77643 14.18369 38.0239 26.28401 25.70139 17.28815 22.90195 0.02179 25.88429 38.84291 20.69446 19.02448 19.34699 18.60362 32.44023 31.63402 9.08197 22.40533 19.89 37.20177 38.39409 34.65516 33.26605 10.0944 23.70326 15.72155 12.42284 25.08721 16.39485 25.85738 29.24416 8.89839 9.93159 19.39682 0.0 29.98901 0.0 22.46261 
1000.0 28.57809 31.11161 38.18917 0.0 23.2971 16.77818 37.98574 31.44584 8.37461 34.64202 21.34704 0.0 31.06211 19.31007 11.95231 21.47675 26.83666 24.11167 10.72666 0.04088 30.76896 8.87914 38.64425 9.05955 21.36338 35.08462 31.54101 16.26087 17.16456 14.10436 12.71371 13.55531 14.37951 30.84991 38.81651 33.79175 13.43484 37.20132 30.34633 9.7505 28.25012 33.17347 31.96243 11.33363 30.32299 9.58791 0.0 31.9832 0.0 25.86493 
1000.0 17.65301 14.07764 33.75477 0.0 11.92147 17.9297 24.79788 9.49564 32.13134 19.06547 36.28441 0.0 11.80689 27.7095 35.05881 13.38156 34.27933 34.11935 33.01658 0.03129 27.65716 33.12011 13.75938 28.585 36.4965 19.26817 14.09166 24.98274 34.46865 9.62126 22.19634 30.9901 28.27728 34.54129 18.66934 39.00261 35.97514 28.80026 10.51444 17.84822 20.47558 15.32324 9.36279 31.92212 30.57437 18.76322 0.0 8.39791 0.0 20.85337 
1000.0 25.64329 16.59941 20.68356 0.0 14.78159 9.60853 21.99066 19.24805 13.73854 29.41071 36.43475 0.0 37.29723 31.01682 28.62475 8.30532 25.20045 11.54704 24.30138 0.03294 16.89992 23.66595 26.17115 39.40138 8.33071 17.97703 25.25429 20.58393 22.56433 37.36744 22.28922 21.80504 16.83625 17.35683 24.895 30.9597 24.88026 25.1345 9.06072 38.0394 35.3612 23.13068 11.02408 15.4535 25.22586 32.84675 0.0 14.25897 0.0 16.28417 
1000.0 31.26833 21.56508 24.23383 0.0 24.07475 17.51411 16.3794 25.85974 21.34243 26.77059 12.51679 0.0 22.97346 18.00346 18.46275 23.62289 32.8862 17.16799 28.11471 0.01034 12.16689 24.94274 26.85034 23.35025 26.29973 32.29034 17.15052 39.259 37.45193 28.72059 15.33635 17.79565 11.5443 28.05628 22.34372 14.13434 30.91362 15.85807 9.20054 24.64461 38.5462 25.16139 32.65394 10.51425 38.24546 9.50085 0.0 39.0735 0.0 25.11078 
1000.0 0.0 0.0 0.0 35.48474 0.0 0.0 0.0 0.0 0.0 0.0 0.0 13.27277 0.0 0.0 0.0 0.0 0.0 0.0 0.0 0.0 0.0 0.0 0.0 0.0 0.0 0.0 0.0 0.0 0.0 0.0 0.0 0.0 0.0 0.0 0.0 0.0 0.0 0.0 0.0 0.0 0.0 0.0 0.0 0.0 0.0 0.0 39.21676 0.0 22.91674 0.0 
1000.0 30.73975 36.66293 23.63993 0.0 27.50402 11.1439 36.7026 26.48751 12.78777 22.3122 23.7627 0.0 19.70004 16.72937 38.48041 18.30276 31.65947 38.42134 22.61699 0.04172 11.00599 32.55725 10.14479 17.50631 14.63883 20.96309 16.63669 13.44314 13.74531 33.72797 35.14821 13.37635 27.44942 16.34867 18.33385 9.14529 31.25561 39.32763 9.8601 28.86301 37.73194 16.98456 30.95061 16.81691 31.25833 9.71431 0.0 35.98547 0.0 26.69397 
1000.0 34.33929 36.37676 22.17948 0.0 21.53811 11.04969 15.83554 9.08207 24.16481 20.88176 12.51268 0.0 27.44094 33.70907 27.46895 10.66562 11.19653 20.25782 8.53784 0.02391 20.86557 21.46285 19.95577 15.08073 13.94056 31.24117 11.58468 29.03324 28.72478 31.34168 29.82139 10.13222 18.51206 23.4535 14.18535 14.65517 24.98087 18.12487 16.67463 37.14967 30.17101 19.85337 13.7022 33.17142 26.96603 8.55117 0.0 28.26748 0.0 30.5833 
1000.0 36.40939 16.10106 39.10451 0.0 27.98812 29.45551 27.00219 39.3718 38.51929 23.36651 30.92584 0.0 23.79406 16.40739 19.37084 10.6959 23.67694 17.16806 11.31105 0.03023 20.95003 20.97554 15.84935 32.95789 17.77953 19.5 34.06514 8.81118 14.86115 35.5706 10.06537 28.64401 35.64446 23.97392 23.79378 37.51497 21.36526 30.12004 29.0861 24.8936 36.11059 27.31524 18.19635 17.93172 18.69794 33.29441 0.0 21.04682 0.0 21.06354 
1000.0 14.32278 26.21578 38.82857 0.0 16.52461 20.80697 29.29532 20.48564 14.97918 21.92542 28.84698 0.0 14.32128 26.39439 17.20319 25.9597 14.58185 33.81132 23.48464 0.03493 22.41354 18.1932 19.11492 17.56291 12.31846 14.60166 22.36052 22.13408 29.35125 36.07019 33.70674 29.38024 10.93919 30.36028 29.08718 31.37799 33.98976 24.42851 21.1597 32.05862 15.20143 31.30246 26.94583 36.9061 37.94367 16.21091 0.0 26.41161 0.0 22.3851 
1000.0 37.37553 18.86626 25.66591 0.0 16.99048 14.71913 37.28971 27.38822 14.24209 38.13317 12.08158 0.0 30.63752 29.5989 18.50141 18.08654 32.02835 37.10765 39.40092 0.01967 18.20654 38.58919 11.67796 12.39123 9.79412 38.29631 23.01577 29.16038 15.46136 25.38066 24.13135 25.00494 29.16473 8.69866 29.97903 19.52584 15.74727 39.13493 23.96571 20.83447 15.86831 8.06329 35.06792 20.06311 18.6545 23.40461 0.0 21.95829 0.0 15.78901 
1000.0 33.44343 15.46648 18.1526 0.0 33.88449 22.07484 27.31227 38.29193 9.92192 22.45264 25.69326 0.0 16.12855 28.16694 19.93183 38.89883 39.39663 23.93915 27.37741 0.01959 24.37256 26.02459 12.29357 8.43525 29.11043 8.49125 23.79677 32.19007 34.84136 16.66913 32.47909 39.07961 20.49995 25.37033 32.29732 34.61371 16.26027 37.4839 37.8337 22.10466 16.89829 23.17507 33.35582 30.82507 19.90038 22.82462 0.0 12.06885 0.0 12.36684 
1000.0 16.02949 24.90368 35.32977 0.0 31.15438 25.03874 36.63378 34.64344 34.64911 26.769 18.67862 0.0 22.88112 33.04801 31.02299 30.44778 16.54575 18.65296 23.21112 0.02983 29.90673 13.19816 38.47565 21.80408 29.75838 25.34602 31.87767 15.9321 18.70817 12.35902 10.72576 20.73162 29.74088 32.81922 31.87029 25.32805 36.44601 31.5393 34.25756 11.86725 24.4075 34.92947 33.04475 10.13264 20.83813 34.44963 0.0 37.14942 0.0 11.97966 
1000.0 0.11332 0.16845 0.17013 0.0 0.16014 0.06197 0.12244 0.16336 0.09457 0.09143 0.06513 0.0 0.07495 0.03903 0.10729 0.05414 0.17739 0.0506 0.08855 31.48067 0.08802 0.16508 0.11182 0.03748 0.15085 0.13597 0.08401 0.16203 0.15258 0.10002 0.08055 0.09311 0.16411 0.10193 0.10432 0.09641 0.09769 0.12343 0.16875 0.05079 0.082 0.12731 0.08463 0.05009 0.05502 0.15316 0.0 0.07863 0.0 0.14069 
1000.0 31.1851 19.47092 21.05307 0.0 9.34477 27.82495 36.38709 18.73193 20.65712 30.80622 10.98266 0.0 33.60582 14.7148 36.69522 37.18689 10.73595 25.47903 23.89964 0.01017 15.93841 28.80065 29.94366 23.59601 24.16901 27.2819 28.82502 22.53734 32.88522 28.54971 8.25568 14.17405 33.82323 29.05488 28.23234 26.3949 11.47944 9.67683 11.34613 14.46073 28.15744 14.92478 32.33915 15.66611 34.55002 24.03299 0.0 26.97381 0.0 36.97684 
1000.0 33.89338 35.99908 16.68268 0.0 37.3931 29.8312 19.70595 29.4979 23.64897 23.54757 28.15488 0.0 17.69373 20.8378 33.99833 32.29743 11.32962 11.6047 15.67832 0.04231 30.77406 34.11884 34.0005 39.27359 15.38848 14.02813 24.22776 34.4095 32.39804 38.88137 11.75968 29.359 31.95137 27.65388 35.39918 38.25879 37.55224 34.7495 21.21519 13.20015 22.79603 13.5581 9.3175 18.24227 17.13299 37.81275 0.0 24.46872 0.0 38.11163 
1000.0 32.4183 18.22811 38.30249 0.0 31.75291 20.03737 33.01862 16.34586 34.10483 25.66359 34.28151 0.0 28.4559 17.39294 27.92446 18.26362 36.74823 14.8061 28.17013 0.03505 36.03122 29.18987 11.64529 13.93224 20.11431 29.68232 35.00205 16.96649 25.6394 37.52782 17.88701 17.54878 20.75913 11.53021 27.44465 25.75461 10.11869 37.00708 23.93876 36.40145 22.19721 26.02461 33.80005 11.50365 11.77581 12.29036 0.0 7.90172 0.0 16.22649 
1000.0 27.57156 31.31362 8.7194 0.0 21.37506 36.32981 28.69338 32.16273 12.39285 24.55567 31.64045 0.0 17.29809 7.95491 8.17203 18.03121 37.73654 30.16464 24.3014 0.01935 28.31339 11.04224 14.46268 26.62055 20.26928 24.28566 37.39104 26.14874 20.73735 38.53326 29.10784 8.22157 25.5517 26.16022 9.36779 37.60997 14.56781 34.14984 17.415 35.96634 25.27229 34.10123 9.98 12.72766 26.91858 39.10434 0.0 24.63531 0.0 24.80756 
1000.0 10.62248 18.96367 17.54651 0.0 22.58595 19.44888 37.87922 39.01702 37.19022 16.42086 10.91208 0.0 30.44791 25.87849 13.21617 15.26448 18.48437 24.42656 34.49585 0.03982 8.97398 35.62163 34.90565 9.16642 26.53907 30.62883 27.1404 12.60644 20.75696 20.07771 29.72502 15.72825 28.50694 34.93001 18.49599 8.5986 21.8396 13.36903 8.99684 35.76618 8.01898 12.32557 37.21574 22.66592 38.52533 30.81597 0.0 12.30541 0.0 20.0612 
1000.0 14.36199 37.77384 14.04729 0.0 9.89578 16.53941 25.50101 11.79743 26.45849 36.80718 38.89235 0.0 11.75372 14.79658 23.36043 34.47924 36.97336 19.06018 10.16894 0.01226 31.62684 37.15004 11.57287 27.46783 12.6998 27.16658 26.57861 29.28358 13.51035 35.153 33.42328 14.32181 31.34983 31.91452 32.52173 15.04617 14.09664 20.39553 37.52123 22.5207 26.93619 8.37651 23.27371 14.93897 24.31381 31.96357 0.0 21.69865 0.0 18.81195 
1000.0 29.1583 18.74509 23.71923 0.0 13.52525 35.29387 9.06365 12.91302 22.44132 17.21809 24.26678 0.0 27.19586 35.86444 10.69941 15.05353 10.08563 33.49306 30.92415 0.02837 11.29249 33.05266 16.91911 28.99251 7.92684 24.41264 24.01065 29.0667 14.15308 38.9061 16.55248 36.03749 34.01561 35.73258 13.71542 20.7464 33.72066 36.54092 20.85869 14.78589 29.62382 13.19485 31.07328 15.1406 9.53626 16.19097 0.0 37.04035 0.0 26.75755 
1000.0 39.257 8.45248 10.52197 0.0 18.64746 20.03429 14.36022 18.34535 28.01051 15.49922 20.76703 0.0 39.10888 20.57372 36.18427 35.04252 26.95694 22.21888 19.11981 0.03812 37.49331 34.19612 33.02352 27.02236 22.33914 29.20884 37.25706 22.55938 23.3961 29.90984 10.52536 15.78402 23.21542 18.56604 17.41482 14.6394 25.86878 35.4434 9.91529 9.29876 23.76531 19.53005 22.52083 37.11001 25.44224 13.55585 0.0 19.59823 0.0 26.07083 
1000.0 23.50814 31.57024 27.9173 0.0 31.16922 37.43788 16.79691 36.11128 34.68985 13.07184 35.93146 0.0 19.57973 36.29944 23.48413 10.67042 24.8713 31.57133 19.08317 0.01147 35.01849 28.38668 14.52056 31.14093 32.52385 30.86328 37.32145 16.53026 32.04668 22.18996 32.29057 28.68461 38.70818 8.4303 14.55498 30.66395 13.22534 20.73704 30.58554 32.04788 39.2009 11.99519 31.00164 26.21354 21.63224 21.80179 0.0 33.17862 0.0 35.15102 
1000.0 37.27104 12.04157 36.89349 0.0 11.98283 28.05225 11.79195 37.31131 26.99409 11.64798 29.76386 0.0 30.97044 38.4923 20.84262 23.57465 14.25777 36.36047 16.19307 0.0143 23.85415 34.24326 30.56907 8.45621 32.70866 18.9682 30.52369 12.55556 24.22232 21.63445 29.06512 15.8056 15.1421 38.91818 16.59751 15.24861 26.62396 8.54039 35.15286 27.75477 12.43358 37.14751 11.8097 33.21083 39.13996 16.98181 0.0 20.43811 0.0 24.30748 
1000.0 22.75477 36.90165 30.16148 0.0 35.04716 30.61901 33.30103 36.35322 39.36751 35.49578 28.76692 0.0 33.56111 30.71134 24.64141 39.08543 8.73807 22.30066 24.7521 0.02861 22.80646 31.14895 14.93124 36.21183 39.18778 32.36534 25.8177 14.12496 21.39053 30.62297 11.62001 37.72957 11.12354 27.75696 21.58131 25.1525 37.88936 22.89221 14.67894 21.39945 15.16822 36.56136 16.17859 22.28109 17.68196 35.18732 0.0 29.24478 0.0 31.93486 
1000.0 38.11612 32.0945 34.37975 0.0 18.02887 36.15973 27.60786 21.1972 36.54524 23.63739 16.23414 0.0 11.26577 33.29377 22.15736 38.95989 24.18438 13.81266 33.77788 0.02472 15.3257 29.29808 17.26735 24.32179 14.18736 13.60206 10.60334 35.32499 13.86147 9.15076 38.01824 29.9619 13.99744 29.51644 8.54515 13.80551 11.52083 13.81764 29.54415 9.62693 25.27146 25.53778 38.90044 15.44322 32.55294 34.04291 0.0 24.78099 0.0 15.90163 
1000.0 8.14721 28.45217 20.35478 0.0 31.45629 27.03619 14.93007 15.83129 14.97062 17.76848 31.67457 0.0 36.26736 25.99562 29.04537 19.57584 23.09858 22.67623 29.20891 0.04375 38.29671 8.10107 12.70681 34.65672 15.58708 28.15565 30.33674 17.25312 23.24657 24.49326 32.71987 34.76625 15.98598 17.46024 11.17403 31.45911 13.65815 9.33847 13.40622 12.79862 34.74027 36.79666 19.67678 26.15807 38.77272 18.31322 0.0 36.18752 0.0 33.67328 
1000.0 10.99768 35.52376 34.784 0.0 23.04231 22.75506 32.59945 36.38765 20.66829 15.5626 25.64057 0.0 12.45165 15.51649 22.65444 33.40237 39.3728 38.99675 16.0557 0.0307 19.66372 24.7025 15.58391 35.32199 23.00941 11.56112 26.47226 16.7551 19.66073 34.18463 34.37572 39.17382 11.10216 8.6298 8.35231 20.73135 18.26684 21.48712 13.84218 7.90964 23.20327 19.42351 27.08945 38.15304 13.03691 28.4381 0.0 31.90739 0.0 14.08355 
1000.0 21.06566 17.21489 31.67979 0.0 23.19936 35.94684 13.40779 14.63106 26.08286 15.84874 33.14815 0.0 36.94969 13.50243 15.68933 13.98683 19.73035 17.38381 8.38728 0.02507 11.26213 10.13851 32.32299 30.77782 28.19037 16.18851 34.27152 24.07254 18.44007 20.43084 29.57126 8.73128 19.19954 22.99591 35.11438 16.33952 18.19358 12.98563 34.91756 32.26849 33.63983 36.88747 22.95183 24.83588 32.76583 29.3633 0.0 35.7185 0.0 38.01768 
1000.0 10.97944 18.91696 22.65164 0.0 27.48678 30.86124 31.40933 14.71425 11.44979 30.11308 14.13262 0.0 14.43302 38.71617 33.35699 37.57507 31.9195 35.22288 33.37784 0.0199 12.11066 14.79624 24.7342 35.79732 21.28629 13.27907 33.67906 18.89937 8.84248 33.95063 35.49672 9.79467 35.62486 27.2467 29.76693 30.55644 24.71835 36.27809 15.50146 32.39208 20.25592 36.97882 14.2492 21.4624 11.86401 24.75231 0.0 32.56332 0.0 36.77782 
1000.0 30.66497 30.08639 32.64369 0.0 21.19913 12.83502 19.20653 15.4579 20.39714 14.17743 14.03032 0.0 9.16069 13.36389 35.1163 35.76679 21.19881 27.91579 22.08705 0.02797 39.42683 18.07717 36.64187 37.53133 8.55097 16.93995 12.03772 16.0459 12.28174 35.16363 33.31949 35.6521 10.12286 23.65662 33.45565 14.58008 31.35783 37.70269 13.59559 39.50655 33.7357 22.32819 39.13023 32.41189 10.26482 20.09902 0.0 9.14182 0.0 16.75992 
1000.0 37.50404 32.45202 16.33621 0.0 13.12629 12.62376 26.10105 17.16297 8.92497 19.19391 39.17199 0.0 25.75603 29.81884 27.33773 32.52604 28.91689 16.79768 23.2704 0.01792 32.78656 18.63762 21.34795 38.17961 10.4319 18.20692 22.41492 30.4597 15.10687 10.87031 14.54039 39.30816 25.91676 22.60867 35.69801 12.3527 11.63435 20.19313 35.26332 27.65497 31.89386 37.57052 28.25607 30.27438 12.90493 33.03488 0.0 18.12715 0.0 32.31979 
1000.0 27.53164 13.92009 32.60876 0.0 26.92064 17.2447 30.05084 11.67699 38.87148 17.52453 38.56219 0.0 29.24499 12.74569 37.73886 29.67581 27.62232 27.02641 32.90939 0.01342 28.66207 11.37601 29.19443 12.80735 24.29288 23.5659 11.74828 16.75611 35.94365 17.20271 24.76418 8.59843 29.76103 11.70377 38.72351 11.32223 13.28571 27.75007 31.07232 16.74876 19.22615 32.03209 8.80541 22.92461 12.78977 15.06348 0.0 20.69818 0.0 32.29703 
1000.0 10.99362 16.73946 22.54914 0.0 25.59769 38.80257 38.31055 16.6215 35.3408 27.99145 30.89798 0.0 38.01599 12.0183 21.55461 18.53055 35.95268 24.14698 14.44883 0.01453 28.62077 12.11917 21.844 35.34754 23.40044 16.47231 34.69265 21.07768 33.57106 34.5704 9.97069 15.84316 20.61702 26.00801 10.57309 33.37553 16.82791 18.63997 9.28636 27.37915 19.3169 32.09347 39.0742 35.80829 13.0194 24.53714 0.0 14.76079 0.0 11.19564 
1000.0 31.01274 36.49962 21.37957 0.0 30.49861 23.66099 19.23507 20.18764 26.67636 29.01441 29.33922 0.0 31.20337 38.73705 36.48561 35.55361 16.34449 29.94097 28.49139 0.01154 12.9473 30.72435 18.50379 11.59991 12.65784 19.67087 30.88308 9.45594 25.31912 31.12572 34.27787 11.07812 10.02397 37.88774 15.75579 13.39049 30.28063 39.25582 24.93477 31.30154 39.46032 8.15674 33.27568 15.91825 25.57807 27.67541 0.0 13.49048 0.0 26.60483 
1000.0 21.88371 27.23192 15.6393 0.0 24.28485 9.206 13.45335 26.82658 24.03588 32.31282 29.6309 0.0 34.78657 34.6456 16.67338 28.79084 30.93357 23.82984 23.35967 0.03117 8.07261 20.21163 29.57079 14.90086 20.25434 12.84356 39.3646 21.83769 13.67678 39.35234 18.99938 18.56486 14.20911 16.88519 14.21449 26.4821 38.2704 10.98579 25.45625 32.79627 7.97054 20.31287 32.68943 38.7836 16.26974 38.28115 0.0 33.34371 0.0 19.95826 
1000.0 20.90108 15.38947 34.37601 0.0 38.58052 14.87849 39.45882 10.54572 17.88153 10.88127 21.81077 0.0 18.7319 32.57788 37.35731 16.19909 19.86001 32.81295 34.77052 0.01692 28.82568 8.68032 33.52651 20.64455 38.45842 18.32043 13.95919 18.85969 28.73092 11.75016 18.14247 37.10727 13.11153 9.68232 36.34697 10.67843 36.79652 13.14724 22.82312 17.33991 34.41788 27.4796 26.04568 26.04771 32.3873 9.20313 0.0 16.52489 0.0 15.05063 
1000.0 33.39718 29.58766 15.13322 0.0 35.38956 37.72645 38.05847 10.62587 32.92703 13.23081 15.14557 0.0 37.20367 14.21341 16.31543 20.05803 33.28452 26.90316 10.84945 0.02429 34.82356 21.93522 34.42469 20.43699 31.31845 13.58364 16.54607 29.98442 16.37272 16.27718 12.51292 17.60427 32.22654 25.23712 23.53909 37.41205 11.05444 37.08034 21.93386 21.17711 39.23892 18.95631 38.39937 16.91042 17.75246 8.99623 0.0 32.10249 0.0 27.58277 
1000.0 12.48373 33.57378 20.31155 0.0 20.63539 27.98316 38.73331 19.19396 16.83017 16.10348 34.86013 0.0 25.76254 29.69689 16.24712 35.44872 28.10053 10.73263 28.67461 0.01218 20.75493 22.79398 29.12705 18.23954 10.79476 24.8136 34.19439 14.9856 25.19082 14.39352 10.31557 28.52749 16.78065 24.78231 17.28019 10.48709 16.72785 18.74135 38.08186 8.7951 37.54454 17.4185 39.05756 18.66145 20.15697 17.38128 0.0 10.05906 0.0 21.2059 
1000.0 33.48504 25.69932 35.72644 0.0 21.05941 15.67367 19.06931 31.0827 39.37395 27.93709 17.81826 0.0 24.78674 32.28707 35.43662 13.4371 13.08579 13.49452 8.45815 0.01789 34.64177 23.8733 8.14809 38.67772 11.2464 9.16239 16.07013 35.80488 15.90822 36.48779 18.70112 16.0551 28.44093 23.17612 19.29241 23.6692 34.84707 30.80357 18.39233 19.83251 24.25053 30.90984 24.33548 8.30925 14.90158 23.20173 0.0 16.32874 0.0 18.35213 
1000.0 0.0 0.0 0.0 35.72488 0.0 0.0 0.0 0.0 0.0 0.0 0.0 30.97399 0.0 0.0 0.0 0.0 0.0 0.0 0.0 0.0 0.0 0.0 0.0 0.0 0.0 0.0 0.0 0.0 0.0 0.0 0.0 0.0 0.0 0.0 0.0 0.0 0.0 0.0 0.0 0.0 0.0 0.0 0.0 0.0 0.0 0.0 32.98034 0.0 30.32993 0.0 
1000.0 22.1503 9.48382 21.96707 0.0 33.59557 25.19826 15.91289 22.8217 14.04019 23.26162 36.06083 0.0 28.25615 13.50566 14.66117 26.21802 11.1903 30.2957 27.22352 0.0145 28.29452 27.85582 38.52896 13.52575 37.07003 31.94271 29.22442 27.68027 21.34551 21.90406 14.19192 36.6538 30.22843 36.3079 17.24166 21.03059 19.67683 23.38265 36.03567 12.46013 14.50708 25.27057 20.10644 37.09471 20.8481 24.40222 0.0 14.41854 0.0 8.81711 
1000.0 0.0 0.0 0.0 28.30314 0.0 0.0 0.0 0.0 0.0 0.0 0.0 19.09327 0.0 0.0 0.0 0.0 0.0 0.0 0.0 0.0 0.0 0.0 0.0 0.0 0.0 0.0 0.0 0.0 0.0 0.0 0.0 0.0 0.0 0.0 0.0 0.0 0.0 0.0 0.0 0.0 0.0 0.0 0.0 0.0 0.0 0.0 34.38942 0.0 27.30116 0.0 
1000.0 25.13671 28.2434 11.99964 0.0 16.88958 9.81036 20.58109 36.21333 12.68154 15.72163 19.28336 0.0 38.36358 9.69994 24.47059 39.02384 17.12983 35.54059 16.33405 0.02187 28.83355 11.29226 8.93499 38.3294 34.12891 34.36903 39.45463 36.15997 8.81617 23.83951 16.19714 12.60964 9.25444 17.1813 26.55196 24.59335 12.20896 15.65237 28.15952 16.68286 33.77178 11.01264 23.86305 25.19015 17.29867 21.48429 0.0 29.5311 0.0 26.86904 
