1000.0 1000.0 1000.0 1000.0 1000.0 1000.0 1000.0 1000.0 1000.0 1000.0 1000.0 1000.0 1000.0 1000.0 1000.0 1000.0 1000.0 1000.0 1000.0 1000.0 1000.0 1000.0 1000.0 1000.0 1000.0 1000.0 1000.0 1000.0 1000.0 1000.0 1000.0 1000.0 1000.0 1000.0 1000.0 1000.0 1000.0 1000.0 1000.0 1000.0 1000.0 1000.0 1000.0 1000.0 1000.0 1000.0 1000.0 1000.0 1000.0 1000.0 1000.0 
1000.0 15.08803 36.56534 20.85791 0.0 38.04308 15.02621 11.14426 26.00141 24.43935 13.49665 34.97686 0.0 39.29718 15.21634 41.96268 34.58442 19.62545 26.47442 11.79004 0.0114 9.74428 32.75277 11.06167 16.10725 20.09462 9.37058 32.43895 16.93408 28.3968 42.2645 18.20259 13.86514 22.62834 33.49153 24.83775 40.60665 17.28948 34.08814 29.31043 38.82674 30.94086 19.38025 29.5702 39.61555 38.34623 34.29145 0.0 15.96826 0.0 24.25486 
1000.0 16.34041 10.43948 25.23243 0.0 27.05755 30.50946 42.94584 11.01317 31.44206 18.95488 22.59728 0.0 34.22357 13.55537 11.92852 42.98067 34.86019 22.10904 16.36058 0.04598 42.62142 34.65118 33.16952 17.33383 16.97354 36.62183 40.96828 15.83837 36.09689 34.52913 20.06581 23.70317 32.1376 35.48607 39.80443 35.12483 39.16181 41.89513 41.41035 26.50522 16.45125 36.21846 20.24736 26.52297 27.85945 24.34727 0.0 21.57916 0.0 43.26234 
1000.0 10.1304 18.12184 32.77502 0.0 9.86378 12.07315 24.89922 24.05741 42.86975 30.98546 18.12538 0.0 22.02962 8.70527 37.05335 33.77898 16.41281 42.48348 39.10301 0.01013 20.4895 13.52201 17.90103 26.8353 41.22241 28.53536 37.42693 23.83091 11.71448 13.46372 25.13738 28.498 28.21064 37.29574 29.20488 36.22353 12.94404 18.30862 22.68382 31.28503 29.54303 29.56034 34.95337 15.46244 11.28856 11.91136 0.0 38.91476 0.0 30.87479 
1000.0 0.0 0.0 0.0 22.7663 0.0 0.0 0.0 0.0 0.0 0.0 0.0 17.48995 0.0 0.0 0.0 0.0 0.0 0.0 0.0 0.0 0.0 0.0 0.0 0.0 0.0 0.0 0.0 0.0 0.0 0.0 0.0 0.0 0.0 0.0 0.0 0.0 0.0 0.0 0.0 0.0 0.0 0.0 0.0 0.0 0.0 0.0 12.75289 0.0 30.78516 0.0 
1000.0 40.89118 42.96003 37.73696 0.0 13.43468 17.69636 42.46852 24.54853 38.71258 41.56489 38.93747 0.0 26.3524 22.89145 21.66615 16.20667 24.5713 19.40423 37.88605 0.02608 35.47987 31.91589 40.20182 17.67083 27.11869 38.96874 36.5561 26.80723 18.37013 18.0518 26.26407 36.1081 39.04827 14.62924 42.33755 36.67208 42.06659 20.10764 26.48093 26.81123 37.70934 17.36767 23.24388 34.59974 34.18641 36.73913 0.0 35.2158 0.0 41.0563 
1000.0 10.36378 34.30399 29.68101 0.0 14.25384 32.19853 29.86073 17.47396 34.9684 11.30187 21.15258 0.0 21.83919 19.15672 29.8962 21.95328 41.06602 33.35047 40.83393 0.03431 10.28016 17.08908 22.00387 21.71256 38.49776 25.17228 24.35289 10.23057 25.12352 17.42774 30.80477 21.64898 20.16487 39.57039 34.30076 32.9299 23.17774 16.6604 11.95484 39.206 21.13508 25.94451 14.08636 28.63617 27.43817 11.51258 0.0 42.28693 0.0 30.96287 
1000.0 31.27481 11.75735 13.70409 0.0 37.23072 39.17169 13.4237 16.95648 31.17965 9.5539 23.84143 0.0 29.55928 41.51255 8.84377 35.88914 38.38485 32.03137 31.30461 0.03885 20.47496 13.39749 34.48035 16.41858 14.19795 19.50617 31.52909 21.2308 43.03724 9.42271 24.17292 40.26836 41.3799 14.70772 9.3533 40.30133 42.91273 29.11811 39.89492 12.80547 19.4458 33.20889 20.55308 13.13083 37.43471 34.77509 0.0 9.3583 0.0 37.19247 
1000.0 39.41682 27.88142 29.37157 0.0 36.83035 23.97949 27.53465 17.76145 33.10858 19.34075 31.55749 0.0 14.83618 39.5721 26.76379 20.19051 17.24082 14.65214 28.73397 0.03181 36.1766 34.1771 32.98442 12.65656 16.55943 9.47515 9.35231 19.19012 21.535 23.59505 21.3146 32.38688 39.77103 24.54571 36.86111 38.58577 33.95951 9.40156 25.08261 16.28865 29.67676 39.92078 26.65731 8.75327 43.29081 21.1418 0.0 21.1321 0.0 41.0298 
1000.0 30.37726 9.54459 34.98567 0.0 33.31329 27.84837 33.95646 16.08428 32.14764 24.88449 26.78118 0.0 28.9771 40.00797 18.41434 26.05394 39.35331 33.72216 22.45491 0.0175 14.58427 15.7122 13.51495 30.47289 37.05987 33.79022 9.61643 32.19968 32.71327 22.06763 21.15118 14.05125 30.95021 19.54494 24.82893 11.4169 31.88844 17.44022 19.03684 9.85794 18.32944 29.91402 20.66996 35.04856 15.63856 21.43483 0.0 12.10476 0.0 26.99355 
1000.0 10.515 26.4819 29.49488 0.0 39.13743 29.46339 41.67689 30.59019 29.15392 8.90195 23.22333 0.0 20.33322 17.01284 25.51929 27.28978 33.77793 37.80922 34.38708 0.04243 34.36466 19.1986 39.65264 23.83461 29.36053 30.38665 32.08582 25.55429 20.56359 40.50741 38.02782 34.68903 33.14621 13.80846 32.96024 22.60549 15.81703 8.9349 26.15472 34.25691 35.0903 16.6016 10.14771 34.6084 43.05113 11.06253 0.0 42.0109 0.0 12.37612 
1000.0 30.97784 11.56055 41.34854 0.0 35.69385 18.88225 32.30554 12.30981 29.3014 9.23168 21.55219 0.0 37.00715 34.5686 24.9424 35.66504 36.5592 34.48097 25.68781 0.03097 22.67201 12.5707 32.79357 27.3202 11.51822 25.26437 19.77557 11.12581 20.6757 14.48162 19.4855 19.06904 37.39219 11.83052 32.87403 21.02317 32.62986 9.01286 33.1523 33.64322 42.25086 32.19863 17.73944 34.75502 14.9014 15.16562 0.0 35.02454 0.0 28.48955 
1000.0 0.0 0.0 0.0 37.82075 0.0 0.0 0.0 0.0 0.0 0.0 0.0 8.68725 0.0 0.0 0.0 0.0 0.0 0.0 0.0 0.0 0.0 0.0 0.0 0.0 0.0 0.0 0.0 0.0 0.0 0.0 0.0 0.0 0.0 0.0 0.0 0.0 0.0 0.0 0.0 0.0 0.0 0.0 0.0 0.0 0.0 0.0 26.69266 0.0 12.73735 0.0 
1000.0 16.86227 11.90474 16.58909 0.0 33.3455 21.85709 29.77519 26.03134 33.60235 26.00519 30.83761 0.0 33.90386 29.79853 18.52237 14.15453 11.00522 9.45 14.28147 0.02953 12.37491 34.93033 14.75591 42.42107 31.79443 12.71682 20.02367 10.83577 27.62014 10.2869 25.59774 20.50676 41.01056 13.95315 42.5435 40.68634 16.18028 19.12212 38.96034 29.387 18.91771 20.10154 27.1249 26.9666 29.03619 21.60666 0.0 19.97167 0.0 38.49046 
1000.0 27.11178 12.69177 42.95017 0.0 23.56319 40.47164 21.61217 11.1587 37.72573 15.65817 43.36233 0.0 21.3684 28.56744 30.44476 37.26958 30.46728 37.80641 31.82555 0.0281 30.86654 26.07914 23.20038 15.81853 40.41748 32.27309 35.8232 37.6606 15.36388 42.28303 28.69517 39.53826 31.47473 41.16047 23.0268 25.29949 35.83937 29.4314 42.80297 20.73286 14.61753 34.81867 36.33187 41.65542 37.09633 14.38576 0.0 28.59044 0.0 38.27634 
1000.0 20.70321 10.76453 9.13752 0.0 28.52043 32.0944 26.03486 8.93822 21.99596 19.23754 29.01564 0.0 8.88681 16.64134 35.82445 12.11227 28.28654 17.4755 14.63932 0.01848 12.35851 23.77289 42.69348 33.0936 37.07322 28.21258 26.64582 16.03834 28.69914 38.63736 23.48507 23.54782 36.35694 25.48022 27.57468 12.74975 42.15679 28.17062 12.33035 39.97531 31.97247 26.30147 15.28254 24.24511 13.49167 21.37269 0.0 37.33045 0.0 11.43132 
1000.0 38.70873 32.56804 33.03273 0.0 39.57719 21.62459 16.18268 41.38585 28.88926 29.8421 20.33141 0.0 35.26615 40.98205 26.09099 10.47498 28.36755 41.58354 21.92717 0.01293 20.99135 8.71618 12.82931 33.87785 11.76818 34.06143 35.69602 41.54073 17.70354 14.39118 12.17051 30.46843 12.77584 11.89043 39.10326 14.75271 17.12463 18.19518 32.87905 24.38046 42.97579 9.11467 42.73672 36.98363 19.17271 9.24815 0.0 27.97282 0.0 29.66366 
1000.0 12.72792 13.37288 34.2922 0.0 31.60485 12.9884 12.52205 34.54112 37.73389 9.699 39.80256 0.0 30.44445 14.76397 41.13209 16.1247 14.19482 32.98032 11.08328 0.03243 25.37461 15.84849 43.08929 9.28646 25.53294 16.68777 23.55681 36.83411 19.82755 27.9863 31.75548 37.94572 34.31155 30.18088 42.40337 35.59286 40.3258 13.32194 34.16634 17.66421 41.12161 17.00757 29.54313 21.35754 38.01377 24.22577 0.0 22.2269 0.0 15.91446 
1000.0 30.24558 12.19542 42.85326 0.0 39.74014 42.09115 29.60611 24.2379 10.24363 23.62981 40.23995 0.0 28.27862 33.40808 38.7295 34.05807 20.42234 38.87752 17.2914 0.02055 12.41291 14.08654 19.99027 20.02361 23.58995 42.24883 18.71335 22.97723 20.55727 10.81275 17.54477 42.55637 37.25826 25.85736 36.43012 24.31463 42.19792 29.89987 10.05198 19.29945 12.77664 25.15435 38.53595 11.27509 29.07155 35.21016 0.0 24.50304 0.0 36.46419 
1000.0 32.39438 34.15569 14.52911 0.0 24.13772 10.22997 24.23237 15.76711 39.80574 41.58931 15.46022 0.0 24.65924 42.09653 25.85314 11.00446 26.62486 25.98948 31.20186 0.04097 36.7014 30.39335 29.97494 22.19758 24.65311 19.25434 8.78469 12.82159 28.02084 31.27267 9.99612 38.87961 38.23053 21.98434 22.65011 20.90519 38.65232 10.2364 8.73895 35.40398 36.09327 39.77198 42.22558 20.45015 26.44547 14.67188 0.0 33.06322 0.0 23.10844 
1000.0 0.17006 0.10249 0.04843 0.0 0.08569 0.07447 0.04373 0.12458 0.09155 0.06175 0.11402 0.0 0.17456 0.08002 0.09528 0.10308 0.17007 0.15293 0.15437 14.99217 0.07807 0.12591 0.12242 0.18462 0.0574 0.16641 0.1684 0.09408 0.07292 0.04396 0.16473 0.14297 0.11386 0.13004 0.18141 0.14215 0.147 0.13097 0.16351 0.12329 0.06286 0.06932 0.10503 0.15102 0.1009 0.16639 0.0 0.09785 0.0 0.0818 
1000.0 14.60465 12.68692 28.49663 0.0 31.19275 33.76682 23.31207 32.9697 33.5265 19.21594 18.01794 0.0 16.72272 11.08158 14.72133 27.81625 24.31785 17.06809 18.70818 0.0382 34.55545 21.4085 13.25114 12.12129 42.28511 22.92923 25.64657 19.64272 29.7372 35.83162 37.03765 40.87611 36.06445 30.30683 35.72776 29.5537 26.99306 16.64084 15.8005 10.06717 41.09495 25.95312 28.1618 22.68795 42.13814 28.46173 0.0 27.82078 0.0 40.50239 
1000.0 27.73834 22.78729 28.62556 0.0 14.75877 10.88042 34.86996 13.22052 29.0839 40.60057 18.32284 0.0 32.69897 21.88826 35.28904 25.74343 38.18666 25.84923 20.46877 0.03878 37.87553 22.963 27.77571 9.44271 11.0481 20.93175 31.02684 8.95974 21.88096 18.53209 30.76983 38.25272 9.7426 16.97195 17.08775 24.80818 8.79807 16.31186 18.6971 37.651 12.5766 26.68842 37.77284 40.28161 43.02061 20.83095 0.0 27.16042 0.0 33.52958 
1000.0 36.59024 20.61015 31.07661 0.0 39.42025 11.99483 32.38034 22.22202 16.09426 19.86826 34.43058 0.0 15.63041 9.06083 25.80463 32.31996 32.68667 10.27532 25.81912 0.03088 13.77187 40.89194 13.2044 38.82301 18.96327 31.55041 37.94645 23.46928 26.88391 14.50043 13.74199 35.9656 38.18826 33.81695 16.35384 11.1285 42.25662 14.22446 31.9773 14.00824 30.99416 38.73128 25.40195 15.6425 25.23846 40.16912 0.0 25.12978 0.0 25.05278 
1000.0 31.12909 11.49995 25.84078 0.0 38.01133 14.47181 16.52643 24.64912 27.47749 31.40299 38.49353 0.0 9.32631 42.50133 34.56878 39.47154 34.95967 9.82327 19.26801 0.03115 25.64345 18.66358 19.23855 10.90189 30.88603 37.19852 24.82425 24.00401 36.453 11.48777 39.26864 18.3824 17.51914 16.37984 10.70738 39.3349 36.82401 26.92651 23.61143 33.02068 10.77375 20.76574 32.54554 28.73172 38.2866 13.18362 0.0 17.28669 0.0 28.24768 
1000.0 9.42012 21.45583 16.29281 0.0 37.09023 35.68199 11.12707 24.67626 34.21766 22.14875 13.08264 0.0 23.33493 13.32336 32.61952 28.89162 15.01834 9.82066 16.56632 0.03423 32.53376 34.02625 19.01051 20.89032 21.58141 23.08014 13.0932 19.98267 43.37759 32.63262 33.42363 30.28565 9.51492 19.6652 15.75155 10.4606 38.52932 39.47365 17.46611 26.6226 26.05048 38.3052 27.10982 26.6723 31.21077 43.16351 0.0 21.55733 0.0 36.16671 
1000.0 39.24235 17.5521 15.02258 0.0 23.21062 25.09099 25.70291 15.18188 42.69165 32.31938 33.86443 0.0 25.88027 32.90091 35.45725 10.68214 16.675 34.47587 15.36761 0.01406 24.64188 39.44413 8.68328 17.22654 33.25256 24.74918 30.27292 25.20348 21.71689 24.8016 11.31043 16.54116 23.60626 26.45303 15.75289 18.68159 27.7191 22.91433 21.91127 20.87565 41.17358 41.07805 11.47847 22.43797 34.09527 13.50939 0.0 16.43569 0.0 25.05451 
1000.0 33.828 40.83279 21.58141 0.0 35.05188 36.02933 19.12571 40.8367 39.63362 13.26121 37.04385 0.0 24.37025 21.17984 14.55581 29.61803 16.70483 42.27629 33.2587 0.01965 28.21776 16.89676 9.36747 41.65219 21.57612 38.22887 36.58213 22.2442 41.28129 29.1719 11.61608 35.42534 35.84826 16.89483 40.88594 11.45866 14.3306 32.13347 13.11114 16.68798 14.7728 40.35571 38.6251 38.52603 15.78535 25.80866 0.0 19.207 0.0 13.50984 
1000.0 12.51263 41.39375 39.68303 0.0 28.83465 32.17162 10.10344 20.85212 18.11648 20.55737 18.08051 0.0 32.8268 29.84134 32.43088 19.33397 34.07251 14.21562 41.48829 0.01781 21.50202 26.81759 23.7497 39.74235 20.98803 23.07684 39.94681 34.52505 18.7824 40.53814 23.0712 30.10511 17.06792 32.96347 17.18214 38.21077 33.21322 36.41011 37.22307 28.93252 30.57684 17.80319 20.62992 10.46375 14.99773 29.1939 0.0 19.88288 0.0 39.77212 
1000.0 30.32662 18.95944 28.90647 0.0 12.72225 16.02326 24.95227 41.16984 22.14588 21.1415 41.47739 0.0 22.735 22.73825 38.70094 22.26241 42.33642 19.33741 34.02768 0.01363 12.41747 31.55657 14.65758 16.01997 15.9657 39.80934 16.39244 12.43257 21.25134 17.12548 34.42119 38.77196 9.80293 36.69258 24.27898 41.65056 31.03203 26.64914 40.04632 16.75349 18.51479 14.76913 28.02339 28.72845 39.08931 14.52795 0.0 15.33363 0.0 27.98459 
1000.0 34.96261 22.67794 35.33867 0.0 42.78874 27.53679 26.83679 36.39539 30.612 38.49336 31.88424 0.0 21.08405 20.96126 15.18591 13.22771 18.72901 13.60509 26.60351 0.03646 36.04541 35.45738 13.28949 26.19949 26.05262 22.3235 32.78829 28.69752 11.5079 17.18721 30.27535 13.2548 23.57727 33.45322 25.19907 41.03598 36.33358 41.13881 26.88582 9.24107 13.93185 37.99322 39.3618 13.65876 22.04459 13.74625 0.0 41.35497 0.0 24.91889 
1000.0 39.87836 28.60472 41.39426 0.0 41.70595 19.87166 18.96944 40.12587 10.18106 42.16599 38.53788 0.0 30.85432 19.7043 16.18354 20.75643 19.45678 42.66274 29.87603 0.03553 15.78307 38.22483 23.57195 8.87188 9.87519 27.79915 39.19795 39.61305 24.30143 13.90818 25.96281 21.1664 37.64848 38.70842 35.15893 34.22591 36.80927 28.2358 10.71063 41.17301 30.26033 15.68105 24.63261 29.44147 36.63022 21.09918 0.0 42.66646 0.0 41.51561 
1000.0 23.07395 10.15264 37.65202 0.0 37.40978 40.49765 13.19631 36.86755 35.57364 24.46994 20.18595 0.0 15.0378 34.25922 41.00582 34.78683 23.77096 11.03826 16.64503 0.02741 31.64915 20.81221 17.55977 41.6744 40.45719 18.08832 21.53496 18.65996 33.6645 22.4049 21.09005 37.52932 42.96197 25.49641 19.81316 24.40903 20.71519 39.48666 32.8004 20.54712 39.83501 34.58329 32.92371 38.99253 32.70895 25.86306 0.0 16.31562 0.0 15.79348 
1000.0 10.83145 25.6666 34.40741 0.0 30.63548 10.73751 38.09088 9.87778 35.84236 36.37714 42.08392 0.0 38.62386 9.04679 31.99342 11.42376 25.42178 42.48272 18.05537 0.01713 19.6407 13.4908 23.67294 10.34958 13.90481 14.00605 11.00643 30.78302 13.81883 10.07264 38.42961 20.53469 20.96252 30.94216 27.6437 10.97676 33.75297 17.08701 11.55718 31.48208 32.19612 17.36374 37.72348 18.90487 35.1491 35.11004 0.0 36.01073 0.0 35.91363 
1000.0 19.16872 33.41694 42.29276 0.0 36.34991 19.64264 11.76339 18.25676 12.92083 33.63528 29.44804 0.0 33.15965 41.0608 14.34591 27.74399 36.70798 29.60324 13.21517 0.03782 26.85422 21.43961 23.53158 11.22685 38.41237 14.58086 11.78472 31.95787 15.08126 15.73881 32.82724 22.76791 27.56814 11.73918 38.18776 9.08415 27.65328 31.69708 15.55182 17.20895 41.52179 16.62322 9.8066 11.1828 34.39292 21.13945 0.0 34.09149 0.0 9.18365 
1000.0 41.83314 38.91128 13.33933 0.0 12.54781 11.10096 42.73177 16.60824 32.21929 23.52574 28.38982 0.0 17.80808 37.93762 38.31809 23.49534 22.97479 13.68792 43.00968 0.04069 10.09607 25.34631 26.5025 34.34635 23.73739 26.47595 19.28369 30.18625 10.5784 19.58279 14.08718 33.54595 40.34031 10.51563 36.91049 42.17966 21.71168 30.30799 15.74366 23.45803 20.54258 38.64727 36.25212 33.66848 16.6347 14.8721 0.0 19.83384 0.0 29.81112 
1000.0 15.13736 30.9113 21.24077 0.0 38.39568 15.16416 20.29992 32.72034 20.54586 25.39226 20.80046 0.0 17.923 36.65072 22.29292 36.49615 31.3221 12.47017 36.19098 0.0417 10.94044 20.03977 30.18199 17.64657 13.2252 33.69797 27.3856 42.91959 24.99677 29.5367 13.81334 26.95517 15.48235 20.22279 30.53644 16.277 15.7206 8.81137 12.63992 28.24942 11.20219 30.74675 22.69153 22.97062 14.52678 13.34856 0.0 25.43682 0.0 10.434 
1000.0 38.44484 16.7929 31.82613 0.0 24.05961 33.76016 10.73106 13.97326 23.2834 42.56463 32.67405 0.0 8.69401 36.99316 14.55685 40.17719 39.89476 41.85823 42.26992 0.0147 19.28122 11.10041 39.03268 35.79574 15.94763 40.76895 38.65954 23.5729 40.82189 22.39368 16.11091 29.96905 31.32849 19.81192 41.22592 38.71363 36.85864 21.1206 18.71737 22.2184 15.38291 11.97667 40.77509 35.0037 16.11461 30.54235 0.0 21.81905 0.0 39.00122 
1000.0 43.31732 28.07136 30.10811 0.0 35.05677 40.6947 41.83073 9.33944 19.68126 30.96185 21.56533 0.0 24.16474 40.07904 36.18726 32.24233 9.53731 9.49338 28.7379 0.02314 27.18273 22.21537 10.40409 13.88675 33.32923 22.49789 31.57848 42.38197 23.89489 19.25704 21.16788 11.64149 24.7898 22.92981 35.2227 33.32082 35.40028 13.28363 28.74966 38.65449 30.16519 26.3317 13.28053 16.44012 40.48523 11.63004 0.0 24.8112 0.0 26.17804 
1000.0 38.02155 11.85315 29.30838 0.0 31.76096 27.71089 31.16215 33.69269 35.97051 9.31111 10.97223 0.0 34.57621 25.20968 26.27545 12.88321 33.37006 11.19994 22.99758 0.04493 14.84455 39.63971 15.05499 10.64656 25.76487 31.08825 20.88591 28.45067 19.12899 27.22125 32.7969 19.40238 41.31493 38.49168 26.3555 38.19428 17.67586 22.98401 17.50144 41.86143 30.88829 38.25982 42.70073 36.26724 20.1218 41.36297 0.0 24.03757 0.0 18.37243 
1000.0 40.41707 17.57159 19.48674 0.0 37.65013 29.76959 10.60526 9.73917 42.32456 18.45444 26.32632 0.0 43.21895 21.10251 19.62006 37.85071 38.5874 15.31709 41.81362 0.0377 33.19613 28.34246 27.50566 41.13103 12.09785 40.6358 42.51547 9.78255 8.90629 28.37901 18.50975 22.11147 27.84949 15.77073 31.22366 11.61343 37.99579 42.81111 30.70793 36.19575 42.08768 18.04258 15.31726 20.71412 12.20307 23.87436 0.0 32.14455 0.0 9.55291 
1000.0 37.5826 15.3241 39.14535 0.0 22.34787 11.43641 12.61967 42.35577 41.6006 13.25774 33.42176 0.0 33.01154 40.00725 9.91297 18.74414 17.78704 22.6416 10.89158 0.03236 18.24452 13.11869 24.02499 9.7678 42.78159 24.03449 37.22736 37.25609 34.02306 21.6023 25.92585 29.18873 37.99688 16.37815 21.6251 18.0496 28.86002 29.0301 19.42041 31.6543 23.495 23.60159 21.32839 41.24375 36.16821 16.40354 0.0 34.81242 0.0 40.14988 
1000.0 37.20385 36.55604 22.33877 0.0 27.75112 22.81749 37.66466 34.08386 18.2349 28.79295 21.6139 0.0 41.13568 29.76584 18.80271 13.58777 36.65755 19.06535 23.12993 0.01302 22.06132 43.03925 25.83633 16.94202 30.90103 34.05852 12.52864 23.95696 35.77148 20.61292 19.78202 10.37017 11.54733 36.06817 17.98736 19.72037 12.98724 34.21379 17.1726 21.54542 36.3192 20.13882 40.46478 37.9438 28.97271 19.72381 0.0 10.52273 0.0 11.62435 
1000.0 30.65848 13.08799 28.41515 0.0 40.23836 9.42583 22.68791 18.02345 19.76062 21.20704 31.01234 0.0 18.97473 11.66299 18.16139 16.41843 10.85333 38.31836 30.12485 0.03719 15.44891 16.89769 18.6958 11.53167 26.89284 38.34843 26.6745 41.15288 21.61631 17.7262 32.90214 25.43411 22.80699 19.53554 26.69289 14.85653 32.65052 10.33555 27.11636 16.65557 35.50949 31.46771 28.63477 15.98691 18.82113 10.80517 0.0 17.81926 0.0 22.388 
1000.0 27.64686 20.68065 16.17479 0.0 25.5713 32.51682 11.49523 40.65952 36.13843 38.55904 43.30124 0.0 28.45822 17.10579 10.2019 43.21678 34.45561 27.16299 13.10456 0.04009 37.29235 39.38671 33.70809 17.12718 26.69837 24.86104 29.83639 17.01865 37.74253 40.60304 40.05256 30.17604 42.18485 28.13952 22.92074 39.18711 13.41237 25.78852 39.35698 41.65504 10.64333 39.7426 15.25988 40.63784 9.934 22.0308 0.0 42.59181 0.0 42.98386 
1000.0 27.0395 15.04503 24.71453 0.0 11.03913 36.1618 27.1507 41.54607 36.06294 24.58468 22.10889 0.0 40.34482 17.66415 40.74037 10.58381 34.02559 15.00546 34.47867 0.03113 21.65831 35.87861 34.08984 14.16076 40.87888 34.72517 24.62646 30.76193 26.75939 39.70448 16.62684 21.79346 35.98298 31.52806 18.43502 39.99981 14.70496 41.44893 35.57944 34.41233 18.39631 28.40468 16.85236 40.59568 8.82084 30.8459 0.0 40.05053 0.0 34.49473 
1000.0 15.72783 35.18348 19.01436 0.0 31.86331 23.4105 11.93818 41.67028 22.68386 42.24266 42.59493 0.0 26.29139 14.7166 43.28859 26.99479 41.40447 12.0474 30.09783 0.01753 25.94566 37.25418 37.66299 23.14932 27.00668 13.69198 15.74387 11.49527 36.98794 26.59279 28.27544 20.6312 27.66805 30.70116 21.55909 40.98862 17.98993 13.12822 16.20869 20.40163 36.28932 20.28991 10.94405 35.39189 14.61815 17.04704 0.0 14.12954 0.0 36.12142 
1000.0 0.0 0.0 0.0 42.15196 0.0 0.0 0.0 0.0 0.0 0.0 0.0 23.76902 0.0 0.0 0.0 0.0 0.0 0.0 0.0 0.0 0.0 0.0 0.0 0.0 0.0 0.0 0.0 0.0 0.0 0.0 0.0 0.0 0.0 0.0 0.0 0.0 0.0 0.0 0.0 0.0 0.0 0.0 0.0 0.0 0.0 0.0 39.36409 0.0 32.30327 0.0 
1000.0 36.78708 9.44105 13.38133 0.0 9.68546 27.22124 33.98211 34.12436 16.72866 10.0314 42.29799 0.0 33.58231 32.15094 23.16901 10.87409 10.16146 10.24512 17.52789 0.03832 18.14895 36.69512 32.8423 28.12646 19.7882 35.39922 11.04417 34.26399 26.64065 31.58002 39.4726 35.2849 31.02693 33.75589 41.38144 12.47471 27.57466 8.75883 38.61152 33.10855 40.79744 23.63721 14.93914 30.39441 17.16872 42.68339 0.0 29.99635 0.0 38.89674 
1000.0 0.0 0.0 0.0 17.30893 0.0 0.0 0.0 0.0 0.0 0.0 0.0 29.71737 0.0 0.0 0.0 0.0 0.0 0.0 0.0 0.0 0.0 0.0 0.0 0.0 0.0 0.0 0.0 0.0 0.0 0.0 0.0 0.0 0.0 0.0 0.0 0.0 0.0 0.0 0.0 0.0 0.0 0.0 0.0 0.0 0.0 0.0 12.61814 0.0 16.05891 0.0 
1000.0 22.56851 25.84866 17.263 0.0 37.20679 17.56822 34.05809 22.02597 26.82939 17.31675 24.10081 0.0 31.98615 41.33209 31.4661 38.6326 11.70413 15.70737 33.89861 0.01247 26.60756 31.45889 25.71633 14.16329 24.61919 42.09679 24.74166 25.85442 22.12351 20.68403 9.80705 15.58914 23.70019 14.33818 18.74715 43.3552 11.66027 20.66238 10.36325 34.60556 9.17798 11.25008 12.29591 9.71011 23.52508 17.89526 0.0 12.5083 0.0 21.15043 
