1000.0 1000.0 1000.0 1000.0 1000.0 1000.0 1000.0 1000.0 1000.0 1000.0 1000.0 1000.0 1000.0 1000.0 1000.0 1000.0 1000.0 1000.0 1000.0 1000.0 1000.0 1000.0 1000.0 1000.0 1000.0 1000.0 1000.0 1000.0 1000.0 1000.0 1000.0 1000.0 1000.0 1000.0 1000.0 1000.0 1000.0 1000.0 1000.0 1000.0 1000.0 1000.0 1000.0 1000.0 1000.0 1000.0 1000.0 1000.0 1000.0 1000.0 1000.0 
1000.0 22.08161 16.52909 8.98517 0.0 14.00005 7.18491 22.70405 8.35665 31.0901 13.03268 24.35159 0.0 11.75622 32.77397 28.99384 21.61211 31.68124 27.53297 10.19447 0.0098 22.79191 31.86784 19.97838 8.89407 12.9097 29.55828 25.09837 14.25651 27.4696 8.75806 14.94126 14.92186 24.04713 13.28622 30.30437 20.60847 25.58028 25.94562 17.82474 13.13087 15.05615 21.0857 25.40249 15.8973 29.85544 26.40847 0.0 25.31291 0.0 13.4991 
1000.0 22.85747 21.66966 26.7629 0.0 22.67384 21.07275 23.14242 24.83634 25.29708 7.91589 19.22109 0.0 34.10783 21.85422 21.7116 14.81796 9.57176 13.46822 18.74342 0.03377 25.50373 32.11901 31.5674 19.46123 10.81331 32.90189 17.80225 25.57646 7.58397 33.72829 17.5777 28.24923 7.70275 11.32917 17.73383 25.72415 28.07402 34.10185 32.0468 17.50718 8.06973 8.92061 16.45219 10.78258 20.50723 33.47775 0.0 18.58085 0.0 25.89216 
1000.0 32.26876 15.47184 33.54781 0.0 29.92182 7.54708 19.31752 23.4509 13.77361 28.04646 25.37191 0.0 7.15541 25.91283 33.44255 12.83594 24.66612 33.76548 9.86858 0.01173 17.51823 8.84073 31.9292 6.95522 31.07367 16.58336 14.85301 26.5886 30.21993 7.25922 27.24676 20.37471 16.08735 16.83594 7.54271 28.17655 17.70149 21.9352 8.44502 31.36619 26.10295 9.55748 25.5746 19.56959 28.98096 28.87907 0.0 14.76326 0.0 9.45595 
1000.0 0.0 0.0 0.0 31.43112 0.0 0.0 0.0 0.0 0.0 0.0 0.0 14.73594 0.0 0.0 0.0 0.0 0.0 0.0 0.0 0.0 0.0 0.0 0.0 0.0 0.0 0.0 0.0 0.0 0.0 0.0 0.0 0.0 0.0 0.0 0.0 0.0 0.0 0.0 0.0 0.0 0.0 0.0 0.0 0.0 0.0 0.0 13.54249 0.0 20.90327 0.0 
1000.0 18.02202 24.35573 31.9508 0.0 27.37913 9.96143 21.61485 27.27874 16.87194 24.16945 27.82762 0.0 21.69772 15.04844 13.57263 34.00442 13.18769 25.15796 34.18269 0.02711 12.3727 29.84593 21.61962 32.43408 8.30953 10.32722 32.0905 33.43307 15.41168 33.59128 13.64577 25.24203 7.76107 11.96555 22.70954 27.99971 29.87845 11.55689 8.35687 8.15121 20.71937 8.6642 15.86572 16.83063 17.82872 10.11873 0.0 25.07118 0.0 16.45019 
1000.0 23.15264 31.29865 14.21078 0.0 7.29799 15.56331 32.81156 10.18837 22.00646 12.00058 22.9935 0.0 17.89337 20.50488 13.44577 18.30599 29.81141 32.69479 30.02928 0.00995 30.78503 30.10148 19.0657 26.1214 23.89846 17.50083 27.66694 6.91403 6.8996 18.74273 10.15039 24.26803 23.0251 22.25797 13.97322 21.60189 29.99888 29.41846 30.02438 24.1194 22.75367 14.4386 23.82361 20.4543 26.14297 32.46446 0.0 32.4171 0.0 25.46109 
1000.0 34.26232 27.92236 10.00341 0.0 23.33171 31.97572 25.59779 32.25722 12.81166 24.56255 25.66352 0.0 14.59721 24.23148 21.44405 11.01253 33.45348 28.40312 13.75543 0.03956 21.36444 31.34084 29.59907 24.70373 19.97894 9.59788 19.76012 33.20702 16.54362 23.51383 17.62545 20.71122 29.14454 19.67763 27.8005 15.63524 32.44623 13.30077 17.75033 14.90168 24.62494 15.30646 31.62309 20.73011 19.01516 11.53516 0.0 15.08844 0.0 10.77107 
1000.0 17.70423 19.64983 28.05621 0.0 13.68492 8.05379 8.36055 27.60944 24.76223 24.74151 18.25451 0.0 30.88397 17.35295 29.02756 14.88333 19.2855 19.82037 31.06909 0.02676 12.25003 16.87907 28.58249 21.49267 16.01957 26.79475 18.92442 26.7772 14.65045 9.61269 32.41881 24.50893 8.60755 26.54075 13.09084 24.72108 20.82046 8.1152 8.6415 17.56651 30.56495 12.04993 16.43512 19.79452 34.33932 13.55767 0.0 17.88849 0.0 20.28622 
1000.0 7.60026 7.36637 24.26564 0.0 10.75856 17.19784 29.5622 19.99563 29.35109 20.58028 18.61638 0.0 16.37101 21.46732 16.68078 29.30491 19.04635 28.91409 8.85261 0.04034 7.24225 32.22302 18.82647 8.02657 19.81064 30.24232 21.07497 16.72665 9.64348 14.48368 7.65714 24.90927 17.18067 13.69916 14.88887 32.13586 14.05269 20.45812 22.68876 7.34874 23.66039 25.5992 19.58915 13.72732 20.34493 28.66523 0.0 16.74115 0.0 30.76598 
1000.0 14.73731 8.31491 12.57921 0.0 23.28612 9.59528 15.54184 25.63736 25.44789 14.78615 26.26643 0.0 7.81068 15.44451 26.69494 26.40034 32.36603 33.04614 29.9773 0.01524 31.23911 19.06822 30.24512 15.88119 22.35574 10.41571 28.43218 27.64365 18.05973 22.62447 27.03999 33.17357 23.65979 16.14171 22.38662 15.62573 14.83322 19.48324 12.07399 32.56019 21.26612 25.10331 28.72658 34.00985 21.26708 8.05389 0.0 9.67169 0.0 32.11155 
1000.0 20.14836 16.66499 12.4973 0.0 21.29089 31.83082 23.28614 31.61908 24.69526 15.96899 10.45024 0.0 22.15519 21.94914 12.84527 19.58019 27.55891 33.62481 12.29713 0.01651 16.42477 16.93229 34.13659 28.756 24.90502 17.57313 21.55961 27.67853 24.19162 16.07014 17.21265 18.22356 10.7326 12.5197 20.28827 19.26926 23.12432 15.57972 17.70789 29.25303 16.33006 34.0096 28.1186 30.08015 7.91967 9.13796 0.0 27.00452 0.0 22.98954 
1000.0 0.0 0.0 0.0 26.05586 0.0 0.0 0.0 0.0 0.0 0.0 0.0 19.08921 0.0 0.0 0.0 0.0 0.0 0.0 0.0 0.0 0.0 0.0 0.0 0.0 0.0 0.0 0.0 0.0 0.0 0.0 0.0 0.0 0.0 0.0 0.0 0.0 0.0 0.0 0.0 0.0 0.0 0.0 0.0 0.0 0.0 0.0 31.82573 0.0 13.7019 0.0 
1000.0 9.30636 32.47891 9.16553 0.0 14.97607 21.6297 17.59748 30.05336 25.12891 17.36888 9.95653 0.0 7.97708 31.99372 14.91918 16.03472 30.35297 23.19639 30.03625 0.01084 15.54176 11.72948 33.17756 32.40831 8.47468 9.37146 30.88232 15.91144 33.41156 12.48909 17.69948 30.75013 24.02437 9.60384 7.3047 15.59621 25.2547 16.02495 7.75482 23.53859 31.67009 21.42504 25.05323 14.39576 27.47698 9.70266 0.0 9.04678 0.0 30.0466 
1000.0 9.04267 30.70383 19.93474 0.0 12.65262 13.53924 30.19286 32.97219 23.82452 19.37698 34.10471 0.0 19.17707 24.14392 27.02949 7.50445 22.42308 11.55554 27.43782 0.02396 18.31927 7.49578 22.03138 18.6654 7.58246 10.0522 18.27578 14.79731 16.35023 19.92165 7.26102 6.88091 27.99096 24.45397 18.45071 18.1679 32.96932 30.69199 10.86386 27.22596 16.99529 15.8901 32.9074 8.70245 31.91969 24.8456 0.0 27.29989 0.0 24.40656 
1000.0 23.57814 30.82939 34.09029 0.0 20.20196 18.29715 13.6366 29.84635 25.36312 17.12145 26.28229 0.0 15.77621 32.55671 21.65479 8.12959 31.12687 27.9476 9.13995 0.01531 26.4051 20.55549 28.79476 15.52962 9.41679 32.75782 19.25553 26.59158 24.29119 31.51227 24.18212 19.94174 21.8959 22.53486 23.99716 32.97865 29.61046 32.86763 32.77931 27.32965 33.81649 15.66428 22.494 21.00695 15.10206 10.29943 0.0 19.22277 0.0 18.47221 
1000.0 33.69647 14.14501 10.38135 0.0 16.76577 18.51838 21.46507 17.49497 9.94509 31.7498 18.4655 0.0 8.38952 14.93148 18.99148 28.09206 16.37067 25.44314 25.68939 0.02049 20.36037 16.45818 16.30809 34.03816 28.13821 15.91079 30.25386 33.82026 31.13848 25.07068 8.39784 11.85338 31.83667 28.44812 16.87777 27.12838 30.66459 27.8565 14.69375 34.32347 29.95892 13.62093 16.39609 22.37143 32.53536 20.84958 0.0 8.46675 0.0 8.40282 
1000.0 25.47797 11.73323 11.64639 0.0 27.04483 22.33095 30.4367 11.55283 33.12322 12.09616 15.34138 0.0 14.4737 22.8153 15.47618 18.79299 32.29234 32.20344 9.05835 0.03924 11.18808 28.52915 8.29207 29.46424 16.1762 32.27629 25.49681 8.89919 16.31017 30.1013 9.70813 33.39653 7.4929 17.29315 12.88155 34.12783 28.41556 9.9564 11.52626 8.06012 34.2536 19.43528 9.95275 20.54612 33.67076 14.47147 0.0 11.82798 0.0 31.13163 
1000.0 32.18747 18.45708 20.65168 0.0 31.70909 12.64482 8.29652 30.12648 13.0838 27.56426 26.80951 0.0 22.68354 10.29915 26.84038 26.09509 16.19278 33.11558 9.21501 0.03487 23.26369 28.4413 8.61958 14.84265 32.51473 33.25276 11.41765 27.01007 27.92694 15.32562 8.0649 21.88162 16.27269 30.07623 24.73115 8.49207 7.58419 20.37857 11.50251 16.14944 32.65967 14.73578 10.01078 15.72572 29.83238 31.74348 0.0 29.07612 0.0 26.66495 
1000.0 30.6776 28.40068 15.00885 0.0 32.5305 24.35538 12.83492 33.67235 25.14632 23.42102 25.11704 0.0 25.48326 27.86913 17.5539 16.50131 32.5446 30.34785 22.33922 0.02436 28.55729 22.64533 12.26896 11.42356 22.27629 10.41889 28.4812 14.43751 16.58247 17.0484 28.98594 33.60205 26.60814 28.4107 25.1752 12.3889 15.09584 19.26567 15.90826 23.6898 12.80707 16.41342 10.25194 7.85212 9.04114 7.115 0.0 29.70221 0.0 24.62658 
1000.0 0.08539 0.06308 0.03417 0.0 0.0738 0.05616 0.10877 0.15706 0.14216 0.09452 0.12198 0.0 0.06269 0.08413 0.05755 0.15733 0.11583 0.04553 0.16193 23.56734 0.123 0.04766 0.05556 0.11028 0.04653 0.04866 0.06355 0.08817 0.06594 0.12543 0.10623 0.04235 0.07424 0.14986 0.04438 0.04255 0.05027 0.07608 0.0702 0.10611 0.04523 0.07853 0.15064 0.09429 0.10705 0.06733 0.0 0.15039 0.0 0.07514 
1000.0 22.48119 16.90856 24.14114 0.0 7.88751 28.85984 9.03542 17.0446 27.5162 28.48603 26.20016 0.0 15.52338 28.85744 20.50029 11.44937 28.3433 25.47335 32.57105 0.01139 27.48098 20.55539 14.42278 8.53791 32.67706 7.81561 31.30383 33.46218 10.8598 24.49439 13.35461 15.61231 28.22993 27.99056 6.9781 12.73865 28.05509 25.05496 18.31798 16.34565 31.48109 9.47211 12.26741 20.46696 24.25988 33.96637 0.0 22.25763 0.0 33.25898 
1000.0 23.97356 10.18233 31.29325 0.0 17.13038 17.59175 31.35776 18.24511 18.45269 25.03522 26.12095 0.0 25.21807 32.3772 8.96272 7.53485 29.35528 22.28619 19.99028 0.01824 21.32638 29.49544 22.04039 18.3539 30.70898 11.63743 13.60378 18.14754 13.20684 22.0493 29.63298 8.53555 21.9204 10.55432 21.097 17.97701 29.32748 26.0213 12.91248 17.33508 18.25185 7.99701 24.73032 19.42175 19.6796 23.64888 0.0 17.76444 0.0 19.50488 
1000.0 15.30774 23.59093 18.71232 0.0 17.96253 17.97019 16.98112 24.96017 33.36911 12.29729 25.03055 0.0 12.78335 15.87134 14.4497 32.59502 7.18908 22.4284 7.51284 0.03925 24.98046 27.24678 24.95615 29.76219 20.56917 12.93749 24.71929 30.03974 16.67262 18.96587 7.23837 24.00354 19.98832 12.83778 28.30371 14.73311 30.16925 16.9851 20.53158 7.49094 14.53719 14.03766 28.40116 25.39403 25.74291 14.87265 0.0 10.98189 0.0 32.45701 
1000.0 16.11353 13.02942 24.44929 0.0 14.40377 20.20858 26.77688 14.35545 9.07955 24.98592 19.93396 0.0 14.47181 23.85998 8.15663 33.97266 10.58455 7.01519 30.35299 0.02724 18.51657 17.31936 18.02932 16.92446 12.24054 12.61966 27.86067 22.45128 26.34397 31.17919 15.98074 31.37422 32.64141 30.22339 28.16263 10.04549 19.32367 33.66459 17.24715 31.37107 22.71042 29.1116 17.1064 26.95401 13.82045 16.12592 0.0 12.27265 0.0 21.85782 
1000.0 33.80831 11.03941 21.52793 0.0 27.54529 10.96343 14.66921 7.2981 10.12177 10.684 25.21895 0.0 25.08084 9.75475 26.00996 27.43769 19.31067 15.94306 33.50078 0.03404 22.52068 10.32879 12.67666 34.23953 34.01794 23.43049 16.79731 7.89198 18.13927 8.84583 10.8199 19.8754 31.34856 25.81624 23.38653 28.13431 34.319 29.86812 19.3046 32.47623 32.98569 25.93664 20.77188 29.94405 23.51443 7.1455 0.0 27.30179 0.0 24.15996 
1000.0 10.3399 24.9795 25.19131 0.0 23.44027 16.59859 8.68667 27.15304 19.50438 17.47473 33.61549 0.0 9.02143 32.18369 15.32219 15.65487 17.87731 30.1743 16.60688 0.03015 20.77452 23.99175 15.96738 27.66019 19.47896 18.98858 31.58453 15.68348 9.31002 32.71175 28.06814 13.90371 13.79672 12.12417 33.82528 30.09945 32.838 10.64749 25.5853 18.09992 24.87514 29.93653 20.0913 7.39103 15.86336 13.26772 0.0 25.42741 0.0 32.76412 
1000.0 14.36406 9.50808 13.42169 0.0 21.76157 7.42482 33.5669 10.43884 24.94514 26.62808 24.94532 0.0 22.94377 10.30165 12.74812 33.83484 14.64484 14.16937 14.70962 0.04076 31.93652 10.97584 33.55205 14.05481 30.33979 13.08093 25.3245 20.34879 19.91393 10.08715 12.89241 30.21136 24.6719 18.93151 26.72628 25.83712 14.10443 15.4415 31.51237 13.21039 25.94464 7.0495 27.67565 28.34297 10.1134 31.68354 0.0 23.9953 0.0 24.59866 
1000.0 30.67614 34.28235 19.02679 0.0 28.39171 32.41413 23.03697 10.04372 20.70321 20.62271 31.87103 0.0 24.81021 25.72665 7.0658 20.68753 13.734 33.29085 24.75929 0.03028 13.50012 7.90449 31.70619 18.16876 13.62101 26.89305 10.45677 28.28574 30.97808 33.28918 21.68396 29.4918 34.28488 16.4668 7.6441 32.48018 20.77277 23.64408 33.21172 10.63468 26.15402 12.77438 19.26005 23.68561 8.91365 9.46722 0.0 20.26869 0.0 32.05165 
1000.0 9.48538 32.88966 18.51622 0.0 12.18506 8.44495 20.22642 17.65398 20.27058 23.45527 14.78825 0.0 23.46214 19.97845 17.06939 16.06618 17.97588 30.6383 21.53271 0.01851 11.50156 20.25693 31.43913 29.60745 27.0885 23.71577 11.21748 32.80988 27.50555 20.0685 27.33897 26.87362 21.16642 18.106 31.08385 16.94895 12.7216 22.07309 14.66655 9.23527 34.08577 25.18712 27.29321 15.8886 19.25985 7.08407 0.0 33.2257 0.0 32.54374 
1000.0 31.60895 19.01933 7.293 0.0 29.38057 15.90777 19.19852 11.34769 26.38077 11.80469 12.4831 0.0 19.5684 33.26029 11.54342 13.76581 15.80042 31.33723 30.40139 0.02912 29.68604 11.71809 22.3373 23.90373 24.71239 13.18674 30.70845 24.41388 27.36017 15.08823 29.75419 22.38678 21.68811 13.22668 27.37099 29.32799 19.60238 34.10255 24.94763 20.31312 14.069 13.22645 21.74568 30.28594 17.38256 10.38799 0.0 28.97497 0.0 21.87863 
1000.0 10.47697 16.38278 25.11608 0.0 25.95423 33.95747 19.5295 19.24345 12.56439 23.33048 25.056 0.0 22.01566 7.39813 25.78621 21.10781 26.91732 17.55746 34.33599 0.04145 32.98613 12.20338 25.81261 31.34013 11.52929 25.25807 17.51518 9.13422 27.93698 13.72087 30.39508 16.03237 8.32757 19.44255 28.78401 19.56526 34.27878 32.18114 29.1128 21.37678 17.00407 26.57483 28.315 33.85668 22.49436 33.7123 0.0 19.59079 0.0 22.47483 
1000.0 9.72015 33.48586 15.92817 0.0 11.98553 18.42297 31.39154 16.73875 16.34687 13.83613 7.13736 0.0 33.01215 23.98053 32.63662 10.72804 26.54777 25.58109 16.79411 0.01808 29.70605 31.64999 14.17494 18.73569 12.64732 21.71398 29.60887 8.88071 22.22421 33.70149 31.56516 11.8074 21.94363 32.23606 20.15746 19.52599 15.67887 14.12106 11.21644 33.56383 24.87125 20.00843 8.57487 16.62828 8.26598 13.11924 0.0 33.28424 0.0 16.77172 
1000.0 12.90841 23.41651 12.96725 0.0 9.8402 29.64174 32.17292 24.49267 12.02571 27.97987 29.79652 0.0 14.21714 15.80298 24.26586 24.10122 7.9405 15.67952 30.67967 0.01282 25.93761 29.82928 28.57625 22.46122 12.12543 9.91097 34.24692 23.76946 9.80046 23.10904 16.70748 26.58793 10.79227 27.31156 7.00938 25.12009 31.26025 32.49959 32.87718 31.79496 11.33505 28.28319 18.44559 23.70249 18.4558 8.4566 0.0 11.51407 0.0 8.22576 
1000.0 31.00095 16.92823 7.64226 0.0 10.23043 17.04318 16.76023 10.04197 18.77467 7.52722 20.02111 0.0 24.83826 7.74458 22.96911 25.16641 20.92184 11.71789 32.37992 0.01464 15.96921 19.27926 11.68042 7.9561 24.35235 30.17738 33.95183 24.71645 20.74669 17.7371 33.82462 32.41789 14.12509 17.10622 15.42891 24.05849 7.90843 13.39988 15.34469 8.1823 24.92413 10.80219 18.22489 30.76609 10.14252 9.83301 0.0 27.8715 0.0 15.22874 
1000.0 33.15324 11.70831 11.09362 0.0 31.6144 6.96077 23.56543 16.22416 13.07347 32.77557 6.94034 0.0 24.81557 7.75271 15.48121 27.04208 25.4902 24.24481 23.44066 0.01647 7.96678 19.05953 23.27318 33.54807 24.83674 17.73985 23.16042 18.20237 22.895 16.51235 9.39007 9.11809 28.6247 14.87526 23.13425 11.57301 22.76823 20.20706 21.1462 13.68062 28.24089 11.15534 13.5738 12.21104 11.70066 10.77397 0.0 19.68386 0.0 23.68305 
1000.0 34.19848 15.48987 32.9007 0.0 23.23143 25.11977 29.71786 13.29814 18.52537 23.21967 12.32302 0.0 8.99563 19.18995 13.64322 19.29938 30.7298 11.32069 22.84018 0.03511 13.26428 31.56882 12.37454 21.18612 31.04129 28.20829 8.30566 18.60595 9.70397 19.55782 17.14563 32.1463 26.69906 13.73168 29.39275 20.23463 29.64388 32.62041 19.68963 25.41708 17.67057 17.88738 30.97244 20.31379 8.21726 22.1285 0.0 16.11323 0.0 22.71729 
1000.0 14.91245 9.79083 12.96443 0.0 26.44739 27.62954 14.32105 14.51525 21.19969 25.45786 17.18022 0.0 11.25108 24.87207 23.18378 13.78332 13.43982 23.65405 28.07588 0.02233 29.39824 8.83339 10.50727 17.23653 31.73879 23.83179 34.0679 21.53161 24.47722 29.38014 30.87077 26.3427 17.47801 24.67595 28.3104 19.16344 16.03366 13.88862 26.91217 15.73709 21.52148 21.14778 21.47844 22.12629 15.50462 16.65985 0.0 10.20512 0.0 8.59618 
1000.0 8.36856 21.00192 17.52606 0.0 26.18736 31.89028 24.79788 31.03774 17.40075 31.72877 21.49696 0.0 19.80185 17.41425 23.11462 10.74537 8.84679 8.09407 22.49551 0.01634 33.30437 20.39715 26.93542 23.94963 31.96694 26.51059 21.68045 18.49832 29.40911 34.34494 27.16603 32.01328 18.83767 19.7851 10.09652 30.53844 33.58986 25.20663 13.52349 29.78869 28.98578 25.05339 28.09088 33.74463 32.79745 30.70087 0.0 32.32965 0.0 7.17726 
1000.0 13.74932 14.13194 15.48305 0.0 27.87278 26.48433 10.52697 28.5569 27.34489 26.0341 8.65592 0.0 16.9553 13.79508 13.90912 23.96809 28.29756 20.04726 19.7028 0.022 29.13384 31.74688 11.25348 13.49612 13.66376 16.08409 18.23075 11.56335 13.00274 17.20377 30.11329 28.30623 20.68478 33.69991 30.65172 26.80333 23.00445 21.56396 16.42801 24.55668 27.37486 14.0764 31.70637 25.35461 27.64826 24.88167 0.0 18.96437 0.0 32.78372 
1000.0 17.97865 14.72035 14.57446 0.0 15.24712 10.56879 13.88865 29.37751 24.29428 15.40485 8.07748 0.0 12.49148 25.79977 16.08486 33.6888 10.16059 18.90923 16.66656 0.02491 32.47058 12.73771 8.26914 30.27882 21.22627 21.2941 22.15632 16.24885 12.68544 30.73906 20.2289 21.31064 19.18333 15.68676 7.5847 8.62594 34.28993 6.98909 11.25671 21.83683 8.83578 15.84264 6.89407 22.37661 33.98134 13.15663 0.0 8.16394 0.0 27.55484 
1000.0 28.57534 15.81053 21.9768 0.0 26.84545 27.57356 10.08137 12.51189 14.25035 7.82866 21.94235 0.0 9.23698 10.16983 15.97844 28.30259 25.3832 32.45105 21.18294 0.0169 26.56367 28.21068 19.78939 10.67346 12.56908 22.76953 30.10916 21.45626 10.18928 8.57514 11.30714 14.53924 16.61738 18.31825 7.68761 21.01916 19.21708 9.5448 23.85982 14.36509 14.88918 15.20264 14.6902 10.46786 21.01766 25.35762 0.0 27.42826 0.0 34.1134 
1000.0 28.98338 8.95252 23.78228 0.0 31.03157 26.73771 10.32955 10.62502 30.29738 20.73557 17.35335 0.0 30.16179 15.69006 19.89117 15.93212 32.18186 11.52179 31.01944 0.03301 32.72014 12.56488 30.55557 18.10867 15.48855 24.93705 7.81935 21.03532 17.28085 24.70662 30.39359 7.27759 33.33152 31.70569 8.83837 12.78282 12.40276 16.78408 26.40629 34.03314 14.79368 8.76138 27.87614 18.23164 8.6612 29.13422 0.0 29.04179 0.0 18.42554 
1000.0 10.45494 8.83984 19.6563 0.0 8.63921 20.57796 17.58286 21.21536 7.396 23.01412 25.93465 0.0 8.91714 6.93821 18.59273 26.76005 7.18324 13.7176 22.4431 0.01631 21.56569 11.91227 32.29069 12.04355 8.29569 12.30685 27.82161 20.93643 27.00121 25.41247 9.35241 24.57661 32.94412 19.95582 19.55174 22.85592 16.80824 27.73154 10.99833 20.54952 15.66237 20.16909 16.98667 24.12349 29.78673 19.94366 0.0 17.74558 0.0 12.76574 
1000.0 27.56804 27.61042 12.2817 0.0 32.49042 11.07407 23.68941 11.32067 9.30105 27.07669 13.43294 0.0 24.29207 18.6184 28.57024 13.78761 24.55843 8.59116 8.78644 0.01278 16.26948 32.73044 7.54642 25.31327 30.09327 34.22518 25.47719 26.8394 9.34146 19.95154 15.43773 31.13956 24.39843 30.34787 18.04387 15.31511 9.68403 10.66936 32.52587 32.59336 30.72037 28.09577 33.47983 14.90965 18.67552 26.69981 0.0 28.0484 0.0 12.44328 
1000.0 11.11109 29.92801 25.569 0.0 17.0559 13.42551 25.41613 22.6001 32.90843 28.16685 15.13991 0.0 29.02068 9.10298 29.05516 16.55186 21.00693 28.19501 33.66976 0.01231 26.31669 7.26446 23.71962 18.75088 14.32685 22.76369 33.92249 15.72557 25.94815 19.42724 12.60572 28.48534 20.9134 21.67665 14.33361 19.45382 19.43818 7.45822 31.26296 24.44317 13.25331 19.14947 25.30005 18.93362 16.93027 28.85746 0.0 21.15898 0.0 25.03881 
1000.0 26.87196 7.65861 10.84273 0.0 26.10965 12.53376 16.9808 13.22669 32.96305 15.81144 28.00578 0.0 15.85596 13.25884 20.77515 29.82889 10.42111 11.22599 7.70561 0.03835 15.51216 17.35967 28.31344 23.0193 14.83934 13.05978 28.24424 22.02549 34.13057 20.77867 27.55794 9.22855 26.65625 7.59998 8.42713 25.23057 24.31356 15.11452 32.17257 17.45193 8.79607 11.25211 30.96148 27.38561 28.12177 11.43124 0.0 10.07136 0.0 20.71649 
1000.0 0.0 0.0 0.0 30.39461 0.0 0.0 0.0 0.0 0.0 0.0 0.0 7.85797 0.0 0.0 0.0 0.0 0.0 0.0 0.0 0.0 0.0 0.0 0.0 0.0 0.0 0.0 0.0 0.0 0.0 0.0 0.0 0.0 0.0 0.0 0.0 0.0 0.0 0.0 0.0 0.0 0.0 0.0 0.0 0.0 0.0 0.0 10.81664 0.0 15.22851 0.0 
1000.0 8.76186 20.94927 26.10304 0.0 23.47695 23.47202 17.19248 30.51861 32.68924 16.73571 11.36276 0.0 24.48223 33.98095 28.07485 22.99717 26.58647 17.0949 18.98266 0.037 23.70321 10.96225 26.91558 27.48894 22.68845 9.91488 23.34993 28.84232 26.91069 23.20509 15.80422 17.37341 9.74229 8.66382 10.64273 18.03355 33.48962 29.41191 33.69242 24.14235 8.61632 29.15663 26.9058 16.33893 16.15751 25.02978 0.0 15.06509 0.0 34.34617 
1000.0 0.0 0.0 0.0 14.91914 0.0 0.0 0.0 0.0 0.0 0.0 0.0 15.43624 0.0 0.0 0.0 0.0 0.0 0.0 0.0 0.0 0.0 0.0 0.0 0.0 0.0 0.0 0.0 0.0 0.0 0.0 0.0 0.0 0.0 0.0 0.0 0.0 0.0 0.0 0.0 0.0 0.0 0.0 0.0 0.0 0.0 0.0 34.30865 0.0 21.47386 0.0 
1000.0 30.27671 32.86564 22.19786 0.0 32.06576 32.34181 18.65119 25.29958 19.2491 33.45883 14.26583 0.0 27.72766 15.13814 21.12687 12.95744 7.27323 18.32107 10.3967 0.01973 32.03739 28.03326 32.29837 8.55254 33.16155 11.27892 20.32762 18.43089 22.51382 30.9963 21.11592 26.07239 8.76481 31.96129 27.3742 28.28233 23.45313 13.58427 16.88148 25.21057 15.06066 17.55497 31.28624 21.47823 9.76798 25.69556 0.0 28.36888 0.0 22.01841 
