1000.0 1000.0 1000.0 1000.0 1000.0 1000.0 1000.0 1000.0 1000.0 1000.0 1000.0 1000.0 1000.0 1000.0 1000.0 1000.0 1000.0 1000.0 1000.0 1000.0 1000.0 1000.0 1000.0 1000.0 1000.0 1000.0 1000.0 1000.0 1000.0 1000.0 1000.0 1000.0 1000.0 1000.0 1000.0 1000.0 1000.0 1000.0 1000.0 1000.0 1000.0 1000.0 1000.0 1000.0 1000.0 1000.0 1000.0 1000.0 1000.0 1000.0 1000.0 
1000.0 34.32266 23.4876 15.9858 0.0 14.01022 20.34101 41.39555 24.89929 34.70228 8.72977 36.49096 0.0 18.05074 38.27155 39.68578 17.24161 24.65943 20.68118 30.6706 0.01363 21.14206 19.40356 24.6452 21.95017 22.83494 27.52974 37.56814 33.02518 32.19682 35.91095 39.48595 28.14655 13.17438 19.32565 31.02969 21.49797 8.95851 20.28171 10.02484 24.79034 29.23872 12.35773 14.16351 39.52421 32.74885 10.3689 0.0 14.63078 0.0 14.8343 
1000.0 23.94271 8.79891 32.33673 0.0 22.27256 41.33282 12.57821 33.72755 25.59587 11.63153 20.84865 0.0 25.71276 10.91775 16.37655 9.54731 28.25658 29.77025 12.07063 0.01482 40.01745 25.66219 36.66807 21.0571 24.68067 40.62359 15.84219 12.10605 36.77429 26.11522 22.40643 25.04057 10.35054 31.63549 30.20229 41.01281 29.07294 37.90355 8.82595 9.09093 17.47588 27.21005 13.22067 16.67257 28.83243 26.31415 0.0 21.84878 0.0 31.37657 
1000.0 11.79312 18.47436 37.02005 0.0 35.08997 38.84398 29.50014 8.39459 8.98131 9.25886 18.70855 0.0 30.4772 30.02881 23.95471 29.34269 29.39934 24.63702 13.90048 0.04058 33.28578 26.34258 14.81558 29.59482 14.30625 30.40431 40.16673 25.05447 25.31627 38.93056 39.8476 38.58877 31.1364 23.46705 17.89769 15.94298 21.31684 30.97931 25.17661 14.38562 36.72781 9.56013 26.81365 24.94526 34.61479 12.485 0.0 28.65703 0.0 28.43328 
1000.0 0.0 0.0 0.0 35.77668 0.0 0.0 0.0 0.0 0.0 0.0 0.0 38.9614 0.0 0.0 0.0 0.0 0.0 0.0 0.0 0.0 0.0 0.0 0.0 0.0 0.0 0.0 0.0 0.0 0.0 0.0 0.0 0.0 0.0 0.0 0.0 0.0 0.0 0.0 0.0 0.0 0.0 0.0 0.0 0.0 0.0 0.0 27.34299 0.0 39.27601 0.0 
1000.0 8.85053 22.73548 25.24149 0.0 12.09985 30.74648 35.42048 17.19655 32.61924 9.31922 37.7114 0.0 33.38565 29.29698 9.29266 38.37082 19.58611 11.88547 17.284 0.04546 9.12334 31.89063 18.03654 20.86222 36.04847 12.69641 25.09932 30.68927 9.40341 14.02129 24.162 30.21463 37.25563 14.30956 12.83796 41.02389 20.84198 24.52256 21.43495 39.10099 28.02448 18.75237 37.51447 12.27156 39.95472 10.41716 0.0 13.17321 0.0 34.9558 
1000.0 13.38309 17.72992 36.86573 0.0 35.29701 14.80617 20.60219 12.62113 28.57648 33.33068 31.34092 0.0 12.51427 30.12612 27.28655 37.28689 26.92215 22.00841 30.40025 0.04284 18.66019 21.7724 19.91867 10.72653 13.1875 12.51683 36.91796 34.21527 22.59221 19.48827 31.95282 23.43289 18.29218 19.49505 26.14572 15.15385 27.30607 22.93957 28.47148 36.83494 32.64755 9.38816 36.00815 36.53635 23.31257 15.0004 0.0 39.55153 0.0 14.61905 
1000.0 16.63999 34.54734 37.83402 0.0 38.47474 18.21635 34.65164 24.74291 20.05474 19.72775 10.52935 0.0 28.45731 14.34606 13.58193 19.9594 33.88029 17.89153 19.93764 0.04454 16.98791 29.92574 26.49555 15.02935 14.14826 34.43145 33.85581 11.53179 38.78968 20.65297 38.02862 13.65735 12.41166 36.55873 9.31481 8.7657 39.7656 33.59779 36.69078 25.25028 26.47881 26.8034 36.75158 30.19294 19.18928 23.64997 0.0 10.54017 0.0 30.34921 
1000.0 13.6575 10.46772 30.32822 0.0 23.88461 37.45191 17.48586 23.82873 13.04992 31.3476 13.9478 0.0 18.13831 16.46118 37.40658 33.44674 18.79963 38.53371 23.55138 0.01124 38.19976 15.54084 25.63173 40.13494 23.17294 38.19367 14.32271 31.89985 23.22291 29.50123 9.48059 38.84049 14.44389 20.95632 18.43345 17.66995 17.10011 26.66731 20.44279 37.2864 40.58306 33.60385 32.50941 22.85128 37.33147 27.1135 0.0 33.12649 0.0 39.12975 
1000.0 19.85429 36.83232 34.92986 0.0 12.26078 13.66443 23.54298 11.2892 27.65537 30.59356 26.7422 0.0 25.86304 19.02771 22.20254 34.70291 22.06306 21.44708 12.47645 0.02554 41.08679 32.84861 20.19569 19.44012 20.01228 23.19789 28.73679 22.43012 21.2397 10.07863 30.81294 15.89578 21.18081 16.32768 33.27253 15.63113 33.26312 15.55752 21.52481 31.52122 11.0486 26.48542 15.44243 16.75849 15.31557 26.19841 0.0 22.68659 0.0 11.39903 
1000.0 33.36625 14.59253 38.63286 0.0 33.99465 8.76503 37.00555 28.98385 40.00434 14.32944 37.23099 0.0 13.00496 23.28344 25.39817 20.16316 11.88445 13.16324 39.7318 0.02849 29.08316 40.06032 40.04963 21.44202 36.67295 17.08019 40.52609 14.81313 39.13335 34.85146 15.6561 36.36244 22.10375 20.16097 20.9106 26.78677 18.72663 9.3731 30.27115 20.82174 32.89348 29.58477 11.59709 11.68688 33.90979 17.08745 0.0 23.14839 0.0 28.37613 
1000.0 12.69948 37.95376 40.58221 0.0 28.59712 31.82684 22.80233 28.13256 33.17144 13.03964 37.51805 0.0 15.87588 22.34628 23.25634 35.84509 31.56105 21.17398 20.48487 0.04196 39.05836 33.03962 23.86918 40.95594 13.19728 19.59798 24.03698 15.00468 23.06172 32.35277 11.74717 10.2992 32.81782 32.62152 22.43965 10.71477 32.83312 27.67659 13.30553 27.11436 11.93868 14.4985 14.82684 22.8895 17.10741 25.61488 0.0 16.58979 0.0 24.6756 
1000.0 0.0 0.0 0.0 17.93946 0.0 0.0 0.0 0.0 0.0 0.0 0.0 14.61978 0.0 0.0 0.0 0.0 0.0 0.0 0.0 0.0 0.0 0.0 0.0 0.0 0.0 0.0 0.0 0.0 0.0 0.0 0.0 0.0 0.0 0.0 0.0 0.0 0.0 0.0 0.0 0.0 0.0 0.0 0.0 0.0 0.0 0.0 26.49138 0.0 9.08347 0.0 
1000.0 38.78622 29.35316 38.03536 0.0 28.37375 25.6116 21.61316 29.20884 8.40216 14.37478 34.13405 0.0 28.46789 21.12257 18.69946 17.53073 12.51932 31.78952 26.20156 0.01733 12.42094 13.34151 16.83364 29.40097 17.25267 39.14785 18.00188 12.52014 21.67156 26.49783 36.64781 15.14191 27.13361 39.62118 29.9304 18.13734 39.49252 15.07374 31.11696 38.23458 18.94313 16.39142 33.70636 19.10418 11.37466 21.38584 0.0 19.17463 0.0 12.23452 
1000.0 21.95852 27.28628 25.03987 0.0 38.89514 41.42642 25.19489 32.19557 35.52875 26.03111 14.64226 0.0 10.40639 35.7989 25.30353 10.72361 11.97609 23.81652 17.37512 0.02237 22.11724 33.66655 36.5211 39.27516 27.8072 14.73454 11.50246 16.04981 35.44718 24.84268 13.11715 40.48563 39.8834 40.56469 14.68021 20.51198 20.86711 19.25016 21.01768 35.84492 20.55513 8.51258 24.33066 32.79204 12.65063 21.07735 0.0 19.01807 0.0 15.60835 
1000.0 31.56636 31.16801 9.75718 0.0 22.03052 13.09069 38.85769 23.24003 38.00235 26.28559 10.34756 0.0 35.56693 21.81136 33.35499 11.78803 31.69727 10.88507 15.82872 0.00975 40.7274 39.38466 18.79064 12.14605 14.02465 19.49443 23.04055 41.3042 18.27199 24.64331 31.92247 30.2028 22.91168 14.28313 40.54718 38.04025 27.59202 23.42165 23.47115 33.13296 32.81176 12.1015 13.69782 18.40171 9.51257 25.41795 0.0 10.14004 0.0 15.76717 
1000.0 20.40999 36.85435 9.61415 0.0 16.74403 16.81933 27.9085 37.85627 17.47018 13.00374 40.48222 0.0 19.88406 26.54173 30.36644 37.11087 34.04556 40.77276 33.77262 0.04087 17.2722 35.02394 39.35803 41.09948 19.89792 40.68557 38.37258 19.10536 38.86947 11.66714 38.52493 32.03749 34.17101 17.93385 9.58593 38.62647 20.87358 39.28411 16.09106 32.09388 39.55255 23.05653 8.643 27.72126 21.35717 34.10953 0.0 13.47296 0.0 18.64295 
1000.0 18.31337 20.57661 35.25663 0.0 27.11395 21.53155 11.37293 39.71971 12.84084 20.38882 34.58898 0.0 18.29498 33.20382 8.55673 15.97633 38.47165 41.17834 18.72704 0.02157 34.57896 31.2178 35.66387 38.12904 20.71916 32.79006 12.73393 18.47175 15.0071 11.97074 28.07386 14.60629 32.91425 31.66257 40.07093 13.20925 16.98969 13.78538 22.86065 38.61039 36.02859 37.24139 35.56013 35.64421 14.66843 25.54942 0.0 18.78214 0.0 37.34815 
1000.0 20.43525 27.96213 35.50437 0.0 40.17989 25.65034 39.31207 21.75766 39.90746 8.88084 35.82094 0.0 28.76443 9.9516 25.08602 28.67202 13.00419 14.96458 36.05325 0.01562 26.05246 22.74155 25.77424 21.23656 22.36291 28.14253 40.43527 11.2409 13.80525 32.80756 18.91272 36.44514 19.6964 19.70594 8.95989 23.82689 17.27309 40.61815 41.31548 24.67729 11.54437 16.18512 29.22468 36.72571 26.0782 11.28165 0.0 10.12374 0.0 18.40019 
1000.0 22.88373 15.64879 29.02796 0.0 11.90914 34.41066 22.30295 19.79165 9.48613 22.16149 28.58873 0.0 33.79468 15.1376 22.46489 30.44426 25.03148 11.8761 21.88667 0.02645 17.68759 38.17694 17.61115 40.15253 41.286 33.84893 17.7622 20.19558 20.32446 19.10196 25.05574 30.84531 40.69134 9.57237 14.34868 39.83264 20.49461 37.08484 32.39178 23.8168 17.81182 26.6713 31.82571 36.03955 24.86881 10.10491 0.0 32.39431 0.0 31.45536 
1000.0 0.1225 0.13687 0.11142 0.0 0.05584 0.08409 0.11998 0.10245 0.03717 0.04957 0.16174 0.0 0.05409 0.13918 0.10666 0.13916 0.09671 0.03898 0.106 17.15776 0.16604 0.13909 0.14329 0.11774 0.18205 0.0948 0.09228 0.14394 0.08694 0.11671 0.09333 0.10892 0.06385 0.08723 0.13544 0.16882 0.17586 0.06152 0.05439 0.09898 0.08301 0.04068 0.14576 0.08007 0.17881 0.05386 0.0 0.12581 0.0 0.14693 
1000.0 16.79031 20.81785 10.15669 0.0 20.4112 8.49246 40.08424 18.10068 20.25705 41.12063 33.74162 0.0 32.46889 36.30242 24.20263 26.7684 31.49495 19.69505 33.12067 0.04041 17.67551 34.24669 12.48394 32.63542 27.22319 21.69254 13.95247 28.83579 11.35351 11.89414 10.92462 29.03802 27.88546 13.58982 11.19457 22.97038 36.66113 12.61523 17.44809 31.36202 25.32864 24.87101 22.81292 39.64701 14.13659 36.41038 0.0 39.95835 0.0 31.41491 
1000.0 36.31809 15.2893 13.73627 0.0 35.54415 20.88272 20.96587 36.98992 17.88669 27.5886 14.99244 0.0 36.95152 36.8486 24.15648 14.99254 24.87186 19.97143 27.02627 0.0163 8.68714 22.22275 34.45068 16.65913 32.24544 17.17292 25.20526 32.66001 23.2327 22.54897 32.89246 38.32378 20.50964 28.88361 39.41158 22.58121 10.90201 37.25011 13.43621 28.08981 22.48168 31.88405 30.85997 22.19966 20.09835 18.06814 0.0 22.21462 0.0 19.06386 
1000.0 30.82234 19.19662 28.82072 0.0 8.58291 35.58411 20.80847 31.59332 9.4526 21.947 19.22056 0.0 36.45047 36.18983 37.68738 33.91836 22.23749 17.70777 16.96683 0.03773 8.51896 13.66903 36.67999 38.51392 26.57575 31.18839 40.90649 31.94195 36.8054 19.64213 30.8111 11.33537 28.15518 24.6045 17.86723 16.28044 14.51047 29.28862 14.32763 13.00892 28.30362 28.73404 26.69002 38.52222 9.96078 17.03961 0.0 26.44167 0.0 40.6093 
1000.0 38.77464 21.68062 35.07123 0.0 37.47579 9.29563 22.54522 32.06496 9.83955 37.73675 17.66807 0.0 16.1465 38.98151 8.50934 23.31841 18.91508 27.46309 35.81108 0.02484 19.67449 20.28891 12.76206 36.08507 28.54972 20.14171 18.71409 13.66801 22.7108 11.57401 37.42288 27.8603 18.5853 38.26172 19.37114 28.7502 25.54135 23.85379 30.1879 28.10516 37.8585 11.9281 15.28668 8.81306 12.36456 37.07659 0.0 15.44473 0.0 24.47091 
1000.0 34.74834 33.10261 25.43566 0.0 41.39336 39.36365 18.15389 34.22903 41.38976 18.28684 12.76187 0.0 12.17735 16.94463 16.63751 40.55817 26.49608 37.27232 31.22385 0.04093 9.91628 23.12006 36.43866 21.38268 40.63347 25.88576 38.14225 19.01373 16.01909 27.71825 33.37634 21.45692 39.43299 22.86531 25.39256 40.49473 17.30782 25.65323 40.4898 41.05414 25.80471 28.98065 28.34612 16.47631 21.99657 37.02971 0.0 23.21111 0.0 15.67839 
1000.0 24.38229 18.69748 36.675 0.0 15.66729 36.50035 24.64847 35.6979 34.43028 17.91567 22.60674 0.0 24.70816 28.70194 18.17126 16.36282 21.06285 9.13455 31.54557 0.04483 37.63952 28.15203 26.27272 17.25933 14.34113 31.99529 36.92715 36.25081 19.39369 13.70732 28.6582 29.21993 20.193 11.00326 36.57313 20.06198 36.87454 14.3101 20.00862 37.08354 20.14166 25.90942 21.05097 30.88571 14.10642 26.89128 0.0 41.40029 0.0 38.78919 
1000.0 34.6604 33.12084 22.23605 0.0 35.17875 34.12744 38.52126 12.4163 36.16976 24.97793 28.93082 0.0 29.93669 30.05088 21.5698 12.51493 36.66976 10.67098 24.78156 0.03825 26.00694 22.40267 29.46813 29.10173 34.37358 28.00696 16.37613 16.10959 23.65936 32.21896 34.29125 20.45887 24.55063 13.5823 36.33409 9.52744 24.5423 40.59011 39.80821 25.31112 25.31224 15.56 25.29634 35.3043 23.38928 9.78419 0.0 31.29217 0.0 10.41593 
1000.0 41.43276 8.54261 16.91279 0.0 8.51914 31.12009 24.82422 37.49483 8.32566 34.56375 40.22769 0.0 27.42874 36.45112 18.29795 9.54736 12.70317 31.67024 8.61039 0.03507 11.37155 12.67555 15.23713 8.98763 38.47097 37.03611 11.45625 18.00382 21.94452 27.10149 12.47078 12.22461 21.91215 14.16048 33.98885 9.11857 13.94559 40.63027 19.10495 34.84242 35.89999 32.94558 10.85462 8.84033 23.56575 11.87048 0.0 26.17924 0.0 22.99749 
1000.0 19.67431 9.3898 20.89744 0.0 9.9861 11.44902 10.28556 30.92576 25.82442 27.84053 40.74196 0.0 36.81767 21.27676 15.2748 12.25359 30.55152 41.08071 12.48905 0.04392 25.71212 41.38463 17.62637 14.78249 22.03384 9.77222 20.69207 21.15618 11.51865 35.64329 30.45806 41.17034 15.79396 40.29282 36.11565 31.86455 38.01025 24.02991 36.32432 33.44941 37.68627 31.86955 31.69815 17.39485 22.54574 23.30803 0.0 11.4919 0.0 26.29139 
1000.0 39.32167 14.58134 27.50139 0.0 35.10021 31.66855 12.65715 16.11584 27.23085 41.31955 40.20034 0.0 35.79504 34.40059 17.71486 30.57298 16.11909 29.4662 14.2063 0.01336 10.3988 41.26342 32.82715 16.93808 40.30057 26.4738 8.95031 36.6583 40.45406 26.44335 14.21913 33.16619 12.29806 24.76261 26.36707 26.84337 18.62736 22.08163 28.69461 26.08911 16.26213 31.8222 16.39546 39.49534 35.09886 36.4856 0.0 17.62217 0.0 9.45005 
1000.0 10.45462 12.07574 24.22923 0.0 11.34405 31.13018 23.94407 31.80631 28.60646 39.73373 36.326 0.0 34.88392 16.01407 8.64322 39.07156 19.4052 24.29475 24.64083 0.01084 35.46158 27.11544 21.27927 12.33871 40.12761 29.6215 40.39954 32.32221 20.5051 21.2747 22.91777 27.79438 9.78075 35.23697 30.86575 22.24645 23.3069 20.46429 20.08853 29.52541 39.65282 41.47162 39.13144 19.87231 15.14558 39.62788 0.0 14.72029 0.0 30.77833 
1000.0 18.06939 22.42231 15.55329 0.0 14.21432 18.29361 10.78001 17.56409 17.29306 9.78327 27.86659 0.0 35.97678 22.49644 38.51892 16.71923 33.3839 11.37743 29.95704 0.01009 22.08666 24.44599 29.12812 14.09342 13.42607 28.65885 14.73642 24.38688 38.56668 12.1595 40.4081 10.61276 17.09463 41.21778 10.29357 13.12584 13.73851 18.69675 28.38728 35.71317 12.27443 39.27719 28.5235 21.24911 10.73083 31.15805 0.0 16.45057 0.0 22.97154 
1000.0 13.97727 19.55891 34.58195 0.0 20.18335 28.90954 9.6611 13.01186 11.01367 26.11185 22.65277 0.0 27.1669 30.2105 17.8313 22.00058 22.17916 8.58438 33.6829 0.03049 18.10381 13.91006 34.74883 28.66305 29.65109 24.00849 16.22471 25.04651 22.34521 33.54342 12.04496 36.22911 40.56757 14.93232 35.53747 39.99092 18.60565 31.01844 40.89009 34.09239 15.51868 15.58655 10.13326 36.41873 10.936 12.65021 0.0 35.89267 0.0 16.18166 
1000.0 9.57537 26.31848 26.82133 0.0 34.77271 34.39667 34.83161 30.37263 29.17091 25.47627 23.61187 0.0 16.24805 40.02712 10.263 33.6734 31.11922 39.27927 34.26186 0.03211 12.07866 14.5204 40.83221 25.79144 39.50021 20.90819 9.30825 22.4062 21.91605 41.51526 20.53504 29.47501 16.0468 9.46719 21.27463 37.99396 40.73242 29.14828 38.13902 29.27391 24.94789 31.34713 9.19229 26.26389 20.30169 26.96771 0.0 17.68385 0.0 34.68259 
1000.0 28.63397 38.51461 26.84609 0.0 34.22016 11.50365 28.733 32.39962 37.73714 32.87434 36.59987 0.0 18.51665 32.8968 35.93677 36.29346 12.80748 24.67643 17.92494 0.01607 28.61256 16.0093 38.8005 21.80267 23.57985 20.58091 35.02379 35.19917 23.06838 15.74404 31.02874 39.69638 17.25211 8.61427 8.74274 40.72988 27.12864 15.36957 8.99301 41.24706 27.51769 18.19069 31.07249 19.73087 20.82594 25.60355 0.0 38.69805 0.0 31.18815 
1000.0 27.5665 9.29541 35.06675 0.0 34.51218 28.8759 36.97029 12.79271 24.27318 33.79165 19.19557 0.0 12.80829 38.70091 31.79693 22.96889 38.47701 27.40096 38.63377 0.01525 22.96952 29.4018 36.75329 11.30028 26.83844 18.10606 17.41186 23.4571 18.32148 29.37307 40.37955 31.54044 32.20084 18.02499 35.57503 21.63508 26.32117 27.00544 14.03034 24.31333 12.57028 31.55427 38.62548 29.82459 31.91619 13.67168 0.0 28.02302 0.0 24.78571 
1000.0 16.42901 12.93197 15.42883 0.0 14.85858 25.7279 20.44599 13.87753 36.43436 29.84269 18.21037 0.0 11.54227 22.36117 20.35873 38.77407 9.00156 11.14169 31.83114 0.03416 10.58945 11.56661 33.77109 13.24385 37.151 11.68186 39.34625 38.99805 14.70175 22.53986 10.86326 34.69933 30.64507 27.48139 29.18932 37.25826 8.74157 14.57441 26.48635 28.50819 26.10351 28.54647 30.39288 38.1245 22.42425 41.07566 0.0 19.84426 0.0 32.07928 
1000.0 35.1511 21.80685 38.22511 0.0 27.33501 28.85899 20.76651 29.31813 35.7551 38.69941 35.23978 0.0 33.78653 29.16969 39.9071 25.72114 25.69828 9.53798 24.6412 0.03618 10.38186 33.73921 22.4384 31.38263 21.84855 15.12471 27.63873 33.3236 24.71749 29.58402 17.4263 9.27824 30.88853 31.46932 35.43859 37.57065 38.79102 15.09519 16.5543 36.94227 34.25441 19.11957 16.33428 12.28367 35.98923 9.93387 0.0 24.38092 0.0 34.28397 
1000.0 25.52841 23.91724 36.91651 0.0 22.91232 38.19362 19.25982 15.95771 37.46612 26.05046 23.03161 0.0 31.12058 27.35558 41.52746 17.66347 18.69354 32.64397 14.86462 0.0128 9.39761 39.66354 13.73123 35.47753 11.93089 28.64746 38.57214 26.51951 31.00873 33.61094 26.46111 21.16552 20.76097 40.36118 24.93327 20.28161 26.25137 13.90734 14.76544 16.20206 30.39505 28.59034 35.77373 34.11863 8.73449 24.80517 0.0 12.95958 0.0 11.66217 
1000.0 22.56565 9.51377 38.69877 0.0 20.92646 10.72007 16.21539 12.76087 10.36546 28.90823 38.57853 0.0 38.47885 11.01931 40.45065 41.276 35.86692 12.42676 19.97092 0.03571 33.62599 29.90262 19.48562 34.81974 37.77293 32.40991 34.83672 36.22994 31.23165 33.31488 31.03814 34.65023 36.85761 37.27049 24.02213 18.25265 10.54893 27.28531 31.73529 26.81592 35.72249 13.93648 27.15869 28.55955 22.80569 18.24251 0.0 17.17297 0.0 23.56096 
1000.0 36.97176 35.62341 36.09867 0.0 29.34447 13.3602 28.09943 29.5476 40.00496 10.95352 10.5957 0.0 28.56019 21.96768 29.81361 29.94742 28.78208 15.30248 22.6527 0.03177 22.67944 34.54782 33.53036 34.69166 34.1893 9.5763 10.31881 36.57908 12.42034 25.58199 32.23971 39.94687 9.13397 36.30318 30.85829 41.18714 10.32333 23.11458 23.912 32.55563 36.71646 26.91483 37.07201 34.25529 39.22954 26.77473 0.0 21.51211 0.0 30.07004 
1000.0 14.7176 36.40618 24.13464 0.0 13.92474 11.48848 34.3841 19.40064 30.53453 8.86255 20.84268 0.0 40.05357 31.81554 31.70428 9.02506 38.19893 20.09715 16.46888 0.02665 18.82343 16.41141 33.56351 11.9487 15.08889 26.98239 22.1745 34.92024 37.63982 18.98515 14.69541 11.67917 8.39632 18.22324 37.7997 37.61614 35.60637 15.23848 13.38391 14.91952 14.23167 11.92366 30.05055 8.984 25.83532 34.64954 0.0 33.70163 0.0 22.69649 
1000.0 30.13881 24.49484 16.00931 0.0 21.55926 11.7347 16.18089 22.72448 9.19289 34.91645 19.98494 0.0 25.59922 14.98407 25.0932 22.77352 36.44645 40.34946 29.75608 0.01789 11.32566 28.15655 40.79954 9.36071 8.52204 21.39841 35.20656 15.16291 27.99159 13.82447 12.27532 15.17989 17.59089 13.98551 37.10916 31.97618 30.36425 16.38747 24.62789 22.25784 28.26965 16.00234 14.37176 29.90127 20.07814 29.88341 0.0 17.48467 0.0 27.85368 
1000.0 31.40474 34.76664 29.16704 0.0 18.87624 19.44453 25.6621 17.3331 23.20169 34.53141 19.8759 0.0 19.17935 30.04823 21.44273 12.76489 16.34095 21.59686 30.6739 0.01352 17.69586 23.03638 24.66031 23.49131 30.61378 38.64434 17.76588 23.66593 32.07535 16.80206 24.29417 12.98338 32.25767 39.15315 18.20347 34.48984 30.44246 22.74876 29.08532 18.36348 35.04553 39.92793 30.52891 21.86256 38.08963 13.31617 0.0 11.66886 0.0 23.25726 
1000.0 26.16649 31.14655 31.73735 0.0 10.64094 40.32071 38.87418 13.99985 17.41764 40.47387 17.39633 0.0 28.70451 13.12541 20.72788 39.72634 12.84604 36.73685 22.09262 0.02288 33.91095 38.39962 23.82428 33.17264 12.01839 14.09847 28.69136 30.65768 19.00888 27.29305 36.85923 19.12745 30.4815 37.18707 41.27549 24.2905 11.37511 10.50255 9.27224 18.50626 21.53666 39.31735 17.26086 26.8829 17.37349 31.71095 0.0 10.27189 0.0 39.1082 
1000.0 26.60387 15.39364 25.75116 0.0 28.11929 38.58111 29.3773 27.76435 10.87147 31.29165 13.68504 0.0 27.14835 34.73092 14.24494 27.6109 34.08131 18.80933 33.60075 0.03083 28.63641 40.59552 30.902 36.99354 31.38019 24.24471 11.72987 22.03454 37.66003 18.76879 19.12101 37.13763 17.45452 36.46077 12.81364 14.22022 39.29807 24.50978 12.41021 14.02964 24.86868 31.25139 29.89706 21.18969 39.98642 35.72904 0.0 19.34359 0.0 8.65013 
1000.0 0.0 0.0 0.0 37.93368 0.0 0.0 0.0 0.0 0.0 0.0 0.0 22.5292 0.0 0.0 0.0 0.0 0.0 0.0 0.0 0.0 0.0 0.0 0.0 0.0 0.0 0.0 0.0 0.0 0.0 0.0 0.0 0.0 0.0 0.0 0.0 0.0 0.0 0.0 0.0 0.0 0.0 0.0 0.0 0.0 0.0 0.0 9.80937 0.0 17.79536 0.0 
1000.0 24.76645 36.92175 40.5114 0.0 30.61174 33.13586 13.74521 17.28199 32.22982 9.18678 15.12988 0.0 39.00131 9.65193 22.34131 8.41243 21.0381 38.69176 35.38853 0.02367 8.65114 38.1132 34.27651 35.98957 25.21501 30.94248 26.29081 40.31413 27.55188 31.70147 14.56063 19.55366 18.74085 35.35525 30.8349 37.63834 16.47666 18.85166 34.07582 38.74329 23.18667 34.4142 23.29527 21.09 19.34925 31.77371 0.0 22.88227 0.0 40.95697 
1000.0 0.0 0.0 0.0 30.74447 0.0 0.0 0.0 0.0 0.0 0.0 0.0 33.43575 0.0 0.0 0.0 0.0 0.0 0.0 0.0 0.0 0.0 0.0 0.0 0.0 0.0 0.0 0.0 0.0 0.0 0.0 0.0 0.0 0.0 0.0 0.0 0.0 0.0 0.0 0.0 0.0 0.0 0.0 0.0 0.0 0.0 0.0 30.69751 0.0 11.33278 0.0 
1000.0 15.46482 8.48773 30.04925 0.0 38.58773 35.69434 12.8955 34.74549 12.23491 28.84819 34.55006 0.0 33.93991 27.27283 40.78987 10.43351 24.45468 36.49372 30.59828 0.01158 40.13093 18.57552 38.36608 33.82098 32.89715 9.26516 10.73459 26.33883 31.45514 32.70163 39.09271 32.83983 36.13169 10.85602 38.17116 23.12002 36.14195 15.95592 37.88413 9.37582 36.56816 12.80623 37.51568 24.07507 13.23125 15.55542 0.0 32.81403 0.0 24.10274 
