1000.0 1000.0 1000.0 1000.0 1000.0 1000.0 1000.0 1000.0 1000.0 1000.0 1000.0 1000.0 1000.0 1000.0 1000.0 1000.0 1000.0 1000.0 1000.0 1000.0 1000.0 1000.0 1000.0 1000.0 1000.0 1000.0 1000.0 1000.0 1000.0 1000.0 1000.0 1000.0 1000.0 1000.0 1000.0 1000.0 1000.0 1000.0 1000.0 1000.0 1000.0 1000.0 1000.0 1000.0 1000.0 1000.0 1000.0 1000.0 1000.0 1000.0 1000.0 
1000.0 26.07772 13.18082 25.86561 0.0 13.93247 18.09015 30.45929 13.21036 28.05477 31.40818 15.2581 0.0 19.60781 18.64966 22.87245 36.60555 36.64741 26.1382 26.34885 0.0239 44.441 36.59844 11.50084 18.2298 12.10348 40.94044 19.85292 23.40476 9.46789 18.13093 27.13444 29.16557 20.63859 32.20044 37.93906 14.90093 29.74298 21.11426 37.18329 18.84229 42.91626 39.36542 36.32198 35.13244 10.24582 10.27471 0.0 15.73611 0.0 14.6119 
1000.0 26.42421 23.71805 20.45062 0.0 41.05083 14.59506 32.67457 16.00547 28.75293 14.55393 41.79542 0.0 34.79922 41.8797 29.29374 43.71675 22.99766 33.99611 20.76139 0.04021 22.1042 18.00568 11.14597 40.88626 9.76902 32.63575 21.56842 19.81931 16.55044 16.37676 8.99764 20.53711 16.48588 31.65394 15.70341 13.79805 33.41384 23.08103 13.35753 34.56409 37.69178 14.307 27.23712 16.06579 24.99604 34.21346 0.0 15.01636 0.0 25.56473 
1000.0 29.32024 8.97544 27.40582 0.0 17.79997 9.73639 41.66473 18.54837 23.54043 13.48452 19.30906 0.0 29.71712 33.93017 26.43404 20.14724 25.93675 15.27859 33.67934 0.03136 29.50612 12.97549 13.6409 43.88244 17.22475 23.47465 30.69825 24.97571 34.51386 36.50618 29.18132 22.72874 28.59471 36.52357 19.83641 11.45077 41.65342 41.12907 36.36884 9.61899 12.19459 32.91448 14.38578 14.99146 38.71153 37.84719 0.0 14.85356 0.0 28.23987 
1000.0 0.0 0.0 0.0 11.15333 0.0 0.0 0.0 0.0 0.0 0.0 0.0 26.97148 0.0 0.0 0.0 0.0 0.0 0.0 0.0 0.0 0.0 0.0 0.0 0.0 0.0 0.0 0.0 0.0 0.0 0.0 0.0 0.0 0.0 0.0 0.0 0.0 0.0 0.0 0.0 0.0 0.0 0.0 0.0 0.0 0.0 0.0 25.8623 0.0 25.77967 0.0 
1000.0 37.82527 42.20191 10.39262 0.0 17.89937 34.60781 36.16491 31.13603 39.71886 41.15594 13.76578 0.0 13.59628 11.44403 13.69912 30.78099 31.80242 42.24601 31.3053 0.03812 38.54881 16.11055 24.68983 40.17384 21.19495 27.16479 18.40324 42.52066 27.45978 25.99684 39.92585 34.07285 36.83193 23.64555 30.18508 44.23895 13.79303 15.60096 21.67405 21.8501 37.58573 21.78165 17.44525 19.3183 26.97555 33.17412 0.0 41.93749 0.0 36.35736 
1000.0 37.73871 35.15621 29.39231 0.0 13.83036 10.7141 29.57087 20.26516 36.93937 28.50663 13.09755 0.0 18.94054 27.74916 12.57679 13.92183 32.3412 42.7503 38.71491 0.03427 33.76957 25.70945 42.48746 29.37054 18.41319 34.48696 44.59031 40.38167 11.25316 24.20748 32.01495 43.40253 44.15812 11.21541 44.57413 22.59307 28.82648 35.17388 36.80058 34.82792 28.62803 33.36388 37.91541 14.90826 32.04152 34.3784 0.0 10.01681 0.0 12.33076 
1000.0 25.05418 17.1618 35.61298 0.0 22.34212 32.51913 22.79323 9.03183 43.04887 20.362 39.5491 0.0 28.83348 9.04253 16.10006 22.09649 26.7053 30.27757 31.46373 0.00973 32.61522 44.1233 25.43735 16.76609 43.38411 10.75317 32.39278 32.98818 29.37608 23.68039 20.90706 24.21736 16.56764 16.69172 26.29624 22.91117 24.81026 27.18537 39.35551 40.29245 11.14263 18.98996 17.33707 25.05571 16.82607 30.97849 0.0 17.42478 0.0 28.32694 
1000.0 28.81374 15.99466 14.62718 0.0 10.37947 25.07875 41.24195 40.55171 29.05441 31.13557 21.3332 0.0 24.41715 20.07546 28.03484 24.789 39.01522 21.58441 17.23539 0.02113 20.09097 16.96847 13.68579 9.1044 34.88896 30.75914 22.07049 29.12471 15.99791 15.53854 39.4231 40.28687 41.06158 25.00927 20.11701 24.87576 9.01215 37.28994 20.71429 40.26037 30.42046 20.49064 24.81767 18.65065 15.95457 17.93758 0.0 26.10757 0.0 12.68647 
1000.0 18.42837 35.01724 31.53756 0.0 9.59793 12.11549 19.20919 40.69672 20.78785 15.85009 10.81507 0.0 21.88852 42.52045 38.98763 10.94371 31.66356 43.31163 13.3907 0.03651 32.45606 22.92913 13.95499 13.08118 28.37954 29.85531 22.71102 9.49716 40.33146 23.12535 34.32729 36.1106 20.04451 23.41171 15.94226 25.58339 19.89537 9.94682 42.8991 15.6186 30.33276 31.8785 42.07128 13.49352 43.98123 15.83152 0.0 41.29734 0.0 19.30457 
1000.0 36.644 9.11985 20.23807 0.0 18.57929 16.31284 31.60575 17.14549 22.78966 39.19817 31.67095 0.0 12.53494 15.06088 25.4283 10.08825 9.11383 19.84824 22.36966 0.03948 10.30338 21.86442 15.58856 31.73044 15.39323 21.92644 13.945 20.58618 9.66326 36.74091 16.28583 28.65547 44.1313 19.70427 14.8114 23.8736 20.03373 22.18626 23.46255 40.60077 17.51692 25.77091 16.64745 39.96107 37.21049 22.18155 0.0 37.23057 0.0 41.62906 
1000.0 30.6708 33.6529 20.2262 0.0 36.03856 18.71969 22.20088 18.51078 40.74452 11.78629 24.98647 0.0 19.7042 21.22557 30.38433 32.49128 21.87598 27.63145 37.89474 0.01012 19.14838 36.00351 15.8492 19.47257 20.21828 31.3169 22.1672 37.96765 31.88443 25.34784 28.6815 25.90015 21.8802 16.03654 23.08115 35.98436 30.77498 17.4718 11.51357 21.67825 14.84125 27.17959 11.4946 9.16103 24.88556 17.19312 0.0 36.55557 0.0 9.11291 
1000.0 0.0 0.0 0.0 11.89055 0.0 0.0 0.0 0.0 0.0 0.0 0.0 20.28691 0.0 0.0 0.0 0.0 0.0 0.0 0.0 0.0 0.0 0.0 0.0 0.0 0.0 0.0 0.0 0.0 0.0 0.0 0.0 0.0 0.0 0.0 0.0 0.0 0.0 0.0 0.0 0.0 0.0 0.0 0.0 0.0 0.0 0.0 44.29357 0.0 11.54266 0.0 
1000.0 33.39717 29.56861 18.72242 0.0 16.24078 24.30939 16.36772 26.6647 38.67942 16.14139 20.54086 0.0 15.78463 28.62319 39.9488 15.85199 9.69706 19.79881 10.05593 0.03215 33.4272 11.54866 31.74042 16.30861 9.77559 35.53128 14.05629 12.40337 24.24621 24.08181 36.10307 28.51432 30.9029 11.62211 16.72132 40.30929 33.91214 27.9171 21.16731 16.58305 30.05509 34.33557 33.10484 24.06763 32.80025 13.05041 0.0 26.70983 0.0 20.18611 
1000.0 19.94191 12.89835 17.24503 0.0 43.42922 35.40366 17.34977 40.52865 39.82757 40.97695 26.80692 0.0 18.96693 25.79175 43.62301 19.36331 18.30914 30.1961 33.59908 0.02299 43.45915 29.19483 23.15902 29.54906 24.01097 11.71116 44.38984 29.83973 15.24823 40.17524 19.14593 14.84575 41.95185 26.97988 41.0878 28.65614 35.10937 18.96959 40.13526 42.54158 27.59051 41.88554 32.7678 13.08911 33.5509 24.47242 0.0 41.58874 0.0 13.26725 
1000.0 17.24623 10.20792 38.90142 0.0 10.55627 22.7913 20.88157 28.13157 18.3748 10.17197 14.50836 0.0 38.88802 16.2231 30.35379 14.94272 17.9313 11.51564 21.17809 0.01343 38.63857 36.36246 10.55571 17.40907 35.97218 37.72799 31.70268 27.53433 15.87424 31.84318 11.4441 43.99074 14.11141 25.83227 12.95761 35.82583 20.7278 30.59161 22.51909 9.11478 16.7273 41.58512 17.18593 28.66416 19.84002 23.56225 0.0 11.55807 0.0 25.96304 
1000.0 32.43148 25.73537 10.1469 0.0 40.96676 38.61438 17.9969 14.35982 23.80326 27.14758 27.43236 0.0 40.07256 10.51362 22.95014 38.9569 20.57861 25.85383 26.09118 0.01047 11.71819 39.7641 32.69515 23.96 27.00225 39.49101 19.19735 10.53647 26.44542 10.86118 38.22764 9.85404 11.43858 19.36089 25.66836 10.27201 21.17558 18.50456 22.78851 12.46134 44.31091 43.86626 14.77299 29.4622 43.74348 11.67153 0.0 9.95388 0.0 28.78397 
1000.0 20.39923 19.4616 41.11832 0.0 32.66564 21.48306 17.81648 32.66955 31.8924 40.06817 40.15996 0.0 26.42827 22.55865 17.31886 10.62945 17.10302 23.87422 38.88859 0.04133 36.98876 29.00392 29.67827 31.64226 30.82161 13.03026 17.36059 15.37855 10.703 24.46237 42.73 43.31083 29.83583 17.45943 37.79345 38.9779 33.9126 37.23482 22.58727 19.57481 19.97282 29.86239 31.66301 17.03328 38.82705 35.05465 0.0 19.66885 0.0 33.76708 
1000.0 27.67488 28.10615 37.27116 0.0 34.70601 9.26858 39.03809 31.89772 37.1827 30.13555 43.82005 0.0 39.28003 31.83127 36.79295 17.20761 35.82012 28.08573 43.38856 0.01702 26.92449 17.30914 33.6643 29.72242 38.4165 19.77928 23.42939 33.0152 13.01271 21.40213 30.78077 13.53543 28.27992 9.83102 9.23306 39.54108 14.33383 42.69391 9.51064 44.54778 36.72186 44.60659 42.94586 16.03245 13.53868 44.47566 0.0 23.84015 0.0 16.96759 
1000.0 18.3605 25.1505 42.34306 0.0 36.91011 20.53411 24.0161 39.36921 11.42955 26.57413 12.54386 0.0 12.90724 23.1412 24.03656 40.25736 25.87289 27.73183 32.72165 0.04583 40.59729 20.89868 40.93021 26.24277 35.08572 39.30409 21.59754 25.77649 20.07935 17.86756 29.48639 24.23311 14.01072 28.42641 25.55245 34.67843 16.27512 29.2533 18.45301 30.75661 14.69254 25.72816 13.2347 24.23072 44.16921 14.07868 0.0 42.93901 0.0 38.96937 
1000.0 0.17604 0.16229 0.13099 0.0 0.07922 0.134 0.09208 0.13443 0.16763 0.09222 0.09439 0.0 0.12437 0.04704 0.09007 0.07054 0.15874 0.13464 0.14029 23.41502 0.12253 0.09099 0.17408 0.04242 0.07853 0.09651 0.09753 0.0602 0.18084 0.10231 0.14462 0.10804 0.09552 0.0453 0.18271 0.03975 0.05387 0.15117 0.0498 0.1714 0.04531 0.06521 0.07374 0.14635 0.04028 0.03942 0.0 0.13865 0.0 0.08433 
1000.0 28.67772 40.47819 19.87822 0.0 31.42994 32.37745 24.8486 10.86531 8.98759 19.88244 15.98206 0.0 29.09815 37.94395 13.71898 19.10248 17.42764 9.66109 34.96355 0.03004 28.05463 23.68153 28.59839 35.89082 14.60498 33.73734 31.21501 41.18523 30.44115 41.0357 9.95074 19.84753 27.36155 37.74458 22.56806 28.34838 11.01327 17.31852 41.95361 27.77929 22.74982 41.66551 23.17216 9.40991 33.37367 30.96253 0.0 26.03773 0.0 42.91677 
1000.0 17.4416 13.37214 37.0738 0.0 37.83252 35.90793 9.61691 12.29741 27.12356 26.69279 25.97937 0.0 19.917 33.05209 28.50449 35.30936 22.41085 40.68897 40.18761 0.04602 19.97391 12.9158 42.9852 20.58662 40.35783 18.07985 42.34108 24.3336 11.6342 37.53881 12.87359 41.69473 18.2912 15.97126 35.61206 41.29562 11.36402 30.88323 17.77238 10.37883 23.16026 17.56185 15.91798 22.44021 23.27831 17.51427 0.0 20.64793 0.0 28.78034 
1000.0 34.86636 40.64958 37.35232 0.0 26.67506 37.46791 31.09707 15.32285 43.13293 34.12098 30.59924 0.0 10.06524 17.75238 17.4606 24.88249 39.30711 13.63261 32.91792 0.03909 34.39253 32.1956 11.09637 24.32096 14.95269 37.02953 36.45063 14.69032 15.28988 41.34185 14.13666 30.41061 27.88837 24.75683 25.1142 14.57427 23.92413 40.17941 43.24703 39.51157 36.84034 19.34782 41.84189 36.37022 44.50636 42.7063 0.0 23.36793 0.0 28.31823 
1000.0 35.60473 41.95793 33.47719 0.0 33.77973 23.21125 21.16949 14.98145 42.19312 21.8337 36.17029 0.0 24.11391 21.41863 32.23091 26.5695 35.06778 15.53462 30.32268 0.04674 32.92773 22.074 32.83567 29.35242 15.76317 35.60679 9.25951 44.15191 22.82224 16.42204 9.65264 18.14026 43.49093 16.57628 13.47356 37.83771 20.77326 14.31773 20.21583 42.87106 21.35845 34.0792 42.08058 21.44056 33.30304 42.6915 0.0 25.6839 0.0 17.00045 
1000.0 36.45646 9.81129 9.93596 0.0 40.22422 27.91229 20.12469 15.44041 13.66149 20.41765 24.97438 0.0 23.79821 38.11266 17.36436 14.75154 9.84324 33.64475 22.18549 0.01443 43.77227 28.19998 18.13221 32.3051 33.90417 43.9746 25.09652 16.54802 30.57695 18.82729 12.82962 28.92005 38.80758 42.1617 28.77479 30.26399 11.79523 34.50005 19.39789 24.57181 31.60137 32.47515 29.4993 29.08733 11.24475 36.34193 0.0 19.14204 0.0 31.26634 
1000.0 17.73838 39.19944 9.2441 0.0 24.59479 39.70187 43.0734 41.34263 35.29795 22.37529 39.87761 0.0 20.51278 24.74065 43.92135 37.7602 43.27749 21.28812 28.14386 0.01847 21.32195 22.74928 28.54627 10.07044 16.1748 33.28875 34.94027 28.02379 9.08842 39.76535 25.68577 37.92827 42.99074 17.90055 13.69176 18.96959 30.42197 14.36198 32.77506 40.16929 30.07124 18.1189 23.86337 38.69933 37.31502 41.62855 0.0 10.88007 0.0 9.46474 
1000.0 29.14856 41.26436 16.7613 0.0 12.14984 26.14491 26.49269 40.20215 26.12685 15.80502 13.40061 0.0 34.82007 29.42326 13.13043 21.8693 17.49873 35.53364 16.0316 0.0438 26.87175 29.83729 30.64973 30.58267 17.6102 42.20704 38.4734 33.1131 32.40524 15.71669 43.94879 37.93148 32.0254 12.84571 28.44408 16.93346 17.71126 15.11516 28.918 19.68016 21.62753 37.92967 20.31282 25.87867 11.67491 16.46243 0.0 37.3133 0.0 24.23387 
1000.0 39.27832 40.57663 29.03122 0.0 16.78045 13.02229 32.90803 32.50319 29.22729 20.99045 11.63814 0.0 32.00823 40.54656 29.93034 21.97312 25.95836 14.15598 21.87755 0.01385 41.05414 42.89489 13.78513 33.62102 23.7256 37.60892 13.91374 16.24346 14.33501 33.15414 27.44172 23.83741 13.26726 29.30835 40.07334 27.84035 35.47654 13.5961 30.11572 41.63098 32.38572 30.42382 20.55906 28.24537 29.49919 41.36294 0.0 20.50951 0.0 37.3427 
1000.0 42.89813 31.51456 27.07219 0.0 19.3761 11.64563 15.73248 38.15253 31.94383 43.53243 32.51211 0.0 29.44165 36.29536 34.17891 9.64357 27.06356 41.03633 28.08907 0.04531 10.36324 10.1488 9.46848 26.74991 12.99271 27.10558 30.40131 12.06329 27.30125 10.06807 18.01191 27.64136 36.96807 31.32918 15.72062 21.0539 24.38536 35.00456 23.30714 14.63343 29.7539 26.37267 39.00981 18.16647 15.7879 33.2403 0.0 12.1662 0.0 35.95663 
1000.0 30.29301 40.27897 22.65632 0.0 20.34977 12.31241 10.98809 34.86755 12.42923 31.99606 39.15143 0.0 40.65815 44.32318 10.38072 35.85537 30.59638 15.79717 39.87897 0.02981 26.23995 27.39395 15.41964 21.55472 44.28389 38.04464 31.07309 32.2276 15.16826 13.33755 22.19704 31.97443 26.19595 14.45311 24.12533 38.83889 20.42135 38.39103 41.06818 13.35642 18.78763 30.92736 25.84542 41.45549 19.9479 11.85732 0.0 16.30291 0.0 36.6085 
1000.0 25.20642 31.24466 19.65413 0.0 37.91919 12.71608 12.46405 31.55946 13.24159 11.07214 19.60161 0.0 43.7511 11.6909 15.82129 32.24605 16.51736 44.46033 21.46647 0.03139 26.76821 37.78931 12.09568 28.27127 35.95378 31.16296 40.86187 26.66518 22.2383 43.98945 36.68244 26.9175 26.82078 29.16434 25.565 24.02144 19.57974 34.25279 20.33961 30.17889 34.46061 11.31968 15.55079 11.04365 32.36877 12.68241 0.0 12.24653 0.0 36.61379 
1000.0 41.86239 36.2976 36.33139 0.0 19.8023 16.92818 10.95406 28.20849 37.92983 31.20864 9.16667 0.0 33.59431 16.83107 30.21734 19.2359 14.80455 41.78429 13.21235 0.03413 29.60904 31.07121 30.25243 14.71957 25.93962 14.95353 11.95965 22.69487 12.26587 42.77061 36.6449 20.29631 13.24535 36.90183 23.05369 44.46296 43.22791 35.30615 43.17522 23.35377 23.0883 38.82527 9.64583 23.55198 33.90493 23.16666 0.0 24.76749 0.0 14.81148 
1000.0 33.51752 43.73207 17.04669 0.0 44.15151 9.87194 16.42588 35.93565 29.93534 36.80678 16.90804 0.0 10.12262 20.99441 15.10319 26.71476 24.46962 33.71511 30.06545 0.01312 11.13168 24.51224 19.66301 34.19661 17.04718 20.7182 29.92616 14.55994 38.33908 38.35869 43.16295 23.00375 39.59421 43.65887 27.16214 15.663 34.10616 20.71305 25.13051 22.58037 44.47879 33.3584 10.86686 28.38665 17.1833 25.88434 0.0 23.64318 0.0 14.87286 
1000.0 44.30103 14.62204 38.22712 0.0 12.91095 17.80872 19.16885 29.54892 10.66891 15.22219 19.50467 0.0 10.90684 10.31757 41.09208 39.59137 25.61633 10.53969 17.46404 0.04719 16.20468 26.89592 31.35741 41.06044 22.45502 21.9831 9.97678 31.80193 9.21204 16.00621 20.23108 25.31096 31.90673 19.01373 42.70331 38.56256 27.86596 18.07085 29.88263 24.75714 32.55809 43.9184 18.86805 37.69724 43.2602 24.96335 0.0 29.50045 0.0 21.26708 
1000.0 41.2427 11.66309 9.08616 0.0 18.05514 28.77367 28.22061 10.10938 21.65395 10.55524 24.29065 0.0 31.23599 9.65959 12.06802 17.68684 11.25009 23.29071 15.44762 0.03778 18.14341 22.03495 24.00385 15.16794 19.6097 21.42011 38.51022 21.38275 30.46757 41.72579 19.1319 9.74141 15.42574 36.33551 39.31605 43.7376 28.56482 37.63799 37.48846 32.09788 28.58198 20.05574 39.88449 29.59224 39.06669 21.02907 0.0 26.65087 0.0 32.42251 
1000.0 25.82262 18.77138 36.94083 0.0 35.69449 17.76883 31.82238 20.70882 33.14901 24.59813 27.799 0.0 43.47843 39.18262 23.92368 41.35518 27.73636 39.47195 17.02811 0.01657 13.28347 36.01372 34.58646 31.05127 22.91359 11.97919 29.63876 13.72839 12.97407 40.22302 10.72607 21.86225 17.36428 24.49916 21.79055 12.55919 9.77068 17.50089 30.26746 13.09989 14.81672 29.52978 22.20816 16.72228 14.60713 41.80584 0.0 11.84981 0.0 40.16491 
1000.0 14.05645 18.9031 13.05687 0.0 33.81318 28.27568 32.14804 42.89777 34.78143 38.89455 42.28514 0.0 20.12838 29.56956 22.522 21.84226 19.39451 31.41747 12.10162 0.03262 12.35873 20.79745 44.56786 26.09601 38.71497 20.58956 34.73012 22.53119 23.74592 32.56119 29.86246 40.52799 29.86139 16.95346 39.451 12.95741 41.59768 10.78177 17.54514 24.49579 32.76563 38.41137 28.99553 28.01677 25.23747 44.26805 0.0 37.36297 0.0 34.38682 
1000.0 43.18174 17.52012 20.47589 0.0 15.66881 30.59544 42.88734 32.93725 32.99409 44.24858 31.07468 0.0 19.23406 16.82598 43.41106 26.979 40.09812 17.8728 35.64277 0.03083 19.11947 35.98859 36.9574 22.92318 9.04864 18.83719 36.60939 9.65697 43.52842 9.41765 16.24017 26.03973 15.43284 40.21779 22.77419 31.42447 24.18284 19.94744 38.97769 17.76078 26.41435 19.10209 34.77731 17.87869 10.31324 19.00108 0.0 15.61599 0.0 12.06989 
1000.0 27.55024 13.94186 15.43023 0.0 18.48568 25.12168 29.29288 32.11355 19.11738 38.47139 31.97035 0.0 13.29189 35.36762 27.88058 24.36105 9.81056 25.29008 34.17829 0.02908 44.4458 26.17509 39.36618 44.53101 43.69068 43.0433 18.23079 36.05431 43.45651 40.33555 17.11754 27.76434 26.5495 25.18918 28.00721 42.82399 16.47788 42.92103 19.00447 10.87793 41.42933 33.44444 40.21541 23.17386 22.77332 44.34284 0.0 13.19718 0.0 16.09134 
1000.0 21.72632 40.66194 34.78537 0.0 37.04688 12.55092 34.11964 18.86282 22.58554 35.0101 10.09883 0.0 31.16234 23.00083 36.58933 43.17215 43.40618 13.8064 24.01848 0.03932 30.09897 35.91416 26.22751 26.81028 35.43893 26.07594 37.42146 44.60283 12.0315 12.92327 39.58871 37.39449 21.09258 14.90711 43.62196 9.47447 40.11591 26.6399 33.39149 13.76869 32.32889 41.93385 14.78864 38.6778 35.38315 14.44988 0.0 19.06988 0.0 25.69795 
1000.0 39.66689 26.81494 37.50463 0.0 36.38676 12.71288 20.67235 39.57757 33.51139 41.72936 15.5998 0.0 12.49686 29.04705 34.20623 38.93225 24.90809 41.04431 8.99562 0.04178 18.80539 17.25821 14.42704 35.55053 14.37032 24.46239 29.9642 40.17359 11.78456 28.34374 31.8067 13.02506 41.97765 29.13166 35.45803 34.70776 36.73376 30.37642 42.87857 14.99911 9.31108 40.78817 32.71069 16.45193 23.73576 28.59408 0.0 37.81337 0.0 41.09104 
1000.0 30.30455 24.59564 32.91985 0.0 10.09519 42.10589 30.7894 13.21962 36.1316 10.39601 24.95105 0.0 25.34331 38.71729 23.04513 28.97661 18.72961 24.69215 21.54807 0.01126 22.56701 10.6315 10.88616 33.92016 14.07087 17.38091 17.98225 44.29526 9.65643 13.92976 9.90135 10.89599 42.50422 41.64418 23.1933 38.87029 33.35937 43.57389 39.64282 36.31465 22.67282 17.47067 20.96821 33.93901 40.11864 14.15567 0.0 21.44803 0.0 39.85132 
1000.0 23.77086 26.28991 33.78489 0.0 39.7234 44.53097 14.93358 36.07215 22.74656 28.43583 15.41818 0.0 9.27358 13.18692 37.98232 24.71307 44.09881 27.62422 29.37511 0.03886 21.23604 21.2437 27.38137 28.64466 13.2382 19.78743 38.41813 22.67359 42.25275 32.91944 35.99973 10.32644 24.45971 12.47945 43.99667 11.39755 31.25359 27.14252 22.8114 25.90551 20.37526 37.78937 27.84042 16.56742 27.90279 19.52059 0.0 17.17358 0.0 18.6757 
1000.0 19.65075 33.67586 29.41545 0.0 19.03418 43.65338 13.82238 32.48847 13.27539 42.22894 41.23355 0.0 41.616 17.90995 36.375 42.58214 22.50677 37.74255 29.56506 0.04429 44.04021 44.55928 27.23853 33.34779 16.66884 38.83054 22.0599 19.39258 40.42248 33.28239 21.27928 42.10461 38.03057 16.82941 41.63812 38.10113 23.01882 38.7274 36.29248 30.45767 25.14586 28.73405 24.31619 17.08356 33.8186 15.54134 0.0 28.13889 0.0 43.62777 
1000.0 39.0374 11.33938 22.83508 0.0 13.01045 35.17004 34.98296 37.74713 39.19924 44.48907 39.68897 0.0 36.42679 21.39512 19.06028 31.32507 21.85036 20.35497 40.60029 0.024 34.28901 43.10869 32.15106 33.62402 33.50357 16.30405 11.20739 31.97282 42.11362 23.4392 15.51903 37.18728 18.93993 31.13342 11.34159 14.34572 13.2177 11.54763 43.89746 33.15626 15.40005 13.18107 13.95038 36.88501 24.38276 16.02489 0.0 21.77057 0.0 11.72059 
1000.0 17.101 13.80576 20.69401 0.0 17.42809 31.51756 38.66374 10.65182 13.79282 18.72258 10.01356 0.0 39.45396 15.57869 43.72849 14.84137 25.40346 33.44445 37.66626 0.04019 13.47931 21.26055 27.64539 36.04514 9.99229 9.65125 21.16435 25.72397 31.34621 38.52498 43.15356 33.87821 20.29452 39.752 22.18214 26.8349 40.63642 31.65948 43.17942 37.13476 31.80021 19.87293 30.00539 23.3318 32.41643 23.68325 0.0 18.5917 0.0 29.40653 
1000.0 0.0 0.0 0.0 44.28786 0.0 0.0 0.0 0.0 0.0 0.0 0.0 41.48891 0.0 0.0 0.0 0.0 0.0 0.0 0.0 0.0 0.0 0.0 0.0 0.0 0.0 0.0 0.0 0.0 0.0 0.0 0.0 0.0 0.0 0.0 0.0 0.0 0.0 0.0 0.0 0.0 0.0 0.0 0.0 0.0 0.0 0.0 38.88237 0.0 30.71941 0.0 
1000.0 35.3123 10.3799 14.86491 0.0 30.30784 43.27305 39.3534 14.34706 35.47633 37.66339 36.36622 0.0 14.61334 38.66458 35.70937 25.09852 38.58086 25.60946 14.44308 0.0257 17.58624 27.85923 13.18364 11.98475 43.87036 16.24691 37.97347 36.29955 21.44792 43.36945 41.1552 23.01459 42.90033 37.18704 32.55086 42.00255 15.50578 24.77904 30.94861 10.17257 28.98551 39.93488 12.99011 40.95628 9.03942 10.39649 0.0 29.32235 0.0 22.15146 
1000.0 0.0 0.0 0.0 37.94801 0.0 0.0 0.0 0.0 0.0 0.0 0.0 21.08887 0.0 0.0 0.0 0.0 0.0 0.0 0.0 0.0 0.0 0.0 0.0 0.0 0.0 0.0 0.0 0.0 0.0 0.0 0.0 0.0 0.0 0.0 0.0 0.0 0.0 0.0 0.0 0.0 0.0 0.0 0.0 0.0 0.0 0.0 43.29361 0.0 26.7381 0.0 
1000.0 38.97472 11.54881 19.61704 0.0 44.11836 20.72303 37.15556 22.43167 30.06371 37.79499 25.84471 0.0 22.66478 34.84915 33.42325 36.3038 18.57243 12.68068 35.6406 0.04635 44.1213 29.57634 44.52953 17.08769 44.0831 31.60367 24.63063 18.11997 16.32117 27.34483 16.42416 40.72254 27.55475 32.3178 36.40643 36.521 27.54043 25.18397 29.73541 30.21867 35.94099 14.8897 43.1386 17.62131 15.42293 41.53154 0.0 19.18892 0.0 19.1399 
