1000.0 1000.0 1000.0 1000.0 1000.0 1000.0 1000.0 1000.0 1000.0 1000.0 1000.0 1000.0 1000.0 1000.0 1000.0 1000.0 1000.0 1000.0 1000.0 1000.0 1000.0 1000.0 1000.0 1000.0 1000.0 1000.0 1000.0 1000.0 1000.0 1000.0 1000.0 1000.0 1000.0 1000.0 1000.0 1000.0 1000.0 1000.0 1000.0 1000.0 1000.0 1000.0 1000.0 1000.0 1000.0 1000.0 1000.0 1000.0 1000.0 1000.0 1000.0 
1000.0 28.0628 33.19895 20.16567 0.0 26.54971 15.75906 20.71207 21.58093 18.86761 17.46378 15.46306 0.0 31.46822 21.04445 31.42522 12.21755 12.27797 28.8387 27.38208 0.02023 28.00018 11.64282 11.15338 32.05383 32.52766 21.75469 35.67674 26.308 22.68424 35.94733 21.48087 16.69008 17.18213 19.43998 23.07208 33.59899 32.39054 26.22827 22.66735 25.13124 32.50815 31.31105 18.60108 33.3163 15.76582 16.75077 0.0 29.18831 0.0 11.15871 
1000.0 25.56655 29.58561 19.41548 0.0 28.78916 17.89864 12.61787 33.40921 17.63176 19.19139 22.00663 0.0 28.07992 23.06795 15.68521 19.68935 28.5851 31.67756 15.51848 0.0343 20.88189 29.99107 9.27327 32.58501 25.64527 21.42017 15.01888 24.84554 33.61576 32.09761 32.39124 8.06725 35.26185 32.95937 8.9779 19.55975 24.89408 20.49788 25.47643 14.07887 18.27783 30.99121 18.61436 12.36703 30.93709 19.05508 0.0 26.41488 0.0 23.0772 
1000.0 16.56246 30.05983 8.73584 0.0 22.59989 19.03677 9.83746 8.25305 13.96852 15.32723 11.35441 0.0 16.03283 24.92402 18.782 8.76516 25.50379 30.93306 14.02258 0.0335 34.47323 14.59889 22.02815 18.93106 19.72148 17.81685 35.21938 23.67117 24.47163 10.18163 11.5941 8.01713 29.78603 10.34986 32.70855 12.97575 26.13717 28.46886 11.0218 23.43542 32.12339 27.21967 8.95098 17.86136 8.27284 25.09832 0.0 29.86802 0.0 32.75607 
1000.0 0.0 0.0 0.0 24.17834 0.0 0.0 0.0 0.0 0.0 0.0 0.0 34.82894 0.0 0.0 0.0 0.0 0.0 0.0 0.0 0.0 0.0 0.0 0.0 0.0 0.0 0.0 0.0 0.0 0.0 0.0 0.0 0.0 0.0 0.0 0.0 0.0 0.0 0.0 0.0 0.0 0.0 0.0 0.0 0.0 0.0 0.0 23.90885 0.0 27.80472 0.0 
1000.0 32.73494 21.98258 31.08646 0.0 12.50921 28.34182 30.28257 20.90239 16.83036 22.48415 25.08332 0.0 32.79815 13.74091 29.64598 29.29621 26.87126 34.19764 35.47155 0.02622 10.90977 33.71979 23.81618 23.41312 17.17169 19.83271 13.52236 27.85032 22.83505 24.37205 29.44741 31.19393 12.16852 17.42916 16.36248 10.43681 33.20874 34.14097 35.35262 35.35461 9.03873 27.32654 30.92033 15.59187 9.61463 15.73535 0.0 18.86213 0.0 32.70704 
1000.0 25.21167 18.79962 8.97659 0.0 13.7626 13.56155 34.95994 10.71419 11.0236 8.99316 22.10997 0.0 22.09902 24.60651 32.82471 19.74911 10.04678 19.75285 28.59979 0.02842 13.88103 17.39544 28.7499 17.88468 7.46283 25.60713 8.51528 16.2185 19.37795 7.47656 14.10252 25.38011 20.30269 24.26047 15.42152 34.14903 19.43526 9.7945 18.44006 25.61645 35.46662 33.85358 19.80402 14.53138 12.72214 33.49043 0.0 13.42883 0.0 20.32663 
1000.0 22.62422 16.53822 27.07652 0.0 22.73701 9.18465 9.76635 26.62356 32.27793 10.38598 27.96951 0.0 18.03585 25.54918 34.38887 22.2854 20.99716 23.80121 22.88936 0.04164 21.64004 13.68827 11.68636 14.32977 8.05512 22.23383 9.25407 19.85353 18.77602 18.99183 10.23673 13.50758 24.41394 31.2928 35.80613 20.31002 15.58274 33.95843 34.00727 16.30329 29.01493 22.35702 28.68464 20.48213 20.84138 34.18916 0.0 35.94193 0.0 16.34564 
1000.0 19.78581 20.93353 32.60269 0.0 14.6571 9.25764 27.15903 30.13168 31.19439 11.62134 17.24763 0.0 16.17412 26.07045 10.55874 23.76163 35.4021 10.70803 29.78274 0.01762 33.62141 20.58924 11.35485 33.79271 33.3286 28.49094 18.19209 19.07873 33.02923 16.1517 34.92463 13.53574 22.21001 18.52241 30.80056 27.36114 32.95417 13.16418 15.26899 14.51884 13.49258 12.91038 21.11985 10.43743 35.70394 8.26864 0.0 12.39924 0.0 24.62205 
1000.0 14.24997 23.77616 23.65286 0.0 28.39426 34.41765 19.68821 10.20709 19.71309 35.8782 16.01151 0.0 19.02169 20.00281 19.1181 27.72282 9.40898 28.37098 8.94962 0.04076 16.03385 19.37997 9.43305 8.1203 23.95144 21.29542 8.7362 31.07148 19.37852 34.25777 30.57441 35.01902 14.28458 19.33773 24.08951 21.08747 28.90881 32.34401 33.02827 25.26118 32.02473 23.18036 9.81464 32.18437 27.42834 12.67108 0.0 18.40208 0.0 21.84971 
1000.0 16.52657 15.87746 10.14145 0.0 13.54414 33.02408 10.8013 34.61714 23.27998 30.3898 11.39736 0.0 11.88256 23.89966 24.67299 17.21346 35.99945 30.73718 23.84619 0.03407 34.84493 29.6705 16.84034 29.47173 13.68014 16.77383 28.05385 22.72225 18.23091 16.21641 13.33975 22.97071 19.40587 19.78785 25.04183 24.83903 21.15294 24.46182 24.30703 17.12498 19.6261 30.46172 18.62489 8.40123 9.46707 15.20115 0.0 27.01171 0.0 8.43877 
1000.0 20.78336 9.35138 19.46676 0.0 20.87658 27.79581 29.31655 23.1226 7.73267 20.46742 33.54414 0.0 15.67755 35.58779 13.4437 11.75636 10.91181 26.46866 10.14417 0.03298 27.65404 9.0326 26.13366 14.07465 35.16296 26.14277 14.09157 12.04212 31.42076 30.2874 14.91782 15.79163 22.07138 25.73833 14.49136 24.61905 8.37847 26.06047 36.01334 17.16177 32.84268 8.92765 16.61408 9.64047 15.07614 29.07053 0.0 17.45785 0.0 24.78739 
1000.0 0.0 0.0 0.0 32.3527 0.0 0.0 0.0 0.0 0.0 0.0 0.0 13.27298 0.0 0.0 0.0 0.0 0.0 0.0 0.0 0.0 0.0 0.0 0.0 0.0 0.0 0.0 0.0 0.0 0.0 0.0 0.0 0.0 0.0 0.0 0.0 0.0 0.0 0.0 0.0 0.0 0.0 0.0 0.0 0.0 0.0 0.0 34.09244 0.0 22.0328 0.0 
1000.0 16.4128 29.17791 8.34642 0.0 33.0772 34.12197 29.21133 7.59843 28.64682 19.37274 31.89307 0.0 26.27153 13.59805 23.14351 8.23325 26.18106 18.7879 34.32475 0.01545 35.50758 10.94796 19.15767 29.41196 31.8589 25.84439 24.96837 33.05604 8.12405 16.47537 24.9599 30.56144 11.96777 9.1351 31.9579 17.4135 27.03094 32.25795 13.3467 28.34524 32.13721 35.52544 10.40232 14.30388 35.52061 29.64014 0.0 35.91302 0.0 26.03541 
1000.0 19.07924 28.9525 31.9196 0.0 29.85022 34.3219 8.66715 15.52158 17.05757 16.4338 17.61894 0.0 7.23242 15.58174 26.52484 10.84188 24.46308 7.29049 29.28897 0.02116 9.23461 31.78812 18.94303 29.8915 20.99676 18.94356 10.26597 18.16801 24.54648 12.41218 8.30931 13.65779 17.74473 7.90973 15.00782 16.23942 24.44566 21.11197 18.56543 33.64858 22.3235 16.98964 24.67138 32.01602 27.2444 33.63439 0.0 13.73417 0.0 9.99427 
1000.0 16.34346 11.68154 33.6731 0.0 23.41428 14.23654 19.13366 11.06273 7.92276 14.80524 35.77091 0.0 16.63746 29.54185 25.51804 24.66915 8.86767 11.75188 17.92773 0.02508 10.41762 32.02218 34.0587 31.95422 19.29065 11.64573 35.62002 24.30962 18.72335 33.27588 21.30585 33.99669 8.76995 19.04607 26.25621 28.82988 31.06736 9.67958 29.81021 32.78388 20.81005 14.77615 28.11438 30.1933 12.63716 28.77121 0.0 11.01087 0.0 10.30975 
1000.0 10.6361 28.35216 8.03081 0.0 35.13295 10.16534 32.8132 28.30875 12.30448 28.89116 9.20353 0.0 21.80014 13.57488 30.36162 35.74805 34.47026 8.4762 26.26975 0.00956 8.58104 19.96905 35.77186 35.84376 18.81879 26.95229 10.16236 35.62536 34.3748 13.32744 34.92672 8.95233 21.15276 24.76746 18.75101 10.77459 32.42487 13.69605 13.32954 14.65392 26.08586 32.71233 35.46599 17.60586 11.03906 31.36879 0.0 35.33513 0.0 33.71366 
1000.0 18.86101 33.26782 27.37995 0.0 17.24986 10.1485 35.97429 21.73358 8.27339 32.3328 35.85487 0.0 13.94558 11.01705 16.49684 26.4867 15.61966 27.75258 25.24428 0.03429 20.9042 31.479 8.57051 21.22583 32.84226 15.18104 18.69182 25.60278 13.48138 28.2554 19.32947 27.12786 31.71009 19.24159 20.45519 18.81918 32.26766 16.46512 34.2478 7.74113 29.24584 25.85631 13.34731 25.00187 13.71246 10.47441 0.0 16.22403 0.0 24.72327 
1000.0 21.2271 26.48816 24.23478 0.0 17.33145 26.40513 13.85741 35.5474 25.34231 15.95567 23.52614 0.0 10.49902 14.03374 7.63839 24.30579 14.62626 12.04477 34.31658 0.02129 34.99606 18.51377 32.00449 17.91539 10.96623 23.52979 32.66441 33.51671 13.82274 8.06236 15.49914 25.59746 20.02188 15.7875 32.75232 11.98482 9.19752 28.35534 23.13198 15.13375 19.23234 16.99014 16.65275 14.29593 27.80625 17.7145 0.0 27.12957 0.0 17.01616 
1000.0 8.87362 29.17044 24.70812 0.0 19.28522 26.45349 21.00762 30.61351 27.7843 16.98141 27.67972 0.0 26.99635 24.57241 20.12187 14.79654 16.36514 15.77999 17.05791 0.01631 31.78147 28.26824 32.28999 13.47547 17.79474 19.11467 34.02795 7.32333 12.22483 30.76888 28.19098 14.39364 31.53389 24.02652 9.96074 28.4748 8.98301 21.01168 31.87375 14.75318 23.98724 28.72649 15.41878 19.4596 14.54498 21.01972 0.0 35.33099 0.0 8.61052 
1000.0 0.10829 0.12464 0.07527 0.0 0.14373 0.1599 0.08891 0.15015 0.13001 0.1181 0.06897 0.0 0.12599 0.07911 0.16642 0.11566 0.14111 0.06483 0.06783 24.71206 0.04921 0.1316 0.0747 0.05349 0.06153 0.12408 0.05122 0.07338 0.11618 0.08357 0.0654 0.11338 0.14747 0.12346 0.06148 0.05565 0.1411 0.14343 0.13529 0.07971 0.10755 0.04468 0.15058 0.1339 0.1271 0.13121 0.0 0.07667 0.0 0.08364 
1000.0 17.22141 33.42984 25.19245 0.0 8.29359 17.51709 35.65719 31.74596 30.53298 11.30744 23.37763 0.0 29.59818 17.80221 25.83674 17.44084 26.10729 18.31618 14.90224 0.03298 28.69106 33.56182 10.68055 28.42202 23.2835 15.54623 14.94089 26.29699 12.11721 14.31131 35.2254 28.70412 8.34277 29.18252 13.50387 9.46223 14.59955 18.72467 20.6666 35.06987 18.12373 16.79351 13.79972 31.35148 11.62041 18.80554 0.0 19.06442 0.0 24.48875 
1000.0 14.35756 32.72364 29.30806 0.0 17.40341 22.82982 26.61864 10.17973 31.16635 14.68278 32.59237 0.0 11.97313 15.65278 18.3421 15.96443 15.45174 11.38919 24.85473 0.02513 30.29278 34.78139 12.46422 20.24936 9.16217 19.40375 7.39487 29.36536 10.59561 15.67616 9.64165 26.89014 22.01352 34.59733 26.86019 26.65877 32.7678 10.99092 33.48706 9.13788 17.60085 9.81906 35.65211 20.38476 35.24926 33.69917 0.0 32.06204 0.0 15.28448 
1000.0 32.12412 17.22033 10.38302 0.0 34.58958 18.84869 31.04525 11.5496 15.5326 23.41996 26.631 0.0 7.85481 15.66086 15.7849 10.23412 35.17376 17.05148 11.65533 0.00925 17.39288 17.31558 24.58162 16.4378 27.65329 28.65005 12.45491 30.28051 11.28829 33.277 20.01192 29.47041 21.32171 11.08863 35.83351 34.22018 12.69605 32.82023 34.711 33.03127 30.52728 10.93876 24.19942 14.14935 23.45095 27.14105 0.0 35.99703 0.0 30.33302 
1000.0 16.50707 19.71993 17.86024 0.0 25.67738 11.88443 24.89259 12.17781 27.12908 11.97671 14.38926 0.0 20.22924 25.17262 23.89736 15.61669 22.04865 28.66333 24.90523 0.02262 35.5868 16.38674 10.16796 28.23334 14.2696 24.44884 21.27792 24.01004 10.49927 18.99854 34.11826 7.91849 20.1326 33.09902 35.21202 19.77632 11.47585 12.83789 23.58074 8.71089 23.0928 35.99776 15.92641 29.74627 14.55412 10.47455 0.0 26.3322 0.0 30.6275 
1000.0 15.17038 27.70865 17.19232 0.0 7.51062 20.35514 34.15364 10.20149 21.54104 28.72395 14.04666 0.0 13.68023 23.65838 34.04249 23.67788 9.53022 9.10793 28.36057 0.0221 22.76601 29.54048 17.2761 28.17405 11.74344 7.21998 18.8541 29.71922 8.54346 30.83878 32.72339 33.6387 15.0698 18.2567 27.78898 29.64363 31.6168 14.31844 34.50979 20.76631 28.6995 11.93295 9.93273 17.1978 20.40144 24.75782 0.0 18.06591 0.0 25.32123 
1000.0 33.86571 32.49564 22.45489 0.0 22.66268 25.33159 13.70499 20.79959 9.76104 31.08782 14.11215 0.0 12.52337 16.94206 18.77937 34.57934 30.57315 36.00131 25.64893 0.01977 32.469 18.96637 14.57463 33.64942 20.16334 16.8557 7.23986 15.73618 26.44 26.50762 21.17935 11.08996 27.76542 25.94949 24.04878 27.58278 23.45005 25.24589 17.7101 29.66078 17.21987 23.51944 31.98467 24.27211 31.98339 34.91589 0.0 31.75301 0.0 34.5373 
1000.0 16.095 35.45185 26.00235 0.0 20.2226 33.22352 31.21711 15.5314 19.44347 10.00074 19.89388 0.0 20.45954 25.74173 19.37464 9.42359 22.19017 21.53247 29.72762 0.03647 18.66642 10.01364 16.32456 13.6872 23.4287 12.75042 11.3013 13.2622 13.5066 10.31287 14.21796 32.34121 18.28909 32.29552 34.02948 27.32866 10.61309 19.3888 16.38251 14.03765 21.84993 17.64105 34.57557 7.66241 22.33063 21.13051 0.0 7.41108 0.0 28.44475 
1000.0 24.52734 25.40966 24.08891 0.0 16.99231 33.77626 22.48971 21.97356 15.41664 16.04983 29.41439 0.0 20.92429 19.97488 14.79065 16.32482 25.62517 10.75724 14.15639 0.01528 17.88975 24.92151 9.8908 29.68714 15.78364 19.21788 34.87851 28.53741 30.01655 19.17866 15.37178 10.07054 28.4937 16.79576 34.00419 10.86406 21.4395 30.49358 30.08461 32.01179 31.89969 9.83071 32.29277 15.59545 23.12675 32.56072 0.0 22.943 0.0 22.08142 
1000.0 14.03909 29.09296 10.57581 0.0 21.52719 12.73414 20.09237 16.39936 23.56473 29.97626 16.90549 0.0 29.84723 27.44524 10.63641 21.54492 15.09791 20.22184 14.0789 0.03184 15.68259 21.78159 24.56188 19.01442 34.01081 28.21865 25.59915 20.33905 33.39687 16.06402 28.15875 15.87755 16.31655 15.71246 26.18811 10.28004 10.17316 12.99401 13.41861 27.85176 16.48067 30.61853 13.19711 18.14222 22.006 23.80365 0.0 8.69381 0.0 12.79254 
1000.0 24.34615 27.01266 17.2792 0.0 18.58359 24.79948 14.79625 34.08053 30.11472 27.29171 19.61589 0.0 10.40795 12.46716 18.29029 19.02603 35.73551 28.45687 18.66486 0.01794 19.35946 29.10683 15.58641 32.85778 16.60587 10.77203 12.00611 7.76136 29.01323 19.33162 27.86752 22.9713 25.44614 23.0767 18.41717 23.23668 20.98435 26.98271 28.00531 9.36744 25.09369 20.77412 26.9292 34.68793 9.93443 11.35511 0.0 18.08665 0.0 26.92041 
1000.0 27.46991 25.49797 17.23762 0.0 7.69999 12.31977 23.43903 9.55473 23.76488 14.74074 21.67345 0.0 24.5846 17.06873 21.04375 7.87953 13.45666 13.03095 33.05366 0.01352 28.28121 18.24115 14.81437 29.09385 17.93413 27.71303 8.34862 26.41898 31.45157 35.71047 14.86548 25.27942 23.87884 15.87694 7.8648 15.62458 25.16751 17.06391 30.0306 17.52719 13.01404 12.35383 22.64941 9.89564 18.47623 35.51628 0.0 22.69361 0.0 31.16179 
1000.0 24.12995 12.06453 19.79705 0.0 15.04557 8.14454 25.10206 30.65487 26.83992 29.89422 29.83361 0.0 7.50608 16.34685 35.70675 10.64198 27.26306 24.20567 16.7429 0.03499 13.04515 34.04317 34.98596 32.10504 11.13775 28.50055 10.81402 28.07675 32.91154 14.01984 7.4968 24.15349 34.87619 23.71434 28.30447 34.56097 21.37224 25.61518 17.32518 29.79611 27.75247 12.33597 34.88546 32.7506 27.03269 13.5633 0.0 20.52262 0.0 20.48404 
1000.0 25.24044 24.14677 35.38865 0.0 33.08919 20.76382 23.11581 22.89449 27.69258 18.5195 24.37804 0.0 30.759 10.6444 11.68866 17.7019 10.88158 23.69239 12.56955 0.01577 14.0878 24.02986 24.7874 16.42136 30.37947 23.05898 16.66414 14.6368 12.20045 18.08861 21.71723 8.97403 23.7731 20.50274 18.62385 24.36919 20.38129 26.50743 20.36918 12.39115 12.51425 8.73451 7.90449 35.54106 16.88148 7.44627 0.0 15.82351 0.0 33.65872 
1000.0 35.22288 12.39811 17.43314 0.0 15.02838 9.82649 26.33294 22.90818 26.33837 35.58242 22.02499 0.0 14.42233 12.2112 10.31273 24.56273 17.23579 33.37653 35.19177 0.02976 9.06239 20.38736 14.65829 29.5719 10.88883 32.86935 20.04975 18.0242 26.63805 18.08954 29.53049 26.05561 20.00281 11.46424 7.52023 9.75486 32.73162 17.28758 17.95923 29.59432 17.24864 27.83412 23.968 34.37106 8.95052 8.27892 0.0 30.73276 0.0 28.92329 
1000.0 32.82748 30.88441 19.93403 0.0 34.93429 27.82147 12.44994 9.88064 18.77659 11.32716 21.81116 0.0 11.06973 11.83932 25.10487 35.67746 16.2701 35.23607 31.41929 0.02112 25.88449 9.2934 8.18206 30.41334 14.04942 7.59054 25.8276 28.91672 11.52029 17.66212 23.55824 29.09399 16.89532 16.00486 23.68207 30.86867 10.36403 21.83383 14.32992 12.77472 12.20306 21.57234 21.27601 23.6041 30.87402 17.72944 0.0 18.82197 0.0 35.1029 
1000.0 17.54944 31.13542 33.00009 0.0 14.50649 33.10882 11.11367 34.92917 24.71649 25.71266 14.95691 0.0 13.43474 27.9221 27.33217 28.84533 25.41035 17.22799 30.96312 0.0396 24.1986 34.54774 25.44094 16.73381 11.72254 27.31464 29.75581 33.91889 32.83507 35.86715 31.04429 27.9122 34.51632 28.35308 21.25992 15.9512 26.88967 17.87937 30.81691 7.95227 26.35937 25.67318 17.20498 28.60969 22.8437 23.5981 0.0 14.87682 0.0 25.99757 
1000.0 16.40651 30.13474 31.60742 0.0 23.2832 8.77421 22.85225 18.6122 32.84171 22.15518 10.17873 0.0 21.42432 35.98236 16.3104 23.83108 22.67448 24.40094 20.46898 0.03825 27.68666 28.56031 24.05426 22.84797 15.70091 31.47989 33.73097 31.01792 20.94077 32.14109 29.33826 25.32151 24.02265 12.69097 25.87353 27.48539 24.73748 20.95713 9.8231 18.1054 10.51233 19.84546 10.15446 22.51012 35.80514 32.74733 0.0 25.31458 0.0 15.40326 
1000.0 11.9903 24.30596 12.18435 0.0 10.26418 18.46389 15.34338 18.62112 20.25508 14.87421 11.05811 0.0 35.88673 29.35821 19.65684 10.57235 23.75636 9.25456 21.94759 0.03053 35.63992 14.86654 16.35435 10.5417 9.31596 25.21456 18.79147 15.95902 23.88287 16.05705 31.02725 31.80242 31.196 19.64605 29.16496 33.23009 24.37249 21.75878 20.24559 24.59097 27.15025 26.11404 25.49495 23.00587 16.36065 16.5507 0.0 25.61807 0.0 10.92897 
1000.0 26.43557 16.3737 32.81128 0.0 19.13232 24.76605 14.68219 19.78093 12.92851 22.13258 30.62285 0.0 22.21234 12.03552 9.08315 29.50455 32.07671 11.59933 23.72746 0.03203 11.60509 8.12672 21.29233 31.27153 10.89201 10.3668 31.56337 12.83874 20.35422 26.77234 20.49581 10.75958 33.66867 26.2885 32.04481 31.09263 7.20343 35.34776 19.76757 11.87334 9.05628 35.55692 29.70271 22.01756 23.85625 25.01978 0.0 27.20443 0.0 15.32093 
1000.0 32.46434 31.04968 29.04053 0.0 12.05372 8.28933 29.01843 25.92097 22.64856 8.09812 12.89428 0.0 29.64808 20.22945 21.06402 35.26266 29.09611 33.01601 29.93929 0.03032 18.57102 12.80837 34.82741 35.43006 33.9813 10.11642 21.77828 17.60378 35.2181 7.96605 30.16573 28.49001 20.47545 12.57175 34.32755 32.80956 24.67865 25.88578 14.76177 10.4768 35.34128 18.32674 13.02822 34.74426 18.19624 27.15623 0.0 33.06309 0.0 29.58365 
1000.0 33.67183 18.55792 19.4219 0.0 11.06295 22.46596 31.39181 18.00065 27.07173 8.45311 35.64346 0.0 7.782 13.56863 20.34196 20.59435 17.53067 13.90719 34.56721 0.01868 18.70265 10.71989 12.12985 27.87781 30.22985 22.41925 10.04624 21.45736 7.71316 11.51175 9.77576 31.50487 25.03533 19.47499 25.44979 8.32013 12.6638 31.78682 12.39387 10.05371 31.34633 19.65768 19.75893 32.74824 15.66509 35.16777 0.0 9.99351 0.0 31.57978 
1000.0 19.07921 14.50742 34.82501 0.0 9.93031 27.497 13.84484 23.5323 30.88498 16.00264 33.22212 0.0 23.1339 21.73075 17.45346 25.81998 23.38697 29.17958 30.27795 0.03699 17.21188 14.21043 15.06284 23.75291 15.1522 22.33008 8.87387 28.77044 17.95188 16.65181 27.97445 21.16114 21.3923 20.63712 30.61841 27.74746 7.40992 30.76425 28.48135 25.08091 16.12207 20.4239 32.04559 18.0148 9.49357 15.9851 0.0 14.03021 0.0 11.6855 
1000.0 26.60712 30.66786 26.87562 0.0 32.99065 19.89281 30.15142 16.14503 13.40258 24.97484 24.91596 0.0 31.86074 17.93516 13.84504 33.93994 29.68373 8.56575 34.97965 0.03111 15.88416 32.27274 14.62398 20.99088 29.14839 10.41372 22.6339 10.75776 19.90069 30.34339 15.54432 11.95743 17.5696 17.36999 19.71065 7.31071 32.734 22.77678 9.3902 32.28871 32.99616 27.73396 12.52746 13.92439 8.5866 21.08243 0.0 35.73982 0.0 33.6491 
1000.0 34.03798 28.59305 27.33285 0.0 26.57331 16.83412 23.00922 9.00056 33.88959 16.00376 17.90701 0.0 24.13213 28.30225 15.3693 29.51781 24.42814 18.89914 16.90069 0.03897 34.31724 26.07634 28.05442 9.55349 32.90788 22.61682 11.78878 34.09929 30.87688 21.42807 15.65592 35.50091 9.07483 30.20309 28.44112 19.97258 19.88093 21.78744 24.54108 35.58018 21.3516 35.58638 33.71704 17.34238 9.87846 18.51969 0.0 10.58352 0.0 21.72826 
1000.0 12.82092 28.55949 33.00559 0.0 17.30677 14.43064 18.07203 7.86448 20.52871 20.34581 29.52625 0.0 7.91284 19.11394 13.98694 24.16348 12.58709 24.86623 11.88286 0.01458 12.96234 29.80108 10.03417 17.35149 11.52287 21.35863 14.0387 15.81266 10.60408 21.49673 35.13666 30.32934 10.52292 33.65599 23.30113 20.23562 12.27807 28.60487 8.64327 32.46313 19.98814 32.56378 29.87523 28.11969 10.24699 22.49951 0.0 27.78245 0.0 25.00471 
1000.0 19.56622 18.91953 19.35002 0.0 32.57839 20.1173 27.13468 18.07091 15.19909 15.87475 9.04978 0.0 32.2446 16.9808 32.43555 26.07567 18.86534 7.94951 23.55264 0.02071 11.82511 31.71608 28.31495 14.04888 35.66178 8.85532 26.87523 29.22607 24.10346 22.88155 13.65926 9.04345 30.92108 31.84505 18.34662 20.65006 9.35823 23.53982 23.37045 34.59222 23.34091 33.37274 31.88827 21.4351 17.10968 10.95104 0.0 18.9625 0.0 14.74405 
1000.0 0.0 0.0 0.0 27.50403 0.0 0.0 0.0 0.0 0.0 0.0 0.0 10.59937 0.0 0.0 0.0 0.0 0.0 0.0 0.0 0.0 0.0 0.0 0.0 0.0 0.0 0.0 0.0 0.0 0.0 0.0 0.0 0.0 0.0 0.0 0.0 0.0 0.0 0.0 0.0 0.0 0.0 0.0 0.0 0.0 0.0 0.0 26.60578 0.0 10.69241 0.0 
1000.0 9.1866 12.91264 9.6999 0.0 26.18744 20.28357 20.87478 9.35159 33.70586 10.17846 33.33481 0.0 19.35351 17.58072 9.36023 12.60576 23.49503 34.12566 15.04628 0.03478 15.66018 14.36972 12.32356 31.02275 34.27239 17.30154 21.03256 9.24484 29.65497 26.40811 20.97272 12.73881 15.09539 23.34754 22.11547 12.22434 34.36188 15.98518 12.60031 13.36776 25.31162 28.21335 30.40074 34.46378 16.51729 14.92297 0.0 14.87246 0.0 20.98061 
1000.0 0.0 0.0 0.0 18.79685 0.0 0.0 0.0 0.0 0.0 0.0 0.0 26.05889 0.0 0.0 0.0 0.0 0.0 0.0 0.0 0.0 0.0 0.0 0.0 0.0 0.0 0.0 0.0 0.0 0.0 0.0 0.0 0.0 0.0 0.0 0.0 0.0 0.0 0.0 0.0 0.0 0.0 0.0 0.0 0.0 0.0 0.0 21.66894 0.0 12.77853 0.0 
1000.0 9.08773 20.8585 34.54646 0.0 22.43247 24.4063 22.13993 25.54136 16.45478 22.9638 10.07454 0.0 14.46742 15.71673 9.65753 26.47199 33.63187 23.98028 23.9491 0.01403 23.55303 23.74146 35.93475 16.62867 21.38165 28.90881 34.58199 30.8925 29.20373 29.25652 15.24476 32.63265 21.84693 14.19769 12.781 34.96651 20.33257 10.39043 20.96231 9.25418 15.44685 8.95748 21.96601 33.88315 22.48628 31.91162 0.0 30.78153 0.0 23.51021 
