1000.0 1000.0 1000.0 1000.0 1000.0 1000.0 1000.0 1000.0 1000.0 1000.0 1000.0 1000.0 1000.0 1000.0 1000.0 1000.0 1000.0 1000.0 1000.0 1000.0 1000.0 1000.0 1000.0 1000.0 1000.0 1000.0 1000.0 1000.0 1000.0 1000.0 1000.0 1000.0 1000.0 1000.0 1000.0 1000.0 1000.0 1000.0 1000.0 1000.0 1000.0 1000.0 1000.0 1000.0 1000.0 1000.0 1000.0 1000.0 1000.0 1000.0 1000.0 
1000.0 12.67851 27.69466 28.19403 0.0 29.14712 26.31777 17.53765 13.67395 12.37964 24.23616 35.80777 0.0 32.69633 28.76975 36.06956 34.08969 32.59239 36.55191 30.94197 0.02069 20.72981 29.78112 38.20558 31.75605 14.27548 9.35728 11.62373 19.70905 30.70453 34.46087 36.06532 36.00297 16.52778 13.76569 36.10748 32.569 29.87818 25.60971 29.46997 11.27018 32.94489 9.33266 24.06263 34.18058 8.92954 37.30421 0.0 8.51998 0.0 30.37249 
1000.0 36.03761 16.61659 22.86192 0.0 26.30025 13.2387 32.16622 15.65974 21.51552 27.66488 15.02624 0.0 25.84644 15.06161 29.86552 37.26475 30.84897 35.32769 23.08204 0.02034 8.04191 19.8469 35.50825 23.45363 12.5202 10.35187 30.38324 32.4847 17.61207 35.22542 8.59313 24.28021 24.25792 37.85082 25.70257 27.30834 32.58881 16.97728 21.75235 29.1731 20.24986 9.18794 15.55329 32.65819 20.88396 31.74201 0.0 28.98792 0.0 27.45275 
1000.0 15.08408 30.29286 36.22328 0.0 16.83984 17.83798 33.07529 26.5669 12.51569 11.01818 30.75229 0.0 16.6407 19.02153 19.54495 34.52178 16.59974 37.07805 11.0757 0.01623 34.61285 35.44816 25.95575 23.99068 36.76866 18.44919 31.62417 30.7616 28.83935 17.35044 33.5732 22.75773 33.81093 30.82268 38.45286 16.04923 32.26247 33.88779 20.30186 22.22006 30.56774 22.26098 36.55367 14.27234 18.53091 22.21306 0.0 11.13954 0.0 20.55481 
1000.0 0.0 0.0 0.0 19.7918 0.0 0.0 0.0 0.0 0.0 0.0 0.0 13.61637 0.0 0.0 0.0 0.0 0.0 0.0 0.0 0.0 0.0 0.0 0.0 0.0 0.0 0.0 0.0 0.0 0.0 0.0 0.0 0.0 0.0 0.0 0.0 0.0 0.0 0.0 0.0 0.0 0.0 0.0 0.0 0.0 0.0 0.0 13.49316 0.0 28.35738 0.0 
1000.0 35.04789 34.02982 10.69001 0.0 21.35298 31.9759 22.71894 27.20276 16.14998 16.26336 37.26144 0.0 25.78863 37.98262 9.57519 15.52549 33.4791 8.81901 16.49245 0.04084 31.40373 25.99048 25.18913 27.70648 25.50508 32.8157 22.98828 19.94309 34.13401 14.45574 36.69568 7.95422 31.44887 20.00605 16.33298 38.37244 21.43117 26.78521 8.98036 33.23872 22.60971 19.65739 22.83028 24.8874 19.18233 14.94907 0.0 12.56558 0.0 20.23995 
1000.0 8.52863 23.06898 21.13097 0.0 16.97538 23.02541 23.20115 27.56128 25.34861 26.4694 37.3349 0.0 21.88947 21.29988 11.68742 10.04643 12.43657 9.11102 13.30782 0.02977 32.24899 19.59853 25.54384 27.0493 31.96382 31.71184 29.55828 13.55699 24.36789 37.78014 36.05339 29.27727 22.62121 34.40273 26.1406 29.75356 19.85735 8.60604 32.92845 19.94127 11.052 32.40397 32.68764 16.72202 10.63636 16.99224 0.0 23.37541 0.0 30.12246 
1000.0 12.61589 27.71258 20.88687 0.0 11.53488 12.42755 30.90149 30.15889 32.50005 34.98165 23.55651 0.0 13.16989 32.43242 10.73729 31.20955 23.62755 31.18188 23.74836 0.02571 29.51306 27.65334 18.20185 20.29996 31.2799 20.0302 23.26261 16.03698 26.05316 11.25499 36.51376 12.80774 36.41949 35.11275 20.2787 36.84264 15.72608 35.22313 28.65958 29.82665 9.35447 38.33728 22.50538 36.60112 30.41417 23.36972 0.0 11.56487 0.0 14.55738 
1000.0 9.05337 37.2247 16.44106 0.0 8.11339 15.1229 11.38363 37.12962 37.40981 14.8117 36.83738 0.0 36.08046 9.38889 32.24788 32.81472 28.56874 15.26019 32.27107 0.0168 17.6381 22.50987 15.96403 7.98686 33.16515 22.89134 25.34659 32.87187 31.48399 18.89133 21.97756 32.45124 14.81444 28.84416 31.81821 21.92102 34.32333 11.70384 27.65729 19.59382 8.29901 22.74836 26.5134 34.03596 29.38556 13.05865 0.0 26.50915 0.0 17.037 
1000.0 37.58298 28.51553 21.8072 0.0 28.37796 11.19726 25.94689 9.48243 31.12326 35.75436 33.67908 0.0 31.35215 27.66485 7.72776 27.47276 29.53197 14.78879 11.21688 0.03798 20.79301 30.06513 12.165 16.06875 36.91028 24.89663 30.01341 22.78807 22.01856 26.65302 32.33106 26.44116 24.01891 8.31206 29.60216 27.39948 34.24174 27.84912 14.47415 30.43599 27.96036 14.01998 37.16449 11.43924 19.01447 18.46216 0.0 13.50644 0.0 28.23128 
1000.0 37.72785 19.21412 18.66998 0.0 35.78889 35.04006 28.0449 13.74828 33.45056 23.2507 31.42473 0.0 37.96429 13.30563 7.8184 32.02459 17.66498 31.06757 34.65256 0.02232 34.02167 24.75065 28.33454 20.84502 37.11518 16.12546 26.13102 22.69466 25.878 25.68689 33.45271 26.15704 18.24584 20.58538 18.38794 27.76758 30.70608 16.70995 12.25359 36.94297 23.46207 34.28875 36.58326 8.97431 10.11154 10.41204 0.0 34.00921 0.0 12.19127 
1000.0 21.14856 29.20971 14.39537 0.0 33.50391 16.76016 27.58393 11.13961 27.51538 9.71337 30.24258 0.0 30.79147 20.22314 10.49593 13.5104 13.28641 19.17678 12.46194 0.02344 30.98767 25.58319 38.23915 14.26948 31.78008 27.00369 22.83744 33.28337 13.97196 12.86746 24.70691 25.31388 17.7751 37.79469 20.91857 26.59539 23.62416 16.68565 38.04737 29.09484 15.95154 7.99454 38.26275 29.05188 14.21445 10.05853 0.0 17.46699 0.0 24.04516 
1000.0 0.0 0.0 0.0 28.29032 0.0 0.0 0.0 0.0 0.0 0.0 0.0 36.1461 0.0 0.0 0.0 0.0 0.0 0.0 0.0 0.0 0.0 0.0 0.0 0.0 0.0 0.0 0.0 0.0 0.0 0.0 0.0 0.0 0.0 0.0 0.0 0.0 0.0 0.0 0.0 0.0 0.0 0.0 0.0 0.0 0.0 0.0 31.46029 0.0 25.30307 0.0 
1000.0 11.17305 12.49555 8.50402 0.0 11.80488 32.56089 18.69248 20.63038 20.51933 12.78156 30.93164 0.0 36.63595 15.09901 19.13658 36.78915 29.09025 33.49536 29.50593 0.01161 32.99517 9.41262 24.10419 26.43445 13.85412 20.55781 24.54837 38.19689 18.1611 13.78016 20.27684 23.17241 13.7763 26.97981 24.90192 26.41782 37.32978 38.24056 12.64154 10.90678 37.44746 17.6048 32.45379 23.896 28.55981 8.16914 0.0 9.30014 0.0 30.13539 
1000.0 32.58702 33.60536 14.57503 0.0 13.92674 27.12577 25.52628 24.21131 28.25407 16.95319 17.89816 0.0 29.86123 19.99604 36.146 14.89778 33.91499 33.01595 30.59499 0.02883 31.42454 28.48151 12.58838 12.61264 25.24362 11.45104 24.63813 34.47281 37.82558 17.69063 13.55269 27.65606 22.94461 15.9217 31.62442 29.76592 34.53506 9.38198 25.12603 28.82558 16.34617 12.20328 37.24751 10.03547 21.41445 34.89568 0.0 37.01812 0.0 15.31783 
1000.0 34.06761 10.41372 27.22329 0.0 32.78351 22.60706 36.17807 32.49079 23.35356 33.95084 38.43204 0.0 34.59936 37.60426 29.04793 29.2888 31.59886 12.3259 18.99062 0.02945 10.54297 22.28687 25.33886 24.73572 22.41824 13.68277 9.31906 11.59755 12.43342 12.49109 36.96898 16.40661 24.26746 31.2343 22.35455 34.76296 14.16672 14.8478 11.63675 30.91449 25.16546 15.36198 36.16534 19.3044 13.86052 30.89365 0.0 37.91828 0.0 33.30882 
1000.0 23.99733 26.40605 17.77454 0.0 28.82496 9.57506 23.95785 30.03511 31.40537 9.20109 13.58188 0.0 33.07599 27.12938 9.10191 30.4084 32.33874 11.73234 34.77735 0.01637 20.20686 28.75945 14.48825 28.85912 13.3559 32.43844 14.26655 8.45844 20.75026 11.07793 11.19106 27.27865 16.69059 9.11117 9.65185 9.26026 10.97492 29.24391 17.89322 15.01387 15.29698 8.40112 10.77218 31.78733 25.85932 11.41414 0.0 38.05185 0.0 12.26945 
1000.0 21.53948 28.63397 23.56996 0.0 30.26376 13.61254 24.05143 31.09621 33.65531 11.59015 11.40418 0.0 11.69665 20.0577 14.67652 12.76088 14.69345 17.79392 31.77913 0.01318 17.04524 17.30585 10.93834 21.12452 16.32504 20.14404 20.84418 30.4893 31.57403 31.50285 37.27809 15.53444 38.21524 27.42594 8.86186 28.98433 11.20362 14.62958 14.96454 20.01134 21.4609 12.93424 20.81656 17.31682 20.27522 21.74434 0.0 33.62371 0.0 35.36448 
1000.0 23.49947 28.53356 25.62061 0.0 12.33851 16.03953 27.65589 33.45504 29.02383 14.83244 30.93958 0.0 9.31369 8.497 17.62483 20.05551 37.47748 27.82936 31.46984 0.0135 11.87117 33.73173 30.9711 8.58295 30.33372 16.329 23.5899 33.20922 22.82677 10.0624 36.64617 30.06776 19.16936 25.06248 19.93152 31.87883 36.44193 29.14846 29.20609 22.65077 33.87335 15.93131 18.69808 19.2205 36.93191 21.47648 0.0 26.69829 0.0 28.46385 
1000.0 19.65793 15.29928 27.81595 0.0 8.21686 15.12062 16.84901 12.5429 23.4706 31.46252 29.02307 0.0 26.22554 17.80257 31.82734 37.2014 36.49431 19.62163 29.37061 0.03538 19.95 28.91984 12.87295 20.62325 12.70715 16.70196 12.92111 33.8899 9.89253 29.52393 34.36241 22.80653 8.65721 22.38912 17.47053 16.88098 32.31241 22.92199 31.5346 21.63998 22.63829 27.85276 30.78846 10.07005 24.08623 24.3084 0.0 17.96152 0.0 36.15051 
1000.0 0.1479 0.08036 0.06752 0.0 0.14602 0.10524 0.06261 0.16478 0.12449 0.08215 0.05911 0.0 0.0871 0.05974 0.15682 0.10977 0.10688 0.04781 0.09748 15.73194 0.15607 0.10183 0.0906 0.09166 0.07879 0.06823 0.09038 0.06759 0.14329 0.07648 0.14784 0.1429 0.13746 0.10516 0.07339 0.16014 0.08141 0.0986 0.04581 0.03767 0.05512 0.17303 0.1152 0.12837 0.12456 0.16733 0.0 0.14237 0.0 0.06428 
1000.0 10.00744 38.3735 24.33322 0.0 24.93806 11.24526 22.5325 37.97442 29.66344 36.38808 31.58613 0.0 21.18765 15.79431 16.12774 24.88092 26.95725 8.5221 17.22898 0.01395 16.29977 17.80838 8.27651 18.03598 17.23988 26.2091 23.01235 36.44968 16.7326 11.10254 28.99627 13.6745 25.41365 25.03246 14.23841 34.23921 36.41809 25.43508 15.26184 17.177 16.12869 10.78283 24.23123 30.66735 32.14647 22.14742 0.0 35.42578 0.0 20.6001 
1000.0 18.1726 27.20602 19.73647 0.0 29.28516 9.36074 16.51224 34.81357 30.82841 15.47814 31.29465 0.0 38.09593 28.49931 38.31307 8.50715 18.16831 12.9954 14.97217 0.01588 33.56114 34.32708 12.16874 21.65053 15.96938 30.36316 38.12388 29.34886 30.9528 18.81345 20.4487 19.65755 34.48783 23.80253 9.36904 29.15645 31.68835 34.13259 12.346 33.78645 26.88431 33.57383 11.25621 10.71027 16.05169 35.2078 0.0 34.12331 0.0 18.32177 
1000.0 20.69023 14.11889 10.0677 0.0 31.19676 10.21759 17.26014 33.37015 11.82146 23.03499 25.34746 0.0 25.14876 29.29096 24.29718 16.47472 11.64714 25.61265 26.5581 0.02158 19.35336 11.86421 35.56717 28.17158 10.26463 16.75205 23.14966 18.03525 20.79311 17.15804 17.84749 10.80489 23.51663 8.02355 32.45722 35.38357 33.32239 28.02901 31.25702 13.07111 37.86383 33.13554 31.65033 14.85037 13.38838 25.32014 0.0 10.87822 0.0 37.81367 
1000.0 9.00329 25.65512 16.1198 0.0 19.60089 37.22142 15.09658 20.03753 26.4721 24.49502 12.18535 0.0 11.34733 9.94647 27.16225 10.68688 30.32508 15.47674 26.33814 0.04061 9.79318 21.09842 30.07739 19.37443 19.0315 9.18137 30.08142 8.85438 17.95248 25.28774 37.18972 17.16136 9.19874 38.28852 13.2783 38.20386 10.95026 27.97285 23.64271 28.90624 22.69205 31.08365 36.38216 33.80398 33.63861 26.21802 0.0 20.23205 0.0 8.2519 
1000.0 12.38268 16.54147 27.84503 0.0 35.80827 17.08488 24.522 14.12236 10.75795 26.45798 9.18081 0.0 16.38072 16.64255 31.99938 35.17925 14.13936 36.41601 25.67967 0.03293 21.73724 36.30275 9.20815 30.62948 23.38 32.71391 10.37839 10.67859 31.88354 20.1027 29.03469 31.41387 26.39398 20.46158 8.75709 27.33329 35.78821 10.40058 27.30252 36.98313 13.21046 19.12883 12.39178 10.97667 20.36419 24.06819 0.0 18.62923 0.0 35.77948 
1000.0 34.35826 28.69085 19.52114 0.0 13.826 14.08889 21.36456 11.97566 17.55124 37.72052 34.11366 0.0 16.53667 29.14622 31.6753 35.73705 34.22331 34.60631 33.6004 0.02469 10.4864 31.77288 10.92249 29.20252 17.17014 10.82991 27.69319 27.05378 11.76173 20.59992 14.2477 17.90999 18.74275 26.80815 30.79503 19.10441 33.02917 22.00962 20.0708 16.17997 22.50171 13.85181 19.76127 34.65509 11.22987 9.76614 0.0 32.42646 0.0 23.53719 
1000.0 9.49459 21.31258 16.63744 0.0 17.43603 9.48023 23.06361 10.05681 16.41471 36.78565 30.5764 0.0 26.44139 28.27931 20.53879 21.40501 7.91096 17.9545 28.7387 0.01485 19.03034 30.30139 28.73683 23.39054 20.08994 27.01917 34.89944 33.97373 16.64827 10.47841 10.81172 26.75661 24.94081 28.19939 32.92937 16.79086 24.04415 14.51913 16.37282 21.91438 23.47284 21.5358 26.37685 8.12733 20.90478 24.99076 0.0 16.32357 0.0 30.56845 
1000.0 32.76669 31.33574 34.12825 0.0 10.40127 15.59111 21.62383 20.11954 9.99661 12.80023 24.69434 0.0 18.87317 25.99356 15.57664 18.99584 23.13261 31.43418 11.11084 0.04162 20.57576 16.90588 15.35089 12.86472 21.88812 28.5706 30.40704 24.43867 10.24195 12.8091 28.90191 10.25615 16.05514 36.76454 32.4054 17.31512 23.87133 35.0327 10.05404 19.47532 38.33731 38.13444 14.3225 26.69144 17.44796 20.05661 0.0 27.19946 0.0 18.12985 
1000.0 9.35576 19.74517 34.59831 0.0 14.23362 19.39459 21.48185 26.82607 25.88043 29.09657 20.87069 0.0 19.36366 14.40105 20.02813 10.56962 36.93709 10.45524 14.83466 0.01849 33.10665 9.10624 15.83931 17.10088 15.4951 16.91315 27.87257 13.11459 32.14919 34.00101 34.02702 33.55149 8.09924 27.72501 29.75407 28.44434 33.72544 9.66978 23.97756 28.77558 24.0316 24.36832 13.89482 13.23034 30.82069 27.31406 0.0 24.16559 0.0 26.10135 
1000.0 28.46694 28.39934 35.37016 0.0 15.33522 36.57927 33.30276 29.46955 38.20525 10.87824 36.88011 0.0 19.30223 18.16791 26.45562 20.22701 10.28745 10.27335 36.4246 0.03035 25.21528 38.00108 33.04286 15.54613 15.08198 22.41996 29.83132 23.54892 15.25323 29.22873 17.36802 35.88644 18.25663 19.83088 10.67332 29.99058 36.16559 34.00444 10.85418 18.38891 21.33297 10.87028 23.44921 21.06524 37.06037 37.46801 0.0 12.10293 0.0 20.03301 
1000.0 27.1538 23.3313 16.76731 0.0 25.59007 30.48515 32.20398 10.11245 13.6073 31.06717 26.86691 0.0 21.13104 9.62513 8.91298 22.81705 18.46383 24.3368 37.45869 0.01126 19.24125 34.49611 22.00422 28.61269 28.97358 23.47043 15.25703 31.1745 8.97759 29.64495 26.73747 22.17677 36.12908 32.57493 33.36733 12.42612 32.32981 26.72271 31.67518 18.24432 25.82522 33.25422 34.38777 36.78258 33.72767 16.77983 0.0 8.25231 0.0 36.89185 
1000.0 19.64171 29.68729 36.51759 0.0 32.49574 14.5963 25.81936 9.4271 33.86899 33.72575 12.72036 0.0 8.26224 12.73262 32.61548 28.99411 35.84281 15.85754 24.71356 0.03151 15.65426 26.26014 24.88606 17.51916 8.18189 26.10242 23.68812 26.33039 29.80606 22.08668 36.68581 20.45524 32.35785 27.94928 32.58493 11.67807 13.2711 10.85181 23.82451 34.78509 25.40978 30.38119 26.55684 19.98504 16.26997 18.75876 0.0 37.09069 0.0 36.77179 
1000.0 17.48673 35.36714 34.70028 0.0 31.41549 20.61766 10.10178 15.94586 30.09362 22.52952 23.36254 0.0 27.80641 30.80931 16.54717 31.47758 18.97607 15.99748 14.85797 0.04373 13.67796 19.49705 35.00098 20.38252 27.01763 12.496 28.22329 28.0505 8.03068 21.68444 8.70725 25.98116 21.43355 15.88122 25.27826 22.29391 30.52728 28.80614 36.30942 21.32859 37.84498 7.95204 21.27291 30.2948 36.49574 14.84038 0.0 23.27648 0.0 16.72103 
1000.0 24.64686 26.33165 30.35532 0.0 16.59823 35.49594 29.0374 9.19155 11.52515 37.01275 23.59473 0.0 14.40917 37.78557 36.89126 33.01726 35.8129 27.33537 18.96835 0.03644 29.99125 7.86043 16.48597 9.66466 25.31718 32.28761 21.44912 15.07376 34.37885 37.5005 13.97077 12.48279 9.43661 28.82342 36.05094 10.1439 9.50299 24.60517 36.11454 11.92129 13.96316 16.9624 37.45066 37.22362 34.11877 30.72376 0.0 16.40684 0.0 15.12899 
1000.0 10.35721 23.61809 20.93746 0.0 8.71958 17.02295 13.0152 32.12047 19.94703 23.9808 38.18107 0.0 19.97928 33.54842 12.1171 16.53483 25.64259 24.14513 8.93941 0.03696 18.80247 20.0914 29.90882 23.44677 16.93475 35.55021 36.86858 19.29141 29.6159 29.56432 24.40484 22.44573 8.12751 36.18968 16.43611 28.82244 20.97121 30.4582 17.81679 34.81492 17.21631 17.33944 21.53478 24.34348 32.69193 34.28687 0.0 27.48572 0.0 34.14931 
1000.0 18.83977 14.67124 20.92448 0.0 27.18513 24.50557 35.69355 17.89795 30.58186 31.3398 20.87288 0.0 23.14986 20.82194 17.77809 14.95925 19.61484 17.01787 13.77277 0.03062 26.40218 13.87911 14.07314 18.78733 17.91006 19.51068 13.31144 21.92777 33.10163 14.54325 36.71261 25.13329 34.06908 33.51435 33.91937 14.79317 18.83978 13.03886 15.20499 35.34583 24.20663 24.43101 18.91127 15.85207 16.62095 19.9245 0.0 12.04405 0.0 10.48462 
1000.0 24.85124 12.80068 38.42964 0.0 31.90139 21.77869 34.24698 31.17461 11.61826 33.85818 36.31607 0.0 28.65623 28.84925 19.42883 31.05028 14.54148 27.01816 28.56431 0.04151 14.77601 18.45894 28.30332 27.31723 26.04397 19.1846 33.15778 37.87843 16.14961 25.30646 20.41288 37.64609 13.99804 12.12825 9.09194 36.39949 35.91455 13.72506 24.12851 23.41594 10.9093 36.47332 16.84984 33.36425 9.76807 24.90218 0.0 20.02562 0.0 20.06791 
1000.0 26.18061 32.87793 32.28358 0.0 13.43587 28.04812 11.35744 36.52303 8.87983 19.52324 33.01731 0.0 11.08885 34.06221 21.3598 30.20745 18.69218 15.27836 29.28117 0.03358 26.922 8.4306 13.69999 30.49385 31.90094 13.18919 28.47313 29.19832 9.77984 10.33445 16.98782 9.01966 32.29178 15.42215 30.18881 23.00592 31.12479 18.38323 22.86717 37.84617 31.4397 25.51749 18.58791 20.8334 31.42336 15.46265 0.0 27.2207 0.0 30.88419 
1000.0 26.84319 34.83477 35.963 0.0 16.9774 16.48429 35.61114 13.03275 23.74173 23.93457 27.27361 0.0 10.88609 31.84406 24.16364 30.42933 13.44715 37.6099 9.91273 0.01394 32.13959 17.49355 13.17986 19.69493 32.4048 23.82682 28.095 29.42249 13.36437 15.67571 9.6144 30.90691 17.63583 26.43978 8.76189 8.33379 11.87598 27.53494 8.75946 19.46769 35.545 25.39435 8.49456 12.36999 28.726 35.77805 0.0 11.49964 0.0 11.02836 
1000.0 17.23477 14.63122 10.2724 0.0 13.52257 30.53907 31.91573 29.53812 13.08479 13.39994 10.55459 0.0 22.66572 23.63019 34.65719 17.08815 8.42769 10.41391 36.51648 0.01056 16.63597 18.31571 21.40888 11.05317 13.40263 34.62828 10.69312 25.23788 20.84619 9.09597 24.0362 28.47865 27.32939 22.34288 25.19396 26.00798 12.47377 13.47842 30.2031 8.94244 36.02719 12.74271 20.49694 18.46357 9.0542 16.32366 0.0 29.08468 0.0 11.60437 
1000.0 12.41894 38.37616 25.94843 0.0 11.54069 26.51768 37.09326 20.105 34.27089 24.06895 15.62643 0.0 7.96852 10.97979 31.41679 14.57988 29.27382 17.07912 35.15849 0.03121 35.89758 18.95377 37.01944 28.44241 21.91543 35.09139 10.25292 7.74826 21.64068 27.043 17.60498 37.70152 36.6407 11.94252 35.16854 27.8005 17.42518 28.69846 17.22771 29.77416 32.21518 12.86655 35.0444 30.33008 12.39722 32.04787 0.0 25.81737 0.0 35.86005 
1000.0 30.37765 10.04703 15.05914 0.0 30.30209 20.85618 14.98909 13.17046 32.92264 12.79728 26.79933 0.0 29.97383 16.0934 10.26892 15.64123 33.61627 31.23832 32.88612 0.01509 11.45712 23.82296 37.64482 15.72067 24.73044 36.70401 13.33038 23.33402 33.00179 11.34679 14.62578 23.22452 18.91001 38.03853 15.05606 11.86274 36.51017 15.6 14.85946 14.94952 21.91973 30.95657 9.09066 33.37167 12.91708 21.95215 0.0 29.27019 0.0 8.01393 
1000.0 26.10937 18.69689 27.01394 0.0 9.0808 31.79744 27.05406 27.01589 8.03391 21.28947 20.32868 0.0 38.08965 33.4206 26.3337 29.59656 33.99239 25.09297 33.25634 0.03827 23.6319 8.79048 32.70827 36.50226 22.73137 32.54825 32.8521 28.86829 15.25675 20.98154 7.73331 37.65211 25.06658 26.95598 31.71627 28.40305 31.37181 9.07183 15.52473 20.3022 25.81896 35.01395 33.41651 8.61525 12.48858 28.36526 0.0 23.35703 0.0 32.5157 
1000.0 14.6001 12.48513 25.19142 0.0 30.84343 8.08822 21.15388 13.14333 13.16948 11.82144 20.49164 0.0 38.38738 33.58519 19.46468 23.79494 13.30407 11.64663 15.17167 0.01222 36.75527 24.46584 22.35506 32.15793 27.25107 16.10117 15.40863 33.94488 16.37938 9.76148 37.81743 18.84153 27.69307 37.74415 19.05669 14.8215 24.8428 13.19382 7.81809 16.86211 26.98612 7.70315 31.65571 34.02027 35.28297 29.494 0.0 30.81221 0.0 38.33955 
1000.0 23.31899 33.76305 35.64203 0.0 16.81477 13.85277 31.82712 18.55667 34.19655 16.96853 32.37395 0.0 11.42217 26.05475 31.27342 16.56578 15.27917 14.07472 23.79437 0.01262 32.1732 16.60413 26.47602 7.99594 22.50587 20.45226 32.60239 16.13444 7.84798 18.88111 28.03904 36.68121 17.24551 37.81166 34.59689 17.94776 10.68843 36.34274 10.41737 23.66228 21.45512 36.81476 8.52016 16.43693 21.81348 24.66547 0.0 12.39012 0.0 10.81677 
1000.0 8.86287 14.55228 17.06365 0.0 21.57154 19.74423 18.52932 23.69231 16.79516 21.33816 27.89751 0.0 21.97393 30.58429 8.52613 13.57627 30.94232 34.51941 37.42749 0.02006 17.33659 30.22182 8.08057 9.65697 9.71686 12.01322 9.93702 24.99607 24.13455 31.26618 36.93743 15.60592 13.54629 34.39315 25.01713 26.83057 23.94035 23.96274 28.13535 15.86162 14.04058 15.67454 9.46407 38.41154 20.79709 37.87216 0.0 30.33742 0.0 26.22164 
1000.0 0.0 0.0 0.0 21.17481 0.0 0.0 0.0 0.0 0.0 0.0 0.0 23.07114 0.0 0.0 0.0 0.0 0.0 0.0 0.0 0.0 0.0 0.0 0.0 0.0 0.0 0.0 0.0 0.0 0.0 0.0 0.0 0.0 0.0 0.0 0.0 0.0 0.0 0.0 0.0 0.0 0.0 0.0 0.0 0.0 0.0 0.0 34.42024 0.0 38.10432 0.0 
1000.0 34.76761 23.70414 26.90838 0.0 9.93763 9.78205 34.90187 32.00634 15.0452 29.19039 23.63604 0.0 28.16764 16.85931 36.65025 9.3343 21.08067 37.17529 27.68052 0.03838 28.35798 9.07714 31.89117 16.90791 15.91345 31.0525 20.54143 14.92822 34.8562 8.49334 17.22752 34.14547 24.64236 31.59426 32.54665 22.23796 32.06997 24.97898 9.80993 36.42011 17.17958 25.0002 21.30589 7.77601 37.83739 19.18769 0.0 32.09952 0.0 12.86801 
1000.0 0.0 0.0 0.0 10.22064 0.0 0.0 0.0 0.0 0.0 0.0 0.0 34.67998 0.0 0.0 0.0 0.0 0.0 0.0 0.0 0.0 0.0 0.0 0.0 0.0 0.0 0.0 0.0 0.0 0.0 0.0 0.0 0.0 0.0 0.0 0.0 0.0 0.0 0.0 0.0 0.0 0.0 0.0 0.0 0.0 0.0 0.0 37.61954 0.0 19.00584 0.0 
1000.0 36.58439 8.80508 9.6179 0.0 33.58396 9.1505 18.96914 38.4305 18.85679 36.83865 34.57981 0.0 36.76293 25.70858 27.42546 32.64743 24.71819 30.3175 9.1576 0.02772 25.51307 24.72806 24.04412 26.25184 8.31614 12.15735 21.18222 31.94868 13.57073 12.34565 26.33094 36.16061 28.588 11.66458 36.71177 32.72474 30.69608 12.71997 25.96406 23.46689 27.51997 29.209 34.81492 31.18015 15.4457 29.57623 0.0 37.74509 0.0 18.57805 
