1000.0 1000.0 1000.0 1000.0 1000.0 1000.0 1000.0 1000.0 1000.0 1000.0 1000.0 1000.0 1000.0 1000.0 1000.0 1000.0 1000.0 1000.0 1000.0 1000.0 1000.0 1000.0 1000.0 1000.0 1000.0 1000.0 1000.0 1000.0 1000.0 1000.0 1000.0 1000.0 1000.0 1000.0 1000.0 1000.0 1000.0 1000.0 1000.0 1000.0 1000.0 1000.0 1000.0 1000.0 1000.0 1000.0 1000.0 1000.0 1000.0 1000.0 1000.0 
1000.0 36.57305 26.45549 9.49713 0.0 16.99747 12.06452 22.02418 30.48685 19.22596 13.68643 33.96527 0.0 14.72411 27.83138 10.12309 13.65327 33.69148 40.37559 40.26332 0.02629 16.80459 24.20806 15.55615 37.81494 25.53732 8.87854 30.72746 14.82877 26.19255 9.24884 37.39599 42.21175 26.95839 34.0113 34.95215 33.62801 33.55411 26.27443 9.30475 13.39958 23.75414 29.48345 20.65442 13.54575 30.78621 36.49179 0.0 20.55462 0.0 28.27604 
1000.0 19.26248 15.70555 30.98545 0.0 19.3093 10.93648 9.94099 30.49807 30.70068 26.94835 23.44693 0.0 40.3115 18.8061 21.18404 14.94814 23.23215 23.3472 17.58095 0.02165 24.62137 20.21166 38.58084 41.17232 35.35468 40.31406 15.47829 8.57128 30.37725 33.20566 37.25169 30.1843 16.70851 28.88067 38.32339 30.7965 23.59413 9.08705 25.27019 29.70858 37.23305 20.25805 37.84807 35.30816 9.68671 26.27659 0.0 26.61053 0.0 41.99184 
1000.0 25.91229 33.96232 30.92598 0.0 17.64931 21.03015 22.27168 16.95965 20.58535 19.75464 11.20203 0.0 23.03613 18.79824 25.20472 39.72055 31.29022 21.99449 19.88827 0.02057 17.60434 34.95897 26.61895 9.45617 37.63027 31.85852 10.61383 31.89537 26.67895 28.17253 22.83443 34.83296 20.86961 18.7726 13.37567 29.93225 41.23171 30.55763 28.49469 28.56001 18.34234 10.94987 34.82656 9.60487 17.21475 10.86346 0.0 8.99249 0.0 41.62717 
1000.0 0.0 0.0 0.0 16.09898 0.0 0.0 0.0 0.0 0.0 0.0 0.0 39.15225 0.0 0.0 0.0 0.0 0.0 0.0 0.0 0.0 0.0 0.0 0.0 0.0 0.0 0.0 0.0 0.0 0.0 0.0 0.0 0.0 0.0 0.0 0.0 0.0 0.0 0.0 0.0 0.0 0.0 0.0 0.0 0.0 0.0 0.0 23.59561 0.0 25.24279 0.0 
1000.0 8.77547 21.44351 22.5231 0.0 42.25779 32.49306 10.59298 21.52722 27.83388 26.20913 18.80003 0.0 34.61765 24.12326 25.63617 33.05774 34.22271 38.55739 26.47745 0.00959 13.35004 41.3316 27.03155 20.06358 27.68528 17.00283 39.94971 17.35898 27.00501 41.48716 25.03044 14.41508 13.47332 30.44958 33.31525 29.31237 19.64252 31.08321 38.4562 11.16268 33.34866 28.34599 9.53659 22.51541 24.69384 41.9003 0.0 17.64668 0.0 31.94088 
1000.0 20.92251 23.2617 23.97375 0.0 34.70493 38.29865 41.65599 35.46205 26.75587 31.82759 17.67958 0.0 21.85891 39.9767 38.53159 17.44593 37.56107 39.5454 34.0444 0.01415 35.56025 26.54257 20.46833 40.51923 37.33769 39.96694 42.42678 13.10705 17.99072 9.99201 38.78915 27.66758 15.68432 24.21888 27.65245 24.21736 10.30421 19.41113 41.63218 11.95778 11.78974 37.01032 8.52464 23.9216 26.46334 21.213 0.0 15.8213 0.0 32.86358 
1000.0 18.34965 10.74414 12.11842 0.0 30.72024 18.61361 36.20836 11.54088 31.35656 25.23436 8.76928 0.0 37.85275 17.24939 10.11497 9.73143 24.56089 38.32213 38.54363 0.03707 39.05442 20.904 25.22358 34.15614 40.74438 41.98327 21.91504 32.8017 19.97167 25.48683 34.48217 10.98238 12.96875 20.52492 33.89695 40.97342 25.2319 31.93901 35.06098 27.45863 16.96103 20.56878 40.18474 29.31699 19.73123 16.65213 0.0 13.46215 0.0 33.09348 
1000.0 10.11284 26.32987 31.41824 0.0 38.80447 39.6054 39.05869 23.41087 30.67392 11.25666 24.7741 0.0 34.51106 19.68385 19.37371 12.52457 11.83825 22.30041 14.06618 0.03468 32.05837 32.29342 37.81397 16.0136 21.96784 24.18252 13.67598 22.09699 24.5745 17.79635 12.17354 39.44645 15.98657 21.62219 11.32893 10.74082 42.21454 30.31491 25.49059 24.8912 26.6009 23.2716 12.59157 16.05035 13.63991 11.64418 0.0 21.58347 0.0 17.30825 
1000.0 34.01565 41.82031 40.62202 0.0 21.7246 13.44519 37.78234 42.05202 24.53987 15.59562 42.1755 0.0 24.92492 14.20052 25.31206 42.05457 26.03458 32.66861 39.85411 0.02151 25.06137 19.27628 18.08772 38.05515 22.77006 10.75029 20.49092 9.97784 41.40974 25.25159 38.37642 39.77088 16.73802 40.78034 27.74735 38.64865 17.05543 39.01521 9.62796 20.69487 38.09769 20.60516 22.78778 12.20829 27.83038 31.81111 0.0 13.30671 0.0 16.50622 
1000.0 17.62111 34.0991 31.68902 0.0 40.29243 26.14223 34.95954 10.33843 18.61042 40.20404 11.80051 0.0 13.49317 22.82622 28.21678 38.58618 28.84141 32.05384 8.95917 0.02997 31.53757 22.18454 11.75581 36.03243 30.49 35.93029 26.09008 33.90739 30.86735 31.06076 29.41354 24.54813 18.59641 22.80027 38.17598 12.53856 37.11188 33.30972 22.81581 13.40226 28.45314 14.01961 42.42068 20.58776 8.9295 19.08888 0.0 33.95557 0.0 13.94668 
1000.0 24.92789 40.76331 14.5927 0.0 22.77846 9.23769 20.42107 28.52728 22.29737 13.22379 12.55676 0.0 32.25365 8.80987 13.49964 13.40043 41.73012 30.48443 37.27759 0.03041 26.79341 15.63103 25.37248 27.70427 21.12646 28.4989 39.55234 27.41196 35.21691 9.39727 35.19687 36.57416 31.30111 19.3102 36.85262 14.85861 17.07038 15.45214 13.85764 11.60889 31.58722 19.23862 17.97727 13.04505 39.02982 21.10063 0.0 18.82738 0.0 22.47296 
1000.0 0.0 0.0 0.0 41.55209 0.0 0.0 0.0 0.0 0.0 0.0 0.0 23.48959 0.0 0.0 0.0 0.0 0.0 0.0 0.0 0.0 0.0 0.0 0.0 0.0 0.0 0.0 0.0 0.0 0.0 0.0 0.0 0.0 0.0 0.0 0.0 0.0 0.0 0.0 0.0 0.0 0.0 0.0 0.0 0.0 0.0 0.0 12.597 0.0 28.41042 0.0 
1000.0 33.24515 34.92708 16.52733 0.0 36.91366 32.96887 39.72866 18.02449 29.77742 30.82082 31.21938 0.0 29.6461 20.41423 28.83178 38.48438 10.55533 33.61169 13.46368 0.0097 10.34199 32.57987 28.03977 34.51945 28.19296 19.47001 40.01212 13.44261 12.77873 38.84769 36.07594 40.61902 23.74954 42.07458 29.36784 34.84094 26.78835 27.175 25.23735 37.30284 39.45788 21.72704 42.46121 22.70972 39.25291 9.3489 0.0 40.45052 0.0 17.83123 
1000.0 41.64625 14.86796 27.50861 0.0 13.27199 39.48351 34.31065 13.35908 27.30074 29.7549 39.01265 0.0 19.42655 33.95878 38.88026 25.14026 29.08789 15.53607 15.19589 0.0257 30.71601 32.63163 20.1455 13.74615 37.32676 28.88779 35.39555 27.16455 30.55161 36.90299 22.26534 10.23758 19.64299 36.63323 36.88855 29.26681 31.78186 17.72754 33.86193 9.6474 21.73853 32.10485 9.71611 41.07466 10.98378 35.77255 0.0 30.20438 0.0 29.14955 
1000.0 27.50667 40.14398 17.05801 0.0 21.55756 41.81938 33.56692 40.03471 34.65836 33.02353 39.53642 0.0 11.34613 13.07393 33.52727 29.03933 23.41348 19.60837 28.03175 0.02107 8.92646 16.37466 36.38147 41.56097 33.03678 23.88108 20.78389 30.04888 19.67817 27.38452 21.74219 19.565 30.51995 39.17134 19.79438 14.93358 18.12618 41.88395 24.56543 12.91881 16.99475 17.94253 26.76046 15.58318 35.04492 22.0577 0.0 32.14903 0.0 35.54933 
1000.0 21.74867 28.94102 41.44248 0.0 34.00494 31.85393 15.11749 31.36687 34.65698 11.90288 8.73834 0.0 19.66815 33.59624 41.45475 23.10864 37.73776 27.17426 16.86165 0.03549 8.70246 32.17354 30.52744 29.11266 35.5313 21.27206 32.69108 31.70853 39.60432 19.69163 25.53724 36.87723 29.94084 29.02366 42.37923 8.9926 12.9045 9.4026 10.6858 33.00679 23.63621 40.55645 41.45551 29.66042 17.61611 21.65935 0.0 22.38452 0.0 12.76411 
1000.0 23.8195 42.1376 24.96907 0.0 14.7025 23.15369 41.60301 17.71522 37.65639 9.63019 35.47523 0.0 30.0751 35.72538 36.0642 31.53124 30.45434 30.74353 38.08007 0.01017 24.17588 11.53011 25.6178 34.0892 9.70473 20.31945 15.38426 32.32363 14.73353 23.7989 21.40874 30.23471 27.37973 31.31338 16.15116 30.63729 23.71386 42.06616 29.87786 16.32675 22.47892 37.79969 30.27684 33.91863 35.31417 36.14674 0.0 29.98933 0.0 14.18472 
1000.0 16.54253 30.83716 8.83003 0.0 24.3698 36.40846 29.57141 30.39923 17.18057 26.04863 33.27489 0.0 37.10732 14.85531 31.3344 14.8738 25.63775 14.86334 13.01938 0.03869 31.20715 34.48607 18.41003 14.73009 14.75473 27.34792 36.01608 39.43129 27.51238 20.10346 24.15289 19.68847 34.19797 37.18044 30.03625 33.52287 30.05852 28.5433 12.34111 23.84 28.98922 33.37209 11.37031 21.34217 16.61836 40.19746 0.0 37.56064 0.0 27.08945 
1000.0 20.45364 38.92941 20.97189 0.0 28.1268 10.07727 13.00183 21.32408 26.6414 21.56847 32.69217 0.0 41.92274 21.71 15.08187 40.88645 29.278 14.82273 17.93425 0.03356 31.94701 32.61632 26.33246 32.21654 21.43379 30.01705 24.16867 13.12386 29.93704 12.76363 15.84467 31.4228 21.56242 40.68753 24.65994 23.42241 37.00296 20.32121 31.77494 18.79259 27.62762 14.32282 22.81688 36.46374 11.80493 25.81137 0.0 18.52523 0.0 35.41863 
1000.0 0.17967 0.04794 0.17905 0.0 0.12447 0.14374 0.04413 0.14107 0.1314 0.1331 0.15338 0.0 0.06483 0.08511 0.17545 0.05606 0.11152 0.13815 0.14308 30.42997 0.181 0.04315 0.05959 0.04548 0.14479 0.06317 0.16826 0.13224 0.08437 0.16635 0.16466 0.06916 0.0616 0.09555 0.16397 0.13142 0.10281 0.12996 0.16592 0.16102 0.14633 0.17271 0.07567 0.11182 0.14306 0.10925 0.0 0.09197 0.0 0.18354 
1000.0 33.6407 12.54188 20.16308 0.0 29.67034 29.83804 22.16059 25.51235 39.31592 31.95189 39.565 0.0 34.66948 41.30178 31.48002 19.34516 40.46244 28.55132 16.40113 0.01132 11.89642 28.57156 33.23981 30.01806 18.53328 33.31143 19.74802 9.67669 38.26114 37.2203 14.62093 24.4829 12.76408 9.98531 29.27647 10.89929 10.57734 9.9061 9.81267 17.67026 24.87677 38.37355 37.25477 37.42569 22.89434 33.79617 0.0 36.45775 0.0 15.75742 
1000.0 35.408 11.52508 25.14014 0.0 29.0312 33.07537 19.90475 37.37308 16.84445 28.47544 19.93485 0.0 29.43641 25.35468 31.30307 25.04397 17.49637 23.99882 27.54387 0.01155 16.56099 32.1169 18.47478 19.04173 32.58708 29.256 14.47356 14.80111 31.22417 40.52635 11.02256 12.84971 39.6661 40.24055 22.57643 30.5029 22.26194 33.90054 24.14296 15.69329 14.1412 19.31189 37.72597 12.17312 37.21893 12.13446 0.0 18.5478 0.0 39.55606 
1000.0 13.81068 32.64564 40.35934 0.0 11.14536 31.76431 20.6039 13.67173 34.43127 40.06789 14.73184 0.0 14.68026 12.87667 16.062 37.95866 14.27716 32.12076 21.72977 0.02863 18.90824 21.19868 14.28995 37.49158 17.8948 38.89543 29.14896 39.84026 12.47685 39.96156 10.10556 31.09411 18.72138 21.76228 13.6188 10.23421 38.08445 18.79403 42.12205 22.19883 40.66208 17.56803 29.07656 32.60471 19.70958 39.71461 0.0 17.88252 0.0 39.18408 
1000.0 11.47382 20.59193 29.68824 0.0 18.40527 15.73522 29.49983 39.25268 29.83303 32.8048 30.99231 0.0 24.04968 34.7997 10.42189 37.57463 15.95056 29.06357 21.67317 0.0387 9.13539 31.21286 9.58607 41.68922 24.73908 19.09422 9.6393 37.4851 23.30446 32.01688 39.7651 42.10247 16.24546 32.39635 12.80533 39.91315 10.08646 11.52021 41.60522 34.71264 28.06804 21.26418 20.09156 10.4651 36.77458 29.98129 0.0 32.4151 0.0 21.50266 
1000.0 37.73977 16.07392 33.62054 0.0 12.25279 17.82409 12.66681 37.59828 41.27165 20.62077 35.64833 0.0 11.16406 25.48167 11.76527 27.13387 10.81813 40.26279 37.68891 0.02733 21.50951 10.42221 16.79201 27.95307 29.48619 13.9483 37.99613 28.95626 23.61709 23.55033 22.7362 16.85337 35.95794 31.74056 26.34518 14.6647 25.99711 24.98654 28.43421 17.09566 40.22235 36.68291 32.59674 24.15055 41.24586 11.88157 0.0 15.87207 0.0 40.08123 
1000.0 36.60126 17.0955 15.15796 0.0 20.50253 31.57753 33.46455 37.4374 29.71518 8.89585 15.82981 0.0 27.06321 30.9737 16.44992 20.15732 24.52833 33.18098 35.80904 0.02826 40.75756 30.67562 33.47147 35.44942 11.99091 31.25774 26.70002 35.77305 12.29433 13.4014 12.21159 30.62371 20.41383 38.28846 25.18973 36.3765 22.30539 20.29823 10.95003 26.43661 9.54318 37.14473 11.4183 9.81166 21.6129 31.27489 0.0 10.55894 0.0 36.28855 
1000.0 39.0475 31.97839 27.56437 0.0 40.93947 34.97338 26.42461 31.14948 25.91121 37.42493 18.84579 0.0 27.46024 16.24519 24.63903 21.47541 23.72636 35.62986 22.3081 0.03945 9.44533 16.56923 11.17397 11.3373 14.57322 22.26181 14.56644 24.57514 11.11547 15.09488 11.61032 36.59071 18.67764 15.28115 23.45258 39.31289 34.38739 8.53227 12.55215 32.27815 24.99306 32.60062 36.65961 24.92612 38.57621 34.31815 0.0 19.47159 0.0 39.64611 
1000.0 30.05434 16.2613 29.19911 0.0 42.46511 33.27965 30.68664 21.27324 40.01597 39.61461 25.84579 0.0 41.59751 23.48389 9.36265 20.71883 12.16103 16.18059 37.12833 0.00983 18.52803 12.59469 16.93392 31.43087 12.75839 40.86203 13.08932 29.34653 23.7235 33.6577 13.35574 37.03314 36.6182 10.41892 31.57521 30.88034 25.25592 16.93342 40.35705 14.71345 14.00786 39.74131 10.53475 30.71593 42.36605 41.65865 0.0 18.75766 0.0 33.48814 
1000.0 28.47818 8.997 19.22938 0.0 27.95165 40.89934 24.0034 11.72642 13.16456 32.13863 25.9883 0.0 14.34882 11.27783 42.09869 33.78592 24.28257 18.86174 18.98215 0.02102 39.23322 27.29009 41.13734 35.60348 18.63432 14.93456 18.14347 35.57849 26.36942 15.12213 16.92316 33.41764 27.35471 19.90059 11.41179 27.91831 20.15484 11.43476 13.60557 32.23587 16.23078 16.01763 25.8195 25.55285 24.01518 11.89569 0.0 20.00885 0.0 27.335 
1000.0 31.09496 14.56272 28.91583 0.0 13.58364 10.96643 16.89703 9.38448 9.15893 41.98511 40.02287 0.0 38.75121 17.79676 15.26133 23.06961 42.02243 12.91406 37.85221 0.04059 23.28364 33.15795 12.28757 27.89156 9.99188 19.84002 34.25313 34.75819 25.14825 18.86872 21.96146 34.27247 41.32435 22.71762 21.53988 9.89726 22.05719 39.33399 35.51472 16.13722 33.12696 8.77231 11.0853 28.40825 39.68361 38.88355 0.0 32.66107 0.0 14.73392 
1000.0 26.13953 35.19155 41.03679 0.0 31.87883 25.1606 32.85337 14.84915 34.16596 27.07828 23.14918 0.0 28.16339 9.025 14.94978 12.07655 35.39269 37.27046 26.23008 0.01127 27.64468 16.16377 22.18463 17.59066 8.5742 38.11569 32.49691 36.7777 30.03049 22.82245 10.3345 19.71631 27.51777 23.60721 32.63591 24.52157 9.57577 30.83233 29.75133 16.91018 9.26645 15.52709 33.21377 26.9003 34.8799 24.16179 0.0 9.25392 0.0 30.18544 
1000.0 28.00042 31.45007 17.7104 0.0 25.05756 37.72811 21.44852 38.38881 39.88509 37.51446 14.37737 0.0 20.74042 17.95586 29.27603 13.8272 17.32767 21.81654 21.26944 0.03708 16.37712 40.68607 15.84646 25.97068 16.44635 29.73412 9.95972 32.57653 33.07334 37.7647 36.37885 21.13806 16.56088 41.90984 17.83108 18.91985 40.18146 17.20677 14.125 18.82767 27.99829 24.33102 26.69876 41.0239 26.20105 27.80548 0.0 23.98578 0.0 9.33979 
1000.0 34.45081 20.70657 11.54379 0.0 38.22713 28.18309 31.84935 23.212 11.59519 17.41405 39.94179 0.0 16.32931 14.22794 41.78701 36.69759 25.34977 19.75744 31.83615 0.02161 32.30476 38.54516 30.9635 15.55072 32.73721 31.4318 27.74558 36.40458 25.25279 14.69897 36.22572 15.12572 12.94 39.86982 11.9175 28.63734 21.32872 35.87255 35.49615 8.69588 30.86531 36.74692 16.64955 20.99024 29.31328 37.87852 0.0 25.43945 0.0 20.86915 
1000.0 31.72934 20.28103 12.26741 0.0 36.91936 29.88939 23.25158 10.45343 34.98696 39.84106 16.33086 0.0 39.58776 20.27314 11.82823 28.56764 24.88727 13.32492 14.13083 0.04587 41.78529 16.34706 25.80512 38.9165 35.36725 40.02541 31.87782 34.33048 14.72737 24.94906 11.98611 23.17597 29.19519 17.61907 13.5295 37.16942 36.77463 24.76446 29.06682 36.69916 39.02618 18.69988 38.44796 41.83893 13.92145 32.31517 0.0 37.93402 0.0 26.16097 
1000.0 20.27202 41.67009 10.81942 0.0 21.17856 35.29247 19.80378 27.59588 33.71966 39.46525 15.33021 0.0 38.04326 18.12317 26.09412 19.09245 22.74288 30.41065 40.75398 0.01471 10.63228 23.52252 31.32226 28.3846 41.87482 34.81503 16.98596 30.66165 30.45951 10.83404 41.77505 36.2267 22.90844 24.05097 24.60724 26.12465 31.74084 37.90723 12.95994 17.43122 20.72147 10.98986 18.84823 14.06497 39.20849 22.39193 0.0 30.51018 0.0 14.58996 
1000.0 34.56194 34.27043 29.01344 0.0 29.0344 32.84466 17.26698 16.75087 40.73234 37.41265 27.1204 0.0 40.53546 34.26905 41.48135 18.09626 18.88011 40.76629 26.45368 0.03511 24.32954 29.53328 42.18035 42.34803 23.53294 10.48624 40.51371 25.52331 37.62487 37.87013 23.6074 26.89226 14.34617 38.20127 37.18825 33.79939 14.82951 20.65239 20.12788 9.28961 37.60841 26.53712 21.50038 23.39803 18.3584 8.75889 0.0 19.83979 0.0 12.33348 
1000.0 26.87162 26.54616 39.31402 0.0 27.04166 22.42721 41.74645 15.02848 22.97822 22.55064 27.46655 0.0 17.94075 11.49325 34.75117 42.28937 15.12623 36.18103 26.22061 0.01911 12.14089 23.3032 15.83793 42.23924 23.57059 12.4368 20.63319 33.98689 23.64706 15.17315 16.99289 30.31046 11.56004 41.65446 32.50862 22.30592 23.7543 12.96476 15.88069 28.68646 16.31093 25.14857 12.13323 35.26837 25.53915 34.74811 0.0 33.9743 0.0 17.81683 
1000.0 28.62622 20.09068 17.28389 0.0 29.60081 13.92961 18.56476 10.96058 40.89742 16.19409 25.11042 0.0 31.23944 28.73273 31.29248 20.34825 38.45431 37.98265 10.97584 0.02689 29.52262 16.79228 15.94923 40.75365 17.53825 22.29909 21.8418 17.30137 20.02757 32.73924 38.34929 31.23442 33.13106 34.43691 21.88076 29.83927 34.19409 38.49367 22.65148 37.77048 22.65388 11.52047 15.38007 21.83113 16.9285 9.75933 0.0 33.77698 0.0 15.6612 
1000.0 17.83343 30.8423 13.54336 0.0 22.78954 25.44777 41.82566 22.3289 32.61715 11.17282 36.86943 0.0 35.83294 30.4264 11.55416 42.15035 36.05341 39.66341 24.87877 0.04063 21.94706 39.28829 13.79463 16.19171 40.35296 24.30739 12.05564 35.36515 32.37902 10.59219 9.72007 18.88047 15.78432 25.66898 16.84132 8.56223 9.01651 17.41618 10.38262 10.46067 12.73405 9.61808 28.12501 32.41466 9.30445 11.98346 0.0 9.79207 0.0 40.44036 
1000.0 8.98386 21.01683 28.83499 0.0 20.97349 37.13095 15.3325 17.68251 15.72071 24.01267 15.3303 0.0 20.37751 13.18415 8.58506 13.1776 13.44942 30.58885 35.72134 0.03062 13.72354 28.86505 21.85247 38.96557 31.17625 41.57115 12.00917 24.9552 37.35507 31.24362 11.89734 31.98168 11.78603 31.58417 25.22554 30.45385 38.59799 27.63792 15.58658 36.14109 38.77845 14.06655 28.92813 8.69775 8.75308 31.604 0.0 26.95688 0.0 11.35445 
1000.0 39.05742 20.44332 17.54557 0.0 23.40979 37.70844 23.82117 30.27729 38.19969 36.55813 17.89835 0.0 29.59075 31.78166 20.79102 42.36684 37.11274 37.55092 23.1814 0.0128 9.20306 29.87376 25.31676 33.34327 18.0368 37.34634 40.08401 11.21541 30.92392 42.11525 10.27087 40.37631 39.81665 39.24257 40.77455 28.63695 26.71223 26.25476 22.61897 32.55185 34.50871 39.88319 28.46844 24.42504 12.56298 31.80307 0.0 12.44482 0.0 23.54093 
1000.0 18.90212 29.75287 11.72277 0.0 8.97732 15.18553 25.23889 11.79239 38.29614 21.21248 41.44122 0.0 34.86125 31.75752 9.03654 24.40485 25.86129 14.70478 24.40026 0.03714 33.89946 32.16834 26.23237 25.63859 37.15189 15.39736 30.01173 22.00171 36.56511 37.71347 27.04795 39.47829 40.9356 28.0916 16.1087 18.4519 25.0717 24.63759 28.15164 35.4275 32.18575 21.87869 11.85029 20.0213 21.58696 22.14898 0.0 16.09372 0.0 40.11017 
1000.0 26.44101 23.50344 17.87894 0.0 38.51259 19.53661 24.74803 35.35795 19.96339 16.97 41.72303 0.0 10.07029 24.60579 28.14524 29.01178 12.20433 11.14756 20.53491 0.02456 31.62415 39.9268 27.38189 19.4721 29.50777 36.714 23.54585 22.04142 25.45043 24.66438 17.0846 20.71006 10.79425 38.06376 32.49911 9.59943 15.69205 14.01577 33.41457 24.07662 31.63941 9.14523 22.8797 32.86884 14.71669 33.11723 0.0 31.55435 0.0 17.32288 
1000.0 32.33907 10.83444 27.8046 0.0 13.81671 31.12772 42.09914 15.84299 35.1621 35.26498 11.59924 0.0 36.50459 10.28316 18.39338 12.05575 15.33744 30.91975 32.27479 0.01638 29.77265 17.35461 10.84419 14.89661 21.58237 20.94284 25.61454 30.97443 29.08403 41.74792 39.55839 17.54282 21.98249 20.61739 24.03951 33.32087 29.01191 29.22234 15.94369 31.44605 11.57995 9.34082 15.17587 11.00668 41.01956 13.24656 0.0 19.7579 0.0 20.03677 
1000.0 42.21696 21.72417 37.92027 0.0 27.86434 30.19795 12.1312 17.4007 23.82093 26.78471 15.92178 0.0 27.50123 30.37118 26.41206 13.1193 18.76415 41.08511 35.09893 0.02878 34.63684 11.7991 27.81966 25.35211 36.17493 33.93212 23.82337 27.1514 16.52831 14.01531 36.31421 23.07151 11.99627 20.95124 17.71747 40.89571 32.87978 14.46982 25.52819 17.48005 35.73624 36.95725 10.57837 38.2778 12.71473 24.10851 0.0 13.04194 0.0 37.15711 
1000.0 36.4071 25.17288 10.54964 0.0 26.75863 41.38765 16.10722 12.54888 38.94811 36.00286 23.96196 0.0 15.96413 13.54466 24.6866 28.64751 28.74663 41.81885 17.98602 0.0164 40.04303 31.64382 9.4374 17.21847 23.17992 17.24546 14.082 10.64489 38.12525 42.45374 39.95292 26.39979 26.68061 19.99362 40.98217 12.19941 32.9303 23.73753 29.67102 29.61896 21.95069 38.32503 37.97957 40.79647 11.55652 12.68863 0.0 11.54986 0.0 30.26174 
1000.0 0.0 0.0 0.0 19.9896 0.0 0.0 0.0 0.0 0.0 0.0 0.0 35.73136 0.0 0.0 0.0 0.0 0.0 0.0 0.0 0.0 0.0 0.0 0.0 0.0 0.0 0.0 0.0 0.0 0.0 0.0 0.0 0.0 0.0 0.0 0.0 0.0 0.0 0.0 0.0 0.0 0.0 0.0 0.0 0.0 0.0 0.0 33.18023 0.0 35.09768 0.0 
1000.0 12.86603 34.94028 26.85898 0.0 14.56972 38.35207 24.09678 22.20197 40.42914 20.3105 20.58345 0.0 16.17331 19.09676 30.50592 24.86731 9.88054 25.35277 38.1997 0.01224 14.56721 8.83178 17.78438 29.65805 36.94497 31.64809 38.61752 27.15463 13.32681 27.03214 38.341 37.90726 38.80052 14.47062 41.22179 9.18209 37.52992 23.29682 24.38267 13.34385 38.19261 9.77294 22.71873 28.55375 14.60942 15.5663 0.0 38.07005 0.0 39.01331 
1000.0 0.0 0.0 0.0 36.79446 0.0 0.0 0.0 0.0 0.0 0.0 0.0 38.61303 0.0 0.0 0.0 0.0 0.0 0.0 0.0 0.0 0.0 0.0 0.0 0.0 0.0 0.0 0.0 0.0 0.0 0.0 0.0 0.0 0.0 0.0 0.0 0.0 0.0 0.0 0.0 0.0 0.0 0.0 0.0 0.0 0.0 0.0 33.58005 0.0 17.12095 0.0 
1000.0 21.4518 37.26816 32.73775 0.0 32.78601 25.97779 31.93298 29.34122 9.88335 18.00697 22.44617 0.0 33.745 17.97408 38.61703 18.54629 39.35755 39.89621 34.46426 0.0227 42.21717 19.29702 38.43662 25.69029 18.18015 14.47144 22.45685 15.83137 13.22674 18.34977 20.48664 41.98298 30.03131 15.28748 18.07573 30.77246 17.6494 22.36924 11.73299 15.91221 25.54553 31.97495 36.31269 8.7257 23.88753 24.08745 0.0 20.27164 0.0 22.79855 
