1000.0 1000.0 1000.0 1000.0 1000.0 1000.0 1000.0 1000.0 1000.0 1000.0 1000.0 1000.0 1000.0 1000.0 1000.0 1000.0 1000.0 1000.0 1000.0 1000.0 1000.0 1000.0 1000.0 1000.0 1000.0 1000.0 1000.0 1000.0 1000.0 1000.0 1000.0 1000.0 1000.0 1000.0 1000.0 1000.0 1000.0 1000.0 1000.0 1000.0 1000.0 1000.0 1000.0 1000.0 1000.0 1000.0 1000.0 1000.0 1000.0 1000.0 1000.0 
1000.0 19.04892 27.60578 35.01677 0.0 41.08356 31.13676 15.52304 32.02626 23.53403 29.19969 33.33097 0.0 13.39156 31.77188 30.62106 33.41405 36.49988 24.77591 42.43548 0.03014 16.92154 18.28402 37.08014 34.00435 31.39763 20.73834 10.77417 36.14177 14.11123 30.97427 33.68495 12.88071 21.38007 25.10137 13.41073 25.45268 17.04747 21.36516 36.99024 34.86627 30.28052 33.55662 9.27186 40.17534 31.74537 28.69995 0.0 12.49557 0.0 35.46812 
1000.0 16.11777 14.84765 39.34343 0.0 10.70301 30.69804 15.88617 35.2582 39.39893 29.54825 42.18716 0.0 26.24853 40.56222 37.46579 25.6989 22.89924 41.31391 36.97308 0.0207 16.91531 24.23479 12.11381 39.7529 17.49136 13.34356 37.12353 14.94495 29.88797 22.73329 22.8265 45.64137 18.18666 35.34463 22.09902 13.37259 45.41755 18.20661 40.62851 34.30057 18.03312 45.26869 31.27293 23.30964 29.84978 14.35316 0.0 43.11615 0.0 40.68542 
1000.0 34.58943 21.18709 40.57155 0.0 25.18133 40.46556 45.23318 16.50772 19.49507 34.33291 39.01824 0.0 44.42201 19.92376 20.46364 42.1437 14.7401 40.187 32.09739 0.02651 45.223 40.65663 44.57594 32.93241 37.20705 22.68573 14.27643 30.33789 34.68975 9.88981 38.85109 34.31334 21.10696 39.00782 32.71965 13.32545 23.37228 45.73858 20.6626 25.62721 45.19199 41.55932 20.36695 11.58573 45.24477 25.85286 0.0 37.56526 0.0 38.56027 
1000.0 0.0 0.0 0.0 19.33018 0.0 0.0 0.0 0.0 0.0 0.0 0.0 14.06232 0.0 0.0 0.0 0.0 0.0 0.0 0.0 0.0 0.0 0.0 0.0 0.0 0.0 0.0 0.0 0.0 0.0 0.0 0.0 0.0 0.0 0.0 0.0 0.0 0.0 0.0 0.0 0.0 0.0 0.0 0.0 0.0 0.0 0.0 24.04311 0.0 43.48091 0.0 
1000.0 10.78906 13.09382 31.9932 0.0 23.74328 33.74262 29.89248 14.42303 13.98978 28.52127 24.93698 0.0 19.67717 36.45444 13.25073 25.22866 20.72487 37.82387 45.63499 0.01107 34.73726 15.02508 30.70811 24.27341 34.60055 26.91716 43.92108 10.88907 42.95765 27.28985 22.13056 34.0971 44.62068 31.3947 22.15706 35.1671 31.46894 16.17857 34.41909 17.78953 13.01836 43.64366 19.80932 31.72309 34.48326 37.6711 0.0 9.67742 0.0 30.29417 
1000.0 20.29274 15.0682 36.68993 0.0 27.18175 21.92223 37.80929 14.79692 30.45246 21.96703 24.41329 0.0 18.84378 23.63132 16.50104 26.9242 37.90639 32.60785 24.34037 0.02284 22.17843 13.34939 31.34046 22.01763 28.81985 10.69669 34.60993 23.59997 44.68749 39.34002 30.10119 38.42974 30.66745 41.49257 35.00281 17.13933 21.7795 25.22025 23.52479 20.28709 38.34157 24.73146 17.85872 27.26939 45.00246 18.25081 0.0 29.0932 0.0 45.00999 
1000.0 13.90293 14.34261 38.3216 0.0 23.39176 40.70223 30.12847 15.32565 36.1188 30.38323 19.50671 0.0 37.0789 31.53706 15.64266 13.14982 43.27598 34.59973 42.21107 0.01055 12.12969 23.57119 35.52109 21.53094 43.6848 26.95074 17.86372 41.07358 16.57868 45.81885 25.63078 12.52629 24.05477 18.38522 32.64991 9.62737 29.50004 35.97177 16.49767 39.03989 9.96644 9.60742 36.11147 33.77941 16.93168 38.88203 0.0 23.07438 0.0 10.6438 
1000.0 28.58071 13.59715 15.9458 0.0 37.43454 39.40824 44.87611 34.7398 34.59666 15.84134 15.04221 0.0 12.70205 35.77718 44.61812 29.77678 20.66499 42.53061 40.36634 0.0225 35.54859 39.24684 29.00674 14.23284 33.73763 14.82142 15.67939 13.79632 10.88533 36.47322 43.36245 16.76063 20.45815 43.04752 25.83625 36.9758 32.2815 41.49516 26.59307 32.46258 11.69008 17.85772 11.5455 17.03922 21.99458 45.59298 0.0 31.70221 0.0 40.83483 
1000.0 22.66959 18.38203 39.96957 0.0 45.39656 20.08226 23.40121 20.18745 11.49917 9.37722 34.27128 0.0 43.87628 35.98855 39.56432 15.12502 26.88041 16.88084 37.48709 0.03176 44.26362 9.94249 23.08885 32.84813 34.8929 31.68057 40.49752 42.34616 29.14859 24.49269 25.13492 32.81925 38.34029 18.68418 36.96143 16.85996 44.30492 28.80196 12.94485 23.53946 40.26904 31.15199 21.17886 38.47473 13.41425 16.84377 0.0 27.8114 0.0 18.98544 
1000.0 13.64599 20.22791 20.8318 0.0 41.89121 31.16428 23.23802 21.55258 23.7987 19.26523 30.6057 0.0 44.7842 32.70578 18.61754 19.31406 33.21222 21.02352 31.33445 0.04004 26.24536 11.93917 40.72444 40.53658 14.91631 11.56836 44.19187 22.59611 31.06655 24.36375 13.39681 25.47135 38.06969 43.86767 32.53212 39.75271 41.76063 37.30087 44.37341 13.65449 22.21349 36.33351 44.2199 21.19401 18.07904 35.47364 0.0 41.02479 0.0 41.83344 
1000.0 24.09621 14.77777 45.51153 0.0 22.22711 21.46891 37.8946 37.04643 22.44474 27.33806 24.85332 0.0 28.86185 32.62066 28.52089 40.99694 29.89066 21.07554 37.65569 0.01139 42.32457 31.12557 20.83508 36.59462 36.53295 42.27255 22.35517 17.70244 11.9801 41.96257 15.48261 36.45597 30.27528 34.61989 14.36631 30.67151 35.05217 19.44392 15.20749 28.84983 45.71235 39.36879 30.74299 20.49279 19.59593 44.88017 0.0 37.57133 0.0 24.23118 
1000.0 0.0 0.0 0.0 25.15779 0.0 0.0 0.0 0.0 0.0 0.0 0.0 42.89449 0.0 0.0 0.0 0.0 0.0 0.0 0.0 0.0 0.0 0.0 0.0 0.0 0.0 0.0 0.0 0.0 0.0 0.0 0.0 0.0 0.0 0.0 0.0 0.0 0.0 0.0 0.0 0.0 0.0 0.0 0.0 0.0 0.0 0.0 44.00456 0.0 27.30023 0.0 
1000.0 18.23458 10.11497 20.22331 0.0 41.6691 27.23854 22.82318 17.3108 27.86458 30.49827 33.0373 0.0 14.93939 30.24619 12.19666 43.60312 30.93049 25.80845 37.9257 0.03509 28.19169 14.04744 15.05929 35.46267 10.99302 27.10357 20.88575 28.89471 26.85076 40.88845 18.09463 14.754 29.60752 30.71507 12.61204 14.37203 23.59336 28.75795 17.98769 28.59706 37.33588 11.07506 41.26388 44.81327 16.87001 29.28975 0.0 31.61558 0.0 19.91233 
1000.0 41.6129 20.5674 20.15418 0.0 30.71127 42.60429 11.89078 34.91166 40.42332 44.1627 20.72979 0.0 23.86358 19.81204 26.33316 44.19233 25.76055 43.48777 45.02376 0.02126 32.32203 29.63115 39.5551 36.68048 29.8045 21.65811 43.10777 39.67595 16.90228 10.51031 27.80306 27.88963 32.2531 41.70111 22.46634 13.52438 33.68695 35.22187 41.00552 30.2869 12.87811 21.92591 39.12816 20.18457 39.38016 26.03501 0.0 19.4055 0.0 15.44046 
1000.0 40.64563 24.07484 37.26123 0.0 17.43127 31.50057 9.22556 27.50055 33.87398 33.27231 33.60361 0.0 23.9091 16.30106 11.60415 41.93142 12.22856 34.34638 21.20381 0.03792 16.89073 14.50038 11.59611 35.15006 42.97036 15.49333 45.79082 32.04546 27.64601 15.73594 16.01381 40.64643 35.79993 32.77749 42.1802 40.80942 33.95331 24.58307 23.58273 10.19912 31.77589 20.30002 11.44285 11.52487 20.21224 32.11072 0.0 25.80441 0.0 20.50707 
1000.0 44.29269 14.79973 27.69778 0.0 14.92853 30.62976 31.27856 21.45387 14.2187 17.24464 33.41211 0.0 11.11726 44.26525 43.8355 14.42056 21.25764 26.88239 11.00909 0.01009 15.96962 31.0773 36.23106 45.57256 13.53711 25.78064 25.59544 13.10914 14.34455 20.08087 18.41676 42.41832 25.6845 10.15253 33.22591 11.16445 15.02934 29.09846 18.61526 45.53776 22.61343 22.21517 15.09393 36.6966 13.66547 25.52262 0.0 32.04682 0.0 11.60539 
1000.0 26.38281 42.5868 14.88804 0.0 11.40778 27.56069 17.67079 22.66294 13.75953 20.33509 16.8918 0.0 35.37063 12.92652 14.39371 13.05974 11.74527 36.9722 15.1725 0.04315 32.51141 18.49442 42.93375 18.35926 21.98063 35.02668 33.64667 36.01397 42.5915 32.94645 10.26087 20.02345 31.80988 21.75255 16.85019 12.11578 37.41372 34.86211 21.71601 13.65042 17.89467 17.17601 22.36212 41.55305 11.10925 35.26729 0.0 37.45166 0.0 39.56507 
1000.0 32.00474 39.7881 43.7513 0.0 41.38166 18.46915 21.1782 27.77941 31.73225 37.19913 10.02325 0.0 31.2772 40.81613 16.23882 37.31921 14.58574 15.54068 22.68238 0.01123 14.51687 24.32875 16.22308 34.4849 9.2426 29.20891 18.4347 11.61565 19.56256 45.03268 37.6095 9.79744 20.11797 17.95777 36.50997 26.81911 29.68603 17.61214 20.49047 33.57834 22.8759 24.52551 30.56438 26.95083 32.75354 17.05989 0.0 43.33595 0.0 25.28632 
1000.0 29.63226 22.76945 19.03211 0.0 34.33901 18.31486 23.9623 33.56747 35.5627 44.98163 30.9727 0.0 13.25773 19.63409 38.13459 29.98737 26.12382 30.23114 26.15022 0.03981 12.14888 38.79509 29.10583 9.32152 20.91953 22.65621 15.76092 12.18586 37.96124 29.2773 10.66212 21.70323 14.27954 34.50402 15.29713 17.05829 21.78347 38.99334 11.14979 42.60093 45.45976 27.28263 41.36716 20.80195 10.13042 41.60621 0.0 19.08703 0.0 39.57739 
1000.0 0.1665 0.15601 0.0657 0.0 0.13875 0.18321 0.10911 0.14053 0.12006 0.07984 0.04732 0.0 0.0609 0.15758 0.03993 0.12705 0.13297 0.04113 0.18903 39.91765 0.14449 0.16469 0.11441 0.16988 0.0548 0.12736 0.14483 0.13065 0.06444 0.18206 0.16783 0.10934 0.14114 0.08533 0.09203 0.17969 0.06747 0.06114 0.09902 0.11149 0.17246 0.18766 0.16343 0.10699 0.1314 0.15243 0.0 0.06657 0.0 0.09712 
1000.0 34.32971 27.11905 42.7928 0.0 26.79468 13.94558 28.18408 44.53237 25.08795 16.67935 14.66337 0.0 18.90293 32.11715 25.83015 20.9523 17.21312 12.03092 14.06899 0.01432 32.36334 21.16781 25.46551 15.81334 39.06431 35.72275 25.17306 10.8732 37.55205 17.06485 33.71186 31.89796 23.5417 16.89882 45.24756 34.74122 39.23363 43.0959 12.68582 35.12461 32.45567 29.26719 33.78639 42.9489 32.45708 11.41978 0.0 36.68224 0.0 34.56725 
1000.0 30.55018 42.66731 44.55769 0.0 36.61283 14.65736 36.80439 13.14001 40.1654 41.19202 43.25718 0.0 25.37515 13.83002 10.85249 40.94908 24.2934 16.89182 25.04087 0.02686 38.97718 43.47326 29.40841 39.13241 27.63489 25.5549 20.26224 13.21927 24.38395 22.22251 30.95048 10.28938 33.85876 10.44942 27.05979 22.79108 17.42669 13.54329 18.92406 29.58798 18.54121 33.92033 10.13143 43.29572 24.45293 44.99016 0.0 20.48824 0.0 33.56243 
1000.0 28.80865 16.73437 32.53983 0.0 9.66172 21.3675 16.43351 23.85942 18.67431 11.95108 19.85461 0.0 15.9899 35.66727 17.89483 38.62656 19.27332 9.97097 21.46352 0.03099 38.92203 34.76207 39.20293 17.05398 10.67474 43.90835 25.75319 15.83562 22.1131 41.26176 39.22718 45.80015 25.34726 41.93538 23.58935 30.34736 25.05722 28.23108 32.7281 39.0357 11.5994 34.85501 19.44063 22.71309 45.46273 13.37722 0.0 12.2424 0.0 36.54426 
1000.0 34.07515 27.77336 32.78113 0.0 11.25242 16.14279 39.6586 20.95781 38.78075 29.37887 31.99168 0.0 18.23704 28.49463 20.49196 32.87629 41.27415 37.18711 23.88885 0.04492 22.55053 38.36085 24.78609 30.32769 16.81708 40.31882 24.24224 20.47181 38.11625 10.81598 23.12965 16.52442 18.05953 23.8852 16.21703 29.85612 21.61904 44.02802 28.05724 35.52246 21.2176 29.07886 39.33504 29.17068 32.70328 33.85143 0.0 34.6107 0.0 44.33937 
1000.0 25.31132 27.95152 45.54722 0.0 32.28871 26.98768 14.1598 42.55226 28.42212 39.1232 22.01495 0.0 11.48693 33.28274 20.60929 31.12467 23.17492 33.4703 15.71475 0.04514 38.75034 11.20306 14.87943 42.76776 37.50823 32.60844 9.33242 40.35799 17.88394 10.69133 20.6763 26.70588 42.11211 34.54856 28.54905 20.1716 19.30092 21.78787 28.59374 16.25815 29.29067 25.30705 18.52252 15.45567 18.63624 10.01618 0.0 43.94479 0.0 30.12484 
1000.0 38.04832 41.74736 21.81192 0.0 26.08203 14.09828 29.25364 11.70511 12.49064 10.20503 10.21262 0.0 17.03254 34.73466 16.15336 43.98748 10.25634 28.44379 13.51404 0.02799 38.40777 19.39129 29.10787 29.08271 40.98597 39.4653 26.42411 41.36639 44.22546 35.01768 42.01865 15.09263 43.42648 16.21779 9.38782 29.45673 21.32875 13.48679 10.51405 30.48734 40.90337 13.27712 38.58251 30.82321 23.4219 44.07759 0.0 11.84616 0.0 26.19994 
1000.0 32.58872 19.35924 28.45428 0.0 15.27396 41.7554 29.54743 21.10611 39.24148 44.60891 42.69224 0.0 10.88149 42.63615 13.5778 14.97787 24.8465 45.63679 25.88295 0.03746 41.96279 30.52315 16.79421 27.58842 23.41514 16.90856 44.14139 15.40411 32.01011 44.53613 45.03057 37.51401 33.85551 34.15157 37.14577 22.37887 42.89075 27.44873 23.38707 38.84711 17.16475 22.06608 18.84193 33.77697 40.13003 17.51279 0.0 32.8618 0.0 18.34491 
1000.0 34.81031 17.10925 36.4014 0.0 10.86909 36.04443 34.76085 12.45134 29.54129 42.09948 11.10348 0.0 24.57358 39.92468 10.58977 21.87397 25.94942 33.20724 22.33046 0.0458 17.74302 44.81937 24.65827 24.33144 28.13156 13.1639 25.92953 38.56088 14.74019 44.51674 26.13694 27.82561 31.8365 32.76288 14.89919 14.17238 25.81396 31.93879 44.38626 36.29637 38.42972 41.79469 28.68615 30.81739 10.19488 43.10269 0.0 38.68852 0.0 26.436 
1000.0 9.57141 13.70535 43.54854 0.0 34.11199 20.07547 17.76412 15.78626 29.73486 14.69351 17.08646 0.0 26.68312 42.12373 15.51932 24.17352 40.66608 44.61847 12.08116 0.01521 20.89299 43.14018 22.46296 21.38117 44.67665 24.43231 17.86849 12.07516 26.52851 33.37597 16.78666 43.04152 26.81248 10.69068 35.48328 38.00889 23.12121 45.63826 44.75048 17.82263 37.20657 14.41744 11.16645 32.45062 18.10616 27.70584 0.0 28.43584 0.0 19.39998 
1000.0 25.27569 15.31497 19.64261 0.0 11.74735 37.45427 26.82486 42.78889 42.94462 22.3487 27.49199 0.0 23.99236 22.56812 29.04738 22.99958 14.70764 38.78021 12.27699 0.00962 32.30244 33.34001 21.5773 32.72243 19.6193 11.84318 22.9609 18.24758 44.65987 10.01307 40.5926 20.64489 38.66161 38.22669 25.17655 10.15986 27.84316 31.83709 28.92705 28.95361 27.59844 29.2942 25.69783 42.72735 27.73782 37.49351 0.0 40.95165 0.0 27.67106 
1000.0 17.35629 41.80807 23.95043 0.0 30.63061 11.56774 21.69134 40.86158 22.92486 30.58214 41.54495 0.0 32.537 35.23428 32.21919 18.13316 17.3931 29.42324 31.22744 0.02346 41.50465 36.99799 25.19643 22.41111 38.27572 27.84229 44.94049 13.40927 40.08466 26.31925 15.82364 27.16217 14.48177 27.64678 13.5196 22.05813 17.13077 38.8851 11.25054 19.39999 17.32093 18.85161 39.09984 40.93777 37.72202 40.07729 0.0 43.8563 0.0 37.45014 
1000.0 14.58926 41.15328 17.15319 0.0 17.23078 38.52813 42.87931 13.56186 34.8899 28.47438 17.94544 0.0 28.8567 22.02656 36.83185 32.01384 17.48397 17.22913 36.36085 0.03752 35.12988 15.82075 35.63282 42.76106 24.32907 19.30341 32.44582 37.61123 18.89262 26.26889 40.96715 33.47211 28.39465 22.41875 14.69391 40.04636 14.33545 45.26645 44.97241 26.67496 11.48302 13.24506 38.28782 33.8418 22.03756 44.90923 0.0 22.02187 0.0 43.49325 
1000.0 22.21598 45.74265 14.69656 0.0 11.10788 15.26803 20.69412 19.20029 17.62947 15.18027 9.626 0.0 29.53115 17.63005 17.74521 30.90202 21.14144 11.48305 15.47955 0.03176 29.47883 44.99065 16.8786 11.37294 9.80963 23.72612 33.34475 26.03126 14.78181 34.33042 42.6356 18.90265 33.3426 27.04806 42.39102 34.68101 42.77487 20.33231 16.04584 42.70467 12.43339 26.455 41.28916 30.68956 24.04434 38.56887 0.0 26.95512 0.0 44.61963 
1000.0 10.98934 29.89676 9.69897 0.0 20.28691 27.75923 37.70236 30.70084 29.22589 23.70929 41.50807 0.0 17.64541 42.62864 39.50568 17.2354 41.95355 29.53365 23.63331 0.04622 34.49327 44.83732 18.4737 18.01021 26.87567 34.52786 15.11215 24.69631 14.33107 37.31256 39.08081 26.23901 27.20504 38.3856 21.26286 27.11265 15.287 19.81455 9.84154 20.02953 40.83046 30.01521 12.16687 19.29667 24.93586 27.30074 0.0 11.74669 0.0 42.06514 
1000.0 13.31686 26.7098 15.75338 0.0 12.16529 25.4473 43.16814 42.19882 13.19352 16.0436 42.83426 0.0 37.51886 12.38945 18.13628 17.97339 41.34078 37.93184 14.1684 0.01515 33.10155 20.87886 38.85037 33.52394 37.96494 19.40603 30.87137 32.97273 17.41835 21.09019 35.43627 17.08608 12.87122 34.88449 38.52744 28.11591 18.72112 21.61135 32.00362 24.07798 22.52492 24.12748 28.49886 44.15633 44.39792 17.67918 0.0 25.56809 0.0 17.26708 
1000.0 40.23485 21.05336 33.05962 0.0 36.52519 42.38338 16.58258 32.26054 15.37812 45.23074 11.79265 0.0 30.70951 21.94831 36.12975 10.60035 21.32395 18.03125 18.72224 0.0385 33.255 33.28119 24.02888 15.30393 13.78373 14.88452 22.84262 35.48936 25.49867 21.7845 26.88432 45.27354 24.67847 27.91404 34.59148 38.24188 34.26148 36.70384 21.59639 33.80054 16.78234 36.48114 29.02622 41.00055 36.02941 12.44229 0.0 45.51362 0.0 13.07695 
1000.0 27.59796 11.76465 31.27294 0.0 29.51695 17.90294 10.63918 13.62612 24.45152 44.88006 18.71028 0.0 37.29478 17.20326 19.80831 25.93952 11.03771 36.91456 33.32297 0.04632 23.61237 37.79878 21.94023 33.45079 30.39808 31.88544 43.99982 38.65163 37.78105 37.18673 12.61811 41.5472 9.65637 40.68906 41.56045 25.93629 29.04048 32.70329 9.88439 39.96186 30.67321 34.16559 25.82044 29.18495 17.70866 9.91061 0.0 30.51914 0.0 15.03764 
1000.0 31.51621 26.85735 40.28551 0.0 44.8525 32.18348 9.8204 39.40604 17.74473 24.27729 40.48551 0.0 36.30345 28.02234 16.19106 20.70905 24.7179 41.18121 24.88141 0.04488 42.44137 38.13934 13.5357 25.78499 25.39833 20.00874 9.48938 27.81769 39.75958 29.34445 19.33937 23.37703 37.95945 34.23087 28.82897 41.43646 25.90683 37.72872 16.29649 26.23405 43.44492 11.27832 15.25317 33.83702 30.55538 17.73493 0.0 27.52867 0.0 42.50401 
1000.0 35.98887 31.30903 31.39983 0.0 22.51407 45.08679 37.16471 45.29606 17.39094 26.45535 33.31095 0.0 35.36683 19.63591 17.82836 10.29547 45.41141 20.5753 9.93968 0.03211 41.79571 17.46748 18.22701 18.50501 17.85477 26.61229 27.79684 44.01353 19.52287 40.02677 36.92048 36.93412 31.35085 25.69722 20.75621 12.89602 43.51333 37.85371 20.5578 29.91424 12.34874 39.37755 14.9827 18.90949 17.0892 38.93121 0.0 23.44685 0.0 23.78443 
1000.0 33.79496 18.55726 15.9632 0.0 42.01672 42.90052 32.87294 30.32195 35.20131 12.12909 26.7038 0.0 14.49947 10.77632 16.13931 43.61742 42.19369 28.16168 41.68928 0.03886 27.18785 14.15732 32.81723 38.24513 41.4893 42.55313 32.21378 40.21717 23.08381 14.61597 35.42259 40.71021 40.74666 28.87925 43.3974 27.03876 21.42755 16.08457 22.4824 22.00843 30.23344 33.7657 33.81829 41.89658 39.96176 31.18717 0.0 22.1332 0.0 42.78128 
1000.0 25.95581 22.42012 21.07966 0.0 21.74315 42.52671 42.59949 20.29375 9.26159 33.50981 27.31561 0.0 30.32174 43.94202 45.00224 37.5793 30.87533 9.91429 23.85172 0.02598 14.76624 42.07068 18.28488 26.54962 20.48672 33.0478 24.52726 35.24488 11.81341 30.68785 35.63945 25.06857 42.87402 22.14108 24.81516 23.62775 30.31435 19.79312 20.10693 17.73764 31.47697 19.56789 41.11464 43.74495 15.32525 29.54295 0.0 33.5863 0.0 11.58431 
1000.0 38.85435 35.38576 22.64621 0.0 25.42139 22.47152 20.58353 34.13321 20.78898 44.25538 14.94003 0.0 41.04919 25.89531 37.80302 15.50766 19.01573 39.41168 40.94509 0.0196 44.67765 41.10729 29.71514 44.59505 35.5569 26.14979 36.48831 41.5991 23.25555 39.83735 15.90389 42.38926 35.0392 12.61226 11.21722 17.05071 18.58115 41.30115 23.60735 39.25551 37.52602 45.62829 37.59141 20.54077 13.64849 34.99465 0.0 30.92175 0.0 18.52708 
1000.0 17.96643 20.98912 25.82933 0.0 22.53106 37.43947 28.18155 19.72527 24.56835 17.08016 11.66085 0.0 18.41881 41.50721 31.38704 34.37482 9.72155 45.47306 26.39001 0.01827 22.37238 13.81128 30.34819 11.44364 41.25881 37.21356 35.82015 9.46126 15.6278 10.23943 11.57644 19.91868 35.07525 41.36315 36.45426 28.08379 45.74707 44.55186 37.94751 24.37854 19.61407 22.50311 36.15031 35.17445 44.72366 33.83636 0.0 37.14248 0.0 16.72715 
1000.0 10.58422 21.31789 39.84379 0.0 34.61607 21.2802 36.327 28.28922 34.41095 41.28539 23.65417 0.0 28.46721 36.22313 38.83353 12.19277 17.15069 39.9205 12.502 0.03321 11.36965 29.64221 10.10743 26.43693 9.43418 16.34823 44.2692 30.17981 32.1578 33.51003 18.1155 38.62882 34.24112 42.1479 23.46197 9.97216 33.81599 25.41856 10.15548 14.57196 38.97945 37.83027 14.79997 43.07237 14.24393 32.27821 0.0 25.01311 0.0 20.01137 
1000.0 15.88536 38.92212 44.78398 0.0 34.68025 22.36144 11.03129 42.72603 27.13991 14.39342 11.71264 0.0 29.25231 36.47236 14.08855 32.37744 15.79763 34.14689 41.27073 0.0415 19.97309 22.38164 38.56127 36.12396 26.08582 22.97055 21.23991 43.93763 33.54667 23.11359 25.1226 28.12093 28.93331 35.07129 31.6377 18.11826 24.85234 26.28434 45.81128 34.13564 30.64275 11.8386 21.41534 39.3403 10.54105 10.49611 0.0 15.55765 0.0 34.23711 
1000.0 31.57252 24.9749 22.46807 0.0 39.03258 40.2722 30.20557 23.97344 9.18428 22.86501 11.57174 0.0 43.44251 45.12051 23.30258 16.57928 33.86203 13.34784 24.70718 0.03286 34.57713 15.83366 34.10148 20.38699 11.43853 29.19029 34.81914 17.94186 18.46717 45.15241 30.88501 26.53988 43.44959 33.93798 20.70599 23.66314 43.04501 29.3157 29.1318 18.26956 20.34511 33.07321 26.22377 12.95369 24.30494 30.57715 0.0 23.44865 0.0 44.57474 
1000.0 0.0 0.0 0.0 41.58336 0.0 0.0 0.0 0.0 0.0 0.0 0.0 22.66205 0.0 0.0 0.0 0.0 0.0 0.0 0.0 0.0 0.0 0.0 0.0 0.0 0.0 0.0 0.0 0.0 0.0 0.0 0.0 0.0 0.0 0.0 0.0 0.0 0.0 0.0 0.0 0.0 0.0 0.0 0.0 0.0 0.0 0.0 9.97984 0.0 28.38949 0.0 
1000.0 22.48276 16.93672 18.95225 0.0 35.41247 9.66474 29.86361 14.30511 15.58061 12.59008 44.80896 0.0 41.97918 20.8961 43.00065 12.40327 31.02509 30.40962 22.12726 0.01252 25.85025 35.59068 10.98351 15.58567 38.98217 24.64952 23.0736 11.81816 12.0587 16.48879 13.45331 16.14623 27.73656 15.67567 27.21572 10.19134 19.34695 39.88902 24.76418 33.48414 23.85337 23.7863 44.538 26.17213 23.42543 37.28492 0.0 22.88025 0.0 18.61726 
1000.0 0.0 0.0 0.0 32.62807 0.0 0.0 0.0 0.0 0.0 0.0 0.0 14.42177 0.0 0.0 0.0 0.0 0.0 0.0 0.0 0.0 0.0 0.0 0.0 0.0 0.0 0.0 0.0 0.0 0.0 0.0 0.0 0.0 0.0 0.0 0.0 0.0 0.0 0.0 0.0 0.0 0.0 0.0 0.0 0.0 0.0 0.0 10.24214 0.0 9.6169 0.0 
1000.0 33.18657 16.71549 38.12031 0.0 45.11708 32.10171 43.16606 22.35597 41.84847 28.97927 12.38324 0.0 22.14629 30.03507 40.41431 29.86072 18.69423 21.32671 39.90586 0.0416 22.09232 28.68784 29.37914 41.64691 16.60403 16.78432 12.23188 32.17286 40.55048 23.79342 21.25955 45.2127 32.84337 9.98076 36.10264 18.59363 44.46455 25.95457 32.38151 15.66041 14.69765 12.85181 42.39728 19.38362 32.43534 10.29751 0.0 33.11253 0.0 39.01229 
