1000.0 1000.0 1000.0 1000.0 1000.0 1000.0 1000.0 1000.0 1000.0 1000.0 1000.0 1000.0 1000.0 1000.0 1000.0 1000.0 1000.0 1000.0 1000.0 1000.0 1000.0 1000.0 1000.0 1000.0 1000.0 1000.0 1000.0 1000.0 1000.0 1000.0 1000.0 1000.0 1000.0 1000.0 1000.0 1000.0 1000.0 1000.0 1000.0 1000.0 1000.0 1000.0 1000.0 1000.0 1000.0 1000.0 1000.0 1000.0 1000.0 1000.0 1000.0 
1000.0 13.62986 26.39188 40.25869 0.0 22.41735 27.08011 40.01466 26.58907 39.56411 26.25149 40.7595 0.0 21.3002 19.45394 21.31384 16.53528 23.60963 11.80372 12.60228 0.02769 21.33064 23.58863 17.77397 11.30689 26.22041 37.01478 15.98186 31.07062 12.63906 14.99413 16.65461 18.26033 15.13116 10.13707 29.74907 21.2153 16.13592 41.66223 28.52606 35.57659 47.42572 18.46267 34.36588 14.69521 19.03209 41.58595 0.0 46.08914 0.0 22.2643 
1000.0 30.08638 13.23468 12.45725 0.0 20.25141 17.59253 42.40835 31.42394 19.50034 15.05974 46.11501 0.0 31.45224 24.3686 14.45894 32.99757 13.85743 47.20887 46.05872 0.04095 47.09741 41.24495 32.67147 44.63703 32.90347 15.07996 24.31218 22.92206 27.58746 26.64027 27.84929 27.28607 23.21106 44.06185 12.60898 40.58868 24.45248 30.05435 38.92655 10.72915 34.98712 43.54789 38.01129 14.74404 19.0603 24.41053 0.0 29.54916 0.0 13.05683 
1000.0 29.71298 39.87997 29.04091 0.0 46.61189 11.16946 19.02485 12.39248 33.09682 42.67899 18.92698 0.0 35.8194 44.7647 13.54465 24.86718 19.57214 40.40195 31.04739 0.02959 44.89313 21.72037 32.43735 39.32831 37.41841 39.82213 23.29907 36.22 9.877 48.02413 28.34814 47.99614 39.43644 35.33181 20.3915 46.51296 16.10973 15.10536 31.993 44.71208 45.5654 32.26271 37.99176 14.57647 34.36068 12.67876 0.0 19.31493 0.0 23.49646 
1000.0 0.0 0.0 0.0 12.3687 0.0 0.0 0.0 0.0 0.0 0.0 0.0 46.76625 0.0 0.0 0.0 0.0 0.0 0.0 0.0 0.0 0.0 0.0 0.0 0.0 0.0 0.0 0.0 0.0 0.0 0.0 0.0 0.0 0.0 0.0 0.0 0.0 0.0 0.0 0.0 0.0 0.0 0.0 0.0 0.0 0.0 0.0 31.87458 0.0 46.43567 0.0 
1000.0 20.14393 42.72443 41.61551 0.0 23.34161 16.40223 40.94821 46.49589 47.35438 16.50934 37.78371 0.0 24.54747 47.84121 10.41907 17.1438 33.0074 38.7154 32.84368 0.04838 23.42189 23.49039 34.80783 18.97739 26.9825 38.59764 42.47537 44.93567 26.8206 39.0148 11.14065 18.5355 13.72554 20.13946 45.55787 25.06783 41.95517 44.90379 12.72663 36.38881 16.34228 25.45452 14.16435 33.05749 30.70334 34.89181 0.0 35.77439 0.0 41.98698 
1000.0 45.96908 38.77098 10.91323 0.0 16.32668 21.10436 18.76353 42.66065 28.02199 35.58552 11.97118 0.0 13.01019 28.04554 37.42645 35.16531 23.94141 38.81735 20.37445 0.03971 37.72965 45.2211 33.33022 11.36009 19.61218 40.16022 19.23791 28.65671 19.2042 24.94638 19.42861 12.85131 34.23312 37.17952 19.01559 29.56566 36.07164 38.89478 31.49504 13.18927 26.27439 23.98915 46.93897 35.25701 13.28353 26.68945 0.0 34.49792 0.0 28.76259 
1000.0 10.0138 27.98862 44.63224 0.0 11.90545 17.69223 45.71238 36.3943 27.28485 29.84841 29.88609 0.0 40.86841 29.4609 13.44794 20.60842 21.94286 27.56048 41.23489 0.0349 34.99401 17.55334 23.96439 35.63845 38.45792 28.84716 39.97961 22.5993 35.98051 14.04855 22.25448 39.62072 39.18877 18.06463 18.31952 26.60851 22.7257 26.72053 27.24559 39.15011 47.80226 13.35097 9.65436 40.63543 45.10681 10.67961 0.0 11.79017 0.0 42.97758 
1000.0 21.28666 46.16793 35.15512 0.0 17.91745 43.78189 42.56439 44.71196 16.48617 40.58399 10.05501 0.0 42.21949 14.92171 37.84494 19.25067 23.60547 10.25827 34.43052 0.03016 26.34912 12.74058 30.77203 40.57565 36.37792 16.22992 42.35145 37.03191 34.997 16.72982 33.14066 40.37769 26.64292 15.44708 41.99254 14.55999 43.84611 14.45534 38.85016 34.47511 38.18952 40.82779 42.75597 19.13184 10.12244 42.92629 0.0 12.49016 0.0 38.33222 
1000.0 36.36814 34.8157 39.18866 0.0 35.68053 33.96675 20.27088 10.19252 31.29334 24.26482 28.37067 0.0 37.19367 41.13908 41.61354 26.50952 33.71677 25.32092 46.70955 0.03938 23.32405 28.60764 31.27972 12.57347 42.5209 26.86242 10.14881 15.31128 34.14917 10.16419 32.01392 35.49478 19.97787 39.26841 31.13244 35.4402 31.83364 12.79534 33.83899 29.62066 36.04073 39.4765 12.77966 15.26385 26.51083 31.37909 0.0 21.24135 0.0 44.71993 
1000.0 13.24643 38.58819 40.02546 0.0 40.3233 37.60573 14.28609 40.34124 24.38932 10.17182 34.53779 0.0 10.49667 27.6525 15.91227 31.6511 30.48779 15.0304 10.31153 0.03057 46.12164 19.01936 34.3983 38.80908 37.24451 38.25364 15.7103 37.28153 34.9973 30.80005 22.87543 27.51239 16.76416 10.06158 28.5828 46.05469 21.29511 46.30496 35.69834 31.57628 11.9654 27.777 21.75558 26.89185 17.89374 42.22194 0.0 43.05739 0.0 32.89496 
1000.0 16.52528 35.8965 23.74072 0.0 12.57688 28.96561 34.57264 26.71156 29.4434 48.22225 33.71369 0.0 18.29385 46.29878 16.2031 28.70394 34.41491 46.24356 26.46284 0.04037 10.94548 12.93412 23.18571 27.01664 11.95722 46.80529 40.78283 41.73604 28.50989 45.88453 39.52965 19.6022 25.10307 19.99394 38.8023 47.58028 9.99813 17.51428 35.80048 14.01244 33.90354 39.79696 30.2552 18.58313 32.9682 27.60536 0.0 34.48598 0.0 39.52828 
1000.0 0.0 0.0 0.0 29.30576 0.0 0.0 0.0 0.0 0.0 0.0 0.0 16.92436 0.0 0.0 0.0 0.0 0.0 0.0 0.0 0.0 0.0 0.0 0.0 0.0 0.0 0.0 0.0 0.0 0.0 0.0 0.0 0.0 0.0 0.0 0.0 0.0 0.0 0.0 0.0 0.0 0.0 0.0 0.0 0.0 0.0 0.0 16.57829 0.0 34.09525 0.0 
1000.0 28.67359 19.52559 18.58438 0.0 31.7049 40.44796 26.75122 40.70274 36.83149 19.25978 25.01389 0.0 42.35942 43.02479 14.39424 17.87782 18.80206 18.26258 16.28524 0.04069 24.55511 40.43916 45.43598 33.66973 40.27087 28.06749 25.28616 46.45625 39.04192 41.93078 42.83814 17.69486 15.14808 23.91724 36.39241 41.19746 39.20568 33.21013 48.04762 33.07619 44.10951 23.05855 46.08846 29.04465 14.27464 10.15973 0.0 29.76414 0.0 23.43996 
1000.0 13.10472 39.57594 38.06919 0.0 18.37922 39.13603 31.6148 32.60784 40.98802 19.93755 30.74161 0.0 22.05238 46.35462 38.48024 39.24652 35.51935 28.91401 34.72965 0.04422 31.76748 24.92039 19.78212 22.05012 45.17441 28.52956 25.39592 14.86811 35.36598 21.73808 12.0401 42.75199 13.36631 31.90709 16.49302 29.83727 24.96595 32.05489 47.53482 27.78566 20.83271 27.98531 44.09009 25.80634 47.97644 25.02015 0.0 12.21401 0.0 27.97934 
1000.0 15.78413 15.14307 47.88124 0.0 44.55793 21.4996 44.97717 27.91237 22.63934 23.23472 46.55627 0.0 29.32558 32.92625 45.11883 11.53459 34.73434 44.96647 32.45374 0.01861 18.14267 45.22725 17.55347 35.13346 42.23236 35.13246 19.60183 20.87459 10.19115 39.1371 41.30691 36.37896 22.15674 33.69432 42.22084 46.51645 19.60132 31.79441 44.13267 16.05546 23.79671 19.45741 27.83449 42.43637 35.22188 32.83851 0.0 42.76195 0.0 12.22911 
1000.0 43.75447 37.76432 14.31902 0.0 25.03362 13.96521 17.07434 32.41616 32.74916 21.8292 9.96713 0.0 44.66528 46.58493 39.41958 22.4547 21.33485 43.7263 11.06646 0.02841 42.99764 32.5043 43.66948 22.50769 47.24415 18.6572 18.40373 46.38158 12.80914 38.05634 29.43286 29.88659 17.55526 18.82731 33.51889 25.67781 27.91295 45.65111 18.61305 41.20919 46.61959 10.53745 10.7543 23.57785 39.45974 28.48857 0.0 14.39849 0.0 14.79185 
1000.0 11.01392 29.08129 15.68663 0.0 42.57982 42.39374 25.57992 14.34736 39.19135 46.78138 36.0618 0.0 26.80063 32.08986 23.94084 24.8853 15.99308 41.85588 23.78156 0.04312 42.68617 16.14699 25.72347 25.43338 33.90169 35.61121 40.68427 41.76456 40.77374 46.01417 25.42692 45.11991 16.36842 23.66558 12.41364 35.46959 35.36084 32.90796 14.71934 37.31619 31.29833 42.43079 18.52171 16.21228 45.03202 9.66719 0.0 24.83979 0.0 23.92834 
1000.0 47.72147 31.98421 24.91741 0.0 34.17572 31.83907 37.97545 39.25722 46.66471 34.31209 37.44579 0.0 32.76245 14.01514 10.10074 12.68135 21.70532 43.19302 19.22832 0.04057 40.72889 19.13417 42.50328 34.87067 24.77169 37.88041 32.49355 35.35802 28.67351 14.53626 31.5074 34.26368 44.57895 43.31868 13.78094 35.96092 12.83664 37.75359 15.32874 46.47327 17.13914 28.49051 20.14296 25.0279 42.29133 30.46431 0.0 9.87898 0.0 21.40742 
1000.0 45.98187 48.03506 12.31296 0.0 42.30295 42.73046 33.70502 44.3412 23.63214 42.30622 10.03939 0.0 36.2476 38.06355 12.11252 30.28543 38.92383 29.89656 15.64684 0.04445 37.60957 17.08408 34.74639 43.2783 38.51618 34.20733 27.40128 22.74256 20.45751 22.56397 31.49895 44.18634 28.55579 44.01903 41.67683 16.03165 31.51088 31.59727 46.44392 41.64014 19.41972 43.57596 23.48484 26.47604 46.53204 12.46628 0.0 28.05767 0.0 42.31017 
1000.0 0.15479 0.09734 0.14252 0.0 0.1927 0.09216 0.07074 0.09404 0.10953 0.07182 0.18675 0.0 0.11699 0.14671 0.09487 0.18289 0.04183 0.08225 0.07061 10.84422 0.13741 0.09332 0.10501 0.03944 0.13665 0.08876 0.13147 0.09887 0.17161 0.05698 0.17869 0.04477 0.12883 0.05695 0.03932 0.09862 0.09818 0.17389 0.11425 0.05188 0.13866 0.11907 0.16539 0.044 0.17191 0.04783 0.0 0.16936 0.0 0.09595 
1000.0 34.80196 36.034 14.48357 0.0 20.19422 13.37523 37.51825 25.31923 34.57984 43.18536 40.3267 0.0 16.05939 26.02827 40.87614 40.15946 35.33824 18.79306 18.63909 0.03697 39.04133 24.29885 11.18226 32.75888 46.62356 11.77078 9.97956 22.39068 25.01039 45.81842 36.30304 38.29872 36.03974 37.44893 14.84235 27.02489 35.12285 15.84755 41.32762 43.84943 44.58767 28.4822 12.27014 45.34612 26.57437 43.77342 0.0 20.58906 0.0 11.18678 
1000.0 11.74326 25.36913 37.17654 0.0 27.682 40.0099 31.63773 13.59587 25.76934 15.483 39.69857 0.0 15.49175 23.25477 47.06695 37.09571 9.83626 14.8323 17.7636 0.04005 28.01903 10.73663 34.50567 19.82251 18.22207 20.8911 34.83665 41.00212 45.43804 46.58186 45.14919 35.68337 23.4866 10.5604 24.16276 16.22771 35.73151 31.45188 12.31741 27.20999 43.13851 20.83015 40.27135 30.9913 25.64799 25.99616 0.0 19.61639 0.0 37.62234 
1000.0 47.17362 32.54978 44.43286 0.0 12.50169 39.34354 44.46986 40.79282 27.99764 14.07375 25.92926 0.0 47.2577 16.38079 32.41302 39.4251 13.70982 20.41157 47.37924 0.02381 19.48007 17.73641 14.85555 32.1795 29.91432 40.22182 23.55956 20.53163 30.16532 29.15149 14.12015 31.43927 44.32427 47.93284 25.7227 19.77732 38.5757 29.31143 22.04098 48.13438 30.53759 37.11974 20.60835 26.95891 33.70635 29.61367 0.0 24.52415 0.0 13.02839 
1000.0 42.80506 15.85635 19.73806 0.0 20.15361 40.10623 14.82588 26.66894 12.9479 10.54101 44.57034 0.0 28.02407 18.48466 24.45863 34.53761 18.75651 19.73739 40.35092 0.01203 10.98442 46.53201 18.42229 39.5591 26.87057 23.93384 9.77488 12.37484 10.89592 26.44856 10.97632 36.12533 18.19227 44.12963 23.93238 20.43646 47.80358 18.62008 36.29779 16.21565 36.76722 42.4332 41.65913 21.91681 21.49433 29.33357 0.0 26.16798 0.0 36.00654 
1000.0 39.84702 33.3893 16.10854 0.0 45.14924 30.23784 20.90117 32.13019 22.503 26.83398 38.41902 0.0 17.40226 16.37487 32.39593 12.51334 43.60106 12.88739 39.91813 0.04833 18.59095 44.06191 20.02418 34.18928 10.39919 16.9873 46.78178 21.59157 24.4849 33.88704 36.13856 27.18314 13.99578 38.46942 43.09964 27.47195 11.60998 40.39719 44.31665 10.46809 34.49571 30.23367 19.58279 22.4595 40.97408 43.17453 0.0 10.10869 0.0 38.87998 
1000.0 19.74118 22.09859 18.6742 0.0 36.63193 30.63388 27.42877 25.78757 37.16028 26.99417 39.0945 0.0 12.526 20.85729 44.34609 13.78477 39.65892 24.39726 34.34434 0.03325 33.90595 38.39198 17.71235 13.32046 44.94499 38.67746 25.53122 46.46489 34.82983 23.02986 15.04159 43.89054 12.47246 19.79105 29.14653 32.46663 35.54172 31.09147 11.39136 23.94182 40.34888 17.98014 47.54465 9.66136 36.98303 34.38486 0.0 34.06589 0.0 27.86433 
1000.0 40.40463 32.38829 24.70938 0.0 24.28122 13.32587 12.19955 40.29167 27.93171 34.74614 23.84588 0.0 33.95269 34.54077 35.35398 30.16705 19.15296 43.9574 44.84019 0.02786 36.84963 34.8405 43.65251 37.58112 30.95229 37.71551 26.50846 33.67364 27.14252 46.76895 10.81881 47.8008 43.94842 39.07686 37.29246 12.72992 25.02171 16.06878 12.86514 47.81717 13.56724 11.21855 21.02475 13.14396 44.75633 47.23678 0.0 13.99134 0.0 41.42256 
1000.0 43.77618 20.55444 28.79783 0.0 35.57993 12.55284 13.4077 13.69869 42.21435 46.12153 38.28742 0.0 36.21943 20.48835 31.71865 20.73156 17.16097 23.123 46.1597 0.03805 28.75286 30.38299 41.74567 24.08197 40.05236 32.70754 23.13486 10.34058 39.71992 38.09066 35.39285 23.04684 19.55477 17.83265 35.5548 33.15418 19.89973 32.64938 31.99432 43.35224 24.90553 24.60493 33.26142 28.45119 21.70112 47.82778 0.0 33.55704 0.0 47.76871 
1000.0 43.67407 34.19419 46.59934 0.0 26.58053 26.52859 41.60692 19.69963 27.74037 34.83483 35.33932 0.0 11.86446 32.75076 24.81715 42.41565 27.75213 46.8904 11.49355 0.03859 36.7823 34.90249 14.65525 20.95804 40.05818 45.22129 40.47994 33.42791 13.19788 37.28497 38.96609 46.34029 27.9735 27.26702 35.19279 19.79353 10.86787 44.8506 19.28323 13.84548 31.61155 34.83917 17.76108 35.13548 47.99574 23.40193 0.0 32.55763 0.0 16.90495 
1000.0 36.44068 47.64074 44.19145 0.0 30.61059 32.49896 19.09606 42.80055 33.57168 34.46531 44.44739 0.0 45.25114 12.1142 33.55866 12.46219 38.88584 28.48676 29.94872 0.01335 37.55343 46.21328 28.78974 28.25429 45.95507 10.93321 39.66035 11.74417 26.04275 40.47161 12.48571 33.619 34.30392 27.77501 45.90447 26.81716 14.70285 10.33892 28.16301 10.35165 11.61282 33.44973 30.41892 11.06127 16.13291 19.51104 0.0 45.08829 0.0 39.20695 
1000.0 18.09502 47.20417 39.93719 0.0 17.93832 45.42691 27.14211 10.07012 47.41397 22.70156 37.08538 0.0 45.87147 45.241 38.01949 28.5842 45.48814 21.09744 10.30243 0.02451 38.71052 43.87336 13.02992 37.48185 27.01194 28.38495 46.92745 38.09435 29.64859 25.69727 24.60721 9.64886 21.32884 13.89562 39.03773 41.68229 27.61388 12.59108 15.45242 18.51571 30.78813 42.77674 11.71357 14.87483 12.73251 17.88065 0.0 33.23242 0.0 44.22529 
1000.0 41.20048 36.97994 47.8995 0.0 45.99197 31.29624 20.55846 19.25929 17.67686 36.11161 46.10866 0.0 40.58391 11.11081 40.60383 24.61716 22.6231 31.79507 36.91645 0.02158 31.08518 32.30396 23.01441 47.85105 19.81968 12.91925 16.42763 14.50117 16.55144 38.56637 35.47243 39.94284 34.24563 39.42828 46.57217 27.8249 21.02407 16.25601 17.87657 29.55695 34.12595 10.74411 43.16574 40.17259 44.94234 36.90993 0.0 34.74325 0.0 47.42067 
1000.0 18.15174 12.18489 16.43292 0.0 46.79512 27.03372 11.24551 44.11347 27.78779 12.28658 35.26299 0.0 16.50567 22.93267 42.60982 41.01869 19.38378 47.99266 32.79391 0.01169 35.67251 16.03786 32.51967 17.05645 16.05154 26.59803 27.58217 17.66876 46.18647 46.20706 23.20026 37.75972 10.22079 39.41839 22.06336 38.28412 14.01073 25.60327 33.41979 27.68071 31.34303 44.9454 25.48354 33.87233 18.72156 40.57402 0.0 24.38359 0.0 30.39564 
1000.0 37.75451 16.5186 14.03608 0.0 35.02108 35.83291 12.43678 37.97476 46.45068 34.97757 38.74011 0.0 38.77566 36.75101 28.13029 46.92125 40.90882 43.97765 46.90664 0.0191 42.92826 16.56091 37.24093 20.19642 15.08843 22.98323 46.89029 32.59679 35.44643 36.80604 29.24642 44.6321 48.18091 26.4384 18.95295 17.33515 18.19028 34.54347 43.27991 31.69615 16.30091 32.1375 28.82058 14.92717 11.43776 31.71412 0.0 37.67962 0.0 22.74769 
1000.0 45.13076 20.66999 29.25813 0.0 35.67093 17.0234 27.22558 35.96865 38.96394 17.66863 15.05742 0.0 20.04967 36.05839 18.27183 22.41806 33.30664 14.60942 33.99569 0.01084 33.40658 35.73348 31.07658 14.17197 32.90532 45.96173 21.99903 37.6659 14.13319 22.40122 45.4677 18.50022 16.61543 25.633 16.68631 43.73349 36.42593 25.80762 18.57339 20.05961 44.70241 20.39382 37.02265 43.04055 44.4777 42.53881 0.0 18.00993 0.0 11.69422 
1000.0 34.57445 25.86074 35.90816 0.0 26.1072 32.0146 44.22525 45.12958 15.80862 25.89121 34.18563 0.0 33.77519 34.84411 21.98255 25.97787 44.83176 36.37618 19.53697 0.0307 15.64486 21.10149 43.18943 31.88585 38.48021 20.77958 35.5202 12.84368 38.82826 12.45957 10.72567 27.39186 47.78586 12.16945 23.56858 15.4175 44.97523 29.9779 23.59096 19.84528 12.19922 44.39781 10.49623 33.16505 31.5898 47.63672 0.0 11.00456 0.0 37.75545 
1000.0 36.56534 35.90741 36.67754 0.0 41.89555 45.02138 28.73928 35.74065 41.04631 17.22009 47.68968 0.0 17.24458 36.83285 18.39131 27.89164 25.17821 19.84776 30.2915 0.04814 43.36434 19.15353 15.80069 11.83081 30.99572 20.41257 15.75172 31.28662 31.28793 31.06931 19.2175 27.93557 39.19019 15.39579 30.17431 16.72848 32.78891 22.92395 25.54781 23.80434 47.95779 48.15613 25.7495 35.88634 42.25574 17.6164 0.0 12.28601 0.0 27.13439 
1000.0 35.671 41.13855 35.00044 0.0 25.45369 45.72417 46.08603 10.05724 47.57081 14.30985 17.45449 0.0 40.92212 24.84406 40.56986 23.81677 33.14006 21.98251 35.69595 0.02814 26.79443 15.36756 9.76866 24.2892 37.45415 10.60962 24.11614 35.80438 12.89633 40.99921 11.49401 39.37937 25.60796 21.29711 13.8296 29.35752 21.45863 20.80203 42.06212 33.50715 10.47803 29.47935 37.44554 44.54184 31.9414 38.94583 0.0 26.22622 0.0 18.55612 
1000.0 10.13575 35.30491 34.33793 0.0 46.3398 47.92513 37.8118 14.50379 20.31846 28.268 43.56584 0.0 31.11721 46.8334 46.52841 10.78823 9.74198 35.28504 28.99003 0.02361 30.15161 26.92963 23.25301 40.40084 40.71544 40.68755 12.39179 29.07476 20.4014 33.85226 48.14916 40.86664 39.86199 17.3863 26.02933 13.88134 40.90543 41.80159 43.31355 17.79383 26.19758 35.32607 29.04534 18.43866 30.81981 23.02771 0.0 22.83356 0.0 36.29968 
1000.0 21.13406 39.28524 31.82545 0.0 32.06733 12.16302 34.1792 26.64504 20.55953 30.193 36.28313 0.0 31.39029 40.96045 10.05377 44.90932 41.33735 40.24323 21.59997 0.0428 31.05938 12.44751 37.41769 11.59596 16.66402 43.89456 35.57229 39.39798 38.56841 17.46917 28.46805 42.53047 36.66966 44.28756 26.07862 30.11516 12.16827 42.67686 32.19899 27.183 16.27399 10.84885 39.93384 12.92077 25.22286 21.33386 0.0 24.06432 0.0 29.20482 
1000.0 14.24549 25.47981 43.11896 0.0 22.37391 19.44001 18.70246 28.25245 20.41665 19.23199 30.94603 0.0 38.68008 29.43535 39.63188 22.88021 37.19239 16.06289 46.38166 0.03193 23.98434 23.943 38.22768 48.17191 35.22138 26.90667 47.18155 12.26012 12.2843 17.24857 22.26968 24.20154 45.37974 36.4667 24.26471 16.66996 35.23247 36.58587 31.4526 30.39631 42.88708 27.58751 41.3575 44.23848 24.39654 11.98853 0.0 17.19086 0.0 30.69268 
1000.0 35.46215 24.73747 19.57443 0.0 27.38623 43.96317 17.54158 20.9325 18.2746 39.2041 20.04242 0.0 46.97441 46.72624 21.3652 39.03379 38.12306 11.30067 39.91087 0.02063 48.10366 35.32325 35.11227 20.30033 22.54281 18.43675 21.2595 33.22714 24.00863 12.90275 47.83726 34.52611 45.13925 44.8726 15.04432 39.13485 27.13833 39.98849 25.81626 36.1877 19.57653 21.28462 43.98112 16.99269 39.38395 15.50155 0.0 15.5274 0.0 46.88317 
1000.0 10.26535 10.28343 39.19891 0.0 23.09904 48.2164 40.36789 12.22877 37.12842 44.25959 30.18751 0.0 12.12124 40.44052 20.30449 31.21208 11.14726 34.96025 45.53976 0.02766 13.26559 15.40017 30.5398 12.55771 46.06889 20.26438 35.79831 46.47718 27.97895 44.31015 31.26773 13.69621 19.18204 27.18143 24.9548 22.23768 21.66813 13.45276 47.47994 29.79086 19.19268 43.22416 38.46978 43.69568 14.67118 31.43896 0.0 29.20264 0.0 35.35366 
1000.0 15.24032 17.47076 35.69964 0.0 38.65146 22.90345 42.00493 44.54344 48.14951 24.32282 33.97234 0.0 36.70347 37.17919 20.08436 48.1683 40.09806 17.45416 27.19734 0.03321 33.78539 21.4633 13.96978 39.21086 30.12811 27.48706 30.18555 26.34434 43.13578 17.51912 13.83853 13.96284 26.49492 24.09712 20.58352 46.54147 40.7202 19.36393 17.14681 30.1933 38.76469 25.95121 41.55485 15.59954 39.19902 31.30426 0.0 10.45081 0.0 18.94298 
1000.0 37.57154 30.25299 39.92419 0.0 13.16641 23.295 13.52331 36.316 38.00251 24.56103 13.47026 0.0 10.63078 28.46117 39.10048 11.77973 10.90436 27.47699 44.21642 0.04455 27.85491 36.51544 13.29994 39.98399 29.48036 26.08058 17.30316 24.57596 23.45587 30.94473 16.72647 43.07104 11.98992 20.25147 17.48407 10.60342 45.67491 41.52696 11.0591 40.6101 22.89223 25.96581 24.2379 25.76501 37.38637 10.35464 0.0 29.67954 0.0 27.16879 
1000.0 14.45855 12.4056 17.38965 0.0 43.56707 25.18866 44.85676 40.30146 32.95269 30.3718 40.64662 0.0 48.04114 38.95317 40.45373 22.76538 17.66504 23.08704 10.55252 0.03457 15.75358 47.73264 26.37105 13.49094 31.35478 32.96854 23.03039 19.45798 25.04624 16.35232 26.68113 24.14377 28.16099 14.58831 38.98893 20.91305 20.86329 45.44081 14.65784 12.83696 19.95846 15.66164 11.43379 44.87596 11.64657 33.9705 0.0 23.44107 0.0 27.54186 
1000.0 0.0 0.0 0.0 12.49192 0.0 0.0 0.0 0.0 0.0 0.0 0.0 10.19456 0.0 0.0 0.0 0.0 0.0 0.0 0.0 0.0 0.0 0.0 0.0 0.0 0.0 0.0 0.0 0.0 0.0 0.0 0.0 0.0 0.0 0.0 0.0 0.0 0.0 0.0 0.0 0.0 0.0 0.0 0.0 0.0 0.0 0.0 47.58799 0.0 19.74561 0.0 
1000.0 12.10209 30.25645 24.96965 0.0 18.80662 47.40064 26.76735 9.85636 44.71912 31.06975 32.25201 0.0 10.47487 34.42591 25.00212 41.56316 40.04517 34.27062 41.05893 0.02533 31.0966 39.42921 25.56646 37.26609 14.06879 18.08009 29.55092 30.53683 28.46436 16.91982 42.0794 27.69956 41.11858 29.7888 28.75432 27.75876 46.48976 37.51583 19.00354 44.09817 38.93897 33.14198 13.83975 47.3963 41.36427 10.68735 0.0 35.52302 0.0 16.1069 
1000.0 0.0 0.0 0.0 47.30575 0.0 0.0 0.0 0.0 0.0 0.0 0.0 17.15832 0.0 0.0 0.0 0.0 0.0 0.0 0.0 0.0 0.0 0.0 0.0 0.0 0.0 0.0 0.0 0.0 0.0 0.0 0.0 0.0 0.0 0.0 0.0 0.0 0.0 0.0 0.0 0.0 0.0 0.0 0.0 0.0 0.0 0.0 16.97665 0.0 30.42304 0.0 
1000.0 31.3099 35.01237 15.26948 0.0 20.95605 27.84008 26.16481 25.65329 32.56074 12.58772 29.8851 0.0 17.45899 20.67154 23.52722 30.82007 14.3495 18.3392 25.96971 0.0254 39.12518 27.90177 33.83401 47.43398 14.25011 40.9507 22.05104 16.06881 37.2995 17.05003 26.73355 39.4337 34.67836 31.86891 21.0923 35.60898 30.10768 46.36673 23.36361 13.88676 46.26526 20.22636 45.78652 38.41678 16.46676 11.18765 0.0 16.46174 0.0 40.13449 
