1000.0 1000.0 1000.0 1000.0 1000.0 1000.0 1000.0 1000.0 1000.0 1000.0 1000.0 1000.0 1000.0 1000.0 1000.0 1000.0 1000.0 1000.0 1000.0 1000.0 1000.0 1000.0 1000.0 1000.0 1000.0 1000.0 1000.0 1000.0 1000.0 1000.0 1000.0 1000.0 1000.0 1000.0 1000.0 1000.0 1000.0 1000.0 1000.0 1000.0 1000.0 1000.0 1000.0 1000.0 1000.0 1000.0 1000.0 1000.0 1000.0 1000.0 1000.0 
1000.0 24.95914 9.46309 27.53316 0.0 31.6932 25.14134 37.1084 20.09613 20.79894 13.89339 11.29402 0.0 17.90548 23.09793 17.77868 33.28766 33.45467 12.02434 26.66897 0.03616 12.64442 14.43169 22.66495 26.74842 27.81361 35.48475 18.9307 17.86922 10.62038 34.41469 27.0081 18.64328 15.96991 11.7257 34.83649 13.15477 33.2611 18.49546 24.81376 39.15258 30.25542 15.18947 31.66758 8.8425 29.00217 36.29181 0.0 38.96476 0.0 13.38667 
1000.0 36.2881 29.92827 11.43808 0.0 24.12634 25.66276 35.47545 29.00603 35.59867 18.55441 23.26663 0.0 33.22662 21.17352 10.65202 10.09196 28.28918 20.54599 33.04633 0.02409 14.65814 16.64623 38.53401 8.13338 23.31227 16.41291 13.85426 17.53835 29.73274 33.62284 17.56181 19.34146 36.20225 35.47604 35.86751 35.26942 38.24042 20.29205 29.47862 36.64992 36.08989 12.48526 38.00503 31.51432 15.23779 25.58372 0.0 34.03723 0.0 10.6398 
1000.0 25.54633 35.00941 17.47548 0.0 11.33218 11.33442 18.03711 35.98247 32.4636 28.54232 11.13116 0.0 7.9955 15.76446 8.49823 22.37341 33.35436 38.22903 16.03262 0.04301 30.67744 12.41275 25.3276 28.19431 24.94079 22.10903 7.97857 15.51101 14.90329 31.16137 26.21632 27.53028 29.34421 32.11113 30.77663 28.43714 10.42618 13.55507 39.37871 14.79296 19.38093 23.19039 37.73478 19.83412 18.43214 14.9806 0.0 21.18437 0.0 30.59734 
1000.0 0.0 0.0 0.0 18.67194 0.0 0.0 0.0 0.0 0.0 0.0 0.0 37.48101 0.0 0.0 0.0 0.0 0.0 0.0 0.0 0.0 0.0 0.0 0.0 0.0 0.0 0.0 0.0 0.0 0.0 0.0 0.0 0.0 0.0 0.0 0.0 0.0 0.0 0.0 0.0 0.0 0.0 0.0 0.0 0.0 0.0 0.0 38.78371 0.0 13.84614 0.0 
1000.0 20.9402 15.71366 29.79655 0.0 33.27096 29.11246 22.49244 20.31958 15.43111 28.00578 33.6182 0.0 16.44224 21.82913 24.97081 31.06513 38.70488 34.83331 31.28386 0.01354 32.08341 18.25493 29.86256 30.40767 24.30087 22.16997 19.10523 25.72652 15.62318 24.85469 34.8851 21.43798 32.24569 17.16669 30.21186 19.94884 21.07577 32.11216 31.01703 19.67525 17.46371 28.0381 10.79648 11.56213 35.61315 23.79489 0.0 24.83107 0.0 30.61169 
1000.0 15.16379 31.60884 10.11671 0.0 26.30644 15.80246 12.87709 32.09055 8.09113 10.05495 32.41863 0.0 24.79251 22.21845 20.75899 23.91619 20.40933 27.50483 37.24135 0.02066 30.85597 35.62326 29.3026 12.56274 22.60934 29.31859 30.77716 9.87705 21.71802 35.22197 8.32225 15.12305 31.01085 9.09054 35.65336 33.71111 26.95649 11.72026 13.03173 14.33665 20.372 39.55297 12.64949 32.3982 18.84653 39.08679 0.0 34.61001 0.0 39.62265 
1000.0 36.20555 23.07857 22.04536 0.0 23.08714 38.29049 26.7348 21.54775 33.15398 36.45232 34.22476 0.0 25.98655 29.92812 17.23298 29.46902 18.10385 13.04065 19.90273 0.02258 19.90617 29.80302 13.67767 22.17858 32.14299 9.18951 32.29905 9.44044 34.64136 14.46989 21.22726 16.19 21.88012 24.09242 14.78913 21.91499 13.67296 22.9859 14.91905 10.95581 35.13502 26.10538 36.79752 32.81836 21.55048 28.41717 0.0 22.87123 0.0 17.54112 
1000.0 22.55553 20.62583 19.06818 0.0 31.43507 32.23901 14.06729 17.42719 39.37553 36.1568 11.90694 0.0 18.62967 11.44817 9.0483 8.77147 35.47401 38.01279 24.84796 0.01994 10.93148 16.54072 31.36473 8.26196 21.62038 28.79872 25.57734 15.25733 31.27464 34.97062 30.96536 10.25925 18.46031 19.11632 35.89865 8.61687 19.91892 20.90082 19.88011 27.40353 26.31799 12.94934 38.12724 23.06224 34.89365 15.46927 0.0 27.19622 0.0 35.73965 
1000.0 26.51999 9.67198 18.32327 0.0 30.35261 31.42955 23.25096 24.09812 11.08744 20.72486 14.57447 0.0 33.96346 17.29572 26.57303 17.18523 9.13 11.78523 15.53684 0.04454 27.5362 36.08481 17.78131 9.3665 13.74109 19.20535 39.21366 39.15333 39.36894 23.9126 10.17258 15.28434 33.88588 35.04338 25.46069 34.228 25.46704 28.86777 8.33407 32.60106 32.93567 38.24847 24.27872 37.45226 18.64111 30.66641 0.0 20.72422 0.0 26.46097 
1000.0 8.85402 8.87273 37.29479 0.0 36.58403 12.22637 37.93296 32.36192 18.69956 34.64314 24.47482 0.0 24.56857 31.06948 29.52918 37.91888 30.12022 14.76379 11.1895 0.02001 20.49108 24.00076 22.96546 37.05122 35.26917 28.40415 19.31915 33.66372 31.43787 35.17767 15.10004 29.38164 28.22742 13.52273 26.00987 22.05702 20.41428 25.88708 35.0021 20.98016 38.40698 12.43451 14.28166 8.00362 36.83733 16.2881 0.0 33.27695 0.0 8.12926 
1000.0 27.76738 15.4685 32.26505 0.0 23.60089 38.61576 23.44208 26.56147 14.47751 24.64267 24.60436 0.0 31.02323 32.93313 10.80659 33.04061 33.96204 25.9549 10.73359 0.01748 29.69175 12.87105 27.80848 14.93295 17.83887 13.64983 10.18086 30.94854 13.78633 24.21767 9.28778 12.49073 10.19138 11.36553 27.24729 27.32859 29.63373 25.08666 25.57578 13.06175 18.38899 18.56493 34.99895 27.80781 19.27522 28.84467 0.0 10.07984 0.0 20.60218 
1000.0 0.0 0.0 0.0 30.44373 0.0 0.0 0.0 0.0 0.0 0.0 0.0 13.86764 0.0 0.0 0.0 0.0 0.0 0.0 0.0 0.0 0.0 0.0 0.0 0.0 0.0 0.0 0.0 0.0 0.0 0.0 0.0 0.0 0.0 0.0 0.0 0.0 0.0 0.0 0.0 0.0 0.0 0.0 0.0 0.0 0.0 0.0 17.32169 0.0 18.15417 0.0 
1000.0 12.4827 11.33792 28.5091 0.0 30.17594 34.73308 25.16745 22.2256 29.55251 26.57934 15.88858 0.0 23.98518 24.97789 35.36428 39.7237 37.87801 27.16944 39.4488 0.0286 37.66314 28.49882 33.81025 32.86427 35.3448 11.71104 29.5469 27.5733 22.7099 10.72243 30.51104 22.76221 10.25024 10.54101 34.91987 30.59552 37.88019 8.24155 26.6493 38.4903 16.45842 37.93234 27.24764 36.70258 12.97681 15.32057 0.0 11.09197 0.0 22.91768 
1000.0 19.40141 15.34118 22.4274 0.0 26.34846 39.49956 31.00587 36.2708 30.21677 13.40103 26.14313 0.0 32.93608 34.8395 28.96601 24.88631 31.75016 32.47881 34.14366 0.03762 14.0374 9.38717 30.24582 20.75222 11.19229 32.26742 29.20942 18.40777 9.60019 36.58751 13.8601 39.09815 32.37678 38.81039 23.69834 12.49642 30.04105 34.43714 31.16343 17.61432 11.58715 14.00587 36.83717 33.01307 11.97604 18.24268 0.0 37.57135 0.0 20.9139 
1000.0 12.84673 27.05825 33.9471 0.0 13.34057 16.45379 39.60853 33.91102 39.38245 10.46981 25.83185 0.0 21.95637 23.72296 13.47765 23.38637 8.15078 20.9077 20.39278 0.01446 21.95703 14.50714 31.85372 34.32104 11.93811 21.80497 27.07778 17.36762 26.77569 31.43168 20.04063 38.15505 23.55466 21.69263 36.23399 29.26063 21.1275 8.52273 9.28247 16.0445 27.49948 32.81625 25.90342 34.32773 11.23994 17.99172 0.0 33.0779 0.0 14.36649 
1000.0 22.09301 34.17235 37.78966 0.0 21.16448 33.52022 17.93075 22.96858 18.12597 39.53582 16.9129 0.0 32.24989 8.98979 19.60094 36.63188 23.0753 22.96445 38.88968 0.00966 26.30508 22.23016 32.59781 34.9352 37.76918 29.1623 31.14971 39.68461 38.42202 15.47506 13.50281 14.40381 21.29294 32.30072 15.66166 28.48406 22.88518 31.79176 17.1225 10.51202 33.36639 36.93608 23.05657 15.22676 19.2561 37.70708 0.0 9.50178 0.0 10.04903 
1000.0 11.17213 27.32365 9.89873 0.0 29.50171 25.9574 24.65621 9.5675 22.24653 26.01471 24.59539 0.0 27.78423 36.07897 36.45258 17.45441 17.2915 35.31243 12.39108 0.03186 10.56166 16.58641 34.35149 13.28238 23.59145 22.97698 23.02221 35.02858 20.45726 19.99174 19.78429 21.02888 14.80789 29.70369 35.20211 20.1717 38.63795 31.923 32.70604 21.52907 23.31352 9.29307 34.3712 17.49608 26.89341 35.94861 0.0 33.02778 0.0 30.80482 
1000.0 14.4229 26.23111 23.86232 0.0 21.42103 36.10077 8.37944 11.94663 22.7783 33.63948 14.48157 0.0 35.06864 14.90701 8.46531 28.75935 9.25351 8.91806 35.77909 0.03247 17.01758 9.6119 31.57869 32.60344 29.92485 27.92367 16.71767 31.4102 33.25697 18.53011 22.86991 26.21573 14.98417 28.04611 37.96903 20.60538 34.25748 13.07257 27.22631 37.89991 33.54948 17.60576 29.80897 15.36131 31.96051 27.96045 0.0 32.29005 0.0 26.99591 
1000.0 15.43217 20.07548 13.32715 0.0 14.00455 28.94367 32.0131 39.13726 15.77671 36.06377 37.71339 0.0 15.52495 22.47859 38.10006 38.60479 29.27915 39.21605 9.36272 0.03904 21.11079 9.40903 12.54593 30.30009 8.48797 35.36441 17.34342 14.03455 25.36935 11.56834 25.98735 34.15206 32.64639 11.47186 27.79716 28.7441 16.15345 35.8055 24.36414 18.59114 33.44299 39.17541 27.32331 33.0089 33.38139 34.28819 0.0 10.04581 0.0 29.32071 
1000.0 0.11101 0.10616 0.05318 0.0 0.13325 0.09997 0.11296 0.09848 0.13522 0.10343 0.14431 0.0 0.15302 0.10224 0.16784 0.08711 0.13613 0.11667 0.10051 25.7369 0.04688 0.07372 0.03592 0.17646 0.08614 0.16604 0.14866 0.16681 0.03862 0.07869 0.06984 0.06503 0.04863 0.14136 0.13646 0.13316 0.17497 0.08173 0.11717 0.14746 0.15232 0.14952 0.08355 0.12541 0.05555 0.07022 0.0 0.09721 0.0 0.17292 
1000.0 28.64668 22.14604 27.82635 0.0 38.32547 39.66392 35.50833 14.23837 18.82672 14.46479 36.80258 0.0 9.57832 8.40625 13.83631 39.64628 33.27459 22.44876 16.75925 0.00893 16.71626 24.63145 25.03164 32.32815 26.04075 26.12292 35.18631 11.90939 18.54142 10.92998 32.76663 19.50977 20.84109 29.61195 8.27313 25.54473 13.88305 10.63028 39.63423 11.73181 36.41967 17.22779 14.52346 18.98692 8.28417 13.20685 0.0 36.05018 0.0 25.97077 
1000.0 20.65168 28.24201 37.86814 0.0 17.8082 9.26674 35.90029 15.25292 19.47939 21.79016 23.95576 0.0 17.66473 19.19325 35.67205 32.14483 33.05394 18.31946 26.89536 0.02203 16.18469 35.89375 16.87938 34.8201 25.31237 30.17099 32.90409 9.10551 23.65873 38.28763 33.71955 20.45555 18.93196 15.39854 8.27934 34.21567 14.68908 19.7154 29.35753 24.09953 13.45874 17.66458 18.62442 10.59016 19.11177 13.1176 0.0 19.97398 0.0 7.97257 
1000.0 9.60261 19.01112 34.55501 0.0 25.84932 16.3026 25.49792 10.1309 30.94344 13.46366 29.05069 0.0 25.11253 8.29769 33.27993 9.26996 31.29681 22.06471 19.73249 0.02479 29.698 21.82353 30.69214 27.69774 29.43662 35.80307 32.80094 13.74993 17.20376 37.55825 10.44461 28.66596 23.69949 14.27137 34.03443 20.51969 39.59577 15.22787 25.09287 12.00516 26.25519 30.8655 26.05813 21.21883 22.34284 15.17629 0.0 30.83535 0.0 33.24898 
1000.0 17.28448 25.99243 37.25395 0.0 38.93373 36.74594 39.39824 36.41264 14.13621 8.35373 19.42893 0.0 16.59626 20.48936 36.02526 33.77466 35.60322 25.81605 14.58714 0.04088 18.98884 19.65776 19.76361 38.84907 24.61622 22.86824 24.00187 24.36849 35.64484 8.51905 28.74119 12.11447 26.65129 27.7874 21.07784 30.74404 14.03139 28.64031 22.23321 10.89497 29.85196 20.88905 13.08798 27.54081 16.19693 37.78158 0.0 39.13387 0.0 29.07306 
1000.0 36.94706 33.95414 38.35326 0.0 15.87019 32.61188 21.87327 32.81926 12.04911 26.8703 33.66045 0.0 36.39709 26.57858 31.49362 27.90685 19.37473 15.05066 24.17593 0.01156 21.55687 35.21187 21.77888 29.55734 21.52447 28.43846 23.33248 9.13153 21.77246 10.85799 17.0327 33.80568 22.79944 8.08319 11.12784 14.27493 34.70652 15.37504 8.16119 8.77862 12.96549 10.77502 23.15096 29.3401 13.91511 36.05894 0.0 37.63462 0.0 38.52004 
1000.0 12.80889 34.59603 12.11221 0.0 17.47125 19.9847 39.05445 39.474 25.60545 36.57898 36.45946 0.0 30.76497 28.283 30.13077 35.58553 29.43521 21.63459 38.53403 0.02728 37.43636 12.74584 37.01546 28.67355 37.32672 38.67512 28.04917 15.99249 39.5209 13.16146 21.90584 18.61872 33.55131 23.57501 37.05762 24.02589 16.82919 37.56699 30.89558 25.29549 31.35217 14.08681 31.23108 29.30592 14.07532 11.39566 0.0 21.29756 0.0 21.28054 
1000.0 30.20261 9.98999 10.23778 0.0 26.20844 23.89682 39.13696 37.68121 16.4968 8.49026 14.96183 0.0 19.51668 33.33185 28.25435 25.84985 37.3924 10.09874 37.00935 0.01492 31.91859 26.33327 38.22461 15.66558 10.50873 19.09113 35.39604 18.67058 15.59762 21.69647 39.74527 37.30085 20.91995 27.03619 36.95212 33.99322 26.45062 31.74437 37.57977 29.26685 20.55302 9.64255 23.51197 30.24796 19.56872 17.64244 0.0 32.53682 0.0 32.18973 
1000.0 23.46236 31.66388 32.53128 0.0 22.04256 32.29164 39.58074 28.70562 9.44147 12.78514 19.17527 0.0 15.04024 25.90231 19.17416 14.73607 29.47054 15.03586 32.35141 0.02372 34.25779 38.89555 30.48449 37.57488 27.29618 13.95273 12.15372 25.898 34.55969 20.31791 39.67897 17.94362 31.87357 24.44582 17.46073 14.85022 31.62512 35.34527 17.31028 25.87903 38.72903 19.75602 24.68194 25.73063 28.9122 36.81996 0.0 8.75168 0.0 24.97855 
1000.0 26.40004 33.28575 37.38351 0.0 17.67115 9.93577 11.17398 30.96643 10.98964 32.92038 15.97667 0.0 34.7645 21.59622 18.35874 31.38411 18.56807 21.7272 38.63926 0.00938 13.51947 8.003 12.19069 32.43971 28.89081 31.29583 28.27562 27.48215 12.12686 8.78919 31.78271 32.22884 23.01071 35.49064 18.79977 29.63325 30.62901 18.00772 23.26027 24.23166 34.4584 39.45257 32.40854 29.15227 39.55876 13.22237 0.0 35.86872 0.0 28.0998 
1000.0 39.35527 23.90883 38.3748 0.0 15.19442 38.1912 36.17522 37.03832 25.06939 36.33204 13.54306 0.0 11.80212 36.76759 37.71518 32.01542 25.97931 26.42745 9.88406 0.04277 36.86169 22.50251 36.95138 36.73586 17.16922 17.42445 37.6178 19.31469 31.1349 10.05259 20.56543 13.86098 18.11564 12.23851 31.13698 11.40245 8.03786 13.60408 21.78139 32.32325 24.54227 12.36921 33.95733 22.5976 17.23196 30.6105 0.0 29.66668 0.0 8.66402 
1000.0 39.45381 32.79393 16.00231 0.0 15.22791 16.3085 18.79936 22.81297 28.28249 14.55537 35.02704 0.0 23.79787 33.67907 22.93006 26.452 21.33968 32.28665 35.56383 0.02779 18.53525 27.81773 19.05726 10.7265 33.0695 36.2849 24.77252 39.03682 34.00181 30.41059 37.00613 28.31083 21.03504 14.96812 26.6297 21.21658 34.99905 34.04892 37.24094 21.33694 17.92951 17.91281 17.15736 16.54886 32.03118 9.59165 0.0 19.28533 0.0 9.33201 
1000.0 34.29817 16.4156 9.73296 0.0 19.23688 12.80319 30.9633 11.22752 34.24329 10.09523 30.31997 0.0 25.97318 39.06227 10.83439 34.39688 23.4764 18.31881 17.22503 0.0141 9.88197 21.50824 35.30319 16.92711 34.49824 10.7415 13.36171 20.56118 38.29055 9.62886 20.21763 28.26877 17.76609 12.30068 29.25143 10.79439 34.7795 32.16281 34.42871 16.22151 12.10967 39.26628 20.05216 35.48441 32.4967 36.95879 0.0 25.64692 0.0 8.59836 
1000.0 18.41185 34.84475 13.34067 0.0 11.47014 14.29142 25.79376 8.01497 15.01487 35.79025 30.29362 0.0 38.80516 26.95618 29.86101 24.23873 11.94159 13.03638 8.59125 0.02792 26.63653 19.3854 15.84035 27.9206 36.33455 38.79333 27.63488 23.88528 27.84107 32.36542 12.25157 32.89506 21.00639 15.28231 21.75414 9.92781 12.73975 28.38328 16.17276 26.91968 15.95175 28.10045 18.57141 33.78143 20.55705 34.87941 0.0 35.93329 0.0 28.13546 
1000.0 30.72362 21.29098 29.70162 0.0 29.36958 29.84895 18.26109 14.22341 34.87925 21.03043 32.70418 0.0 37.9188 39.37338 23.78568 26.41701 16.48036 23.54455 37.83549 0.01792 34.58091 24.77029 28.87858 30.90222 23.80906 14.59684 29.85315 19.93027 11.65292 12.47568 26.7621 31.30703 38.54199 23.49277 18.27781 8.9623 33.07247 13.46245 34.27221 35.79729 21.5466 27.79785 15.15674 8.34245 9.04626 34.7963 0.0 24.97084 0.0 16.82035 
1000.0 22.19309 30.11263 31.0562 0.0 9.37826 35.74881 35.81487 38.97683 29.18979 19.71277 14.93894 0.0 33.41397 34.17166 24.10595 33.86052 27.76114 36.41726 18.75751 0.01425 9.14851 30.37527 15.71328 33.91516 31.64635 13.77019 11.01545 10.19288 34.44947 15.73249 33.40722 38.44723 21.55369 34.72228 32.3991 31.0433 38.2385 25.95799 37.25413 9.62195 30.94571 10.94553 31.31716 14.49057 34.95954 31.84644 0.0 20.00346 0.0 30.32416 
1000.0 11.92301 39.07843 28.05106 0.0 39.03685 38.34904 24.78801 22.76744 13.64114 14.78701 20.06251 0.0 25.08925 23.47827 38.22412 24.45699 29.52907 13.66478 17.76236 0.04444 33.30645 21.19751 38.31856 21.38812 17.32924 10.24907 28.61945 31.25465 36.34812 11.36529 27.46942 32.35881 16.91316 25.35148 24.25046 31.25117 14.92718 34.81388 12.62507 17.09403 9.34918 17.66195 11.86602 9.98906 28.02347 25.71038 0.0 39.59877 0.0 29.6596 
1000.0 25.95436 24.58922 16.2959 0.0 17.44155 19.36449 36.85524 14.91202 37.99886 24.56641 18.09794 0.0 14.99016 18.12409 16.0456 31.12413 29.40076 23.32384 19.83788 0.02938 21.21928 31.02301 16.72627 23.0503 17.17366 26.13749 31.36482 36.91487 33.84411 28.08236 10.86032 20.42651 23.74843 23.94672 26.76484 15.63596 17.41481 8.10163 15.37454 39.5212 17.35153 14.11974 26.75898 10.11373 34.24108 11.22904 0.0 31.1156 0.0 9.4243 
1000.0 24.14877 10.935 10.08468 0.0 27.48677 21.49125 11.19924 32.77514 35.33278 33.27141 16.85259 0.0 28.6503 31.85782 36.20226 26.85676 33.53086 32.7954 13.2636 0.03226 30.80582 30.85176 21.01453 20.77306 27.63033 13.27478 14.03985 25.11915 31.45314 34.27851 18.56565 18.79719 23.68329 31.97222 18.6599 20.64527 21.66641 20.20534 24.43599 24.80989 21.37522 37.20589 13.83394 27.85187 30.85665 19.46896 0.0 17.60867 0.0 14.865 
1000.0 35.80205 15.80447 29.22963 0.0 25.79243 15.17669 7.9654 32.51459 25.14493 8.68211 26.91193 0.0 25.52314 22.60245 37.52979 38.11697 20.55639 20.06789 30.2512 0.02933 25.59934 35.84413 24.51367 12.42785 22.32761 26.80548 9.61431 34.83542 23.12363 32.43301 31.90683 34.70885 31.00291 37.49129 30.46567 25.10155 31.27667 22.13285 38.31698 15.03049 15.95274 11.71034 21.41805 15.81028 37.04247 31.40405 0.0 16.98794 0.0 10.3904 
1000.0 20.02507 15.18668 8.18033 0.0 21.30262 24.11387 19.85889 24.00433 25.11217 33.57487 21.74118 0.0 16.54536 26.97804 37.16666 20.6519 15.41876 20.95937 22.13119 0.04408 16.08614 38.18214 14.8084 10.93199 22.349 13.19161 31.17354 24.07017 25.18787 38.16946 29.49124 16.42721 15.27066 20.2278 12.31542 38.00748 9.92387 38.54946 10.25392 29.95113 15.6521 22.97279 15.54069 9.73251 26.21147 10.71574 0.0 38.78319 0.0 21.31687 
1000.0 26.60776 10.52118 13.20533 0.0 37.11345 30.20503 31.64829 31.14109 32.48139 11.44475 33.62647 0.0 33.00928 31.72715 32.97699 20.87546 22.4058 29.92035 24.57941 0.02109 37.79274 29.28119 22.59392 24.10493 10.32352 27.80877 33.13395 27.57294 8.92308 31.49184 24.35757 18.18904 15.03743 22.50692 21.70361 18.27792 21.22955 38.45058 21.80984 28.48438 37.86931 14.90173 18.73272 39.09024 35.64408 22.90822 0.0 15.9116 0.0 10.55366 
1000.0 13.36546 31.63337 31.67859 0.0 28.06354 39.70171 30.55081 30.70386 38.35393 30.20343 19.36363 0.0 8.60732 19.08613 28.60541 24.46388 12.61231 11.06203 16.59966 0.03122 18.24126 12.89307 19.19682 16.49479 8.02736 17.3631 9.78346 38.96373 13.56666 14.13847 8.84117 18.25017 21.32354 10.6666 16.93061 32.49521 39.36649 10.05898 8.45899 26.46535 30.26676 32.49621 29.12282 39.1579 7.99038 37.04227 0.0 8.07549 0.0 29.72431 
1000.0 33.39528 27.43632 33.88226 0.0 15.57811 17.12885 13.35829 17.1542 33.25623 30.45562 15.95147 0.0 19.16478 31.35498 14.98564 19.3448 9.17091 15.91428 15.14817 0.01033 8.41558 26.60882 17.77071 32.35115 37.07281 16.72002 33.32753 9.92477 29.67884 12.64849 29.70486 14.31943 37.8179 38.74786 9.26895 25.05988 28.54879 39.41145 13.58426 24.86746 18.05143 17.26644 34.30405 9.67019 22.62765 13.41159 0.0 10.84629 0.0 18.42829 
1000.0 38.59555 34.17287 11.12633 0.0 8.54816 23.63423 11.69525 23.77143 18.87321 14.66716 16.80066 0.0 15.05948 15.35179 18.63771 22.17414 29.03821 35.74015 14.98859 0.00911 13.27832 15.59339 23.5289 17.73882 12.05957 20.26409 12.83651 8.53218 39.12462 34.7494 16.53772 19.3666 29.79759 26.24889 39.36323 15.13847 20.94847 15.01734 13.17178 16.2159 9.5055 19.89086 9.64961 10.78008 12.69006 30.19843 0.0 21.59804 0.0 23.92461 
1000.0 8.19747 18.32491 17.19166 0.0 10.26978 8.859 20.04548 27.21756 20.89503 31.55527 29.65969 0.0 12.79722 37.8461 32.10348 27.18909 31.34739 26.84183 39.41259 0.03395 18.48416 35.12808 25.52901 38.4813 28.43566 17.11166 39.76101 8.64684 38.38355 32.52562 33.08151 27.83768 23.27811 23.03479 15.56616 33.4235 32.41212 27.08829 29.86049 25.20335 26.17438 31.09385 11.58126 16.90689 12.57262 37.71088 0.0 33.76212 0.0 23.71838 
1000.0 20.6519 28.40508 25.35576 0.0 37.72123 26.18475 33.42443 36.87119 24.05955 15.86164 19.63265 0.0 38.78836 15.52401 24.07595 34.43299 38.92269 19.99723 11.83424 0.01781 37.79657 29.06155 31.88631 22.91643 20.67805 24.93293 29.4422 14.16559 10.40192 26.22397 9.15478 24.54077 11.7915 35.08911 20.85623 28.60875 31.578 14.83438 16.72104 31.60189 24.03551 16.49216 37.88311 31.88302 21.98554 20.42743 0.0 33.8182 0.0 34.81922 
1000.0 0.0 0.0 0.0 27.41275 0.0 0.0 0.0 0.0 0.0 0.0 0.0 8.47313 0.0 0.0 0.0 0.0 0.0 0.0 0.0 0.0 0.0 0.0 0.0 0.0 0.0 0.0 0.0 0.0 0.0 0.0 0.0 0.0 0.0 0.0 0.0 0.0 0.0 0.0 0.0 0.0 0.0 0.0 0.0 0.0 0.0 0.0 16.93523 0.0 25.87637 0.0 
1000.0 7.96434 32.25015 12.58433 0.0 31.9651 16.23186 10.29895 22.60819 34.25952 21.12826 23.38867 0.0 15.84862 8.93704 37.41969 13.72866 19.88643 16.99928 15.47376 0.03121 32.37028 24.44045 14.23654 27.63092 11.61567 28.88202 24.90445 33.78383 25.74398 11.56491 13.04836 22.55578 24.88294 33.49877 24.5058 37.0491 14.61655 12.21751 12.1825 8.04909 12.50272 25.93987 17.99231 39.57219 23.01181 33.02655 0.0 29.98342 0.0 37.0204 
1000.0 0.0 0.0 0.0 38.05246 0.0 0.0 0.0 0.0 0.0 0.0 0.0 12.16996 0.0 0.0 0.0 0.0 0.0 0.0 0.0 0.0 0.0 0.0 0.0 0.0 0.0 0.0 0.0 0.0 0.0 0.0 0.0 0.0 0.0 0.0 0.0 0.0 0.0 0.0 0.0 0.0 0.0 0.0 0.0 0.0 0.0 0.0 8.37939 0.0 16.53328 0.0 
1000.0 13.6556 21.88372 30.83541 0.0 30.21487 13.9372 13.53095 15.46275 36.98369 31.24207 24.79455 0.0 35.37283 30.30186 11.36622 14.44425 18.38462 10.62442 16.44534 0.02643 37.6551 26.94185 14.25865 35.81672 33.8235 12.08252 21.64835 24.4951 17.09226 12.57707 31.96865 32.94171 34.88038 33.75611 26.52756 18.01294 9.80564 24.72359 30.49386 37.87939 30.65859 14.93875 23.02708 29.05672 35.78499 36.11358 0.0 8.29143 0.0 22.80576 
