1000.0 1000.0 1000.0 1000.0 1000.0 1000.0 1000.0 1000.0 1000.0 1000.0 1000.0 1000.0 1000.0 1000.0 1000.0 1000.0 1000.0 1000.0 1000.0 1000.0 1000.0 1000.0 1000.0 1000.0 1000.0 1000.0 1000.0 1000.0 1000.0 1000.0 1000.0 1000.0 1000.0 1000.0 1000.0 1000.0 1000.0 1000.0 1000.0 1000.0 1000.0 1000.0 1000.0 1000.0 1000.0 1000.0 1000.0 1000.0 1000.0 1000.0 1000.0 
1000.0 36.48231 30.19767 32.23661 0.0 35.36715 30.54932 18.03718 35.87648 14.98689 23.21897 18.92519 0.0 32.78424 27.52326 11.85619 29.21063 26.65695 17.03299 34.19429 0.03277 14.08098 19.23826 22.27779 26.03273 7.66627 15.32505 15.00809 16.77453 19.63264 34.92285 25.08682 28.58432 28.31358 22.18387 34.04594 14.31196 18.85284 29.74902 7.98947 32.27957 13.37676 21.76717 23.20093 16.21235 35.07963 7.91086 0.0 8.94525 0.0 8.64895 
1000.0 29.83823 10.08682 9.62213 0.0 20.66541 21.11524 35.11226 36.09799 10.98442 17.79189 28.39068 0.0 24.96694 17.84039 29.77628 37.11959 12.61467 36.0275 32.11911 0.01704 7.71416 20.03996 30.94647 23.65095 35.31302 23.87302 30.38298 32.5143 31.16993 8.21344 9.26799 30.81349 27.71789 26.52261 8.4862 12.87511 21.53472 29.90545 17.55283 17.21958 35.84416 35.15606 15.49542 19.99987 33.19259 23.32767 0.0 25.11709 0.0 25.21687 
1000.0 17.73321 23.92532 29.67727 0.0 29.73628 24.68907 7.8068 29.18408 8.57865 13.74889 14.76266 0.0 18.30115 10.02686 27.77164 12.16801 14.86498 10.10739 23.52521 0.01998 33.16355 20.11138 8.25 9.8898 20.01119 11.66795 10.04446 12.70438 31.4616 9.06336 34.2314 22.72794 12.52421 26.90294 23.13276 17.76454 10.6926 18.4626 17.73314 22.16068 31.96651 28.59307 36.24172 21.55653 37.02425 27.34468 0.0 13.66482 0.0 33.49164 
1000.0 0.0 0.0 0.0 36.14659 0.0 0.0 0.0 0.0 0.0 0.0 0.0 30.63716 0.0 0.0 0.0 0.0 0.0 0.0 0.0 0.0 0.0 0.0 0.0 0.0 0.0 0.0 0.0 0.0 0.0 0.0 0.0 0.0 0.0 0.0 0.0 0.0 0.0 0.0 0.0 0.0 0.0 0.0 0.0 0.0 0.0 0.0 12.74048 0.0 12.08375 0.0 
1000.0 32.40525 12.93069 31.47527 0.0 33.47665 29.77067 9.64891 15.94266 17.90723 29.74873 9.61695 0.0 24.54424 26.19415 8.72265 20.15352 17.13284 37.22564 13.87661 0.03594 26.88122 31.42137 38.18281 10.89737 29.17778 32.28903 14.20808 33.17908 32.14995 23.56456 22.76145 27.79059 32.21929 26.49717 16.63512 27.1485 21.46248 21.56795 27.01503 7.71271 14.67341 23.35747 17.52332 27.25108 27.52176 29.02238 0.0 17.08106 0.0 13.43225 
1000.0 34.19304 33.1835 8.54766 0.0 21.16014 15.69697 18.64486 30.16517 17.30917 23.60715 9.02951 0.0 15.387 37.69501 14.32215 14.53692 17.21834 12.40818 8.25806 0.02155 24.60253 36.95591 15.62859 10.55426 22.71501 26.50086 8.41138 20.07739 27.17619 37.11874 19.7412 23.24081 13.56986 19.90454 31.25025 10.6075 24.00549 33.29735 29.45834 21.0225 25.03012 37.88627 30.05422 9.2246 29.76566 35.45332 0.0 38.06497 0.0 19.19115 
1000.0 23.2047 8.74097 27.60666 0.0 17.82551 29.82546 25.92261 18.83623 12.78217 33.87301 24.41169 0.0 23.30713 34.91173 26.14653 33.23772 24.13887 12.79211 13.51953 0.02982 25.61381 23.33684 17.73729 15.15662 35.76306 13.06656 7.71538 31.18098 22.4582 8.47447 16.10637 18.49559 35.45832 25.67949 8.60042 19.82112 16.63013 22.08183 35.97851 16.04909 20.72341 19.11714 18.17181 18.9796 24.59487 26.47331 0.0 8.77687 0.0 24.51437 
1000.0 29.21685 26.39337 32.92913 0.0 22.72517 35.05822 22.78441 33.92507 27.99035 23.74006 22.57902 0.0 35.17189 26.60015 22.74089 9.88068 9.89904 15.11856 35.08383 0.02602 16.10045 26.77009 28.93928 34.02437 11.35246 30.82766 8.49963 35.96671 8.00945 18.91588 25.49195 31.72126 9.93787 13.07538 33.79969 26.69227 24.07537 17.11554 10.3126 20.20485 15.8428 31.86441 21.36028 18.03592 13.82648 13.75825 0.0 14.43227 0.0 37.61109 
1000.0 32.52172 37.83108 29.28394 0.0 11.06274 24.32467 23.85952 34.20452 30.16933 36.07079 37.49474 0.0 28.92885 9.78506 21.32909 22.24691 20.47793 37.71758 18.22616 0.02119 23.45212 21.87675 12.99423 17.31525 36.22843 24.07401 23.05941 28.47191 24.51877 29.09549 29.32604 20.3577 19.38235 14.20643 28.05229 26.72296 23.43797 35.69001 21.71142 23.47322 16.37604 26.631 31.57529 20.63768 30.88334 38.21273 0.0 11.86026 0.0 37.48891 
1000.0 12.19192 13.61273 31.06827 0.0 28.11503 14.8616 12.57862 35.09251 14.25256 21.23054 9.0326 0.0 37.30381 27.15625 29.35092 27.21282 14.68602 16.37194 9.21132 0.02732 22.89113 9.18032 20.65334 10.86165 27.58959 30.70582 11.41679 13.42321 11.82695 27.02565 30.39463 8.38046 33.93289 18.03937 19.96129 20.24392 25.30486 21.88252 11.15889 9.2606 32.66178 30.12249 16.25192 12.43812 35.49614 33.03553 0.0 31.68966 0.0 10.43534 
1000.0 25.20316 13.79683 28.42372 0.0 15.38921 23.15701 33.02409 32.66933 25.06279 27.72675 32.7562 0.0 21.84414 21.06611 15.37061 10.88462 23.6067 14.79519 29.08445 0.03583 26.21898 36.07457 10.72493 25.94725 21.87369 26.1723 32.08076 36.15908 27.19804 34.80132 34.23348 30.82171 28.8398 16.9449 36.44866 34.62884 13.66186 34.805 33.39747 7.6797 12.14747 22.91233 22.11656 18.71978 11.97642 12.35212 0.0 25.50433 0.0 25.31162 
1000.0 0.0 0.0 0.0 25.11856 0.0 0.0 0.0 0.0 0.0 0.0 0.0 12.57572 0.0 0.0 0.0 0.0 0.0 0.0 0.0 0.0 0.0 0.0 0.0 0.0 0.0 0.0 0.0 0.0 0.0 0.0 0.0 0.0 0.0 0.0 0.0 0.0 0.0 0.0 0.0 0.0 0.0 0.0 0.0 0.0 0.0 0.0 27.84148 0.0 20.77024 0.0 
1000.0 18.51437 13.20397 11.39219 0.0 8.76372 22.06646 37.54758 28.21212 28.85423 9.42104 13.85358 0.0 31.39238 28.77267 26.70042 37.1372 23.79055 18.62512 31.80355 0.01459 7.9599 14.90754 34.82711 24.03665 20.99338 12.23828 24.3979 30.20403 20.45806 35.90846 29.67896 27.59456 37.97978 19.01941 8.83914 25.54871 28.90147 16.65334 26.06924 11.72992 17.31069 16.67176 20.54319 19.99004 11.68867 25.93044 0.0 11.10609 0.0 20.48947 
1000.0 38.14387 16.00602 16.45469 0.0 21.651 37.28961 23.95808 25.15914 15.84546 27.07068 20.34076 0.0 30.935 30.91372 16.84563 19.53584 7.81 21.56196 27.55243 0.03783 17.83768 33.38603 8.27987 14.05762 14.78142 21.32442 25.1047 37.26039 14.61368 30.01556 10.67706 35.82621 23.25761 18.57277 10.01056 29.93777 25.92199 9.78935 21.59844 35.37368 7.7643 14.06213 25.92675 25.49036 25.19006 24.29119 0.0 31.66309 0.0 11.56059 
1000.0 21.86754 36.02094 24.66169 0.0 19.05151 14.73143 15.79589 9.76547 23.2537 18.41568 10.0433 0.0 23.08144 20.41824 29.09224 21.42363 34.68641 12.01763 34.86845 0.03547 25.63917 31.49639 25.79917 29.07396 8.13709 26.27714 30.26983 14.02495 8.41797 29.1523 20.13497 36.37919 23.66138 14.75958 37.98647 33.82622 22.05022 19.31006 37.36484 37.03864 14.66658 17.27199 23.12292 18.35459 16.15523 11.82061 0.0 9.7751 0.0 25.90906 
1000.0 17.32185 10.28882 23.93449 0.0 26.67487 30.53299 27.40933 34.92803 36.41749 29.8063 32.43217 0.0 17.86566 17.99272 34.97765 14.05281 29.69718 10.34426 13.15672 0.01813 8.86686 34.98932 22.41918 28.23238 22.60682 36.43922 30.60492 32.61532 15.01486 12.56552 24.14071 15.8007 37.69606 28.63936 10.66876 13.28906 35.13395 20.50183 8.70053 30.1737 16.54877 31.96242 7.98411 20.39425 18.52215 12.27462 0.0 14.02129 0.0 15.5967 
1000.0 8.91378 36.98205 33.03745 0.0 15.73922 32.26173 25.13953 26.35808 12.51915 34.54954 9.5649 0.0 14.44408 32.04255 31.68722 35.75393 20.02505 7.6838 35.46168 0.02361 36.8673 30.39674 11.99244 18.31015 23.90253 27.36419 18.89126 12.21631 9.71714 13.80912 18.33872 9.93133 30.96489 24.51733 33.71157 36.58518 13.83779 9.20414 10.01392 24.31525 25.11928 27.29001 28.31015 16.84058 8.07914 9.81348 0.0 17.22782 0.0 11.73421 
1000.0 17.76802 12.16115 12.62821 0.0 36.26356 19.16135 23.65864 35.78504 34.48323 8.65729 20.38933 0.0 31.70195 27.21011 30.51396 21.76902 12.0526 29.66083 20.31626 0.03187 18.29703 34.76782 9.61713 15.5454 15.73499 27.6574 30.31024 19.47829 25.38231 8.03283 35.39815 33.43308 22.86284 8.76515 33.9981 12.38624 12.79967 15.32347 31.87409 30.52335 20.373 20.66547 31.67517 9.34177 18.89621 15.38087 0.0 26.30383 0.0 24.50431 
1000.0 35.16724 20.58042 14.34077 0.0 21.14335 23.45137 35.68337 35.70389 14.45194 25.39299 17.15083 0.0 23.94264 34.01705 24.8356 35.22298 34.63163 11.57919 14.74695 0.04244 17.56749 23.10344 8.70122 12.87162 28.57066 13.818 17.41391 20.97688 30.05076 19.36039 16.23275 31.11468 30.14509 35.73889 32.82579 10.53623 15.47839 12.60084 24.37152 8.76276 8.3113 11.18148 14.93271 7.99677 12.03734 8.53351 0.0 16.94211 0.0 14.48165 
1000.0 0.07688 0.15818 0.0365 0.0 0.16156 0.05878 0.15706 0.07149 0.14591 0.17006 0.17153 0.0 0.03509 0.15274 0.11604 0.08415 0.03854 0.05744 0.06773 16.27805 0.04943 0.0794 0.05294 0.16759 0.06196 0.07522 0.05408 0.0498 0.12831 0.13361 0.08635 0.06052 0.16678 0.10166 0.04987 0.16458 0.1617 0.09854 0.16622 0.09844 0.17401 0.0401 0.09743 0.07602 0.17032 0.13113 0.0 0.06916 0.0 0.03765 
1000.0 28.13168 33.1479 15.80857 0.0 8.82714 7.86722 16.35218 32.60929 32.98378 13.99994 34.55977 0.0 8.84768 36.36239 33.56213 16.45691 18.80005 24.79592 22.51977 0.02885 28.36069 36.02837 30.55341 27.09739 15.35953 19.37854 35.34379 35.37762 9.87052 22.2921 36.07 17.41681 32.2917 14.06999 21.65506 15.92168 37.28 31.06263 32.94323 20.27542 30.22721 16.18461 35.77334 34.19942 12.66867 21.00817 0.0 35.67984 0.0 34.31532 
1000.0 19.90074 11.45292 31.99128 0.0 19.18015 17.90043 19.73725 22.55417 21.48667 26.83118 7.999 0.0 14.78453 19.45083 27.59632 21.47732 27.31171 37.0139 27.22664 0.02658 19.24284 24.70264 18.05645 21.51454 11.66759 24.51273 37.07508 11.67329 24.55721 26.09062 16.15719 14.85648 17.45542 18.17091 35.17738 11.43597 7.90454 10.75115 10.4038 15.52142 35.21506 19.37308 20.01713 30.42369 24.66009 9.93581 0.0 24.84426 0.0 23.13836 
1000.0 12.53333 22.80019 15.00324 0.0 9.75517 18.53349 8.81958 28.95056 15.94682 35.26541 28.52586 0.0 16.42739 26.5833 27.02655 26.46686 36.89325 29.2004 34.93204 0.03919 29.96943 21.44807 37.51684 37.09969 23.05321 31.63762 19.86546 17.6137 26.55068 12.3483 24.65812 31.91386 18.90368 34.94402 14.16215 36.69898 13.23316 11.37453 21.91813 34.18432 25.84732 12.60287 25.19192 8.16819 9.16343 9.22686 0.0 13.085 0.0 25.81141 
1000.0 20.75472 34.89307 36.46887 0.0 34.79281 22.23983 34.17612 9.7366 29.80973 29.71459 34.53412 0.0 30.22085 10.30768 33.24397 15.89156 37.71234 36.7341 24.80482 0.02315 13.53506 29.61679 7.85914 31.71451 18.24016 20.68289 22.79777 29.36268 37.86533 31.09957 8.22042 10.57963 11.96337 27.82141 18.91331 34.78402 8.98012 13.80243 10.26244 8.24906 12.66397 24.84139 11.9261 24.45316 26.68782 28.48584 0.0 23.81136 0.0 28.60278 
1000.0 28.56818 17.00999 28.19234 0.0 32.21237 22.12692 17.88264 33.1956 11.0586 37.42688 12.28153 0.0 37.3954 36.75316 38.00109 7.85521 25.89272 21.92961 37.82365 0.03615 17.02199 34.50439 37.49487 28.06362 16.64703 33.81097 16.9952 35.61376 8.20698 28.2225 9.69867 15.07516 18.32626 14.80313 35.07432 11.28041 8.96951 19.78679 24.83124 8.25089 33.88069 29.06843 16.45977 10.28644 25.88065 32.62255 0.0 32.61097 0.0 14.25578 
1000.0 29.67307 30.22278 28.65853 0.0 22.80266 17.93638 9.60067 32.50492 27.12343 11.685 25.89035 0.0 11.84548 17.94075 19.93439 25.67105 37.75074 10.16234 27.58156 0.01979 28.84085 37.92958 20.46611 21.75138 23.53786 29.71045 22.42009 9.18915 13.4058 24.87016 35.16203 18.48371 11.77583 16.97692 14.52757 26.09621 24.81112 25.13973 24.28435 9.85673 25.77729 8.59431 27.18388 22.70896 26.1633 32.99051 0.0 16.2552 0.0 36.66467 
1000.0 29.20551 34.55039 29.50234 0.0 23.35817 20.74386 28.5028 18.23333 13.93659 16.98154 16.41909 0.0 14.83934 13.98554 29.29162 22.54698 36.06706 14.55117 34.9764 0.04026 33.58278 34.51238 33.01571 9.6544 21.92126 35.33804 20.58579 10.77653 34.18345 32.38758 17.11669 16.69833 23.01974 25.05804 17.79492 10.96761 33.18606 14.97913 16.39271 35.69589 23.72732 19.55783 36.15727 31.04464 36.59781 28.88475 0.0 9.64913 0.0 26.73029 
1000.0 21.97886 37.06342 7.94027 0.0 12.20285 19.17795 8.80253 21.06978 18.34587 36.0326 30.74959 0.0 25.85942 28.14375 36.76949 26.60604 29.2697 10.31924 27.90426 0.0308 29.59527 10.38962 20.55609 34.20038 20.30503 22.31222 10.9888 38.05983 24.25974 24.01026 25.46806 26.73769 18.47506 14.55002 18.76863 16.32272 33.54627 29.60389 26.10643 13.84421 33.55203 13.84043 24.26848 22.48563 10.00309 36.79274 0.0 26.10256 0.0 33.89518 
1000.0 12.41514 36.83054 11.08185 0.0 27.62431 29.56872 9.56384 35.95395 18.38009 37.70413 17.49517 0.0 29.00533 30.51776 23.66482 36.50378 25.38392 22.22822 35.59074 0.0319 34.68145 37.52548 27.7128 17.06925 25.68928 10.14735 31.5037 29.07393 13.45877 8.90949 33.04138 35.60844 17.52425 30.07006 37.97316 26.02379 27.27062 33.19668 14.57785 37.10795 34.05543 30.20321 21.71484 12.966 20.68516 8.03381 0.0 19.99814 0.0 20.61455 
1000.0 16.30803 27.70046 29.18415 0.0 36.45043 10.99979 17.03995 30.77594 19.8975 36.16402 19.6246 0.0 11.80516 15.64098 34.74084 21.50761 28.35673 20.59456 37.03699 0.03491 18.42195 17.72889 26.70934 22.09303 30.64074 22.63788 20.16953 28.61837 35.00994 8.38386 12.54389 8.40846 22.7745 9.02517 37.66747 19.20438 15.49316 23.33476 29.33784 33.76142 26.06673 17.13528 37.38294 12.40315 14.64219 37.33391 0.0 35.22441 0.0 27.06095 
1000.0 11.33969 34.71467 18.40422 0.0 30.99214 23.47844 25.56636 21.49824 21.32724 23.41086 27.09134 0.0 32.81169 21.38144 11.41534 29.64503 20.04156 26.4519 17.7823 0.00909 22.06353 9.2059 15.31758 24.10764 27.96002 12.817 27.86093 13.47543 24.21292 18.19949 27.31115 9.8201 29.21045 9.05396 28.35202 12.20557 7.81732 24.60257 23.03587 31.27605 20.1499 17.7856 32.41072 32.05687 10.71937 29.62341 0.0 31.27569 0.0 31.75431 
1000.0 14.05923 10.15547 31.60376 0.0 33.8184 25.68711 31.83095 29.29567 18.38908 19.27771 24.02304 0.0 19.80676 35.06225 21.94632 17.44255 26.53477 30.3991 21.27415 0.02135 25.03389 27.32583 18.86828 23.65576 24.35501 9.50632 28.11646 22.80403 20.2502 8.47103 21.196 22.35854 34.91514 34.59968 34.98323 22.32049 15.69726 23.61123 12.40099 15.64183 21.3549 25.69848 20.36712 11.36762 25.1053 22.57134 0.0 10.29351 0.0 33.17354 
1000.0 10.648 10.6011 20.21285 0.0 13.20007 29.0857 25.78354 18.61722 20.57204 23.46189 19.8238 0.0 27.48794 10.78445 36.56871 14.91874 12.45975 26.55128 8.10036 0.02669 36.71515 16.56776 13.6808 26.45029 20.30223 21.39941 38.19619 37.43958 12.98989 9.06155 34.44892 32.87125 33.09331 22.76986 33.72465 26.5776 22.94845 10.05977 19.39441 17.358 13.99712 9.04178 24.77977 8.76265 14.75534 17.67938 0.0 20.59707 0.0 7.85186 
1000.0 35.0489 12.08055 15.42047 0.0 9.75168 19.90778 34.41081 25.69122 20.57024 19.37696 25.28247 0.0 8.95591 28.21837 24.76164 34.19664 38.12301 33.00085 7.6917 0.01069 19.33353 24.50025 26.12687 9.15198 24.65782 22.77884 35.4984 35.2912 14.07054 9.28187 15.23269 36.66517 16.99805 15.79752 13.15531 30.80405 28.02289 19.73362 21.60272 10.4925 14.20924 35.58306 22.32145 28.26173 30.71686 29.38602 0.0 8.43904 0.0 30.88035 
1000.0 30.00982 26.68965 28.67391 0.0 26.42391 29.88883 10.06078 10.52834 10.89844 31.74831 10.85943 0.0 36.59156 17.4705 35.58926 19.80704 32.99263 23.45074 25.38416 0.01673 29.94846 18.01947 22.69979 13.3059 30.49769 23.45081 24.877 10.74542 29.94586 35.25606 28.63563 34.4926 17.9228 33.38745 31.86569 21.58901 30.63164 11.66199 27.90918 11.14396 33.28064 29.51286 26.46464 24.51463 27.62678 14.91873 0.0 17.3981 0.0 17.6892 
1000.0 8.40486 27.66003 30.33758 0.0 22.07916 29.20955 16.18756 33.3788 16.50261 25.17119 23.36484 0.0 23.92046 18.75329 19.2728 9.07729 22.3143 20.24045 26.82961 0.01622 26.3605 24.92363 36.28076 18.34593 18.07469 8.30845 19.40567 24.01369 20.55864 26.68959 33.69004 13.86873 29.30792 11.46591 7.83097 12.63175 17.40206 11.76516 22.9961 18.89341 32.19445 29.17942 16.07806 19.83329 37.5664 37.091 0.0 32.66543 0.0 8.61405 
1000.0 18.85574 29.90816 34.07502 0.0 34.0005 35.36305 25.6976 12.46714 12.99976 17.01694 28.67365 0.0 22.90095 9.80429 32.30609 20.77587 36.91961 14.48992 12.17815 0.02706 26.45069 32.4847 19.03701 34.93017 12.28891 19.29492 13.00795 11.72919 25.86277 24.26489 28.3655 37.95625 13.76956 21.67269 22.50029 33.22238 37.24577 29.5447 20.80966 18.12098 18.68332 34.14467 26.78425 33.51393 25.0071 21.64166 0.0 32.03415 0.0 32.34268 
1000.0 8.86692 31.0689 19.57611 0.0 11.95305 20.81238 8.60056 29.31063 35.90207 22.0749 13.88433 0.0 12.17485 18.24055 26.78833 29.95084 33.02674 23.6632 25.40022 0.01523 21.04622 17.86325 18.19095 32.02816 19.69194 21.28547 18.2902 20.53933 22.81281 14.48073 16.62889 24.96857 9.45232 18.72789 15.34618 27.08262 16.19574 21.03567 25.90012 34.11076 24.31763 25.30925 15.731 30.09445 25.54118 14.02746 0.0 29.19826 0.0 14.4095 
1000.0 16.07973 9.58643 17.72993 0.0 37.22623 34.11148 18.46835 36.58157 10.81691 33.90532 17.37497 0.0 29.08347 27.71334 14.51078 17.28194 19.98457 26.64588 36.42773 0.04345 33.83029 17.00314 33.71754 29.05793 8.26612 15.77305 19.95101 23.19764 32.48187 13.4863 31.40327 27.46359 31.64809 8.84222 19.46709 16.87681 8.40349 34.36478 11.64548 34.001 25.84461 9.83805 15.11057 19.70856 24.41583 37.01761 0.0 8.08745 0.0 10.40085 
1000.0 17.6702 26.78854 17.65752 0.0 12.06476 34.97259 25.50958 9.14117 16.64802 10.16441 33.72868 0.0 17.89128 8.39377 30.34905 13.73024 20.60286 31.78749 33.03696 0.02291 25.16318 26.46857 22.65954 10.67984 21.38887 19.31055 37.23059 23.34729 24.75269 8.71957 16.83807 9.73526 32.68313 22.73465 20.99009 35.45651 25.53523 21.07236 22.5158 33.80602 11.26968 30.84971 34.77365 11.39287 34.15537 19.53593 0.0 19.7451 0.0 37.61772 
1000.0 22.54343 23.33043 25.47803 0.0 27.30682 33.28758 34.00393 31.16163 9.13453 21.58578 27.71767 0.0 15.96015 16.37239 20.04021 13.63937 32.46054 20.00161 11.64901 0.03544 36.91613 23.10174 37.48007 28.14291 12.68164 37.08907 29.02111 26.88241 30.5258 24.56577 24.7685 19.42951 17.36748 17.17502 8.29432 31.53117 26.40735 29.18355 10.80394 38.20163 11.92027 24.98357 34.31739 26.72875 9.3445 10.72028 0.0 36.30298 0.0 28.51033 
1000.0 34.99327 36.2777 37.25885 0.0 33.71984 13.83625 28.46679 36.93069 15.8279 32.1011 22.30836 0.0 14.80569 8.23854 12.41902 23.76152 23.72103 26.78102 17.9008 0.02704 12.49419 30.87884 26.627 25.13238 22.47128 37.81879 15.8658 29.10178 11.42036 15.87528 17.73563 31.36349 29.59329 10.74797 12.6163 11.4293 9.32728 31.48883 20.79532 38.04379 18.42936 12.24404 31.31855 33.21555 32.93717 26.16028 0.0 26.02415 0.0 24.83303 
1000.0 21.67925 12.62666 31.52158 0.0 18.41022 24.64638 30.03152 14.04643 24.57687 17.41372 14.23871 0.0 35.18074 11.89716 11.87172 25.20177 38.22488 23.65014 19.04752 0.04106 15.41508 22.84672 11.53852 8.82615 15.0524 22.05739 37.14689 32.08351 35.37187 7.94239 34.0187 15.93336 20.18572 19.72124 31.27862 21.16652 29.68518 11.65112 24.36598 10.85698 14.61905 38.1253 29.87477 36.52511 21.75664 35.59952 0.0 17.32956 0.0 15.50616 
1000.0 30.64883 18.14488 8.25118 0.0 35.75077 38.00596 17.09885 10.18313 35.69135 31.29178 28.08465 0.0 38.02588 28.51627 21.90086 26.25886 33.76015 31.10501 20.87475 0.02164 37.38377 34.49625 16.54875 35.13615 30.4166 25.31568 24.66006 19.93814 21.66129 25.92165 11.25756 26.95594 18.98411 13.97683 30.09939 37.46512 30.79009 14.70082 32.78116 14.3256 20.18869 29.12493 22.58002 16.8908 32.62989 16.62696 0.0 8.51665 0.0 9.66333 
1000.0 21.82403 28.62454 26.04482 0.0 29.50336 21.20017 29.83469 11.43888 18.78793 36.21904 26.33491 0.0 34.5137 38.21068 35.9644 15.81159 29.15589 20.81914 29.36307 0.01225 26.92657 17.03281 24.01361 20.34801 31.74676 26.06711 19.99629 34.93007 25.00579 23.43626 10.47325 37.73255 27.51912 9.26298 7.70107 9.68565 25.16208 31.81609 10.20745 24.27155 14.27379 23.24605 8.0109 16.15191 31.05096 26.03487 0.0 30.01429 0.0 14.60878 
1000.0 37.1075 20.91327 34.30724 0.0 30.12997 19.07484 31.92627 15.1935 21.40183 11.07342 25.46686 0.0 35.71707 22.9588 22.74749 14.91253 13.58851 19.84141 37.49451 0.04017 30.47395 8.24644 17.68635 22.23315 9.7644 16.1761 19.1518 13.29068 16.91285 8.75902 22.728 16.70347 32.07748 32.69182 36.89627 28.07502 8.76936 26.67534 15.07074 22.88152 37.05618 30.8099 35.23408 30.07234 19.86688 21.16739 0.0 34.23215 0.0 31.92563 
1000.0 0.0 0.0 0.0 7.90272 0.0 0.0 0.0 0.0 0.0 0.0 0.0 34.26378 0.0 0.0 0.0 0.0 0.0 0.0 0.0 0.0 0.0 0.0 0.0 0.0 0.0 0.0 0.0 0.0 0.0 0.0 0.0 0.0 0.0 0.0 0.0 0.0 0.0 0.0 0.0 0.0 0.0 0.0 0.0 0.0 0.0 0.0 36.59538 0.0 26.08445 0.0 
1000.0 36.20141 9.1022 22.53106 0.0 28.06834 34.07055 28.56025 10.77885 27.7484 35.09332 24.81177 0.0 35.51546 35.5416 14.56697 14.41368 13.47938 14.36087 36.11341 0.02282 20.71207 12.9915 11.9355 11.64913 13.28863 7.93095 24.22279 21.45404 32.91146 32.72623 30.61534 31.64427 27.75954 12.1228 17.93043 24.06566 13.98956 37.88683 35.45344 14.69558 15.82085 32.12706 14.55507 38.01437 13.24365 23.75742 0.0 29.52755 0.0 8.81922 
1000.0 0.0 0.0 0.0 21.74282 0.0 0.0 0.0 0.0 0.0 0.0 0.0 22.29984 0.0 0.0 0.0 0.0 0.0 0.0 0.0 0.0 0.0 0.0 0.0 0.0 0.0 0.0 0.0 0.0 0.0 0.0 0.0 0.0 0.0 0.0 0.0 0.0 0.0 0.0 0.0 0.0 0.0 0.0 0.0 0.0 0.0 0.0 22.08075 0.0 7.97936 0.0 
1000.0 11.94783 32.53224 18.60093 0.0 32.2763 32.31214 24.69792 28.77091 10.06191 23.61753 20.85747 0.0 29.07141 12.32219 26.51436 17.82376 11.68577 16.46477 16.6919 0.01003 29.49579 22.43959 12.54698 11.92663 22.89268 28.71856 16.53909 29.27217 12.25648 12.27646 35.68976 22.72752 12.19281 27.33042 29.85907 24.43197 19.19002 26.13036 31.40019 35.56314 15.65547 11.66434 17.93106 14.75053 9.99973 10.16617 0.0 11.34333 0.0 23.86018 
