1000.0 1000.0 1000.0 1000.0 1000.0 1000.0 1000.0 1000.0 1000.0 1000.0 1000.0 1000.0 1000.0 1000.0 1000.0 1000.0 1000.0 1000.0 1000.0 1000.0 1000.0 1000.0 1000.0 1000.0 1000.0 1000.0 1000.0 1000.0 1000.0 1000.0 1000.0 1000.0 1000.0 1000.0 1000.0 1000.0 1000.0 1000.0 1000.0 1000.0 1000.0 1000.0 1000.0 1000.0 1000.0 1000.0 1000.0 1000.0 1000.0 1000.0 1000.0 
1000.0 34.98802 36.26333 30.63534 0.0 17.42064 22.86273 38.0313 10.3856 27.09514 9.75968 21.88195 0.0 30.57891 28.54774 29.87983 39.90333 31.62102 16.56506 29.78375 0.0377 12.02077 39.35649 44.2678 31.85533 19.02835 16.61558 29.33871 28.87277 44.42412 35.24786 21.91586 22.51005 31.22443 41.93217 25.63616 10.84487 19.91292 36.7364 29.19783 27.11952 14.76134 39.60072 31.59641 24.05424 26.49367 44.35017 0.0 37.84361 0.0 33.53046 
1000.0 32.63804 34.72662 32.78222 0.0 28.79526 29.03535 21.2963 41.55929 16.89087 22.78758 33.84965 0.0 24.82281 10.68129 44.26414 11.99609 25.88058 22.71739 42.37313 0.02641 26.75242 13.59245 35.46423 41.53012 38.1155 42.86036 28.89148 31.37984 9.81661 22.43311 35.5232 25.34476 11.63684 33.80274 34.82225 17.58675 26.78834 21.65221 27.1367 33.29428 27.26961 41.74195 29.31821 18.85263 29.9496 35.02222 0.0 41.48162 0.0 30.75703 
1000.0 24.96709 11.85518 19.83507 0.0 42.5436 14.2386 33.4941 23.78166 44.07544 40.43185 11.03172 0.0 12.32135 43.51119 44.21318 31.51075 29.73434 32.95811 34.86669 0.03479 34.66133 39.38093 22.29064 32.83119 14.46437 36.67648 14.82778 40.16811 37.51426 14.56511 9.58066 26.25714 22.84597 12.16249 37.38333 25.27252 39.62 13.67555 34.34168 19.6357 12.6121 38.04768 36.57979 32.29427 32.74198 37.73046 0.0 11.75542 0.0 41.48211 
1000.0 0.0 0.0 0.0 42.25415 0.0 0.0 0.0 0.0 0.0 0.0 0.0 23.96392 0.0 0.0 0.0 0.0 0.0 0.0 0.0 0.0 0.0 0.0 0.0 0.0 0.0 0.0 0.0 0.0 0.0 0.0 0.0 0.0 0.0 0.0 0.0 0.0 0.0 0.0 0.0 0.0 0.0 0.0 0.0 0.0 0.0 0.0 42.10564 0.0 24.44306 0.0 
1000.0 43.2255 42.14002 23.21538 0.0 42.45034 31.57204 9.01981 14.07302 35.05914 21.18863 37.62526 0.0 30.34545 42.3678 14.95217 12.68607 39.43452 18.70232 25.8548 0.04283 43.5972 17.69222 12.66725 30.79085 20.98925 39.14715 33.39102 38.41221 36.01422 28.67538 11.66111 20.39074 13.82224 30.71965 42.07086 44.37861 41.34291 11.73634 37.5304 25.18757 42.10409 13.41477 36.2085 36.83288 37.00034 44.26093 0.0 43.58091 0.0 22.65193 
1000.0 39.85323 36.84106 26.12872 0.0 19.41928 44.12339 27.32233 42.88033 41.93366 32.92655 18.13798 0.0 43.07474 30.34347 42.51331 11.08954 22.38664 9.69312 18.05034 0.03312 14.87927 39.25573 11.7151 37.0051 18.64936 43.37666 41.40837 41.03406 41.28273 35.98842 30.45906 10.53542 18.90233 31.90792 18.99144 37.52026 11.69647 25.60545 30.97362 21.91865 25.56056 43.08844 35.24354 17.5241 20.45238 25.14847 0.0 23.25094 0.0 21.10869 
1000.0 42.57328 15.46924 16.35681 0.0 23.72644 42.24096 37.64095 11.98658 34.2297 24.19654 40.68413 0.0 39.46422 35.64746 35.4703 29.04074 27.66647 33.11381 42.87682 0.03323 17.95066 40.16745 23.70733 22.38782 23.47394 24.10925 42.09281 40.61471 44.22079 10.81307 24.11141 19.53512 29.11953 37.86191 25.58873 32.56795 19.12083 36.96912 22.3242 31.90929 29.22669 36.28773 37.17309 36.49662 21.84813 10.47058 0.0 20.48931 0.0 42.18465 
1000.0 39.6825 21.0458 29.87836 0.0 43.71243 35.29115 14.86502 30.71889 13.36963 40.89227 39.4674 0.0 44.05817 14.94604 10.96982 15.63076 36.01526 32.30641 21.80079 0.04129 29.27372 16.73818 10.82595 16.79882 12.88534 34.58781 13.2899 20.95834 39.12471 14.87968 43.50397 32.0682 42.45583 17.49257 35.50354 21.2837 11.62935 28.7887 37.85006 34.81549 44.33594 35.42058 11.24307 36.46199 38.76323 30.69763 0.0 27.1588 0.0 28.3059 
1000.0 20.33309 24.81235 10.81231 0.0 43.29025 17.26265 37.49453 11.12636 12.56368 25.39881 29.08446 0.0 15.12812 31.4793 38.47858 15.70642 15.02574 24.33856 14.85691 0.03965 20.39984 12.25615 9.82603 26.96213 13.5688 27.28449 12.46736 26.86352 21.96079 30.15051 17.34698 40.76504 39.03318 24.93138 26.99052 44.24227 32.59591 43.10039 26.44363 21.04038 15.48056 29.19715 41.47058 27.34089 28.1414 42.79136 0.0 39.35323 0.0 17.94221 
1000.0 27.01116 27.58035 27.9665 0.0 10.86578 20.56003 35.60189 33.24837 18.89035 18.6856 20.02402 0.0 32.66507 9.58555 37.25738 20.74995 19.69598 24.25648 15.84637 0.02455 14.52148 13.74616 38.38257 18.57332 26.76244 28.71024 23.47859 26.48188 12.36647 13.69697 24.46848 36.42607 39.90572 18.22977 42.81352 16.80373 17.70395 18.74877 17.63846 16.07949 36.25957 10.60714 27.44034 9.05316 35.21778 22.08251 0.0 13.04105 0.0 26.71581 
1000.0 36.47415 40.94676 26.56697 0.0 42.09167 18.92919 13.48714 29.8512 16.92701 36.25407 38.70111 0.0 14.31964 41.72919 11.7515 24.8353 17.61916 35.33328 9.42585 0.01394 23.12696 26.71817 20.34512 38.611 10.84638 16.90343 12.84109 25.80846 12.17616 11.81246 18.31369 26.99525 27.89925 31.49216 35.54828 24.66331 17.19042 15.51367 19.64579 31.74915 35.54025 11.77637 28.95731 21.66683 33.71403 10.75826 0.0 29.00134 0.0 27.5143 
1000.0 0.0 0.0 0.0 24.94491 0.0 0.0 0.0 0.0 0.0 0.0 0.0 11.507 0.0 0.0 0.0 0.0 0.0 0.0 0.0 0.0 0.0 0.0 0.0 0.0 0.0 0.0 0.0 0.0 0.0 0.0 0.0 0.0 0.0 0.0 0.0 0.0 0.0 0.0 0.0 0.0 0.0 0.0 0.0 0.0 0.0 0.0 37.99086 0.0 24.02866 0.0 
1000.0 18.35051 10.54984 43.53342 0.0 12.89346 23.17141 40.25374 13.5293 27.65499 40.68628 35.0927 0.0 18.00994 39.10475 16.9427 17.72262 33.27475 36.85397 39.55456 0.03193 10.14915 18.94677 34.38677 24.36119 8.98616 24.12371 17.7413 31.67811 40.11408 16.69189 16.15668 18.16052 38.40616 24.92994 33.96141 34.2913 18.06449 43.71914 27.83839 43.64521 37.95756 13.43739 27.07127 21.86059 26.02853 27.09861 0.0 10.58252 0.0 16.12217 
1000.0 41.08452 28.85462 31.56447 0.0 37.55519 29.58696 40.69623 32.26305 32.94835 44.00927 18.35756 0.0 25.57022 30.75653 16.69653 10.9724 43.12738 34.01768 20.17138 0.02206 44.34968 9.97189 16.02071 21.81083 26.9514 23.07441 12.83519 24.63516 31.9932 38.19027 13.50673 37.75265 36.59944 17.91714 19.0033 15.70576 11.75638 18.22768 41.29236 39.74737 18.59352 35.07008 42.82026 27.30382 31.73072 15.07292 0.0 44.20829 0.0 18.13908 
1000.0 10.90468 13.44791 11.51615 0.0 9.77448 24.87693 30.60641 21.30331 14.33517 33.74873 41.54212 0.0 12.31946 34.41671 29.38719 18.69641 23.89276 42.1899 16.04404 0.03401 22.9616 35.063 10.44906 27.91842 33.82858 25.39816 27.15693 30.89505 24.06048 14.36467 41.17004 17.11827 34.08784 33.78706 42.98153 23.16707 32.69823 13.67206 26.65635 20.09082 35.97441 15.71854 16.97117 12.86069 25.20895 34.75905 0.0 14.57982 0.0 43.26753 
1000.0 18.2843 10.6723 32.44897 0.0 41.81133 14.56704 29.627 21.40925 11.14321 21.47039 17.98098 0.0 21.9758 31.31327 15.55744 28.78858 12.37307 21.09168 18.06708 0.01207 15.84356 13.04808 13.78787 32.18989 40.87178 40.24289 36.21608 27.5111 35.28546 37.24249 15.25115 21.7166 25.84416 35.19801 30.79391 9.80557 11.87295 26.31586 35.9755 36.37641 16.99815 32.678 16.05333 15.27057 34.08641 17.22 0.0 31.32216 0.0 31.25481 
1000.0 43.20063 24.70557 41.09042 0.0 28.20225 17.99625 20.18963 25.76522 42.53086 17.04633 26.02063 0.0 28.83796 40.88733 26.69216 32.30135 26.24783 21.31472 15.98781 0.03146 25.67816 29.71167 32.42401 31.1859 31.68558 12.75779 12.5412 28.90731 30.71961 38.42966 32.51447 39.06196 41.87647 14.2589 14.9747 19.17355 35.69363 35.21803 27.15642 24.65412 32.75787 41.72862 19.04296 16.41822 16.37389 33.27987 0.0 19.14611 0.0 41.09803 
1000.0 16.64116 30.12153 16.54096 0.0 11.44131 24.98913 22.5532 18.33601 38.79459 24.56084 32.37234 0.0 20.47725 24.6889 18.26042 23.71266 32.46154 40.66956 29.05349 0.02147 9.49909 17.91859 12.73649 14.71355 17.30483 31.93486 14.9272 18.04007 10.60315 38.65218 18.19468 24.7549 34.75013 40.55474 37.18016 13.73329 30.77927 14.70607 23.1675 27.17664 17.5317 29.56398 19.31458 26.66508 11.62579 44.04414 0.0 26.87935 0.0 16.53466 
1000.0 30.31452 42.1454 19.5354 0.0 23.02578 29.30352 22.02529 40.05651 32.5474 14.71708 27.95838 0.0 24.34978 17.82993 23.54972 14.57864 9.61945 42.79479 23.85374 0.04074 32.53974 20.04312 24.69898 15.48153 24.92303 11.58194 12.01032 26.02088 24.81653 43.04914 33.21951 20.97375 19.90305 19.55461 42.08225 22.23338 31.5647 23.13394 34.46229 32.33983 11.81086 27.42629 12.84383 29.29414 15.9861 37.47382 0.0 30.79028 0.0 21.5859 
1000.0 0.18333 0.09273 0.07163 0.0 0.13237 0.11147 0.15275 0.06229 0.06179 0.0578 0.04123 0.0 0.05953 0.15327 0.12522 0.12521 0.07323 0.12187 0.16728 43.58154 0.12495 0.03892 0.16772 0.17625 0.0874 0.06197 0.12181 0.12654 0.13452 0.1809 0.07858 0.17784 0.11243 0.04395 0.16911 0.15717 0.09541 0.17608 0.08325 0.04192 0.11876 0.10636 0.14366 0.12303 0.14123 0.13211 0.0 0.04303 0.0 0.16205 
1000.0 22.68607 23.6345 31.5174 0.0 40.38241 16.21372 22.62479 22.71557 34.18069 19.55097 27.61907 0.0 19.66629 41.66972 9.77766 33.07884 27.36837 37.63592 9.57138 0.03035 39.49405 31.35301 29.71295 11.03057 25.99779 31.76328 17.62609 11.60683 30.18239 23.02016 12.96183 18.16881 43.61252 22.61439 33.85053 26.39657 41.15755 24.63097 43.918 29.18598 24.4245 40.04173 37.18283 28.29812 41.39564 24.86041 0.0 41.14159 0.0 21.96206 
1000.0 12.37231 36.68538 11.24598 0.0 9.38394 25.6034 16.9242 34.58582 39.84762 25.65157 26.56317 0.0 33.69986 38.43648 34.99617 42.09278 17.69055 36.9215 33.07429 0.011 34.85755 36.00327 41.62402 33.89802 28.97799 17.90072 22.26745 18.80986 28.46052 25.5851 43.16076 20.7654 24.20704 43.5032 10.37325 39.89987 8.94552 9.72501 16.09806 10.76321 40.4864 16.58498 17.54766 26.76839 35.13209 22.95555 0.0 13.82416 0.0 33.84716 
1000.0 40.25117 12.97724 23.85813 0.0 12.08556 34.41907 14.12473 41.33449 25.1917 31.60033 21.05266 0.0 11.5351 23.36992 43.46336 10.1217 31.40568 11.12596 32.89162 0.03312 21.00113 22.63928 38.51501 40.21657 31.38288 42.49111 36.67224 35.13121 34.76674 30.38792 40.91615 35.14523 15.51133 33.06009 11.50574 11.14147 20.54244 13.13404 32.35701 23.56376 31.66259 36.84455 16.30555 10.32991 20.94414 26.44886 0.0 21.84345 0.0 38.2827 
1000.0 41.96909 35.98405 25.8268 0.0 42.37265 35.096 29.98688 24.18829 17.5869 28.06071 34.08531 0.0 24.01139 40.36254 34.16924 36.59688 39.57122 14.76716 34.31823 0.04639 22.72045 10.73817 16.81014 17.55309 24.49922 19.9835 26.36468 40.88077 19.55842 40.88252 18.94777 30.59719 16.12733 36.516 20.39137 15.35216 39.75436 32.52896 27.78381 22.23364 11.56729 13.24843 12.26716 39.01741 38.13349 22.39308 0.0 11.67518 0.0 12.63637 
1000.0 30.84318 9.42487 31.8755 0.0 15.34377 36.17991 10.56971 17.56959 41.14797 40.96625 23.86369 0.0 15.90213 31.79297 35.08862 33.48112 9.8691 36.06998 33.62772 0.04183 38.89739 35.29809 39.66986 36.40184 37.26372 32.32742 19.2557 33.94452 15.32747 16.92841 10.78402 25.53893 21.73461 13.76827 17.59073 27.30903 32.59548 25.26396 33.58801 29.9279 21.65836 15.28838 21.83915 43.92784 33.85328 12.01544 0.0 35.86455 0.0 11.85757 
1000.0 13.40869 37.89069 20.48969 0.0 27.16798 42.03359 25.1853 14.97314 27.60095 43.72415 39.55226 0.0 20.23671 22.64863 24.01893 22.52129 40.54733 32.68923 39.568 0.04085 29.2284 12.25739 20.15347 33.61118 18.71994 17.40985 34.41831 30.03203 17.28675 17.78736 22.42193 12.66055 29.53644 40.27363 19.1538 27.69349 21.03992 37.26263 35.20415 23.65814 36.85879 28.21354 19.96201 40.3124 42.83204 12.9797 0.0 43.21973 0.0 35.55097 
1000.0 27.00817 27.82065 38.98529 0.0 21.35419 11.85289 22.87515 27.04725 13.93548 23.74012 32.36245 0.0 31.77007 38.79063 27.72588 12.59161 33.60385 32.58561 29.46747 0.03937 23.39542 38.29048 23.9734 23.58334 34.0462 11.64391 34.4776 33.64088 36.65606 17.2746 18.81345 26.63451 10.64768 23.03992 18.37377 24.69711 11.85017 39.53123 21.58948 20.96945 13.30116 41.63305 38.18176 13.53197 23.33951 26.03837 0.0 37.3197 0.0 21.69274 
1000.0 27.21596 41.33218 23.15193 0.0 35.25675 36.53527 42.34712 13.36921 24.16522 29.47152 37.97342 0.0 14.85695 34.81131 29.08295 38.99941 28.04307 39.76285 26.28113 0.03364 21.20114 13.08878 16.32827 39.71827 27.92094 9.0144 12.86364 18.90338 21.30516 23.01381 30.62968 17.92168 26.1464 35.77916 30.01003 32.41886 29.61946 38.23839 18.13771 20.42133 32.17067 29.74606 37.73657 33.70024 39.18989 43.8505 0.0 43.33139 0.0 18.29015 
1000.0 29.86139 17.76325 25.40662 0.0 34.78581 11.29072 43.20043 14.54497 43.51293 18.62619 9.50811 0.0 38.82566 36.58369 33.02808 26.44164 12.97165 17.67992 31.27875 0.02585 23.26815 13.83898 22.46071 16.65022 30.05368 10.33817 17.09214 16.38622 30.16275 13.10983 27.10175 24.58416 36.27524 34.80524 33.35049 36.63167 36.2559 36.24465 19.17025 15.59588 14.5845 16.89688 38.95371 28.15053 23.14231 38.52588 0.0 22.03162 0.0 37.72437 
1000.0 14.81115 32.07234 21.13557 0.0 21.50448 38.69805 33.31052 13.8755 33.99018 34.45529 40.71859 0.0 26.32777 32.87569 12.09488 13.12221 42.42003 32.94232 31.7209 0.02032 40.69595 30.79638 30.16882 17.04578 10.97008 39.07769 32.04861 22.94747 38.72314 25.16833 39.47509 10.39337 17.56676 18.78257 15.85099 26.83383 27.54209 28.24037 11.28269 41.73673 30.727 26.67252 31.78045 34.52922 37.90703 23.20646 0.0 24.61162 0.0 23.96282 
1000.0 27.51287 30.60698 14.89944 0.0 29.19577 35.4395 13.4735 34.58978 43.80527 34.82624 18.06908 0.0 14.42642 16.86639 31.93697 33.97713 16.32057 40.35026 40.68203 0.04322 31.29286 17.08285 13.48783 20.59007 41.3408 10.48563 29.52888 35.40307 34.24322 38.31011 22.45234 27.10266 42.24495 11.21589 11.17505 43.66817 15.67166 23.1409 29.3264 11.34627 21.43816 9.60597 27.75822 24.07271 36.2289 12.94361 0.0 17.13508 0.0 20.04543 
1000.0 14.19167 23.70677 25.33473 0.0 32.28959 23.66654 12.9532 13.92521 30.44372 35.0078 20.58158 0.0 40.51977 17.10441 11.29126 35.42983 30.89409 29.71565 33.70998 0.03843 12.14109 36.43867 11.00593 43.11149 11.16526 23.85196 12.78213 19.41678 38.36602 32.07183 32.85955 30.88943 18.49884 21.87903 28.16133 21.46219 21.70434 42.44927 19.15847 28.42625 13.9951 9.20205 15.14667 25.84568 29.46385 11.02455 0.0 16.51164 0.0 18.90058 
1000.0 29.1832 19.14361 43.98487 0.0 41.064 23.46324 12.34269 21.13853 34.51201 41.7233 21.21396 0.0 18.11123 36.75975 31.07618 34.2908 11.82907 9.46757 15.19423 0.01675 27.77415 34.49514 17.24903 19.14021 23.7256 39.82274 9.58326 9.96211 14.29306 16.54947 30.08874 24.92449 24.20977 12.84112 9.18002 29.0103 31.14779 43.36429 38.9387 21.23806 17.35456 10.56726 29.99604 34.64624 11.33212 26.80775 0.0 24.40882 0.0 13.85535 
1000.0 37.35127 36.40179 34.69306 0.0 41.56856 36.96286 35.81018 21.18631 9.35954 29.36033 19.63656 0.0 32.26892 21.58856 34.38264 36.10378 20.81579 37.91091 18.39952 0.02316 23.74431 21.82102 10.0289 9.8313 8.98273 17.51046 9.68133 34.90975 13.82004 18.40883 32.69888 40.45296 19.30797 37.89508 38.074 12.92046 12.07705 25.22885 41.21571 33.31099 13.14863 16.1709 22.40602 22.74138 12.74849 27.63222 0.0 12.4612 0.0 36.25684 
1000.0 23.54967 22.87657 17.80193 0.0 11.83626 35.34969 12.85574 18.30194 20.03871 36.54406 22.14101 0.0 37.09724 28.0138 13.81815 11.66873 26.70997 31.06989 10.32373 0.04053 30.71051 37.91505 15.81496 41.59527 35.55249 11.71024 33.42912 21.61713 22.82179 12.01809 41.6062 40.28711 40.81223 20.75079 39.6061 24.67551 36.95802 20.21199 26.1115 13.17349 16.35676 22.5536 17.37027 14.97869 22.67193 38.57546 0.0 33.42482 0.0 38.30996 
1000.0 16.78782 23.69126 23.66558 0.0 27.93141 36.15831 19.74596 21.50235 29.94828 12.33535 9.12192 0.0 37.07902 17.80567 10.89765 19.17543 26.5056 27.63564 32.73099 0.03348 9.96824 40.96267 10.43507 43.41084 11.66694 11.05866 31.88212 41.41886 13.10272 10.83717 12.22992 9.20043 14.57354 18.60022 20.79662 25.8879 28.22331 16.08131 28.61376 18.39733 11.65551 24.06118 42.41934 11.283 25.2085 17.09484 0.0 16.96358 0.0 30.42692 
1000.0 30.4748 39.68782 30.5877 0.0 37.11851 24.32516 31.58651 11.94682 16.47612 12.21098 11.35217 0.0 33.06254 20.99572 16.57279 11.79182 21.77661 27.69831 18.89427 0.03161 21.20522 29.47567 19.00367 19.4477 42.85445 23.64014 14.90065 39.53973 33.16245 31.01712 43.95626 24.02385 22.07293 43.49264 31.68208 15.73582 41.50936 40.86068 33.95686 44.35865 28.53391 34.77901 15.0091 9.40125 36.76743 10.42333 0.0 35.01013 0.0 28.95989 
1000.0 18.73559 42.65542 38.37909 0.0 24.43437 37.00615 20.56224 26.68961 11.72925 23.70528 28.47984 0.0 35.99942 32.21401 17.55362 44.34933 34.57901 18.71446 27.48332 0.02989 36.92292 32.14769 12.82111 25.0459 11.61866 36.31276 23.13153 18.67897 41.79591 31.5322 31.16005 9.6191 41.63122 11.8081 36.14509 32.59632 21.90343 29.62803 35.26763 28.56501 35.19597 34.38328 31.51304 14.8939 28.64189 9.7327 0.0 42.0811 0.0 23.62509 
1000.0 34.51626 38.34284 26.14721 0.0 27.11343 20.21138 18.94714 28.82919 27.0398 19.22011 16.22643 0.0 40.84098 27.40415 44.22217 36.78003 33.80314 27.70199 20.14687 0.0317 43.4445 14.44205 25.66524 21.51039 30.26422 24.80536 24.38483 16.9672 33.02 21.59861 19.89057 32.49104 39.65754 27.09425 34.20067 22.27273 12.57818 31.65391 11.61481 21.90056 10.19226 11.22012 39.37541 32.88843 15.68877 25.22562 0.0 10.94228 0.0 27.50199 
1000.0 21.29694 11.60939 28.94156 0.0 29.74891 13.70636 21.09229 13.33416 12.10637 28.74508 42.29594 0.0 41.61873 29.14037 24.84847 16.41664 25.62318 10.22622 10.11663 0.04696 29.26624 18.93776 36.04935 41.11849 35.61483 19.09659 21.6813 15.61916 44.01659 14.05341 29.23857 11.00969 16.43713 30.48279 14.69755 23.45182 37.17054 35.4183 26.34919 17.20597 33.9078 11.20227 18.96699 32.07214 27.71184 39.54619 0.0 39.72583 0.0 22.07838 
1000.0 18.44599 14.05713 17.03605 0.0 14.34038 11.57979 25.97484 33.08658 35.59972 27.55503 33.32028 0.0 22.3461 13.60059 9.6351 37.96393 9.88289 35.03016 11.19487 0.01083 30.30125 29.83139 19.31274 25.36625 43.17318 30.40752 41.27427 41.21106 29.06402 15.27787 10.30302 30.58573 42.63571 25.69306 24.73116 27.4226 35.78674 34.17606 11.07641 11.14197 10.92546 40.34285 37.16209 23.8618 28.52344 13.85993 0.0 38.95908 0.0 9.31179 
1000.0 23.29552 27.88414 41.01462 0.0 41.36278 20.04566 27.99252 43.06649 34.21908 30.6484 19.87359 0.0 40.5827 16.77353 19.07976 38.41142 29.29813 34.56175 24.9803 0.01392 14.53942 28.21921 16.64528 28.99978 9.61831 37.95221 28.62316 26.95945 24.67942 31.56535 19.33126 14.83791 13.34659 29.22173 26.81481 41.96655 31.37166 24.27779 34.82896 18.01195 22.96573 19.71281 21.89123 15.35456 27.07294 24.20348 0.0 41.97944 0.0 11.35198 
1000.0 42.94821 29.08259 41.35914 0.0 33.28497 15.52286 17.53266 43.49167 25.19971 38.11597 38.27094 0.0 27.55233 19.53998 10.21454 27.4099 19.64323 11.10699 28.05678 0.04245 23.88215 35.09099 29.08218 24.47434 17.94755 35.78519 13.50385 43.09474 14.05446 23.30374 24.21922 40.30346 25.95507 22.82543 27.31366 22.99536 40.95653 19.71049 32.79896 29.91542 36.84271 28.53374 33.15635 34.58991 39.08731 30.4165 0.0 34.02193 0.0 14.35236 
1000.0 41.00178 39.49654 34.87405 0.0 36.2238 17.83647 37.25065 24.15893 30.21044 25.29203 37.20434 0.0 13.33907 15.38574 34.22156 18.93957 9.92629 12.78895 32.98223 0.04422 26.23144 41.46527 17.73904 32.20495 30.406 38.24105 37.7773 14.49829 44.16899 31.05678 25.72988 33.63632 23.50077 28.89317 36.67558 30.02675 40.23986 19.86209 28.36679 19.276 23.40213 15.01716 14.7625 38.17265 21.66672 10.94431 0.0 9.0945 0.0 25.27056 
1000.0 22.7374 43.07618 17.84453 0.0 17.17409 38.70017 25.3044 30.00369 28.47686 9.15017 20.06778 0.0 42.27887 12.55977 24.85401 24.08696 40.02778 34.03124 32.83593 0.01154 13.01665 39.2629 38.67041 9.62819 32.48148 10.5504 13.60191 38.72048 12.494 28.05127 39.82742 36.04115 40.2918 29.58577 15.54891 26.16833 38.16521 23.95946 12.31483 21.77197 25.89693 24.55272 38.16234 27.00287 20.48988 20.52719 0.0 43.32377 0.0 21.56437 
1000.0 9.12395 30.62174 8.99887 0.0 36.24122 38.33945 31.928 40.56505 19.69445 30.21283 31.02054 0.0 18.23361 41.3956 30.72659 17.8746 42.89894 18.97154 20.08176 0.04419 39.55148 41.90437 33.31865 35.09119 43.44462 39.64398 28.1649 19.20205 9.62132 23.03268 38.29842 15.75665 11.23301 42.55809 33.2541 37.78476 22.06951 21.56202 36.348 12.21189 10.6329 33.24177 36.92905 17.71298 38.47841 36.08392 0.0 23.79281 0.0 20.25058 
1000.0 0.0 0.0 0.0 33.92756 0.0 0.0 0.0 0.0 0.0 0.0 0.0 18.72422 0.0 0.0 0.0 0.0 0.0 0.0 0.0 0.0 0.0 0.0 0.0 0.0 0.0 0.0 0.0 0.0 0.0 0.0 0.0 0.0 0.0 0.0 0.0 0.0 0.0 0.0 0.0 0.0 0.0 0.0 0.0 0.0 0.0 0.0 12.58943 0.0 29.236 0.0 
1000.0 33.88488 38.20234 36.32273 0.0 13.41027 33.03011 35.89532 42.88711 37.70845 39.16263 9.8802 0.0 23.28692 13.65904 17.40604 24.75963 28.5899 32.77511 27.45248 0.04224 10.31305 29.87494 13.04614 9.89957 17.66774 32.78711 28.12604 11.32055 10.83209 19.09642 32.4025 34.38841 13.53368 28.41166 26.19506 39.87108 30.95748 30.708 19.76062 42.37257 38.16405 27.13132 31.68685 42.95995 21.36826 9.32659 0.0 13.21514 0.0 21.38441 
1000.0 0.0 0.0 0.0 26.32589 0.0 0.0 0.0 0.0 0.0 0.0 0.0 34.37563 0.0 0.0 0.0 0.0 0.0 0.0 0.0 0.0 0.0 0.0 0.0 0.0 0.0 0.0 0.0 0.0 0.0 0.0 0.0 0.0 0.0 0.0 0.0 0.0 0.0 0.0 0.0 0.0 0.0 0.0 0.0 0.0 0.0 0.0 34.34298 0.0 32.63765 0.0 
1000.0 30.86319 9.56431 21.02663 0.0 43.45201 11.61109 8.92753 30.34593 19.08607 13.62272 28.20108 0.0 16.87199 32.90621 42.94885 16.75475 28.91263 26.38331 44.10231 0.03568 32.22441 29.97553 14.84758 42.65743 9.3027 9.58311 40.99595 42.28997 33.85557 27.57306 19.19665 16.87265 11.16885 9.0164 37.18638 43.65095 13.27233 14.19202 19.10674 38.81729 40.11328 42.15333 31.35838 33.78966 22.9088 35.6726 0.0 24.43455 0.0 11.52879 
