1000.0 1000.0 1000.0 1000.0 1000.0 1000.0 1000.0 1000.0 1000.0 1000.0 1000.0 1000.0 1000.0 1000.0 1000.0 1000.0 1000.0 1000.0 1000.0 1000.0 1000.0 1000.0 1000.0 1000.0 1000.0 1000.0 1000.0 1000.0 1000.0 1000.0 1000.0 1000.0 1000.0 1000.0 1000.0 1000.0 1000.0 1000.0 1000.0 1000.0 1000.0 1000.0 1000.0 1000.0 1000.0 1000.0 1000.0 1000.0 1000.0 1000.0 1000.0 
1000.0 11.47332 25.79918 42.04814 0.0 16.53004 11.69875 23.2353 15.34502 34.3012 9.03968 11.29009 0.0 9.91267 36.01692 25.15691 31.08109 18.37376 12.7641 32.65482 0.03819 40.08426 9.27938 15.28915 28.66359 25.81183 39.37525 15.59123 13.31885 42.24248 24.97651 39.34288 27.80357 24.60698 27.50436 11.21519 17.63924 37.79244 29.23658 25.71228 21.91166 14.03718 9.80863 10.80853 25.82354 26.40267 34.44504 0.0 25.77566 0.0 15.68784 
1000.0 40.72292 30.65006 9.08514 0.0 21.66025 37.8967 12.09768 17.3023 29.45873 20.59359 19.79455 0.0 9.776 33.23657 38.78062 10.02579 24.56415 30.84007 26.18504 0.04085 8.95509 16.6036 16.58845 31.69145 20.90653 22.11953 29.86118 42.82658 30.95532 20.69978 36.81252 39.40504 34.2055 11.45053 40.1572 17.01543 11.70609 42.91332 41.76005 8.91747 32.30885 14.59587 20.72757 9.15491 44.05545 14.74825 0.0 15.72189 0.0 28.36375 
1000.0 33.6685 34.98856 22.6348 0.0 30.94647 26.70217 27.38999 18.77815 43.11496 31.13417 35.67719 0.0 39.97722 43.14885 12.55606 17.06282 40.4435 39.11862 41.19175 0.04684 27.71057 18.46285 25.37045 22.79555 39.44772 38.73814 41.27664 15.85117 37.5127 18.89889 24.03456 37.03962 18.74795 33.51367 11.47069 30.92877 23.47032 14.98692 28.87004 30.9155 28.30531 9.44139 11.04878 23.02255 26.02958 15.2738 0.0 14.11041 0.0 25.18757 
1000.0 0.0 0.0 0.0 23.11539 0.0 0.0 0.0 0.0 0.0 0.0 0.0 22.5105 0.0 0.0 0.0 0.0 0.0 0.0 0.0 0.0 0.0 0.0 0.0 0.0 0.0 0.0 0.0 0.0 0.0 0.0 0.0 0.0 0.0 0.0 0.0 0.0 0.0 0.0 0.0 0.0 0.0 0.0 0.0 0.0 0.0 0.0 28.57383 0.0 41.209 0.0 
1000.0 20.19681 33.08892 28.78525 0.0 14.39235 19.33801 31.9822 16.58029 14.29268 21.6768 10.1065 0.0 30.45531 15.73174 43.40788 38.98498 15.75522 36.09733 42.76153 0.03077 29.64367 20.20354 28.8528 12.21537 9.4443 32.72821 21.94839 11.67654 30.58437 21.59355 20.8199 17.69981 11.00633 28.29352 25.18146 34.52539 17.53727 29.36003 15.06153 9.44505 33.25377 32.42716 32.99203 18.00362 25.43623 32.95151 0.0 31.99486 0.0 42.89376 
1000.0 37.5986 12.89156 23.30371 0.0 19.90688 13.89723 32.66473 40.7762 41.65124 24.97464 23.5699 0.0 38.12625 37.45706 37.50367 16.41927 28.61918 16.36824 22.66748 0.04039 33.44311 38.83303 23.11583 18.78419 31.3595 27.52461 21.38964 29.70818 9.13734 39.22605 37.69721 14.22944 27.53437 26.99164 31.00688 37.59831 13.74115 9.80306 15.97622 28.75856 11.54322 23.71211 19.22733 29.4852 15.03762 22.21565 0.0 21.60723 0.0 42.2289 
1000.0 29.57153 31.41702 33.08894 0.0 16.17685 22.68842 17.85718 20.01213 41.1667 40.87655 9.45657 0.0 13.05519 14.92005 36.37151 31.25057 26.33633 11.6644 23.36142 0.00957 32.0702 26.15956 37.32941 21.10776 10.37019 41.68736 29.7245 18.73394 30.5119 25.24331 24.69272 23.32938 20.69727 42.37064 22.1432 31.99042 8.9057 37.89118 29.06115 30.90913 31.39523 25.1252 8.83027 20.89708 21.68628 29.51807 0.0 15.46682 0.0 37.76464 
1000.0 42.94673 15.21181 41.36179 0.0 38.2232 11.73769 40.99544 35.88644 15.04605 14.98823 41.30074 0.0 36.13943 39.45339 31.3619 30.36056 13.36503 37.69043 14.07401 0.03798 22.77387 14.27476 17.30172 23.87891 21.72762 32.27219 39.57904 19.89476 11.4148 41.40213 35.13445 30.03232 16.68675 29.73334 12.16546 19.63143 20.57197 26.46096 33.13505 20.46799 20.65131 23.34684 12.39441 37.85499 11.69646 10.61434 0.0 27.64149 0.0 42.22633 
1000.0 22.33915 39.56129 36.15738 0.0 30.57148 20.34589 37.1188 15.72923 9.73187 41.92406 31.23598 0.0 41.10745 37.51677 35.87659 20.55331 39.15881 22.98895 41.58272 0.02115 19.38093 21.9532 27.03727 15.15647 40.68462 16.59552 27.4841 42.60409 9.69273 27.38627 31.97333 43.98283 42.06856 37.21711 30.59827 21.50426 21.99152 29.69306 37.92702 42.05441 35.0355 36.42853 13.2573 11.71753 30.71124 21.21833 0.0 23.68704 0.0 19.88852 
1000.0 33.61976 36.8352 24.07514 0.0 30.95471 35.37254 10.13387 21.89043 37.3253 15.66605 36.45328 0.0 40.60595 34.72441 23.22507 35.7853 22.94445 38.19765 43.94552 0.04421 14.89233 36.67179 18.83343 42.92081 12.06167 28.67373 27.52247 20.44341 13.82197 31.46042 19.28322 26.8705 10.04784 34.99811 43.2887 43.47655 39.45338 39.19975 41.21689 25.80766 15.20571 30.19285 23.43825 42.57976 40.95935 41.00435 0.0 31.0017 0.0 24.96346 
1000.0 35.28923 39.03719 34.02886 0.0 36.58716 32.31956 27.89836 15.75459 17.19474 37.78127 30.65773 0.0 40.00808 30.40896 43.8993 30.25503 13.52458 27.95742 13.3245 0.03377 31.19005 27.60107 9.00711 17.20614 30.21173 21.84079 18.53746 21.22043 24.23984 17.50919 19.84785 17.03297 26.79536 24.26437 12.718 13.01268 14.56573 24.82727 22.52142 22.07769 22.21711 9.64257 30.96512 28.36682 25.30871 21.86242 0.0 23.04141 0.0 28.67083 
1000.0 0.0 0.0 0.0 18.73517 0.0 0.0 0.0 0.0 0.0 0.0 0.0 34.54312 0.0 0.0 0.0 0.0 0.0 0.0 0.0 0.0 0.0 0.0 0.0 0.0 0.0 0.0 0.0 0.0 0.0 0.0 0.0 0.0 0.0 0.0 0.0 0.0 0.0 0.0 0.0 0.0 0.0 0.0 0.0 0.0 0.0 0.0 28.71831 0.0 10.45526 0.0 
1000.0 34.71559 22.31036 41.74205 0.0 28.5894 35.26452 30.57385 22.04268 14.26297 22.45258 22.15173 0.0 19.77538 29.64958 32.52928 25.0333 18.13281 24.2425 14.67141 0.03734 41.16498 36.02487 37.80394 10.43022 30.64721 15.1966 12.03885 10.09801 29.02629 24.92745 24.95186 28.48955 26.91271 15.97753 20.93279 12.21136 33.13461 15.4491 36.58333 24.04215 25.41842 36.00187 18.27736 35.10697 17.84176 43.3533 0.0 13.79645 0.0 11.11992 
1000.0 31.12922 40.80195 29.90702 0.0 16.16601 30.31521 29.15106 23.80904 26.19248 22.83192 17.30001 0.0 42.57164 39.45427 32.00522 39.72079 14.2311 30.60359 32.48933 0.04084 16.80196 40.31995 35.38309 14.99988 16.17746 40.57996 39.69601 43.34601 17.86764 27.66951 42.28297 33.96239 37.57042 23.60976 37.16259 26.71808 26.84122 40.03093 38.91142 32.60623 38.97997 35.20561 28.35462 14.62634 25.78894 25.56802 0.0 26.81833 0.0 14.16497 
1000.0 24.23442 13.99441 15.13088 0.0 10.76417 41.51987 43.46776 26.63448 11.02095 14.45345 27.51376 0.0 43.938 29.40191 15.2798 24.87858 30.39297 9.33855 28.99921 0.03095 26.28328 39.1709 29.23304 26.56994 36.46882 24.48032 16.69649 26.31149 24.09224 27.38463 22.61641 33.32573 11.5677 43.42435 19.83876 25.16224 18.79234 26.48921 34.61048 9.93788 9.09913 33.72202 35.11639 16.13055 31.66533 9.57786 0.0 11.68152 0.0 43.66225 
1000.0 28.47804 34.61191 21.45704 0.0 26.28597 16.28191 33.37565 12.90884 43.49412 9.11141 17.87243 0.0 11.85085 39.55313 27.62978 42.23946 27.20659 32.49726 15.26728 0.03502 37.22069 36.0094 43.24148 36.08967 35.23728 32.46188 41.12055 37.87546 39.01821 36.75507 28.12614 26.29316 14.18229 11.92117 19.87874 10.13349 13.44194 16.76709 38.10358 19.56514 27.76331 30.59001 22.16229 8.92693 36.61789 11.18022 0.0 30.98166 0.0 14.88534 
1000.0 14.85081 34.31229 16.38707 0.0 20.85408 35.26629 21.64952 24.41655 20.36854 17.60742 9.73716 0.0 26.0521 40.8297 37.07863 40.19013 30.47347 42.17905 23.02267 0.01314 17.76495 32.57761 32.58263 29.84718 23.36731 18.65763 19.77675 37.00198 28.11337 17.30266 15.56433 25.93032 40.50822 29.57933 11.4988 28.53445 34.03619 40.41454 14.24986 41.8693 42.81105 14.6142 24.68399 29.13154 13.82466 22.77483 0.0 21.29848 0.0 9.50227 
1000.0 41.04357 18.04031 14.38105 0.0 25.34646 22.49342 40.02316 20.64434 35.67768 35.01425 38.43816 0.0 9.54123 31.70587 28.21616 42.91866 23.15651 35.78793 35.5083 0.03133 25.63165 23.38547 9.80845 27.43797 17.19398 41.44262 42.21625 19.56087 42.09803 42.69224 37.25222 34.51803 29.4702 23.87189 17.99168 9.23212 34.4843 30.41635 12.62033 14.69426 15.25908 9.03832 20.67174 33.91889 40.77244 43.712 0.0 41.30283 0.0 15.60715 
1000.0 15.03853 30.72067 27.0937 0.0 33.99908 9.07397 33.7691 24.165 32.75199 35.94165 17.73736 0.0 17.67518 27.15079 24.65894 27.74649 17.04568 9.47659 42.67277 0.03571 13.91547 23.05125 10.90228 13.50029 28.22764 35.2554 28.66996 15.68751 32.13444 29.43493 44.00066 9.85294 33.97273 25.40252 20.22075 20.62084 34.94722 15.9686 31.04515 35.85151 27.07493 10.69902 20.58083 23.32635 9.20578 28.03518 0.0 23.22315 0.0 35.49817 
1000.0 0.10472 0.16482 0.08587 0.0 0.08871 0.06986 0.07212 0.16493 0.09964 0.0721 0.14084 0.0 0.13303 0.08963 0.15634 0.07377 0.09486 0.08022 0.0658 13.41511 0.15573 0.07888 0.17727 0.14252 0.1096 0.16295 0.07303 0.06925 0.16683 0.17904 0.12533 0.15369 0.17394 0.05169 0.13025 0.08358 0.06383 0.17089 0.06131 0.15535 0.07175 0.06554 0.09373 0.17521 0.16749 0.10707 0.0 0.064 0.0 0.15824 
1000.0 25.23344 19.08373 28.59495 0.0 36.08434 16.50982 15.79316 18.57734 16.53855 42.92157 34.09484 0.0 30.12353 15.61341 35.22366 42.09048 10.64102 12.52108 11.39577 0.01961 42.99419 32.44519 20.98458 34.86993 39.68779 12.98034 14.12273 15.90939 19.50438 10.60734 12.35157 19.21011 18.35945 19.11357 22.74491 16.11305 15.17657 28.8642 17.5479 43.00936 9.15311 24.1014 37.04092 28.13459 28.18505 43.02771 0.0 11.40878 0.0 23.65987 
1000.0 13.02763 31.62304 17.71785 0.0 21.04702 38.8906 38.0464 40.06247 18.72864 28.73951 30.3254 0.0 14.51366 15.46632 22.60336 19.77069 20.86627 12.74482 28.35995 0.04365 34.20438 23.04385 32.00134 16.54462 29.91692 40.41241 42.53306 28.49414 23.33204 32.73202 33.27545 35.89835 14.59064 32.45073 26.9122 9.43193 32.24419 11.34733 20.78502 10.4621 22.12284 35.36902 16.29276 23.48312 30.70894 34.14051 0.0 15.44655 0.0 17.87065 
1000.0 31.98936 11.40205 29.84453 0.0 33.45774 35.45218 15.42447 25.8788 12.73606 18.95277 34.16895 0.0 43.89653 41.62514 22.40207 29.19898 24.69764 19.38621 40.75751 0.04474 22.49047 25.26031 30.96961 31.56349 29.61733 23.40416 21.41369 25.33785 23.45324 22.65879 13.52511 36.01921 27.52633 16.81087 16.50565 11.5442 43.43124 10.3975 28.17456 33.99833 29.16602 14.09485 43.14658 30.56556 35.92422 20.01987 0.0 20.56482 0.0 32.12765 
1000.0 29.19978 28.03207 40.80075 0.0 23.94962 32.86029 16.78734 35.68563 27.79692 25.88872 30.35666 0.0 24.84647 22.23733 42.15878 35.26739 14.95854 14.23019 35.13846 0.03931 12.7891 15.98092 24.80829 25.98066 38.08223 32.18276 34.18626 22.80006 29.47521 22.94672 36.66972 21.73663 39.16582 35.81025 16.53682 16.0875 22.10765 34.36272 37.92744 35.12079 13.64633 9.65747 25.18724 19.33083 25.17395 26.19673 0.0 37.12121 0.0 28.39562 
1000.0 16.80578 41.44977 29.9804 0.0 33.07019 22.2999 39.75803 14.72773 9.13968 43.48298 36.19118 0.0 29.87938 37.31523 23.40338 43.28326 39.46315 24.18701 19.17523 0.02156 21.57487 38.40763 21.9912 35.41301 19.32832 32.2831 20.46944 31.39646 15.59773 24.11774 40.66972 36.91482 24.6093 26.76789 18.94246 34.95669 19.10442 40.59672 26.77906 13.52016 23.57996 13.84857 15.46834 25.87489 14.71302 22.09919 0.0 14.21377 0.0 24.71317 
1000.0 15.96436 41.61567 14.23524 0.0 16.89824 26.69841 15.52898 39.18921 18.29945 18.68922 19.57098 0.0 39.77391 41.63412 34.01576 21.40624 14.98405 43.28164 18.22989 0.02468 40.52699 16.55498 32.30662 35.17422 10.1261 43.5303 24.63213 20.46673 32.84326 20.31302 30.9057 29.36467 34.77118 19.90996 21.21448 39.65462 41.68805 29.44238 20.60054 17.48297 12.67572 35.14148 35.9142 24.55582 10.75103 9.93716 0.0 40.40695 0.0 16.67504 
1000.0 35.24069 34.65296 29.31951 0.0 41.75766 9.52636 32.75392 32.54476 37.64902 24.98806 38.41556 0.0 24.75157 17.9529 16.80836 34.84427 39.36176 38.98976 36.46066 0.01933 43.0595 31.78717 21.22753 26.33657 13.57723 21.15353 41.20929 39.9162 38.46135 34.06524 39.97603 19.76698 9.38044 43.37449 9.11254 31.16712 39.18576 33.01114 42.51688 36.36233 22.05283 26.59111 36.53255 28.17158 31.95744 31.26791 0.0 38.45343 0.0 22.84124 
1000.0 25.56556 29.55217 12.74098 0.0 20.50578 36.4078 41.82356 39.83579 9.89086 18.65066 19.31161 0.0 20.58136 28.28488 36.78023 43.05932 41.09884 28.67115 24.39316 0.03483 25.60145 8.92416 33.8418 20.71243 35.03957 33.81368 14.7862 18.56042 24.41846 26.83298 37.1318 37.25907 32.48726 41.26145 22.22234 20.96659 26.67448 42.95344 11.60008 41.17293 18.98789 9.13833 24.97674 32.6618 36.09736 32.13238 0.0 17.14327 0.0 37.71167 
1000.0 37.66342 14.44963 36.14858 0.0 22.29563 37.07246 12.05117 32.21773 19.99398 22.59865 28.6964 0.0 13.28608 39.26276 38.05938 22.13663 27.02687 24.89187 21.7951 0.01757 12.58397 9.98373 16.92342 17.06072 26.01588 12.69438 32.43456 22.72778 37.24071 13.03836 18.88714 17.37143 17.63644 38.61397 11.82842 17.72326 13.88763 29.23299 26.13379 42.64865 35.60593 42.53307 25.17628 25.47154 40.42254 24.69055 0.0 22.21162 0.0 19.46436 
1000.0 15.46904 21.07814 21.37602 0.0 40.38187 20.34085 42.68235 18.47017 16.27997 9.22086 19.02474 0.0 29.98817 10.81856 36.43316 8.84145 21.31188 29.44505 40.59554 0.0232 31.79059 33.33287 13.29459 21.28563 21.79036 32.08515 28.8052 35.75707 31.23032 41.97681 13.36872 9.01774 21.46899 38.56709 26.42386 40.6401 42.4688 27.36194 9.49357 43.7441 10.34733 11.8444 22.75982 28.09941 12.87089 36.65541 0.0 11.57635 0.0 9.57358 
1000.0 23.65512 12.63308 35.03702 0.0 31.03343 34.77309 19.01367 11.06049 28.11628 9.20196 11.28687 0.0 36.47477 32.44302 14.49477 42.28427 43.75549 41.0456 26.26666 0.0458 12.78949 43.82236 37.34944 42.02173 36.01263 38.88782 13.35747 39.31315 20.71719 35.44296 12.43597 13.95037 18.08884 32.1955 23.54248 18.75133 44.08866 40.01936 42.06386 35.18432 19.12941 38.46455 25.57618 20.95034 36.67995 17.38101 0.0 21.70559 0.0 27.81354 
1000.0 24.34896 43.37207 42.46966 0.0 40.16844 37.92548 26.56136 14.95589 10.39398 42.05837 37.25657 0.0 38.61898 15.99649 36.03449 32.75067 9.78131 21.97678 42.57291 0.01401 42.75373 31.80244 33.69541 20.45372 41.99373 29.23591 19.16556 11.27172 34.73787 28.58238 27.54843 22.39881 19.3344 41.22281 11.47942 12.34614 18.65788 32.90839 40.98213 16.17183 32.48501 33.89107 41.26545 25.60397 31.20304 19.52515 0.0 33.24583 0.0 26.28048 
1000.0 16.42992 30.46769 38.16029 0.0 21.14121 12.19756 13.0829 43.15233 22.64197 11.52047 39.711 0.0 40.37133 34.93835 17.05434 19.19526 43.26596 19.51514 10.01648 0.03312 22.49795 42.65798 22.097 33.87385 42.26405 25.8343 41.41614 11.79728 15.33162 23.39433 13.70594 36.62526 23.13541 19.10775 38.61732 26.96645 37.06014 19.08268 31.96558 27.2056 23.06953 13.12509 25.04031 21.80401 25.56598 15.91449 0.0 16.94685 0.0 26.61599 
1000.0 10.6292 21.95447 27.85747 0.0 28.74976 30.90518 41.79048 33.38174 27.78021 23.25828 28.05153 0.0 17.29168 24.44982 32.17156 20.8959 42.13036 18.98866 43.98795 0.01391 21.00604 31.06757 20.87588 23.94819 10.0106 13.64577 10.33429 14.47487 31.78627 23.21863 22.12415 26.72007 31.61146 31.94288 11.84568 13.73326 21.67312 32.5001 30.21974 9.6674 15.44425 22.18288 19.43989 17.30203 22.83626 21.5487 0.0 8.96763 0.0 19.76076 
1000.0 29.17731 9.77459 43.12127 0.0 35.80432 9.13959 16.77288 29.27976 30.88488 34.76426 26.61066 0.0 34.12931 24.04198 11.29864 41.17613 25.27175 9.85827 14.71669 0.01988 36.43155 12.79873 27.06267 30.29141 22.20649 42.11489 14.81411 38.89099 13.31564 22.81817 14.58883 31.43072 41.43699 34.96571 16.56054 22.4849 21.66494 30.02752 21.13263 24.64485 13.72162 17.02022 17.3657 15.74362 18.69266 42.06362 0.0 13.33251 0.0 30.79436 
1000.0 27.65741 39.67905 20.80392 0.0 28.2214 42.07442 21.89471 28.6483 15.50109 16.63282 22.26311 0.0 17.5633 35.79066 41.12762 13.86463 33.02561 9.49931 34.8691 0.02369 8.90298 10.01812 34.83388 13.06858 24.14073 40.56698 37.4484 27.58069 27.85543 30.64192 40.8741 36.3876 11.4118 14.43801 39.93013 42.34286 13.13018 16.93505 36.11531 27.66677 22.59871 32.70711 20.89348 13.58031 34.88406 32.85748 0.0 26.003 0.0 37.87905 
1000.0 17.29963 33.94277 23.17332 0.0 37.38571 21.18169 41.5626 11.44866 34.3959 24.74682 20.67313 0.0 36.2781 15.45063 21.20173 22.88004 22.53099 43.98773 40.57597 0.03187 15.98201 31.18432 14.24584 8.83774 17.43056 14.74103 28.3441 43.29998 42.94477 26.49551 38.10801 39.31066 26.39259 27.5314 18.02522 31.02458 21.72355 34.26093 16.87723 39.65706 42.12223 27.1011 35.54524 43.28951 10.55715 29.95551 0.0 8.96639 0.0 34.45005 
1000.0 38.75288 35.5838 30.58018 0.0 17.98705 19.76227 20.18563 31.46939 12.47155 27.51715 9.28061 0.0 39.29605 13.6052 16.90306 36.13607 30.56725 33.7492 29.13161 0.02157 34.01092 15.45075 22.59905 12.65614 19.99848 35.85746 40.05923 12.96748 19.28796 35.29804 27.73153 23.08012 14.1284 27.7535 19.37326 43.40057 33.38899 16.87567 9.03359 39.40361 42.19819 42.45888 42.15401 33.49272 17.84693 11.10297 0.0 31.49241 0.0 10.09508 
1000.0 17.08076 43.47345 15.17273 0.0 16.73961 33.65653 18.55428 29.2588 21.22509 29.72016 23.91494 0.0 28.97456 29.41849 43.10761 15.62321 29.13007 31.25303 11.21825 0.03159 31.16295 28.73448 42.14825 9.57685 40.60046 36.40307 14.81718 34.98856 30.36992 20.95089 28.70794 34.16679 43.8044 10.25593 29.94565 22.90679 26.45978 39.03135 31.3012 31.46701 14.86607 31.56202 30.93735 13.96831 41.62671 43.21236 0.0 16.44843 0.0 12.24653 
1000.0 34.28607 23.06183 31.39607 0.0 38.86922 24.85607 36.21084 43.39218 40.3192 38.04066 33.29744 0.0 31.21176 34.21752 11.27073 42.46569 28.40552 25.6532 43.64317 0.02643 29.94396 24.90825 17.14071 43.22525 25.90151 29.15522 19.751 30.49351 39.21832 33.31526 29.34259 29.46458 30.32323 28.33759 44.06444 26.47419 17.57752 39.01237 21.89395 25.91605 42.64259 25.45336 17.59514 29.21973 18.52476 38.49245 0.0 21.00123 0.0 25.30178 
1000.0 35.54266 12.96919 20.94077 0.0 16.79081 15.25916 29.81539 11.39403 29.63677 40.83073 36.61962 0.0 25.0343 35.80388 30.85468 22.01442 22.73319 24.72015 39.42081 0.03035 13.20458 14.96477 11.63107 42.15683 17.49995 21.88232 36.7146 17.5361 35.0491 22.00048 39.17398 30.43059 9.18061 9.64992 35.02057 18.27402 11.24459 14.70031 14.48081 19.06988 9.4862 33.3129 12.37681 27.85741 38.4037 39.75491 0.0 36.09762 0.0 15.47354 
1000.0 33.09943 35.16085 14.55499 0.0 41.28699 40.74258 25.36649 28.96165 20.95488 9.42898 13.69021 0.0 42.00449 16.08516 9.18731 18.71783 30.12921 19.34499 18.35901 0.01784 28.80595 33.32747 19.06921 23.22999 41.95387 25.85862 34.97741 15.43707 22.32751 10.01233 13.80585 27.99003 31.28073 31.58045 31.15649 29.60083 11.50129 20.91028 41.43725 37.82499 12.94697 28.13967 33.86851 40.09736 35.27022 41.0772 0.0 29.75785 0.0 25.01854 
1000.0 13.53234 26.60296 29.83427 0.0 15.71032 41.47045 29.55141 10.2162 10.45993 41.50969 15.01676 0.0 32.32124 26.91148 38.7037 26.93529 37.28793 23.35567 12.47139 0.04333 13.197 13.81073 21.94277 21.11652 17.92424 22.23672 31.90508 13.13293 32.66449 29.7505 43.53959 33.17855 42.24485 37.53995 40.57591 10.37838 11.83682 9.58788 39.43274 34.96493 37.02511 23.24509 31.98918 27.03458 40.35442 15.98028 0.0 42.74407 0.0 19.48177 
1000.0 26.50989 13.97935 39.72982 0.0 25.89368 33.32379 20.55803 33.16511 20.53029 17.365 23.87141 0.0 27.37406 27.5774 12.18615 19.22657 42.92797 40.31134 26.52498 0.04053 17.07571 16.95395 12.65019 18.07802 35.59632 36.70722 28.34231 17.98387 42.43584 31.76404 15.62968 33.90751 15.12571 19.16477 43.69638 36.05275 36.76596 9.07184 29.70659 38.18493 36.27718 41.34436 35.58167 11.9593 31.96232 37.20287 0.0 26.28115 0.0 29.43139 
1000.0 9.26269 12.06552 19.76931 0.0 42.65631 31.00365 14.75556 29.00989 26.34726 23.68903 35.76688 0.0 35.30504 29.60014 27.55585 26.32426 34.42058 30.06827 42.45381 0.02564 43.01724 41.878 28.6016 42.87921 41.37023 34.82114 35.13143 28.89299 12.19359 20.17342 43.31203 36.06727 18.28536 31.18227 14.83035 18.04253 42.25737 41.32419 37.52839 18.80504 27.15567 9.73651 32.24736 34.51254 11.68809 39.31533 0.0 26.50475 0.0 31.75324 
1000.0 35.78224 19.05616 43.90578 0.0 16.86123 39.34656 8.84242 27.15422 25.59584 43.77842 9.15863 0.0 13.1931 24.85046 42.94221 9.11686 18.95279 22.26628 25.72131 0.0361 16.18934 40.71336 36.87204 16.61569 41.46334 27.58089 12.01123 31.04497 42.32258 13.32894 12.50462 37.85322 17.66688 13.83992 40.64174 20.08678 10.36903 19.38651 28.30428 9.47092 42.61116 32.6883 21.40746 22.93702 35.35501 32.56761 0.0 30.22499 0.0 30.13495 
1000.0 0.0 0.0 0.0 40.28562 0.0 0.0 0.0 0.0 0.0 0.0 0.0 13.86327 0.0 0.0 0.0 0.0 0.0 0.0 0.0 0.0 0.0 0.0 0.0 0.0 0.0 0.0 0.0 0.0 0.0 0.0 0.0 0.0 0.0 0.0 0.0 0.0 0.0 0.0 0.0 0.0 0.0 0.0 0.0 0.0 0.0 0.0 24.7108 0.0 31.1688 0.0 
1000.0 33.83735 43.55009 42.31017 0.0 21.57829 24.57166 18.5434 28.16345 20.81649 14.54531 15.53366 0.0 19.78814 37.0925 34.69418 25.25547 13.64368 28.45457 43.79058 0.02824 34.76355 33.18556 29.29788 12.13227 32.48119 14.21423 37.01277 17.01246 29.79412 24.30653 43.04876 12.39254 28.21726 21.3264 37.26444 12.68046 23.44582 17.94725 15.39446 14.28525 25.54085 17.99521 37.19059 19.60212 43.82759 41.38557 0.0 21.6621 0.0 15.96059 
1000.0 0.0 0.0 0.0 19.28692 0.0 0.0 0.0 0.0 0.0 0.0 0.0 31.2414 0.0 0.0 0.0 0.0 0.0 0.0 0.0 0.0 0.0 0.0 0.0 0.0 0.0 0.0 0.0 0.0 0.0 0.0 0.0 0.0 0.0 0.0 0.0 0.0 0.0 0.0 0.0 0.0 0.0 0.0 0.0 0.0 0.0 0.0 38.32182 0.0 10.91948 0.0 
1000.0 23.2151 28.77444 43.43229 0.0 39.16591 24.61209 37.43555 35.65107 32.71679 16.62584 29.0926 0.0 19.87445 24.08264 19.52462 41.3959 28.51287 23.51849 28.14229 0.03133 25.25926 25.9049 17.27127 14.54034 22.82075 36.92418 30.3602 31.55719 25.17183 15.9664 9.99416 17.17758 17.67319 18.07589 19.00462 33.67693 30.66292 33.23134 18.7614 20.55941 43.99321 15.90588 11.47739 27.65054 21.06736 19.20554 0.0 43.99882 0.0 30.07774 
