1000.0 1000.0 1000.0 1000.0 1000.0 1000.0 1000.0 1000.0 1000.0 1000.0 1000.0 1000.0 1000.0 1000.0 1000.0 1000.0 1000.0 1000.0 1000.0 1000.0 1000.0 1000.0 1000.0 1000.0 1000.0 1000.0 1000.0 1000.0 1000.0 1000.0 1000.0 1000.0 1000.0 1000.0 1000.0 1000.0 1000.0 1000.0 1000.0 1000.0 1000.0 1000.0 1000.0 1000.0 1000.0 1000.0 1000.0 1000.0 1000.0 1000.0 1000.0 
1000.0 21.59414 29.41389 15.51007 0.0 21.69814 32.10698 30.87707 28.99175 10.16682 11.53541 17.12104 0.0 32.08703 30.24343 29.4641 31.27415 12.62173 28.6368 20.89162 0.01624 14.26836 28.28463 13.02052 26.67402 21.75809 32.43058 31.08797 22.01692 11.20962 7.19515 31.82859 27.20419 27.77573 24.62258 9.17765 17.25995 24.52193 17.01671 29.81355 8.59433 8.31238 26.50206 15.32294 31.6523 21.43503 23.52634 0.0 32.33095 0.0 28.53557 
1000.0 8.18253 14.06444 7.72374 0.0 31.40087 30.43864 21.62199 24.22843 8.34864 9.28097 16.02958 0.0 32.31552 20.19025 17.19217 11.1038 16.48637 20.65004 33.65351 0.02443 24.94936 16.74277 31.52502 33.07778 12.46316 12.5608 6.89666 30.41115 15.6676 13.44383 15.32104 28.29295 15.08774 11.81062 29.0812 12.04738 28.5258 23.68699 32.86545 22.64418 12.51775 27.04183 24.37047 21.20126 16.06895 12.76974 0.0 30.83378 0.0 9.34785 
1000.0 17.16745 13.40067 13.36361 0.0 28.98185 14.86968 30.19454 27.15048 7.18551 20.30965 14.36181 0.0 28.52737 19.3465 33.80738 10.90043 12.16497 23.81016 21.41883 0.01389 20.46613 14.12599 22.6574 19.67246 28.66179 24.72819 20.86904 9.0521 33.73845 22.66262 20.89874 28.59027 13.68132 19.21163 14.40488 19.88424 33.2671 10.62586 21.88919 32.40243 22.00682 8.79993 8.78126 20.48964 25.69019 20.57309 0.0 17.7159 0.0 22.85147 
1000.0 0.0 0.0 0.0 8.76782 0.0 0.0 0.0 0.0 0.0 0.0 0.0 17.84873 0.0 0.0 0.0 0.0 0.0 0.0 0.0 0.0 0.0 0.0 0.0 0.0 0.0 0.0 0.0 0.0 0.0 0.0 0.0 0.0 0.0 0.0 0.0 0.0 0.0 0.0 0.0 0.0 0.0 0.0 0.0 0.0 0.0 0.0 23.60477 0.0 10.94723 0.0 
1000.0 15.58995 18.66965 28.40539 0.0 7.07746 7.88871 13.0382 6.87213 14.31853 8.05994 27.09457 0.0 16.9015 21.37793 29.22586 33.10071 32.39938 11.84448 32.1495 0.01491 31.80661 18.0304 20.84107 13.44864 13.80626 25.84207 24.64625 27.62688 14.30907 7.26847 14.35669 12.93539 9.41634 11.51766 16.56243 19.62302 33.48471 29.57984 23.99998 10.98959 17.56856 18.1238 14.31062 13.67528 21.68521 7.2137 0.0 14.65144 0.0 25.54982 
1000.0 32.31929 22.22879 17.01132 0.0 28.17921 8.41364 6.96902 33.02949 19.49637 12.08235 19.50329 0.0 31.4705 13.96493 7.51787 25.13066 23.81121 21.32387 32.74519 0.02989 11.47187 12.60365 19.19741 23.79285 30.43853 26.22793 19.11794 22.40727 22.28831 25.35129 26.61781 22.27843 24.1573 17.06414 20.46775 28.11184 12.54971 8.43976 19.5647 31.52051 14.5562 12.77319 25.11663 30.51241 23.41927 12.75019 0.0 9.01334 0.0 12.87832 
1000.0 6.97867 16.07438 21.33223 0.0 23.80091 27.83736 22.80047 31.37354 11.68558 28.51757 9.12149 0.0 28.61757 17.22391 32.37965 9.09566 27.65271 10.14982 21.74577 0.03619 24.96122 12.22143 12.95705 30.83346 25.51813 19.12904 21.70324 24.22814 14.13468 28.42405 26.83013 22.75412 17.8529 22.6967 31.69877 24.67192 13.26359 21.15227 14.09475 8.32583 24.26957 17.40633 24.58363 13.15967 20.93068 28.04632 0.0 22.36607 0.0 23.87423 
1000.0 29.70336 30.4327 11.1998 0.0 26.53692 7.71404 11.09368 12.61788 32.91979 25.49209 17.15036 0.0 11.59791 10.59187 23.22309 25.97841 25.88712 18.40553 29.69125 0.01878 28.00001 29.70942 8.27464 14.76832 28.15097 7.56336 12.68774 9.51673 30.3098 18.9416 27.80752 31.54137 29.51258 28.7666 11.55001 12.226 9.72968 24.40578 13.94083 20.29462 10.60033 13.56272 28.99664 9.30346 22.3183 12.79208 0.0 22.27348 0.0 33.29438 
1000.0 13.99611 27.14337 13.54725 0.0 21.29457 15.87023 19.10306 7.21301 33.14122 28.12629 27.93101 0.0 10.66822 20.60967 24.37784 15.54532 25.32496 11.07879 9.92587 0.03872 21.55835 26.15407 12.98447 19.9985 25.98532 20.2169 23.13961 18.40317 23.12061 28.50025 17.78448 14.83229 22.95455 25.92794 25.20563 11.70684 10.39215 32.74958 15.31135 13.01007 9.65253 9.42259 11.83838 12.21188 18.94298 23.09386 0.0 10.61003 0.0 33.59978 
1000.0 31.49645 25.56027 10.55907 0.0 18.14244 33.31326 33.39603 32.68472 20.07389 29.29356 14.7145 0.0 15.24401 18.97487 22.80918 16.08204 15.80607 29.42141 22.62056 0.03127 18.50202 33.3202 15.09284 30.22647 15.07474 31.64612 17.02276 8.09995 30.59675 32.90708 19.22725 27.81248 32.23743 7.78889 28.2625 10.59156 32.3907 9.72839 29.40772 28.04246 24.40603 29.54272 23.56471 32.62491 10.51023 20.39162 0.0 13.87901 0.0 12.07071 
1000.0 21.72035 9.7663 21.12791 0.0 29.54747 16.65099 14.32842 25.28786 15.54344 25.35114 31.57068 0.0 14.29064 30.88953 25.73226 23.82685 7.88439 23.76527 18.11385 0.01783 6.90922 11.81526 25.09962 16.04913 22.21187 21.94501 8.58709 30.94877 17.91399 23.88764 23.83663 32.09032 15.81218 8.678 16.67581 24.15949 27.61186 23.29863 11.08698 19.6544 15.56129 31.45053 23.61772 26.8159 8.32834 26.15136 0.0 31.09947 0.0 30.55663 
1000.0 0.0 0.0 0.0 25.80846 0.0 0.0 0.0 0.0 0.0 0.0 0.0 32.96198 0.0 0.0 0.0 0.0 0.0 0.0 0.0 0.0 0.0 0.0 0.0 0.0 0.0 0.0 0.0 0.0 0.0 0.0 0.0 0.0 0.0 0.0 0.0 0.0 0.0 0.0 0.0 0.0 0.0 0.0 0.0 0.0 0.0 0.0 21.37649 0.0 23.95574 0.0 
1000.0 12.43854 24.49112 27.81718 0.0 31.16865 30.62625 28.23579 29.64834 17.81134 7.10124 26.7234 0.0 15.25239 31.40104 18.586 9.05997 26.72986 14.93135 17.00258 0.02771 11.31696 25.38609 26.79442 26.11126 27.97102 25.88539 25.24867 24.15461 15.23728 32.95436 24.74811 15.11805 14.67959 33.71027 14.37042 11.88852 22.84696 28.3003 12.27137 25.26652 16.20924 20.56099 26.91781 23.42324 33.4703 9.29434 0.0 9.27644 0.0 22.92943 
1000.0 11.16195 29.53794 24.76151 0.0 17.17065 19.55316 32.69259 30.9562 30.71827 33.78078 25.26126 0.0 26.69084 25.67601 16.13045 9.92532 12.23896 26.16664 23.16578 0.0378 7.10294 7.39574 18.7202 33.73772 12.8603 14.25235 28.26591 32.71161 29.57002 24.87745 24.10215 31.06524 31.63511 32.47077 25.13748 11.16 13.2948 32.09386 13.17137 7.14671 18.20259 31.09307 26.95562 10.54646 31.63018 9.26082 0.0 24.12644 0.0 20.6754 
1000.0 33.01603 31.30889 10.65675 0.0 11.15865 23.45371 21.32802 24.53745 22.95397 13.36779 17.08167 0.0 12.01321 30.51462 27.72276 33.07991 17.50513 25.01333 8.48327 0.03207 32.64782 31.23066 32.54297 16.29297 10.23511 29.96493 7.09794 11.33727 24.79153 8.06601 31.67157 21.72186 16.30661 26.17729 28.6057 16.76374 9.29878 29.52723 7.81504 6.83297 16.20597 29.4777 25.46577 14.90314 27.47694 23.52947 0.0 21.95949 0.0 27.4528 
1000.0 17.25516 7.40798 10.25455 0.0 29.77558 10.20122 6.91916 6.90699 7.47511 18.01005 15.29126 0.0 22.5076 31.47344 12.47503 13.3525 6.90344 25.05085 32.21245 0.03968 25.38558 6.99626 31.60452 8.82864 13.9867 16.34409 17.32693 33.57766 12.66922 31.3862 7.31267 10.40859 14.65029 23.52375 29.33512 32.81886 26.82399 10.10317 17.6651 22.87909 7.76499 31.28793 13.50794 30.91844 15.56358 11.11091 0.0 14.81176 0.0 30.79546 
1000.0 22.70694 11.40646 17.86068 0.0 30.36651 7.64494 19.28136 24.33534 29.90312 19.61417 15.98679 0.0 18.44467 22.67468 11.19576 15.74685 24.2581 7.53837 19.35943 0.01064 9.61659 12.77872 11.35896 8.92079 25.15042 19.78138 23.95684 15.80881 7.57057 20.89189 25.51939 10.43828 31.52261 20.39295 20.16209 29.09759 25.54802 13.35717 18.90822 17.63196 27.87758 10.50881 31.82239 13.85012 20.64636 27.79617 0.0 27.31155 0.0 12.67215 
1000.0 29.38072 9.36845 32.62755 0.0 20.28359 14.47921 7.20675 13.52887 15.15936 26.94913 12.13835 0.0 10.65298 20.2123 22.11057 24.21815 24.79816 31.3215 8.16421 0.01516 9.17038 20.90313 12.96898 16.24681 14.76439 12.3789 15.55938 19.41037 13.32639 20.23669 32.1385 16.42007 29.16228 12.37837 11.54749 28.45603 33.16835 15.16447 10.27711 15.21361 20.00287 10.37437 16.51206 26.17215 30.82345 7.56103 0.0 29.58177 0.0 7.34683 
1000.0 24.11385 22.08363 20.82015 0.0 24.92343 27.82622 13.89766 9.80499 15.18946 28.66318 18.39036 0.0 19.91087 31.70083 32.7603 19.83165 14.09493 16.69155 33.68027 0.02723 17.58293 13.6723 19.35867 12.70944 27.00584 25.26176 30.37133 12.94808 24.60604 24.18837 27.42491 26.38005 31.96366 17.89123 28.2953 13.15667 29.55029 30.54973 12.82355 17.70459 25.88415 27.66128 30.4325 31.78047 17.98595 17.08716 0.0 24.72458 0.0 12.40535 
1000.0 0.15163 0.09834 0.13703 0.0 0.1629 0.08367 0.06992 0.10339 0.11719 0.05561 0.0785 0.0 0.08213 0.10733 0.11047 0.11095 0.0941 0.08127 0.14659 19.43745 0.1023 0.095 0.11158 0.04046 0.076 0.10686 0.04652 0.05163 0.03857 0.08041 0.12617 0.06297 0.1264 0.12086 0.11518 0.04327 0.04147 0.10107 0.06403 0.15875 0.09466 0.10823 0.03327 0.13324 0.1107 0.0518 0.0 0.09583 0.0 0.12882 
1000.0 10.98465 24.18156 22.02371 0.0 25.95445 14.17287 13.49819 11.49451 14.19813 7.88133 18.9119 0.0 30.23711 31.72184 32.08708 33.19963 20.26466 26.08711 30.74018 0.03184 33.626 12.98597 33.4723 17.96568 29.49198 22.76752 32.51069 31.83684 19.7096 10.376 26.57336 22.17 11.59146 23.78563 22.29626 20.63879 15.05509 30.61029 19.8922 22.07811 20.48624 22.24662 23.36245 27.72 21.79182 18.77208 0.0 6.82975 0.0 33.49974 
1000.0 7.37346 26.89136 27.53976 0.0 13.69609 7.83252 8.48278 31.73925 8.91221 25.3348 33.39321 0.0 29.71637 13.02488 31.96745 28.64975 28.25035 15.55658 16.91555 0.0101 21.09759 21.80245 28.62041 18.9266 26.46091 24.60518 33.42828 15.35548 12.49144 20.53366 11.39106 8.34293 32.83563 12.6472 23.10549 18.46211 18.52791 12.18507 19.53682 33.29212 24.8212 15.59073 32.64352 27.69876 17.5056 22.86702 0.0 23.00679 0.0 16.2696 
1000.0 27.61099 29.27425 27.13826 0.0 31.85997 20.65319 33.48737 29.93725 17.14678 14.78051 26.80258 0.0 15.58012 12.28425 12.86562 29.72173 29.37422 13.09848 29.29595 0.041 8.08535 25.65096 24.00922 19.56195 9.39773 9.27891 20.97284 30.91396 25.10749 7.20146 14.6971 32.09126 17.72123 25.15342 28.59649 9.99585 15.3822 11.78524 22.05711 31.15869 23.74348 8.62003 15.50033 14.28455 27.5137 12.25686 0.0 14.85512 0.0 13.85728 
1000.0 32.76054 10.21891 14.95103 0.0 18.84535 29.8168 8.93055 22.83993 29.29486 22.56686 30.54645 0.0 18.93769 22.39623 22.7306 24.55769 31.82334 33.44608 17.34303 0.02772 9.21179 24.94702 20.33073 25.59147 22.13651 14.65912 31.23687 12.26231 11.53131 13.68986 19.89252 26.15579 17.54428 28.0223 31.20441 18.20094 12.81035 27.89951 28.40486 25.59654 7.30502 31.67139 14.39445 26.24174 17.31962 28.63101 0.0 22.41024 0.0 15.79924 
1000.0 6.99517 17.4111 13.72196 0.0 14.59954 18.06991 13.5358 11.61053 18.14418 16.62169 7.22384 0.0 22.48349 33.06276 18.27795 17.44223 20.26568 11.96014 32.07066 0.01251 11.79927 24.52678 27.85927 8.56321 17.11684 13.66375 21.79468 27.10139 14.63343 15.55056 13.85828 9.78572 9.49979 7.04262 17.3365 13.05253 12.89479 15.0267 25.95407 10.78622 26.47954 11.11885 10.68022 17.55182 22.69398 22.2756 0.0 20.77081 0.0 12.93137 
1000.0 10.24516 29.35033 22.05512 0.0 16.70556 11.69084 30.93599 26.56241 17.29139 7.57373 29.91363 0.0 33.33291 32.84319 11.77632 8.38621 31.55564 22.56199 7.4252 0.03548 27.84502 24.07432 14.50811 33.39574 7.33315 29.68896 18.68011 31.46337 16.29118 22.28324 7.78142 16.68135 19.70324 30.67028 10.19264 30.32907 7.55129 22.64372 15.24017 13.10816 33.7515 31.15687 11.70355 10.76531 10.48336 28.5804 0.0 18.83894 0.0 16.65494 
1000.0 9.09871 24.7643 10.03199 0.0 22.1405 25.63737 29.10467 25.4191 14.05649 18.4797 9.80409 0.0 19.3981 21.14341 13.88505 14.272 26.06575 32.80986 12.39003 0.01381 26.10629 11.58648 14.30051 29.74613 28.49488 6.94952 8.92813 17.92085 10.72068 20.14098 28.4551 13.44719 24.46007 21.96786 8.65425 18.4078 10.72078 31.62811 22.97767 7.40835 6.93021 20.86353 22.01989 17.50419 23.50242 28.08205 0.0 9.4078 0.0 9.71428 
1000.0 22.02153 16.00023 20.56599 0.0 15.27275 12.73719 15.99135 27.521 27.98216 9.36683 14.53943 0.0 8.86072 7.97659 15.40261 11.64849 22.06638 12.04461 21.29068 0.02738 18.04492 32.04062 7.00975 11.96372 7.04764 10.50699 25.71842 14.49009 15.74685 32.2788 14.16086 22.20849 20.51924 30.70115 22.62399 10.25797 18.50727 8.31707 23.57087 18.85099 12.35463 25.3273 27.36814 33.09015 22.53814 13.7039 0.0 22.37688 0.0 16.55906 
1000.0 14.75091 16.2285 22.07877 0.0 18.10831 26.88485 18.77319 19.92061 25.10151 25.60366 7.58488 0.0 11.93445 17.7461 19.58424 15.94092 12.37314 7.82474 32.51326 0.01368 10.73828 9.65445 31.45542 23.39381 20.81303 23.91911 21.46833 22.60909 18.69289 15.55284 28.5548 28.43912 9.9896 17.90921 7.44458 8.58756 22.62775 19.12937 8.33916 23.67363 31.66856 17.60878 15.23114 9.77795 31.96039 10.14216 0.0 13.52754 0.0 25.11285 
1000.0 21.60505 20.56303 17.40884 0.0 30.86547 14.12281 27.91552 14.78212 32.53139 30.18036 22.91056 0.0 7.04208 29.40842 25.38304 14.45059 22.27862 22.78567 19.96876 0.02648 33.7406 9.25452 18.57586 12.94967 23.62836 15.55518 25.84785 25.59032 18.33144 23.98392 13.26929 33.08574 23.6585 19.57562 8.68409 25.99589 24.06142 24.58149 22.70839 18.65453 20.43677 22.72492 8.03627 10.96193 23.29452 30.96004 0.0 20.9781 0.0 17.26884 
1000.0 33.68617 28.22337 20.82953 0.0 32.15453 20.55046 16.62282 29.24907 11.08734 12.7438 17.8202 0.0 32.45867 9.74555 16.65363 31.87833 10.42182 25.09125 30.17494 0.0099 27.24263 15.50717 12.72913 30.43536 29.60834 30.58461 33.01107 9.20204 21.17795 15.29089 33.17237 20.88535 16.3702 28.5437 7.75538 11.32888 14.01213 8.80746 32.29953 10.82486 13.25624 30.66176 18.40484 16.97785 17.7306 18.0401 0.0 8.90211 0.0 15.91962 
1000.0 10.07155 31.46173 10.90714 0.0 19.21568 29.09932 25.40965 32.45478 30.34725 21.03673 32.54764 0.0 21.1964 16.98845 18.59863 13.08716 25.0981 24.36417 23.3675 0.02149 16.52697 23.40989 8.32075 9.08127 28.47583 27.36234 17.10382 32.0052 16.60981 28.3053 8.57123 33.44481 11.54649 33.02465 32.97277 18.97463 8.71299 8.0241 12.41049 30.78536 8.2103 15.48307 28.85461 24.1679 19.22873 18.382 0.0 19.80707 0.0 19.38007 
1000.0 27.90882 21.10422 13.61022 0.0 28.04469 17.07536 12.37166 11.59399 22.89867 21.07444 17.40784 0.0 10.45603 9.36087 21.19175 18.18292 10.93431 16.1221 19.24238 0.02352 27.9315 17.93704 9.64635 25.61909 23.19943 17.92673 6.85141 25.01621 15.20902 25.03825 11.11061 26.08279 8.00193 33.14949 29.15811 30.9976 13.36263 16.174 13.24033 10.20712 15.03177 17.60575 7.99043 9.77918 31.30475 9.74797 0.0 29.71419 0.0 32.11929 
1000.0 11.66231 9.86258 21.73637 0.0 22.68057 14.64051 30.24138 15.3537 15.07069 13.7222 33.3851 0.0 26.00781 21.99468 10.02555 17.35132 26.86896 13.01795 12.99936 0.03522 27.90698 13.77304 28.17518 17.18687 20.06697 28.5392 9.59779 27.17256 9.79492 28.33844 32.96416 23.66945 20.6419 23.05291 12.02926 17.12127 14.12746 27.01047 20.41391 27.52407 32.73388 13.45014 22.77316 7.93144 16.98177 22.9858 0.0 26.66876 0.0 33.26407 
1000.0 7.09364 7.133 13.26958 0.0 25.89211 10.70918 25.40706 11.02941 16.11989 11.03768 29.60431 0.0 22.30187 27.41102 13.91942 15.01546 25.45452 7.14566 12.00029 0.03241 12.25776 16.3698 28.78322 17.72795 11.46007 22.64063 8.54484 9.45771 10.95373 22.13456 20.17523 17.85068 23.09181 31.95826 17.75428 17.94333 12.22951 29.80555 10.32834 19.84035 18.50252 14.55956 15.61626 32.96309 23.99378 27.87146 0.0 25.63235 0.0 24.91228 
1000.0 9.31816 22.80742 13.63551 0.0 21.01995 14.44866 28.65022 11.59853 10.18189 22.46513 11.16601 0.0 14.20476 8.57978 7.88563 10.23377 12.89774 20.4696 22.71229 0.01723 15.44276 9.9429 16.53144 22.95289 32.56749 15.90687 7.45879 33.78128 25.82795 16.34959 29.13006 13.37911 10.91826 10.24781 11.26695 25.8101 16.74118 26.85232 11.09924 26.09497 21.93268 33.36987 26.66472 12.52635 15.33149 19.79021 0.0 30.68973 0.0 18.94525 
1000.0 18.00525 21.97012 10.95904 0.0 24.54033 19.01549 16.65442 24.76277 13.09509 10.98727 32.24909 0.0 14.04082 20.88148 23.82237 13.41184 25.34797 18.99475 10.23789 0.02772 27.42623 26.57723 21.22274 19.09009 22.51641 26.31479 31.80115 32.31247 10.69813 25.72228 25.77615 14.08311 16.16316 32.3838 27.83675 10.35383 30.20389 12.86569 23.89354 21.25393 20.1965 21.87222 11.58412 27.68679 20.74411 21.23173 0.0 22.39637 0.0 25.18194 
1000.0 9.79081 11.92691 6.80439 0.0 11.18931 14.84323 13.93141 11.45204 29.58883 28.67472 12.53214 0.0 32.78742 15.15834 16.82726 25.05127 9.72093 10.97366 11.47983 0.0193 10.12812 15.13582 27.40541 13.76027 30.44697 9.84558 22.17361 29.25665 13.16134 18.91347 29.32536 7.31714 14.89718 18.41308 26.51872 28.06685 25.51177 12.33456 15.57371 19.49285 22.50091 14.37909 16.83845 31.14102 16.18462 7.90515 0.0 9.93029 0.0 8.16322 
1000.0 23.82979 8.57383 16.65785 0.0 8.79762 17.32066 7.10453 14.36657 21.53005 12.97808 28.40171 0.0 23.66223 29.70828 17.29297 28.80031 33.78166 25.6055 17.22099 0.03045 12.46441 16.23247 9.73676 21.25624 25.99971 30.53233 21.16243 32.29322 17.83238 7.20409 15.10915 30.70342 26.86692 27.73462 23.57474 8.06278 26.38133 23.82145 19.66598 7.70557 13.68526 21.23409 12.59944 15.43623 14.78359 28.40335 0.0 7.36126 0.0 8.60354 
1000.0 8.11343 31.69705 23.97111 0.0 28.90644 27.46866 32.20984 30.22212 16.03913 8.53844 28.54378 0.0 15.45072 23.95134 30.0004 10.78966 28.90883 14.68744 6.78769 0.02669 29.2427 6.89549 25.18145 12.72597 21.47675 19.91278 8.54869 15.16688 12.91676 22.95689 16.1901 19.51731 23.47809 9.52576 9.56395 13.72241 14.95454 15.79174 7.61677 33.8125 31.74658 31.26748 31.89821 12.62336 31.60363 22.04812 0.0 22.32293 0.0 15.83157 
1000.0 30.55201 14.8724 16.16904 0.0 29.28062 9.19624 32.93086 9.84642 9.85551 9.5333 9.35136 0.0 20.2779 27.3474 25.37959 7.84715 6.823 10.02066 32.97468 0.03263 23.48478 21.05414 21.44392 26.64648 11.38096 22.70122 7.54755 14.06016 28.08941 10.78917 29.91357 20.81519 31.14924 9.47798 15.84487 19.44514 13.02195 16.5318 21.97397 10.74883 25.24749 25.93563 11.71632 28.46256 18.8021 16.22921 0.0 32.24753 0.0 20.0362 
1000.0 23.0971 17.6915 16.96082 0.0 16.03464 16.56772 30.86752 28.42253 28.76952 25.92565 14.11595 0.0 6.97843 33.5682 24.84303 24.39309 7.63111 11.74482 19.34137 0.0329 27.38286 22.5273 9.14572 17.51113 17.022 16.54323 17.68099 10.80909 6.96348 11.86292 27.86576 10.37236 14.26607 19.46564 7.24129 26.18917 26.4142 28.536 16.17615 23.06991 25.88269 28.41894 14.08871 28.9031 15.41296 9.12979 0.0 32.80405 0.0 28.78931 
1000.0 31.77741 22.59226 27.38935 0.0 17.22269 10.05728 16.43281 8.26105 8.19902 21.30894 13.42751 0.0 29.45656 13.85622 9.60262 22.42309 33.76433 9.43998 33.50765 0.03913 11.8537 26.37116 20.64522 18.853 11.98842 16.13767 22.78561 28.51414 13.20394 19.0526 22.76774 18.51301 9.27391 22.79749 16.49544 13.03935 31.63046 25.5343 14.81063 17.34066 19.84325 14.49324 13.85752 18.958 33.77909 24.6262 0.0 27.44333 0.0 13.76992 
1000.0 6.80956 8.53938 13.44019 0.0 14.78783 24.42612 12.30521 29.79668 12.02673 8.20237 13.43389 0.0 11.11807 15.24856 14.17383 15.91716 8.06798 12.55803 28.02085 0.0097 24.54936 8.38061 7.74597 8.90601 26.95905 29.44599 18.31548 29.23176 17.29192 32.56497 23.87564 33.63476 18.37727 8.60521 18.51286 27.13142 26.01731 11.80587 19.2538 16.73663 29.78288 29.20147 15.57135 26.21699 14.55095 9.0694 0.0 26.39042 0.0 9.96346 
1000.0 18.81695 33.0468 31.38062 0.0 25.32945 23.01322 15.84664 25.66353 33.4284 11.85746 28.96619 0.0 25.07233 19.28367 10.6602 32.77257 32.30266 33.2384 15.1577 0.03286 18.61015 16.79756 15.9969 11.6733 7.42522 33.10645 29.88089 23.07428 25.82082 25.68522 17.87793 13.48265 29.70384 7.01131 11.29438 10.78271 12.03892 23.24974 30.66651 17.63804 16.29157 11.00344 26.52239 13.30055 29.44727 12.20371 0.0 30.48971 0.0 30.27732 
1000.0 13.12391 28.88642 8.7828 0.0 32.71044 14.16869 7.89171 7.51401 25.5162 7.37542 30.86152 0.0 33.36599 23.40889 15.18896 9.82646 15.12532 26.50874 9.66605 0.04045 31.19135 15.54838 24.18923 11.91016 11.48092 7.41349 10.58083 17.14726 23.62872 20.74243 26.7681 31.19496 6.99587 12.75441 16.53432 10.31298 33.28989 29.40831 21.46937 26.348 32.4874 24.44845 27.47264 22.66744 7.86001 14.29036 0.0 29.93423 0.0 28.11317 
1000.0 0.0 0.0 0.0 13.01941 0.0 0.0 0.0 0.0 0.0 0.0 0.0 15.00002 0.0 0.0 0.0 0.0 0.0 0.0 0.0 0.0 0.0 0.0 0.0 0.0 0.0 0.0 0.0 0.0 0.0 0.0 0.0 0.0 0.0 0.0 0.0 0.0 0.0 0.0 0.0 0.0 0.0 0.0 0.0 0.0 0.0 0.0 29.3149 0.0 15.90437 0.0 
1000.0 11.34066 33.13514 18.61467 0.0 21.08561 8.20959 21.65453 8.47017 25.04812 12.26303 23.65453 0.0 32.33257 30.90643 15.7411 18.07132 12.03449 22.2109 11.5173 0.03082 18.59751 16.41889 7.18301 29.11293 22.27287 9.94599 31.74352 10.3862 22.29972 26.12944 9.82899 19.65621 27.27006 20.99101 20.7992 30.27478 31.3542 22.05315 15.06434 25.92251 26.11069 11.4307 19.63706 23.45985 16.06337 8.33236 0.0 18.24881 0.0 24.83589 
1000.0 0.0 0.0 0.0 19.84614 0.0 0.0 0.0 0.0 0.0 0.0 0.0 18.695 0.0 0.0 0.0 0.0 0.0 0.0 0.0 0.0 0.0 0.0 0.0 0.0 0.0 0.0 0.0 0.0 0.0 0.0 0.0 0.0 0.0 0.0 0.0 0.0 0.0 0.0 0.0 0.0 0.0 0.0 0.0 0.0 0.0 0.0 10.80213 0.0 21.82071 0.0 
1000.0 16.30049 22.77793 27.57129 0.0 14.23665 29.06327 18.92558 26.73698 30.01296 11.21024 14.85802 0.0 8.60479 9.59915 30.73361 13.81845 9.38277 26.85994 29.9076 0.04042 20.29749 22.57739 20.81974 32.67264 32.65802 19.13566 15.35064 27.29686 9.58833 12.90326 27.39116 30.11007 23.72663 17.08512 26.4798 21.82986 29.21302 8.92005 21.84267 33.85187 29.21004 11.74277 15.29308 18.59845 30.22346 32.32405 0.0 16.74228 0.0 10.74578 
