1000.0 1000.0 1000.0 1000.0 1000.0 1000.0 1000.0 1000.0 1000.0 1000.0 1000.0 1000.0 1000.0 1000.0 1000.0 1000.0 1000.0 1000.0 1000.0 1000.0 1000.0 1000.0 1000.0 1000.0 1000.0 1000.0 1000.0 1000.0 1000.0 1000.0 1000.0 1000.0 1000.0 1000.0 1000.0 1000.0 1000.0 1000.0 1000.0 1000.0 1000.0 1000.0 1000.0 1000.0 1000.0 1000.0 1000.0 1000.0 1000.0 1000.0 1000.0 
1000.0 34.08356 13.51849 22.37285 0.0 10.33167 30.81956 19.56036 10.18487 36.46647 28.25987 8.7103 0.0 31.10624 16.7935 25.57748 14.46366 23.35386 12.31245 13.77373 0.02479 24.83126 36.45837 17.87441 26.86256 13.26419 18.52179 12.57552 13.39663 32.47744 21.12124 27.03242 37.55371 12.14699 20.70639 20.57373 15.11714 11.27458 21.17691 23.46699 29.7586 28.49059 16.58196 35.83267 21.00803 26.44646 26.22323 0.0 14.78761 0.0 14.49121 
1000.0 36.89179 36.79314 27.63763 0.0 13.00139 29.18868 30.09393 31.16279 36.26185 24.70432 24.16712 0.0 27.90806 19.47853 40.80823 20.31025 9.69981 28.95448 10.02203 0.03255 13.8622 30.5989 33.26663 38.79538 27.21259 22.99129 40.72762 31.22967 13.49083 39.90874 11.39488 18.18425 24.0827 21.06926 40.31576 31.17632 18.23112 27.38825 16.56871 16.40336 25.55142 19.3782 41.36922 8.48232 41.81391 8.71528 0.0 18.88296 0.0 26.17388 
1000.0 11.19466 26.59652 11.9694 0.0 29.88136 24.76144 26.25481 24.95324 16.15593 16.56656 9.37879 0.0 37.6605 31.67638 13.99842 36.42416 10.55126 37.0516 20.16127 0.01366 14.4691 23.44004 27.00644 24.32095 29.22173 40.18655 40.46165 26.61255 25.09681 30.47451 39.63603 9.39757 20.47548 34.01987 38.65657 13.30467 39.71509 33.05351 8.69987 29.38777 40.06401 35.96714 29.09585 15.1289 9.81597 34.79909 0.0 34.72142 0.0 38.68102 
1000.0 0.0 0.0 0.0 32.723 0.0 0.0 0.0 0.0 0.0 0.0 0.0 41.575 0.0 0.0 0.0 0.0 0.0 0.0 0.0 0.0 0.0 0.0 0.0 0.0 0.0 0.0 0.0 0.0 0.0 0.0 0.0 0.0 0.0 0.0 0.0 0.0 0.0 0.0 0.0 0.0 0.0 0.0 0.0 0.0 0.0 0.0 10.75333 0.0 9.34425 0.0 
1000.0 31.79582 20.78734 31.38244 0.0 39.14706 32.11856 19.85056 13.72475 16.14149 11.69649 33.46935 0.0 41.09357 27.306 21.2554 12.19856 13.80656 33.553 11.42793 0.02713 17.37768 17.24094 26.22145 20.98832 10.40782 37.25475 34.34973 16.18483 33.31128 24.75983 28.08261 32.5343 15.11312 9.45094 31.57093 19.90664 40.97301 39.34868 41.55547 30.58251 40.64943 34.52234 35.50426 32.86952 26.76251 20.3251 0.0 28.16362 0.0 31.79401 
1000.0 28.17613 33.52174 28.12978 0.0 41.17327 24.67801 16.45039 15.17079 41.57582 24.25601 37.89465 0.0 29.1756 22.04226 9.39308 37.42733 26.4112 25.02688 29.85115 0.01287 21.27529 32.96508 38.096 31.16069 24.06591 19.71796 24.10901 33.79251 41.26487 42.05424 34.1444 29.21444 12.49785 16.75461 20.74509 20.95399 27.46369 14.0385 37.36332 27.18055 34.92613 39.87636 29.1014 39.77507 25.24583 14.07555 0.0 27.615 0.0 41.95621 
1000.0 22.72351 22.22234 29.40261 0.0 24.71407 20.59243 38.08457 15.12147 41.65443 11.91389 31.8283 0.0 10.40771 21.66313 35.71126 23.56982 10.3797 28.53003 27.41961 0.04493 29.00044 12.33775 25.24217 33.72454 13.56918 15.0911 27.42319 38.34194 14.04052 18.56263 26.4268 13.67234 20.59325 13.8848 19.51457 41.97896 19.46829 31.46205 21.46129 23.3831 20.98802 11.76451 19.82166 19.41128 26.18826 31.9648 0.0 32.9959 0.0 11.37872 
1000.0 37.25227 37.74945 17.20306 0.0 22.35617 25.8628 35.55313 28.48136 26.07657 36.39507 32.99491 0.0 25.78924 23.21537 41.54828 19.2923 28.02959 27.83621 29.79456 0.03574 11.7154 16.3902 32.17892 25.11231 8.53407 39.04734 32.11135 33.07132 29.85955 33.19274 31.48093 41.16833 38.93953 33.77179 19.6505 22.9549 13.34839 9.71803 35.283 36.50054 13.54656 22.48257 29.16182 31.99829 10.63414 33.49177 0.0 18.66446 0.0 36.14283 
1000.0 19.30187 40.75929 37.9094 0.0 40.50623 41.64655 21.91089 25.74075 33.93148 36.07038 37.20372 0.0 19.37131 31.85047 16.01177 41.38551 8.89669 37.23815 29.68073 0.02209 38.01119 12.15426 10.83944 31.89453 13.98833 20.03172 26.26097 39.82606 33.6086 39.31792 15.18915 39.4361 35.04654 22.14094 30.39891 25.01326 33.6623 41.29648 27.92208 31.0088 11.68273 10.47944 29.15422 30.19566 24.30165 25.19561 0.0 33.30185 0.0 41.00468 
1000.0 12.37978 28.00173 32.24243 0.0 35.52955 17.54141 21.303 29.59209 29.34091 20.85913 35.97186 0.0 20.48981 28.36139 9.8336 26.9005 29.83988 17.21494 9.93408 0.01439 32.91898 23.66628 29.9474 8.91642 25.45256 21.33861 12.84633 15.63756 28.58499 37.80228 17.27835 31.91615 21.21983 18.63273 8.70952 13.97287 19.15515 36.23535 33.21573 12.27908 22.29597 10.85083 37.73378 32.60392 22.62262 22.83133 0.0 8.6949 0.0 16.10375 
1000.0 14.14932 34.09608 33.22342 0.0 20.78317 32.04831 21.81138 13.50318 13.84526 28.74709 31.22899 0.0 36.91548 14.55288 27.81429 28.19131 40.87327 32.95945 33.79156 0.03664 29.18634 12.25097 23.3134 35.56137 27.64522 29.00226 26.35578 15.93207 34.90716 38.00132 11.11774 26.40618 36.45982 12.47228 38.31752 27.69386 16.41394 14.64404 28.99562 26.71065 17.66962 15.52083 20.26936 33.3189 39.09598 41.20102 0.0 20.69971 0.0 24.79718 
1000.0 0.0 0.0 0.0 33.75745 0.0 0.0 0.0 0.0 0.0 0.0 0.0 14.41601 0.0 0.0 0.0 0.0 0.0 0.0 0.0 0.0 0.0 0.0 0.0 0.0 0.0 0.0 0.0 0.0 0.0 0.0 0.0 0.0 0.0 0.0 0.0 0.0 0.0 0.0 0.0 0.0 0.0 0.0 0.0 0.0 0.0 0.0 22.78233 0.0 35.57815 0.0 
1000.0 21.36212 29.21528 28.98632 0.0 26.28519 25.75202 21.62071 25.22418 18.92945 14.75243 26.86127 0.0 28.31647 23.16865 40.25731 26.59847 19.12851 27.62637 11.33066 0.04489 17.10738 38.91304 13.32747 16.54156 14.08869 25.66856 19.3549 31.33389 38.48221 21.80701 37.63725 9.09312 17.90583 9.82922 23.2844 14.92085 39.99743 36.06273 32.36451 40.56329 41.48202 30.44322 22.20882 36.3786 21.19893 39.91625 0.0 23.82144 0.0 22.78725 
1000.0 33.02559 15.64512 38.91578 0.0 14.29851 22.89059 9.28008 16.64089 31.99537 14.47417 24.74955 0.0 34.8515 21.12023 40.65514 30.29602 39.54461 33.91813 13.6658 0.03594 35.38447 19.96384 38.06134 32.05986 9.46384 22.37811 15.63944 12.78456 23.97123 31.98668 25.04436 25.48349 13.59174 26.40077 20.84269 26.85826 16.47046 10.92276 20.31764 39.36806 11.33244 24.39923 13.42929 26.16306 20.41494 24.8153 0.0 38.17702 0.0 30.94534 
1000.0 30.83967 41.88216 11.45126 0.0 8.63093 16.03704 9.30265 19.39062 18.30728 28.18786 9.01242 0.0 28.87597 21.57749 38.69498 14.86123 31.8245 27.49181 33.16574 0.03183 32.93097 35.83449 26.9986 33.03286 9.86705 9.27745 31.55013 21.89855 33.21468 17.25211 33.89744 19.34855 17.38262 16.67941 28.44358 18.10461 18.7842 27.14841 10.06673 34.50987 29.28211 27.27046 19.77745 21.80071 9.59941 38.82238 0.0 41.69766 0.0 9.61468 
1000.0 24.1032 40.57321 25.12864 0.0 37.33977 19.03295 24.64999 20.20537 33.69879 39.85463 36.55326 0.0 35.68311 32.57458 36.32304 8.85787 28.21003 15.8494 26.58883 0.02319 35.5181 16.34106 12.94373 21.74222 17.33239 34.47231 12.13787 29.34206 37.58653 34.54072 8.81057 23.48779 38.74023 28.83518 25.53899 18.91902 36.19601 24.90155 14.65617 32.21155 38.16183 37.37338 27.84753 14.17979 23.70653 32.41947 0.0 31.31313 0.0 31.67734 
1000.0 28.17208 16.68085 34.04332 0.0 29.57649 27.82482 24.92475 30.07453 12.83795 31.75832 26.74366 0.0 26.33047 35.1209 14.23456 36.12655 16.74405 16.67916 21.70414 0.03754 22.24359 32.3223 28.97215 15.56447 37.25063 27.07089 28.69786 8.82353 23.9082 25.14732 39.37063 32.75636 34.0906 25.47728 20.24705 14.55319 12.23299 39.73122 9.84268 26.73048 11.39398 27.70318 39.73946 9.71906 35.93523 31.09573 0.0 38.60686 0.0 9.04961 
1000.0 40.47191 20.65124 41.59921 0.0 9.60957 9.07887 26.2794 24.5254 39.40059 30.29581 38.63783 0.0 27.62039 31.83147 20.04891 11.72163 9.99617 16.78357 10.28931 0.04299 21.48066 32.18372 31.81107 23.61639 17.55822 33.89193 15.15537 9.54365 12.43961 24.19157 11.56019 38.54806 39.83912 32.91588 16.98417 13.20678 27.62666 10.72474 40.72703 13.64431 25.3185 23.86801 41.07711 13.47148 18.4172 12.32616 0.0 21.5718 0.0 33.9889 
1000.0 27.2365 16.67438 23.22349 0.0 32.69848 35.77924 35.98919 33.51554 19.9569 33.16836 30.7044 0.0 18.03549 9.20007 33.37899 34.05144 19.69902 12.53093 31.61137 0.02337 31.13995 31.64311 20.35207 25.85026 26.16519 42.02649 23.56303 35.03213 13.1716 24.17039 20.88097 31.28276 9.83203 38.94118 11.35473 8.63482 21.35273 26.89364 24.57677 33.90657 40.35641 34.6936 33.31603 41.3755 8.80437 32.74928 0.0 27.4543 0.0 25.93403 
1000.0 0.1364 0.0476 0.17872 0.0 0.05881 0.07287 0.12739 0.03729 0.07655 0.14542 0.13546 0.0 0.14023 0.15017 0.07051 0.0811 0.05477 0.1249 0.14591 38.37284 0.10077 0.17998 0.10827 0.12393 0.12474 0.17471 0.06053 0.06011 0.17929 0.03925 0.04125 0.09774 0.17007 0.13158 0.03812 0.11068 0.09647 0.10064 0.14096 0.03873 0.17575 0.14753 0.12166 0.14582 0.13283 0.11364 0.0 0.05029 0.0 0.11062 
1000.0 21.0848 23.12578 8.90782 0.0 9.62884 33.77892 11.06598 22.60624 12.38041 32.60357 36.26006 0.0 37.81866 9.964 11.13398 41.28798 33.8575 29.63561 40.33273 0.03124 20.51112 27.77035 31.68937 16.17752 35.66762 33.3001 40.94031 20.78839 38.29468 35.40149 25.64184 23.1416 33.94522 28.05657 19.03095 39.17613 25.10728 29.29499 11.39651 22.31155 31.95841 25.56872 29.27016 30.92945 21.67483 37.02512 0.0 12.3139 0.0 34.87518 
1000.0 24.77444 41.50559 32.80174 0.0 25.27209 36.93185 24.18161 18.79655 19.7948 39.05897 37.78727 0.0 18.75843 18.54268 28.30247 12.03944 18.41638 20.30613 12.79889 0.02064 26.67887 15.50793 29.11032 29.74526 21.07608 29.45341 15.14858 21.96687 39.08305 20.38284 35.29997 9.85609 25.96227 25.40895 14.83122 11.45982 16.90486 37.07277 36.42376 9.44657 41.00821 26.818 37.49932 12.35968 17.85404 26.66701 0.0 36.55199 0.0 19.23448 
1000.0 34.21142 21.76792 9.41798 0.0 8.47619 38.128 9.28442 36.52037 11.61229 37.2278 14.8243 0.0 34.24069 20.25518 17.81585 10.46229 12.65513 17.48321 37.03562 0.03712 32.44433 13.3324 37.84133 29.16454 28.62761 27.96253 25.43538 29.50858 28.86734 10.09422 39.92462 32.55953 8.67439 36.87594 24.58765 40.2326 10.50467 41.54216 39.64639 28.47324 19.45773 37.56444 10.04508 31.0179 32.77349 29.18226 0.0 26.58648 0.0 21.38292 
1000.0 11.85455 11.66535 37.92061 0.0 15.44515 12.44647 33.00205 35.98752 10.54012 33.45255 19.81502 0.0 41.92836 32.25883 17.17705 9.26255 10.63341 41.94631 40.56863 0.04101 32.27263 25.55023 22.66735 22.25386 8.46849 35.20582 38.8096 16.42757 13.15622 33.3057 21.08081 16.86362 24.46492 28.09055 30.31757 8.59512 12.05449 35.54117 40.28878 25.92242 34.41217 22.53615 18.77315 21.75649 11.818 39.54946 0.0 18.5025 0.0 28.60389 
1000.0 29.75783 19.37527 16.08557 0.0 35.36895 21.26853 15.96882 35.39845 41.45281 38.04033 25.67758 0.0 9.85702 27.60997 25.35589 25.88689 9.57068 12.38045 16.36851 0.04176 19.25018 42.0757 11.58157 19.88733 19.69896 15.24457 41.41081 40.40188 13.94094 23.05585 9.7307 9.22148 18.57818 23.08311 26.39599 9.18386 11.71841 32.31656 35.25322 23.01547 24.19149 19.77804 30.16564 24.60855 11.45296 28.28787 0.0 24.12375 0.0 39.50907 
1000.0 31.13608 29.36325 22.35857 0.0 26.66804 41.25539 14.87766 20.89316 35.44087 12.96387 31.54834 0.0 26.21144 19.81635 10.6932 39.45693 30.29279 29.68025 28.07412 0.03969 32.08044 11.5877 15.22414 25.59766 18.77703 23.32442 41.62184 27.10547 14.91042 12.75301 42.03068 38.23749 9.68294 26.29469 15.90453 38.07872 39.90495 36.16734 12.63382 26.24117 27.48457 9.09745 31.86739 36.61233 9.37331 28.1307 0.0 32.41056 0.0 28.4573 
1000.0 40.41201 16.6446 37.47271 0.0 35.36592 16.68867 38.93091 20.55821 24.53543 26.13622 32.32087 0.0 41.36451 16.23343 33.6375 25.85166 26.8491 32.7998 37.82569 0.04447 20.20703 10.26096 34.51627 19.65171 11.80754 29.2069 29.18922 23.49246 8.90421 37.97698 31.06767 25.64421 28.84658 32.48133 24.44666 28.73818 18.66987 17.57707 41.16667 8.42764 29.59515 18.52898 10.91126 39.26973 20.76509 21.54601 0.0 32.84908 0.0 11.7058 
1000.0 21.77274 36.97587 29.52075 0.0 27.53427 33.09645 14.29273 24.4225 37.7324 27.86523 39.341 0.0 34.59605 32.09446 19.44406 19.65722 41.14358 36.8336 41.9982 0.02632 38.12614 14.70415 32.13897 30.23932 38.49711 38.15448 33.17537 40.40347 12.97736 32.6862 23.77162 11.75811 17.62082 29.67221 10.65611 35.45243 33.7896 29.77232 13.42072 19.92553 14.00686 30.7872 14.49916 26.59475 39.92124 41.54417 0.0 15.62182 0.0 39.62287 
1000.0 15.25442 37.16184 25.541 0.0 21.39498 40.70831 17.76526 28.86735 20.21005 17.77044 28.93362 0.0 36.80155 25.89708 36.05022 15.42063 31.71989 10.87161 21.39357 0.03628 38.9995 17.1623 14.70513 15.92562 12.69439 31.02242 40.71155 16.80165 15.5522 34.24857 9.78257 11.13279 37.48778 19.9783 22.25171 32.2685 25.2258 32.69914 23.29216 10.05824 41.62675 22.60992 29.59303 11.82761 15.57923 37.10495 0.0 22.56322 0.0 17.12493 
1000.0 36.98665 29.55785 18.55035 0.0 27.57847 10.30452 18.92157 28.40162 9.54414 8.83791 38.84745 0.0 35.23967 41.2857 41.96457 9.77192 41.54308 25.65941 28.50002 0.03611 14.08703 19.36511 29.50479 12.66681 36.23593 13.98066 24.60698 33.81801 33.70214 31.82356 23.64461 11.22737 29.28011 39.71924 31.63735 38.82643 40.07782 9.37813 10.61789 26.17944 10.66656 40.74746 16.39956 9.2327 35.23116 40.2959 0.0 18.52307 0.0 32.56429 
1000.0 16.34762 41.57189 12.14223 0.0 30.43206 41.95607 33.837 35.19075 13.62417 23.70308 21.20043 0.0 10.21347 10.59815 16.62486 35.71805 32.69857 41.38035 25.37879 0.03082 11.82943 26.03071 33.71492 34.25942 21.74652 10.56217 20.15884 9.37285 19.00147 20.74166 32.47783 31.17118 23.31164 41.24494 24.26063 28.45474 10.44108 18.39416 39.30662 13.80319 36.59851 34.53285 41.3574 40.8123 18.53254 21.08165 0.0 11.41533 0.0 27.44675 
1000.0 37.9004 30.8004 36.01573 0.0 14.22263 38.04134 39.87857 23.0734 16.41647 29.44957 34.82917 0.0 17.72949 37.97624 17.0783 24.12003 20.89844 32.594 41.61142 0.03597 20.8006 41.41323 13.84226 17.84703 16.23345 37.32123 26.06864 19.99513 16.218 15.15379 12.87105 10.8244 40.77251 39.16921 14.11807 10.48423 22.30376 34.39894 20.32289 13.9653 33.89508 18.33049 34.68877 31.35803 19.51432 9.3478 0.0 34.25715 0.0 25.19177 
1000.0 19.65228 40.54386 26.86309 0.0 9.22639 38.279 21.15942 27.13205 8.56087 38.8679 11.48468 0.0 30.83803 41.71899 17.60715 27.95028 20.03813 31.75225 18.09243 0.01715 39.76436 37.87202 15.51799 19.55309 40.78808 35.7845 35.48379 36.85343 24.1622 34.56523 22.05167 25.29306 28.17327 8.90637 19.55784 35.48958 33.47466 19.51448 33.75521 38.49593 14.74634 28.56452 11.97297 33.81912 39.70853 19.32799 0.0 17.39849 0.0 27.17503 
1000.0 27.69266 15.82966 20.57526 0.0 9.7998 34.66052 13.45374 14.34434 22.14298 16.91186 38.96051 0.0 28.23654 39.19411 12.39156 22.18085 40.98842 9.16043 9.78558 0.01712 29.09525 15.97076 33.46047 21.6628 24.28543 18.79983 40.84244 15.94225 8.4703 37.62614 13.56581 39.04763 22.14679 22.97432 16.97027 30.88719 25.07565 32.21175 38.73306 11.12917 38.36717 37.04526 11.48078 32.88246 33.51201 16.50051 0.0 23.10295 0.0 21.48505 
1000.0 41.80993 15.9781 27.26818 0.0 27.46002 23.53115 14.87559 34.94232 13.55457 40.12205 14.34847 0.0 38.06938 10.73149 22.28344 20.05716 13.46858 35.00614 14.58676 0.01919 19.0462 14.15143 41.87987 40.26213 17.1758 38.12535 21.72929 30.54886 26.11652 9.06262 38.4966 29.04478 26.1223 23.1491 26.50538 15.26359 16.0363 24.90122 24.81849 16.35229 33.86203 19.86205 17.39986 35.31932 14.54692 30.95245 0.0 11.91098 0.0 10.65238 
1000.0 35.86846 9.45918 24.78427 0.0 36.93757 34.95387 33.97521 36.52848 13.46244 21.81132 19.60338 0.0 27.1009 11.4485 28.46733 33.18445 23.82182 40.20391 34.44875 0.01215 39.7245 10.22602 11.83861 40.92207 35.49382 12.86335 36.29246 33.00992 26.94888 19.02189 16.87084 23.45599 40.04281 40.20967 30.16487 22.84856 27.3881 24.54986 25.55321 17.66725 36.78007 40.12205 36.02962 15.00472 15.98598 39.1054 0.0 33.90925 0.0 22.4235 
1000.0 23.47391 36.16734 25.95113 0.0 16.40346 12.80066 28.04297 13.14727 28.13013 12.86007 17.57728 0.0 25.06244 30.72229 17.6993 14.19421 35.83454 41.58108 20.89319 0.0374 34.79363 23.82601 16.20892 18.8325 13.39502 41.83989 21.42419 12.04042 24.35166 41.19842 22.4198 15.17778 13.0698 9.77598 9.50684 26.34845 23.47977 35.4242 32.16305 13.32521 22.07439 27.18667 29.23993 28.13259 17.34979 21.05884 0.0 26.99528 0.0 14.89904 
1000.0 30.51799 24.02003 33.20628 0.0 28.19788 27.6787 18.93654 41.23002 15.38315 13.32233 29.61936 0.0 24.43871 17.28585 29.2275 31.79823 35.81668 34.65233 10.70917 0.02815 33.75092 27.84952 19.72908 17.45496 11.06269 10.77408 41.18454 38.04089 24.96349 38.92325 18.1598 22.13913 31.7769 25.80779 12.18313 31.22164 30.94981 14.91289 39.16434 11.65025 28.48038 22.69204 11.22032 24.64945 15.4155 21.57271 0.0 20.27829 0.0 33.83917 
1000.0 39.64528 24.23074 36.56669 0.0 11.36643 40.87281 17.12873 30.6852 27.66525 25.27099 22.87395 0.0 20.39582 23.55659 17.70099 30.85155 16.35105 9.37339 11.8832 0.03315 40.43971 13.80024 28.39247 26.24129 11.92879 32.08326 40.28483 14.90641 10.18002 9.85463 12.13957 11.65478 12.6064 41.9646 37.18383 19.00382 24.97361 30.24426 19.226 28.13811 32.36027 32.25966 22.91921 31.97172 20.33465 32.77269 0.0 33.0839 0.0 22.39446 
1000.0 21.29056 21.17953 8.51956 0.0 37.31447 10.5813 40.19537 17.14713 33.42784 29.85425 41.85861 0.0 41.01994 21.47079 23.41538 31.40138 12.32552 34.64985 33.47473 0.03568 29.83649 22.54672 39.90482 18.49511 37.04833 29.7456 41.73654 25.88876 11.17135 18.82337 21.33382 21.47372 24.47121 27.01013 30.32645 18.97579 17.8838 35.11744 31.75864 9.27365 16.30669 14.75578 32.79135 34.64968 15.33244 23.45565 0.0 8.98431 0.0 21.50451 
1000.0 21.57252 12.27518 35.47635 0.0 14.41527 17.43262 20.405 37.08381 13.93585 29.52471 34.28296 0.0 31.70314 32.0703 21.93349 18.63661 9.43171 34.44439 17.23944 0.03247 18.72593 31.30073 23.31606 27.35376 38.17094 25.98255 20.21589 29.6244 22.09369 33.26841 27.43065 14.29783 29.66793 26.19419 27.16163 13.49469 40.28525 36.07625 16.17682 28.0705 8.50442 9.848 27.34666 14.43389 35.40996 30.33411 0.0 11.34622 0.0 29.64462 
1000.0 11.1037 17.45914 22.90919 0.0 32.87417 29.63525 11.20214 42.09294 39.45136 21.94854 21.02561 0.0 36.52697 13.94281 30.15292 27.51048 32.94251 36.97434 34.7086 0.01809 31.94232 14.18719 39.63284 29.23888 15.86739 32.46175 25.77353 9.70195 20.09763 40.77817 26.93251 12.44107 13.67443 28.29492 22.87936 32.60392 9.50368 12.26444 19.74339 14.78047 40.08385 41.16717 29.85707 32.19883 29.90218 12.68532 0.0 19.87518 0.0 38.56505 
1000.0 39.99262 19.51585 30.94572 0.0 12.57454 24.37446 16.08968 29.05251 26.59607 17.77902 41.90769 0.0 24.80706 12.78422 39.03097 33.01143 40.8239 17.998 25.31179 0.02509 25.74756 38.68144 41.84698 37.34159 21.26942 31.18128 30.15676 14.50823 20.24187 17.10824 33.46185 38.76594 39.97499 29.89675 23.95887 17.73113 21.87892 20.04586 14.27471 11.94422 11.42021 28.97957 23.54399 22.06117 37.17503 27.60771 0.0 19.12525 0.0 28.97136 
1000.0 33.22197 25.8092 32.89978 0.0 27.74045 18.31295 32.87639 28.73772 18.46556 29.26842 38.86527 0.0 8.56929 16.68715 36.11676 31.63619 23.95811 38.53709 35.55663 0.02648 21.10715 24.30408 29.29605 20.54677 33.19218 9.28761 9.11156 11.24981 18.66567 27.43864 11.91157 36.03507 18.50394 21.69212 37.81511 14.30836 33.80949 24.1843 40.8753 16.21596 8.44442 39.84688 29.53152 11.26791 40.64324 23.94193 0.0 17.94769 0.0 28.79513 
1000.0 27.08868 28.97738 17.49959 0.0 31.3306 39.26767 31.97684 36.1765 12.73832 37.1765 13.26067 0.0 40.26161 10.75698 16.11765 38.70009 34.62135 27.31988 17.91808 0.01434 28.94235 11.71173 10.94128 39.74328 28.21431 25.27883 37.26259 16.02529 40.69181 10.99577 26.21447 13.11579 22.65598 25.8305 23.1718 29.37096 20.16371 40.49585 23.10855 37.42604 21.04796 29.49058 25.51782 39.8855 18.99849 41.34773 0.0 20.42441 0.0 21.84292 
1000.0 18.52752 13.63216 34.37186 0.0 21.03422 15.68066 40.6457 19.82431 40.85023 17.00543 11.54682 0.0 20.05692 25.49396 17.11525 10.58392 19.43794 11.83972 22.77254 0.0428 9.20657 30.11728 21.0304 26.02753 18.10229 41.37038 14.76191 34.45629 27.29207 18.25174 25.30358 41.0532 41.65543 36.15672 31.49408 20.26235 35.198 13.35036 27.64407 25.59178 41.74604 34.03389 8.53576 27.60831 13.63675 39.47456 0.0 40.16895 0.0 24.97924 
1000.0 0.0 0.0 0.0 39.69923 0.0 0.0 0.0 0.0 0.0 0.0 0.0 28.87968 0.0 0.0 0.0 0.0 0.0 0.0 0.0 0.0 0.0 0.0 0.0 0.0 0.0 0.0 0.0 0.0 0.0 0.0 0.0 0.0 0.0 0.0 0.0 0.0 0.0 0.0 0.0 0.0 0.0 0.0 0.0 0.0 0.0 0.0 36.67743 0.0 12.2122 0.0 
1000.0 11.41567 27.99357 16.96112 0.0 37.18965 14.18655 9.47955 41.45864 25.76566 9.02134 25.47725 0.0 10.44937 33.83292 21.20842 20.76843 16.20729 35.53598 29.99353 0.02371 12.63027 40.00863 9.15683 17.52017 34.40205 22.2841 24.8333 24.90052 34.59226 8.58275 22.86024 31.89888 37.17675 12.87822 10.98976 39.9495 37.4571 31.23692 38.85001 35.57802 28.68406 20.63807 27.45486 31.66711 16.82363 39.4656 0.0 40.88221 0.0 13.18556 
1000.0 0.0 0.0 0.0 36.39395 0.0 0.0 0.0 0.0 0.0 0.0 0.0 19.73919 0.0 0.0 0.0 0.0 0.0 0.0 0.0 0.0 0.0 0.0 0.0 0.0 0.0 0.0 0.0 0.0 0.0 0.0 0.0 0.0 0.0 0.0 0.0 0.0 0.0 0.0 0.0 0.0 0.0 0.0 0.0 0.0 0.0 0.0 12.55327 0.0 39.15183 0.0 
1000.0 9.62332 20.45464 26.52311 0.0 17.15747 39.02299 33.0607 39.58979 38.20746 28.49556 35.62662 0.0 18.75912 18.31894 21.04578 21.59773 25.22307 18.93637 21.00445 0.02209 41.88689 10.56495 15.21049 16.74978 33.72685 12.74777 29.1965 14.81828 28.8732 27.10344 21.57013 8.71593 14.41092 11.80853 27.93906 21.74769 35.65272 29.42752 22.55067 21.20869 37.68516 17.97101 18.10353 10.23846 22.4061 14.61552 0.0 35.82276 0.0 32.50711 
