1000.0 1000.0 1000.0 1000.0 1000.0 1000.0 1000.0 1000.0 1000.0 1000.0 1000.0 1000.0 1000.0 1000.0 1000.0 1000.0 1000.0 1000.0 1000.0 1000.0 1000.0 1000.0 1000.0 1000.0 1000.0 1000.0 1000.0 1000.0 1000.0 1000.0 1000.0 1000.0 1000.0 1000.0 1000.0 1000.0 1000.0 1000.0 1000.0 1000.0 1000.0 1000.0 1000.0 1000.0 1000.0 1000.0 1000.0 1000.0 1000.0 1000.0 1000.0 
1000.0 11.96282 21.19465 30.00145 0.0 21.06514 35.71245 47.12669 13.9184 34.67032 16.48679 17.5498 0.0 39.6255 40.38406 45.73341 41.06319 32.91547 14.15945 45.21453 0.04371 26.34561 11.93495 37.53582 23.70452 29.21777 37.01989 14.98789 21.7603 26.53184 36.12896 34.93382 43.547 26.30487 19.52307 15.12832 14.04334 10.10769 35.49829 44.29512 25.23336 44.85892 15.44813 20.36656 44.08017 37.96336 10.5395 0.0 37.76203 0.0 12.26579 
1000.0 16.64244 43.14008 12.36921 0.0 31.84869 31.97421 23.04202 41.8411 41.99894 35.39409 28.47671 0.0 33.86289 20.39003 22.69206 44.77295 26.11097 45.34266 23.4341 0.02608 44.53337 43.52241 16.37686 33.58252 18.86114 26.20929 25.79966 40.14666 26.38404 22.62705 45.47732 46.35151 45.54107 16.08702 30.92054 45.49649 23.85785 18.20178 42.89974 40.92181 26.52847 37.31065 16.39854 25.50848 27.42959 33.21991 0.0 19.86152 0.0 40.72466 
1000.0 37.70648 26.11442 17.45931 0.0 23.64692 24.05359 32.22036 26.162 23.59089 38.24988 17.47145 0.0 33.6657 10.85698 22.02782 36.24347 12.86252 20.24428 11.11063 0.02383 42.34742 14.42423 41.4049 35.15209 45.23356 38.03483 11.43009 35.81408 22.0276 12.08425 17.95409 45.95247 22.2093 15.31504 12.36306 14.48382 32.83467 46.69528 41.58512 24.36803 15.09551 20.27343 36.98301 21.80138 33.2755 13.97508 0.0 17.09309 0.0 45.54856 
1000.0 0.0 0.0 0.0 32.79754 0.0 0.0 0.0 0.0 0.0 0.0 0.0 12.30732 0.0 0.0 0.0 0.0 0.0 0.0 0.0 0.0 0.0 0.0 0.0 0.0 0.0 0.0 0.0 0.0 0.0 0.0 0.0 0.0 0.0 0.0 0.0 0.0 0.0 0.0 0.0 0.0 0.0 0.0 0.0 0.0 0.0 0.0 14.94768 0.0 33.91226 0.0 
1000.0 39.82821 46.80022 31.97668 0.0 28.5904 38.85493 28.29072 20.83212 16.25601 23.1039 29.21841 0.0 9.6564 20.41964 25.34993 22.4911 14.07527 44.40403 44.71223 0.03418 35.2083 26.11004 37.09147 24.02904 30.83394 21.36744 42.03909 38.19697 14.34623 22.87294 15.44033 15.90172 40.16559 41.63291 9.9432 26.32392 13.83231 13.61412 36.52549 25.15588 34.52997 15.23181 32.6463 17.85599 28.20058 10.48876 0.0 36.48414 0.0 26.67872 
1000.0 12.79693 19.61158 43.99936 0.0 41.88514 32.43137 41.93838 29.86009 44.80128 14.09586 37.20177 0.0 34.96519 36.26582 12.44425 32.89892 26.19883 37.701 43.02918 0.01742 27.85392 15.0942 38.84152 23.41883 15.19988 32.44995 13.91538 45.54186 20.14927 39.81766 46.31965 46.22889 24.3842 37.23687 18.3375 10.50271 30.69179 28.47139 11.45347 43.27986 27.09207 22.53288 18.8467 34.93531 22.07209 10.84609 0.0 34.2399 0.0 18.85951 
1000.0 38.54441 32.70917 33.40594 0.0 30.65952 45.96634 32.41255 37.14023 11.34462 42.40516 32.32487 0.0 9.88419 34.62917 31.16475 19.37508 42.35148 11.42461 43.31652 0.02349 16.73631 30.45441 27.09383 46.74715 11.03371 22.1972 22.94618 27.2587 22.39316 39.7083 44.56298 20.51604 10.79555 28.36333 32.14117 18.07219 32.87076 27.10075 10.03805 17.92608 40.13887 17.83886 22.73881 34.52013 22.34216 13.07461 0.0 24.32753 0.0 44.64499 
1000.0 14.40025 45.20817 27.08834 0.0 11.93947 28.07242 17.44231 43.69186 10.1838 37.9365 28.13583 0.0 47.02779 17.13361 25.1081 24.19217 47.07732 27.31495 31.18418 0.02819 11.92093 36.98902 40.86628 31.07168 19.7652 39.35275 40.02492 11.57016 36.65737 24.76353 20.80817 28.45351 11.77477 45.16513 24.05988 26.85432 28.84204 30.29682 21.65329 27.24203 43.64963 37.87131 9.47512 35.7465 39.80326 21.60306 0.0 36.15131 0.0 16.45106 
1000.0 26.50873 42.61315 23.70271 0.0 45.0594 44.60939 24.60734 23.39069 28.0062 45.13283 13.7355 0.0 28.36355 21.15378 18.06189 26.88732 44.63161 19.02569 29.13333 0.02459 10.29775 17.65008 22.10827 34.96064 41.6309 14.63061 22.22118 19.37741 25.07816 29.8525 44.11675 32.10485 27.03987 39.15925 30.57985 24.38788 25.11445 16.34327 12.02576 22.94658 24.14967 25.98919 19.94236 34.88301 36.13787 35.00548 0.0 25.96572 0.0 24.7803 
1000.0 10.30053 21.89435 17.31511 0.0 31.1611 33.53295 42.62005 9.50069 47.1544 33.26962 43.79683 0.0 40.38124 22.82562 12.52278 34.07247 24.50643 42.77653 30.17175 0.04715 10.9227 10.39072 30.28244 38.56407 13.61627 24.65018 29.99276 29.42485 27.61634 41.34389 36.95256 39.21206 14.31938 21.9073 35.09761 40.3608 13.0112 20.26175 37.72383 45.09823 16.59178 41.58077 12.93671 18.69485 25.27212 24.22804 0.0 34.14925 0.0 14.58545 
1000.0 20.13873 45.02765 16.84761 0.0 24.25527 33.38872 19.70384 13.98032 25.37873 38.52876 21.0477 0.0 14.11012 16.57702 37.46109 44.0036 41.99548 25.27698 40.55164 0.02058 16.93914 39.80296 35.39168 23.4587 31.44361 43.53045 19.99053 12.56414 40.43204 25.91468 39.27575 29.55133 44.8069 10.6557 34.27243 45.30013 21.51507 24.89132 33.78351 18.98465 47.11301 19.33682 43.93896 13.13708 43.50422 24.0385 0.0 46.18198 0.0 23.78321 
1000.0 0.0 0.0 0.0 41.7157 0.0 0.0 0.0 0.0 0.0 0.0 0.0 34.21831 0.0 0.0 0.0 0.0 0.0 0.0 0.0 0.0 0.0 0.0 0.0 0.0 0.0 0.0 0.0 0.0 0.0 0.0 0.0 0.0 0.0 0.0 0.0 0.0 0.0 0.0 0.0 0.0 0.0 0.0 0.0 0.0 0.0 0.0 17.41879 0.0 41.56585 0.0 
1000.0 33.66667 20.88766 38.66533 0.0 11.53469 27.36056 10.79088 16.53244 14.83929 11.62771 20.84007 0.0 38.81387 14.03499 12.00126 36.86289 47.35476 21.14653 16.56512 0.01221 18.91897 25.45169 14.97712 30.39948 37.50755 19.46558 45.43965 12.54711 43.53454 40.9431 45.26896 14.52023 14.10585 45.0432 17.2952 33.09743 39.14402 23.36635 24.91844 44.43249 24.55643 43.55977 18.97613 18.77628 42.61782 22.69431 0.0 37.56645 0.0 31.23561 
1000.0 22.37226 26.19469 46.3426 0.0 33.41625 27.37172 34.78614 46.259 16.00474 15.29699 39.75216 0.0 37.30152 38.41805 43.84756 27.36497 27.88766 45.08585 26.48455 0.01518 35.67006 31.89588 15.71716 19.07488 37.05547 45.57173 15.22517 24.57304 9.88358 34.37272 17.55225 32.06659 33.29479 26.1724 26.04593 12.47528 17.00277 32.60837 12.41553 13.0313 23.35767 18.90602 39.73061 45.9972 40.05951 12.87846 0.0 21.95149 0.0 45.44207 
1000.0 16.64978 29.667 15.20667 0.0 38.12827 13.06308 40.57571 42.1605 27.4221 42.00026 36.68005 0.0 41.12479 17.35135 28.44916 26.46172 17.57813 44.66852 35.58253 0.01639 36.91295 16.45814 27.94852 30.81614 36.98233 42.96646 44.75874 28.70572 15.21475 31.59975 19.98817 46.09592 24.82707 24.98424 33.67039 23.1449 26.00756 33.41103 32.35781 40.91628 15.08262 40.91689 37.27966 11.74847 45.95709 16.65412 0.0 28.46232 0.0 32.45263 
1000.0 22.17424 43.97 26.86048 0.0 33.6055 18.86616 10.63319 34.70197 41.41473 34.26925 33.94846 0.0 28.68374 25.7677 20.28885 32.09157 34.61515 35.8076 40.5431 0.02318 30.12637 15.39265 21.75233 17.1494 14.72773 33.09798 17.49691 27.76584 13.04013 18.88789 23.87841 11.45413 36.76086 42.55429 15.80087 46.98878 35.77021 12.20943 25.86791 36.70907 46.12916 16.26727 11.47487 14.24611 20.19593 34.57711 0.0 12.08906 0.0 27.95928 
1000.0 14.41826 44.72184 16.54995 0.0 29.67911 44.99738 38.96986 15.82705 44.33139 40.96996 34.85462 0.0 19.45298 25.83332 41.47621 22.38886 19.69571 25.23122 27.15031 0.03133 22.95863 16.49428 45.98674 31.86508 13.85158 12.94499 31.10503 15.38151 11.34517 36.46054 9.64099 25.47006 28.19857 40.43218 29.17323 26.75963 32.22801 26.70521 46.96105 41.83901 31.4389 12.38173 17.09161 12.94606 36.49246 28.55204 0.0 40.38682 0.0 15.31792 
1000.0 35.03153 30.41819 27.11992 0.0 43.44919 26.89567 33.27942 45.64156 36.48722 35.33379 45.30885 0.0 20.94997 21.32905 44.32773 23.47503 20.32049 22.2786 28.47815 0.0399 12.85658 42.03399 46.24767 24.6298 22.62779 30.88582 27.86431 13.88896 45.08199 41.46849 44.79173 19.33671 14.9567 40.9459 24.85456 28.50132 30.83681 23.20973 16.7382 37.89124 14.39618 16.38075 19.40658 21.28012 37.57792 32.49961 0.0 29.53564 0.0 37.88129 
1000.0 19.76848 10.38036 18.49154 0.0 44.59065 17.63065 43.20753 37.45201 45.06485 11.10057 32.89687 0.0 43.80667 23.74269 12.31025 25.30005 32.91976 20.20977 43.08332 0.03473 20.91421 41.78567 38.32622 11.70239 39.36159 25.00152 30.70845 12.32655 17.97853 47.0196 38.64001 25.13792 31.33401 45.85423 28.81168 24.02427 14.08909 37.29554 32.26151 23.72393 23.44466 36.56377 13.36027 18.70004 15.61288 40.73142 0.0 19.83086 0.0 16.36299 
1000.0 0.15675 0.06144 0.17594 0.0 0.1772 0.12299 0.17191 0.14746 0.07617 0.13947 0.09205 0.0 0.18767 0.1854 0.16077 0.18771 0.17471 0.16801 0.09013 32.99398 0.16892 0.06522 0.15023 0.19184 0.14103 0.05743 0.19204 0.11556 0.13983 0.17801 0.08101 0.16483 0.16995 0.16799 0.12375 0.15781 0.09772 0.17931 0.14099 0.04613 0.17018 0.07289 0.16548 0.1256 0.1161 0.17019 0.0 0.17752 0.0 0.11881 
1000.0 30.87375 32.01606 35.71249 0.0 45.34657 32.22831 11.70921 25.97106 22.28182 13.23471 41.35914 0.0 9.92946 40.27849 23.7805 27.09747 26.11406 13.91848 41.52705 0.04723 31.08818 28.27445 34.95562 10.67519 19.79333 10.09923 28.57465 46.87721 28.97102 10.33323 23.35608 18.95543 42.50938 14.91501 40.84866 19.50848 35.37236 44.66013 28.55404 22.45407 27.91216 9.68429 31.67522 37.25899 23.50319 33.18468 0.0 38.77204 0.0 29.19725 
1000.0 41.101 17.96546 29.1225 0.0 22.79019 14.6245 32.42885 24.51099 39.71309 14.76592 11.89902 0.0 38.51853 45.43562 19.67772 15.76047 13.63026 15.56085 41.74309 0.03435 25.12187 46.46094 19.34206 33.01288 43.82173 11.11973 14.09512 9.90423 24.97986 38.15594 20.26447 43.30743 20.36648 28.96712 46.61796 29.31228 47.10658 42.88612 24.82901 45.37054 33.2211 17.50058 16.29492 40.17029 15.71854 17.86791 0.0 11.13554 0.0 20.85557 
1000.0 17.67206 47.14067 43.2595 0.0 21.22579 43.07743 29.68637 31.5097 35.52709 17.21097 34.02759 0.0 15.54418 13.49639 34.7289 13.68698 36.38817 25.83884 18.16612 0.01438 25.64995 15.04286 33.2573 39.04028 20.22594 10.26801 15.53106 42.4697 41.03207 39.71 34.76718 26.02532 37.11479 18.97813 14.94843 22.18017 32.40762 26.01844 15.352 37.00239 9.72789 39.41281 32.04846 41.16512 30.51784 28.70591 0.0 15.1955 0.0 35.61588 
1000.0 28.28781 42.30065 39.00227 0.0 24.536 26.70816 39.33265 14.25866 26.21193 9.6647 22.80315 0.0 39.76227 36.31587 14.83276 18.55058 23.643 24.2568 32.11652 0.02628 42.69861 32.2466 29.88959 34.2834 39.74603 18.95739 16.82545 26.01857 16.3434 43.47586 27.32714 40.56567 45.62914 9.63513 34.37248 45.48557 12.14307 38.64046 32.32412 9.69942 44.63556 14.34509 19.75869 25.41765 36.88774 25.83139 0.0 46.33321 0.0 38.46638 
1000.0 25.27641 20.10307 39.52361 0.0 46.16479 47.29886 10.00458 39.59373 46.68733 30.25038 19.99589 0.0 39.39092 43.75099 31.49622 46.93523 32.82702 28.60003 40.59352 0.02304 37.7742 14.164 37.54137 13.31303 34.37087 44.87646 43.94648 39.5354 16.88094 33.49561 36.02491 23.02667 33.31834 20.52437 42.67951 34.89933 10.02837 37.32843 15.61324 13.21326 34.03998 46.16913 39.0055 41.47737 21.18465 47.04149 0.0 34.48954 0.0 41.40751 
1000.0 31.54258 40.58648 18.30317 0.0 12.17513 25.40297 22.10537 44.47709 23.02107 29.13424 42.97344 0.0 20.95304 17.98875 29.38434 20.62489 35.36087 31.42741 37.3257 0.03928 21.45904 47.24084 23.01239 34.88366 9.59014 33.12721 44.64968 40.02842 26.72382 14.10551 32.87274 20.93568 32.75206 20.20118 39.5605 17.17229 31.14952 32.13139 16.97317 27.7833 14.77469 34.89815 16.243 18.49126 29.7463 14.45608 0.0 32.91274 0.0 30.7342 
1000.0 34.67261 46.45149 41.67912 0.0 10.97656 39.63312 15.69245 24.72273 27.66693 20.67386 44.40687 0.0 23.20755 20.34579 37.54491 41.56447 17.35615 24.28841 29.77738 0.0236 29.76593 41.86238 33.21816 24.88628 16.15071 26.93738 44.7131 10.09802 33.43878 44.29109 45.28147 15.66908 24.4146 12.99275 18.42019 35.74376 31.74865 10.95575 34.8328 28.66343 33.28339 34.25614 29.76156 11.58575 20.78362 14.59141 0.0 21.94236 0.0 42.13129 
1000.0 21.26213 12.05037 29.37013 0.0 37.02947 44.78738 12.56887 27.04284 42.92865 27.932 35.24253 0.0 19.46129 21.55117 18.26952 32.70741 20.0548 31.3992 23.26912 0.03668 25.41971 12.73732 41.54427 28.04275 16.11584 27.70164 38.70906 15.77417 19.75757 39.48145 32.35487 40.42693 34.27203 44.06734 38.21356 10.58214 12.90305 34.17939 28.6837 18.66395 27.89488 13.04398 14.68735 45.57663 40.71601 41.24755 0.0 40.32287 0.0 10.44616 
1000.0 22.46521 19.48039 23.51838 0.0 11.25252 44.55606 38.07691 18.23273 17.58143 43.28052 47.36869 0.0 15.17821 30.6134 28.6017 22.51668 25.83268 24.94232 11.61002 0.03587 24.29687 18.85941 25.77748 33.42142 13.23399 41.81092 14.80709 16.82299 14.24867 19.56406 31.36786 44.39573 19.6447 10.25176 38.02089 10.5416 18.93995 37.41377 41.79424 32.13023 20.69687 37.83657 44.16091 35.88682 15.11149 25.80915 0.0 44.89669 0.0 13.82345 
1000.0 22.30726 43.81386 35.35112 0.0 26.77213 46.60688 11.1559 18.49836 11.87729 38.7772 12.71957 0.0 41.4619 23.13703 22.50853 22.10025 46.83945 13.98316 18.74119 0.02056 14.20833 36.47086 28.94153 17.34415 10.19815 47.03569 23.52026 33.89277 13.04504 24.61272 33.58708 27.66891 22.60763 13.30412 14.66255 19.99401 33.02008 17.94446 32.99461 20.12971 12.26611 20.69933 34.19223 19.44348 27.72533 29.32128 0.0 18.73152 0.0 33.31319 
1000.0 20.53103 36.26084 26.42926 0.0 35.89649 18.01071 16.01865 40.50214 9.63782 15.94324 12.43837 0.0 18.52849 22.49293 39.978 30.21458 15.50076 22.9039 32.90107 0.01295 43.47913 42.3863 28.71467 46.31052 28.67458 28.29526 24.21399 10.3082 15.24439 31.26814 42.31131 19.94264 30.12653 45.22376 25.23301 33.28642 33.74121 42.22538 15.59203 37.75476 13.15862 34.89044 14.43783 11.776 16.44338 34.67801 0.0 19.59564 0.0 10.03578 
1000.0 32.21401 29.61917 22.68246 0.0 38.0388 26.64595 12.17927 20.61233 15.59263 23.7016 28.56925 0.0 24.97577 24.32374 9.74286 35.36575 35.56546 15.98393 41.91165 0.02667 26.14688 12.39966 35.89429 26.93427 21.9449 20.43756 37.72897 30.74459 27.75518 42.39879 12.53902 12.49722 10.38005 27.67956 14.17528 22.93057 18.58051 38.92193 32.83135 19.59067 40.0602 12.74976 38.86937 25.22112 31.82434 13.50404 0.0 32.71773 0.0 18.92963 
1000.0 44.79405 21.73813 24.75919 0.0 29.6398 27.46439 29.04196 41.50822 23.37977 12.53358 34.9833 0.0 47.26317 9.74822 12.7571 20.91983 23.86642 16.13061 45.76286 0.04553 21.93052 43.23161 21.38802 29.13596 16.96723 44.2747 19.26571 41.962 42.9604 19.65373 42.69623 43.72151 14.68726 25.00326 36.8062 41.89441 44.6862 16.41061 14.61208 27.34194 36.27215 16.09743 17.2272 17.85942 30.79667 23.47175 0.0 42.67853 0.0 37.16342 
1000.0 33.65242 33.15233 32.20559 0.0 9.53869 45.4786 29.69683 19.65152 38.51476 10.79195 19.25762 0.0 33.96461 19.63786 34.74906 29.97304 41.41374 31.05581 15.33578 0.01452 16.2984 43.31576 18.45941 11.08725 14.70301 21.80689 33.9239 16.9757 39.17114 37.93855 20.4456 45.22178 38.06223 34.41693 45.60732 18.01126 38.8195 14.74807 35.02411 23.31699 34.3878 36.89208 39.81694 22.80302 46.2311 37.94156 0.0 38.51612 0.0 33.47842 
1000.0 44.73059 33.69396 40.92449 0.0 40.91877 24.58344 34.61836 27.67698 32.18787 11.87339 17.03576 0.0 36.83188 11.98953 36.30958 24.25663 34.48689 40.68315 12.30094 0.01966 21.50544 32.04798 29.94666 12.90275 10.88894 26.50831 12.61556 28.13403 26.74738 10.9296 39.63174 22.12746 32.08803 33.66892 15.76395 35.82678 37.12426 46.3787 24.75305 37.79634 41.80293 17.02124 13.27404 14.31933 22.69112 11.90686 0.0 36.67249 0.0 29.28098 
1000.0 34.55514 42.26613 21.55954 0.0 32.74457 45.14921 25.50275 23.22302 15.63894 38.96775 33.45619 0.0 23.85997 44.95115 22.10302 42.12745 41.9015 10.61579 34.9495 0.03595 38.47509 12.964 38.36349 31.62281 14.53844 14.24529 9.73092 43.45472 14.78754 33.2106 25.44819 9.656 34.15932 35.81551 11.28903 43.0404 25.4577 29.46759 24.98782 24.87162 29.76229 17.04201 22.27272 36.95107 47.31445 26.92076 0.0 39.83053 0.0 28.91852 
1000.0 14.47983 45.35734 22.23011 0.0 20.86177 38.01842 17.78593 12.29752 19.79514 15.28107 44.30546 0.0 39.86443 25.30874 33.40424 29.50728 20.19536 21.95482 40.87348 0.02181 24.7844 24.79078 36.06216 40.06081 38.98905 37.9707 41.34837 27.80577 39.98282 34.02656 23.8098 35.25827 43.55738 15.49935 21.14259 28.52908 43.5258 15.78206 27.13161 11.83046 22.93621 22.87437 39.06119 33.81831 43.0046 13.06644 0.0 35.18839 0.0 9.91017 
1000.0 36.95944 43.32112 28.93261 0.0 11.53055 19.47368 12.29834 44.57814 25.2794 18.12066 25.15018 0.0 41.32218 22.21384 15.94282 39.49974 21.31698 36.68678 19.38055 0.02329 31.10149 11.62362 22.74304 29.38364 30.69756 26.81073 34.06022 12.60218 32.0716 46.25052 27.09609 44.38183 18.35227 21.0334 28.7903 34.79416 45.85785 13.34136 14.50412 40.46416 25.14178 12.77 40.54633 20.89008 21.30526 34.90395 0.0 33.30871 0.0 25.81185 
1000.0 10.89934 35.21385 29.64706 0.0 28.20006 38.58609 39.11525 29.05975 25.83711 32.54926 9.86044 0.0 24.05787 18.68426 9.97354 17.42548 35.25916 20.37908 19.03454 0.03201 19.03222 41.04926 26.67193 20.70122 34.49728 35.48453 27.13268 26.70732 24.81546 29.65738 44.81422 28.1679 12.46832 25.38626 19.99757 44.4816 38.89642 12.3189 33.4153 19.32186 27.96269 10.00155 43.67656 30.93989 32.01175 11.98846 0.0 43.58849 0.0 9.81477 
1000.0 24.27421 36.51624 31.33286 0.0 13.9028 39.79198 13.74819 44.65799 12.63466 39.90128 22.88779 0.0 34.75831 39.26094 20.07888 46.60622 46.2078 33.56524 26.67861 0.02604 22.52498 10.57357 15.11178 44.42064 13.06369 27.1333 35.86714 11.66542 36.51953 9.99449 37.06746 38.9936 44.62907 28.18033 24.22856 15.80965 12.04882 45.00701 25.8529 22.449 33.23581 12.33049 39.99596 36.85234 38.53276 21.63223 0.0 11.00298 0.0 42.75887 
1000.0 23.31479 32.97268 41.46698 0.0 24.34756 31.56646 40.32795 40.55247 33.26774 47.01454 26.75925 0.0 32.18616 31.7942 33.64978 29.68186 31.42524 24.10574 36.88779 0.02356 44.51724 39.7227 18.66094 30.55836 28.73422 47.32932 17.47984 22.25844 26.01009 46.58673 9.48542 32.84651 27.94542 9.76946 32.5595 23.57472 35.53939 39.09059 43.41238 43.41782 31.33586 38.35306 37.62625 33.77098 21.40007 40.91204 0.0 32.14732 0.0 34.45023 
1000.0 45.2134 20.94983 19.35915 0.0 38.61343 13.32104 9.89508 35.3844 28.41029 19.28701 44.95648 0.0 46.8806 29.51028 30.79716 41.57318 31.22118 32.28704 15.56035 0.01712 26.01166 38.55562 25.31111 25.849 41.46985 41.74929 14.01286 43.35675 34.3742 16.68758 13.44993 18.37265 36.13907 25.86347 42.4347 46.47149 45.12611 35.26847 21.47884 32.07159 23.12796 44.0985 28.72724 26.9009 28.29341 28.41697 0.0 41.50566 0.0 40.74671 
1000.0 25.14159 45.80547 38.57842 0.0 45.53849 10.4089 30.37893 12.00882 10.52068 14.50442 46.1903 0.0 34.21138 21.91171 40.85193 25.15582 30.38916 28.90357 18.93889 0.03008 11.65609 16.03266 21.74631 36.77378 26.50629 38.13063 37.79503 11.72698 41.25224 12.9501 24.33366 19.23538 47.23103 25.66523 34.28048 16.15652 41.65738 44.44522 22.17671 35.6042 30.56879 12.97864 34.55378 22.32554 27.57262 15.16519 0.0 38.21039 0.0 36.60189 
1000.0 11.20179 45.97066 31.04987 0.0 21.67547 23.93245 14.75078 42.20991 27.89707 46.66265 36.50837 0.0 23.45137 19.28392 15.71943 31.11965 41.64346 35.83652 16.71095 0.01922 36.42597 41.66673 10.00932 13.23242 41.77738 13.26384 16.92715 18.24666 26.98645 22.97876 25.49134 11.30145 25.22407 47.26548 33.87718 9.83028 41.87822 16.95517 32.62591 22.92374 45.69107 20.85864 12.62094 17.02635 29.10063 17.97863 0.0 16.07586 0.0 16.4674 
1000.0 17.27256 31.53064 22.54634 0.0 45.03028 15.88514 30.34249 44.27728 28.19266 14.21911 45.77511 0.0 35.85028 18.98046 29.11314 27.5731 17.51226 30.87126 37.69897 0.03402 12.42372 27.37287 15.44555 35.50305 9.51829 11.82324 13.32363 16.09518 27.65788 36.57474 16.63709 45.79787 23.17401 25.1047 16.2567 11.84979 18.66838 21.63956 31.85964 18.45659 38.7922 18.55187 21.84237 30.94838 18.23818 18.49671 0.0 15.02829 0.0 33.60386 
1000.0 25.5523 31.69886 33.76053 0.0 42.54742 47.18019 15.35444 21.23206 47.30876 19.58576 35.0987 0.0 14.18335 40.36191 43.02241 26.8749 18.66042 41.23842 10.39917 0.03018 33.47726 33.48685 26.32671 26.11048 12.44898 19.13117 43.8125 19.85778 27.80708 38.25412 44.76833 26.04754 38.64769 15.03239 37.84874 44.93947 21.27225 9.6553 34.58609 28.04033 15.11431 26.80831 39.26177 44.52266 35.40496 35.41525 0.0 15.21754 0.0 27.04617 
1000.0 0.0 0.0 0.0 17.27871 0.0 0.0 0.0 0.0 0.0 0.0 0.0 42.66859 0.0 0.0 0.0 0.0 0.0 0.0 0.0 0.0 0.0 0.0 0.0 0.0 0.0 0.0 0.0 0.0 0.0 0.0 0.0 0.0 0.0 0.0 0.0 0.0 0.0 0.0 0.0 0.0 0.0 0.0 0.0 0.0 0.0 0.0 27.28756 0.0 43.93383 0.0 
1000.0 28.90457 31.4905 44.17497 0.0 41.32899 16.60405 20.69326 12.28886 10.92725 41.54507 41.47941 0.0 45.65335 13.29263 26.41798 42.07206 27.09139 37.53769 18.06263 0.02142 25.76072 26.71076 25.83242 39.70447 18.45975 39.10376 34.09537 42.02206 17.16872 27.36893 40.00907 30.64651 14.42681 42.77903 45.3997 16.84044 36.61781 35.7988 45.3998 22.06936 25.08337 20.03969 21.15307 37.65528 46.0524 34.32238 0.0 45.71749 0.0 33.59456 
1000.0 0.0 0.0 0.0 29.84416 0.0 0.0 0.0 0.0 0.0 0.0 0.0 29.10429 0.0 0.0 0.0 0.0 0.0 0.0 0.0 0.0 0.0 0.0 0.0 0.0 0.0 0.0 0.0 0.0 0.0 0.0 0.0 0.0 0.0 0.0 0.0 0.0 0.0 0.0 0.0 0.0 0.0 0.0 0.0 0.0 0.0 0.0 33.43576 0.0 45.44586 0.0 
1000.0 32.48178 36.94944 32.309 0.0 18.68585 41.91214 31.507 45.37413 28.67766 22.55922 32.03935 0.0 19.08771 23.66861 13.5743 40.86616 36.46557 24.54766 10.29372 0.01559 26.27454 42.01021 28.07229 39.9055 20.55379 13.98603 10.12796 13.9105 14.58905 14.76476 32.59841 16.19259 24.93178 32.66506 14.75102 13.75075 34.50092 42.51527 10.96682 12.20585 45.11978 22.78079 43.26414 15.25167 12.83284 14.49807 0.0 21.26846 0.0 25.61272 
