1000.0 1000.0 1000.0 1000.0 1000.0 1000.0 1000.0 1000.0 1000.0 1000.0 1000.0 1000.0 1000.0 1000.0 1000.0 1000.0 1000.0 1000.0 1000.0 1000.0 1000.0 1000.0 1000.0 1000.0 1000.0 1000.0 1000.0 1000.0 1000.0 1000.0 1000.0 1000.0 1000.0 1000.0 1000.0 1000.0 1000.0 1000.0 1000.0 1000.0 1000.0 1000.0 1000.0 1000.0 1000.0 1000.0 1000.0 1000.0 1000.0 1000.0 1000.0 
1000.0 26.53676 27.92883 39.18631 0.0 14.4069 35.32854 39.41522 39.90971 16.34997 25.9615 20.56556 0.0 16.09616 30.49877 42.96858 35.31536 37.21822 16.8208 43.94904 0.0388 26.78938 19.45685 28.29202 11.5853 40.21477 12.3349 13.90739 38.61096 17.82559 16.15904 10.78923 12.96232 36.66031 25.81094 31.60559 20.67691 19.08875 11.78914 29.21124 29.36063 18.09985 29.69632 22.02433 12.11709 43.82445 28.54885 0.0 43.09369 0.0 10.91458 
1000.0 13.94544 33.22131 28.24437 0.0 35.84497 39.24258 33.26781 36.33389 17.83545 30.66178 35.5825 0.0 39.36437 36.79909 21.2584 20.73747 11.5198 38.07468 23.52446 0.01466 39.56994 32.25533 15.98232 31.13486 37.46513 14.67711 31.77098 33.99723 24.53804 16.05353 40.31887 20.66089 42.32641 32.38749 29.19136 37.3705 11.50619 40.18621 31.32969 28.05273 32.9156 14.97381 25.034 14.95072 41.32927 13.61619 0.0 11.32117 0.0 39.85099 
1000.0 9.84798 13.20716 38.74334 0.0 18.49548 11.5563 10.94659 12.62388 34.8874 26.53589 19.64004 0.0 29.70358 12.68951 27.85315 41.57413 25.84633 15.50719 19.19962 0.04262 11.67384 36.73226 38.29796 11.63119 41.87984 9.77425 36.6579 11.7435 28.81168 18.37555 15.55865 31.24371 41.29806 14.51648 32.25945 9.13863 36.29461 9.07658 42.48054 26.72779 26.48001 43.39545 37.66932 17.65121 27.72121 13.29104 0.0 31.18834 0.0 12.72457 
1000.0 0.0 0.0 0.0 13.49356 0.0 0.0 0.0 0.0 0.0 0.0 0.0 19.78086 0.0 0.0 0.0 0.0 0.0 0.0 0.0 0.0 0.0 0.0 0.0 0.0 0.0 0.0 0.0 0.0 0.0 0.0 0.0 0.0 0.0 0.0 0.0 0.0 0.0 0.0 0.0 0.0 0.0 0.0 0.0 0.0 0.0 0.0 19.56139 0.0 27.5092 0.0 
1000.0 12.99637 11.10152 26.2247 0.0 32.59626 23.08551 15.16954 43.66298 42.38692 24.35888 39.68381 0.0 19.27819 24.86239 38.48704 37.16017 35.0595 15.104 23.52188 0.02348 36.77836 39.05096 20.6739 19.86069 19.50267 33.90525 28.13187 40.03913 28.68637 33.64932 12.83059 40.43829 15.8487 26.71817 36.49581 39.01389 18.16972 24.62329 24.71021 34.49756 23.20841 26.74896 15.18013 13.49216 43.30733 29.95653 0.0 18.65392 0.0 39.89227 
1000.0 21.95759 14.74323 34.84471 0.0 11.63032 21.6898 30.56239 33.17834 37.96129 12.20924 15.99231 0.0 33.23074 37.42083 36.87482 36.35074 38.5489 29.11492 20.07908 0.0202 37.58827 9.4375 23.74402 12.4286 19.79095 22.96456 37.64785 17.99704 19.609 14.54747 22.29419 19.43927 12.10242 14.66711 22.79553 28.44642 14.22529 28.24131 40.20651 38.35646 18.93141 24.25874 18.88657 34.42064 11.49799 32.26212 0.0 31.4745 0.0 41.1853 
1000.0 27.53509 9.02998 35.18102 0.0 30.2283 17.00813 11.78731 40.0334 25.55031 16.77888 26.00924 0.0 41.37921 43.61863 12.19296 32.20369 17.38193 12.57057 20.89546 0.03285 14.92019 34.93601 17.41374 37.8179 25.56619 22.50156 17.51591 35.6236 15.08445 25.7819 21.88774 15.31684 25.15142 31.27059 29.09562 33.45926 19.49683 9.1529 35.97297 37.19861 36.14527 17.04505 36.55728 26.15043 9.16311 32.9303 0.0 30.77605 0.0 28.80807 
1000.0 11.56009 31.60213 18.11117 0.0 16.76809 13.71993 37.56943 29.69129 41.87655 21.14039 9.80338 0.0 35.70784 29.5749 40.85357 10.7524 43.34036 37.93011 35.37125 0.02863 23.43628 23.59599 29.08471 33.38063 22.0199 43.15116 28.58357 39.37991 32.65744 12.97296 21.82515 24.70687 41.15916 20.15508 19.92619 39.58072 37.48243 10.6221 42.89977 17.07478 13.18843 25.81447 38.04868 9.90342 17.47103 34.50448 0.0 16.78312 0.0 12.95635 
1000.0 42.97051 31.57134 16.88866 0.0 43.39727 40.99974 27.10866 19.58182 27.9194 13.50037 33.72424 0.0 9.62518 37.82239 21.05177 36.89513 9.50207 14.87666 21.7479 0.02271 31.07747 26.74673 42.56605 28.78565 22.1476 15.01166 41.56823 27.05227 36.56691 33.6545 42.49361 15.0465 29.543 15.22597 42.6438 21.35474 38.2302 26.11165 40.41826 27.74323 19.88597 10.79756 32.34367 31.84778 42.83213 18.76124 0.0 42.18589 0.0 26.3504 
1000.0 39.36957 9.3374 8.86078 0.0 35.65067 21.97551 32.3391 28.24209 9.58354 27.08272 39.26439 0.0 25.50596 41.80099 39.79809 21.74085 40.57463 16.20232 20.92578 0.03589 11.97476 35.05373 18.16472 41.33469 26.66622 9.78067 11.74253 15.91144 37.36515 29.84085 37.22089 34.53547 37.30159 37.33335 9.18442 18.63474 18.99036 31.69621 29.41264 14.64264 35.50174 35.24094 9.67829 18.40673 19.4771 42.12601 0.0 25.92956 0.0 34.48377 
1000.0 17.537 25.87863 36.26327 0.0 25.73731 15.84848 33.66554 28.921 25.16493 29.4679 37.086 0.0 32.47167 24.10368 23.15624 36.36146 42.40285 41.28422 25.77263 0.01063 42.60719 26.00721 40.20873 38.35169 15.45737 11.34433 14.84013 25.74731 23.67592 41.95781 35.51001 20.23142 34.99559 33.71131 16.90567 11.54332 32.26464 10.84795 43.27948 11.34579 26.84555 37.86783 36.8547 20.14443 35.06482 36.63267 0.0 18.12782 0.0 40.65644 
1000.0 0.0 0.0 0.0 24.34498 0.0 0.0 0.0 0.0 0.0 0.0 0.0 19.64198 0.0 0.0 0.0 0.0 0.0 0.0 0.0 0.0 0.0 0.0 0.0 0.0 0.0 0.0 0.0 0.0 0.0 0.0 0.0 0.0 0.0 0.0 0.0 0.0 0.0 0.0 0.0 0.0 0.0 0.0 0.0 0.0 0.0 0.0 34.47363 0.0 40.14766 0.0 
1000.0 15.36036 41.21794 24.61234 0.0 14.91553 26.01085 17.67905 42.75794 27.60884 13.2762 41.61636 0.0 41.5899 14.4511 29.87152 21.18056 37.00378 35.67822 43.08288 0.03815 11.40496 9.39334 34.96143 21.81905 29.7681 14.4871 15.76749 18.13996 27.94813 38.91648 9.41371 10.67212 40.61358 37.25534 37.10324 25.61312 32.29892 28.7322 40.5815 35.34436 30.92607 39.3026 19.51423 33.33781 37.08352 25.10855 0.0 37.16049 0.0 29.34509 
1000.0 21.11532 42.17682 21.77872 0.0 32.77082 17.46621 37.55398 12.29569 21.37154 11.49787 20.64373 0.0 36.99662 36.13625 38.88141 29.04777 32.58414 21.97593 26.76476 0.04613 42.75164 16.83918 43.24836 18.91873 9.34776 12.99545 41.07601 35.90216 22.72303 20.86973 19.18664 14.02497 29.0056 41.26549 16.10105 34.58148 10.00042 37.22472 18.51255 41.37413 37.68737 32.47182 42.20024 16.0399 39.48601 14.90143 0.0 19.51373 0.0 12.21742 
1000.0 29.661 43.36468 23.02313 0.0 23.85399 30.20396 17.58338 41.649 32.35637 31.05898 21.25947 0.0 25.71102 28.88329 21.92617 9.69579 18.92773 12.46727 12.93135 0.01446 35.73181 22.01804 31.91158 15.80845 30.16906 24.71594 32.97717 10.31814 16.76819 9.5261 23.43721 13.7417 18.94691 34.36754 10.84547 21.99316 21.65343 43.40992 27.87486 26.30499 27.55448 35.4574 11.73597 33.31659 16.98041 15.00611 0.0 36.304 0.0 41.89598 
1000.0 10.731 20.91059 20.19364 0.0 37.6896 32.04651 17.10167 15.05502 32.42334 11.96236 38.50116 0.0 19.91225 28.49643 30.83442 16.27281 34.4838 36.74248 30.70208 0.03825 15.55042 43.7932 32.77595 31.82306 20.34823 39.01616 13.09155 14.66707 43.97799 11.84088 40.08992 15.70784 11.76068 35.51413 27.71438 35.18917 16.10049 35.40145 40.86449 39.69084 20.80806 26.38267 10.1223 23.5954 36.73306 41.99111 0.0 30.77726 0.0 17.21009 
1000.0 31.04297 24.59662 39.21 0.0 39.49 29.40155 43.16323 30.25241 29.75548 39.92826 33.42769 0.0 14.16247 26.31138 9.2814 20.33251 39.67389 9.19427 28.30581 0.03797 34.26337 32.23359 9.76807 34.72027 37.09925 28.25924 14.55817 27.45152 21.54474 11.6981 36.49531 27.60372 40.73445 16.84652 29.10425 11.30071 21.53551 17.83502 13.99867 25.97095 32.02816 11.19443 31.10219 19.81474 21.48008 29.15018 0.0 30.3653 0.0 21.04975 
1000.0 14.74489 16.27751 19.69414 0.0 31.85991 40.70855 35.55021 39.8459 13.78444 37.95709 14.26391 0.0 32.37851 18.84285 25.50191 9.49765 15.98134 23.17051 12.95189 0.02656 14.18382 35.02699 9.28815 17.57799 30.53475 10.60625 43.86353 14.3745 14.53738 34.37965 22.14671 14.69227 15.11801 40.95382 25.99806 37.52787 31.09123 43.44476 40.46377 10.15975 35.3491 9.75458 27.50058 11.60405 15.52768 37.56651 0.0 24.8702 0.0 42.91035 
1000.0 40.82976 35.63628 21.30714 0.0 24.30659 33.61845 15.23324 13.61753 13.09624 35.6689 22.97562 0.0 23.17965 37.34368 17.59482 23.29885 42.90818 9.93633 15.00396 0.02332 28.38744 40.38929 15.02985 22.55751 9.37669 29.40131 25.56352 18.7994 18.98792 16.50944 26.79099 31.98524 19.95415 29.63925 9.12083 43.12431 16.17287 34.03453 26.32517 40.64773 41.48165 36.15903 12.18023 26.97823 11.26138 17.64727 0.0 28.32826 0.0 15.76615 
1000.0 0.09747 0.08004 0.15574 0.0 0.18006 0.16466 0.05708 0.08169 0.05631 0.10091 0.17507 0.0 0.11293 0.09314 0.04292 0.12389 0.0647 0.06568 0.09088 12.13617 0.14849 0.15197 0.09857 0.0563 0.10092 0.05078 0.10532 0.14914 0.08257 0.05052 0.12597 0.09751 0.11425 0.17029 0.12148 0.06457 0.05721 0.17438 0.15117 0.08911 0.18025 0.04069 0.04266 0.11327 0.1814 0.10143 0.0 0.10397 0.0 0.08049 
1000.0 40.97856 36.2456 40.35127 0.0 27.76246 34.84594 37.06519 10.44463 13.31654 38.40315 33.09003 0.0 24.91457 20.83338 31.47942 30.75226 14.24477 28.05902 42.45168 0.03544 9.34929 23.72832 26.81271 10.3057 19.30433 24.78311 28.63359 25.40868 20.51609 36.03827 13.8839 22.09529 9.33646 29.08731 30.32987 21.35528 37.44645 35.44632 23.78646 32.44637 21.16145 36.11879 34.06396 11.13557 42.26139 39.53276 0.0 40.35432 0.0 37.71895 
1000.0 25.50173 15.38034 21.20506 0.0 18.47087 29.16973 20.36492 12.26612 15.58151 20.14032 37.38511 0.0 25.96158 43.82758 10.26684 39.61933 23.27991 29.98464 14.38386 0.03699 10.46193 19.66333 37.16097 13.78715 24.41644 28.3682 18.32682 39.96598 24.39133 17.72375 37.62619 43.20559 12.98998 19.10997 16.49687 40.04452 33.83379 25.08399 16.43635 30.68702 31.40208 37.51323 11.14165 43.45047 15.55427 22.54314 0.0 30.58526 0.0 43.00138 
1000.0 29.66002 12.6258 31.25573 0.0 22.87824 30.18104 17.4531 27.52656 21.80446 23.12095 17.2044 0.0 14.68008 18.78512 16.54564 36.06641 10.87755 21.22124 20.24856 0.02695 25.17302 21.09288 29.95972 38.18352 13.84268 33.81821 13.70459 29.91074 32.10056 31.85246 25.53903 15.49613 39.34736 12.89122 29.48132 43.46587 16.98286 33.99097 25.38026 37.92769 14.10266 33.16728 36.03943 18.03247 24.68731 24.27145 0.0 20.60048 0.0 28.68215 
1000.0 23.2716 19.78601 27.3354 0.0 21.32017 32.64062 20.38557 36.81586 28.76854 29.30922 22.05431 0.0 43.31866 25.84624 11.10265 10.22116 39.20315 43.24542 37.42534 0.02665 34.84943 26.00197 32.53016 29.04032 39.59499 39.5116 17.74007 28.17455 19.59778 42.89543 37.76748 23.6214 20.0593 23.76794 19.05059 21.65765 20.09163 19.51834 23.64612 9.85361 8.90709 27.82717 11.43507 23.63814 33.16514 34.12369 0.0 10.35521 0.0 29.10918 
1000.0 40.76296 33.50565 18.10982 0.0 18.87011 32.62814 21.89188 13.87926 12.9112 25.43626 26.22265 0.0 14.70332 8.9208 12.43306 18.78975 43.01035 24.73142 31.46824 0.02608 25.22993 41.98583 26.67895 31.19177 34.27862 37.72801 19.25303 11.3963 17.4826 10.10666 13.48309 29.87179 30.58991 14.26657 24.03986 42.45692 18.97668 37.1315 14.006 17.63738 34.98822 37.32371 9.04548 11.02293 31.687 24.83963 0.0 30.08435 0.0 15.87315 
1000.0 10.95924 28.26604 24.29314 0.0 15.68386 42.21364 27.5553 37.89344 20.83329 24.07713 40.89132 0.0 23.15877 15.76543 32.38641 20.53638 37.68479 34.38129 39.49531 0.027 32.37675 14.03975 40.18664 27.41881 15.81099 42.83554 21.27625 41.162 42.31091 43.95343 40.66296 23.72118 15.50134 43.49687 23.11385 12.96779 43.74445 25.79673 30.34046 37.26719 24.41872 32.19657 33.70313 22.03811 27.09118 34.77106 0.0 15.61031 0.0 21.02645 
1000.0 22.95782 25.01479 42.92978 0.0 17.36562 11.09972 12.06421 9.60285 21.22917 23.2546 31.25161 0.0 10.82473 30.11925 43.85761 39.683 15.43609 37.93096 38.20892 0.02012 23.88734 30.40919 33.03875 14.77356 41.62067 43.04983 40.55167 29.62149 19.22293 41.79697 33.56096 33.96524 28.9266 20.08113 16.49105 35.19367 40.1164 28.10885 27.0692 29.73503 12.59255 39.25062 9.51745 29.386 43.09828 13.20103 0.0 17.0881 0.0 42.05291 
1000.0 27.30256 27.45752 21.97476 0.0 39.39449 15.71201 16.03857 30.63928 40.66237 31.65406 14.74043 0.0 38.46189 31.40171 37.03118 21.75479 36.32004 13.95075 10.28905 0.01591 24.59984 21.55565 9.94824 34.84941 20.51031 23.40552 35.83776 9.32362 23.43622 19.1932 21.8787 16.36471 41.42847 17.27221 15.20651 39.44783 10.36911 36.83493 14.30343 38.74826 36.11359 11.05776 10.43024 18.67691 39.16953 12.31892 0.0 12.16651 0.0 39.85664 
1000.0 38.19655 11.52697 25.69796 0.0 34.94946 12.63356 21.42099 25.99915 24.68428 30.70432 17.989 0.0 20.42886 16.12895 24.4373 16.31934 28.41417 16.56645 9.47007 0.04382 34.44552 29.60292 16.28935 15.8782 19.62298 12.926 35.0555 14.81203 29.45968 20.02637 38.16494 14.36446 38.0102 24.10956 43.02251 34.13398 23.74665 34.44451 25.51733 32.2826 24.75407 42.4899 9.67284 13.45251 17.94208 20.35029 0.0 29.97727 0.0 14.03115 
1000.0 17.94374 25.41171 35.91095 0.0 15.50981 11.84458 39.95499 39.18612 22.57519 23.80937 33.29026 0.0 12.67385 42.00482 12.53954 20.94707 13.90837 37.62521 37.91746 0.027 31.29965 17.68145 26.73964 31.24578 8.98841 11.02748 27.61692 34.02943 35.50537 32.55136 27.97531 20.91108 20.80719 26.84256 10.97402 34.02136 42.2244 27.58777 29.87241 23.97198 17.00785 10.70798 40.18922 26.14561 15.10709 27.34142 0.0 18.69951 0.0 9.4924 
1000.0 34.94751 40.96285 33.37471 0.0 42.81619 17.83163 10.49348 37.68888 31.27719 42.30022 34.78468 0.0 27.99531 40.95837 39.22765 24.0562 37.4546 12.60279 38.65297 0.02605 28.77955 9.68485 39.6887 19.55547 19.67911 37.60242 17.05499 38.79121 26.53992 34.15587 19.66922 27.60481 22.69797 34.0512 28.17454 10.40617 11.69632 29.62011 37.72199 27.72342 20.28425 14.96032 18.7884 34.5939 14.51687 15.7349 0.0 31.0058 0.0 24.4321 
1000.0 27.48685 21.60973 37.41164 0.0 11.53358 43.25403 29.57754 38.59134 25.3023 22.45367 22.68615 0.0 36.96616 28.10949 15.03987 9.42158 14.22518 27.92207 15.96415 0.01797 12.35477 24.23307 16.92914 36.08935 42.47317 35.66626 22.648 17.32357 38.7745 18.1294 14.73149 10.42172 41.02811 15.14029 28.48842 13.02925 20.2747 22.73616 9.98506 16.94391 25.38558 34.17981 9.25307 28.59378 25.44181 36.43602 0.0 42.75753 0.0 22.33381 
1000.0 22.54851 26.31453 19.66247 0.0 22.73847 25.41021 14.10698 40.31683 25.92145 39.31796 38.30908 0.0 17.86314 41.24201 36.78245 33.20703 23.41888 25.32036 16.3468 0.04581 14.58415 41.00487 9.71755 14.04307 36.72352 13.49869 14.61587 25.81741 16.15755 8.81065 20.79624 24.40784 42.21923 22.82098 15.10229 12.74679 36.59007 36.38276 42.30039 13.17977 39.73334 22.59854 23.20792 26.44241 21.26532 16.53569 0.0 14.44518 0.0 33.78025 
1000.0 30.08868 21.4945 19.73779 0.0 25.42852 37.81086 30.56516 25.0937 13.86658 23.5166 30.49571 0.0 20.99144 22.99645 37.48408 33.85193 41.46018 17.69906 24.19835 0.04578 26.14808 31.42604 35.64501 26.02382 42.41505 22.48564 17.08459 41.86841 18.72839 19.0459 25.96588 22.12826 32.15329 34.03539 35.62562 8.93964 24.71708 21.11481 23.51088 18.68886 37.06435 25.41595 36.1952 13.67119 31.5729 26.58313 0.0 15.20295 0.0 31.06383 
1000.0 18.23902 27.89305 10.75643 0.0 18.39898 18.16278 17.43043 27.53946 38.48431 23.18585 29.60334 0.0 15.36116 9.02799 28.00863 37.4058 9.8874 38.98438 30.24765 0.02925 37.8585 31.32427 22.34376 38.92077 31.41496 17.30221 36.26899 20.79069 39.5355 12.46649 34.34869 36.99568 41.68993 16.79796 15.27769 23.08368 30.85754 34.34644 20.71144 15.95281 22.351 18.32009 11.92409 35.89682 34.63913 11.41149 0.0 19.24122 0.0 20.14344 
1000.0 34.33274 24.35463 22.86471 0.0 27.11918 31.64639 43.06339 11.17514 14.50615 17.94152 29.5387 0.0 27.56652 31.69111 43.84627 24.86574 38.94614 30.79201 35.41588 0.02053 43.24011 13.26034 15.03775 41.68105 12.87553 19.59355 13.79075 25.39199 23.51495 30.61084 37.9963 40.03025 20.01176 30.21065 20.63201 41.65937 36.12367 19.53247 32.47242 34.52372 26.08511 28.54121 24.17832 30.75096 32.73245 33.32174 0.0 37.23585 0.0 17.50084 
1000.0 14.86394 11.77114 30.7112 0.0 42.70085 20.05601 10.03837 19.0091 29.43968 9.40899 39.99227 0.0 35.30497 9.95357 32.03747 13.44215 18.82471 18.61067 25.30724 0.00951 27.70331 26.12372 37.86653 19.59177 18.37298 31.62846 10.62289 30.72977 33.68624 43.86919 17.33855 18.56922 30.15181 26.60209 41.46446 41.22856 38.50504 25.10488 37.01181 18.8881 41.604 28.61313 23.31295 10.9841 23.96346 30.805 0.0 40.50887 0.0 42.38204 
1000.0 11.16465 42.48786 13.43498 0.0 18.77664 35.57843 41.34617 27.27822 38.05873 39.77695 28.35652 0.0 28.11616 35.80287 11.28492 24.62189 20.43185 31.69442 17.04448 0.01809 37.16006 37.88401 13.24635 33.51814 37.73079 43.73653 40.48826 39.53194 36.1561 12.94139 18.11003 10.30342 37.09141 22.90725 18.76249 29.13181 33.47391 10.8108 28.26074 33.05044 21.1389 33.17331 40.30875 23.18382 35.95401 10.21511 0.0 23.46252 0.0 42.16179 
1000.0 31.57831 11.04275 23.91033 0.0 19.57883 19.56147 20.9102 24.11632 11.21032 15.53179 15.72289 0.0 12.89393 17.2735 34.08957 38.20008 9.11547 43.36113 21.21985 0.02004 25.56335 43.62857 32.53504 40.38609 39.72417 14.70828 31.71647 16.56654 14.13241 31.75604 19.69855 20.47411 41.31344 14.80906 17.15514 14.00246 31.99254 19.80731 14.25888 17.89986 14.65488 29.56187 36.25185 21.72337 26.13421 9.21234 0.0 23.26006 0.0 42.45429 
1000.0 8.83889 20.83994 24.09744 0.0 24.61087 39.99563 14.03456 15.00758 39.4521 36.80665 37.67246 0.0 43.99088 20.92476 21.79934 34.88022 16.04038 29.45187 39.99937 0.03596 20.50972 17.82583 34.13779 12.57536 36.56905 29.27337 40.77847 10.54691 35.60222 9.22143 19.69729 29.90561 25.65415 28.6212 32.60992 41.80776 32.11594 30.63903 34.42841 28.25332 9.48031 41.43874 34.8412 37.25472 40.5211 40.602 0.0 35.25063 0.0 30.49975 
1000.0 32.53633 20.72848 14.13453 0.0 15.7578 10.26049 32.73169 43.29489 34.89215 41.31406 28.44208 0.0 28.56955 32.19469 22.86426 9.07 15.02863 22.91305 22.1808 0.01161 37.66679 42.05609 11.40276 14.24073 21.05201 22.24911 10.56098 37.35238 11.34105 18.20336 41.76111 9.06875 38.3074 39.68409 13.59652 39.52966 28.94418 39.2742 17.88551 38.93028 12.53651 43.04635 43.54915 35.40274 12.13138 10.64769 0.0 35.16921 0.0 20.39059 
1000.0 31.48321 29.26438 33.95111 0.0 14.03143 18.36787 14.26033 24.47035 20.46005 40.86968 24.88026 0.0 22.82051 16.24912 23.82618 36.15605 33.28737 18.51014 28.40759 0.04456 35.82077 22.14762 26.61511 28.07516 14.46414 25.80423 40.03746 29.90069 30.38289 29.44819 19.27774 42.19086 41.76331 35.05631 17.4748 25.71668 29.99019 43.96552 34.4711 37.59531 16.31315 36.48132 10.74687 23.51476 17.24953 42.99787 0.0 35.54491 0.0 36.62737 
1000.0 35.28885 40.35134 39.04965 0.0 21.36825 37.1458 33.67818 38.99501 30.38317 20.29835 10.98645 0.0 27.69826 29.24485 24.92638 10.8147 11.18456 10.59034 29.50462 0.00997 37.4104 39.76355 42.72149 25.18022 29.25546 20.45189 9.50036 33.25829 12.76923 31.80187 42.85414 43.7572 11.8127 41.76844 17.78863 28.81556 26.2964 17.57889 42.7211 9.8348 24.69952 43.65715 17.99076 26.46413 37.88346 34.84833 0.0 18.30831 0.0 22.65363 
1000.0 24.68339 24.62857 30.26408 0.0 34.17512 31.93831 13.85327 20.33807 11.15354 40.2628 24.16516 0.0 38.22814 13.90992 38.33886 21.8316 14.01528 14.22946 10.2244 0.0343 29.16146 24.50258 13.06782 36.37236 31.83254 15.15278 16.13421 22.01929 15.56814 20.34665 35.01246 37.30072 32.55505 35.10228 34.29444 12.80325 33.82202 31.67817 19.09233 40.56768 40.57661 32.02594 26.25114 20.22741 30.55221 17.57839 0.0 25.6947 0.0 37.53147 
1000.0 41.31043 21.89934 34.76077 0.0 21.6567 11.11942 10.64701 22.21134 38.21984 32.19742 29.46657 0.0 12.97318 41.89267 13.91423 33.51971 24.85656 27.10684 39.30448 0.03556 16.21974 22.57393 24.78465 34.00493 9.50435 9.81283 32.3637 18.84691 35.04361 36.25525 32.03538 41.67383 28.62178 26.298 37.42758 20.09779 21.50349 39.67957 27.24373 40.87032 19.03213 24.32624 27.33445 38.94245 22.74417 32.01861 0.0 32.41078 0.0 22.32581 
1000.0 25.49241 38.40786 18.43842 0.0 33.78574 30.60723 34.74821 20.24933 41.26351 24.77848 26.87974 0.0 21.44356 35.7444 38.25204 33.17952 22.52654 17.35365 23.1504 0.02175 11.12322 15.20555 13.04429 18.44549 16.67401 40.43084 23.63526 18.89597 39.44336 20.60458 21.64955 43.90112 20.19106 40.49863 14.03718 14.27648 30.79556 35.18616 24.68668 14.5857 19.17692 34.6249 10.97588 22.55207 31.87772 43.7432 0.0 37.81485 0.0 21.12232 
1000.0 0.0 0.0 0.0 37.72126 0.0 0.0 0.0 0.0 0.0 0.0 0.0 43.88414 0.0 0.0 0.0 0.0 0.0 0.0 0.0 0.0 0.0 0.0 0.0 0.0 0.0 0.0 0.0 0.0 0.0 0.0 0.0 0.0 0.0 0.0 0.0 0.0 0.0 0.0 0.0 0.0 0.0 0.0 0.0 0.0 0.0 0.0 39.04805 0.0 31.59287 0.0 
1000.0 37.69024 33.70424 9.69117 0.0 25.19368 43.39001 13.75803 11.84747 12.85458 21.64145 18.3055 0.0 25.98197 20.09134 21.8146 16.53537 10.44348 31.55302 17.27865 0.03068 30.18727 26.72371 15.87594 37.18707 25.05813 17.54204 39.70057 17.29995 22.3189 38.10405 25.10441 11.20178 35.04594 37.07008 33.66097 9.00451 30.62379 32.98871 17.30386 14.93174 28.99163 10.35366 36.74289 36.44989 30.38296 40.29615 0.0 15.48351 0.0 30.01771 
1000.0 0.0 0.0 0.0 23.5504 0.0 0.0 0.0 0.0 0.0 0.0 0.0 17.25785 0.0 0.0 0.0 0.0 0.0 0.0 0.0 0.0 0.0 0.0 0.0 0.0 0.0 0.0 0.0 0.0 0.0 0.0 0.0 0.0 0.0 0.0 0.0 0.0 0.0 0.0 0.0 0.0 0.0 0.0 0.0 0.0 0.0 0.0 14.1224 0.0 13.7898 0.0 
1000.0 39.95492 22.2057 43.5149 0.0 11.92147 18.60737 27.31918 42.72995 28.11711 43.38071 41.68425 0.0 24.32928 10.52872 33.24619 10.72146 27.13932 19.48109 23.84319 0.04203 34.20377 17.58169 10.18088 33.61973 23.62497 12.40924 24.30655 36.83028 23.68144 18.54297 22.19526 12.77405 21.40647 43.34104 23.62299 23.393 31.24792 33.22823 42.78272 28.07444 36.00489 23.35579 40.49744 27.05703 40.3037 23.55681 0.0 16.78425 0.0 23.2041 
