1000.0 1000.0 1000.0 1000.0 1000.0 1000.0 1000.0 1000.0 1000.0 1000.0 1000.0 1000.0 1000.0 1000.0 1000.0 1000.0 1000.0 1000.0 1000.0 1000.0 1000.0 1000.0 1000.0 1000.0 1000.0 1000.0 1000.0 1000.0 1000.0 1000.0 1000.0 1000.0 1000.0 1000.0 1000.0 1000.0 1000.0 1000.0 1000.0 1000.0 1000.0 1000.0 1000.0 1000.0 1000.0 1000.0 1000.0 1000.0 1000.0 1000.0 1000.0 
1000.0 41.53206 11.08338 46.43307 0.0 19.43581 42.86694 33.83909 16.70455 27.33841 10.56526 22.42569 0.0 39.06638 45.77632 37.03506 23.48473 34.82655 42.20624 48.66299 0.01139 33.32155 31.25767 10.18173 13.00951 40.56374 10.604 15.29599 34.90819 28.95666 25.03903 43.12016 12.19673 48.90703 48.21979 13.0108 43.60804 29.11216 31.69852 22.99998 12.1952 30.59933 43.61804 44.12919 16.98275 24.00316 31.90617 0.0 46.60983 0.0 45.25529 
1000.0 16.4431 43.8134 37.62086 0.0 47.07156 9.95986 17.04847 16.25691 39.12432 29.41858 32.20346 0.0 16.65841 38.2766 40.51154 31.98723 48.99644 39.56021 10.6587 0.0328 43.73404 14.1238 18.38977 36.02748 24.35041 15.59666 44.02657 21.36379 13.498 11.65265 27.81799 46.33787 18.02966 36.43148 25.72194 24.9115 34.45081 41.91033 40.45332 38.05354 32.81737 33.10122 37.91971 44.12747 44.64663 12.33832 0.0 40.62709 0.0 12.04725 
1000.0 20.47768 18.87834 14.01383 0.0 11.39226 36.20898 24.34916 11.04281 19.95539 46.20542 22.35105 0.0 33.07587 9.9564 43.45267 14.88342 46.78125 22.15807 12.62655 0.01034 12.99633 40.70522 31.94951 39.41971 41.35713 26.44888 36.58761 34.04296 48.31437 42.77068 22.93531 40.13639 28.17852 42.28646 15.64123 18.03613 39.66355 25.23401 16.5788 32.05191 38.35701 41.44708 10.29081 32.62076 13.23829 19.39973 0.0 24.34571 0.0 26.11525 
1000.0 0.0 0.0 0.0 30.07626 0.0 0.0 0.0 0.0 0.0 0.0 0.0 28.24937 0.0 0.0 0.0 0.0 0.0 0.0 0.0 0.0 0.0 0.0 0.0 0.0 0.0 0.0 0.0 0.0 0.0 0.0 0.0 0.0 0.0 0.0 0.0 0.0 0.0 0.0 0.0 0.0 0.0 0.0 0.0 0.0 0.0 0.0 13.95555 0.0 18.6155 0.0 
1000.0 31.56665 24.94163 32.04218 0.0 45.82935 32.49736 22.29384 18.46671 37.87631 28.99396 34.63575 0.0 42.01213 25.84257 43.84207 14.14314 25.64803 28.21152 15.27981 0.0308 43.49878 28.36455 20.75967 14.00306 37.50291 39.03464 31.40505 17.44404 18.2226 31.16659 22.72631 45.07075 48.44562 25.43848 47.87251 39.50218 45.51562 37.06438 37.89275 48.22952 30.21113 26.82435 26.6065 10.80205 33.77822 31.1411 0.0 47.39799 0.0 31.24534 
1000.0 10.16901 19.5184 28.0164 0.0 47.91914 23.10815 48.02969 19.89829 46.71243 18.01337 27.19412 0.0 13.74675 47.26834 48.33951 34.65291 10.66515 43.82352 28.17413 0.01923 25.69388 35.73873 31.47685 27.81861 13.82425 12.26667 14.97214 48.50645 13.65034 46.47234 38.53209 44.31997 42.95294 34.34013 32.12279 45.88351 46.25958 15.47704 33.58137 12.45375 39.66535 23.94314 36.21559 17.92919 29.93056 43.82563 0.0 16.32478 0.0 41.64591 
1000.0 12.37483 22.80635 21.15083 0.0 14.36013 29.97591 16.44267 46.31509 20.77742 33.67865 41.88403 0.0 44.57494 27.43722 44.07478 12.18305 35.40671 11.26201 38.36229 0.02156 31.92056 16.59323 31.05882 18.58117 49.55245 46.78246 43.67699 46.23647 45.58578 45.84835 34.13944 41.18806 33.55653 23.33957 34.64651 19.19785 39.73134 43.93703 18.68131 35.35543 32.0876 42.80885 28.02142 28.15904 40.48555 31.91732 0.0 19.18516 0.0 10.07514 
1000.0 27.84293 30.66206 44.55626 0.0 20.10837 12.61801 26.1784 32.44907 21.21316 45.86594 20.72313 0.0 35.46827 25.55752 23.81025 42.59797 39.80541 43.85212 29.98064 0.0142 18.03633 19.40698 21.18095 35.79837 11.1161 18.40145 14.87154 48.78783 15.36357 11.33871 35.30254 14.33669 45.4412 11.15924 37.35041 14.28023 35.88803 47.86179 15.73094 45.98832 48.2887 10.65298 25.19096 40.44103 36.90549 17.15968 0.0 10.46315 0.0 28.40169 
1000.0 47.42444 25.97727 43.79841 0.0 10.29451 23.97635 40.7321 29.64255 27.67311 12.97358 38.86089 0.0 19.0388 25.14767 21.47847 39.99595 31.81646 27.9749 34.13293 0.0383 36.55952 10.79315 17.90237 21.42007 48.54755 33.18959 39.39377 27.13396 24.52116 39.60201 33.29527 25.7377 34.95586 38.56891 45.89907 26.83409 29.2491 44.73922 10.19867 21.29392 16.84115 20.30152 24.3726 28.84031 10.11309 11.60485 0.0 30.41558 0.0 10.35739 
1000.0 17.18688 11.5532 32.17693 0.0 32.77714 26.87377 11.2874 18.59095 25.65603 27.00826 12.12794 0.0 28.00507 26.3265 37.90617 43.36467 25.74559 23.67215 25.59653 0.04298 34.03347 26.80001 40.77381 43.98402 35.28775 18.85031 10.14154 12.60394 33.19306 35.88057 46.86266 30.55936 15.16852 18.75851 29.47977 41.35338 47.5042 12.99204 33.57521 28.06042 38.89381 48.66768 31.10428 45.41289 47.9895 48.87482 0.0 29.30676 0.0 44.31954 
1000.0 23.70902 45.54475 46.2077 0.0 11.95889 11.82371 12.22575 28.05659 37.82978 29.32934 22.00656 0.0 26.05503 20.57375 31.64728 10.21308 11.23037 16.40199 31.65857 0.03067 19.81198 22.77081 42.60557 11.2265 17.53469 21.53737 30.859 48.79012 25.19851 17.59302 15.72755 23.83264 29.3149 16.2226 26.97369 21.20076 37.36374 17.35673 44.65894 13.06827 10.93543 27.85029 22.73603 20.21393 49.33753 39.66791 0.0 31.51672 0.0 14.72008 
1000.0 0.0 0.0 0.0 30.42198 0.0 0.0 0.0 0.0 0.0 0.0 0.0 43.40694 0.0 0.0 0.0 0.0 0.0 0.0 0.0 0.0 0.0 0.0 0.0 0.0 0.0 0.0 0.0 0.0 0.0 0.0 0.0 0.0 0.0 0.0 0.0 0.0 0.0 0.0 0.0 0.0 0.0 0.0 0.0 0.0 0.0 0.0 20.93236 0.0 29.80105 0.0 
1000.0 31.08089 42.60055 47.25103 0.0 45.8237 49.64878 32.8995 14.06951 12.55452 41.3322 23.70791 0.0 39.70881 33.87497 19.12034 49.11682 32.14409 21.9715 41.76111 0.0297 26.71213 13.52362 12.96419 11.51872 15.36273 18.77988 33.25872 37.7849 38.07138 29.91468 14.76287 13.34158 38.50347 44.47315 32.82779 49.44182 17.26243 24.51442 35.02773 48.77338 35.49002 17.42794 43.65798 38.1855 15.61576 45.13969 0.0 36.33549 0.0 34.24612 
1000.0 20.00268 36.07187 30.80393 0.0 44.365 19.29057 42.25719 16.4584 17.95454 14.53381 24.57703 0.0 45.17095 25.74949 43.92542 32.62365 44.98129 39.55141 28.77846 0.04325 39.81748 17.54305 44.15789 24.25491 10.63945 26.75662 40.50794 22.5716 44.28729 24.29327 17.30872 11.59039 22.92234 22.59266 44.71912 41.40656 40.87791 33.40711 36.00301 26.80751 44.78419 21.65302 18.26124 44.29202 39.51058 33.44323 0.0 13.08039 0.0 43.05677 
1000.0 45.70154 34.45644 33.96857 0.0 27.4167 40.93305 38.29621 33.75552 39.06718 33.16089 35.18745 0.0 14.72727 48.20362 23.66196 43.79834 41.34387 22.44515 24.94362 0.0409 31.28262 47.97083 39.47627 24.70859 30.77589 22.27495 38.12563 15.02454 46.75386 26.70009 41.52759 21.05285 23.01824 36.19585 26.23073 33.63901 40.62125 24.94326 13.5189 10.18734 49.51688 30.55696 24.62166 25.30138 19.40679 22.5167 0.0 27.23553 0.0 32.98553 
1000.0 45.74314 21.8617 44.22996 0.0 11.42008 42.72593 20.5347 17.39128 34.117 16.57986 18.53481 0.0 32.40837 12.85188 19.0095 24.42079 42.39198 34.14949 38.20161 0.0482 45.51502 42.64827 13.95023 23.32521 49.05259 22.56681 39.52039 37.21358 35.81457 48.36796 12.47388 40.13196 25.53531 33.80376 12.34042 10.468 28.48356 33.99076 10.45815 46.08724 22.55415 14.91408 19.70228 30.8602 23.23116 25.166 0.0 47.10916 0.0 28.46938 
1000.0 44.8351 30.5281 48.606 0.0 45.85128 23.85797 16.23878 28.18032 40.3546 46.7735 45.30443 0.0 47.87923 22.31814 18.19207 16.60933 24.2956 28.27258 44.54013 0.04602 49.06374 18.46108 37.87296 49.34314 39.47587 27.83738 11.92065 14.76691 21.52991 17.52585 41.3746 33.0339 13.69367 32.93441 33.10906 14.17671 48.60243 30.8378 32.32632 34.89251 25.07456 41.63 24.7541 19.79864 13.49353 21.1776 0.0 12.88439 0.0 29.05535 
1000.0 31.25513 22.91793 24.11571 0.0 46.81278 17.9573 21.12992 30.41029 37.08566 48.16869 15.32939 0.0 32.15925 22.44339 27.98873 27.88529 36.20482 34.48633 23.45374 0.04753 38.69566 48.22006 24.28739 41.28511 48.12504 19.71103 36.55061 23.21925 42.50481 38.41222 18.70394 33.69356 49.50086 41.16909 45.58249 16.9811 23.73642 47.0595 19.31837 29.77107 21.23401 30.76759 24.4393 25.48759 46.48874 20.20546 0.0 26.95453 0.0 17.5332 
1000.0 28.5568 41.83923 12.25886 0.0 34.04555 28.55934 24.3167 40.93218 20.11001 16.78015 45.28456 0.0 18.51167 25.44888 17.16756 26.25186 39.2433 33.30348 13.8985 0.01108 26.07075 17.48663 24.85582 24.25165 44.60104 27.60984 21.65044 45.86563 18.31716 43.46148 26.37284 20.43172 45.01815 28.48352 34.21985 20.74652 47.32265 26.09097 28.73546 39.65778 13.56338 34.66636 33.02673 27.93138 18.92866 29.15564 0.0 46.92315 0.0 42.25923 
1000.0 0.1319 0.10239 0.04187 0.0 0.06556 0.07836 0.19592 0.0643 0.13499 0.14453 0.13207 0.0 0.17639 0.10058 0.17471 0.08757 0.04948 0.13697 0.05836 48.1357 0.1512 0.12071 0.0708 0.19768 0.18345 0.12066 0.18948 0.16554 0.04398 0.08314 0.1349 0.15754 0.16009 0.15926 0.13395 0.08494 0.04896 0.11501 0.05857 0.10087 0.11786 0.18954 0.19577 0.06396 0.14224 0.08018 0.0 0.10568 0.0 0.14098 
1000.0 26.54013 42.91428 24.08806 0.0 9.99676 17.79924 17.65825 17.81992 20.70506 42.36116 24.64472 0.0 28.68442 14.33446 32.93568 21.2287 41.91849 17.77514 30.30316 0.04271 10.09601 11.58903 43.99046 19.54257 23.47335 46.95859 19.01296 33.26425 37.44714 25.60753 38.64806 14.6096 42.27162 14.98671 38.14878 11.61151 41.16539 44.02389 44.53943 30.73643 45.32658 10.56374 37.62829 31.3977 24.35761 30.5756 0.0 42.35471 0.0 42.04878 
1000.0 47.00281 11.43911 26.27461 0.0 15.85567 22.35707 46.79223 21.04303 14.45724 46.69199 37.75523 0.0 26.36616 42.46946 39.11205 11.01682 29.4442 22.17691 20.02352 0.01512 38.89402 12.13662 49.21578 36.46711 41.91239 17.18552 23.32446 15.93368 13.97002 12.56006 28.6623 23.86514 33.74313 34.88198 33.77035 17.037 47.79024 24.536 45.6342 17.89615 17.11594 33.01616 22.76344 33.32945 17.15855 37.16034 0.0 36.89876 0.0 18.73542 
1000.0 29.67939 36.93949 29.74113 0.0 33.19293 30.26858 20.07398 16.79512 10.10629 45.99942 18.95145 0.0 26.74065 12.56155 42.83306 43.24192 14.95842 20.91572 18.13922 0.03607 39.49554 41.61191 20.01946 38.30029 27.46146 12.06556 46.70831 31.07709 33.47445 12.15937 37.07097 12.75076 22.45687 31.44815 15.27161 32.61996 30.84896 13.271 20.91848 44.83713 45.30078 46.19902 11.69609 24.99539 27.68088 13.8642 0.0 23.80462 0.0 46.48328 
1000.0 45.00294 46.99053 44.67527 0.0 31.99188 42.10538 15.2258 11.90235 20.12674 17.95913 19.8672 0.0 42.58936 28.57035 18.00563 17.24541 26.99583 27.806 38.02012 0.02905 48.86156 23.94518 49.61778 34.72922 46.41179 43.59537 29.10912 23.99899 36.39946 18.74475 16.22625 12.57586 37.44355 11.18969 18.11648 14.14301 13.27211 15.88149 25.53587 37.58801 24.91029 20.56303 33.42544 21.26572 46.84692 15.75951 0.0 25.42543 0.0 16.72143 
1000.0 37.69719 44.03837 10.02439 0.0 37.57232 34.61354 36.25901 15.99395 21.83944 21.05338 45.15223 0.0 42.22249 43.27879 25.64469 14.82254 42.26132 48.54412 22.49096 0.01151 48.46628 24.78652 43.75906 36.0573 37.3177 13.55926 13.73445 23.86721 31.53376 11.10795 42.16785 18.00463 34.96345 30.15224 24.60186 42.62065 38.90689 28.1879 14.30443 48.93232 24.63595 19.61329 46.33586 11.27586 11.355 18.29452 0.0 47.58604 0.0 27.33285 
1000.0 11.09209 25.99143 12.4269 0.0 29.81929 44.16419 12.91023 49.00022 33.50751 16.05701 15.79981 0.0 35.42525 48.97622 34.49659 48.8475 27.93585 15.54769 16.3084 0.03742 23.70332 35.55879 10.14297 45.8409 10.4949 35.09913 27.32919 39.90402 38.63576 27.58067 15.46368 19.18027 10.13171 23.72616 41.98138 33.52126 14.18577 22.64363 24.39961 17.14796 26.82344 39.77953 35.76975 36.23224 38.84545 12.91857 0.0 40.07158 0.0 47.81256 
1000.0 32.88571 38.78709 27.78992 0.0 44.83164 24.90827 32.03772 28.32641 17.01224 28.24992 16.99037 0.0 20.3524 39.24144 34.69564 30.27319 40.15898 11.42065 43.22595 0.03932 48.00985 30.96577 45.79636 17.04686 47.12285 10.16573 37.34929 13.06108 20.91261 18.1201 26.18459 12.19583 18.65921 11.30786 47.16049 39.62691 12.09106 46.12383 41.45462 38.58409 37.7697 25.35928 13.67879 37.28997 19.7887 35.52473 0.0 14.84109 0.0 14.18322 
1000.0 38.38242 25.34724 27.66907 0.0 36.10862 33.25215 45.72301 33.75427 33.46771 17.45388 12.62612 0.0 36.49087 32.63424 44.84571 43.85064 20.58298 27.70314 30.81647 0.01692 48.84011 41.42404 44.91681 45.09531 46.82728 26.72851 19.80094 10.22277 16.7293 39.39755 34.63456 32.03915 14.81383 18.69833 45.71264 13.24352 16.94772 15.95862 28.34432 13.65152 42.25682 27.52344 40.13744 22.44423 13.63893 40.79369 0.0 45.75031 0.0 47.40781 
1000.0 12.87915 21.40794 48.32103 0.0 18.3821 19.46871 13.07631 25.59321 26.19139 30.67804 25.74072 0.0 18.17843 32.94411 46.06994 41.92532 16.28319 36.60189 28.24593 0.02878 28.22108 18.59642 33.69705 17.8928 15.95767 10.84093 23.0964 24.95866 37.78306 18.37898 45.15122 43.10284 20.38259 35.11902 47.45158 23.4536 35.97703 33.4603 12.30973 13.51618 25.65872 46.80667 31.11375 18.15385 42.00217 12.19536 0.0 13.96317 0.0 28.52603 
1000.0 43.36693 35.48983 24.26107 0.0 28.72025 22.9102 34.23088 49.38293 34.42265 20.11523 49.26622 0.0 25.92875 30.74984 27.4475 12.88668 43.32309 32.35941 23.37612 0.02385 14.07658 35.64442 43.65728 18.04756 48.86277 29.42379 33.32303 38.65139 20.03502 40.71432 41.03758 44.34574 17.73111 45.68194 24.46928 14.87681 35.42476 14.67856 49.22877 33.83757 10.76583 47.74888 44.65397 38.06227 48.23146 21.08957 0.0 15.39871 0.0 12.06017 
1000.0 34.23559 32.54859 10.73295 0.0 46.68329 17.69874 35.23767 12.31114 44.9158 46.99823 44.93771 0.0 32.05358 18.00187 42.62638 16.17985 32.85922 41.72551 44.85841 0.0401 19.59034 10.03343 38.36408 10.26358 43.77182 16.62223 34.56181 48.2737 11.24117 27.81473 43.90019 37.65574 42.91114 38.28301 48.73371 18.96587 45.31061 44.24684 17.92469 11.62437 47.59529 46.06687 27.04737 14.23043 14.7476 46.38277 0.0 20.14432 0.0 31.46017 
1000.0 38.10339 37.57748 47.87818 0.0 34.40256 17.73723 27.36326 11.55199 12.9468 30.20961 30.99051 0.0 42.8145 45.81582 10.56948 22.70369 12.68509 23.50375 19.44899 0.04278 40.63212 43.82947 37.31326 12.55137 32.39022 14.80094 36.00512 32.17345 23.99082 23.25147 41.2034 30.31237 28.53977 37.16135 17.91167 27.77972 29.06499 40.74201 16.04578 33.52914 25.29934 14.34933 48.41574 41.2041 22.43347 43.05541 0.0 26.11887 0.0 38.57422 
1000.0 14.8111 42.77265 45.72605 0.0 15.73928 27.46403 22.12078 40.44088 48.39784 14.238 37.43014 0.0 23.19502 12.67185 31.01513 23.23865 37.28521 17.31154 35.93036 0.04854 38.57231 43.6266 47.36638 45.72618 44.30556 43.62731 23.09653 40.46686 12.50203 24.07932 31.29458 38.56985 26.3376 38.87512 28.58864 37.12487 14.72557 39.80989 19.94898 14.36395 18.78953 33.60623 24.49164 12.65837 42.06759 31.75661 0.0 43.98602 0.0 13.62772 
1000.0 16.44359 17.20572 16.09849 0.0 40.73155 48.22886 38.18398 48.86607 22.16226 40.15373 33.79279 0.0 10.50917 31.41502 49.54359 42.90378 42.70592 49.04182 13.58486 0.01675 22.07035 29.79717 27.36996 16.26939 35.58131 41.14286 40.3427 16.89901 38.63157 25.86641 22.5744 42.63792 29.48095 12.84317 10.94679 35.29921 44.63027 31.20359 36.61754 11.66406 48.37936 26.91349 30.5019 29.30122 16.35321 20.1356 0.0 34.52885 0.0 38.78235 
1000.0 33.3172 23.85097 25.3594 0.0 25.20213 9.98995 13.45474 47.55956 37.38225 10.1865 24.35373 0.0 38.58542 47.34726 35.34693 23.16448 10.83836 35.97962 24.6582 0.01504 38.52747 48.27394 10.10105 44.70919 48.46098 12.53267 44.78722 30.4494 19.78436 29.67554 14.14766 34.0488 38.23572 20.99536 31.0186 14.75582 28.11527 44.27929 44.37958 13.05377 39.94592 19.05548 26.7365 47.02228 39.16105 38.74324 0.0 15.4033 0.0 13.10597 
1000.0 10.09002 27.96222 42.61643 0.0 43.8892 45.2543 36.39419 19.88266 10.91363 48.8888 39.37348 0.0 38.80728 33.20557 41.82711 30.43425 39.90179 46.29004 33.86939 0.03237 36.31935 23.51484 28.38542 25.0653 14.76607 33.63771 18.66384 19.40275 18.5646 11.6555 27.55516 33.44411 10.92194 10.62562 49.36294 38.52541 48.20294 43.67735 11.16245 14.31052 46.52144 24.5104 20.78071 46.00415 21.84969 26.8381 0.0 22.11076 0.0 37.79597 
1000.0 12.54711 10.37861 15.78546 0.0 42.1291 42.58599 45.80423 40.1994 15.87296 10.61093 34.68242 0.0 21.45103 32.98353 30.29209 17.42123 49.49345 30.95873 24.56068 0.01823 10.79811 34.16762 43.96645 10.61821 46.77383 18.80551 33.52699 48.14439 22.96351 24.61276 27.96438 14.78388 29.25344 26.8026 22.13802 44.03408 46.90862 16.15408 36.5029 13.84116 46.69907 33.43769 25.62958 10.7213 23.15512 43.32211 0.0 42.16295 0.0 37.85922 
1000.0 43.19133 42.27111 44.64298 0.0 11.59994 36.63004 43.7456 18.98236 29.65412 39.71338 26.71562 0.0 33.32244 23.9148 19.10307 24.58087 38.58719 47.48856 27.28649 0.01714 11.85611 16.91331 13.36203 36.4563 23.38788 48.33395 34.52775 47.26032 10.24462 39.21436 26.31126 34.58945 26.66582 40.81189 39.65138 24.87425 22.85868 12.86004 13.01988 24.32154 16.43518 48.43194 15.75771 44.88426 33.62069 36.07674 0.0 42.27242 0.0 34.58012 
1000.0 37.56394 20.18021 36.71605 0.0 13.6017 41.84957 35.18393 11.16249 46.0333 13.65143 19.92182 0.0 20.91718 24.11618 42.73051 29.0994 24.52429 22.88752 29.77988 0.02114 31.52351 41.91092 29.23209 47.77459 29.69173 12.8698 31.41533 10.17734 41.30106 13.60897 49.26127 38.53604 16.42644 19.17753 30.16232 24.98169 27.8532 22.76575 40.33441 29.56081 25.94584 44.2739 44.47257 20.03631 25.55427 21.6058 0.0 12.97109 0.0 45.55005 
1000.0 46.32263 37.24519 21.83031 0.0 33.39091 20.69592 26.30436 35.44477 40.07072 13.77848 29.64779 0.0 41.22717 10.14074 25.22144 28.2162 34.6015 22.88525 38.41449 0.03288 36.20845 17.15057 47.76008 41.64864 12.58088 10.27233 10.20914 39.20553 27.6297 43.28015 46.44166 37.18192 12.27046 46.32513 35.94189 24.81884 35.29172 40.88274 35.56514 15.4598 33.57301 42.72222 27.06689 23.16356 12.0202 10.14162 0.0 43.40262 0.0 49.09643 
1000.0 31.0729 36.43092 19.59634 0.0 40.33218 36.62499 17.31539 36.39792 24.83698 23.16446 37.67742 0.0 41.98241 12.99151 10.71765 22.51317 28.03113 48.82953 44.89554 0.04184 27.74658 38.5573 32.97759 41.92317 18.78907 25.56245 12.67391 29.79154 20.28154 47.84648 26.69887 28.71368 9.9727 25.34988 42.93675 10.16449 36.57016 15.72727 33.68026 47.90197 13.93556 43.50205 27.98646 13.23789 49.14181 33.55223 0.0 25.58837 0.0 41.45824 
1000.0 45.02393 15.10928 43.61149 0.0 11.99786 39.65447 30.6393 30.39227 10.46912 20.59139 26.3401 0.0 15.41274 23.88265 48.14089 18.58429 43.12598 42.49558 49.16507 0.04527 48.09228 33.79719 40.07122 22.85651 36.94066 13.19907 17.51814 43.91895 28.44302 47.07107 21.22238 22.31614 20.80121 19.59795 35.5443 24.40629 47.91525 37.85524 34.07605 12.50444 32.4391 33.34517 42.82715 30.88967 31.4796 20.17173 0.0 32.60893 0.0 47.07079 
1000.0 10.64787 45.68888 46.2681 0.0 25.22021 37.99351 15.14408 18.39167 12.08751 48.43055 48.14535 0.0 49.08555 26.09106 22.25525 19.24318 13.61424 32.76869 22.9414 0.01946 27.17846 39.92777 17.5703 24.60167 49.57479 11.71137 11.71649 37.57543 31.14792 41.70867 14.57218 45.88211 16.14032 14.21601 45.17599 23.24269 33.7592 30.10777 25.19165 39.25812 31.2824 16.83812 10.6575 24.16607 16.96946 22.82515 0.0 35.72193 0.0 40.12473 
1000.0 37.681 37.81526 26.1143 0.0 14.50934 23.79486 19.62796 40.30314 36.16921 27.13934 17.24553 0.0 48.52218 10.93631 15.63438 30.76926 30.9426 19.60211 11.26647 0.03227 38.61932 15.09573 45.61755 41.74274 41.50636 20.48574 10.45108 23.1835 40.8133 44.90003 16.47284 35.46897 42.4931 26.68035 28.10849 47.88933 35.88413 31.6928 38.39707 42.83858 40.19756 32.77465 45.99434 34.90031 12.97211 24.40928 0.0 21.4234 0.0 37.02963 
1000.0 29.73572 24.10287 16.26482 0.0 26.59939 15.37261 34.94845 38.5814 25.83387 20.04132 27.22769 0.0 13.5783 10.16873 41.07035 30.35411 39.85763 18.80041 30.6424 0.03346 27.52944 29.02672 13.50986 15.29235 16.69872 13.87583 26.42341 18.62393 16.12229 20.26195 30.04493 46.00957 17.23051 49.58118 31.91226 18.2615 48.31978 36.21623 37.42043 29.56996 25.37061 25.84344 39.0898 12.05773 17.05256 11.41347 0.0 41.62288 0.0 47.91169 
1000.0 18.10576 27.41572 43.10212 0.0 23.44198 11.27257 37.17046 42.54519 10.65124 47.82306 48.91028 0.0 43.11578 18.26873 18.19115 13.96213 13.89862 23.94417 11.8149 0.01023 34.40196 47.11337 36.05073 37.05664 37.78311 13.44792 41.75128 37.64786 37.48365 41.21599 47.78858 36.22151 49.31251 41.65168 29.8372 36.2268 38.42475 32.24685 37.84733 24.85897 46.38182 22.15524 29.44522 39.48913 20.86065 32.57378 0.0 16.63769 0.0 18.1864 
1000.0 0.0 0.0 0.0 47.76177 0.0 0.0 0.0 0.0 0.0 0.0 0.0 13.38784 0.0 0.0 0.0 0.0 0.0 0.0 0.0 0.0 0.0 0.0 0.0 0.0 0.0 0.0 0.0 0.0 0.0 0.0 0.0 0.0 0.0 0.0 0.0 0.0 0.0 0.0 0.0 0.0 0.0 0.0 0.0 0.0 0.0 0.0 35.25412 0.0 42.22522 0.0 
1000.0 37.97202 15.24265 40.56473 0.0 32.90457 32.76134 33.57482 39.49135 33.73903 43.7568 46.75745 0.0 46.32704 39.77814 43.88433 17.68735 26.46733 45.63691 37.48339 0.0215 41.13944 33.11943 40.87303 37.28381 22.79903 29.62583 34.07999 27.45191 19.96482 12.36765 49.18659 36.12834 10.11762 31.84859 19.96417 19.35743 18.93091 18.22414 43.60864 38.29027 36.02143 23.99042 30.39113 35.92946 33.96593 45.913 0.0 30.71853 0.0 26.68435 
1000.0 0.0 0.0 0.0 29.22572 0.0 0.0 0.0 0.0 0.0 0.0 0.0 31.62434 0.0 0.0 0.0 0.0 0.0 0.0 0.0 0.0 0.0 0.0 0.0 0.0 0.0 0.0 0.0 0.0 0.0 0.0 0.0 0.0 0.0 0.0 0.0 0.0 0.0 0.0 0.0 0.0 0.0 0.0 0.0 0.0 0.0 0.0 22.96212 0.0 31.43825 0.0 
1000.0 10.79338 31.76572 34.35603 0.0 13.10891 36.14913 30.90888 11.09554 26.16342 13.66316 46.61806 0.0 26.09874 38.96475 41.72434 39.54091 47.50647 41.20971 21.43239 0.0372 24.56111 13.54375 25.98204 36.55555 42.54195 22.74209 49.28343 31.31187 11.97213 14.68667 24.50883 40.32586 49.03575 30.88161 32.7844 17.28167 18.37149 31.66334 35.47726 27.41661 25.51234 35.3939 23.95269 31.96918 30.08612 47.40973 0.0 41.73616 0.0 36.49601 
