1000.0 1000.0 1000.0 1000.0 1000.0 1000.0 1000.0 1000.0 1000.0 1000.0 1000.0 1000.0 1000.0 1000.0 1000.0 1000.0 1000.0 1000.0 1000.0 1000.0 1000.0 1000.0 1000.0 1000.0 1000.0 1000.0 1000.0 1000.0 1000.0 1000.0 1000.0 1000.0 1000.0 1000.0 1000.0 1000.0 1000.0 1000.0 1000.0 1000.0 1000.0 1000.0 1000.0 1000.0 1000.0 1000.0 1000.0 1000.0 1000.0 1000.0 1000.0 
1000.0 15.573 21.12686 29.75473 0.0 12.20612 23.53952 8.37053 33.59396 20.03608 30.70775 23.1015 0.0 13.82021 22.94629 18.86837 26.5281 35.02 34.10175 32.25607 0.01302 25.52512 11.29056 28.61036 22.24457 32.80761 25.07121 34.90477 34.10191 27.08897 13.97038 28.21886 19.17635 28.87323 19.94884 15.71553 30.20304 19.26084 15.13673 28.64756 7.95055 18.15158 10.46545 22.14576 34.93168 26.58244 8.58207 0.0 19.1951 0.0 17.78439 
1000.0 12.91377 18.16964 18.94395 0.0 30.80441 28.64958 23.95195 24.42383 25.91863 28.36414 19.903 0.0 31.96627 11.15875 24.23784 12.08068 25.03429 34.49584 30.27362 0.02973 13.02981 22.59387 34.35273 7.77911 32.06119 20.98058 28.75244 10.63351 16.60663 33.17623 11.45286 32.50428 29.36447 25.85505 30.06591 35.43224 22.20992 21.28045 23.69341 17.50144 27.70671 22.89482 19.04807 27.2805 21.77282 32.8726 0.0 15.337 0.0 13.27315 
1000.0 11.03824 19.88436 8.3282 0.0 15.09638 18.51696 28.67709 31.16123 11.42124 22.76779 11.42672 0.0 8.3736 27.25546 26.12887 8.45736 24.38742 34.70101 34.57048 0.03064 23.53278 29.8615 7.61792 35.84289 24.01259 33.0942 28.97342 20.95158 9.10661 30.65998 22.23271 11.32419 12.06017 12.90523 27.68274 32.43238 26.98773 16.66747 27.73815 25.06998 26.21611 30.34298 11.37174 21.13714 15.63188 7.54451 0.0 21.46627 0.0 10.53745 
1000.0 0.0 0.0 0.0 35.13911 0.0 0.0 0.0 0.0 0.0 0.0 0.0 31.49666 0.0 0.0 0.0 0.0 0.0 0.0 0.0 0.0 0.0 0.0 0.0 0.0 0.0 0.0 0.0 0.0 0.0 0.0 0.0 0.0 0.0 0.0 0.0 0.0 0.0 0.0 0.0 0.0 0.0 0.0 0.0 0.0 0.0 0.0 16.98239 0.0 12.10742 0.0 
1000.0 18.72131 24.84789 19.23997 0.0 26.6515 30.50078 7.36862 20.24071 23.51031 29.13352 11.10826 0.0 25.97903 17.03188 28.11459 8.76828 24.15549 29.77281 9.6927 0.01496 30.72719 13.90874 33.32467 34.47262 14.75905 24.06896 35.26952 23.44765 15.1954 35.5049 11.04226 28.31402 8.23281 31.64833 21.25074 10.51646 9.33485 17.17229 10.40443 19.44267 22.9781 30.19817 29.30342 15.9902 35.76248 19.16645 0.0 26.43092 0.0 15.50209 
1000.0 22.85434 13.27015 27.43769 0.0 20.09163 17.55646 20.65988 13.27847 12.99862 21.73313 35.60595 0.0 17.63979 8.52456 29.38044 13.20586 12.28714 25.34585 22.07422 0.01513 24.58722 22.31437 16.21233 24.52638 14.67638 17.21313 31.58476 13.96479 18.88264 31.14219 18.82799 12.598 14.26318 19.97215 27.76749 25.03616 26.06735 33.63613 10.59337 10.81044 19.32778 28.13141 20.54072 30.03157 13.00292 14.97589 0.0 10.29798 0.0 10.34885 
1000.0 24.01551 23.71079 12.11964 0.0 32.21602 11.54987 17.54951 33.28393 19.38854 24.41564 30.36852 0.0 32.23217 32.94697 19.29231 10.85808 36.16888 22.01545 25.66504 0.0341 30.47852 35.51733 16.13843 14.26864 22.1904 17.03345 31.42301 20.25673 12.73452 20.3211 8.37717 15.86446 9.50918 32.99857 12.19225 13.89485 15.06236 7.54898 27.54232 18.47943 31.37365 15.16001 34.74021 20.67845 33.74485 33.24859 0.0 32.62802 0.0 12.94536 
1000.0 11.91302 24.95186 29.66013 0.0 34.48837 30.22036 34.35239 10.58903 14.22788 17.59767 13.4947 0.0 9.25692 19.08341 16.65944 34.72391 35.81913 22.73577 25.72641 0.01343 30.75368 25.25215 35.13183 30.13879 9.28894 31.52695 27.70149 7.37959 34.2978 30.3025 33.64649 24.05162 18.73903 19.28154 34.82825 14.57957 26.5522 16.35082 27.54869 31.83204 23.05192 22.21431 16.73368 7.35548 27.64282 13.15064 0.0 15.55868 0.0 25.48679 
1000.0 8.77743 34.65712 28.27456 0.0 24.19876 11.85423 22.63099 34.5388 24.92444 32.26243 12.39949 0.0 35.79091 19.44138 31.53899 11.53201 27.5189 29.38313 23.93012 0.02463 25.38901 33.12468 16.00736 21.64851 13.45178 28.12137 16.55252 32.22309 23.05329 35.06548 30.73548 9.01414 28.42322 19.10611 25.60716 23.33322 17.36205 20.98489 22.08153 8.87959 24.44754 10.48489 35.84494 34.36049 25.28083 27.17854 0.0 27.3614 0.0 20.13706 
1000.0 25.25098 29.76503 20.11119 0.0 23.55552 10.96966 13.91893 7.63523 35.70528 25.00823 20.81021 0.0 20.90952 34.43885 31.75515 8.88761 9.43881 25.61628 23.15664 0.04178 14.58206 18.12494 27.75385 35.57051 31.42332 13.87741 36.30982 15.35112 11.89912 27.2734 23.20592 19.87219 11.57158 19.96892 32.05403 24.18781 12.52479 12.34084 7.32407 32.06977 22.56601 19.93602 33.62773 28.67983 16.5599 18.33072 0.0 21.64527 0.0 22.85488 
1000.0 28.61542 33.38965 21.86174 0.0 34.56774 17.01802 23.09576 9.58604 35.5679 10.61069 7.69756 0.0 13.61017 18.30047 27.6942 26.14656 32.59892 15.13243 31.10291 0.01714 9.16862 8.82477 26.72203 32.75784 34.7689 29.03651 14.57464 11.82068 29.66086 25.56911 11.37995 33.50304 33.07092 26.86129 34.92507 20.81114 28.46726 8.28937 27.55182 14.88003 26.85 20.21666 18.30403 36.18635 23.59434 9.35912 0.0 27.73915 0.0 11.35022 
1000.0 0.0 0.0 0.0 19.87002 0.0 0.0 0.0 0.0 0.0 0.0 0.0 23.50401 0.0 0.0 0.0 0.0 0.0 0.0 0.0 0.0 0.0 0.0 0.0 0.0 0.0 0.0 0.0 0.0 0.0 0.0 0.0 0.0 0.0 0.0 0.0 0.0 0.0 0.0 0.0 0.0 0.0 0.0 0.0 0.0 0.0 0.0 12.71079 0.0 16.25537 0.0 
1000.0 16.8178 18.35403 29.56212 0.0 20.88884 14.87817 9.06999 30.32116 16.88864 33.83823 12.96097 0.0 35.77805 28.91974 13.07509 8.56643 17.90618 27.96807 14.99856 0.0241 30.2825 9.74391 23.23897 34.49384 13.18218 36.02212 23.41843 16.62524 8.40057 20.82287 18.18705 21.45511 24.3957 32.97122 14.81305 7.40104 20.6522 14.79997 15.49029 31.54243 25.23365 21.20739 21.48465 20.74728 18.56517 14.14693 0.0 14.90796 0.0 28.14597 
1000.0 27.47669 20.81883 17.82586 0.0 8.68894 15.12504 10.79468 24.02184 32.95784 11.54402 27.52949 0.0 34.39393 16.81365 35.15635 35.36897 10.66672 35.81666 20.31927 0.03666 8.46493 19.8479 20.10665 18.97486 12.78665 8.66626 7.87776 14.32842 23.22152 22.26362 10.60335 22.67015 31.04847 25.41812 26.77953 13.64025 16.81992 26.56805 17.89184 19.59187 19.42684 8.17957 7.61384 30.44006 33.20854 18.22167 0.0 34.72265 0.0 9.42594 
1000.0 33.38702 28.36446 33.80675 0.0 24.88097 19.50251 34.51421 20.6163 34.83457 36.04169 17.98842 0.0 17.63069 11.0236 30.31765 31.37361 12.67326 34.08844 22.87803 0.0241 30.57465 26.64215 13.28414 29.82177 20.72658 31.16905 19.14852 22.06823 32.906 16.29735 35.96393 22.59069 36.41397 23.20241 13.3108 22.39139 21.18183 22.95138 24.76751 29.31406 27.66288 26.76521 10.33758 29.57573 16.8278 18.03444 0.0 14.20517 0.0 22.6449 
1000.0 20.40626 21.81678 10.7974 0.0 33.05437 20.95174 24.2956 8.79105 12.85196 35.31221 34.50638 0.0 14.2455 30.58479 31.74845 24.00202 29.64744 20.78236 10.70952 0.01486 22.60226 27.41062 13.71221 18.8896 10.54326 23.44606 27.26888 16.96611 11.88749 17.06736 8.98554 30.65109 23.83487 33.94614 27.51944 14.97839 32.8488 35.45893 33.21804 27.15775 14.5452 11.60687 12.97337 34.47368 30.23764 22.68459 0.0 23.28964 0.0 10.20605 
1000.0 18.32371 32.37742 21.15783 0.0 11.34759 16.94115 29.93219 27.47285 27.70552 22.6554 17.96714 0.0 24.72341 35.40112 30.29701 12.94273 32.15886 9.95317 23.42911 0.04106 30.62127 27.83695 24.25025 10.16134 21.10385 21.23788 24.79069 25.02305 14.18717 30.69857 24.06089 20.80931 35.12871 12.91701 33.98705 23.84974 12.70237 24.70961 30.4428 31.24931 19.33703 8.26342 34.34711 17.11996 28.15341 29.33317 0.0 34.20013 0.0 14.46748 
1000.0 33.94007 15.41277 10.4584 0.0 17.75153 23.90508 25.60955 19.72198 29.89539 22.24392 7.94604 0.0 24.61197 34.46655 35.59652 14.30041 23.71257 29.09825 15.49105 0.02431 32.92269 25.17795 22.77832 30.44987 7.72739 7.30188 30.65078 31.00036 17.39593 10.14087 31.09739 34.96022 11.16892 25.29752 12.79808 27.11295 9.11774 29.97448 31.19865 14.19647 7.78607 10.70431 7.3817 13.87504 8.20197 21.28642 0.0 32.13756 0.0 28.24081 
1000.0 19.54706 14.03064 32.0347 0.0 11.52184 11.9806 8.62813 24.35864 20.92207 36.28537 14.27481 0.0 7.69931 17.01029 13.95689 20.81623 14.08975 28.46268 16.05182 0.0324 14.92094 20.40569 9.44638 14.53066 25.23796 35.99142 23.83904 28.10359 33.14054 18.33832 22.77153 10.168 32.32753 27.06129 24.07319 14.06908 30.28488 33.43089 32.87539 31.90414 32.73654 16.76724 15.57839 19.9176 9.23246 16.09852 0.0 20.16805 0.0 16.43934 
1000.0 0.13616 0.07018 0.09617 0.0 0.14887 0.12823 0.0648 0.16721 0.03668 0.09432 0.15064 0.0 0.07787 0.13258 0.12235 0.07998 0.06033 0.1419 0.10785 24.59025 0.06368 0.08135 0.04401 0.11803 0.03458 0.15949 0.15895 0.04794 0.09405 0.0487 0.09113 0.09463 0.11133 0.07064 0.05403 0.1322 0.06956 0.1076 0.07201 0.13197 0.05205 0.03701 0.04826 0.0793 0.08686 0.13125 0.0 0.16139 0.0 0.06918 
1000.0 32.77604 28.62498 26.83759 0.0 11.3655 32.77881 26.26079 18.92686 18.80988 9.31105 33.16099 0.0 26.47541 16.18449 36.38493 14.98916 26.3509 25.2895 9.81896 0.03443 21.05272 18.72778 24.65803 34.16977 36.22123 17.34093 25.2663 25.85555 24.52882 31.83491 27.68099 22.84543 10.05592 33.0921 11.22736 30.83916 28.13345 11.61729 16.16483 10.43233 27.76275 31.39644 9.67939 9.83759 19.09825 17.71782 0.0 8.86358 0.0 35.33058 
1000.0 16.44818 10.22646 19.73109 0.0 7.75904 8.99167 24.12351 21.7602 24.38266 8.22885 9.36275 0.0 25.19628 18.21733 33.19256 34.9899 33.51817 32.51934 11.66935 0.01541 12.11647 15.85394 18.39251 26.18066 33.06503 32.38028 26.59743 28.95342 21.44958 15.91956 16.80855 8.6059 34.76545 22.43295 29.5872 30.3477 30.15375 14.03591 25.85287 25.28006 24.10167 16.12557 23.59828 31.69355 23.02023 15.01741 0.0 24.23762 0.0 21.57548 
1000.0 31.55629 24.05431 33.53018 0.0 34.46209 10.61608 29.60638 35.72874 9.5308 29.11882 21.37704 0.0 32.33879 19.20407 29.04405 35.79313 24.29481 34.9067 18.75659 0.02566 10.21747 29.85795 33.02062 25.77875 23.49141 12.39343 12.28419 12.92522 17.15009 19.4068 22.45563 29.03389 13.9937 23.87336 15.89032 26.12044 30.37843 9.68123 34.65294 30.96563 9.69178 36.35286 8.48524 19.6734 24.04265 17.60728 0.0 28.98271 0.0 26.45004 
1000.0 13.23371 32.32405 14.19685 0.0 33.23475 33.68064 8.69768 15.7099 30.74263 32.16553 32.36641 0.0 19.04646 32.2826 14.91336 23.99533 13.17674 34.99326 14.59816 0.03932 29.9075 9.59319 15.85411 35.94777 28.72517 28.47304 8.94414 36.06001 25.00833 11.62141 27.99781 16.48901 26.482 35.25454 23.41798 33.2155 10.40942 32.85353 11.88979 11.83829 19.39715 33.65714 30.70836 19.72356 7.85463 12.89578 0.0 15.78425 0.0 24.56069 
1000.0 11.0611 22.37377 14.13073 0.0 8.82892 28.81086 18.04553 20.96549 24.67169 14.66796 32.04804 0.0 14.40378 17.38348 13.96949 21.72925 17.4305 31.33115 11.55265 0.02475 8.76096 16.48846 14.45739 35.58781 14.72622 29.89894 34.1779 9.44797 29.80326 26.578 29.37896 29.39198 10.5468 35.3433 26.01118 22.15872 30.51508 29.59436 16.93192 19.02256 22.04797 28.09027 20.0948 26.89022 8.28508 10.19906 0.0 31.32557 0.0 25.34232 
1000.0 8.66347 15.63224 14.04011 0.0 19.00803 9.22458 17.43694 33.03941 16.41797 30.96481 27.80457 0.0 24.16218 14.38986 28.79865 7.48102 17.46185 20.85726 32.15836 0.03522 24.49365 35.60112 34.72216 30.16912 10.75868 12.76974 29.85996 22.4627 10.02436 19.43772 17.61465 22.36372 34.39932 17.06845 23.27316 10.42471 8.52818 27.41238 15.34418 19.76318 21.91375 17.31592 33.65435 7.58091 15.48981 25.1581 0.0 14.64182 0.0 33.9031 
1000.0 10.52679 29.24898 29.47626 0.0 27.62752 14.83784 8.12228 29.36974 22.07205 35.00856 30.13535 0.0 34.09435 17.17408 30.38771 24.65599 25.93125 17.87432 17.7619 0.01615 11.5541 11.18662 15.66858 29.07691 34.64039 8.02864 16.36791 8.28815 21.71502 30.28083 20.96604 29.65066 23.70859 32.32755 32.58048 27.2888 34.95381 10.59873 17.18663 10.23044 19.4935 26.15317 32.5854 8.38827 19.32823 16.38032 0.0 18.98763 0.0 24.92554 
1000.0 13.68561 30.0965 20.05761 0.0 28.24377 14.05644 22.60155 8.16764 8.84989 19.52143 31.04283 0.0 12.08211 24.60694 35.32083 13.78863 24.78316 18.22061 22.31654 0.01736 32.13011 31.9962 29.75196 14.57879 30.57778 14.86647 30.43058 23.16607 11.2823 25.00803 27.37089 34.92377 11.86542 22.72645 17.53762 8.93665 18.64582 33.73685 9.28259 9.56528 13.67538 34.31207 33.339 12.21753 23.31111 8.31426 0.0 19.45885 0.0 31.71228 
1000.0 22.96847 33.83926 7.46338 0.0 15.26296 12.73459 35.46682 34.87405 28.10004 8.92696 27.75092 0.0 8.64866 34.12778 23.12672 22.98901 34.47367 23.07261 13.47127 0.03088 17.13011 11.85177 22.91186 10.98316 30.82593 14.53536 31.81028 12.81073 28.78087 9.05968 22.70964 25.34679 29.19517 15.3675 16.04411 30.04453 12.41194 36.02293 10.93876 11.30088 30.55152 14.76585 17.06963 28.48526 16.26927 13.40777 0.0 16.80039 0.0 26.30665 
1000.0 28.55374 22.39958 15.19407 0.0 31.1778 23.8814 34.9476 30.38627 18.2138 10.69777 24.75457 0.0 18.27612 28.08114 30.71559 19.92031 31.44561 17.64053 11.75714 0.03062 27.51832 27.1418 19.40061 15.35091 32.61575 22.03586 7.42276 8.93956 16.12519 34.37529 8.57648 20.8746 13.75631 27.5816 10.90466 29.01453 7.34147 7.9292 22.30937 32.23722 7.94061 20.93484 30.40373 8.74455 15.47089 23.50144 0.0 20.79147 0.0 32.2384 
1000.0 27.03915 13.98997 13.05517 0.0 21.77049 34.59523 15.41086 24.66783 30.71282 31.0071 25.42186 0.0 18.80776 21.47157 12.51462 36.20259 17.31127 21.11599 35.48262 0.03923 22.10636 20.41265 11.22266 29.06617 10.94142 8.10262 23.61693 11.97347 9.11026 28.63588 31.70489 27.70685 36.34417 28.51111 15.22486 31.77231 8.62057 14.05645 36.0554 31.18122 7.85834 31.28207 24.34996 30.92019 12.08977 28.40266 0.0 26.89235 0.0 13.44769 
1000.0 32.36997 24.92963 33.60095 0.0 17.25124 31.11607 33.37402 19.1406 13.00303 24.37626 22.99857 0.0 20.46892 30.8719 15.60914 13.47128 28.34617 32.1311 28.94686 0.01769 26.07258 29.63136 23.31637 13.20568 24.56236 17.57505 13.58353 16.86891 14.7723 10.99426 10.48655 32.41232 16.39748 32.84737 36.18156 14.61681 12.58427 12.49559 8.45014 12.25293 32.55002 20.7065 16.74001 9.6803 33.58933 8.32763 0.0 25.21066 0.0 9.0293 
1000.0 13.62592 33.19942 30.93183 0.0 23.53943 10.23569 20.95257 30.34587 33.41052 11.25436 9.56435 0.0 26.55233 13.39735 9.8215 29.05011 19.5959 34.2289 11.0371 0.01079 15.86579 27.04019 21.413 32.93723 11.49735 9.03562 35.01666 24.61294 20.43163 26.6381 28.20663 24.16472 36.29958 25.80369 14.79973 26.41359 20.91039 20.5662 14.62416 12.59837 23.09531 30.13093 10.52181 28.76905 27.75619 30.3453 0.0 28.12562 0.0 13.19537 
1000.0 30.23894 24.78495 20.0152 0.0 20.5026 35.75435 22.83393 16.54007 11.69342 16.26711 28.11286 0.0 32.42278 23.02995 15.32105 13.90632 28.35447 11.3285 9.67617 0.02946 34.36057 9.91234 21.00501 9.82495 19.18449 10.47636 8.40242 20.66908 35.86125 33.09362 21.05317 9.72594 35.969 12.7826 11.40062 34.1655 18.51863 13.25134 12.59926 29.98182 21.57224 8.46682 31.78826 15.84023 14.7404 30.51896 0.0 7.37537 0.0 20.21338 
1000.0 21.33315 25.23187 23.9073 0.0 29.8501 12.62269 9.56823 21.11528 20.31767 15.51557 23.85151 0.0 23.92958 27.64317 32.47512 33.87868 35.52541 27.28554 10.98078 0.00946 28.44197 21.06586 27.56852 31.83771 7.91796 20.18654 13.28183 28.42823 7.34701 10.86093 11.37134 10.83657 26.53766 19.56395 23.85918 20.38831 23.36045 30.22486 12.63986 9.97186 28.24129 23.9686 31.58559 8.41896 31.99996 21.49628 0.0 8.615 0.0 22.35109 
1000.0 14.65558 8.1481 23.97107 0.0 16.51579 19.10797 22.37805 35.60846 31.62523 16.59711 29.97952 0.0 32.54712 8.86392 11.09325 21.21589 25.50895 31.14992 22.53259 0.02205 15.83759 29.50351 34.1024 19.11987 15.51217 35.28322 14.38919 21.43682 20.3973 14.43202 10.24014 11.04311 31.27298 28.19629 17.64139 29.82676 25.59918 16.95841 15.34697 30.79111 32.04855 22.06243 10.00919 20.88074 17.075 29.87273 0.0 11.52622 0.0 34.87663 
1000.0 31.97348 35.4143 12.59234 0.0 28.89337 20.46785 26.93227 10.69901 15.56256 16.84468 30.35179 0.0 35.61607 29.66355 17.76906 8.99066 12.56991 19.45424 31.45584 0.00868 15.34137 35.24319 24.85422 26.35766 21.1428 27.82821 35.15494 8.64137 23.74612 18.93461 25.4236 10.76991 25.00777 23.15184 24.89313 31.65957 18.58948 33.27597 12.16371 27.67806 11.86509 28.33695 27.68286 22.83437 7.5464 18.17041 0.0 32.11902 0.0 7.81164 
1000.0 35.74948 16.46735 26.91793 0.0 8.79282 31.22672 21.4463 22.29815 18.74154 11.2468 33.31343 0.0 36.16736 19.90917 13.4616 11.2034 25.10444 25.77631 19.50727 0.01608 14.18109 26.30668 26.60706 33.33931 32.81591 32.37062 15.70026 12.35498 30.27539 33.62383 31.99859 24.76825 21.56098 32.78515 12.9116 20.10463 17.46088 14.91699 24.16126 14.94908 9.3581 11.72512 25.08008 24.49051 21.45809 32.41724 0.0 35.48363 0.0 10.17978 
1000.0 10.57018 34.63888 9.64326 0.0 27.99466 18.10691 12.42979 31.17347 15.01797 21.9155 21.55942 0.0 25.65934 18.81969 33.18675 26.73665 9.4576 8.78479 27.60019 0.015 17.86356 9.42449 13.15338 29.03062 33.41824 24.0338 30.25889 29.98008 15.77587 11.64315 32.28412 21.3632 11.1281 18.48117 9.45422 16.01622 18.13185 17.17434 32.72714 22.14761 15.05602 12.83743 32.13836 20.8276 33.14355 26.60712 0.0 22.54053 0.0 28.51365 
1000.0 34.11539 32.07909 10.39313 0.0 11.62998 8.33312 23.9883 14.8791 33.1054 27.23684 13.30305 0.0 18.39762 16.73931 21.12346 21.9738 24.91576 29.2639 26.61533 0.03792 18.45605 12.76584 23.15689 16.7253 12.05879 27.79167 33.16706 31.28635 27.5407 18.08838 15.61811 28.18502 29.13029 19.11303 25.57623 25.52793 7.3843 19.64276 14.0096 25.9285 21.2874 19.63029 33.52458 33.8622 34.69067 7.3476 0.0 9.34997 0.0 17.22591 
1000.0 28.87571 27.11545 9.60643 0.0 25.92739 23.787 19.87099 36.12243 13.3016 26.60225 13.16561 0.0 8.99781 14.59758 16.3526 19.02903 34.64714 29.60059 33.93384 0.01897 32.51022 14.53598 33.72359 31.54286 13.9277 12.24391 31.40033 23.97725 23.64005 12.11619 9.94051 11.49432 18.0711 27.33322 33.96321 13.2353 14.98069 27.12445 29.28882 10.04998 19.03474 18.67868 35.67816 29.26313 9.24008 28.42945 0.0 14.62221 0.0 20.19561 
1000.0 20.0533 22.3302 17.78126 0.0 12.97181 18.42062 31.43133 27.00849 12.41016 21.28342 8.97193 0.0 31.80457 19.49936 34.12114 26.59093 34.42181 34.61785 29.07719 0.01115 34.51993 8.78848 18.94356 34.148 12.1177 14.05894 34.13612 14.80252 35.95892 36.40513 20.3172 29.50188 9.36308 25.00524 8.61072 7.49082 25.15783 12.98371 34.86559 23.42567 34.8166 12.10276 17.58269 22.59205 32.25055 11.50194 0.0 26.06413 0.0 30.78288 
1000.0 21.98214 26.99291 24.59701 0.0 28.13217 29.34795 27.75348 24.73757 22.08064 11.80925 9.49291 0.0 22.1165 34.76812 14.02417 35.3402 28.79355 18.34919 20.62088 0.02728 26.82767 21.74385 25.09301 35.75592 22.96251 11.8556 30.99536 20.46457 8.19294 33.73595 24.02053 20.8378 15.73634 10.06815 20.34541 32.82448 12.96987 29.22132 35.34395 26.45769 14.92605 25.56484 27.61069 12.64068 16.93963 28.38587 0.0 22.71065 0.0 7.92459 
1000.0 12.74849 25.59087 30.92215 0.0 34.8341 24.8814 17.29683 35.07437 33.20941 18.6166 32.92478 0.0 35.6509 8.63831 13.4075 31.89047 9.40639 33.93764 24.42311 0.00899 20.52348 24.25911 26.31112 30.45966 26.56306 31.52679 12.2792 34.60208 35.23268 28.14498 24.18878 12.07242 12.83513 32.34539 18.33861 12.51324 26.24856 17.19263 10.52916 18.35238 12.71868 17.47514 31.84291 31.07155 36.23266 34.45647 0.0 32.97458 0.0 29.14058 
1000.0 27.75319 34.93209 23.49399 0.0 23.8018 32.36177 13.83727 10.36163 14.85711 27.89418 20.60165 0.0 23.75902 17.73398 15.53309 12.19081 8.87841 15.79062 29.56091 0.03348 16.62746 13.57675 28.48394 36.41159 25.46841 18.22907 8.26618 21.71642 17.96275 9.52838 15.27543 25.02894 17.0011 21.53824 18.74665 27.98364 20.2081 14.9176 14.93506 8.03635 13.44111 31.28651 17.48626 21.98578 28.95406 34.5946 0.0 15.20508 0.0 15.64198 
1000.0 15.61618 29.07389 23.90148 0.0 35.10653 27.00557 11.63006 24.67836 29.22246 26.91 22.37985 0.0 16.57791 27.15374 30.8302 29.46992 21.75333 11.85877 24.33436 0.01266 31.8061 24.76669 15.14189 9.36681 20.25119 9.24986 26.59601 16.33957 28.97731 35.73889 21.5706 26.78283 9.5988 13.8348 8.63843 9.13095 35.80193 20.23567 13.00013 35.37185 12.98172 32.79088 30.583 10.50805 16.06041 9.96661 0.0 10.2665 0.0 32.0586 
1000.0 0.0 0.0 0.0 10.92874 0.0 0.0 0.0 0.0 0.0 0.0 0.0 28.41587 0.0 0.0 0.0 0.0 0.0 0.0 0.0 0.0 0.0 0.0 0.0 0.0 0.0 0.0 0.0 0.0 0.0 0.0 0.0 0.0 0.0 0.0 0.0 0.0 0.0 0.0 0.0 0.0 0.0 0.0 0.0 0.0 0.0 0.0 30.68847 0.0 12.56335 0.0 
1000.0 35.64737 25.25949 16.58377 0.0 30.98209 21.56368 8.17669 29.50258 11.80796 12.55964 10.60446 0.0 27.97442 10.08017 7.29253 31.12086 12.81675 21.67621 16.05728 0.0415 29.51277 31.88369 31.22305 14.8804 11.2263 21.99825 8.7372 9.36533 17.8831 7.86812 18.68029 36.3797 17.41378 31.00384 19.63835 27.13139 8.07928 11.60836 31.78037 20.30524 16.9105 25.27729 12.89199 32.3308 25.33987 15.38494 0.0 13.34848 0.0 14.4152 
1000.0 0.0 0.0 0.0 32.51818 0.0 0.0 0.0 0.0 0.0 0.0 0.0 17.38689 0.0 0.0 0.0 0.0 0.0 0.0 0.0 0.0 0.0 0.0 0.0 0.0 0.0 0.0 0.0 0.0 0.0 0.0 0.0 0.0 0.0 0.0 0.0 0.0 0.0 0.0 0.0 0.0 0.0 0.0 0.0 0.0 0.0 0.0 26.15557 0.0 21.92402 0.0 
1000.0 18.52292 15.92149 9.91351 0.0 12.01627 28.63003 30.46589 10.00849 24.08383 13.53319 16.24406 0.0 20.98855 26.97271 28.10501 30.36276 11.23641 36.0077 11.79188 0.04172 12.29564 11.17648 13.44537 17.62804 11.21651 31.9702 13.01243 22.76216 33.6878 29.23665 28.65411 21.23323 12.47975 14.3916 10.10253 15.32439 8.64377 18.7306 32.04028 20.20587 20.59119 15.0032 16.00136 18.9063 35.30916 33.29838 0.0 8.48257 0.0 8.0249 
