1000.0 1000.0 1000.0 1000.0 1000.0 1000.0 1000.0 1000.0 1000.0 1000.0 1000.0 1000.0 1000.0 1000.0 1000.0 1000.0 1000.0 1000.0 1000.0 1000.0 1000.0 1000.0 1000.0 1000.0 1000.0 1000.0 1000.0 1000.0 1000.0 1000.0 1000.0 1000.0 1000.0 1000.0 1000.0 1000.0 1000.0 1000.0 1000.0 1000.0 1000.0 1000.0 1000.0 1000.0 1000.0 1000.0 1000.0 1000.0 1000.0 1000.0 1000.0 
1000.0 19.58254 14.86703 33.55423 0.0 16.07006 28.18482 28.55788 16.84312 10.041 18.16323 11.74762 0.0 20.05257 33.45729 32.69751 16.90044 30.85981 26.76858 26.50338 0.03764 15.29884 21.14719 11.43461 35.64054 27.50833 16.59717 15.36629 31.58376 20.91087 11.20954 10.94164 34.36704 18.76914 29.71739 28.04895 16.48929 16.31545 31.50577 16.57812 23.96226 27.64998 15.18217 12.76367 18.08269 22.0392 14.36495 0.0 29.94531 0.0 21.95525 
1000.0 12.10847 16.43755 14.4314 0.0 30.94424 24.81471 13.28901 10.01832 12.36279 25.74503 11.14912 0.0 32.28633 26.59788 34.00865 26.41332 18.79684 21.37086 27.70956 0.01298 8.11778 8.33868 13.71643 19.10733 23.8295 33.89163 24.65584 28.68109 28.80933 32.8406 9.90352 31.0078 11.06491 32.90116 18.51862 33.97702 13.18636 30.82829 11.84934 14.0611 29.02494 22.63613 30.60634 21.29205 11.01873 29.023 0.0 28.77191 0.0 12.91002 
1000.0 25.17147 24.34311 27.6574 0.0 34.55753 24.31099 10.52327 29.38798 26.0105 20.48837 15.94757 0.0 31.1825 25.92984 24.38329 35.85924 16.21036 12.45308 25.57336 0.03624 13.66714 9.7196 17.88948 23.126 18.57187 11.80205 11.79248 16.60396 10.60624 27.71831 18.35805 12.42702 22.20091 27.62055 15.28925 26.7873 36.21865 15.08511 28.48975 18.23897 29.30965 22.02615 29.01594 14.21666 11.44175 19.40224 0.0 17.46791 0.0 11.81277 
1000.0 0.0 0.0 0.0 36.31661 0.0 0.0 0.0 0.0 0.0 0.0 0.0 29.42924 0.0 0.0 0.0 0.0 0.0 0.0 0.0 0.0 0.0 0.0 0.0 0.0 0.0 0.0 0.0 0.0 0.0 0.0 0.0 0.0 0.0 0.0 0.0 0.0 0.0 0.0 0.0 0.0 0.0 0.0 0.0 0.0 0.0 0.0 26.70815 0.0 23.98062 0.0 
1000.0 19.9146 10.8937 32.42321 0.0 8.59987 22.52319 28.04387 30.01767 11.43907 12.8975 36.4091 0.0 23.03417 10.70753 15.12938 32.78529 15.85721 23.75804 24.94423 0.01566 33.34011 21.75986 30.49003 22.41817 36.25418 35.70678 10.73839 15.76587 11.68858 12.85833 10.55224 29.52299 15.18224 16.02557 35.66797 20.79846 28.34905 22.57073 14.43869 32.93926 36.70425 15.43343 32.58003 34.37564 33.28878 9.70732 0.0 24.9332 0.0 24.42829 
1000.0 25.01776 26.37392 30.78283 0.0 17.44068 19.42565 15.08869 29.06859 20.90402 26.36985 20.07188 0.0 17.45157 30.45805 24.71593 34.9314 19.30577 7.69163 18.60176 0.01441 25.44156 36.8656 7.64948 8.33275 25.32119 34.46252 20.2265 18.74137 25.8369 33.14731 19.75762 13.12878 8.68531 31.56044 20.15379 31.89239 24.28159 11.3766 36.19471 7.84228 17.98509 17.34997 36.48636 9.02789 16.51171 32.48726 0.0 11.20713 0.0 13.30664 
1000.0 29.49768 19.26648 34.60976 0.0 26.02126 28.01758 29.15625 36.68279 17.52036 35.98207 34.91628 0.0 18.08781 14.62172 8.19714 9.24409 33.40243 14.45497 9.71156 0.02087 33.35583 20.28917 10.86208 17.73085 20.84981 36.09663 27.87107 36.09058 19.6824 14.00725 13.15222 33.05905 20.53933 23.93475 33.68331 25.08878 17.22668 8.99404 9.53269 26.82413 19.50335 34.70971 8.53696 18.83326 15.17104 24.8162 0.0 17.79455 0.0 29.00799 
1000.0 30.61805 35.0441 32.50932 0.0 29.57327 15.0903 17.1722 24.24953 19.84312 21.98602 31.20594 0.0 33.3407 29.56315 16.25725 31.8314 27.17648 12.51317 24.94205 0.03116 24.0962 24.15864 29.70916 19.35463 17.60162 25.00192 29.54922 26.30335 11.96079 35.19424 8.47642 24.60359 25.67841 20.24797 32.04505 18.9892 13.98758 23.97859 28.25733 8.07319 16.82328 29.57442 30.45579 29.15443 35.30675 30.95354 0.0 36.04556 0.0 15.90785 
1000.0 35.30497 26.39135 22.45145 0.0 31.06266 31.58849 19.94145 8.77181 29.99408 13.28197 33.38353 0.0 35.4018 8.00534 34.38362 13.50463 8.9001 17.98492 7.54264 0.01148 31.58804 35.36456 27.54132 23.37054 31.11488 30.0631 16.80362 16.74795 11.73382 12.00289 13.2227 20.02504 24.90974 36.74662 17.57735 11.05295 14.87374 28.75444 33.18715 32.48594 31.98618 16.63356 7.41461 32.07543 21.38156 8.2347 0.0 34.72134 0.0 30.87562 
1000.0 19.18032 30.10521 25.83751 0.0 11.80947 13.20146 7.8196 26.63689 28.26211 13.44484 30.47592 0.0 22.8996 12.51645 21.65308 16.71054 31.54646 26.93095 24.3718 0.01223 24.46878 14.17382 32.71769 31.94288 8.43467 29.48056 11.73265 26.36713 17.45532 10.74434 33.17229 25.61377 10.78252 23.25386 7.49157 35.78638 32.71226 34.26285 31.88742 28.8968 35.30779 36.63222 29.19536 22.68103 19.039 36.79602 0.0 20.17639 0.0 35.14759 
1000.0 14.0391 36.84455 18.51454 0.0 12.68396 15.75913 33.0509 27.24835 33.02948 34.98631 36.72969 0.0 26.8999 28.23587 8.81247 19.674 13.28497 18.03444 27.21021 0.03099 25.46681 8.65992 22.45551 19.99184 36.74287 8.10829 11.36248 35.68776 8.13544 32.77963 19.65404 24.63764 8.58948 26.67654 36.67659 18.47303 16.6703 20.91324 18.56651 13.75757 20.84919 24.51954 23.77951 21.19341 8.12894 12.79297 0.0 20.32902 0.0 33.19953 
1000.0 0.0 0.0 0.0 15.84305 0.0 0.0 0.0 0.0 0.0 0.0 0.0 28.40653 0.0 0.0 0.0 0.0 0.0 0.0 0.0 0.0 0.0 0.0 0.0 0.0 0.0 0.0 0.0 0.0 0.0 0.0 0.0 0.0 0.0 0.0 0.0 0.0 0.0 0.0 0.0 0.0 0.0 0.0 0.0 0.0 0.0 0.0 21.0605 0.0 7.42159 0.0 
1000.0 23.39825 35.1049 27.93502 0.0 28.4305 9.76299 9.08764 13.79652 9.07382 24.7018 29.21897 0.0 35.88575 26.94756 11.20274 16.3966 29.57006 9.22406 19.25529 0.02496 36.05863 21.51634 18.77876 20.66074 33.8571 32.64399 23.55777 23.01471 10.7317 21.66083 10.70734 11.70142 29.58077 12.2501 29.21415 12.14933 19.41368 30.09557 34.54096 25.7256 22.50527 13.71292 10.31812 22.97424 19.55434 8.39126 0.0 9.05788 0.0 26.46931 
1000.0 26.65397 33.54257 12.60968 0.0 21.0397 31.13337 12.38325 9.15508 35.43954 28.38289 11.71068 0.0 29.90039 22.42012 11.97401 12.67424 22.73757 21.77534 29.71378 0.03381 19.75072 16.53863 20.94972 30.07479 31.88137 28.69007 12.26899 13.47262 29.88159 10.92599 25.65966 17.02446 30.40864 7.70335 9.80864 34.58153 30.25132 27.77123 19.77648 29.12643 17.66862 14.66632 9.29022 23.77707 19.32758 17.46102 0.0 9.22643 0.0 29.7312 
1000.0 14.3943 24.19813 32.20311 0.0 17.53449 33.24602 29.73931 25.59975 21.46183 21.8467 31.05392 0.0 17.21087 26.90028 12.55769 26.48382 15.00653 19.29541 29.37936 0.01461 33.40334 36.64975 33.42995 19.09715 29.55924 19.05255 23.85852 31.14128 11.16673 28.53242 29.69869 26.58165 17.75116 26.49997 9.4266 33.99335 21.09385 33.41128 17.95134 29.56159 31.54695 25.72051 32.21158 21.43473 31.35709 8.43048 0.0 30.39285 0.0 35.1962 
1000.0 9.53547 9.09541 27.07449 0.0 20.21467 15.32315 31.18663 8.88723 21.24963 35.5272 36.04026 0.0 28.98026 33.4904 21.69865 29.9242 33.18649 14.22564 9.90605 0.03582 10.02349 34.25276 20.34588 13.89488 13.38809 27.52904 9.95567 12.90942 30.34833 21.03277 18.11069 20.04351 9.97578 31.70606 36.59898 24.925 26.34866 19.29506 15.64869 32.82156 25.2993 34.26871 11.84555 17.30829 15.0254 23.08465 0.0 29.32401 0.0 30.53198 
1000.0 15.54503 8.60923 25.18061 0.0 26.79406 20.74686 29.40104 29.78072 22.93113 20.38942 27.38866 0.0 33.72558 11.07666 13.61726 8.8892 11.08073 14.60359 23.75064 0.0237 28.38866 12.02354 20.60215 8.25727 31.1468 33.19492 11.83461 31.60041 24.61595 19.77366 16.39396 11.14491 15.61022 17.58415 33.57235 13.48108 9.82357 24.51774 26.65239 25.3323 31.54722 9.78656 25.04743 21.67179 29.02651 13.47906 0.0 34.52584 0.0 8.67687 
1000.0 10.79941 26.13018 10.68713 0.0 10.45329 20.06122 36.23671 33.85915 28.53272 28.16128 32.19244 0.0 11.92572 29.58242 33.89563 34.62162 17.23915 20.18228 21.38272 0.02443 19.54736 9.56319 19.19642 21.3699 13.85281 34.14383 29.46476 23.14191 31.73933 17.01697 10.38364 35.24388 12.3151 34.02986 26.16897 22.60538 28.46576 36.18987 10.77221 27.51367 32.22216 27.45464 8.21917 26.86595 22.71954 19.208 0.0 25.76718 0.0 23.32402 
1000.0 16.15752 28.1319 16.71428 0.0 9.30936 10.95721 14.17904 22.33992 12.46359 25.70809 13.19123 0.0 31.84384 36.6489 23.48373 28.57967 12.93646 31.80983 23.0331 0.04059 7.44266 10.12798 8.80299 12.30416 14.51109 15.27328 27.04284 31.73248 21.47492 15.35232 8.50893 26.48341 16.47471 18.76287 34.77863 10.45756 35.10481 32.16136 23.41986 21.38203 33.57772 23.50981 18.66185 16.84485 21.54292 12.68564 0.0 20.5463 0.0 12.39965 
1000.0 0.06533 0.14212 0.07864 0.0 0.10157 0.0536 0.06066 0.15386 0.07535 0.14709 0.16596 0.0 0.08003 0.14442 0.14392 0.15176 0.08618 0.17057 0.14897 13.62275 0.0441 0.08538 0.14771 0.13018 0.07337 0.04051 0.17118 0.10731 0.13713 0.06516 0.13647 0.04843 0.14133 0.0552 0.08262 0.13877 0.05795 0.12384 0.11372 0.15128 0.10359 0.10702 0.1094 0.08558 0.08117 0.1633 0.0 0.14223 0.0 0.11511 
1000.0 25.2356 31.27443 8.90132 0.0 33.36084 23.76171 10.51493 9.62417 10.17963 34.27555 29.05557 0.0 25.24197 28.94961 31.14829 8.35543 25.35698 21.14561 29.51707 0.03471 34.01685 34.27306 18.33749 17.63816 35.68476 20.77562 32.30801 12.42002 22.09441 11.22035 23.59527 11.78656 14.01989 27.87494 35.86698 34.85692 34.24924 32.10042 35.14212 17.83336 36.33955 17.22289 11.67415 10.67289 18.294 31.99995 0.0 26.84495 0.0 35.2172 
1000.0 8.79287 35.40013 9.91954 0.0 27.27658 30.17802 16.73864 10.6391 31.83132 30.3366 25.09309 0.0 29.41047 24.99536 33.60148 15.46865 33.46471 12.49752 25.29008 0.02575 27.49092 29.63906 15.09498 21.59521 24.44721 7.42266 12.95678 29.34324 22.02174 18.56146 19.57759 25.02103 12.43775 16.24815 31.21635 11.77375 27.82962 15.74844 31.05975 14.53805 10.21475 27.38226 8.04877 31.56717 32.04603 19.86834 0.0 8.6629 0.0 18.49961 
1000.0 9.81792 25.50546 30.45717 0.0 31.48895 20.3649 27.19982 18.47071 14.79174 31.06546 36.74813 0.0 30.15994 31.9523 19.50156 7.71192 34.65619 34.6518 19.48664 0.02633 13.52397 23.32001 33.74826 10.18222 33.77139 26.09333 19.70814 13.86128 24.81122 25.19573 8.29251 10.70415 21.13074 27.51689 35.40494 32.09631 10.33371 29.64343 21.91945 26.54175 13.68962 23.27334 16.55496 24.1839 35.27148 24.75697 0.0 27.8255 0.0 18.08011 
1000.0 15.64643 14.65081 27.8046 0.0 13.84614 18.25719 22.03934 13.15304 31.51776 23.0518 9.69339 0.0 15.81271 33.05795 15.41716 14.51095 18.29738 31.86817 36.36002 0.01432 14.94644 9.29767 11.42933 22.27872 24.30096 11.71507 10.64659 34.94201 28.42621 17.6177 12.2937 24.50893 32.99464 9.23145 15.93515 17.19796 34.91876 27.25064 29.28618 27.87819 29.87883 13.74403 8.6042 7.76096 33.13716 32.07321 0.0 21.67331 0.0 19.57245 
1000.0 26.63801 12.24386 10.39383 0.0 20.72195 33.79616 21.97843 16.65815 14.16178 31.37833 27.4102 0.0 27.34578 20.71774 14.72296 28.47553 31.20671 26.68101 21.65409 0.02061 22.54917 20.1529 24.98792 22.17652 11.09616 29.0875 9.11171 36.36673 34.8347 19.99863 15.40572 23.84437 31.74779 16.78687 20.36211 21.79992 23.91276 23.01012 16.41409 36.48137 28.80594 13.92668 26.93963 12.98468 35.34382 36.54911 0.0 35.64556 0.0 25.44709 
1000.0 8.32489 36.04696 15.18985 0.0 23.77808 16.65202 27.14566 17.57132 24.10682 12.48209 31.93282 0.0 20.04419 19.90546 10.99462 30.65928 11.53292 9.06598 22.83954 0.02261 31.60508 10.2504 13.86509 26.00666 16.83964 9.55272 18.39957 33.52253 29.31319 33.93752 35.08461 14.06785 27.16765 35.70562 27.74935 27.74186 16.45611 21.63041 9.43829 17.69787 20.9928 28.97721 29.8044 14.09444 20.80399 12.35732 0.0 29.39773 0.0 8.31907 
1000.0 34.98801 25.42466 21.69703 0.0 27.91197 22.5109 9.57944 13.96688 23.62171 32.87037 19.11145 0.0 28.77517 7.52282 24.49203 18.78071 7.84423 34.33526 12.15446 0.03875 31.61304 20.97612 17.17389 24.57186 16.56564 23.21748 20.25904 24.12319 22.98545 28.72374 31.29077 28.97195 33.48895 22.55781 14.04462 27.58106 24.78972 31.98312 17.3228 20.29757 14.36804 19.12776 18.84583 15.67796 10.05551 33.80735 0.0 35.66616 0.0 13.51908 
1000.0 8.16671 30.37578 25.62151 0.0 23.54052 25.79889 31.43569 19.91602 27.97283 29.23774 22.83806 0.0 25.77791 27.01847 8.89352 17.71621 23.71045 23.98691 9.23359 0.01012 32.93556 32.94029 13.57476 34.45922 11.27064 31.57727 22.31644 21.27849 31.54927 7.5226 22.28213 13.5798 31.43577 7.63662 15.13329 17.13939 28.2546 19.8482 13.06374 29.85412 15.4756 17.23065 28.01885 26.74863 13.18447 14.03164 0.0 25.51931 0.0 13.33826 
1000.0 29.5413 25.06995 10.75642 0.0 13.63013 24.25398 17.17678 15.63304 13.70267 34.61557 26.40715 0.0 14.91783 20.45137 25.55697 21.26189 24.66294 30.09593 22.72476 0.01688 11.63486 16.94145 11.5303 28.51304 24.92183 20.96697 23.965 10.07385 36.58638 20.49412 16.22785 7.54615 23.30088 29.23312 23.25818 9.94603 10.71358 30.44064 34.42567 14.84905 21.85343 29.60888 30.53431 17.52108 13.05703 17.36715 0.0 15.45566 0.0 27.20596 
1000.0 32.42567 25.38707 31.73151 0.0 24.68333 10.05686 16.22137 12.63904 35.18354 33.75911 31.21524 0.0 18.73872 34.92935 28.06314 20.35728 18.12338 22.10699 30.59622 0.03543 26.93938 12.34573 32.47393 34.00455 29.5912 36.15418 14.80494 33.25145 14.35766 19.39437 11.22468 14.74383 23.62565 25.52086 15.14768 16.63209 23.18387 29.85842 7.50394 30.25708 31.8787 18.67466 30.19848 8.2694 21.36473 33.97862 0.0 29.7535 0.0 25.8802 
1000.0 19.97611 30.03211 32.29317 0.0 23.75822 33.96955 26.93107 35.54248 35.82213 20.35647 10.10692 0.0 32.84305 15.24317 23.83588 15.08833 24.98785 31.41341 18.01628 0.03177 22.24879 20.47144 7.58255 10.66156 19.18778 26.40075 26.74225 25.29691 15.95721 32.76451 27.57299 22.26951 16.98956 17.87867 23.14672 7.64685 25.34275 16.17016 15.06343 17.76527 35.28077 31.50848 22.46714 36.76491 27.09218 19.23199 0.0 13.66665 0.0 9.74745 
1000.0 23.34923 11.00314 17.93661 0.0 23.6651 22.38763 15.10264 20.5291 31.72035 17.15999 36.47609 0.0 35.31195 36.57467 32.91172 13.01907 8.23219 27.18744 19.88439 0.02449 20.62037 29.27033 33.75018 13.36649 7.38745 34.51717 16.61273 26.25793 15.25065 17.57756 21.14845 25.477 25.24213 27.40562 20.52466 20.78037 17.20291 24.84583 7.6176 31.19532 27.41082 14.4165 21.01734 34.82326 24.70132 32.43134 0.0 9.46789 0.0 21.92318 
1000.0 29.62084 10.83832 24.73909 0.0 9.16605 27.37544 30.85804 32.46657 17.9831 23.74129 15.93737 0.0 11.27699 36.70635 30.1261 10.91979 32.94402 15.54178 17.44406 0.03837 19.2125 30.27735 12.74911 14.28289 20.20566 11.40871 8.35773 20.19259 30.82499 8.3601 29.3136 28.48918 16.57736 20.71691 14.27331 16.19891 23.14252 29.18032 20.07349 23.54859 30.39951 22.20043 25.27305 9.2177 13.99884 33.61495 0.0 9.99567 0.0 34.73643 
1000.0 31.1399 15.94117 21.99308 0.0 24.05401 14.28148 20.99161 10.13055 31.55559 29.10146 15.46848 0.0 15.39804 24.22183 30.63888 31.84597 15.46931 31.50577 12.50885 0.035 17.72029 26.19532 18.67784 35.35706 13.9854 9.83521 29.21479 11.68056 26.05076 9.62641 8.33135 26.25805 27.46654 25.82856 31.17783 21.25236 8.44075 18.7182 34.44407 10.83346 14.2564 26.81821 31.55675 19.28949 23.19327 28.60418 0.0 32.53792 0.0 9.72186 
1000.0 28.54001 8.35521 36.73521 0.0 21.35222 23.31776 25.84701 30.34914 10.50892 26.8128 35.80841 0.0 33.2276 25.58942 18.46411 10.79491 33.29538 33.0094 29.22368 0.00982 30.83155 10.35146 16.29304 26.31592 11.21366 21.02106 13.17193 31.67354 26.82134 34.62654 21.04577 14.04696 26.13437 30.87349 27.27614 10.93032 28.97757 9.49495 13.39247 14.68738 25.80785 35.90847 9.70333 33.24784 16.55313 13.0195 0.0 34.28404 0.0 20.12134 
1000.0 27.7658 28.36697 30.04481 0.0 35.52153 32.28914 29.90947 35.53217 14.67535 24.47285 19.31366 0.0 30.54626 10.06209 30.92445 27.19338 24.92734 11.54634 15.99187 0.01743 16.01325 20.9026 18.46719 27.94489 20.15166 13.62115 29.20176 33.21697 27.42991 13.14223 15.57812 28.25765 12.97966 12.84972 20.17164 17.81497 36.55864 34.95863 18.07845 19.47409 9.29033 8.76516 28.32301 16.10935 19.70852 31.55433 0.0 29.17054 0.0 13.1111 
1000.0 32.2772 36.63208 25.05594 0.0 18.14939 12.75718 32.14335 9.01392 36.33881 31.34469 22.1703 0.0 12.54376 13.80238 27.43504 27.50274 10.22471 18.11345 16.38552 0.0423 25.44227 28.42471 33.01866 27.90245 20.83995 9.63865 20.01208 24.17253 8.78182 9.82004 15.41772 35.98856 10.15207 31.7137 34.59218 9.25997 30.26841 18.61985 30.43542 19.62802 29.55445 36.86567 22.71253 22.96946 8.30868 22.2897 0.0 29.60217 0.0 30.62883 
1000.0 16.07387 31.26247 27.83738 0.0 9.04581 13.11428 25.65098 28.56475 22.43567 7.7105 20.97998 0.0 28.63707 30.12006 20.75938 27.45351 32.62539 19.70491 27.62934 0.01201 10.54718 21.89472 27.97365 19.53418 19.84756 36.41713 31.41533 27.12586 29.73844 10.09329 31.51325 16.76969 8.67651 31.3876 30.37725 30.75917 21.17753 13.48376 36.83411 32.15867 32.00883 26.66768 18.47636 28.98035 34.0237 8.70325 0.0 32.30512 0.0 15.16307 
1000.0 34.4032 30.34414 8.01409 0.0 7.6831 29.21047 29.27049 29.09256 31.06202 15.10566 20.67767 0.0 25.11468 23.69568 8.45208 26.19858 23.878 13.16253 25.47605 0.01919 34.67168 9.15417 36.49039 23.60878 15.85745 25.99572 34.06019 30.05334 10.40175 8.61389 31.10548 29.52899 30.47424 15.35105 34.06922 14.97682 20.45002 27.45108 25.50257 21.17335 29.26243 31.85918 13.34429 28.06589 21.95044 35.11068 0.0 32.92597 0.0 30.00892 
1000.0 9.41618 36.33834 20.37308 0.0 36.04367 14.30631 24.27453 27.49641 27.37768 14.72188 22.24351 0.0 30.85264 8.5959 22.45285 10.21345 35.86727 20.40755 18.42943 0.03232 9.33066 29.72413 10.65165 35.93537 12.6937 23.08192 27.8173 16.32268 17.79 27.88665 16.4048 15.76935 35.10012 22.94217 18.85756 19.80585 19.30938 9.14558 26.21578 8.48516 36.83255 24.26353 19.57715 25.23478 33.61816 30.23636 0.0 34.78937 0.0 16.59272 
1000.0 20.79999 35.52185 14.72504 0.0 34.97122 22.70508 11.06432 10.90628 8.30996 15.81268 22.81597 0.0 20.50562 8.12218 34.29893 9.70267 20.25022 21.8425 14.58016 0.01198 33.5953 16.09564 26.39397 12.68722 29.11054 20.1941 26.50206 30.83946 8.46187 14.25095 7.90611 22.90456 19.87489 20.36878 13.63955 23.5733 15.2024 30.55901 34.42019 8.13249 11.36376 21.21608 12.24074 29.00745 17.07115 14.76143 0.0 25.75896 0.0 13.94292 
1000.0 20.63909 34.08584 21.71009 0.0 24.40248 34.30233 16.37082 23.74259 33.50233 26.80611 26.09679 0.0 23.81319 21.52402 17.14326 28.86502 16.99826 22.09483 11.75929 0.03224 28.08699 17.62772 12.15721 7.78813 19.66123 14.69761 12.48472 13.79003 17.43103 34.13022 18.14867 16.59735 23.10159 33.91137 26.719 21.23928 23.36484 21.88613 20.05269 35.21415 22.30993 11.69599 36.01011 27.88829 9.24406 32.35527 0.0 13.78386 0.0 26.01654 
1000.0 29.99878 35.41024 35.86564 0.0 31.7026 24.99074 7.74126 11.39841 35.92808 28.01795 26.53318 0.0 21.2995 23.30427 13.30711 23.98698 27.07657 9.05485 15.82794 0.01918 13.5917 17.65996 26.9297 17.65882 30.11479 21.8533 31.41488 36.67732 22.23835 13.88782 21.22235 11.92897 14.8967 9.73456 27.03383 26.16184 29.41429 20.771 24.25567 19.78603 18.11422 22.4282 23.91459 36.08314 17.83311 25.3351 0.0 19.18811 0.0 13.49702 
1000.0 28.7219 29.95342 13.47226 0.0 27.69082 29.99726 21.17131 16.3702 17.47879 35.31693 34.41294 0.0 14.36854 29.75158 28.07758 17.98377 17.388 15.25129 29.94461 0.02749 36.08466 25.14631 22.64406 16.16476 34.37621 16.61257 21.07087 9.99387 13.16525 16.21651 30.73328 20.68641 23.12672 36.76684 28.41623 25.20657 17.41203 8.82472 12.18377 23.4916 13.171 21.03661 8.22236 13.10262 17.53829 34.25374 0.0 11.68219 0.0 23.83591 
1000.0 29.10242 20.28034 34.38593 0.0 12.399 14.56499 11.0878 19.69366 12.19203 28.14142 21.68233 0.0 18.39592 32.34269 34.72997 9.00903 22.14982 11.80372 17.69121 0.01388 33.59997 16.86018 14.95772 30.10227 25.18432 9.75669 26.35771 21.62361 26.91645 32.04642 10.43938 10.86817 34.89783 13.32552 13.82796 19.05448 24.53162 24.40711 27.75878 32.2899 27.89802 18.82401 20.27299 25.73915 30.44998 27.9665 0.0 23.99442 0.0 31.98979 
1000.0 31.41027 24.69772 29.34274 0.0 35.11099 9.17217 15.55749 22.65642 10.14777 25.43998 12.76947 0.0 11.20615 22.79051 28.55336 10.15592 21.72326 16.16425 17.35999 0.02049 23.83852 22.47347 19.70118 15.19758 25.50838 12.17998 22.64801 29.18136 36.14432 7.92873 29.42135 7.85977 36.21958 19.72112 27.58707 27.32412 23.18994 14.02725 28.54868 36.58769 13.46059 20.36629 26.46731 19.15739 20.70312 9.031 0.0 34.78052 0.0 23.26857 
1000.0 0.0 0.0 0.0 18.44439 0.0 0.0 0.0 0.0 0.0 0.0 0.0 33.45052 0.0 0.0 0.0 0.0 0.0 0.0 0.0 0.0 0.0 0.0 0.0 0.0 0.0 0.0 0.0 0.0 0.0 0.0 0.0 0.0 0.0 0.0 0.0 0.0 0.0 0.0 0.0 0.0 0.0 0.0 0.0 0.0 0.0 0.0 13.10209 0.0 14.9795 0.0 
1000.0 11.98557 23.93927 15.94181 0.0 15.47553 26.32427 22.12372 19.38269 24.49156 14.058 12.48696 0.0 17.03317 33.17173 24.65083 24.94581 17.32503 15.87612 9.85583 0.01846 24.9111 23.95951 33.25029 17.79206 9.09815 21.40019 33.22118 21.33222 25.4104 34.20845 8.93724 11.08944 25.98591 15.21496 29.74046 30.31314 28.01382 27.16855 21.58347 19.15209 9.87034 28.53652 23.60327 24.10692 17.58848 33.54583 0.0 8.89216 0.0 18.62107 
1000.0 0.0 0.0 0.0 26.7408 0.0 0.0 0.0 0.0 0.0 0.0 0.0 14.22061 0.0 0.0 0.0 0.0 0.0 0.0 0.0 0.0 0.0 0.0 0.0 0.0 0.0 0.0 0.0 0.0 0.0 0.0 0.0 0.0 0.0 0.0 0.0 0.0 0.0 0.0 0.0 0.0 0.0 0.0 0.0 0.0 0.0 0.0 12.062 0.0 11.22525 0.0 
1000.0 33.62061 32.45516 29.71683 0.0 31.32409 20.94944 22.56109 19.64195 27.15622 13.61686 7.71722 0.0 29.06088 19.60977 34.11711 9.86636 12.34926 33.3281 11.91968 0.01909 7.50903 13.15851 22.53874 35.48141 23.71741 22.99466 9.82313 32.75275 24.82579 36.35386 17.97021 16.83514 12.09826 35.83301 36.42332 27.46742 34.20365 22.89492 23.95517 24.11145 9.62233 22.46923 29.06564 28.29827 22.78325 13.46434 0.0 8.89083 0.0 13.43542 
