1000.0 1000.0 1000.0 1000.0 1000.0 1000.0 1000.0 1000.0 1000.0 1000.0 1000.0 1000.0 1000.0 1000.0 1000.0 1000.0 1000.0 1000.0 1000.0 1000.0 1000.0 1000.0 1000.0 1000.0 1000.0 1000.0 1000.0 1000.0 1000.0 1000.0 1000.0 1000.0 1000.0 1000.0 1000.0 1000.0 1000.0 1000.0 1000.0 1000.0 1000.0 1000.0 1000.0 1000.0 1000.0 1000.0 1000.0 1000.0 1000.0 1000.0 1000.0 
1000.0 23.25608 27.09101 20.19872 0.0 17.82164 14.31701 15.00017 36.06191 25.84972 39.61319 26.06607 0.0 21.64871 29.39905 22.93736 40.10334 23.68881 15.57031 27.65706 0.01659 15.3324 25.69558 24.27789 30.1736 20.00157 29.91393 31.37412 15.94274 42.02046 25.84761 10.98832 26.35083 36.03129 33.40994 10.76857 17.85451 39.00891 32.45039 33.80843 37.02463 20.32443 17.13738 9.65562 31.14617 39.96623 31.2474 0.0 18.16699 0.0 29.24686 
1000.0 38.85285 38.79453 27.03266 0.0 33.43572 13.56119 42.75556 36.45583 10.90722 34.11676 30.1306 0.0 21.08911 31.23853 26.94624 26.88269 35.83252 29.76715 34.04392 0.01403 28.68827 20.83097 22.95282 18.04976 37.77637 19.86407 29.04876 40.95762 26.98064 9.75954 38.96931 13.46223 28.59998 40.2249 23.90717 40.6331 17.82463 21.74991 20.57902 42.79879 16.8983 38.91087 28.5066 29.69161 13.80873 23.20071 0.0 26.57812 0.0 17.88228 
1000.0 21.26672 30.10977 30.14096 0.0 11.62476 37.63858 39.23678 18.4836 8.69644 21.5105 27.9377 0.0 11.50626 27.24084 32.52071 24.5187 16.40089 10.97753 16.87709 0.02804 29.30373 11.10826 32.75111 32.79746 35.48896 13.34913 38.69617 16.76871 35.21299 20.78893 26.67713 32.31709 19.87708 15.04537 19.84096 37.23045 39.9063 21.71422 12.83945 36.31294 20.18755 21.91449 19.36614 14.14976 19.68693 21.61327 0.0 21.90467 0.0 35.81305 
1000.0 0.0 0.0 0.0 23.53412 0.0 0.0 0.0 0.0 0.0 0.0 0.0 33.90114 0.0 0.0 0.0 0.0 0.0 0.0 0.0 0.0 0.0 0.0 0.0 0.0 0.0 0.0 0.0 0.0 0.0 0.0 0.0 0.0 0.0 0.0 0.0 0.0 0.0 0.0 0.0 0.0 0.0 0.0 0.0 0.0 0.0 0.0 24.38653 0.0 42.04646 0.0 
1000.0 10.58859 15.52019 27.93719 0.0 35.13752 28.60937 17.25881 23.69244 19.65277 41.95576 23.90086 0.0 24.51742 11.12369 29.12032 42.80939 9.45895 24.67692 38.93772 0.02576 14.07187 35.64713 17.8653 10.62972 33.14339 8.77083 29.66665 26.49362 10.27598 41.93021 38.02665 21.27404 19.3953 20.53952 20.8301 28.31976 36.01921 32.42769 14.96244 35.71627 42.22986 13.43294 9.31631 22.11675 13.69827 42.90727 0.0 20.1751 0.0 41.90608 
1000.0 24.80331 23.16423 26.57703 0.0 36.72986 33.35035 35.95347 34.30398 26.60659 41.89275 40.38421 0.0 34.33606 10.18398 8.8273 22.14581 29.64376 33.85815 42.59785 0.04383 26.52102 11.94348 28.17164 35.07509 37.39713 27.56192 37.33647 39.18722 38.41509 27.02534 12.88667 41.07238 24.92432 42.2568 23.67286 26.0994 16.21674 41.14671 22.5732 36.28276 12.18017 15.73262 32.5209 9.37113 36.1384 24.51514 0.0 38.23229 0.0 32.35242 
1000.0 43.07385 39.38823 37.31639 0.0 12.6413 19.96803 20.8208 18.85395 22.61497 35.19801 31.56325 0.0 20.13692 41.82117 11.99745 11.53467 38.42682 24.01544 38.99097 0.02612 31.25011 26.54565 22.18643 8.85524 33.45682 33.72212 18.33651 10.59877 43.04051 13.02659 10.4118 21.85056 28.83941 15.17548 34.5965 40.1237 17.83297 28.74125 16.70473 16.16936 29.35137 40.96885 20.11453 11.74609 29.13361 19.1606 0.0 22.27889 0.0 22.22631 
1000.0 38.65673 39.31006 23.6268 0.0 28.02266 28.88183 37.53784 21.15486 9.86519 23.98372 23.70938 0.0 40.97961 39.4241 36.7756 29.35985 34.23072 18.51285 16.20962 0.01062 19.63997 27.90098 21.07707 37.7549 34.94673 20.10998 33.48921 38.48448 12.42788 8.72526 29.07737 15.9806 19.91621 31.42495 28.31353 9.09566 21.73598 32.50544 17.17267 28.65046 30.94452 13.13222 13.49599 16.51425 41.91399 23.43545 0.0 22.19748 0.0 18.43015 
1000.0 20.43735 17.73454 14.89316 0.0 42.82845 22.69143 28.23688 27.19588 26.2977 21.63918 12.82635 0.0 33.38255 22.48288 26.08806 40.48979 9.8454 39.03871 25.44347 0.04095 36.83894 28.67886 34.69664 12.92056 15.25253 30.3783 12.66668 40.30086 33.31986 39.42956 39.48896 38.41271 16.54192 34.87655 28.47163 29.76983 36.10825 37.44744 38.34307 23.15277 34.09352 27.02801 40.1626 24.67572 25.3105 40.39513 0.0 33.12884 0.0 27.75955 
1000.0 41.50964 20.63037 26.89818 0.0 16.12035 28.18807 13.69362 24.20777 22.88106 26.01186 26.60432 0.0 19.87432 35.97425 18.61493 10.15955 12.79116 35.66285 43.19383 0.04056 21.44312 27.79727 36.58276 37.37492 36.18854 23.16137 41.30226 40.09371 10.498 33.65828 30.02064 17.25668 11.25414 26.88165 29.77279 37.5574 35.0629 43.14221 23.76291 35.36701 40.36147 15.20614 34.93188 13.38864 38.73623 31.86319 0.0 32.21213 0.0 31.25076 
1000.0 30.98506 22.71577 42.64594 0.0 26.11341 28.59518 28.94025 26.85024 9.90109 25.76358 26.62415 0.0 34.19326 41.27051 36.48737 32.5053 40.49519 41.49456 20.97016 0.02473 35.9758 19.78233 26.53716 25.1297 36.14101 11.03125 41.27052 9.76818 18.19132 29.25727 18.88846 34.12302 38.77223 42.6941 13.14856 27.1233 24.79745 42.45583 24.24625 32.95917 33.96205 13.60615 33.99693 21.49348 29.37833 40.55876 0.0 26.56879 0.0 21.12894 
1000.0 0.0 0.0 0.0 14.98029 0.0 0.0 0.0 0.0 0.0 0.0 0.0 39.65951 0.0 0.0 0.0 0.0 0.0 0.0 0.0 0.0 0.0 0.0 0.0 0.0 0.0 0.0 0.0 0.0 0.0 0.0 0.0 0.0 0.0 0.0 0.0 0.0 0.0 0.0 0.0 0.0 0.0 0.0 0.0 0.0 0.0 0.0 31.14195 0.0 26.17833 0.0 
1000.0 20.91024 21.10166 24.76844 0.0 15.13526 38.40699 39.13575 14.99549 11.02074 14.67523 39.45836 0.0 18.37204 29.70564 10.22259 26.56077 25.69994 23.77285 28.91363 0.03018 9.17169 37.87375 35.28219 37.68175 41.76748 23.88918 18.48702 14.35744 35.88196 29.58748 31.89193 30.3948 41.09904 40.18634 29.3106 16.82509 21.58889 31.34866 21.79661 21.37989 27.6301 38.83408 9.69636 19.34779 32.71459 36.62553 0.0 19.0876 0.0 13.23042 
1000.0 40.33571 31.80172 42.9504 0.0 13.40077 25.45826 9.38422 20.16447 13.35084 14.19639 21.23279 0.0 42.18763 11.40217 8.84421 32.80698 11.07195 18.48718 38.1269 0.03918 24.79223 42.10167 28.82266 14.50398 23.31369 27.07004 15.18016 12.62545 27.88253 43.29336 15.34379 34.48431 10.39182 11.74909 18.18778 12.91493 35.53054 30.51175 13.52112 8.89323 36.71775 12.7845 31.26347 15.53479 15.83492 17.13597 0.0 35.03751 0.0 20.2997 
1000.0 39.124 38.55705 33.6971 0.0 40.25908 29.04686 20.78112 20.59734 38.82532 21.42365 35.71247 0.0 38.47856 16.38501 14.31561 39.36842 9.153 28.83435 19.08343 0.02693 25.58432 26.73913 20.09363 14.92935 30.49206 18.79039 23.51331 31.41072 27.73452 36.98134 18.85614 28.2065 38.44078 15.41123 31.54514 35.73131 18.74951 34.89726 13.51751 35.9095 25.85596 20.21335 30.24916 27.1498 41.39346 26.88234 0.0 35.81604 0.0 26.54362 
1000.0 17.32998 42.07065 32.77754 0.0 27.22133 16.91584 23.23521 26.99242 15.83428 27.31125 12.3701 0.0 37.08273 32.73993 26.70389 30.30545 14.53456 18.38413 29.3448 0.02017 30.0059 26.01818 13.27105 33.49217 28.56426 23.96414 11.86436 34.5399 35.00435 36.17382 29.45585 34.54971 29.98155 33.91859 18.69226 16.92731 18.14271 19.97608 36.38808 25.49194 16.45827 19.48126 33.53892 30.67353 11.73864 13.49104 0.0 12.98286 0.0 21.01322 
1000.0 34.71968 13.95189 39.53929 0.0 21.01092 15.07954 41.97997 15.92734 29.06497 24.46335 13.6997 0.0 16.65361 32.6331 13.37717 16.97007 19.8962 17.63163 12.53067 0.01885 19.75486 37.66887 37.58055 35.88598 24.51764 11.83285 32.53915 38.32947 13.1585 25.60559 29.47717 33.3752 39.46229 34.303 26.40629 37.98447 15.46413 42.55631 35.04277 25.97516 23.12714 24.11856 24.93478 14.43312 15.29355 23.82194 0.0 32.20684 0.0 21.87184 
1000.0 12.43683 29.32503 12.57567 0.0 10.30686 21.8478 36.15621 22.00116 18.35346 21.79449 33.08917 0.0 39.43165 37.76406 34.89293 35.27458 31.91786 39.03474 30.97721 0.04211 10.97086 35.21245 40.49722 9.01139 19.24689 36.2033 12.4303 32.06498 11.35758 35.67465 33.33683 13.63326 23.68948 17.35227 20.60031 43.06616 10.85523 31.43687 15.61802 17.61732 33.74976 8.68576 26.16478 27.8504 36.72028 31.42493 0.0 31.72043 0.0 41.50969 
1000.0 12.21529 19.40946 19.84189 0.0 10.08111 27.77308 29.3961 31.79292 32.62784 8.82961 39.21437 0.0 9.9793 23.54173 38.51598 13.03695 36.24414 29.5349 41.32198 0.0438 32.3818 15.69383 15.22361 9.7272 36.22181 27.92889 21.56515 14.85827 33.19842 30.08363 41.33724 19.21998 36.06401 33.08261 19.88229 13.92233 34.31871 16.18302 18.82405 22.16727 24.48202 23.41665 23.46532 9.21201 41.67739 40.14587 0.0 24.39013 0.0 11.98457 
1000.0 0.0833 0.11987 0.07605 0.0 0.17273 0.14308 0.16753 0.05111 0.08514 0.08676 0.17997 0.0 0.07708 0.11014 0.12792 0.1505 0.11325 0.16716 0.17849 25.47366 0.04651 0.15383 0.06847 0.15295 0.13469 0.16807 0.07565 0.06871 0.11269 0.11692 0.04476 0.03753 0.1372 0.15681 0.16868 0.08102 0.12559 0.17473 0.10966 0.09618 0.12803 0.06731 0.07597 0.05821 0.16417 0.0937 0.0 0.05072 0.0 0.04876 
1000.0 10.66311 16.48811 22.63215 0.0 30.37963 10.89132 19.03705 19.90332 11.22917 20.15919 35.53356 0.0 35.63412 40.76449 28.05626 33.96712 30.0313 24.70344 32.74145 0.02855 9.2828 41.86151 18.19781 26.15188 29.51505 16.26109 26.16769 36.22834 24.4429 9.68514 40.16361 9.95214 19.18157 26.15584 32.50677 9.71208 29.24535 11.91337 14.71369 25.76886 25.9026 23.14244 23.02074 33.14341 43.27142 26.89377 0.0 33.43785 0.0 33.27917 
1000.0 21.20033 31.40063 19.71505 0.0 29.52991 13.52754 10.57941 23.50549 22.15362 40.0284 38.46728 0.0 30.644 18.5768 24.63631 38.45837 31.58555 10.46379 39.66751 0.01343 16.67995 36.61495 27.31102 13.72069 23.08156 39.90754 22.3955 36.06411 21.93162 13.58522 13.15472 41.37476 8.975 30.20113 13.25803 9.6789 8.74713 36.34856 8.8267 15.95952 38.02666 24.03972 25.66839 15.08227 32.42719 11.64763 0.0 17.0134 0.0 10.92303 
1000.0 15.92526 20.05939 28.51167 0.0 12.15449 31.59802 33.20948 21.36712 35.60453 16.23936 16.40226 0.0 18.04446 23.9465 34.78148 12.23356 39.71187 33.47261 22.67584 0.02068 20.61571 20.48267 38.32093 29.49939 13.36123 9.33249 26.51991 20.1706 25.78433 24.86246 32.09992 24.86016 11.21881 17.30659 9.74485 21.95083 39.00845 12.6451 22.37712 37.39658 35.1887 29.92678 27.85961 9.93681 39.87831 15.27852 0.0 20.90921 0.0 13.05045 
1000.0 15.75525 14.19854 34.32002 0.0 33.40505 11.39487 20.50196 10.12239 15.25697 12.66967 26.51534 0.0 29.84741 31.32671 20.09588 24.27158 37.16408 17.31623 26.20079 0.03984 17.55618 12.91196 16.55084 40.40436 36.19359 24.4133 27.99321 33.54943 18.81639 22.74971 31.45763 22.8267 12.07374 24.48231 18.23363 20.61178 14.5724 39.84771 39.63331 39.79718 30.90799 11.2111 39.76064 25.94326 23.4518 34.41836 0.0 30.36001 0.0 28.45191 
1000.0 38.05145 24.07554 32.87062 0.0 23.99375 37.54197 33.69221 28.2427 15.90363 18.93592 28.75624 0.0 39.24151 22.82153 33.86542 33.87949 23.22846 30.63151 18.954 0.0356 10.6256 16.39852 20.45521 38.15237 10.0786 38.82466 13.61058 11.13776 24.12608 34.1584 38.47096 42.3727 14.17087 13.27283 26.61608 18.35064 13.88638 38.9234 18.14778 34.84565 31.36077 24.83407 13.26993 10.93227 23.29479 33.4877 0.0 20.62505 0.0 31.34207 
1000.0 23.05518 15.46624 25.37189 0.0 25.57158 41.50543 32.94378 32.29852 40.64723 10.0028 23.32619 0.0 10.62039 34.97542 35.51937 38.14873 26.0679 18.51898 32.91805 0.04101 35.03917 14.29303 43.21109 11.52898 30.21398 41.57832 10.36748 14.66774 27.51336 16.87357 20.21408 42.92417 29.84262 34.97933 16.55579 25.66491 43.16026 23.89521 26.50209 11.86681 21.86114 16.43195 34.94376 32.31165 34.4387 14.34112 0.0 12.32642 0.0 34.43008 
1000.0 13.18354 28.05917 38.10674 0.0 27.90669 9.46454 9.8895 41.10978 10.25027 33.75881 18.34451 0.0 10.26751 40.54507 15.39103 23.8248 27.10754 9.87607 10.18792 0.03902 34.9289 13.30107 31.33274 38.7194 40.46547 28.37732 27.96958 26.23522 37.43119 32.32856 32.49798 18.49023 41.8722 17.53123 21.23395 35.22278 24.10485 31.32178 25.86016 36.92448 37.84451 38.47242 29.94489 31.63104 18.60373 9.7549 0.0 35.99623 0.0 39.17388 
1000.0 20.28863 15.11404 14.19851 0.0 28.704 9.93318 34.30173 37.7864 25.36103 40.74062 35.27286 0.0 26.97171 33.73833 27.92146 23.63241 14.39844 9.5708 40.71379 0.01583 39.88495 39.66804 19.07359 42.97915 24.05561 13.04939 26.01116 30.67286 21.40797 24.72537 38.93645 20.29267 32.91197 25.69307 36.24044 28.49057 36.85348 28.39633 25.78955 42.03065 29.64217 31.8622 36.54712 23.95575 43.35465 16.97682 0.0 12.45107 0.0 28.86939 
1000.0 28.68245 28.48789 18.98738 0.0 18.08449 35.52086 13.61007 25.22636 22.55242 18.27143 20.11328 0.0 35.96114 12.09916 23.51394 37.98532 32.91307 39.70691 10.2184 0.02811 19.62912 31.092 39.75173 32.5487 38.07585 34.59217 42.15581 18.89979 30.30043 40.70503 28.0882 42.87408 11.75859 27.92938 35.50251 22.5122 13.01895 40.18037 41.10186 24.51695 39.03913 30.69959 38.97556 43.3071 24.96616 23.81052 0.0 16.79029 0.0 20.34686 
1000.0 9.53873 9.25994 17.53154 0.0 38.99001 42.55058 21.66983 12.75768 41.10291 22.96866 25.78811 0.0 9.92026 40.57338 26.4217 20.56051 26.30313 17.67367 16.88374 0.03556 40.74318 40.25267 21.2372 33.15404 23.24984 30.20497 32.77587 29.48303 26.06245 37.97452 36.73821 11.18149 37.82663 28.45788 38.1134 25.6501 20.92096 19.91915 30.43074 33.96726 38.41699 16.54844 28.02653 22.84049 19.37864 26.43458 0.0 17.99393 0.0 18.06899 
1000.0 25.87663 15.83809 38.6429 0.0 12.70132 20.38381 18.8681 30.96502 25.88142 17.02686 40.0505 0.0 11.63738 9.71127 36.62114 32.02118 10.10163 40.34392 36.12516 0.03514 40.58951 18.44907 14.32505 17.95476 17.44503 33.37964 9.45082 30.48066 10.51869 38.87078 42.00732 19.62145 23.32377 37.28073 19.43323 27.72106 21.80229 42.48933 12.69218 10.13802 16.14504 10.71599 13.76894 23.63259 30.18129 41.95658 0.0 23.72017 0.0 23.45502 
1000.0 13.2856 37.343 17.93724 0.0 30.96795 17.80114 18.60174 18.59501 42.99521 35.91215 40.61177 0.0 32.51967 9.97307 25.75234 19.91965 21.7888 34.96624 18.66213 0.04577 24.19893 39.84838 32.62824 25.35994 20.86851 20.66955 24.67235 18.07529 25.09291 13.7942 39.73264 14.1721 12.78856 37.05604 32.35661 26.59785 34.13355 19.30935 19.73976 25.29181 21.64728 11.00599 16.70752 36.18788 26.38258 14.92972 0.0 18.14138 0.0 36.56259 
1000.0 24.56783 16.82739 31.8572 0.0 21.93497 35.38647 9.87826 16.43221 27.55415 32.2007 12.69916 0.0 26.10678 19.79102 40.61347 9.8979 26.00408 19.27195 31.43649 0.03388 11.16023 43.26199 25.05138 20.35265 16.31317 42.24518 31.0426 16.86915 10.89541 35.23323 34.6113 14.14855 14.47669 11.72154 23.59347 21.923 25.68607 22.83063 41.11813 13.70382 31.96766 39.28206 40.61859 38.29074 27.00451 31.89415 0.0 34.97692 0.0 27.99116 
1000.0 19.81361 38.8526 28.04244 0.0 42.08093 32.12471 34.76974 20.50803 39.0689 37.78306 35.74322 0.0 19.33778 39.42232 24.66003 13.85076 38.09438 41.45437 13.09695 0.04581 34.20529 41.00826 15.7898 35.7586 31.1939 16.28182 27.23762 41.07338 37.64372 41.07087 13.29819 27.99016 42.36785 19.03938 19.16033 42.62329 29.65831 30.06031 31.42348 33.92586 9.61978 32.43893 26.5321 39.68586 21.60379 10.629 0.0 11.36582 0.0 37.58345 
1000.0 17.82542 25.47829 16.88246 0.0 19.37828 24.73216 29.90448 17.85715 41.64363 34.49443 20.36266 0.0 32.78554 17.82814 9.735 16.79738 11.58698 37.91408 38.95352 0.02824 21.03358 17.42672 28.26926 8.78404 33.41764 22.57941 25.95885 28.22557 37.94269 22.39121 14.15464 39.62079 40.49103 43.14993 37.25407 20.88132 14.91826 38.95123 15.35883 22.42264 14.56004 37.82457 16.73848 18.46837 26.28265 40.08091 0.0 30.34327 0.0 33.55748 
1000.0 33.20633 10.2094 41.19271 0.0 36.80389 11.09092 24.0372 42.40566 41.03844 41.71282 31.1963 0.0 11.06734 33.65135 40.71925 34.72898 8.84646 10.85864 14.28574 0.0205 35.5602 28.44959 37.84245 23.37968 30.7484 14.26947 39.17289 19.86123 41.46923 28.36619 21.43547 40.81458 30.87173 31.31857 43.31479 40.31786 34.88355 21.8209 38.69938 21.44407 26.39966 25.2681 21.66248 23.2746 10.12693 12.59893 0.0 30.01641 0.0 31.28427 
1000.0 28.36676 23.01695 12.03088 0.0 38.19041 20.31124 40.48832 42.73514 41.09332 23.68524 43.20025 0.0 26.21698 22.54086 21.83669 12.85092 20.69738 12.93849 24.21824 0.02923 17.59396 36.02863 19.04023 26.20644 19.74277 32.99302 9.0871 18.51713 22.08303 20.34182 16.20812 42.37586 27.83962 32.82051 13.28192 11.7297 26.22655 36.36315 11.70357 11.58165 37.96121 32.45672 26.7212 24.74414 40.46911 13.05706 0.0 21.36946 0.0 35.07609 
1000.0 10.26919 19.1806 35.43409 0.0 41.32379 17.96299 25.7947 40.56378 38.56506 30.24131 41.48663 0.0 12.73056 11.4437 13.62277 14.81706 28.0874 42.62435 38.01554 0.03422 34.16097 39.27557 10.38353 24.59751 18.79785 35.87542 41.18275 36.7435 13.87788 30.94024 20.18442 32.74943 13.60912 10.27685 11.23645 12.42881 11.02997 32.03231 33.3115 23.77542 19.77381 29.71042 20.12284 40.80791 35.24286 26.8049 0.0 21.6051 0.0 21.11116 
1000.0 10.96744 34.66688 15.496 0.0 41.08298 38.38014 32.32316 31.02503 9.16306 11.11731 40.62007 0.0 24.73384 13.49399 12.45243 39.55523 23.92128 39.53394 20.3204 0.0363 17.01085 18.3124 28.53701 9.52385 29.09791 23.03782 26.75025 23.17398 25.62942 11.4794 25.99474 13.07543 23.34124 34.16944 32.61779 10.49975 11.7274 26.93403 28.5648 15.25633 23.48743 31.59471 23.79048 9.71987 16.83083 41.94646 0.0 20.02611 0.0 23.30819 
1000.0 40.65352 28.22051 29.86274 0.0 27.33176 12.63061 26.21961 15.12621 36.1298 35.41969 9.44462 0.0 10.22136 30.73794 20.02424 31.68204 11.62451 10.34039 21.12665 0.0114 18.9439 37.35192 42.13272 33.27199 41.13182 25.17274 30.56467 43.24336 25.83655 22.73621 16.86495 24.75737 40.88061 19.57457 11.63762 39.67282 36.5048 38.52279 18.51307 39.00342 11.04374 33.15262 41.77786 32.82505 36.47599 18.93544 0.0 34.73112 0.0 41.38524 
1000.0 13.01884 17.50023 32.3967 0.0 38.20593 29.74036 41.27212 41.28054 26.02442 24.54462 18.24493 0.0 30.15106 22.96319 40.45709 40.17585 18.03193 13.00462 25.76139 0.04588 31.29182 11.15361 16.95912 33.97646 20.47265 21.31398 16.65891 14.98119 33.59429 41.33168 23.22807 10.49316 37.6607 38.31092 38.68359 26.68074 9.59624 29.96782 11.06968 42.5162 33.43575 29.74048 33.4165 16.58921 19.12552 23.9044 0.0 12.9712 0.0 19.96182 
1000.0 24.39867 41.25138 32.61368 0.0 32.70902 32.84772 25.52906 35.18785 43.32599 38.23011 39.37495 0.0 9.398 10.16929 13.80688 34.35167 42.37551 16.99797 14.30795 0.01478 31.98215 16.17271 18.21835 20.71194 20.8573 23.52796 28.44269 32.55581 10.6055 28.47598 18.11489 37.73408 21.21672 24.64524 32.25954 20.6447 33.17491 12.17977 20.64545 30.26406 18.44215 27.3259 14.69488 39.22813 17.73413 30.51343 0.0 13.80264 0.0 22.83077 
1000.0 30.86293 38.47978 24.9558 0.0 38.59704 25.34483 30.87572 34.71989 26.2412 13.91269 18.19237 0.0 23.00799 32.37035 11.10909 36.8261 36.56809 27.06868 17.6785 0.02688 33.32561 16.81009 16.19719 28.29905 15.00906 34.81266 33.3962 32.88852 18.26927 19.07445 15.57104 35.26036 42.64143 16.01128 38.59436 38.40751 26.78734 24.7771 26.69712 35.25178 16.81096 11.03527 34.76385 24.07628 34.11061 9.29832 0.0 42.41458 0.0 32.74866 
1000.0 38.27648 37.0107 38.16977 0.0 12.15198 31.38836 25.28216 21.31318 33.76649 23.12162 11.32473 0.0 21.92972 33.85338 11.86765 34.1171 11.71729 27.30021 11.37296 0.01429 27.35564 9.23421 29.37951 15.61546 19.03735 31.29339 10.69454 38.72158 24.60198 20.97541 30.93365 24.19763 34.45886 18.35668 40.26108 19.16776 35.33649 35.96962 15.16848 43.19976 20.36364 28.47551 15.66645 22.29435 39.56948 14.10418 0.0 11.25024 0.0 18.49225 
1000.0 18.38123 12.66049 30.28262 0.0 16.55122 20.03612 17.23945 8.68384 19.62079 15.06084 32.18206 0.0 35.14493 24.42879 38.90231 8.72595 31.42507 16.01143 41.08477 0.01257 32.07907 9.26269 32.14279 27.82676 28.37189 19.89567 37.93764 30.30382 14.73485 10.15905 12.01893 8.95984 28.99726 36.77145 17.12926 33.94223 31.45075 24.5377 14.07374 8.69537 21.67182 23.86144 10.18624 42.11708 21.03245 21.95377 0.0 32.01022 0.0 22.81913 
1000.0 16.38238 27.07399 23.26087 0.0 13.42205 16.16575 31.68959 16.56405 32.12521 19.0955 9.61024 0.0 40.65169 21.41595 20.41604 16.74236 41.85531 28.11499 38.93578 0.0375 34.33024 37.76785 9.34571 27.05425 10.19587 31.82648 8.67833 28.68341 33.46162 20.48168 29.49912 12.25225 12.8187 24.13683 23.75222 19.35058 22.80094 38.37383 35.76605 33.14069 27.44981 31.04863 38.06594 37.84404 21.60349 21.02035 0.0 20.4333 0.0 38.57875 
1000.0 0.0 0.0 0.0 26.64464 0.0 0.0 0.0 0.0 0.0 0.0 0.0 25.19257 0.0 0.0 0.0 0.0 0.0 0.0 0.0 0.0 0.0 0.0 0.0 0.0 0.0 0.0 0.0 0.0 0.0 0.0 0.0 0.0 0.0 0.0 0.0 0.0 0.0 0.0 0.0 0.0 0.0 0.0 0.0 0.0 0.0 0.0 24.32158 0.0 34.5637 0.0 
1000.0 29.02963 11.76223 25.98039 0.0 12.96955 16.1481 33.09269 29.59205 24.79612 9.81251 19.15648 0.0 15.66966 18.49292 23.13222 20.75758 25.93253 34.74828 37.06525 0.02807 17.5947 30.953 12.5299 31.22639 16.47639 18.57737 15.73319 42.85621 11.84005 39.15031 15.80203 25.40882 13.74275 20.39744 18.58773 27.95051 36.90136 32.2292 13.08237 18.14618 18.56091 40.04894 43.26397 34.21563 31.03219 19.25245 0.0 29.62594 0.0 16.21273 
1000.0 0.0 0.0 0.0 11.2777 0.0 0.0 0.0 0.0 0.0 0.0 0.0 38.42108 0.0 0.0 0.0 0.0 0.0 0.0 0.0 0.0 0.0 0.0 0.0 0.0 0.0 0.0 0.0 0.0 0.0 0.0 0.0 0.0 0.0 0.0 0.0 0.0 0.0 0.0 0.0 0.0 0.0 0.0 0.0 0.0 0.0 0.0 28.24775 0.0 16.3784 0.0 
1000.0 18.56242 32.08897 16.79118 0.0 28.10338 40.28134 14.99487 8.89495 42.94867 24.72282 42.52326 0.0 29.60317 19.3496 35.07872 24.26925 34.13154 30.28283 25.23779 0.0123 22.77425 32.25 16.37633 9.08992 40.5722 41.64024 11.18393 32.24768 40.09599 39.23611 14.87402 13.91353 37.31431 37.81757 30.34384 18.613 20.32225 10.58981 31.61222 29.62008 38.7497 37.08255 26.85679 29.64847 26.39194 19.47846 0.0 13.81137 0.0 25.66715 
