1000.0 1000.0 1000.0 1000.0 1000.0 1000.0 1000.0 1000.0 1000.0 1000.0 1000.0 1000.0 1000.0 1000.0 1000.0 1000.0 1000.0 1000.0 1000.0 1000.0 1000.0 1000.0 1000.0 1000.0 1000.0 1000.0 1000.0 1000.0 1000.0 1000.0 1000.0 1000.0 1000.0 1000.0 1000.0 1000.0 1000.0 1000.0 1000.0 1000.0 1000.0 1000.0 1000.0 1000.0 1000.0 1000.0 1000.0 1000.0 1000.0 1000.0 1000.0 
1000.0 16.32255 31.49957 31.12846 0.0 30.99373 8.82141 16.88599 15.79814 13.38955 14.45442 32.869 0.0 31.49963 30.36159 24.94524 13.33542 29.93548 9.77001 30.98138 0.01758 32.30666 17.62097 32.03336 15.74945 11.58716 14.15858 17.61241 28.86433 11.86564 19.95069 16.4599 19.34859 25.12148 10.62861 12.67795 10.21297 27.91705 8.24366 10.25137 29.5705 12.25779 13.52219 12.59133 21.80043 10.39756 14.81445 0.0 15.17207 0.0 20.28603 
1000.0 25.26143 23.14051 14.94068 0.0 12.60022 16.5121 7.41449 7.30805 12.38907 33.48173 12.00924 0.0 11.39635 18.89371 23.66758 11.37309 7.57786 31.61233 12.33974 0.02793 33.53184 24.19607 24.26617 12.47413 28.38199 12.18238 27.5478 13.64568 26.9609 28.73002 15.61305 13.09719 7.16917 10.27896 20.20003 33.64394 16.80842 15.43436 28.40653 13.69042 8.49695 9.02666 28.96831 25.05328 16.37957 29.18609 0.0 28.78171 0.0 29.38919 
1000.0 16.32133 33.82094 25.58683 0.0 31.16219 17.92098 16.24193 34.34339 17.2847 22.56955 18.04085 0.0 20.10471 13.25163 33.87953 13.03719 10.86721 27.9004 30.85359 0.01949 19.21488 30.05547 25.46016 32.96459 23.35527 11.61393 32.00989 24.66348 26.35253 12.65657 23.6498 23.40867 21.94915 22.09806 34.01392 12.05341 9.83576 14.17561 33.27922 22.70405 12.50819 23.84994 34.43662 34.30698 18.32918 25.2161 0.0 23.71692 0.0 27.62493 
1000.0 0.0 0.0 0.0 8.01224 0.0 0.0 0.0 0.0 0.0 0.0 0.0 22.80595 0.0 0.0 0.0 0.0 0.0 0.0 0.0 0.0 0.0 0.0 0.0 0.0 0.0 0.0 0.0 0.0 0.0 0.0 0.0 0.0 0.0 0.0 0.0 0.0 0.0 0.0 0.0 0.0 0.0 0.0 0.0 0.0 0.0 0.0 8.59258 0.0 20.76318 0.0 
1000.0 11.0663 18.98582 14.54062 0.0 27.82753 28.22978 21.71228 14.22959 17.43506 13.34736 31.99371 0.0 22.14068 13.52912 13.39852 28.06551 7.76874 18.18106 11.63813 0.03236 25.64519 15.1874 29.21314 7.75497 29.8921 12.79838 11.34075 16.9933 20.92617 25.12132 34.50742 22.75956 17.29872 28.24721 23.88767 11.97655 16.7866 21.80721 32.95897 8.34428 16.49609 29.03729 13.56553 28.66965 19.34353 17.80598 0.0 20.08389 0.0 16.53267 
1000.0 30.71183 28.69688 25.68357 0.0 18.31958 18.91287 11.34501 16.30781 20.73879 29.05322 16.54158 0.0 22.83887 28.42212 14.82737 20.58101 25.29989 19.09847 16.09758 0.01745 16.51974 25.61913 33.93164 30.4169 32.84304 23.10605 29.13211 15.85106 30.09272 15.89479 12.51987 17.58837 10.95206 21.56848 26.57027 8.95923 30.38659 28.45031 32.85996 8.95975 17.11669 18.15332 9.37508 28.7905 26.76376 34.48049 0.0 30.00343 0.0 20.03965 
1000.0 28.98192 11.00934 32.24379 0.0 34.54591 7.11357 20.69824 27.26193 21.31817 12.13297 12.62037 0.0 25.77427 19.9573 11.41654 32.11676 31.90026 14.59068 12.83432 0.0368 28.07915 14.72108 17.70326 17.39211 32.27578 26.91795 22.89723 17.78724 13.33365 27.174 22.49763 10.50259 32.28226 10.92602 32.90307 25.42197 7.66258 14.80143 9.42491 26.76439 19.67739 19.76299 7.67626 19.43932 24.91192 23.91494 0.0 18.81175 0.0 32.49969 
1000.0 7.06657 21.15383 21.24238 0.0 26.60835 9.9807 32.73781 22.72821 26.20449 12.58044 12.90628 0.0 18.76254 21.43291 34.47386 31.61834 14.75231 21.87734 20.81825 0.02622 16.87746 7.2409 9.66701 30.74099 18.14897 23.6663 24.29786 26.15698 17.46107 20.25834 14.67964 31.13641 9.06165 9.06462 30.12458 19.20402 31.64773 30.0825 17.09998 29.32162 32.96085 21.27365 30.80271 8.8208 8.89973 22.86199 0.0 26.65998 0.0 21.48124 
1000.0 28.03966 8.83593 18.26157 0.0 31.40611 25.6027 30.55566 27.1123 26.94724 28.2954 23.03291 0.0 33.69003 6.92583 30.27611 13.99458 33.94635 10.34151 15.77905 0.01905 17.85199 32.53804 32.30388 30.45714 14.44003 10.10217 33.72162 20.26911 7.52836 7.18903 23.1978 24.89874 7.94185 33.83728 24.41857 9.28635 18.48069 21.8906 20.76167 29.5723 21.17705 25.61687 13.45636 7.04244 27.95048 22.73122 0.0 26.7252 0.0 17.37972 
1000.0 33.60306 9.86035 10.29753 0.0 14.79936 32.06919 8.05667 27.13704 22.48941 22.86071 29.40604 0.0 25.56575 25.03098 30.82924 33.58995 16.16712 25.51778 16.82688 0.02107 28.0191 21.36915 34.597 20.28281 19.77663 25.3986 31.65278 22.88618 12.28765 30.02767 23.82567 12.16708 11.6676 27.22967 12.3053 19.77045 9.7487 16.11719 8.04359 32.29462 17.75729 34.21337 17.86967 20.64561 11.38244 32.04756 0.0 30.50809 0.0 16.46427 
1000.0 28.53191 21.29704 32.94793 0.0 31.30442 7.41978 25.09409 14.65863 30.0542 20.79739 21.30104 0.0 19.79771 16.58269 10.75428 31.83315 24.53572 26.74472 16.0436 0.03631 8.88016 22.38618 23.27706 8.53289 24.4558 23.30074 31.73445 23.17647 33.10782 13.16615 28.76552 17.34397 15.4757 10.5737 12.01254 8.75693 26.39157 21.46448 16.27933 20.85909 19.33236 10.26106 9.45061 26.41834 20.49314 27.92697 0.0 9.62005 0.0 32.13899 
1000.0 0.0 0.0 0.0 30.68198 0.0 0.0 0.0 0.0 0.0 0.0 0.0 21.58019 0.0 0.0 0.0 0.0 0.0 0.0 0.0 0.0 0.0 0.0 0.0 0.0 0.0 0.0 0.0 0.0 0.0 0.0 0.0 0.0 0.0 0.0 0.0 0.0 0.0 0.0 0.0 0.0 0.0 0.0 0.0 0.0 0.0 0.0 10.49992 0.0 18.50586 0.0 
1000.0 31.05952 17.6972 17.35578 0.0 19.50719 25.72858 17.10979 21.50428 19.56519 7.62738 33.36939 0.0 27.78726 15.74725 11.47519 21.93326 13.18129 25.93279 24.84076 0.02309 9.47233 20.19437 19.3012 7.91503 23.31006 22.71275 25.86622 20.19516 10.86261 10.60203 25.43226 16.26407 32.63273 15.21602 15.50189 28.78849 12.55957 10.21606 26.62104 19.07209 14.75915 14.45201 22.91382 23.8291 7.77828 32.37974 0.0 14.80306 0.0 30.04368 
1000.0 22.94493 7.07497 26.64931 0.0 34.30193 8.69539 31.28175 21.81431 26.86374 26.92859 18.10314 0.0 31.88071 14.74606 19.01269 20.98469 29.00796 11.76856 13.57254 0.03831 12.82994 8.87306 17.38869 12.47648 19.58776 27.59638 31.23691 17.05782 30.37881 30.9051 17.84669 12.53549 29.10826 32.13293 14.24856 31.62219 20.31425 10.36149 21.10873 25.95954 22.10798 8.21996 22.16771 8.2243 31.33196 18.38162 0.0 25.33842 0.0 19.52236 
1000.0 21.08783 34.2128 24.47891 0.0 20.07845 21.66554 11.30325 12.80367 22.16504 13.47778 21.51316 0.0 31.20025 30.38327 15.79583 17.72967 24.10088 33.47354 12.94502 0.02203 9.73658 14.84055 21.5632 22.43015 20.11108 27.80391 23.4307 25.46775 8.70914 19.3164 18.82838 15.35332 24.90219 7.46081 26.40828 22.57473 11.58544 17.35854 25.4971 18.92153 13.16861 28.37145 7.69699 22.32649 23.71424 19.58517 0.0 14.74931 0.0 28.14736 
1000.0 25.80422 31.01753 24.90984 0.0 20.90841 24.30922 9.56055 11.84886 21.75173 22.50284 7.77702 0.0 11.56403 17.82151 10.02703 19.02107 10.97504 33.22775 28.683 0.02115 23.44315 23.56707 25.37285 34.3411 9.23696 21.3502 23.71368 29.21957 32.06092 34.00477 23.70342 17.026 25.47556 10.34387 12.99006 18.46204 8.94273 17.50664 32.84706 7.65642 29.66633 26.47954 34.54111 23.64021 27.81076 27.51775 0.0 27.72251 0.0 10.3216 
1000.0 26.32497 12.65699 21.1448 0.0 10.87179 8.40352 31.11684 25.24606 24.72696 11.37114 28.49883 0.0 23.3345 27.66513 23.32785 17.62203 16.02668 23.18687 11.65057 0.02173 22.69096 12.77648 8.8564 15.41249 24.80577 17.92782 8.42137 7.91305 28.22964 8.64741 19.48309 32.88742 11.6416 27.33854 29.64654 14.24404 33.78921 28.50896 16.41165 10.51063 8.52017 16.77143 23.961 12.39938 16.50045 7.09045 0.0 31.90303 0.0 18.98601 
1000.0 11.99549 18.31685 33.10731 0.0 34.04792 14.50215 14.12784 8.93344 27.53682 11.45165 18.85473 0.0 17.4648 17.59498 32.52259 11.6538 11.97433 32.37814 31.4797 0.01189 20.39804 28.11731 26.48848 9.96367 17.15889 8.66427 17.9694 7.2379 11.49597 12.01201 17.23856 29.30483 19.25822 32.43191 28.57017 31.29778 33.54262 10.633 32.03397 12.80798 32.00154 8.9648 19.65027 23.30439 31.52483 12.9531 0.0 14.4326 0.0 33.0349 
1000.0 18.39186 30.40695 15.21474 0.0 8.54889 17.68109 28.45125 10.30938 27.93183 21.99888 16.32396 0.0 31.92861 25.26236 23.06651 30.02418 16.03426 30.57065 17.21003 0.01692 32.39665 29.42641 21.32194 19.66923 11.46353 9.95363 7.06283 26.57906 11.02024 25.69701 9.43887 18.29311 11.31928 31.19669 20.34552 15.72037 10.69029 8.67086 19.29386 13.02389 29.20886 14.0009 17.6277 7.42141 15.83105 17.86011 0.0 7.54497 0.0 16.47832 
1000.0 0.15361 0.14307 0.14973 0.0 0.12725 0.07761 0.12724 0.10832 0.12857 0.11434 0.03613 0.0 0.04077 0.09153 0.04619 0.07519 0.10135 0.14642 0.07284 23.56418 0.116 0.14951 0.06219 0.07817 0.15306 0.16372 0.05024 0.09725 0.13543 0.0613 0.11501 0.07617 0.03335 0.04576 0.12818 0.06272 0.1603 0.09577 0.0836 0.05063 0.06715 0.09946 0.09598 0.15459 0.15649 0.10069 0.0 0.12445 0.0 0.15403 
1000.0 22.47003 26.50829 9.63779 0.0 30.13916 18.66027 22.35414 30.66532 30.64564 25.24666 29.2842 0.0 33.82435 26.64508 31.21169 9.01456 7.50452 30.1795 16.47288 0.0168 18.05418 32.01753 18.67939 7.50087 30.9042 32.18521 28.57442 14.60101 11.57109 34.56766 19.95722 8.52344 20.73547 14.87548 25.49633 10.19045 15.00361 16.08878 32.81837 29.92895 30.88018 26.55913 11.33634 7.36826 9.32226 9.50631 0.0 24.46137 0.0 31.22786 
1000.0 21.47434 19.3628 7.51874 0.0 17.56228 19.02055 28.83799 27.33632 28.68602 15.42769 26.59744 0.0 32.53841 33.83805 22.41149 24.77469 28.54409 18.6838 16.16052 0.00903 18.38492 6.97024 23.08413 14.9416 8.57473 13.36791 10.5952 8.83151 27.61566 18.20014 13.32754 10.55067 13.88835 11.65571 21.0902 9.25455 19.26515 30.01574 8.61755 11.26717 10.91155 14.19424 13.35927 8.21389 31.2643 34.56127 0.0 23.66872 0.0 11.97933 
1000.0 9.85968 23.06545 11.96417 0.0 29.18685 33.65348 13.38164 9.68609 19.63013 19.93115 20.89995 0.0 30.05531 20.05363 15.45219 9.01664 32.14934 8.05829 28.66466 0.02077 29.74507 9.06231 7.31417 15.66796 14.25231 32.99739 28.00433 23.85693 19.05603 28.67974 20.18942 29.76438 25.50232 17.05379 30.48113 26.30918 9.23155 29.01462 11.69017 28.90366 10.08153 20.79886 13.50564 34.35646 31.69345 21.45719 0.0 14.86403 0.0 10.45966 
1000.0 25.51369 33.49613 30.32347 0.0 31.88977 27.97394 32.73114 26.34572 9.16378 21.28963 32.4623 0.0 26.60118 25.79145 9.01907 18.16443 18.84481 21.80525 19.72303 0.03424 25.42167 25.75863 9.72649 10.6123 26.77682 23.6618 11.66706 12.40375 11.06782 7.07484 17.75084 21.61161 21.86903 32.35728 12.93263 23.43773 32.97673 20.32805 17.29695 8.10889 13.91761 21.50918 23.2905 7.9888 11.40424 9.91899 0.0 11.05197 0.0 21.90208 
1000.0 31.80327 23.57751 23.32352 0.0 26.23181 27.40195 8.82995 26.13136 16.36941 27.97846 25.17682 0.0 20.52482 15.54199 26.81135 19.51789 28.19653 30.79779 6.95 0.01789 7.16649 28.61936 11.54606 11.10626 20.89415 8.14853 30.19206 34.12853 10.73238 31.87353 24.6358 11.69135 9.14737 30.83012 15.06959 26.11166 27.56382 16.44217 10.67012 31.26754 14.50428 20.07193 13.36191 26.43127 22.19894 17.0557 0.0 8.39077 0.0 16.66577 
1000.0 23.80553 16.92827 32.76782 0.0 28.07793 34.42506 32.74759 17.79903 15.27347 8.8326 22.94596 0.0 7.52668 15.65893 27.17206 31.02749 15.39271 15.30422 30.88597 0.00954 18.88322 20.03419 21.04652 28.36922 32.08802 8.74576 32.43696 12.13295 7.84061 23.18782 24.73172 19.22306 12.22363 12.03325 8.42647 24.4302 10.02163 27.98182 32.68649 17.66214 28.4004 33.3465 18.2924 14.91773 27.48017 8.84731 0.0 26.06384 0.0 13.14453 
1000.0 12.42331 26.98312 11.07299 0.0 28.87116 21.60157 20.36661 12.10782 14.14016 27.25178 8.36358 0.0 9.8465 33.35642 27.05077 31.83288 23.79334 19.8171 8.14634 0.03553 16.04306 19.5417 11.16577 21.64253 15.67654 32.74429 32.97906 24.65067 27.17155 23.25614 31.35043 12.15482 16.58485 31.64554 7.95965 21.92993 32.97583 16.8419 19.39851 24.4137 13.97819 18.19291 16.34106 25.80288 33.57985 11.20716 0.0 8.68319 0.0 24.13435 
1000.0 8.88181 26.37673 13.05116 0.0 21.81604 20.25986 33.77463 18.02427 26.13317 16.9099 19.09765 0.0 28.08475 19.55407 12.57701 22.33593 7.50061 14.48753 16.06844 0.03901 21.2668 25.47649 11.7716 33.68768 9.20284 20.66346 27.42696 22.24666 34.39137 21.5287 7.67284 11.81834 20.03359 32.47833 15.52879 20.37377 29.83 28.55051 15.40162 32.33396 25.89985 30.26091 33.09794 25.98932 30.10404 14.98867 0.0 24.34699 0.0 19.21645 
1000.0 16.68968 33.64427 13.63697 0.0 11.78204 15.60319 14.37461 32.08079 30.32428 20.69451 12.85243 0.0 11.35575 24.713 15.63551 27.48606 18.98221 9.0257 10.85225 0.03528 19.49423 13.71662 30.91078 12.3104 11.57715 11.84646 13.81332 25.33514 29.64093 13.15648 16.31727 31.08624 19.34322 15.86995 15.25428 28.49373 21.28985 29.87328 27.90915 29.35318 20.32601 13.8536 7.05472 29.88332 23.07775 13.37257 0.0 22.55584 0.0 34.17745 
1000.0 18.05964 21.20195 18.28483 0.0 24.88627 29.73836 23.22501 24.82561 9.07995 22.84787 21.47997 0.0 12.74548 18.12156 33.64609 7.9735 20.82284 30.42825 14.54118 0.03639 13.28089 14.35563 11.14071 13.03495 9.62473 18.04727 26.93672 34.51902 12.48294 22.67946 11.67851 26.38544 9.401 14.81068 33.49889 18.98114 23.19837 15.64167 17.25273 25.80053 29.54695 13.85439 17.66898 34.52475 25.29315 25.60432 0.0 29.7795 0.0 9.65649 
1000.0 11.84813 27.63346 29.02324 0.0 9.8714 8.39118 24.22332 28.88574 17.46724 15.19899 31.98546 0.0 15.87235 12.45091 27.30552 23.21199 9.96381 22.64751 29.90123 0.01474 23.74951 25.27628 19.77163 12.49532 31.55899 32.10149 7.08181 8.68321 26.83658 32.76464 15.91234 23.26934 17.49527 26.13596 15.77237 20.20511 12.09736 21.10892 23.01784 14.95664 30.54869 7.50658 8.51308 14.34983 7.11927 27.74888 0.0 28.37865 0.0 26.91588 
1000.0 10.82867 33.67601 13.05173 0.0 6.99678 21.41529 23.7565 27.36219 15.03554 8.46514 11.90453 0.0 31.88576 9.72433 31.5553 13.8286 33.34783 27.99712 29.28711 0.03796 28.32807 23.31996 21.4058 28.14483 14.11522 22.43912 33.34591 32.48469 21.18741 15.78912 28.58542 23.70972 33.3288 16.18813 21.6248 18.79961 32.0462 19.08347 10.60512 34.45861 15.84391 14.31771 16.28899 7.985 32.80423 27.11644 0.0 7.07584 0.0 19.69539 
1000.0 25.54641 15.90734 21.78468 0.0 8.74663 31.96072 28.47273 22.71021 16.58676 17.64296 27.26546 0.0 22.11111 23.41879 25.30459 28.18418 26.2786 16.76352 29.6627 0.01131 15.20326 30.14896 22.79327 24.53092 19.63377 20.82256 7.31949 16.47571 22.77264 18.15101 14.62424 10.16446 15.06505 16.32324 17.93893 20.18541 17.74353 29.22575 18.986 27.87874 16.65308 30.32683 29.16901 28.44182 23.89008 13.03794 0.0 33.15684 0.0 17.44378 
1000.0 12.95122 12.52415 21.35196 0.0 23.39209 16.0727 7.07803 25.95876 10.67523 22.72337 28.48966 0.0 28.15442 22.36765 27.03339 15.77914 16.71674 24.61193 18.31995 0.01938 11.08758 22.43086 13.38097 8.05607 22.66668 21.86935 17.32897 34.37125 28.1141 17.04461 18.55728 17.84109 30.12099 8.40202 18.79961 22.29788 26.26881 30.50033 20.9947 23.92079 12.8762 9.4501 14.56749 28.97038 9.39719 7.55301 0.0 21.40069 0.0 34.44563 
1000.0 14.75727 32.15253 13.7772 0.0 27.77564 20.06377 27.67285 15.46366 10.2023 24.2604 19.28767 0.0 10.30878 13.97735 26.59582 23.15056 9.22713 24.73115 31.02071 0.02558 24.68444 31.39172 33.85679 26.21423 22.32854 26.37376 7.01721 28.84516 23.24405 21.99619 16.64394 13.81603 16.45507 28.23256 21.91959 30.14155 25.29034 8.52261 29.28937 14.06327 16.3337 18.31844 21.57585 13.64947 26.67798 13.11366 0.0 25.68326 0.0 28.89072 
1000.0 17.91781 34.23271 28.04203 0.0 12.61563 24.53339 29.55285 26.3842 13.77387 19.67981 27.94614 0.0 30.41389 24.35695 27.37727 26.7046 22.37838 28.0562 20.30672 0.03641 8.07858 9.0841 16.3584 27.50101 9.5565 24.55393 21.95833 30.22856 19.20467 22.63567 24.31274 24.7783 28.88597 26.5085 26.80694 27.4517 27.27267 8.50232 30.22103 20.43182 32.42709 18.62217 32.04002 12.97862 25.14342 14.94601 0.0 15.99085 0.0 26.37267 
1000.0 14.36656 33.81312 22.68964 0.0 15.4291 29.08822 32.24785 10.1347 28.92013 24.73545 34.46406 0.0 8.69049 19.80752 20.20866 23.80261 29.67746 15.54333 21.29416 0.03414 22.07261 20.7376 30.77223 11.37077 9.02577 7.86605 14.71279 27.13368 23.24029 24.74435 11.25413 32.05331 7.39056 10.86186 8.98491 15.17999 9.09836 7.01407 8.88031 30.13052 11.18781 33.71982 19.92822 16.50539 33.0001 30.49641 0.0 30.53184 0.0 13.17419 
1000.0 18.46841 32.4074 11.21894 0.0 12.40837 11.40755 15.50913 29.13038 14.70128 17.20042 20.70832 0.0 19.25862 12.20125 28.3304 22.04484 26.27163 15.87508 23.66771 0.01444 21.6421 17.44908 33.32775 14.64091 9.79564 32.57263 9.4167 17.12317 18.28351 17.7272 21.88007 30.01426 19.72793 20.3386 31.34497 19.9312 19.18172 22.37908 29.4842 21.8874 13.3825 10.97435 17.03038 25.16206 22.97346 7.73538 0.0 24.4732 0.0 24.79604 
1000.0 31.42548 18.90752 24.24522 0.0 32.55969 34.59845 16.13568 22.12453 30.76099 20.90427 27.14927 0.0 29.21982 15.40311 7.53296 9.89396 7.45125 31.8944 19.13037 0.02024 17.68185 12.72113 31.65199 28.6149 14.74563 30.5648 9.07005 9.15593 27.16037 14.62183 33.25337 34.32324 16.90005 28.28849 33.35749 20.32532 22.13584 29.93826 24.21779 10.06494 26.64946 20.80725 34.35271 8.52569 18.30376 22.82392 0.0 18.35865 0.0 33.30303 
1000.0 30.374 18.23023 27.29667 0.0 28.99216 7.85988 28.87727 7.56462 8.11574 15.93264 24.36273 0.0 31.98256 10.52811 31.31028 8.32606 24.32134 7.06807 23.35303 0.02974 14.41686 24.54179 8.68168 32.03856 33.39711 26.48256 14.35902 25.46041 17.04151 25.75683 10.33207 22.87698 26.10092 21.7155 20.84937 20.11703 29.75087 16.56691 18.89229 22.51724 8.75258 26.47713 23.11804 12.16053 31.02183 24.15683 0.0 30.12741 0.0 25.16276 
1000.0 12.02396 11.9063 13.92974 0.0 23.64879 25.72921 16.4739 9.27163 8.81324 22.96983 14.18858 0.0 22.21685 16.52848 32.3776 13.03988 15.10985 25.86038 22.0645 0.01611 20.30547 8.33208 14.11594 19.99591 32.83634 29.37487 14.6333 28.09966 33.73619 20.30946 20.69381 21.28404 9.47237 16.52238 25.01008 15.82725 22.17108 24.9754 32.44366 22.49019 9.61357 12.97203 21.42511 24.51065 17.64659 32.80992 0.0 28.90556 0.0 14.7451 
1000.0 11.60582 30.14106 18.49262 0.0 14.83146 8.39247 8.38847 15.06896 10.35523 33.90046 27.24968 0.0 23.48209 21.43482 25.91172 22.05546 28.58859 14.00657 15.01159 0.03429 16.0692 27.05443 26.31312 24.1845 26.82117 6.9321 19.04852 12.98581 23.15671 23.62231 17.48114 24.50123 13.6711 31.41046 21.62906 24.6963 11.03738 21.49296 25.26258 19.82766 25.66455 20.3207 30.20425 28.48767 10.78884 7.07354 0.0 8.20802 0.0 28.80068 
1000.0 33.36487 23.31099 30.14893 0.0 11.33868 26.45384 10.17199 32.05992 12.95652 20.89432 31.70341 0.0 9.03133 21.12532 12.09537 28.99158 13.82483 29.99301 18.093 0.01534 12.18134 31.27031 16.90894 18.57516 29.85201 24.89871 33.38342 33.45255 14.09775 23.89577 18.62943 32.07967 31.65827 10.75292 21.66288 15.15999 7.68938 19.492 27.25942 31.96621 27.04618 32.83414 11.93234 33.25923 14.3831 24.59292 0.0 33.48649 0.0 15.30791 
1000.0 16.26995 13.20084 33.49995 0.0 8.26509 14.70103 8.03694 27.08273 23.87118 30.98549 8.96714 0.0 18.23327 26.36884 28.33466 7.86598 17.7941 18.21452 14.56596 0.02516 25.3431 23.08023 7.55818 14.88312 23.52075 31.9751 21.51638 18.95269 22.87156 15.31526 26.56979 28.86329 18.10594 24.64667 24.22326 27.21731 14.14602 25.77844 13.13896 15.19069 10.70977 28.80912 8.35851 27.96214 12.70886 18.13741 0.0 10.35726 0.0 33.60523 
1000.0 34.04952 18.99023 25.04828 0.0 22.35805 19.9778 13.10821 11.90068 27.76754 9.90847 16.35513 0.0 20.10372 25.05265 28.0613 31.34897 28.06219 21.80909 24.48569 0.0283 18.68544 16.17735 11.64473 29.878 8.92142 33.71422 23.49347 10.03713 25.97479 13.03333 18.02291 20.66092 21.93037 10.12648 9.2503 7.12494 9.25186 10.29881 7.52842 28.73804 14.59004 12.02802 26.95469 16.42981 27.93434 34.21807 0.0 13.28331 0.0 23.87385 
1000.0 9.78275 34.11232 30.59821 0.0 21.68796 26.46045 28.58419 23.09645 7.63892 22.14906 27.91291 0.0 20.76774 21.53713 19.8022 28.62307 29.25053 13.52484 25.9695 0.02279 10.58235 21.53074 11.92656 33.45495 18.84127 33.94099 26.44776 16.26833 23.88621 27.52629 23.402 14.45952 29.85354 22.97441 33.36678 10.81536 14.31137 10.92116 20.41187 30.9736 19.64277 11.52548 25.66104 7.07892 23.46295 8.66431 0.0 28.9303 0.0 28.55266 
1000.0 0.0 0.0 0.0 32.61107 0.0 0.0 0.0 0.0 0.0 0.0 0.0 13.1015 0.0 0.0 0.0 0.0 0.0 0.0 0.0 0.0 0.0 0.0 0.0 0.0 0.0 0.0 0.0 0.0 0.0 0.0 0.0 0.0 0.0 0.0 0.0 0.0 0.0 0.0 0.0 0.0 0.0 0.0 0.0 0.0 0.0 0.0 17.95635 0.0 18.02206 0.0 
1000.0 7.31113 25.67305 28.1359 0.0 18.88577 9.49729 34.38953 18.49806 20.27217 8.42205 20.40242 0.0 34.18807 7.9287 31.91844 8.42174 20.03452 25.7499 8.83439 0.0084 26.64928 10.92892 23.86003 32.31963 18.83903 29.77402 22.28193 30.16486 12.47639 28.02404 24.01085 12.43902 12.25512 16.93524 21.90238 15.23206 18.91081 21.44046 25.52081 10.89459 14.98945 19.6509 16.61629 10.22272 24.79202 26.11684 0.0 32.93126 0.0 32.39149 
1000.0 0.0 0.0 0.0 26.93852 0.0 0.0 0.0 0.0 0.0 0.0 0.0 10.47264 0.0 0.0 0.0 0.0 0.0 0.0 0.0 0.0 0.0 0.0 0.0 0.0 0.0 0.0 0.0 0.0 0.0 0.0 0.0 0.0 0.0 0.0 0.0 0.0 0.0 0.0 0.0 0.0 0.0 0.0 0.0 0.0 0.0 0.0 15.56716 0.0 32.40131 0.0 
1000.0 8.10975 14.07534 28.40191 0.0 18.68201 12.66094 9.50387 28.49655 34.12865 13.217 29.53032 0.0 13.46899 24.91025 10.68266 31.18248 33.34495 26.61169 13.6952 0.02114 18.73069 33.71815 19.5017 34.5897 20.14352 30.50917 10.04028 7.84352 21.53772 33.99098 22.37644 19.90191 9.11919 30.43703 31.3947 29.47296 12.57215 30.02115 19.1621 32.00538 19.14173 27.16109 7.78752 27.9697 27.60208 19.87935 0.0 27.27131 0.0 8.76227 
