1000.0 1000.0 1000.0 1000.0 1000.0 1000.0 1000.0 1000.0 1000.0 1000.0 1000.0 1000.0 1000.0 1000.0 1000.0 1000.0 1000.0 1000.0 1000.0 1000.0 1000.0 1000.0 1000.0 1000.0 1000.0 1000.0 1000.0 1000.0 1000.0 1000.0 1000.0 1000.0 1000.0 1000.0 1000.0 1000.0 1000.0 1000.0 1000.0 1000.0 1000.0 1000.0 1000.0 1000.0 1000.0 1000.0 1000.0 1000.0 1000.0 1000.0 1000.0 
1000.0 12.64162 31.92904 28.49932 0.0 14.87517 14.41268 20.57698 14.42078 15.39115 27.40544 22.37079 0.0 22.84852 7.56901 29.00464 29.63883 30.42288 8.21804 31.20849 0.01954 10.17819 16.23827 13.49399 28.73617 17.06378 24.5756 32.314 24.62585 16.20861 22.08293 24.52303 7.60502 17.73984 29.46971 32.00539 18.86447 7.84646 16.96243 10.95173 10.72541 6.79155 14.25308 18.13539 9.51959 31.83114 19.46762 0.0 6.70809 0.0 29.80001 
1000.0 9.47633 16.60038 27.58026 0.0 27.91128 10.71407 8.11844 7.85047 11.46478 11.48942 15.58477 0.0 10.12875 20.83322 15.03491 9.21315 30.87117 17.67788 7.25656 0.01429 31.14519 11.91331 26.5488 8.90217 32.80304 9.61408 18.14824 16.11952 16.57587 18.87562 30.93238 28.47015 28.5175 14.40109 10.21258 10.20153 30.18125 6.68051 28.32323 10.69189 7.32821 6.6973 16.0233 19.8256 29.22785 30.29917 0.0 21.71873 0.0 13.80604 
1000.0 12.07407 12.41629 9.8098 0.0 16.40925 30.02228 32.95149 16.34715 25.45317 32.62008 16.77587 0.0 23.33918 20.86105 23.33603 14.78568 25.85933 30.95267 19.91963 0.01803 15.9273 30.33546 32.46252 19.18805 19.60878 13.98352 16.97204 9.11193 15.78107 30.88045 19.55812 8.20909 31.44248 32.1859 28.39609 21.83844 12.5645 17.7377 18.26212 23.44547 24.69903 16.6108 32.48785 13.74869 12.66354 14.49285 0.0 21.45768 0.0 26.31763 
1000.0 0.0 0.0 0.0 31.52923 0.0 0.0 0.0 0.0 0.0 0.0 0.0 16.89452 0.0 0.0 0.0 0.0 0.0 0.0 0.0 0.0 0.0 0.0 0.0 0.0 0.0 0.0 0.0 0.0 0.0 0.0 0.0 0.0 0.0 0.0 0.0 0.0 0.0 0.0 0.0 0.0 0.0 0.0 0.0 0.0 0.0 0.0 7.33317 0.0 20.51072 0.0 
1000.0 7.24247 20.32843 26.67086 0.0 22.54471 9.20123 27.31297 13.49346 25.61711 31.38978 31.3 0.0 25.61818 23.59466 31.30764 14.72128 21.41311 28.92267 19.36978 0.02442 9.46851 10.07613 10.87948 14.16097 26.8173 15.58153 18.01857 26.44465 22.06383 28.58476 30.30462 16.68579 12.60532 10.32411 11.88631 25.6002 16.40465 22.17529 28.61083 29.2668 17.72147 31.93591 19.72022 28.84116 26.39608 8.30522 0.0 29.89358 0.0 29.52063 
1000.0 20.34066 14.42633 31.15912 0.0 32.09112 28.34386 29.17028 30.10943 7.15963 22.83755 12.54071 0.0 30.45448 26.31918 20.12053 29.62282 11.61057 18.89516 28.53605 0.03577 31.17756 10.26271 28.03821 27.89491 6.67921 27.36938 11.60585 24.50165 21.70201 27.81997 19.2693 27.91176 20.26502 29.93896 11.93358 31.0425 6.77547 22.8183 7.24036 10.53522 18.01035 25.37426 32.73363 13.27138 29.17462 15.33815 0.0 26.68569 0.0 26.54054 
1000.0 25.48862 28.39346 16.91092 0.0 20.3602 27.67705 8.5219 18.17665 13.52462 14.13742 30.8416 0.0 17.38793 24.34576 17.55024 28.04489 14.333 19.09555 11.8023 0.03739 23.92822 17.29244 22.66708 16.28003 14.91307 10.02543 27.41189 9.42662 20.88146 12.73438 20.92398 16.43764 32.03489 23.11586 21.4472 20.75082 31.57159 28.17034 28.31122 10.44935 25.81642 31.87447 15.84962 8.67201 7.77687 25.76873 0.0 23.50066 0.0 22.98391 
1000.0 22.9593 30.32615 28.58734 0.0 24.94142 20.39562 7.5495 29.52782 24.14781 24.80769 29.12238 0.0 17.38696 32.7368 30.52139 28.56598 15.92307 7.69188 9.70949 0.02811 10.89088 14.83647 13.88621 29.557 26.98761 14.62919 13.88987 12.12213 26.31783 20.13103 20.52807 7.91171 12.38179 9.83728 20.16658 14.59372 22.89108 23.74934 23.81089 16.90025 27.26686 17.73615 22.13916 31.40132 8.36148 27.08475 0.0 28.06616 0.0 24.42398 
1000.0 15.55586 14.83463 16.19178 0.0 15.51623 8.83486 23.55681 10.25845 16.80952 16.61366 8.33695 0.0 32.97864 30.2727 32.79654 30.51909 31.57021 30.70272 28.1882 0.01793 17.80225 29.43169 17.71721 24.87146 19.55171 12.28096 13.22376 11.48217 12.74628 28.7615 11.37633 19.24395 13.21393 29.63275 30.99632 20.09131 15.61751 20.01673 27.89655 11.24519 16.36981 7.42668 7.29076 15.4998 32.0016 23.9224 0.0 19.44177 0.0 12.27468 
1000.0 10.99517 23.24699 19.11595 0.0 8.80926 29.33286 31.75412 24.5845 32.11237 9.27588 11.54402 0.0 32.4234 11.18473 20.19034 25.3111 30.21471 28.69019 12.6023 0.03225 28.64719 20.65619 24.84533 11.23011 27.40482 21.20552 31.37469 17.57094 23.24203 13.52323 31.85042 21.63895 20.76332 10.60075 9.62739 31.11923 21.43336 16.27297 32.13886 13.59878 30.30316 13.78472 17.91983 10.28766 18.06344 7.39106 0.0 28.13131 0.0 32.21639 
1000.0 28.75185 7.17679 11.1141 0.0 7.95242 26.37503 20.73161 20.40472 27.40944 6.72919 25.44179 0.0 7.76455 24.48222 12.65498 27.27691 29.28714 26.28754 27.65371 0.02524 31.2303 31.46201 25.43468 32.97549 31.26627 13.49045 12.88853 22.69145 24.02484 8.90365 32.55842 11.08438 9.07874 16.41517 10.67709 25.17477 13.70754 30.86775 25.50521 25.57343 28.07555 16.59293 17.92914 15.68462 18.64068 24.07564 0.0 30.96602 0.0 17.89149 
1000.0 0.0 0.0 0.0 28.34561 0.0 0.0 0.0 0.0 0.0 0.0 0.0 11.17558 0.0 0.0 0.0 0.0 0.0 0.0 0.0 0.0 0.0 0.0 0.0 0.0 0.0 0.0 0.0 0.0 0.0 0.0 0.0 0.0 0.0 0.0 0.0 0.0 0.0 0.0 0.0 0.0 0.0 0.0 0.0 0.0 0.0 0.0 7.41179 0.0 16.69228 0.0 
1000.0 15.77634 20.93278 20.25851 0.0 9.05281 30.27577 28.12401 26.6677 7.33711 22.14143 7.88605 0.0 14.5924 23.55609 11.51362 12.35734 30.22128 27.52361 18.34761 0.02022 18.70222 22.2161 19.70861 26.03494 21.20183 17.32634 22.44365 14.01841 29.9937 27.74223 13.706 17.31781 29.12286 7.23307 29.68613 31.44957 15.81858 8.04784 21.92247 15.20701 30.64825 31.36682 10.8622 21.13354 15.30889 11.87832 0.0 9.15857 0.0 23.88835 
1000.0 25.06875 25.21567 28.83966 0.0 23.16999 18.1586 23.53178 8.70892 29.43361 12.88752 16.09121 0.0 24.2431 8.48099 23.6913 16.51379 23.41632 6.61334 13.80399 0.03726 16.13738 29.8961 29.21537 22.85716 16.7467 10.60782 29.53278 10.2384 6.72296 28.05586 32.2019 25.21438 11.35443 16.47787 11.37944 28.04682 31.02656 23.54583 6.73702 18.81503 26.05515 30.82469 20.95585 9.18813 6.6747 14.65618 0.0 12.48721 0.0 15.4246 
1000.0 30.69788 8.76078 6.8539 0.0 28.2799 32.27093 14.69868 20.41732 9.11376 28.44639 15.58256 0.0 7.21759 24.29665 7.16289 24.25025 26.6144 13.98784 12.13149 0.03133 12.42634 18.65126 11.87893 29.29469 25.27624 30.48002 31.45839 13.26611 30.96128 29.31805 29.58852 9.36464 28.54529 28.54877 12.95399 12.5295 15.504 15.22533 31.27131 29.71856 26.19563 18.77152 23.94623 11.70782 25.07215 18.93199 0.0 15.50074 0.0 27.1773 
1000.0 31.20459 27.67874 7.98238 0.0 20.00056 23.19898 26.05459 20.08157 10.4623 15.52409 9.44446 0.0 9.13121 7.61621 27.17636 18.26169 20.3503 28.60502 25.95804 0.04056 12.90011 25.09613 23.50887 20.42773 21.07344 32.8527 15.2264 8.86012 27.86248 28.63401 14.21583 15.98601 16.34408 25.52837 16.99046 32.72674 21.98146 21.36662 10.81792 18.07826 24.76746 11.99736 22.11584 32.34133 30.04968 9.94073 0.0 23.85469 0.0 7.48543 
1000.0 23.26024 27.02898 18.26048 0.0 22.25715 31.36007 16.5325 28.70383 20.3497 20.59116 22.42768 0.0 7.53548 24.13049 10.37817 23.57985 10.01519 28.70127 10.31605 0.01705 19.04404 26.79925 15.75331 12.12673 14.19779 21.7494 20.105 27.25739 24.4975 25.23284 16.14236 24.54634 12.26788 27.39467 14.48916 28.34452 9.22717 15.98134 19.96049 21.78928 23.07024 17.46069 18.55916 26.62123 32.57073 15.10275 0.0 13.50409 0.0 25.09201 
1000.0 28.12596 16.2854 23.61541 0.0 30.07394 19.41305 24.38728 9.52778 15.47882 12.77307 13.62466 0.0 13.61121 8.6731 14.6118 17.01762 17.23375 31.73243 13.75604 0.01821 22.94192 27.16445 26.05947 17.61067 24.16773 18.59091 25.46573 30.1015 14.52851 31.56445 11.87279 24.05945 24.91092 32.36995 15.84743 20.27071 16.54952 13.53722 14.34176 11.63442 25.89501 25.45319 8.13987 13.96266 22.39748 27.90242 0.0 28.07097 0.0 7.26353 
1000.0 21.78704 21.55375 14.48774 0.0 22.40425 16.02645 31.15814 32.52829 22.79842 28.52383 20.42789 0.0 26.72087 11.56718 25.71188 26.73778 16.76536 22.32288 29.30445 0.0237 11.00604 19.86111 21.63881 23.7538 20.32739 23.99918 20.36197 15.0404 23.66453 16.54413 27.62022 32.91989 18.08893 32.55734 29.33508 24.64251 24.84552 15.51095 32.22713 24.03361 19.22382 24.80664 10.80241 17.8414 32.78912 17.10343 0.0 21.82981 0.0 6.66508 
1000.0 0.13204 0.11808 0.09941 0.0 0.05665 0.09946 0.12337 0.04024 0.04126 0.09496 0.09107 0.0 0.10745 0.13246 0.12751 0.05432 0.04201 0.15202 0.04403 8.04493 0.13126 0.15296 0.04364 0.06542 0.11762 0.09905 0.03372 0.10593 0.13675 0.15832 0.13506 0.11288 0.04368 0.09613 0.06741 0.15249 0.15693 0.06755 0.04114 0.08943 0.05987 0.15154 0.11338 0.14214 0.11942 0.08345 0.0 0.15404 0.0 0.06372 
1000.0 9.38899 18.72809 25.32447 0.0 21.72619 20.79388 9.69099 26.54857 24.18032 29.15186 17.60152 0.0 6.9572 12.26843 25.53716 7.81662 14.63704 32.11808 17.56121 0.02068 8.13849 10.53142 31.20362 17.28161 7.07317 19.43507 28.61946 17.76916 28.89435 19.88151 17.93192 11.79423 24.01237 20.94784 26.35819 15.46749 20.47773 29.08265 14.81203 17.09699 21.39129 30.41705 30.93186 24.02645 29.76086 32.11998 0.0 23.75603 0.0 8.06373 
1000.0 9.21569 24.57236 22.83932 0.0 20.58911 29.12825 19.89849 11.09909 16.08435 30.8594 29.62469 0.0 25.62338 18.89757 24.25623 30.39663 22.30308 15.91465 17.3562 0.03492 26.4965 30.90718 25.73002 23.79038 21.68155 10.84517 28.27691 19.45815 30.0901 17.91444 9.67304 31.79798 16.30196 13.44885 17.97718 28.35831 25.52508 14.18395 23.33237 29.11812 28.89807 10.86454 21.03746 26.69187 21.37927 21.57757 0.0 15.42696 0.0 17.0261 
1000.0 24.55704 16.30775 30.5142 0.0 11.76764 22.96038 27.38769 7.23201 21.96908 8.99958 26.3516 0.0 13.57592 11.11371 29.42917 7.79867 8.22413 26.08049 24.99159 0.02576 12.52844 7.02186 14.87262 11.90555 24.55338 8.05418 17.22505 17.44843 11.72386 6.77267 24.99422 8.62645 20.43642 9.84793 18.67417 21.52081 18.41892 15.70856 30.10848 32.36926 16.49214 30.12189 18.88985 19.24324 28.12526 29.40352 0.0 20.84071 0.0 16.40356 
1000.0 9.99332 25.64113 19.21043 0.0 21.31885 19.68049 21.80857 30.51701 11.62977 10.10357 15.0116 0.0 13.22055 19.21855 29.82575 15.90971 11.9408 31.65266 10.87879 0.03412 17.75078 28.20076 23.98373 17.53898 17.63098 22.73339 20.027 19.16914 31.71684 30.02737 32.06942 17.94161 32.88708 11.93555 10.11843 31.26728 16.76273 7.96456 21.44501 31.80191 31.99875 15.75461 6.6836 20.82332 28.52983 18.18515 0.0 22.56397 0.0 12.47382 
1000.0 30.95051 26.4935 14.26426 0.0 9.84073 12.40974 15.28274 26.71597 16.28233 8.40966 22.27542 0.0 32.729 14.19835 9.91728 18.94573 8.01553 11.06878 19.31257 0.03096 8.34044 26.96157 20.03948 8.40574 21.07639 28.62709 27.70661 9.65421 20.70176 12.46332 28.77028 18.23854 26.8275 12.30947 20.05611 32.77834 25.72644 10.98562 22.62642 25.90704 18.60481 24.65943 7.90657 21.41948 25.50835 9.39424 0.0 13.85928 0.0 12.49774 
1000.0 8.28497 29.38615 10.17764 0.0 17.86514 7.92741 26.79898 28.97904 13.67934 26.30814 11.53261 0.0 6.85989 23.31671 30.0604 27.71679 17.17378 21.4229 12.5372 0.03916 25.78553 24.78481 13.43958 16.01741 18.35049 20.34363 22.67215 31.49686 17.19114 16.3812 24.11383 17.77525 9.80596 21.53212 29.61614 15.81914 9.24828 18.34746 11.61006 18.70945 23.66288 20.84644 23.32055 24.45049 26.44402 15.88903 0.0 14.37952 0.0 27.31358 
1000.0 15.26333 27.10897 30.11063 0.0 17.03552 20.50847 28.98225 21.12693 32.27825 17.00618 16.58176 0.0 18.56359 26.41458 18.70296 13.49559 28.60169 12.68055 15.57685 0.01802 12.30951 13.74702 22.62293 8.8741 20.83411 32.84749 27.03529 17.71346 25.73831 8.4052 20.62128 23.15521 20.82807 25.1871 19.88958 21.02015 6.63843 26.97491 21.81012 12.5951 8.71728 8.5281 21.87425 22.93349 27.44929 18.30994 0.0 21.97897 0.0 8.62238 
1000.0 28.06379 10.44521 8.03279 0.0 17.06949 19.11408 18.66213 27.95561 9.48418 14.63351 30.11351 0.0 23.6661 17.73972 24.62164 16.04979 16.48412 8.70111 31.04792 0.02984 25.78716 15.39414 27.63387 7.59865 25.90867 12.69484 24.44548 21.92668 31.28501 9.44023 17.08431 27.91807 16.92606 28.30435 26.01412 9.68096 8.94979 19.51566 30.22225 7.9821 9.45849 30.93412 17.48376 8.71506 13.30644 10.98885 0.0 31.71297 0.0 11.22318 
1000.0 30.12089 27.83404 10.63516 0.0 23.74253 22.96377 11.82852 21.32216 28.9231 6.86203 14.65946 0.0 11.42618 11.20808 23.83161 10.39256 9.25236 24.48813 7.25964 0.00876 28.19123 22.0639 14.78687 32.15054 13.23133 25.19712 21.85003 16.82163 8.5186 13.10065 27.65095 12.32143 26.83605 17.56648 17.60443 9.32619 9.7989 22.6387 9.2064 23.67753 19.1263 32.62933 10.31309 23.56915 17.46475 12.53647 0.0 23.97702 0.0 12.31506 
1000.0 15.04847 28.53333 17.49242 0.0 14.4091 13.75983 23.74553 28.82474 10.59899 16.89383 23.49776 0.0 22.55893 11.18681 30.37685 18.93 24.97103 21.85585 30.36059 0.02864 19.90773 8.64229 27.14768 32.60899 11.79801 30.68014 22.27206 28.38217 31.20274 31.95295 7.26313 15.0858 13.96958 19.98215 20.51685 20.94893 19.08915 26.77543 10.64352 6.69468 15.01171 25.99945 18.59824 20.06819 27.52142 32.7821 0.0 10.86298 0.0 19.19402 
1000.0 32.26224 20.13819 15.42117 0.0 25.90352 28.25269 17.2143 7.41226 15.11309 28.43777 18.38891 0.0 30.53761 20.45444 23.86887 7.36653 15.63799 20.91594 11.06812 0.01007 9.94621 20.75359 21.60138 27.8681 9.86932 12.53708 26.07421 11.41223 8.79192 27.67783 25.4051 10.29338 18.54167 25.25772 29.15204 9.82424 31.25991 16.70312 25.36497 31.44936 22.45904 32.75449 31.07404 19.50822 10.50376 26.90302 0.0 14.5625 0.0 26.3401 
1000.0 33.05977 20.35833 8.46782 0.0 17.22819 17.52552 14.39154 22.06141 12.40225 23.73142 28.41053 0.0 21.39819 27.94753 13.44896 29.47586 25.61679 27.18963 12.81902 0.03484 10.44346 23.13567 20.04481 7.28973 25.92735 20.18844 22.26202 15.96539 8.00083 32.97114 29.15774 9.62826 28.15691 31.08383 9.6365 17.25009 29.90799 14.0263 25.60845 18.2679 16.80701 11.9901 14.35303 25.9669 22.48511 11.91594 0.0 12.86686 0.0 12.8981 
1000.0 17.83343 29.95633 18.0141 0.0 16.38085 22.55176 28.75791 16.4805 14.10319 16.13954 27.21759 0.0 13.20278 14.5066 20.56341 30.98578 28.32952 16.42053 28.06371 0.0185 17.84692 24.64387 18.70114 16.3534 17.79382 19.96154 14.24478 11.7732 27.07848 8.02891 26.66934 29.1441 15.74611 18.95502 24.28037 28.2214 19.02347 10.86328 16.18719 14.4686 6.88809 15.97687 17.45044 23.10107 22.03793 21.36232 0.0 29.94302 0.0 28.45382 
1000.0 32.58186 21.44642 8.80501 0.0 10.48968 16.36121 20.33237 16.49522 14.53891 27.13711 11.88457 0.0 8.8507 31.17962 28.44002 32.51083 29.52812 11.8037 20.15761 0.03436 13.57306 22.43266 11.70112 17.66487 14.08288 23.95161 18.9608 15.07692 27.89577 17.15655 21.1324 23.10655 10.31351 18.50024 22.13345 29.10838 15.66313 27.89196 7.8746 14.95177 21.34216 19.46733 31.30861 13.93628 31.77187 30.66996 0.0 19.62291 0.0 24.79691 
1000.0 26.63203 21.91911 14.92557 0.0 16.5068 31.12283 14.96576 29.17505 12.19018 12.95403 24.11051 0.0 17.94338 26.70794 26.99553 15.92867 10.31036 9.12871 14.84306 0.03818 15.48358 28.02915 12.92337 21.3537 18.85674 24.73994 19.45695 21.46008 15.95473 13.96933 31.86514 28.27384 28.1201 16.80255 32.55806 10.0169 25.04902 24.61102 17.87827 18.21519 32.86991 17.57239 10.80207 15.87039 23.26865 15.26723 0.0 15.11078 0.0 18.78257 
1000.0 7.61145 14.46019 16.67513 0.0 8.90912 8.90686 30.94638 16.94784 30.37993 17.85711 12.84588 0.0 23.3913 12.69181 7.83111 32.88696 9.146 12.77983 32.44045 0.03491 32.13331 16.56598 8.64418 27.89399 12.07705 25.10534 9.31772 25.58911 11.94162 29.75315 31.33296 33.04159 28.22312 32.54812 32.69676 21.60342 8.85226 32.31264 16.98165 30.40839 12.2129 17.06359 10.15521 26.59909 20.5854 26.10862 0.0 20.30876 0.0 17.86582 
1000.0 7.21307 26.19861 30.37525 0.0 17.71183 10.84888 29.66846 14.96547 30.92272 7.92747 11.1536 0.0 26.55158 12.07122 16.84454 19.11317 16.98431 8.43517 29.13778 0.01672 31.93491 21.28402 12.43875 29.75143 13.58706 15.91372 20.82733 14.7174 21.58314 28.47557 24.13368 32.59765 19.97752 9.28536 14.86174 11.15658 31.18636 28.38831 7.0606 20.3619 19.92318 24.5796 11.66625 7.54162 20.82006 26.4904 0.0 19.88307 0.0 12.08466 
1000.0 25.07184 11.79804 17.59526 0.0 14.91827 15.7481 9.59762 13.5822 17.70259 11.93638 21.10805 0.0 17.01545 23.97155 27.93415 14.83206 22.35785 21.58663 23.6022 0.03858 14.40725 19.89297 29.7502 21.93557 23.66717 10.71816 24.22064 18.76835 24.54292 25.75533 9.13249 13.99529 30.63454 20.20497 21.3668 25.44388 22.99328 16.40469 12.47169 30.48013 15.68698 9.41161 20.4183 25.45718 6.68784 12.9497 0.0 19.54271 0.0 19.85035 
1000.0 9.89252 24.92047 11.91039 0.0 23.53132 31.41677 14.7466 18.53047 18.18598 32.96021 28.96135 0.0 15.54144 11.41029 25.95798 14.70963 16.84472 32.51289 9.054 0.01637 21.40349 22.54468 8.55632 16.28716 15.25721 26.45594 28.74452 7.75215 11.05642 7.86129 21.13674 7.42131 18.05482 7.01049 18.04273 9.70359 8.76177 19.81433 23.41978 7.80118 12.60384 8.61655 27.20156 18.70595 32.35648 28.02241 0.0 27.59457 0.0 12.74125 
1000.0 20.82632 30.45307 18.37635 0.0 9.99924 15.02607 19.01531 30.12106 29.01755 7.37953 17.80658 0.0 9.66264 8.71923 18.52326 31.28595 31.44103 28.32633 25.11164 0.03141 29.5538 16.23116 18.81113 29.51128 24.32025 20.72307 26.3744 24.23742 31.54197 15.21384 7.7448 27.63597 14.63867 20.1137 27.22862 20.75446 13.23327 16.2374 8.43338 28.89351 10.14328 17.94493 28.58193 8.57304 23.18714 27.14137 0.0 12.84852 0.0 28.35101 
1000.0 26.88991 7.26588 28.99853 0.0 22.56397 30.03929 30.19216 27.61254 15.1895 24.67262 16.05958 0.0 14.99995 16.0579 13.762 18.18405 17.15861 16.14635 21.44812 0.02398 21.348 16.82218 24.16623 29.09978 10.44303 25.84656 30.51104 12.87208 27.15109 27.53157 31.06998 27.7217 11.50585 26.38108 26.98517 25.15414 23.20978 29.24926 21.28928 22.79768 8.69314 7.55623 28.78752 7.31907 13.31668 21.60626 0.0 23.68621 0.0 16.28725 
1000.0 32.92377 19.84981 20.40878 0.0 16.54906 6.83951 25.87258 15.92448 32.63631 24.45127 21.80127 0.0 25.60393 24.7545 13.29539 30.18838 32.0486 29.73904 13.10377 0.02133 12.99108 21.71716 26.67132 6.88927 8.61742 15.23892 29.12188 8.79501 32.79153 28.4697 20.00523 7.04066 12.3541 24.57746 27.50323 24.80579 8.26839 18.98882 8.76206 13.30116 10.04558 25.66193 8.64433 10.30001 11.21692 22.57351 0.0 7.69721 0.0 23.51542 
1000.0 24.89942 6.93244 23.77884 0.0 15.08153 8.11266 21.1134 30.92751 13.00176 26.81403 15.1408 0.0 18.90965 30.10742 32.94374 18.82065 29.44314 21.90347 25.42859 0.02872 17.81294 13.31128 12.94879 26.07232 19.01803 19.91816 30.74703 11.60774 23.64602 17.62297 32.53334 31.88586 20.75119 10.81588 8.05773 31.23192 21.05192 28.85348 20.94285 25.55028 26.54269 26.19009 30.59559 24.64243 21.30719 28.95286 0.0 31.49236 0.0 19.83736 
1000.0 8.53767 30.06389 23.57819 0.0 10.79957 28.57521 13.93404 14.03038 27.08513 28.94567 10.32346 0.0 15.37167 23.21199 31.88749 28.06417 15.88195 26.48046 6.75203 0.02356 19.7198 27.28296 22.43081 9.43137 23.11512 17.15416 11.90819 27.25693 23.65552 17.87055 25.56178 6.62926 16.68087 13.59258 14.81543 23.99483 18.283 32.63922 11.74551 24.78737 24.16174 31.06488 29.54744 23.87504 14.16963 17.64197 0.0 10.70256 0.0 30.21852 
1000.0 7.74664 24.21563 21.28362 0.0 9.32699 31.76828 24.18816 30.22388 31.32966 16.16158 28.7737 0.0 19.79446 12.96333 17.16953 30.15609 9.10346 32.08843 18.42945 0.03717 12.69961 16.21212 9.60856 13.82217 14.03017 9.115 19.28055 25.62587 9.10097 17.17732 28.03241 31.04188 29.10982 7.88331 14.08608 22.17921 17.2346 27.49686 15.58541 32.51303 25.14503 12.71207 13.51152 21.27514 11.09387 15.03763 0.0 14.74165 0.0 31.14227 
1000.0 22.80779 24.1854 12.15184 0.0 7.35429 14.90876 10.44254 28.53338 21.70018 9.66595 29.0264 0.0 9.29052 29.84055 24.62692 12.16053 23.611 16.44451 16.73523 0.00868 30.78885 27.16126 19.1663 11.19182 30.9618 11.71347 21.65882 18.007 8.51766 25.73264 30.78854 32.29825 32.06686 25.01283 24.89159 26.00039 21.89898 13.34088 22.47554 18.06122 28.35216 25.40592 10.36811 24.91139 16.12053 29.26733 0.0 31.68404 0.0 32.70731 
1000.0 0.0 0.0 0.0 22.56406 0.0 0.0 0.0 0.0 0.0 0.0 0.0 32.98325 0.0 0.0 0.0 0.0 0.0 0.0 0.0 0.0 0.0 0.0 0.0 0.0 0.0 0.0 0.0 0.0 0.0 0.0 0.0 0.0 0.0 0.0 0.0 0.0 0.0 0.0 0.0 0.0 0.0 0.0 0.0 0.0 0.0 0.0 24.83308 0.0 13.30435 0.0 
1000.0 32.55229 25.09238 27.97606 0.0 25.43563 10.80719 28.39301 28.24515 18.91806 25.09989 28.25424 0.0 14.04293 9.15694 31.5675 7.11662 25.34456 8.50615 31.66397 0.01015 15.36763 18.8019 21.36053 28.89304 11.84925 7.93366 29.40961 21.30054 14.71763 13.13137 24.93242 14.53772 26.81872 18.3612 8.62253 14.37295 13.35286 21.70739 30.32009 31.153 22.6951 21.84944 27.67029 22.61874 20.97502 31.692 0.0 29.20301 0.0 15.49328 
1000.0 0.0 0.0 0.0 14.74843 0.0 0.0 0.0 0.0 0.0 0.0 0.0 30.75234 0.0 0.0 0.0 0.0 0.0 0.0 0.0 0.0 0.0 0.0 0.0 0.0 0.0 0.0 0.0 0.0 0.0 0.0 0.0 0.0 0.0 0.0 0.0 0.0 0.0 0.0 0.0 0.0 0.0 0.0 0.0 0.0 0.0 0.0 7.45674 0.0 23.84906 0.0 
1000.0 20.25217 28.93367 25.94963 0.0 27.34188 28.16541 9.99121 18.50075 16.54127 20.59678 16.02242 0.0 24.65731 22.32519 24.65508 28.98729 12.67852 7.15771 29.34012 0.02928 26.94019 31.7623 9.44574 20.34095 22.02961 8.59501 7.52853 16.47675 7.92286 29.96455 25.61649 11.51945 24.70425 13.21337 13.88532 7.25911 29.68348 7.55463 19.90061 30.62061 31.83452 25.86021 13.82543 11.72293 24.24055 7.78063 0.0 28.22581 0.0 24.33451 
