1000.0 1000.0 1000.0 1000.0 1000.0 1000.0 1000.0 1000.0 1000.0 1000.0 1000.0 1000.0 1000.0 1000.0 1000.0 1000.0 1000.0 1000.0 1000.0 1000.0 1000.0 1000.0 1000.0 1000.0 1000.0 1000.0 1000.0 1000.0 1000.0 1000.0 1000.0 1000.0 1000.0 1000.0 1000.0 1000.0 1000.0 1000.0 1000.0 1000.0 1000.0 1000.0 1000.0 1000.0 1000.0 1000.0 1000.0 1000.0 1000.0 1000.0 1000.0 
1000.0 27.78877 32.82671 47.29294 0.0 23.85595 30.56708 28.08199 40.46071 47.51245 27.35156 15.4858 0.0 27.05625 43.56279 22.68478 24.29648 28.08433 46.16961 15.982 0.01658 23.9399 35.86411 45.29845 18.35552 29.25809 19.33832 29.13232 46.54646 39.13989 47.84917 14.58191 27.26795 26.98281 41.52722 23.24176 13.66942 47.99692 44.02142 20.25164 27.99131 46.68508 26.75059 43.2815 28.05478 39.417 15.16448 0.0 28.24711 0.0 18.68553 
1000.0 28.53071 20.81412 33.89921 0.0 13.44534 42.72697 44.3733 22.11036 43.48639 31.81936 37.21355 0.0 46.01937 45.58967 27.59002 46.83248 20.74933 47.02254 19.54677 0.01765 41.20418 14.28836 34.69594 41.48127 47.08011 22.15395 43.11587 18.84188 17.71383 17.67899 39.57128 40.32471 48.36521 39.58069 34.19802 13.8583 47.33201 30.63899 28.45515 16.27425 11.37288 44.25809 19.04711 39.05797 33.97147 40.11377 0.0 48.06254 0.0 24.10589 
1000.0 39.5487 34.27402 20.84356 0.0 13.77385 46.71287 27.14628 32.66622 11.84525 28.54771 18.59556 0.0 37.2042 41.11314 32.74276 21.51765 15.47487 26.65317 23.50001 0.04258 17.25646 11.37938 27.53903 29.25099 45.68876 13.95922 27.8563 27.71489 25.69345 19.52574 47.70849 40.51939 24.79867 34.61421 37.16328 33.75973 32.60305 11.76438 25.07867 25.49888 33.66384 31.63545 10.81319 18.35174 22.2439 37.46295 0.0 27.05803 0.0 41.92725 
1000.0 0.0 0.0 0.0 24.34133 0.0 0.0 0.0 0.0 0.0 0.0 0.0 29.37456 0.0 0.0 0.0 0.0 0.0 0.0 0.0 0.0 0.0 0.0 0.0 0.0 0.0 0.0 0.0 0.0 0.0 0.0 0.0 0.0 0.0 0.0 0.0 0.0 0.0 0.0 0.0 0.0 0.0 0.0 0.0 0.0 0.0 0.0 28.03407 0.0 24.50174 0.0 
1000.0 45.00116 43.85828 47.98968 0.0 15.17533 48.34728 24.24971 23.17506 32.44545 19.18923 31.65113 0.0 42.15037 37.96383 46.82564 43.53128 17.12898 11.88088 20.0862 0.01287 45.78378 18.20186 14.10774 21.10034 25.45584 27.66875 41.02367 12.28193 35.08368 48.1365 27.94804 10.48491 48.27567 32.42021 46.25402 20.59621 16.6725 12.62607 9.91633 42.77291 17.26018 21.06118 14.83241 47.08412 23.5044 12.91983 0.0 30.56432 0.0 38.55566 
1000.0 25.26599 16.90062 47.57145 0.0 31.44586 48.03253 24.2082 37.96985 46.18856 46.71572 9.98829 0.0 30.57532 34.50663 15.47682 37.47034 9.9699 26.27444 26.20943 0.01223 28.11994 41.30401 14.08791 17.47091 21.13467 16.85793 26.78271 14.74501 11.99231 36.44106 41.93033 19.45745 45.52562 27.05863 12.58604 21.39105 47.78947 23.14234 18.92341 28.73934 15.7181 17.90215 47.8255 23.68174 41.61846 47.20294 0.0 14.13412 0.0 46.24433 
1000.0 32.59342 26.73223 21.67615 0.0 15.50298 21.18576 39.07739 12.43519 25.46669 17.85102 10.80176 0.0 13.35143 10.37345 35.69634 44.33749 32.49986 38.74083 36.99006 0.04203 44.10061 24.07097 25.56556 37.44889 32.06777 36.97623 19.86497 22.31767 23.66488 27.89354 36.59819 19.44868 30.92859 31.14249 43.41463 43.07717 44.848 40.64733 34.58147 22.34216 10.57134 45.65441 40.61874 22.81768 31.91745 19.95586 0.0 10.16808 0.0 28.23658 
1000.0 32.14602 9.79086 38.57617 0.0 11.293 46.10341 37.67098 22.31007 35.87021 39.11716 34.23403 0.0 21.42078 47.80417 19.48202 35.75167 33.5996 43.94688 20.2976 0.02889 45.83877 32.43664 14.98197 38.037 40.32675 25.77843 31.63408 45.04967 24.10318 39.09283 43.28798 17.82297 21.2525 17.70635 32.55474 37.18443 45.02179 27.33167 14.92327 20.69547 14.54664 19.48081 29.39805 44.47928 15.95143 14.91549 0.0 32.49591 0.0 44.77894 
1000.0 47.31993 44.15225 39.98519 0.0 44.93327 38.69263 42.41035 19.66115 21.21911 44.55147 20.51427 0.0 44.62362 16.32211 19.98879 10.34503 29.4131 27.27755 33.18326 0.01624 29.50257 31.68362 34.9297 17.0459 26.46004 17.38929 23.20658 13.22842 25.42217 45.48552 27.32457 18.69804 38.81962 13.47899 32.14778 42.97405 25.6054 10.4083 10.89619 39.59527 9.83734 40.65701 14.41883 25.60977 22.45482 25.6703 0.0 13.8109 0.0 24.46392 
1000.0 40.75954 32.1144 34.54769 0.0 25.25874 22.27578 28.91583 11.73147 38.35849 40.14869 24.93521 0.0 11.44036 30.56389 35.79628 26.06386 32.31975 46.81436 30.58307 0.0149 14.1824 47.40536 42.6749 23.05394 15.91483 44.3577 38.70348 41.8664 28.40644 19.86374 25.99873 43.33663 36.01542 46.6804 41.71255 37.60007 34.79486 24.92858 15.94779 11.25529 14.66272 34.91341 43.80635 13.4772 24.81222 19.07772 0.0 31.86691 0.0 20.58736 
1000.0 46.36459 13.61798 43.86071 0.0 28.98302 21.71503 24.99034 13.77873 13.71653 27.0368 41.56565 0.0 41.40238 11.68692 44.90832 41.16718 9.74551 36.06237 24.18425 0.03124 21.0391 42.99835 43.7424 14.1945 21.27123 32.39952 47.35411 25.92793 44.29408 19.90781 25.34089 17.35821 32.46234 26.05919 24.80123 25.02074 37.62387 20.74653 46.03064 46.13186 34.71211 44.06402 26.44133 45.94298 31.71381 46.41348 0.0 23.33274 0.0 48.21493 
1000.0 0.0 0.0 0.0 21.11479 0.0 0.0 0.0 0.0 0.0 0.0 0.0 15.67178 0.0 0.0 0.0 0.0 0.0 0.0 0.0 0.0 0.0 0.0 0.0 0.0 0.0 0.0 0.0 0.0 0.0 0.0 0.0 0.0 0.0 0.0 0.0 0.0 0.0 0.0 0.0 0.0 0.0 0.0 0.0 0.0 0.0 0.0 47.52811 0.0 29.0203 0.0 
1000.0 43.02136 21.11104 45.15585 0.0 39.98962 47.78615 38.63582 42.77036 29.94139 17.04129 45.19167 0.0 15.64748 22.17253 19.33085 23.66264 25.56889 46.92575 11.32297 0.03182 13.00575 48.44851 35.10898 12.01984 21.77849 41.9322 32.29484 11.35685 39.19867 36.6511 20.69161 37.50837 16.7009 27.7536 30.74112 16.44681 47.64565 20.71399 35.08752 20.5048 32.38898 48.1181 13.72 24.10053 36.22996 42.65682 0.0 47.52282 0.0 45.90444 
1000.0 12.12954 33.65912 30.17484 0.0 48.36314 10.80591 46.31331 35.63607 16.89687 38.43362 41.25093 0.0 22.83336 29.20549 47.35315 47.52163 20.53645 28.96123 40.35353 0.03497 42.57516 25.15503 19.47639 26.5126 41.00615 9.84311 22.09108 42.64284 31.39304 34.8368 17.31729 38.63313 12.28715 23.35581 25.25519 39.14425 22.82905 18.98451 40.34301 28.7548 29.97931 10.13627 14.20802 26.26661 11.98324 23.53803 0.0 26.89076 0.0 21.53518 
1000.0 34.44789 33.57223 36.76782 0.0 21.47151 12.35689 15.60284 18.10826 17.68292 30.19729 29.42992 0.0 27.20628 23.5362 10.04591 21.50748 18.72987 14.40982 37.23172 0.01251 34.26144 38.0229 47.25655 19.95346 17.96853 12.09321 32.30551 27.90413 47.96242 24.95392 11.59792 16.07783 45.75168 32.5175 30.6652 19.69457 45.94745 12.11867 33.06767 16.84477 28.21901 45.15321 11.30949 42.96778 31.62044 43.21128 0.0 20.93399 0.0 13.76839 
1000.0 25.16529 41.38615 11.96624 0.0 32.69791 26.01189 17.67628 14.00776 15.21349 35.73702 38.41466 0.0 33.71683 35.76718 33.37343 29.47662 22.80763 38.21071 24.5876 0.0233 44.06992 9.85583 13.51686 21.68671 43.19204 24.19634 16.22979 48.18933 9.94286 16.78568 48.00271 21.20942 30.46207 18.28294 37.29349 41.12939 10.83758 24.94021 24.21698 39.20397 21.10121 48.04594 28.40283 48.527 21.50102 16.02595 0.0 32.02479 0.0 26.67313 
1000.0 35.99627 26.18713 19.84122 0.0 23.82875 11.0946 33.80101 42.14894 45.93319 26.63897 17.69733 0.0 41.94925 43.40223 39.48727 11.38995 35.62723 12.77556 28.73442 0.04918 23.08789 48.40496 15.16434 20.38717 25.81459 39.60646 25.63035 31.52753 11.24275 25.03724 44.94273 35.49762 31.76568 32.36289 25.79121 48.13292 25.96085 41.24821 27.8337 24.41712 20.87449 23.13065 42.18352 33.62699 23.64904 23.3826 0.0 25.69131 0.0 34.94055 
1000.0 44.96996 33.20888 38.66865 0.0 24.61213 23.69063 26.26228 22.07132 39.29452 45.36082 35.5271 0.0 17.25229 17.54557 37.94123 47.58108 25.66211 26.28032 16.72938 0.04517 26.91361 41.99007 23.49784 19.8212 41.23479 18.37765 17.96653 42.18768 43.96173 25.44269 41.95975 41.17098 13.44301 11.54908 22.13362 35.49639 16.01708 12.59061 29.61466 18.35994 41.96248 14.06392 37.46469 27.23595 17.49961 18.62621 0.0 33.96531 0.0 19.01451 
1000.0 19.05629 17.23418 32.66266 0.0 45.03982 42.69859 32.0854 42.79262 32.76329 28.44161 18.60149 0.0 47.97892 11.96911 28.30642 37.34043 28.73666 41.34824 29.46064 0.02792 47.77872 38.89672 20.81315 10.02879 42.84676 12.10794 37.64733 45.60426 43.06965 19.76694 40.3798 43.5707 21.71539 15.63653 37.33741 39.7746 43.75622 48.32509 41.81726 14.33478 36.05062 17.09043 29.01026 45.47622 36.517 14.4502 0.0 37.63074 0.0 22.59504 
1000.0 0.13381 0.13537 0.10691 0.0 0.0522 0.17594 0.16035 0.16684 0.09211 0.13006 0.16628 0.0 0.1229 0.0748 0.09426 0.19553 0.04384 0.11801 0.18671 29.95605 0.08936 0.13603 0.16211 0.1912 0.07125 0.12289 0.0659 0.11408 0.16805 0.10195 0.0534 0.06837 0.11221 0.0762 0.18825 0.0476 0.10643 0.10666 0.12516 0.1726 0.08807 0.12432 0.13548 0.12201 0.18731 0.10825 0.0 0.06568 0.0 0.11713 
1000.0 21.61164 39.32797 40.3329 0.0 38.59142 17.82878 18.18852 20.42887 46.95165 15.442 45.86839 0.0 39.72896 46.61602 30.62558 9.85218 26.64964 15.23779 44.36532 0.0316 23.37359 43.87117 39.90121 35.67172 21.69386 26.75867 31.46158 35.78838 24.881 29.1628 42.37633 17.89903 26.10541 18.5313 14.63946 44.70396 15.32136 31.49631 13.7854 18.87259 47.48253 45.1486 28.22514 27.02252 12.5028 24.42874 0.0 27.75946 0.0 18.5077 
1000.0 35.43864 41.99282 11.89625 0.0 43.85483 19.74672 10.97192 24.56231 43.11668 38.05728 30.36129 0.0 41.5041 14.36821 21.52849 25.68624 11.44639 30.07474 43.78888 0.01418 23.34012 46.42704 23.99985 30.13733 14.35491 44.42898 32.28303 18.29223 14.95057 16.40665 14.89519 42.01531 33.57228 26.93325 17.53716 12.829 47.09055 24.39655 27.44357 48.32038 28.36057 18.49149 26.97882 23.1644 38.54535 10.9208 0.0 32.67134 0.0 43.51123 
1000.0 37.57843 18.85362 35.25968 0.0 27.73838 41.52488 27.19626 37.79814 39.4131 17.63023 31.27286 0.0 38.26955 39.21251 21.86992 39.19971 19.06136 37.2924 20.99239 0.04378 9.93035 33.49173 47.29582 20.41649 10.09409 32.18199 33.30323 46.83048 13.46119 32.77232 38.24025 10.72318 41.68661 34.81931 36.98691 44.91953 36.39987 17.6543 21.49199 33.22409 43.21362 22.28157 21.84967 30.78983 36.69353 47.4127 0.0 34.02795 0.0 16.33805 
1000.0 13.32349 10.37268 19.97539 0.0 25.0134 22.69496 40.12553 36.81874 10.13954 20.97719 47.52987 0.0 20.12008 41.57665 38.91745 40.62461 48.43002 26.18345 34.81001 0.0259 19.40265 20.18273 32.37524 30.42287 24.26312 18.59058 24.38758 34.77609 14.31874 20.16857 20.05036 37.22112 25.62038 28.60303 34.05583 47.31754 26.48787 26.32014 41.47505 21.69198 20.1442 36.80008 12.49983 24.11189 33.8704 19.03115 0.0 29.54547 0.0 43.26822 
1000.0 42.2456 43.08788 46.56801 0.0 28.20137 32.02685 46.3665 20.51312 31.97491 11.44016 23.44843 0.0 47.87829 16.13369 17.83792 18.77241 48.26131 39.25722 21.51293 0.02319 13.04619 44.90882 46.21348 46.38759 44.6516 45.83192 43.19076 48.36058 24.6603 15.35354 28.56738 46.67849 18.54036 14.19541 17.76843 36.79039 39.01046 40.25554 14.89079 23.63979 11.21717 47.6852 41.25717 22.60392 42.07891 30.97262 0.0 16.8105 0.0 35.79181 
1000.0 17.1377 20.59204 29.72373 0.0 41.34595 33.44026 27.86999 29.1136 47.78914 40.10721 42.35405 0.0 18.34213 20.64847 15.15033 31.00416 33.36972 23.59006 41.00542 0.02135 22.20393 37.12125 14.72283 12.32884 37.49831 45.95378 23.70374 43.83921 13.92037 11.8473 34.82402 44.46225 24.31523 36.20451 38.54119 48.44199 28.80559 14.02761 40.29552 44.67274 28.18949 34.85401 25.95067 23.90241 44.0699 16.57668 0.0 45.13643 0.0 47.61479 
1000.0 40.19941 21.54277 35.77193 0.0 16.24871 12.85346 25.87823 23.67529 31.64585 21.73511 29.0716 0.0 30.87501 34.05368 16.36365 32.42726 13.33955 29.28332 29.47018 0.02903 35.27945 14.54928 20.08397 36.09608 42.32776 24.18878 30.27236 27.40573 38.37152 21.74728 15.33187 16.08062 29.29376 42.9582 40.63664 11.32826 10.65312 10.13901 47.11772 37.90609 47.50865 10.56839 19.19631 16.53626 20.4726 16.37387 0.0 33.89168 0.0 22.89419 
1000.0 33.57174 16.01978 45.87118 0.0 14.39086 45.30698 17.07646 48.37601 24.24512 15.37069 42.43803 0.0 38.41295 32.02564 31.82968 18.40398 17.0236 18.83062 47.45044 0.02334 36.57976 31.80295 40.17063 41.48551 23.65003 15.35552 43.81336 23.53097 13.09555 40.07693 18.54997 11.6239 34.32342 22.28363 46.26301 25.3366 45.84173 22.49831 18.06676 34.47944 16.45942 39.9186 26.34505 22.69543 37.46498 22.74731 0.0 28.57295 0.0 46.18682 
1000.0 39.04662 12.63302 46.66257 0.0 37.6144 21.52176 22.13372 43.49614 20.21408 44.93334 48.5357 0.0 36.22548 10.43971 16.79981 36.3999 25.23985 48.18915 17.19797 0.04804 14.61522 20.82465 33.10281 20.96234 18.23708 10.64729 13.8232 34.97331 28.84192 20.06689 10.02553 16.19409 48.09257 33.79448 16.44094 22.1723 29.61794 35.09252 15.57755 11.76584 25.27289 22.67067 38.68437 45.75239 19.757 43.15566 0.0 30.25514 0.0 18.64167 
1000.0 9.80612 30.76451 11.86621 0.0 18.46517 45.02832 26.89019 44.20029 17.83421 40.0285 46.02451 0.0 34.74123 45.95344 20.85059 19.3247 31.56733 11.83975 40.80784 0.01786 15.12151 36.37716 32.06223 19.9503 10.8671 41.08023 25.28279 27.25838 12.27469 41.02274 44.52792 37.27981 15.83599 41.53686 30.25695 36.24924 23.83755 19.78658 37.10415 30.97508 35.23048 31.28006 22.70835 47.09153 39.92075 23.78857 0.0 28.20175 0.0 15.12699 
1000.0 35.54592 17.16726 44.48309 0.0 12.02821 23.01845 14.12982 30.47146 45.36916 38.29855 43.01397 0.0 12.27427 21.55594 48.30038 10.24929 10.62539 21.06718 46.62258 0.02071 19.08743 26.35074 38.02505 42.94401 21.98563 29.41743 15.45057 25.54686 29.29758 29.18783 44.30741 35.62133 45.24306 21.96543 18.58363 41.49175 22.41395 15.94177 11.3475 17.83397 23.53453 20.38124 31.07766 19.23253 33.39605 46.461 0.0 19.81809 0.0 30.16527 
1000.0 13.6271 39.70041 46.68957 0.0 47.53092 45.44299 36.50212 46.94346 33.79086 21.88997 11.57612 0.0 26.57228 9.71575 35.07209 24.27565 32.91301 35.55951 21.82433 0.02593 9.84869 36.11738 27.05494 19.71951 40.92633 40.98133 17.19177 14.5039 41.10216 47.68573 15.75267 40.13779 13.08194 35.10881 12.77638 23.32042 48.2168 10.19118 28.92832 37.27475 48.29413 42.92306 16.16911 29.93203 45.07341 16.94093 0.0 39.45715 0.0 19.77391 
1000.0 14.10246 38.66 44.89726 0.0 38.56095 31.50034 10.21586 12.20957 11.24581 22.76714 23.26711 0.0 34.26963 12.70874 45.36109 25.5397 38.03599 44.66361 11.17177 0.02511 40.35174 28.08741 22.12087 38.6145 11.63074 15.7591 38.36395 46.14338 45.70272 12.30923 42.63722 46.59754 25.18161 15.01999 12.68749 23.65192 26.57829 42.1772 41.5171 41.78121 17.41526 27.59777 14.17242 39.36324 40.35216 19.82785 0.0 48.56002 0.0 25.31622 
1000.0 43.83526 13.20833 40.75705 0.0 9.93686 28.80466 18.19457 39.11148 23.26704 14.21371 18.4772 0.0 31.89008 17.05587 29.22624 31.42015 13.07733 13.96157 27.87259 0.03584 30.51807 9.97288 36.38699 46.36248 32.37764 46.09877 46.29573 36.47376 16.44242 15.82234 29.92115 41.77267 38.30324 22.30139 32.52712 33.90893 30.01738 11.47369 32.41232 41.4367 24.33691 39.2649 22.64748 14.19033 44.63302 28.17928 0.0 35.00362 0.0 24.03993 
1000.0 41.72803 21.25844 28.5052 0.0 25.35794 31.48979 23.76774 32.29969 30.67786 33.04872 13.62525 0.0 36.0523 36.59481 15.5462 28.05039 19.01224 32.56108 47.17309 0.04881 11.73502 38.05654 34.06364 19.59415 37.69718 14.55061 29.90383 37.30248 36.25777 14.68727 23.16763 42.1532 41.16968 12.45241 21.82388 35.70237 48.37666 38.08952 14.25816 39.78554 26.41712 22.4158 48.09484 31.39938 11.68531 39.69241 0.0 43.70628 0.0 16.33841 
1000.0 32.4273 43.61419 26.63944 0.0 18.07359 25.55397 43.87888 23.78369 20.23222 15.96241 46.93902 0.0 32.32646 10.29479 45.63862 32.21421 47.11595 21.95246 46.91836 0.01611 48.03526 29.13754 17.43475 32.17022 16.64298 41.76508 39.64348 40.42072 39.35282 28.12707 16.4088 10.6569 16.58123 25.61973 37.27532 31.33929 16.77306 17.89327 25.87616 36.35714 45.88684 17.34675 14.24704 28.75162 20.93244 48.27469 0.0 10.72789 0.0 45.64088 
1000.0 46.28974 37.30019 22.77826 0.0 45.20395 28.15127 29.91116 29.51861 46.36178 37.26769 19.03706 0.0 18.87482 22.00671 25.20387 12.44976 37.40359 48.32195 11.73939 0.03622 23.57596 17.65682 32.38615 47.27811 18.3207 18.27052 12.3392 28.2416 44.05609 42.49171 41.31336 32.29817 11.85885 40.40848 14.32406 17.06089 32.23794 11.25233 31.08413 10.74866 46.51602 16.13449 40.36132 37.41611 43.50743 44.07618 0.0 21.27912 0.0 43.40855 
1000.0 15.74388 22.67062 36.39247 0.0 33.74455 28.40713 48.5032 37.48268 48.45625 13.55886 43.52468 0.0 35.41434 20.27665 26.30049 19.72674 19.59111 41.28314 25.15761 0.01469 45.88839 20.43105 28.78802 45.44769 47.29388 19.9994 45.40258 24.37777 10.03716 20.48946 19.40166 22.59043 32.95751 28.43542 24.85608 34.46322 22.92386 20.69441 28.9327 27.1302 21.41816 20.8561 16.78277 43.22049 19.00863 24.14337 0.0 11.42866 0.0 35.04774 
1000.0 44.1181 27.55267 12.14125 0.0 18.91528 46.54955 37.25145 20.76406 45.27865 22.84801 24.16184 0.0 44.54418 18.67672 31.94538 23.21858 41.12428 20.46478 18.90051 0.04635 14.8014 34.83311 19.38453 36.12127 14.13294 15.32749 24.58506 38.36308 14.0858 43.36758 33.61365 29.50749 39.96421 38.70641 33.31782 22.94281 19.43498 22.25876 30.59331 41.62785 45.28032 10.25456 39.19036 13.81886 39.6719 20.1352 0.0 38.07813 0.0 13.23049 
1000.0 45.95505 28.48481 13.14602 0.0 21.8628 30.21508 47.67605 9.95516 38.72154 23.69452 16.9259 0.0 39.35745 18.98435 17.13033 15.48164 33.82194 11.07321 13.90878 0.03742 11.73619 40.22264 20.65658 23.24531 42.38105 18.82053 19.17067 21.25207 37.07082 28.21598 11.59863 27.20232 22.17774 23.59339 20.69265 11.89424 15.2066 38.60967 21.06647 26.35519 14.54813 35.3189 20.35883 46.22685 20.91901 13.08756 0.0 22.94338 0.0 26.12717 
1000.0 35.2668 14.97514 20.85413 0.0 32.96604 21.12174 31.95667 37.88239 13.42526 26.464 20.87656 0.0 11.12024 28.9858 29.58572 45.14422 47.51967 45.78895 45.85987 0.04127 23.60221 47.53901 19.16726 26.27252 12.35371 17.63254 34.90821 46.61951 36.97993 33.8563 13.82056 12.98346 36.29618 28.7203 37.04025 36.57199 42.13746 22.59058 12.67809 24.77882 29.40917 27.85649 14.03302 36.0509 46.18556 34.36282 0.0 36.79997 0.0 39.58831 
1000.0 30.21013 27.60842 29.70008 0.0 18.73788 23.07636 25.94986 47.89325 33.13553 37.4471 42.94237 0.0 18.32199 26.35779 39.83346 42.601 35.11133 37.46417 34.93065 0.03816 19.37788 41.34001 38.90316 20.37458 17.65122 23.04841 24.12841 27.67692 31.50606 27.3976 38.16095 20.69907 20.80535 22.9005 24.03928 30.25182 12.35605 23.39126 22.03866 24.95615 20.70314 18.92971 31.12324 44.63568 47.39505 10.83632 0.0 15.10167 0.0 41.73861 
1000.0 34.46337 40.8609 28.31211 0.0 13.73835 25.1695 46.50112 10.58339 22.58585 35.55368 42.93305 0.0 20.27762 40.29663 15.97384 28.52559 21.67722 17.90943 47.89669 0.04008 11.2028 26.6665 42.67701 21.93105 13.27292 47.57956 26.774 42.16482 24.19107 31.01091 29.48322 12.1102 26.39433 29.32727 23.9523 34.4058 31.29656 27.50367 29.47397 44.91401 37.28963 23.44252 14.05815 40.77643 33.9829 47.14527 0.0 45.25404 0.0 21.73589 
1000.0 10.63145 10.99768 35.1193 0.0 26.44134 23.47623 32.56596 37.79677 29.00533 46.95805 42.5927 0.0 36.36312 15.69942 38.24575 25.03671 15.64187 30.32914 32.59318 0.01125 17.15351 42.63146 35.49381 36.31511 21.33166 32.87199 36.87567 37.46196 27.81089 19.53939 39.702 41.45003 19.44747 44.11859 39.4434 37.53422 34.82221 31.71286 34.9739 19.99893 37.23645 34.04884 45.16902 28.99728 10.95735 45.24802 0.0 35.29912 0.0 26.81161 
1000.0 19.94803 19.62931 36.52803 0.0 22.24298 38.11947 40.35497 35.40733 30.92684 46.36145 31.31863 0.0 32.78592 45.40419 43.75911 10.88112 11.26765 46.06272 36.50462 0.02912 47.58819 34.69218 12.97735 11.67569 29.52787 16.75602 29.21591 40.28371 29.53879 21.66451 13.24173 11.90315 35.78904 31.10349 29.32598 20.01328 29.61257 27.58269 47.73353 29.64801 18.32423 15.06522 23.36988 39.19859 10.23422 13.05625 0.0 15.34259 0.0 37.94237 
1000.0 36.83511 38.34569 23.00395 0.0 23.58604 17.40048 21.38173 15.10998 25.368 24.74631 16.97928 0.0 37.77352 47.44666 32.13428 33.91911 43.85563 19.38804 31.88412 0.02402 24.1652 18.11196 16.29241 31.87749 33.56975 16.48186 9.81962 40.8873 35.69359 43.23302 28.0674 36.21307 12.38173 39.87221 45.13863 29.96528 20.31003 43.14814 48.01983 32.88863 45.07535 43.62051 36.75019 20.70797 14.82699 30.12936 0.0 41.20899 0.0 44.00431 
1000.0 0.0 0.0 0.0 18.31188 0.0 0.0 0.0 0.0 0.0 0.0 0.0 18.36658 0.0 0.0 0.0 0.0 0.0 0.0 0.0 0.0 0.0 0.0 0.0 0.0 0.0 0.0 0.0 0.0 0.0 0.0 0.0 0.0 0.0 0.0 0.0 0.0 0.0 0.0 0.0 0.0 0.0 0.0 0.0 0.0 0.0 0.0 29.23449 0.0 32.58405 0.0 
1000.0 12.42935 36.71927 30.35745 0.0 12.60701 36.54735 31.45003 17.36444 16.24683 12.93685 20.42685 0.0 44.87702 32.05809 17.54624 14.42095 10.17195 15.6956 17.22362 0.02887 34.0899 28.71251 27.60335 28.66371 33.35302 42.77641 27.34494 29.24361 36.29608 42.57021 44.53632 47.54901 22.11634 18.52013 24.06491 24.70019 38.18257 22.74409 16.55389 15.57725 10.7811 13.89895 19.82753 12.05998 30.78386 39.89921 0.0 17.89953 0.0 27.13737 
1000.0 0.0 0.0 0.0 17.14368 0.0 0.0 0.0 0.0 0.0 0.0 0.0 37.1981 0.0 0.0 0.0 0.0 0.0 0.0 0.0 0.0 0.0 0.0 0.0 0.0 0.0 0.0 0.0 0.0 0.0 0.0 0.0 0.0 0.0 0.0 0.0 0.0 0.0 0.0 0.0 0.0 0.0 0.0 0.0 0.0 0.0 0.0 10.46371 0.0 25.22647 0.0 
1000.0 34.51489 34.50735 12.06877 0.0 31.68748 32.55315 29.4965 16.25351 10.73102 46.4133 37.67731 0.0 41.90322 34.56131 40.51921 13.25575 34.65934 30.99317 13.92781 0.01734 28.76921 30.15495 14.05596 37.96602 35.79242 37.63141 26.52761 10.49421 33.44664 26.35559 46.51581 47.12696 38.30422 31.88307 11.7282 20.65915 47.049 40.44352 43.39127 32.21313 38.30418 29.11559 45.05883 11.74454 29.44278 41.86915 0.0 37.18258 0.0 18.38378 
