1000.0 1000.0 1000.0 1000.0 1000.0 1000.0 1000.0 1000.0 1000.0 1000.0 1000.0 1000.0 1000.0 1000.0 1000.0 1000.0 1000.0 1000.0 1000.0 1000.0 1000.0 1000.0 1000.0 1000.0 1000.0 1000.0 1000.0 1000.0 1000.0 1000.0 1000.0 1000.0 1000.0 1000.0 1000.0 1000.0 1000.0 1000.0 1000.0 1000.0 1000.0 1000.0 1000.0 1000.0 1000.0 1000.0 1000.0 1000.0 1000.0 1000.0 1000.0 
1000.0 36.0387 12.2615 24.13483 0.0 36.95199 12.08948 28.96808 16.70728 34.45153 35.77192 24.3547 0.0 21.14597 34.5919 33.35483 30.49718 17.21181 14.87086 24.33668 0.016 25.16697 7.75873 14.92017 35.07556 35.89968 19.09329 22.31342 13.29695 14.03151 15.44483 19.99565 36.22733 36.77106 7.8382 15.7124 17.87612 8.48973 11.63238 8.122 36.86583 14.76489 8.53833 27.57905 30.59371 31.77698 18.84521 0.0 13.54219 0.0 13.58924 
1000.0 14.20995 25.2895 27.85335 0.0 36.96373 36.38829 19.31705 36.75688 16.15411 33.16456 28.41663 0.0 20.79727 14.0129 11.14675 12.37413 19.33636 9.32305 35.30384 0.0239 23.81104 17.98232 12.25654 22.86592 7.72008 23.42514 32.22518 34.82084 36.01854 16.63689 22.48419 20.12823 17.94531 16.25903 12.99575 30.99604 33.74855 23.63243 7.95972 9.84247 37.04589 26.99666 17.41718 34.69491 10.50135 33.51324 0.0 25.15999 0.0 9.72925 
1000.0 12.64299 12.60995 11.1857 0.0 35.01093 9.62929 16.53237 21.58221 36.245 9.26844 19.74564 0.0 15.10276 13.32211 22.74693 17.78287 32.26355 17.58104 12.46485 0.01621 34.30377 20.09412 16.5405 35.61084 27.00755 36.49555 12.25387 11.90557 9.63367 31.60061 14.88261 27.69925 13.02189 33.90705 24.57165 36.20466 12.31896 7.46362 33.07079 20.34933 12.5524 33.37289 28.07382 14.68558 20.50675 34.10869 0.0 27.38355 0.0 21.63522 
1000.0 0.0 0.0 0.0 23.53654 0.0 0.0 0.0 0.0 0.0 0.0 0.0 17.76075 0.0 0.0 0.0 0.0 0.0 0.0 0.0 0.0 0.0 0.0 0.0 0.0 0.0 0.0 0.0 0.0 0.0 0.0 0.0 0.0 0.0 0.0 0.0 0.0 0.0 0.0 0.0 0.0 0.0 0.0 0.0 0.0 0.0 0.0 31.59794 0.0 26.14203 0.0 
1000.0 33.07266 28.56564 25.26103 0.0 10.37241 26.90275 18.30532 10.54243 33.92811 27.4075 23.92725 0.0 12.24924 18.91095 9.70149 16.79533 36.46884 8.32998 8.6228 0.01393 29.71761 23.14159 12.95986 18.72149 12.72857 10.81035 27.26335 33.99545 28.84807 31.43409 24.61761 16.67452 19.82216 30.68863 24.22284 19.05485 15.4146 25.58373 37.02568 36.91309 29.23575 36.97331 8.88996 25.57389 9.92049 30.3666 0.0 7.96091 0.0 31.05274 
1000.0 13.61584 20.16624 16.48083 0.0 23.30525 8.24029 31.2109 21.91036 31.15263 26.11811 19.3956 0.0 33.33625 36.97068 16.81504 23.93507 21.94583 16.69041 32.81664 0.02249 34.66993 11.10781 33.33082 23.38969 12.00361 26.75296 18.64569 13.55046 14.60674 10.9892 23.11685 31.73839 12.44564 15.11466 35.04164 19.61252 12.97127 28.46256 25.25709 34.7266 35.77608 24.06985 20.67334 23.30674 32.87596 28.90302 0.0 29.73107 0.0 13.01806 
1000.0 20.66544 19.66513 19.28576 0.0 28.67647 23.34232 17.99481 21.32833 35.27376 33.83596 17.01109 0.0 29.07195 30.68223 28.87367 9.40527 27.7227 16.95443 15.66038 0.03824 28.64319 24.76986 27.84765 33.24719 16.83733 17.72205 32.47087 11.888 35.52979 10.47381 34.1284 36.93284 22.24336 30.81947 36.53219 27.21649 35.33329 34.77604 29.93447 26.30981 13.17586 20.02808 27.88748 31.60662 21.70126 29.55167 0.0 17.25581 0.0 25.03926 
1000.0 19.75946 28.70959 10.9936 0.0 18.34996 34.96592 23.76052 34.89148 35.93721 28.07076 27.25323 0.0 12.0982 19.58482 22.09676 16.48336 22.41825 23.22752 25.7435 0.02102 14.98483 32.49082 35.54914 12.93317 9.02763 21.52215 32.06126 15.50009 31.74051 13.96218 17.6384 30.45331 26.6339 14.86333 34.205 26.29955 8.34202 7.93554 25.49221 33.33819 27.02075 23.99597 35.69259 20.07901 27.31162 31.43257 0.0 26.26548 0.0 14.32835 
1000.0 34.56958 10.75806 36.50672 0.0 10.2607 34.91534 15.37221 31.41983 11.94606 15.23184 35.76924 0.0 16.47198 9.63779 18.69644 29.87071 26.30032 13.44269 26.07801 0.00921 23.3245 28.57283 12.62296 8.71258 30.99343 15.2529 35.07548 32.21698 18.44141 34.77286 11.91812 35.80395 25.00227 27.63141 9.38002 26.92287 14.2363 9.92037 17.05857 19.43258 29.42087 31.40473 27.80475 29.10037 29.83764 21.60074 0.0 29.42147 0.0 27.99747 
1000.0 20.05977 27.24204 8.33883 0.0 36.98954 29.32157 19.8793 23.6378 15.71276 18.4116 15.09589 0.0 27.55442 31.5566 8.9412 11.1095 22.10736 36.84254 14.1382 0.03858 15.97796 9.29557 24.6077 15.45653 33.24459 20.9015 21.22378 14.77476 24.88571 15.8749 9.47837 25.23743 20.3308 9.14816 22.30281 22.95472 36.17081 13.73932 29.49002 13.46009 33.42586 12.87767 22.06231 33.8561 9.24266 36.53571 0.0 19.00535 0.0 33.91796 
1000.0 8.77679 8.31651 24.8153 0.0 30.30268 36.10594 10.95869 12.57409 30.80318 26.37678 21.12977 0.0 30.63458 13.83732 12.45075 28.02306 32.2085 23.63016 24.33552 0.03296 25.74217 14.63399 30.17094 15.96517 13.5971 26.4803 13.16775 20.27455 25.14905 16.01914 17.20837 16.18684 36.85566 20.15892 11.12321 34.02793 33.03041 34.64257 19.84745 13.74952 8.08897 13.38896 20.87085 21.07414 22.63442 13.07757 0.0 9.94882 0.0 18.9968 
1000.0 0.0 0.0 0.0 10.01596 0.0 0.0 0.0 0.0 0.0 0.0 0.0 24.31261 0.0 0.0 0.0 0.0 0.0 0.0 0.0 0.0 0.0 0.0 0.0 0.0 0.0 0.0 0.0 0.0 0.0 0.0 0.0 0.0 0.0 0.0 0.0 0.0 0.0 0.0 0.0 0.0 0.0 0.0 0.0 0.0 0.0 0.0 17.432 0.0 19.51651 0.0 
1000.0 26.45529 27.91684 34.63421 0.0 14.09875 24.05685 33.96449 18.91403 25.55307 17.02969 14.70125 0.0 13.63996 13.0013 29.3521 21.63289 32.77358 18.55264 7.78936 0.02914 7.65962 21.60323 16.83147 25.32325 24.50732 21.95315 23.75916 21.1307 26.28124 26.50945 9.95335 11.67005 29.95348 30.60398 21.41579 27.14317 21.5508 16.50462 13.36374 9.57244 16.33602 7.57746 25.20376 24.01325 14.80858 17.73256 0.0 25.92914 0.0 14.66384 
1000.0 27.47574 20.65647 36.13444 0.0 19.02939 30.71805 17.69687 9.64927 32.74012 34.9557 8.86524 0.0 36.17096 8.16765 13.77996 21.18012 16.03857 8.51331 22.20971 0.02412 15.62156 15.16079 15.5149 25.67864 20.06863 23.99589 17.33233 25.99714 33.76014 21.01489 19.52476 9.97481 27.84242 10.97716 21.10074 31.7973 34.76467 14.74415 19.67967 29.20381 26.03742 12.56984 29.77746 30.22293 10.94115 27.72231 0.0 8.66815 0.0 14.8298 
1000.0 25.02178 14.56828 14.24103 0.0 15.46395 14.18625 18.15306 20.1245 26.09323 22.29149 31.40703 0.0 23.57683 13.08013 21.77439 29.16096 18.35137 10.27523 26.51864 0.00938 13.65496 22.22862 21.59229 20.54802 8.41842 18.30279 8.47367 13.06838 11.81476 21.41768 14.80185 31.75906 32.68471 10.39715 31.82318 30.55387 16.22063 19.95128 32.71565 33.48513 18.82689 13.19394 13.22088 35.84209 36.68314 35.96641 0.0 15.90249 0.0 11.61106 
1000.0 32.78966 36.04453 29.33887 0.0 36.41878 21.18579 26.8876 19.93183 18.68326 31.99852 32.41876 0.0 8.72032 12.07825 32.15678 24.4717 8.74936 8.00845 7.6081 0.03792 18.78665 11.81872 10.44854 13.71689 35.36718 18.40682 24.47297 36.02884 11.03641 26.9636 14.70737 29.66378 35.52114 17.03371 17.31777 36.68189 27.51148 10.14408 22.03777 17.06576 7.79515 25.17407 17.64702 24.58684 34.31072 22.40627 0.0 28.268 0.0 36.27022 
1000.0 23.28737 17.70561 11.59247 0.0 8.22471 33.92236 16.71516 29.47247 20.33198 23.97941 25.91995 0.0 34.80254 9.53306 14.31725 18.45438 21.72198 9.74796 28.92833 0.0383 21.3347 10.23167 11.30973 15.61086 34.06816 20.23378 14.28905 21.52951 16.08076 32.02068 8.6996 10.4965 25.42494 26.62866 21.75538 25.69601 33.48375 33.51623 8.46268 21.92953 19.09923 12.19316 24.73321 36.48169 11.10336 30.70054 0.0 9.2192 0.0 22.22719 
1000.0 24.75135 20.37828 13.50479 0.0 23.55115 10.30122 24.91742 19.31765 27.3483 19.49971 31.22628 0.0 18.9672 27.99661 23.4637 15.30989 23.38382 36.29651 18.92222 0.03191 18.38754 22.21834 33.71928 16.19449 20.35025 28.51738 26.40615 30.3246 11.47323 27.62576 27.20975 17.15413 34.01746 33.72957 19.75177 8.19647 9.6795 35.10679 7.49595 8.68776 34.35114 23.99004 17.11062 22.09975 9.00867 20.71607 0.0 30.20361 0.0 21.86781 
1000.0 13.8368 31.87849 32.90304 0.0 26.39374 29.50105 21.65197 16.39798 29.52086 14.1081 23.60427 0.0 15.3533 35.3649 13.88998 17.54307 28.9723 13.08215 12.9542 0.0389 29.14363 20.09712 35.51739 19.2886 35.40696 27.88 7.98494 34.07402 20.59102 14.89262 24.9182 15.95681 9.13183 23.39613 32.70662 31.94637 13.37911 17.0033 16.39852 31.74737 12.73045 12.47766 29.34243 25.51221 30.2056 10.06184 0.0 29.41439 0.0 28.27968 
1000.0 0.04859 0.04271 0.12493 0.0 0.13808 0.16164 0.10445 0.15786 0.04031 0.16494 0.10351 0.0 0.06639 0.06778 0.08557 0.03917 0.14253 0.06198 0.1137 12.18583 0.07488 0.09905 0.05809 0.04311 0.13192 0.16976 0.07912 0.14285 0.08874 0.11077 0.13684 0.1162 0.04157 0.09088 0.09403 0.14133 0.14152 0.03861 0.1527 0.09733 0.12457 0.0402 0.10091 0.14039 0.08735 0.04205 0.0 0.17068 0.0 0.15082 
1000.0 29.33107 31.18612 36.32768 0.0 34.98995 33.95124 29.01074 22.87018 33.8709 10.84065 36.95099 0.0 27.4979 29.53627 22.71134 28.29434 30.94338 10.7007 23.11921 0.02962 12.1522 17.30985 20.72653 34.80673 34.96069 14.09976 9.51292 10.58118 19.73586 37.07579 29.36717 18.63158 23.65334 13.51655 15.43719 32.42112 35.46832 19.90045 7.62951 30.54377 22.58662 19.71872 16.55474 18.69715 8.0833 16.4209 0.0 22.76073 0.0 18.5128 
1000.0 18.72552 21.83957 12.00563 0.0 30.00895 13.4811 27.22218 17.34432 32.61892 17.74239 8.64912 0.0 15.6992 32.20885 22.44879 14.27777 32.37941 12.98895 10.62412 0.01997 12.75464 36.90106 21.57645 23.53877 26.78807 20.60757 13.18472 33.69269 20.58235 36.04232 14.85231 12.06023 33.00271 33.57446 25.28928 22.31335 11.16113 22.07794 29.85414 25.94782 15.07196 16.87703 11.94343 7.67927 10.11634 16.55968 0.0 30.00852 0.0 30.22867 
1000.0 22.00073 20.86833 9.69367 0.0 10.89152 9.94386 22.91977 24.03957 31.32919 14.08469 19.4552 0.0 8.31079 8.05804 33.69441 15.11719 9.75197 32.46872 31.13236 0.00869 36.72911 23.58919 15.67324 30.12248 9.25008 26.1299 13.82824 35.38063 30.74992 21.74808 18.26595 20.19795 29.52759 36.49155 24.28651 33.53594 10.80866 16.43259 20.36172 31.04344 32.16088 25.31122 15.74972 17.04386 36.79414 10.97333 0.0 23.87735 0.0 11.4293 
1000.0 27.61785 33.49444 16.20968 0.0 10.0782 17.39404 13.2488 23.91902 17.48418 9.39577 28.34307 0.0 30.9086 28.15776 29.64248 9.87224 12.79869 33.98152 35.35696 0.03596 24.20783 17.10293 8.44929 28.33437 20.8411 31.1036 20.56031 18.29433 15.04009 19.47832 24.64608 21.76441 17.25616 7.82185 20.05938 23.30634 17.90443 7.49849 32.46848 33.96646 32.57089 35.70044 27.8237 19.00574 31.18152 28.82272 0.0 8.63813 0.0 12.81253 
1000.0 21.03449 23.61844 28.60473 0.0 8.65816 28.72769 17.82388 20.42151 14.32429 9.23661 20.62869 0.0 31.50796 31.37875 36.29892 17.18434 13.49122 31.38615 18.39454 0.02063 33.27431 18.40813 27.83218 24.73256 24.63143 26.7901 32.97981 33.20073 33.62272 36.51289 18.55233 13.08935 9.17315 15.65085 26.32734 11.42417 35.56988 14.98866 16.35929 16.65786 9.9808 11.32 27.47673 22.47532 32.44031 12.47269 0.0 9.7965 0.0 18.35113 
1000.0 7.8811 8.35654 19.92798 0.0 35.33988 16.55162 14.34199 36.32266 24.60284 22.62977 26.38821 0.0 23.10238 9.58526 11.24057 33.62866 16.84156 34.72233 33.84984 0.03849 16.67597 26.41457 22.89483 20.24378 35.69943 29.2846 33.40851 10.59419 20.15249 25.15681 11.44819 22.58948 32.83063 19.57233 11.30886 34.25188 35.02151 29.35326 12.42306 12.86719 18.50838 10.19664 29.48015 28.20896 24.41682 36.18637 0.0 16.12624 0.0 16.14475 
1000.0 31.5478 19.67335 23.13786 0.0 16.31332 14.45947 26.25208 22.21519 18.37626 26.4432 31.3378 0.0 7.57365 11.5505 7.75118 28.19954 33.67607 8.49007 10.96366 0.02873 27.1035 36.31031 10.48409 22.27509 24.18549 9.96293 12.07801 30.60233 14.48476 17.76779 22.14108 27.11484 21.01034 11.08006 23.71654 33.12914 18.68267 28.65366 35.38117 33.96044 17.18343 34.71459 29.5718 17.6252 13.18001 30.30846 0.0 32.37456 0.0 8.71572 
1000.0 35.00358 26.96879 14.50754 0.0 12.21741 27.78864 24.10648 23.83246 24.15814 21.49769 10.87978 0.0 25.87049 8.82731 17.31854 27.11447 14.13898 11.41377 11.32141 0.02197 19.58605 12.59384 10.7449 18.5473 10.22771 33.24471 20.2361 26.43201 17.48046 14.93358 32.89952 19.55274 25.1445 7.55806 19.31428 31.61477 18.83577 31.02767 8.84543 35.17208 12.18791 31.48848 18.08691 25.37344 21.049 31.40827 0.0 19.45124 0.0 34.23282 
1000.0 36.53878 15.88743 35.70679 0.0 15.3055 30.66901 11.38174 35.87204 28.12698 36.05084 32.75333 0.0 16.12356 17.92753 25.4106 18.62413 8.06497 24.58744 29.3863 0.04296 13.46512 13.10533 14.27356 27.25639 33.52698 25.32149 17.1907 9.94341 32.10987 18.03364 14.22487 10.60125 12.52511 22.01486 32.65611 32.74224 27.36413 31.04514 8.99586 17.08536 28.33411 7.95419 32.90546 11.51729 35.59263 21.84563 0.0 14.9552 0.0 9.17105 
1000.0 24.78888 20.39889 33.09475 0.0 35.18675 21.33197 15.61194 28.18836 20.66877 28.77668 7.84388 0.0 35.22084 26.5649 33.89063 16.91967 34.19101 34.33972 15.79949 0.03442 27.73797 9.8001 9.83186 14.89955 19.78355 32.78818 14.29574 29.83611 19.51511 18.79847 16.24019 13.4163 35.47221 10.58969 31.09454 28.19145 20.99748 8.48951 10.81635 16.79663 12.75888 23.39388 22.40103 32.80676 30.77304 34.50934 0.0 9.54941 0.0 27.71687 
1000.0 24.65271 20.83911 25.67829 0.0 36.19776 12.33487 17.55509 27.43738 15.92204 30.88134 14.19141 0.0 14.36756 27.73644 14.68217 25.97299 24.23735 28.9607 14.14683 0.02705 17.02849 20.48479 28.51507 33.58202 26.20957 35.87643 29.95144 28.12423 25.05349 28.18927 25.97898 27.56395 34.17643 26.19815 36.08717 11.88107 36.38428 25.51308 14.03961 28.05567 17.13767 10.07451 33.5497 25.88069 7.74084 22.85148 0.0 30.99233 0.0 27.86409 
1000.0 27.75621 13.4387 24.75299 0.0 17.14185 13.03291 19.19761 34.48974 16.69724 13.47979 12.25113 0.0 13.29584 25.7627 24.00368 30.80261 19.39318 19.15744 9.26268 0.04226 21.36747 15.568 14.55953 23.78549 15.41756 13.44748 18.5478 18.07896 19.58047 18.54807 33.53772 29.97083 33.93554 29.94116 15.56202 34.13702 27.14452 13.12226 17.26695 34.15984 29.08189 10.37367 16.25582 19.36802 34.53375 17.5598 0.0 31.67327 0.0 25.69748 
1000.0 33.10409 33.35579 27.97386 0.0 19.33225 30.89591 8.00748 8.61632 22.78157 35.16652 13.24314 0.0 20.51417 25.3209 30.92152 16.27669 18.76817 9.5538 21.00753 0.03408 36.38491 30.3627 26.75671 28.9873 27.70024 8.60996 31.73708 13.042 16.60463 21.56973 24.88933 16.07378 29.12541 9.35953 8.83054 11.54799 36.1717 23.00883 29.96557 8.78443 18.50854 11.07065 16.8038 35.42748 13.29073 32.33985 0.0 16.68205 0.0 10.43269 
1000.0 28.70377 25.57507 34.11124 0.0 29.20106 21.11757 23.21461 35.17593 17.32425 29.29781 26.11402 0.0 32.83655 10.92251 19.07722 8.74352 9.31849 30.22511 15.74207 0.01597 28.39168 21.87546 24.82493 36.70252 36.97296 16.2056 27.75496 33.26885 8.60394 8.73213 7.72748 21.40214 33.46287 26.80844 20.29058 32.97569 21.41527 26.70998 17.9625 20.24563 19.60245 36.11926 33.08869 32.84466 29.64294 15.24276 0.0 34.1949 0.0 31.99421 
1000.0 32.53119 11.71297 23.04477 0.0 12.25679 29.60526 16.68836 9.28462 34.4845 15.54321 25.46968 0.0 22.16119 34.79297 25.7346 36.66649 13.08361 17.92908 16.94101 0.02346 32.34994 26.62975 11.31511 12.79167 10.87404 28.92874 25.93145 36.83641 14.75835 14.69339 33.60174 27.92502 28.47693 33.69196 20.29251 33.41398 9.16728 9.02524 32.09919 18.7112 11.06504 15.5531 25.29984 12.45913 29.23768 26.68608 0.0 29.64714 0.0 23.68506 
1000.0 13.268 29.9845 35.77811 0.0 34.80787 34.27681 27.52605 22.62037 14.18285 17.27772 11.57328 0.0 15.87462 29.49989 16.83657 16.46881 28.18171 22.30077 35.18571 0.02483 12.93078 18.34001 32.83076 34.81166 33.75175 34.76118 15.34333 22.71493 25.65959 28.74101 15.45103 11.50388 31.99798 33.2714 21.3061 8.89895 8.46352 28.97959 32.68109 24.10498 15.27887 17.04174 32.29818 32.56273 8.92162 21.35682 0.0 11.85101 0.0 32.71139 
1000.0 25.83241 14.79388 21.52791 0.0 25.64516 8.95781 25.73178 11.22354 10.27304 13.47614 35.02342 0.0 20.91731 34.74301 14.76764 27.77783 17.35494 37.00558 18.95547 0.01333 36.23651 12.87469 16.86716 21.46338 16.68965 13.16911 18.0584 13.33171 10.88101 9.12219 33.77972 26.83505 27.19977 33.94309 34.06292 29.2542 21.01051 16.97867 31.6101 13.67631 13.83291 15.17246 18.77965 34.23156 18.03282 11.88357 0.0 17.20657 0.0 24.58438 
1000.0 24.84466 29.64106 10.79528 0.0 27.43063 9.80998 16.86139 14.95242 35.82827 31.06977 12.23007 0.0 15.67187 18.51941 12.80368 13.48535 12.08451 30.46924 29.44964 0.02706 31.7545 34.84904 27.00124 9.2789 21.50616 19.67882 9.86483 17.96102 21.80629 26.2976 25.63436 26.02848 33.96552 30.54756 16.46196 29.09336 31.003 22.55697 25.14213 25.47002 9.62198 11.22193 33.86244 23.24555 8.02671 33.64949 0.0 36.67587 0.0 32.45658 
1000.0 31.1953 20.75223 9.92984 0.0 24.9563 19.70781 10.59968 16.03041 16.25338 10.24482 34.00157 0.0 15.46786 16.31878 36.17026 35.48095 13.61995 17.24084 10.48541 0.04167 33.3503 22.90219 17.02277 20.25118 30.45904 30.20045 31.83418 16.23556 37.07839 23.32157 7.72029 29.87422 24.5853 23.29152 8.16305 21.90102 11.17215 13.78399 31.41596 15.82683 33.61123 10.50001 15.04904 27.73306 27.01999 35.99814 0.0 30.75149 0.0 12.78845 
1000.0 22.15861 28.31877 36.52682 0.0 15.4062 36.22683 35.87941 9.18323 8.19933 15.29525 27.33198 0.0 34.38947 17.31363 24.42016 31.2834 25.30543 28.37282 31.96639 0.01506 31.95169 25.50554 13.55837 22.14977 32.82783 20.54981 31.77028 25.46523 28.10438 16.7077 19.34993 30.75214 28.03296 29.56417 24.18602 9.55894 32.74042 28.07084 20.08892 7.95156 18.22752 24.88738 22.05878 32.23327 22.9258 20.66301 0.0 22.4404 0.0 23.73181 
1000.0 17.52763 26.04828 10.61339 0.0 13.89105 36.90136 11.18129 14.64078 30.33752 28.80123 35.13969 0.0 27.88368 17.6763 29.80673 34.25825 33.40959 30.88563 26.46769 0.03787 20.81686 11.43035 20.30153 13.40626 9.73585 20.62287 34.97721 13.4746 35.99206 22.24197 30.34157 28.66792 19.56484 7.80909 35.85595 23.71952 29.96781 20.96529 36.61219 31.27648 21.30564 15.57259 8.33226 17.77172 30.66208 31.88317 0.0 36.68346 0.0 27.64218 
1000.0 14.07108 30.46878 21.6567 0.0 19.17611 18.59273 12.28105 7.56235 35.58107 25.12622 12.14772 0.0 14.60966 11.726 17.22228 16.00229 23.68332 33.47627 24.08128 0.0277 13.85027 22.47354 7.43068 9.17095 25.87641 24.62616 21.14808 31.07126 35.83595 31.10381 16.94609 35.30426 22.32028 28.2806 19.79168 11.10923 16.49254 33.09626 28.16815 34.79991 29.82165 17.40479 32.13721 22.30523 11.03355 18.98081 0.0 12.31655 0.0 22.20888 
1000.0 15.41733 8.10885 11.10508 0.0 27.98661 14.73552 16.03956 29.83047 18.03523 9.0431 32.41137 0.0 36.71501 14.5356 24.05382 20.36241 27.63226 23.79411 19.27816 0.01546 24.68029 32.86702 19.3597 12.0454 27.48712 7.57621 27.11642 8.98335 20.32995 23.83283 25.79538 30.8852 18.23977 34.21649 34.42473 31.76522 33.10566 35.03877 13.60833 11.52854 28.07639 14.37101 33.21476 16.18674 22.2248 36.36279 0.0 27.8631 0.0 17.38993 
1000.0 21.96238 21.75731 36.6274 0.0 32.09793 31.3192 25.89179 7.66686 30.79292 20.76504 35.25626 0.0 14.68396 24.13948 31.5229 25.87886 21.77297 11.50665 21.23853 0.02425 10.83133 36.05182 29.45408 36.43824 14.57657 21.66659 10.36148 28.83344 15.08908 32.56171 14.74168 26.35428 23.40972 35.52599 14.21034 28.10652 36.29461 8.70299 23.36275 26.83788 29.2484 28.97405 7.4231 33.72028 20.2086 12.87027 0.0 8.301 0.0 12.93658 
1000.0 31.9172 28.03856 11.08736 0.0 21.71414 10.10226 33.43779 10.96473 36.42507 17.08285 21.46034 0.0 7.94144 18.99371 22.64431 24.17659 21.45031 37.03996 10.3291 0.01525 13.34666 17.43815 26.94362 8.53452 9.29267 30.11634 32.80656 21.40395 31.74731 33.88893 14.59725 24.06789 8.84963 31.94539 13.69801 8.27927 8.13038 35.89412 21.17662 8.7997 36.90989 10.44911 16.6094 30.46697 25.62 33.38106 0.0 36.9379 0.0 31.77078 
1000.0 13.64231 10.08545 32.0415 0.0 32.92641 32.57773 17.4876 20.40265 16.01443 22.09208 16.0978 0.0 26.49153 21.57493 16.02683 22.34492 11.07589 16.72843 23.92976 0.04205 21.30589 24.26713 34.99789 24.71985 22.69745 27.38188 35.05082 32.70069 28.40718 27.74419 34.31904 30.76562 10.43778 32.91466 34.3682 20.97922 27.53039 27.35727 11.38284 8.89292 10.90834 25.77364 15.53136 30.3638 29.16924 32.93046 0.0 27.33055 0.0 33.39532 
1000.0 0.0 0.0 0.0 8.32897 0.0 0.0 0.0 0.0 0.0 0.0 0.0 12.12003 0.0 0.0 0.0 0.0 0.0 0.0 0.0 0.0 0.0 0.0 0.0 0.0 0.0 0.0 0.0 0.0 0.0 0.0 0.0 0.0 0.0 0.0 0.0 0.0 0.0 0.0 0.0 0.0 0.0 0.0 0.0 0.0 0.0 0.0 22.43255 0.0 13.87984 0.0 
1000.0 11.14903 36.10266 14.31099 0.0 31.44576 15.90448 29.17373 13.68791 33.28076 23.28445 17.80246 0.0 22.8598 15.34233 20.29567 14.54897 25.93526 17.07213 14.78886 0.01909 12.65518 14.64664 24.46071 35.56237 17.19657 18.04339 19.18739 21.3245 24.07565 32.49505 28.39735 16.57668 30.35196 11.59472 27.00146 17.91462 28.47638 11.12061 22.23528 8.9295 8.56795 28.62886 9.83065 33.28153 20.39391 12.60086 0.0 7.83491 0.0 14.06485 
1000.0 0.0 0.0 0.0 20.01961 0.0 0.0 0.0 0.0 0.0 0.0 0.0 30.01886 0.0 0.0 0.0 0.0 0.0 0.0 0.0 0.0 0.0 0.0 0.0 0.0 0.0 0.0 0.0 0.0 0.0 0.0 0.0 0.0 0.0 0.0 0.0 0.0 0.0 0.0 0.0 0.0 0.0 0.0 0.0 0.0 0.0 0.0 28.83788 0.0 35.31238 0.0 
1000.0 18.46884 9.6217 30.14335 0.0 13.47859 35.3481 26.87736 9.77008 22.09454 33.65809 29.7305 0.0 35.7092 24.65522 20.90456 11.29489 25.69348 12.59849 32.91383 0.01017 14.20615 30.90487 13.93352 10.46236 12.64873 15.72576 17.08968 20.00883 18.93498 29.12123 16.4356 33.68141 18.0068 36.65923 10.176 29.40559 25.05592 36.87319 21.92241 12.91109 19.47363 32.78168 10.71146 27.9985 16.7944 36.59146 0.0 17.19657 0.0 28.02769 
