1000.0 1000.0 1000.0 1000.0 1000.0 1000.0 1000.0 1000.0 1000.0 1000.0 1000.0 1000.0 1000.0 1000.0 1000.0 1000.0 1000.0 1000.0 1000.0 1000.0 1000.0 1000.0 1000.0 1000.0 1000.0 1000.0 1000.0 1000.0 1000.0 1000.0 1000.0 1000.0 1000.0 1000.0 1000.0 1000.0 1000.0 1000.0 1000.0 1000.0 1000.0 1000.0 1000.0 1000.0 1000.0 1000.0 1000.0 1000.0 1000.0 1000.0 1000.0 
1000.0 23.98067 9.59546 13.09275 0.0 20.38617 15.24782 32.21313 11.54906 37.44897 9.47493 36.58268 0.0 10.86543 32.64918 13.72747 17.22297 43.71494 11.52444 21.50657 0.01623 15.65039 23.3649 40.78389 18.99132 12.06622 39.32293 30.3417 15.7315 15.34287 43.36297 38.2993 21.49465 18.76417 26.84139 18.91642 39.82811 25.42333 38.86875 27.22554 23.77871 20.67563 36.91352 29.5521 33.37104 22.18483 33.3162 0.0 9.40216 0.0 38.08817 
1000.0 20.29914 39.04456 24.84626 0.0 31.54852 43.16317 38.94928 37.70886 10.62806 40.28714 14.29837 0.0 32.75553 44.34761 12.40208 37.39983 22.24482 9.81451 40.90619 0.00968 10.02539 17.90325 14.43171 41.40767 24.54617 42.0819 19.75637 42.68545 17.98343 36.2001 20.22622 41.22181 18.43676 36.96709 29.12729 43.62821 11.56881 15.20195 26.25158 9.58518 12.12216 29.59623 30.55753 10.08738 33.64858 9.16007 0.0 36.99427 0.0 23.90814 
1000.0 41.18616 22.08595 35.75229 0.0 36.04221 39.22995 39.06187 35.37579 37.24964 9.46043 23.3804 0.0 38.53282 17.47362 9.17177 34.66927 26.14085 37.31481 24.97852 0.0345 15.14975 40.6763 31.70004 43.99929 13.10581 27.74916 11.13424 9.81605 29.13461 13.96201 10.60674 41.72041 22.49744 25.53463 14.19768 14.12146 33.74833 37.30921 40.98675 19.53303 11.46966 29.90499 23.67494 28.87761 9.47584 16.81757 0.0 20.97933 0.0 33.13656 
1000.0 0.0 0.0 0.0 17.91281 0.0 0.0 0.0 0.0 0.0 0.0 0.0 30.19688 0.0 0.0 0.0 0.0 0.0 0.0 0.0 0.0 0.0 0.0 0.0 0.0 0.0 0.0 0.0 0.0 0.0 0.0 0.0 0.0 0.0 0.0 0.0 0.0 0.0 0.0 0.0 0.0 0.0 0.0 0.0 0.0 0.0 0.0 10.35172 0.0 41.89846 0.0 
1000.0 25.27509 21.70313 20.3245 0.0 30.56052 17.22411 9.71741 22.12646 14.41676 21.69655 19.54947 0.0 19.86209 44.62424 27.41839 18.74254 13.9317 35.76346 19.41665 0.0449 37.1757 24.72091 29.21472 44.73985 40.42689 13.68004 32.9561 14.19115 21.53348 9.65956 29.43236 12.02763 41.16706 34.78485 17.6225 36.71205 34.4489 31.94754 20.57756 18.85722 36.1683 28.46541 39.04396 16.4119 33.94674 35.61464 0.0 27.40004 0.0 30.60518 
1000.0 26.84769 26.28878 30.2781 0.0 14.01101 9.30619 11.24504 13.35495 40.00036 31.03103 38.31511 0.0 23.81307 12.58719 37.57628 17.41004 35.88007 18.83676 20.66559 0.01975 28.65702 17.46092 32.90441 10.80193 42.78553 32.14859 26.3023 22.07495 18.01094 15.15572 23.65477 40.30049 25.37592 33.87015 41.3293 22.59519 22.35451 33.20366 43.55763 25.72504 37.03785 12.0429 38.4722 18.68379 43.27627 15.25153 0.0 24.04442 0.0 30.40579 
1000.0 37.89163 16.23245 37.73305 0.0 15.06197 22.49701 11.67386 21.4976 33.23553 28.93509 44.60075 0.0 31.75773 41.09093 14.74688 11.77393 43.04711 14.34565 38.27696 0.01239 18.10358 33.82383 27.09423 24.67767 26.47858 27.05014 27.80613 18.19099 21.08265 37.87203 18.52314 35.3579 22.07074 43.01412 22.87899 17.52659 31.80252 36.50312 36.68403 27.51763 31.83502 20.52956 22.74303 34.5336 40.76969 44.66691 0.0 18.557 0.0 18.2264 
1000.0 20.71004 28.98763 16.76729 0.0 22.00561 44.01193 16.92782 14.35744 32.47795 39.27081 38.93746 0.0 36.97471 26.97355 16.75075 15.76123 42.4042 15.40546 18.19642 0.04006 39.6761 36.27161 33.75204 25.24764 23.49736 20.8806 37.31558 22.41214 21.91606 9.52599 40.63669 37.74365 19.07296 41.86668 41.51334 22.82977 9.11659 42.13015 36.02824 25.15589 41.61137 17.62177 28.74301 43.75029 24.01755 38.43683 0.0 14.48279 0.0 23.8758 
1000.0 29.06765 37.40349 9.10466 0.0 37.89195 44.81945 9.29556 27.71666 19.43659 14.90931 24.82462 0.0 15.02845 36.68494 19.03949 32.91104 9.25809 9.96668 30.25262 0.0424 39.2149 42.67654 9.94981 33.65991 33.87578 36.98806 19.09258 41.95848 22.43956 15.2125 34.507 25.0252 10.90202 34.76689 24.35782 12.70557 32.12637 18.59135 25.76258 30.76738 40.41406 23.82582 13.7478 43.9754 34.87534 44.51444 0.0 42.43203 0.0 27.40664 
1000.0 32.62782 38.41924 24.94423 0.0 19.98396 44.07568 26.58066 24.10797 13.4613 9.97757 16.24496 0.0 34.72367 20.59947 41.24587 11.93925 35.80051 13.97974 16.39713 0.03881 43.01637 23.81513 29.0995 42.33697 19.00955 35.95928 26.32116 20.42323 16.28601 29.38237 20.14015 28.74181 41.75246 29.44981 14.17069 11.4615 40.72673 22.80211 33.28985 17.34713 34.85557 37.35193 32.82246 37.50355 10.62817 37.79572 0.0 37.73252 0.0 13.90872 
1000.0 28.12022 13.07935 13.10516 0.0 36.14046 13.01536 26.59298 40.10879 29.30454 40.04542 33.90892 0.0 26.55167 9.87399 17.36739 24.85741 35.56711 27.46801 10.84725 0.01147 19.60542 40.40333 32.88699 44.76927 17.09469 43.73157 37.19237 40.85944 37.13948 28.468 43.80112 38.27397 9.14034 31.17655 23.22663 35.99957 37.38285 30.14075 32.2051 33.90113 28.21548 21.00987 37.47079 21.12745 11.68248 29.71058 0.0 34.13766 0.0 35.51087 
1000.0 0.0 0.0 0.0 36.03361 0.0 0.0 0.0 0.0 0.0 0.0 0.0 27.50624 0.0 0.0 0.0 0.0 0.0 0.0 0.0 0.0 0.0 0.0 0.0 0.0 0.0 0.0 0.0 0.0 0.0 0.0 0.0 0.0 0.0 0.0 0.0 0.0 0.0 0.0 0.0 0.0 0.0 0.0 0.0 0.0 0.0 0.0 13.20965 0.0 18.20117 0.0 
1000.0 38.87343 43.31874 36.00538 0.0 36.21627 30.4187 9.52911 29.40624 15.1146 28.59846 37.03624 0.0 38.8804 20.27932 12.86918 13.33533 9.07866 16.00402 19.12263 0.02772 26.77714 27.53094 12.02226 10.30106 17.33705 12.35497 30.20539 15.79649 34.29569 20.52894 34.38066 33.96618 25.01855 27.80793 27.09838 23.48798 10.93177 40.14441 14.58508 35.19716 12.47988 35.04511 33.57212 28.36587 34.67155 41.97884 0.0 43.15816 0.0 26.82614 
1000.0 22.02194 27.5179 12.5923 0.0 41.93052 20.11233 21.26635 30.92335 40.23354 23.24546 39.89992 0.0 39.71986 28.36434 14.32056 40.36902 11.84223 10.27207 13.32306 0.03075 38.28794 36.98121 26.99923 13.48194 17.74834 31.83077 43.59148 20.71742 31.02422 26.51234 36.94706 12.99686 35.57659 34.72528 34.13229 14.20186 14.13276 39.54394 24.63567 17.98692 40.73369 20.61075 35.45153 25.74968 15.14169 16.41867 0.0 33.83723 0.0 19.73306 
1000.0 24.78558 38.13284 19.87598 0.0 28.38828 26.40404 22.6809 30.38877 19.07683 43.1081 31.86396 0.0 23.78904 30.08841 21.31435 42.20978 32.50459 43.99551 30.6894 0.03983 24.38119 9.32041 34.19519 41.5653 17.9918 10.6593 13.93048 25.16907 17.30659 41.65489 17.02111 45.07082 12.38368 41.53663 32.20885 31.29763 43.60718 16.00731 20.39259 13.49546 29.31984 43.04358 31.46437 11.76792 39.15207 23.85289 0.0 31.89379 0.0 43.24891 
1000.0 23.50536 30.26812 24.04297 0.0 17.43433 34.15111 22.29163 13.86328 34.31181 13.75703 41.0668 0.0 34.28424 30.77184 43.03468 42.97421 39.60467 16.2764 38.61182 0.04462 33.2872 41.85691 28.96661 9.11321 36.5311 43.01174 37.68805 41.70325 19.41706 30.24468 25.68156 26.53597 11.14196 38.74454 22.59933 31.61253 27.91884 34.67087 19.34307 9.78899 31.15051 33.98391 36.7811 36.60625 35.75914 27.96842 0.0 31.20255 0.0 43.43175 
1000.0 20.45412 13.73982 29.14663 0.0 34.36689 30.65888 31.55624 19.80944 28.18963 28.6847 23.59452 0.0 19.93792 29.14973 43.35092 25.82608 16.84656 21.14933 24.33261 0.03257 29.42651 10.22438 23.10971 22.09048 33.46543 22.61773 10.26962 11.97154 37.31543 40.58398 39.84829 29.86421 35.10017 28.41343 38.85636 34.60095 27.34429 18.14524 40.59275 13.25753 27.60025 24.55681 44.40951 10.063 31.75604 35.0294 0.0 23.53512 0.0 27.81563 
1000.0 34.4943 21.90197 17.97016 0.0 32.30895 31.21356 43.26279 36.73871 15.85097 36.3562 23.86272 0.0 9.91657 10.36915 43.85717 17.56048 13.99775 18.39001 22.00005 0.02359 28.28401 22.78054 42.14091 10.36658 31.77735 35.38206 39.7171 14.67431 38.92742 31.7638 27.11104 24.12861 44.27373 20.32471 19.61673 27.37862 32.1344 38.49359 15.27101 29.24805 44.28002 16.89709 21.09772 41.54711 35.58043 28.77327 0.0 14.01591 0.0 16.33179 
1000.0 23.24402 24.5204 13.44321 0.0 12.44975 33.68181 29.31311 44.51779 42.97689 40.38281 31.67046 0.0 13.88294 42.32119 21.46158 28.18495 44.90962 11.66135 24.22398 0.02365 26.54967 13.09965 17.57392 12.15598 31.4951 32.63774 35.00663 32.52871 27.41188 33.21625 40.66903 28.54095 20.41956 27.62945 40.36297 12.49214 39.86571 19.84022 9.73958 43.20577 32.24441 27.48109 41.09707 17.98821 18.76392 21.96774 0.0 22.88107 0.0 36.73231 
1000.0 0.04145 0.05924 0.1415 0.0 0.18556 0.16182 0.09956 0.06541 0.16886 0.10289 0.13415 0.0 0.10804 0.16613 0.17711 0.14798 0.0985 0.17001 0.1867 38.24921 0.1559 0.11122 0.0654 0.10415 0.10948 0.15873 0.04877 0.18212 0.17002 0.12251 0.06949 0.105 0.11531 0.111 0.16277 0.08253 0.07776 0.05169 0.04568 0.16434 0.12054 0.05449 0.11858 0.09663 0.06122 0.13216 0.0 0.0591 0.0 0.16102 
1000.0 28.28686 30.78697 25.94265 0.0 11.87574 30.06424 41.81588 23.94037 36.63596 43.87677 30.23815 0.0 33.00561 29.75338 33.05722 17.83537 43.09031 37.17405 45.01326 0.04606 13.1776 43.98034 21.6871 44.83368 37.04247 26.88461 26.96911 41.42515 21.63935 37.22656 35.43241 37.52881 30.80607 40.98291 28.0266 25.61526 19.92378 11.73381 16.27532 44.29086 37.81356 27.30584 30.01987 21.60135 16.3942 29.3946 0.0 30.67802 0.0 33.48416 
1000.0 38.14624 18.25896 12.41989 0.0 40.31499 24.6218 38.96128 23.83674 32.28163 30.22357 20.1459 0.0 25.2846 29.33264 16.55244 10.22742 10.53347 36.79881 16.61787 0.04131 11.13308 12.0147 19.64602 15.61779 12.74279 42.93276 40.71434 39.73366 42.81063 34.78603 14.52559 20.39571 28.46477 42.81644 16.91617 43.70421 31.55094 38.66766 26.87447 26.02615 10.51418 40.91538 34.15766 31.84865 44.82215 37.33583 0.0 14.78357 0.0 30.06716 
1000.0 12.12235 10.46377 13.75277 0.0 34.00505 19.80202 33.06541 28.16523 29.96563 18.09011 40.50731 0.0 24.34612 16.81298 12.42914 38.92414 20.75784 19.64108 42.55045 0.02462 27.79756 35.03218 24.41961 26.02742 21.69337 21.68989 28.21852 44.3124 41.11866 41.64038 29.74653 40.88014 39.43403 24.40461 10.62202 24.41449 27.58719 9.92434 34.902 21.16789 26.70839 34.58464 36.27734 27.33255 14.43673 30.62155 0.0 44.75698 0.0 42.92163 
1000.0 16.18819 39.08526 30.62105 0.0 31.76949 35.98109 16.5861 10.45828 38.5537 34.73701 19.58745 0.0 33.70184 14.35846 14.77004 12.40417 40.38617 34.44186 15.37995 0.01515 41.2339 24.66297 24.97881 27.60423 43.75229 23.44404 34.73885 20.15237 42.67741 42.39075 20.14495 41.96295 15.26558 23.50636 37.22781 44.26003 33.87507 39.54838 18.89331 17.46823 20.26339 13.03603 36.87548 15.25941 27.89594 40.16952 0.0 43.40365 0.0 42.88323 
1000.0 32.39675 38.41058 21.89662 0.0 37.88796 10.11728 29.87581 12.76464 23.70116 14.4626 23.59175 0.0 20.4354 26.91026 23.07891 44.63129 39.24636 10.11114 37.36395 0.04182 38.65186 9.05994 19.77752 32.06377 12.53156 31.24458 27.67292 19.10536 32.9129 39.42936 22.65147 33.3676 35.1883 11.60092 11.60402 21.56474 10.09883 10.34235 31.29145 13.0339 40.39091 16.03767 15.18721 42.38075 31.14457 32.60422 0.0 17.69211 0.0 28.51662 
1000.0 27.54768 34.30739 23.00848 0.0 39.13263 14.16207 44.46905 31.89903 16.81784 12.77421 22.59194 0.0 23.68423 9.17124 23.24715 21.96888 34.17777 42.99293 32.48587 0.01981 22.23688 9.37903 27.90747 32.25289 35.64194 33.302 28.85885 36.92187 31.10423 42.67299 17.10191 32.14593 32.5202 27.0405 41.56915 12.12942 30.95836 15.12552 30.14791 38.60384 27.61599 42.64988 23.48369 33.14665 30.69258 33.89614 0.0 10.34244 0.0 9.47201 
1000.0 13.69206 40.79217 12.56015 0.0 39.74176 12.76542 28.14044 27.30799 10.24068 27.56022 30.90886 0.0 10.01407 18.64133 17.73264 44.74412 32.1551 13.0372 10.92875 0.03329 36.99092 9.33964 20.8414 29.20781 16.6787 36.73201 13.61803 17.18249 18.47716 42.6785 26.88457 19.20429 44.27274 32.30466 42.28963 12.23729 21.72765 11.16365 18.54643 15.93748 39.47823 12.75749 12.6508 37.23014 23.82512 9.37651 0.0 11.28247 0.0 25.23455 
1000.0 23.77259 41.88248 34.08714 0.0 35.68792 24.93268 37.07807 25.69048 42.73604 42.72851 34.80733 0.0 20.98126 15.20487 23.63506 11.47161 31.10206 42.0646 13.8389 0.02943 37.51836 44.52712 39.21501 30.39632 30.70293 43.13533 30.56777 16.92439 34.16647 42.85374 13.05639 29.15667 23.31698 30.99642 10.06367 37.96516 30.20217 24.3035 12.60745 44.68923 26.43943 42.30507 9.97159 26.56296 15.05198 33.80072 0.0 44.50412 0.0 22.73039 
1000.0 29.10647 11.87224 35.48494 0.0 19.16196 21.98132 10.49273 12.07716 12.81942 14.24657 36.03273 0.0 30.30678 30.27599 14.11842 34.70478 19.33714 19.73182 44.7829 0.04215 29.62723 43.50509 25.14748 16.7177 31.61944 28.98102 25.96316 19.2952 29.22594 27.31474 13.73725 25.35182 41.99016 36.36481 30.21159 29.06545 31.52003 18.46923 19.3157 19.67843 14.04191 18.93183 12.62997 35.8557 14.92572 20.92103 0.0 44.04437 0.0 37.66491 
1000.0 44.19574 38.52804 17.48747 0.0 22.99186 28.88569 27.48144 16.99235 44.6927 23.5838 17.60941 0.0 13.55035 41.40576 10.19495 15.11527 43.47796 13.95291 20.45376 0.04418 33.90728 40.88176 37.42679 26.40398 37.14532 23.02319 31.85985 40.7039 19.40842 42.466 25.15604 13.68039 38.64406 40.68292 21.61839 39.05357 29.64133 35.78699 29.84389 28.08136 25.08302 27.34875 27.78995 20.99923 21.01694 43.25995 0.0 35.59032 0.0 30.43358 
1000.0 35.8452 24.98289 34.49216 0.0 21.4392 36.86767 22.98326 24.65579 40.61405 39.10055 10.63699 0.0 33.47029 30.68088 38.45563 36.52609 42.6372 17.91001 23.27813 0.02395 40.4385 35.08427 22.61054 24.87422 23.82755 22.9848 31.59411 12.79322 14.42222 40.55708 42.46648 11.32284 9.99304 21.99283 44.00663 28.36026 40.83002 22.34267 18.65484 26.72375 40.52443 28.57282 25.60353 41.21766 14.71038 25.56139 0.0 43.92011 0.0 35.63285 
1000.0 38.57549 21.83072 19.66795 0.0 13.67069 40.32246 43.2586 29.02065 19.76055 16.98472 24.42193 0.0 15.78296 12.00399 18.98124 20.45303 34.91021 9.74515 20.96562 0.03158 12.59312 17.3423 44.18873 12.04106 20.88882 12.55202 42.58614 38.97453 22.79667 10.31307 42.36855 14.52626 9.82403 26.15778 22.79005 33.68851 37.13538 9.9544 41.90266 14.79815 34.63054 19.68624 23.72107 28.24467 13.45191 25.51744 0.0 22.11951 0.0 34.21949 
1000.0 38.25533 26.27521 21.35814 0.0 26.92087 17.78832 11.33322 21.87728 19.12967 15.02693 38.40045 0.0 32.48445 17.18992 31.29963 32.31672 38.5509 33.25448 27.40317 0.04279 21.4757 37.35097 21.30541 38.6787 40.58163 15.0592 40.63482 12.27618 23.31372 43.82906 28.20715 16.96242 29.70585 45.0466 10.79727 24.29603 28.68552 30.04876 29.47891 22.59331 35.69004 31.03171 20.52359 39.78889 25.00051 9.31278 0.0 17.12089 0.0 17.78394 
1000.0 15.38924 43.9298 20.45563 0.0 34.47062 15.43618 28.89653 43.85664 10.10917 17.26344 31.89288 0.0 41.91192 20.547 38.90727 33.24944 11.41424 9.71924 44.16565 0.03655 12.50634 10.30977 35.08724 37.69898 29.34396 32.45075 27.17615 9.66883 16.47815 25.41155 24.23273 32.17214 16.3957 36.25931 13.64309 9.69486 42.40634 30.84929 44.39942 43.66689 38.23962 11.61511 20.95697 18.89033 12.64105 11.14995 0.0 11.46416 0.0 43.30182 
1000.0 39.38665 12.83586 9.704 0.0 35.6774 21.82228 14.80131 42.39826 11.44807 30.50686 13.29736 0.0 9.79768 31.32983 41.93241 11.77229 28.11826 22.31822 16.35614 0.03098 23.22611 20.607 42.99961 31.95762 42.07437 28.35523 19.92959 20.48753 43.01461 42.19788 14.48116 10.74427 37.77556 39.806 33.33368 32.81539 9.63685 36.28887 19.46796 31.74427 36.85566 44.89546 13.8901 40.70112 15.55938 24.15119 0.0 17.967 0.0 40.78258 
1000.0 32.38117 18.29677 12.71118 0.0 41.07866 31.68326 9.20208 32.05601 9.88771 27.60454 26.98389 0.0 18.61883 23.50665 19.00546 13.11977 43.67317 41.13059 15.56088 0.01336 42.35544 39.24741 43.8892 30.47463 12.47256 44.38915 20.90454 39.80929 22.43156 28.14143 23.82575 37.84162 16.69888 9.36606 41.83918 25.71709 12.44504 13.85021 36.12691 41.83702 38.24539 12.58591 37.02948 19.78821 29.83867 44.59427 0.0 28.37815 0.0 31.38406 
1000.0 41.92847 19.7646 34.62521 0.0 42.16314 15.22464 12.7668 19.86341 23.52075 16.91129 31.14522 0.0 33.33328 13.93039 42.12392 35.63124 25.46537 42.85675 42.08571 0.02907 31.5496 9.63182 23.36407 32.30914 18.65839 24.22304 35.68459 26.80496 19.71606 22.63517 30.03015 22.974 18.01776 21.94553 27.30657 9.28219 34.25673 36.83774 44.07674 36.77901 31.95026 27.32691 26.33174 40.88211 27.38372 33.63612 0.0 41.7582 0.0 20.32524 
1000.0 21.39995 15.48917 28.26195 0.0 31.42686 28.0887 32.95377 11.84187 14.70755 41.39417 22.42788 0.0 15.32473 25.77936 39.38308 28.34086 25.87421 23.45594 10.46037 0.03395 21.41887 33.34414 44.68167 28.19283 26.09599 35.91926 33.40348 43.18366 17.96303 14.11096 11.84933 9.97121 30.15327 36.84557 19.86976 18.29757 30.01985 13.11002 39.64398 10.0395 34.10082 18.48286 37.20349 24.84545 11.13247 21.14046 0.0 25.37634 0.0 21.73633 
1000.0 17.52438 17.89865 33.66958 0.0 34.50358 14.28407 11.70685 11.77389 23.86201 30.13961 40.14355 0.0 32.63896 42.27907 25.25967 20.46759 36.80887 42.91977 24.26365 0.01858 28.56782 22.6384 40.63728 12.39439 17.74807 16.98327 18.0065 30.25209 13.94989 28.23607 34.89935 9.96643 43.19171 34.90444 31.0726 17.77572 38.77974 11.8191 26.93068 40.45934 11.12704 26.52028 14.23262 25.94807 21.9269 11.20887 0.0 34.66841 0.0 12.98578 
1000.0 35.66379 15.49002 14.27281 0.0 16.94137 12.44125 35.89563 21.26209 44.81989 31.85934 42.88072 0.0 9.20521 15.0693 29.89991 44.44403 9.54557 36.0802 42.56441 0.03902 11.64109 38.31152 30.15541 32.19531 40.2911 20.70983 21.20376 36.89833 39.65427 34.15332 9.64335 30.60589 33.51924 36.71962 25.5782 33.92356 35.36652 21.03685 30.39388 18.06244 33.77185 15.2499 38.22621 22.1954 22.02433 13.99522 0.0 10.55244 0.0 26.61622 
1000.0 35.13461 16.6363 14.24177 0.0 9.67954 19.77136 20.08021 34.43568 29.32149 25.77418 34.37004 0.0 25.74848 10.60832 15.39988 28.44976 30.4025 40.63267 32.24541 0.04115 36.50302 24.45923 12.21505 17.1723 29.72006 41.84319 16.05273 32.44579 44.23003 11.94485 35.79299 40.8559 19.03598 20.48724 36.02955 22.63644 21.77829 23.31627 26.89395 25.04853 11.37733 12.81474 13.13596 31.89749 39.37478 9.96704 0.0 11.79842 0.0 39.49552 
1000.0 41.09187 38.50817 43.82761 0.0 37.17427 43.66921 42.88097 11.28145 15.93413 13.35917 39.20111 0.0 22.99699 35.11712 17.1092 43.83896 29.83652 29.02601 31.49371 0.01603 21.16826 26.36625 18.57436 42.03214 12.43757 13.74489 32.18451 29.41604 27.64093 34.56187 36.52062 11.8771 29.193 38.91113 36.94512 44.93379 9.35576 18.0858 37.30248 42.43797 27.42808 23.27437 24.90212 37.44591 12.11505 16.1828 0.0 37.08249 0.0 19.85094 
1000.0 33.72908 26.03046 35.0318 0.0 41.7548 41.05018 18.00936 40.53568 44.39225 26.28575 10.30468 0.0 21.00228 16.53905 20.41081 21.61334 29.20311 40.95055 22.67202 0.0232 29.39481 28.09473 44.77924 18.24114 43.59923 20.66203 16.60012 32.74048 26.45249 11.91556 32.93593 14.66626 15.21095 10.85505 42.84471 17.82382 14.82849 11.82794 23.44178 39.99596 43.25753 30.7931 34.50462 16.00871 30.22445 9.49271 0.0 24.35453 0.0 38.19516 
1000.0 11.19711 41.44494 40.47786 0.0 13.21489 21.11708 41.21415 24.19045 32.76232 35.28046 30.38012 0.0 44.08896 29.13789 35.54364 43.15603 36.06059 12.24328 9.24941 0.01677 13.86357 37.87384 10.43225 26.73117 9.36582 14.38199 40.85959 22.32025 9.2565 10.6173 22.65409 27.62327 33.61994 26.57221 17.64843 31.08383 10.86801 17.30252 36.75778 26.11462 19.51639 36.6499 29.59834 35.09718 42.61264 30.11272 0.0 22.06817 0.0 24.03658 
1000.0 14.28209 42.8458 43.10283 0.0 9.51844 27.12464 14.11248 20.49105 15.48277 36.68626 43.87085 0.0 22.62063 37.21771 18.18157 37.83231 9.38734 14.69564 44.96404 0.02405 30.72827 9.56814 30.74965 29.27134 10.703 27.31289 22.76029 28.83403 14.92132 24.03901 25.3967 32.62551 16.1614 35.10741 35.38162 13.21581 21.70434 37.79604 9.42481 13.88368 37.15706 14.48064 42.44553 42.42739 21.02165 24.19479 0.0 36.55235 0.0 17.57104 
1000.0 42.43383 38.19894 36.09774 0.0 34.14084 28.30157 29.06866 23.57159 9.2729 20.89588 28.31573 0.0 37.27057 20.9009 28.7111 20.2865 18.96212 25.53632 17.71345 0.0302 9.99111 23.03755 29.1761 21.80028 43.39254 13.45182 42.35575 35.5954 34.5054 11.17424 37.79234 25.35003 43.48141 40.1664 19.66645 38.26928 28.76777 26.2462 37.6586 17.48497 14.55087 26.74063 36.07279 16.09907 9.95303 12.6546 0.0 32.64048 0.0 30.84664 
1000.0 0.0 0.0 0.0 37.25135 0.0 0.0 0.0 0.0 0.0 0.0 0.0 23.10702 0.0 0.0 0.0 0.0 0.0 0.0 0.0 0.0 0.0 0.0 0.0 0.0 0.0 0.0 0.0 0.0 0.0 0.0 0.0 0.0 0.0 0.0 0.0 0.0 0.0 0.0 0.0 0.0 0.0 0.0 0.0 0.0 0.0 0.0 43.58139 0.0 23.73132 0.0 
1000.0 16.09788 41.62966 24.9616 0.0 30.92974 9.66215 24.42305 25.82833 10.64115 43.8052 16.12716 0.0 37.02487 14.78785 18.93255 34.27817 10.91023 35.21835 26.6167 0.02919 11.10022 38.44829 43.44494 38.73303 33.70352 24.47202 38.15193 44.39939 29.83051 23.66871 37.63382 14.47581 23.61043 21.54694 26.80328 9.40512 34.13715 35.95459 28.32647 35.66155 24.02959 42.28776 11.38607 15.71684 25.21819 42.34101 0.0 23.4695 0.0 32.35652 
1000.0 0.0 0.0 0.0 11.05322 0.0 0.0 0.0 0.0 0.0 0.0 0.0 30.52747 0.0 0.0 0.0 0.0 0.0 0.0 0.0 0.0 0.0 0.0 0.0 0.0 0.0 0.0 0.0 0.0 0.0 0.0 0.0 0.0 0.0 0.0 0.0 0.0 0.0 0.0 0.0 0.0 0.0 0.0 0.0 0.0 0.0 0.0 20.31071 0.0 31.74272 0.0 
1000.0 11.33191 23.77496 40.97989 0.0 21.72389 36.48028 18.61638 21.89395 25.72108 43.81134 15.65375 0.0 14.80674 10.22777 14.81989 34.56835 39.09235 42.2761 40.24273 0.01595 12.07142 36.18229 40.67917 26.96192 39.24291 17.55004 36.32468 13.23645 28.75333 25.38433 36.22951 20.62852 30.24244 24.50586 25.62794 41.69552 12.49054 31.48029 17.83346 9.32886 36.097 26.6973 30.06987 18.57685 16.1196 43.27392 0.0 12.46798 0.0 24.69925 
