1000.0 1000.0 1000.0 1000.0 1000.0 1000.0 1000.0 1000.0 1000.0 1000.0 1000.0 1000.0 1000.0 1000.0 1000.0 1000.0 1000.0 1000.0 1000.0 1000.0 1000.0 1000.0 1000.0 1000.0 1000.0 1000.0 1000.0 1000.0 1000.0 1000.0 1000.0 1000.0 1000.0 1000.0 1000.0 1000.0 1000.0 1000.0 1000.0 1000.0 1000.0 1000.0 1000.0 1000.0 1000.0 1000.0 1000.0 1000.0 1000.0 1000.0 1000.0 
1000.0 19.94166 31.09594 13.07019 0.0 33.01847 27.60344 12.60695 14.6027 26.19466 20.07437 31.58801 0.0 13.90341 9.94483 9.90426 15.24986 19.86366 22.80353 32.31306 0.02089 6.81867 29.01382 32.72678 27.3104 7.7394 12.76018 26.0087 32.10292 22.50342 18.9319 7.11885 19.14711 23.98001 10.79085 14.83596 9.2283 29.35686 26.96135 8.1509 25.6804 21.57825 29.3389 8.73237 9.2906 11.66535 16.77316 0.0 13.19319 0.0 9.98928 
1000.0 24.37561 32.18028 12.31976 0.0 11.87153 29.21044 20.39579 22.16383 29.24966 10.77884 27.0538 0.0 26.35329 30.61701 22.92978 25.88309 9.1639 11.32734 9.83842 0.01456 18.80758 30.49224 22.95388 23.33514 8.6641 12.78686 32.5991 14.74097 31.33133 28.47794 13.77959 12.09713 24.6756 11.72354 17.10683 16.14571 7.14188 28.46889 17.74772 32.77528 17.92985 20.96982 14.18076 7.9427 18.31686 9.32736 0.0 25.50337 0.0 30.62679 
1000.0 9.12603 31.74633 18.5951 0.0 24.99285 16.97298 20.07234 20.51999 17.87676 26.66714 9.07861 0.0 22.42065 30.34264 31.80577 8.60228 17.49437 20.57521 21.45957 0.0204 30.70307 31.71355 19.76924 21.32779 31.07091 23.72339 13.87834 29.2962 9.54864 18.66794 13.67434 19.02751 32.79452 13.96701 16.0893 23.69051 19.93069 21.34704 16.69237 24.1548 13.52562 15.33701 14.41344 28.13298 9.88551 24.41688 0.0 7.36418 0.0 23.28823 
1000.0 0.0 0.0 0.0 14.27769 0.0 0.0 0.0 0.0 0.0 0.0 0.0 20.78723 0.0 0.0 0.0 0.0 0.0 0.0 0.0 0.0 0.0 0.0 0.0 0.0 0.0 0.0 0.0 0.0 0.0 0.0 0.0 0.0 0.0 0.0 0.0 0.0 0.0 0.0 0.0 0.0 0.0 0.0 0.0 0.0 0.0 0.0 8.32374 0.0 23.41777 0.0 
1000.0 16.18285 12.39705 18.21698 0.0 15.58848 24.96625 29.03621 9.01928 31.79118 21.0796 31.45171 0.0 9.45311 31.9899 18.49633 32.43872 32.47099 33.00224 32.09514 0.0376 7.93027 23.28083 14.39293 8.21542 24.89855 32.28103 22.61756 9.62029 30.76676 24.42411 32.50107 25.53487 23.07279 24.94361 14.19252 13.68238 15.3805 28.97302 8.00505 16.67877 31.01006 23.23151 7.74763 13.73127 16.13795 21.53422 0.0 26.47902 0.0 14.8447 
1000.0 28.26684 29.69222 13.62714 0.0 16.08984 13.03961 32.70693 22.50479 27.0438 13.82699 7.02238 0.0 27.49644 17.33847 10.39697 31.1715 8.43653 19.95808 19.0678 0.02324 14.72767 13.0325 12.84192 30.40838 18.93488 26.86854 14.8886 26.69856 15.05968 24.41528 26.17551 16.67908 24.19751 28.3943 7.6333 22.99669 29.88945 19.56789 31.39653 19.62551 14.36371 16.14317 28.0949 24.92274 14.46553 26.70682 0.0 22.68253 0.0 15.05014 
1000.0 15.479 27.54625 8.5005 0.0 23.06855 14.61268 25.85989 24.9448 22.04929 31.14561 30.48075 0.0 9.33223 13.55078 19.02279 14.01555 20.75428 19.9478 19.98417 0.03271 31.85772 10.75108 26.01378 24.06569 6.82883 23.67914 7.43168 27.03212 30.71588 19.31139 16.73447 22.34848 12.29104 11.40501 10.53127 11.348 33.05517 16.55884 30.05564 14.23161 17.45192 15.57338 14.59557 8.45522 16.38947 31.14307 0.0 30.75163 0.0 9.14449 
1000.0 21.71207 7.1716 24.42608 0.0 25.70771 28.35907 19.87829 12.71983 9.34045 16.81505 8.9325 0.0 26.80903 23.30704 10.09911 7.03236 18.93064 7.20621 10.14559 0.01138 30.20199 18.3454 25.74049 27.63772 6.95971 26.95616 33.08886 8.43497 15.24786 21.9793 13.11224 30.70446 13.58032 9.75229 32.53096 13.61607 24.38699 23.08371 22.21768 32.24633 23.16176 26.22736 11.27361 8.47418 30.6891 27.54805 0.0 10.71207 0.0 12.862 
1000.0 10.99597 28.77426 20.50672 0.0 15.96226 13.25282 24.24936 11.56026 7.37529 28.70105 25.12146 0.0 17.75045 20.72457 24.26527 18.23658 13.4114 25.44505 19.61254 0.00867 15.34551 19.40582 27.89869 32.91274 16.20708 21.89335 21.60457 28.92924 31.29902 29.8969 23.70487 10.94339 13.96077 26.67921 8.93084 10.28087 31.01899 32.55203 8.1397 32.98051 19.77674 20.28387 8.31986 22.05356 15.56465 20.37104 0.0 30.84397 0.0 31.19884 
1000.0 33.0023 6.81796 17.59396 0.0 29.73757 28.18271 25.58374 25.05446 26.36953 20.65768 31.15923 0.0 12.11633 19.63805 12.91032 7.66787 26.50841 32.27287 12.96101 0.03017 26.88696 31.08573 13.35767 10.76051 28.58204 23.61696 32.0384 30.66967 10.54989 17.91417 8.92809 28.64939 14.47146 8.19201 8.14487 21.27782 15.55886 32.06852 10.9576 25.57811 31.4652 12.45118 7.50153 17.17495 32.07801 30.70254 0.0 14.84576 0.0 25.08009 
1000.0 12.0109 30.95236 14.23349 0.0 28.80641 20.45293 12.74608 20.22747 26.2677 22.93821 24.96207 0.0 23.22623 28.50283 7.40621 24.98102 26.62886 29.15839 19.71381 0.03194 31.45095 17.66149 9.41433 10.60939 21.50596 30.83355 20.77131 16.74184 12.27409 21.61763 8.16929 29.96895 15.28436 18.02749 28.23697 28.90441 18.50578 23.7432 23.64603 26.80284 21.17038 7.60163 31.28998 19.13337 19.59966 12.69444 0.0 31.05319 0.0 12.19475 
1000.0 0.0 0.0 0.0 15.44654 0.0 0.0 0.0 0.0 0.0 0.0 0.0 14.99059 0.0 0.0 0.0 0.0 0.0 0.0 0.0 0.0 0.0 0.0 0.0 0.0 0.0 0.0 0.0 0.0 0.0 0.0 0.0 0.0 0.0 0.0 0.0 0.0 0.0 0.0 0.0 0.0 0.0 0.0 0.0 0.0 0.0 0.0 27.66172 0.0 19.145 0.0 
1000.0 33.14173 20.58224 26.15478 0.0 24.64759 31.46818 17.31375 29.49036 20.5616 22.7554 16.34635 0.0 11.07875 30.48831 20.83414 27.45535 28.58603 13.97522 32.90025 0.02204 8.82073 19.79893 27.43523 28.78333 15.9569 11.2931 29.41363 12.82528 22.8203 19.95854 30.13149 26.0628 10.10387 23.09058 13.11614 18.07968 30.49214 21.8698 29.67585 29.72921 24.51957 7.83331 6.99986 16.92844 31.87423 7.13819 0.0 21.73304 0.0 25.07123 
1000.0 15.82918 27.39557 26.22671 0.0 9.15518 23.55719 31.95412 14.40278 15.58728 28.36007 10.40954 0.0 30.58921 24.665 11.81996 21.75618 16.11132 27.4817 32.59082 0.01377 25.73073 23.93984 16.18252 25.33374 27.80425 9.59513 11.20475 10.89748 12.99213 20.13539 20.77144 9.45016 18.8259 10.04342 17.80307 12.51685 21.5137 31.74382 23.21043 26.19358 22.26331 13.38426 27.48082 6.94387 18.71236 29.38688 0.0 31.32052 0.0 18.6697 
1000.0 8.36707 21.92787 18.09914 0.0 7.92041 23.9233 20.33527 21.80339 29.11252 15.30556 21.25088 0.0 26.38095 10.48093 19.06464 26.04618 30.67029 14.01063 14.54406 0.01301 32.40648 7.0955 16.46816 31.05033 7.93412 22.48888 16.60989 23.02541 25.45094 17.89796 19.64179 24.2419 32.35404 22.40385 21.83207 9.38766 24.94723 29.24724 16.55832 20.58143 10.9186 9.46998 28.41389 25.1745 9.96082 21.70805 0.0 10.63413 0.0 19.397 
1000.0 30.158 20.82659 12.56524 0.0 28.38294 18.38185 16.52824 17.91079 27.62003 20.0247 12.09453 0.0 7.48422 13.40522 32.34823 26.23255 30.76587 14.85556 27.15494 0.0292 23.23624 10.03341 26.82396 8.5388 13.72833 31.68811 21.86391 19.6306 31.95907 9.45878 27.73242 12.76622 29.41884 22.84089 9.9655 25.05785 23.40823 26.9916 29.33638 12.46735 30.95965 21.02495 10.27878 27.4535 27.14828 10.91909 0.0 17.16162 0.0 14.20535 
1000.0 9.54858 16.68907 25.70554 0.0 10.69134 26.11831 27.14644 11.43325 29.18382 23.89424 30.8068 0.0 15.57141 18.16028 11.1675 22.02748 13.29651 14.88478 32.00469 0.01641 23.11074 28.11531 23.73171 30.59768 27.03058 15.54563 24.07406 15.09495 28.99893 24.58773 22.4748 13.31585 12.47666 26.80893 28.55824 7.88648 15.32573 26.07711 22.63975 20.13615 26.64954 14.76615 17.40653 9.99121 30.49879 23.92676 0.0 30.23822 0.0 8.8951 
1000.0 7.20858 10.78722 23.08235 0.0 28.66992 29.76856 32.52998 9.72726 13.40612 11.29332 14.11703 0.0 21.16389 26.93921 21.65403 14.24559 25.67395 17.18468 29.21702 0.03057 20.09266 26.13638 30.03764 26.42801 32.07551 13.86378 24.56733 12.64473 31.38119 13.09572 12.77729 29.69436 20.23217 13.39397 11.66699 18.64059 14.00705 16.96958 15.61549 8.58116 10.19952 28.18354 8.65058 13.26735 13.96279 23.41771 0.0 25.58287 0.0 22.47138 
1000.0 29.94647 8.17045 26.40703 0.0 29.36048 13.76065 29.47862 20.56098 18.00612 31.55649 15.937 0.0 23.73558 21.97662 13.54513 13.93328 25.13727 29.54426 17.16517 0.02737 9.02211 18.26763 21.8214 10.42902 16.90293 28.21332 10.58176 10.02942 14.0595 8.45605 11.8016 12.78184 12.20615 27.90506 13.72476 32.61611 27.05027 7.43172 14.8741 11.89933 32.53074 28.8566 19.22039 12.2615 7.24736 13.14533 0.0 30.23606 0.0 15.28433 
1000.0 0.08499 0.11429 0.1499 0.0 0.13188 0.03897 0.09534 0.04006 0.07992 0.0886 0.12606 0.0 0.16232 0.10295 0.11919 0.11722 0.04079 0.12226 0.14101 29.75237 0.04931 0.10204 0.13269 0.13239 0.03266 0.03969 0.10615 0.08818 0.04272 0.0766 0.15076 0.11764 0.0715 0.14819 0.14943 0.10962 0.14009 0.0347 0.10414 0.0771 0.12604 0.11693 0.16252 0.1195 0.09958 0.09646 0.0 0.1212 0.0 0.0391 
1000.0 9.70229 17.95836 6.69009 0.0 13.48001 12.2218 23.96759 22.66594 8.80457 27.82433 17.74559 0.0 7.73336 22.96763 8.80064 25.49487 14.4386 23.23931 29.97439 0.02592 8.59477 12.69523 19.85057 32.33566 21.21856 31.61991 17.501 18.44753 9.75688 17.46586 8.51793 6.87267 31.08628 16.07532 18.71429 20.50721 29.92399 17.97784 19.3765 22.95009 7.62517 20.79539 28.42358 16.9599 28.04188 6.72502 0.0 27.81115 0.0 25.09574 
1000.0 11.82017 25.28466 23.5868 0.0 29.97506 19.18006 30.80971 22.47177 13.20531 7.29479 14.91531 0.0 16.7563 13.23799 25.8239 13.34913 16.14192 21.93476 9.37321 0.02282 11.45307 17.67643 32.8091 7.56764 29.42601 23.80274 19.35011 29.8132 7.33143 6.90363 14.08631 23.96559 15.4542 16.0479 26.04431 8.53947 22.30149 18.13621 24.99813 30.57235 30.11835 19.69804 12.68673 19.2288 13.08479 33.01131 0.0 31.88115 0.0 22.25381 
1000.0 27.58632 29.79524 24.39744 0.0 23.262 26.3765 9.20714 26.63291 17.31995 28.57146 31.24484 0.0 6.81633 10.27678 15.16197 14.9796 25.89095 9.98775 17.72957 0.027 18.57093 11.09068 20.17087 7.42255 26.55187 12.27106 18.91239 15.46728 20.83545 23.85125 29.17938 6.72685 17.87461 32.45994 9.08103 25.90976 11.69203 17.83576 9.39874 29.16163 13.82051 13.42882 26.54812 13.35692 9.67831 17.48759 0.0 22.32759 0.0 12.10631 
1000.0 17.78098 17.80067 31.33471 0.0 13.74588 29.37493 15.00962 32.51524 26.90404 30.34047 14.76498 0.0 11.96465 18.34058 11.3914 19.13691 28.26656 28.06711 26.99522 0.03574 15.34237 21.90357 24.79358 12.80424 20.7358 8.42689 6.68962 18.08685 8.34013 29.36993 7.52408 13.17206 12.34361 14.41127 17.29745 31.29889 19.02287 26.26271 25.80486 13.18601 9.8099 18.93297 25.62336 24.1464 21.65878 9.7886 0.0 24.54057 0.0 31.37633 
1000.0 26.63956 13.85976 27.9359 0.0 32.94254 26.33382 10.64087 28.51295 18.00057 14.22927 24.23701 0.0 28.17558 15.6287 11.13147 19.33374 18.44159 17.0603 10.14049 0.00958 25.82015 24.53186 21.43077 23.59062 26.66194 29.66579 27.58188 21.66023 25.14977 28.214 25.21863 8.49254 17.04742 25.86798 16.78886 21.71514 16.97376 17.96517 13.68234 11.98465 9.14094 17.13426 22.73524 15.71442 16.18152 20.84086 0.0 8.71488 0.0 27.00262 
1000.0 28.15079 21.34114 14.74684 0.0 25.89185 8.38382 11.24737 15.5274 30.61365 7.80371 31.04659 0.0 7.93943 32.23034 18.11797 26.21583 23.65678 28.21351 22.20705 0.01961 11.38508 19.57289 11.55844 29.92436 25.60809 15.86441 20.54717 22.10316 27.27372 12.795 25.0406 20.25781 29.12462 28.15947 12.26447 32.21434 23.35164 19.44134 21.22077 14.02837 20.85186 28.58264 10.69548 13.04181 7.61575 16.10159 0.0 31.21301 0.0 19.90727 
1000.0 28.89951 28.97076 20.74771 0.0 31.28311 30.47952 32.64077 14.93597 18.61613 13.5495 26.65827 0.0 25.32074 11.53921 10.90014 25.62864 21.5701 31.07778 9.1514 0.01701 20.49209 24.37259 24.51787 27.48755 20.32004 10.31875 11.84965 7.70878 13.72722 15.4326 26.50973 7.04381 32.68556 13.66363 15.55815 8.32913 9.00586 13.10894 24.23986 25.23897 15.40126 21.86311 17.78421 15.14909 20.73855 8.32661 0.0 10.01863 0.0 11.41041 
1000.0 14.64037 12.74608 24.08035 0.0 29.4021 23.15419 28.28136 16.96855 22.11786 14.27246 10.95269 0.0 28.90462 23.76104 28.17182 22.86351 9.76953 12.87344 30.63233 0.01863 20.54689 11.10023 23.0898 27.62069 13.2133 31.73697 22.28257 23.05838 30.93007 24.74284 16.44616 23.47319 22.43561 29.60582 22.24589 9.27204 7.10932 18.6578 14.12193 29.41014 27.9494 25.7004 30.84598 32.11633 8.34412 11.86791 0.0 23.56385 0.0 24.40825 
1000.0 10.75341 23.54749 9.92928 0.0 17.35954 32.82115 10.76137 21.31998 12.60515 17.07324 30.83827 0.0 18.97344 12.9862 17.01352 7.44149 22.9592 29.76552 31.72222 0.03206 26.47281 24.11726 28.21735 14.94971 17.62077 20.41598 24.82068 18.23435 14.95307 29.72865 16.63874 19.10275 23.11095 20.83938 32.02572 20.19942 24.26462 29.52548 11.92335 25.53798 22.93437 15.55834 19.57712 7.27478 8.59047 7.82583 0.0 14.36811 0.0 8.32319 
1000.0 19.57918 22.84755 13.55633 0.0 9.22555 27.2018 23.7285 16.90693 30.21373 26.85303 13.93415 0.0 24.10659 29.65221 25.57624 22.48489 16.80111 22.33993 32.83214 0.03808 16.96111 31.58588 29.16155 13.06599 27.961 29.63301 9.67382 9.79075 18.1913 21.95213 14.4961 11.77681 24.34674 10.01507 15.78779 17.88893 24.35633 29.70558 25.46606 24.14336 15.02735 14.98563 9.43292 24.9092 15.92001 26.85841 0.0 31.36103 0.0 28.48471 
1000.0 8.44983 23.12636 26.51552 0.0 10.84671 16.65708 33.18286 9.9969 24.82949 29.16877 14.99901 0.0 15.84726 9.94114 13.98291 16.55744 16.11334 10.50758 21.97057 0.03998 17.32485 12.1022 32.39519 31.92492 17.41432 18.17823 23.89195 20.32154 23.91596 19.6913 21.16494 26.41167 20.50815 24.801 17.41317 18.89164 19.77673 28.03783 13.91822 20.44258 30.76247 6.95721 24.69879 26.57385 21.44698 32.53041 0.0 27.55539 0.0 9.87153 
1000.0 28.14672 21.6987 21.02658 0.0 31.45814 31.94464 16.98932 32.12303 29.95194 24.50823 23.56277 0.0 25.38011 30.7025 28.06819 24.07868 18.79328 9.76073 22.78371 0.01376 12.99913 11.30765 7.00302 11.84972 26.25001 29.75176 27.1689 29.11097 16.50019 20.31307 30.18058 31.80036 32.25279 29.01921 21.51197 11.90619 27.91043 25.97811 23.06185 21.37032 28.35253 22.54572 30.30289 7.75648 28.89942 31.85776 0.0 13.47343 0.0 30.53719 
1000.0 18.75725 16.11535 12.56245 0.0 28.08139 22.77574 25.66243 21.93989 18.5542 31.46267 23.75488 0.0 22.37295 33.06873 14.89612 24.57222 15.73761 28.61776 30.4898 0.03083 20.53023 16.9828 20.73934 27.31561 25.52855 12.45042 29.67844 20.50077 20.14127 30.6301 14.04647 31.35905 12.67905 20.78579 30.12125 22.10881 21.72092 12.15049 32.51877 7.57949 27.19539 17.08029 28.60002 15.93114 24.85079 11.95371 0.0 21.20034 0.0 10.93378 
1000.0 12.43252 24.44264 30.73593 0.0 11.58858 29.69852 23.84177 17.10135 13.811 25.23017 25.47689 0.0 14.72236 28.60295 28.01861 7.44681 23.92206 26.36933 12.60951 0.02144 16.77994 26.25256 25.96519 32.52215 11.22511 31.30746 11.88208 12.20453 12.3911 19.07688 18.7573 24.15985 24.62706 24.17453 15.10191 7.58259 28.90111 6.7229 11.09396 20.76549 25.66965 28.92998 32.34141 31.69292 22.46568 12.809 0.0 30.42837 0.0 10.89463 
1000.0 21.5602 19.96453 10.59638 0.0 22.75468 30.67131 13.77693 28.43178 10.92453 27.69262 22.14073 0.0 23.49035 26.24783 10.48794 21.00094 20.58133 29.23163 29.96013 0.03932 27.21058 32.28391 14.32091 11.26982 31.55804 8.43448 27.67227 13.09371 11.1662 17.06537 29.34004 21.25408 17.99981 22.80777 25.12878 27.37949 24.13229 11.25818 28.30368 16.42797 26.86422 17.54907 23.49309 22.37259 15.46557 19.93652 0.0 23.42607 0.0 27.78192 
1000.0 6.99419 18.85101 27.41245 0.0 27.65822 10.10213 21.62117 23.13069 31.79598 21.53918 25.59702 0.0 26.19157 12.58382 17.21279 33.16706 13.45033 17.90859 23.55699 0.01972 16.83085 11.38742 25.28575 32.34406 29.32636 29.54005 25.60006 31.57453 7.21011 20.32244 25.09106 16.55011 14.82888 14.22522 8.80477 10.19159 25.41283 10.57911 12.44843 25.69845 30.41253 30.51581 25.60489 25.73315 19.67222 26.31588 0.0 14.60073 0.0 15.29671 
1000.0 32.20555 30.69008 13.52309 0.0 8.59284 7.51672 26.72273 26.03599 26.57417 7.20671 15.92301 0.0 15.54412 29.85733 14.74956 21.06173 30.91614 13.75907 32.61061 0.01028 30.00482 6.71843 14.54215 27.14421 26.59787 26.79959 9.75142 8.92603 32.7936 26.19553 25.92563 21.3266 12.98057 29.09182 10.75709 27.42771 7.62037 21.23217 19.29879 21.57131 25.91772 18.25888 17.0408 15.53633 29.15298 16.52509 0.0 23.36398 0.0 32.92288 
1000.0 29.37007 14.91735 32.88394 0.0 20.77239 13.17127 6.85882 20.42558 11.00968 18.88972 19.8951 0.0 23.44478 7.18165 10.06562 24.26677 23.42414 21.76892 22.02972 0.02814 24.37394 9.63419 15.44758 23.28922 12.57151 8.45308 21.96815 32.70259 8.2669 10.46139 32.51989 22.21205 29.23164 18.35495 11.13275 30.61302 8.12117 7.43232 13.48013 8.23636 6.67317 24.26006 9.67768 33.1503 28.04566 9.28716 0.0 32.73979 0.0 31.03034 
1000.0 13.2708 33.07449 27.94216 0.0 8.88414 31.86363 21.18449 18.82277 9.56822 25.36363 32.44697 0.0 16.50577 26.66719 17.89636 25.38531 31.95443 7.21856 22.14979 0.02564 25.38915 21.87509 21.9737 10.88375 16.26435 23.42259 8.56314 13.08587 16.73574 9.37547 17.32394 31.27946 8.78737 26.23986 31.50423 13.98795 21.82509 14.22921 31.10292 16.63477 20.15596 9.474 25.17603 14.55284 8.56163 7.46046 0.0 28.10028 0.0 13.4857 
1000.0 29.54982 23.86979 22.42019 0.0 22.11789 12.77335 21.70404 15.96991 18.36697 26.95327 24.56791 0.0 25.71686 23.27118 20.75885 19.15969 25.98272 23.37836 24.80461 0.01015 28.1514 18.42818 16.1684 21.63438 19.05196 17.02633 20.21889 32.72207 7.12459 13.20388 11.81417 26.65622 26.1411 30.04929 16.70307 12.9486 8.58471 26.25208 31.7134 27.71441 31.05829 7.08515 8.76206 23.13661 32.14218 13.01776 0.0 11.3409 0.0 16.3922 
1000.0 13.77234 24.04195 17.31927 0.0 29.73465 23.94499 14.49379 17.89637 14.10237 12.35371 14.53584 0.0 22.04823 15.14508 23.71525 26.93531 25.24576 23.0162 6.91549 0.01984 20.62292 14.66438 15.9751 24.11834 9.96517 24.97843 31.52593 16.1066 15.89391 18.93703 32.87448 31.3469 27.24246 12.54971 27.20117 23.95774 16.3134 23.30634 6.82071 24.81816 28.78712 31.21359 17.63139 15.07307 7.58347 21.50388 0.0 24.42984 0.0 25.29804 
1000.0 28.51849 17.36836 10.23877 0.0 11.86458 8.31261 17.27524 9.34127 7.96248 7.28613 16.1239 0.0 32.32391 11.60446 11.18055 30.06634 25.51192 24.47148 21.5122 0.02587 19.53202 25.06776 11.02306 22.55355 20.09222 9.36628 22.10253 17.47 10.12813 15.22196 12.84797 9.02369 18.60167 31.14297 22.82123 29.98418 26.65179 27.97637 21.87329 20.12383 10.46946 29.50286 23.51256 8.4103 28.90501 12.74787 0.0 13.95472 0.0 32.67701 
1000.0 31.45921 31.28613 31.12713 0.0 22.14587 19.87867 26.2412 27.94744 18.55671 30.87589 31.29666 0.0 9.87959 31.96814 27.68722 19.62835 14.74199 8.0491 26.95453 0.03233 30.7963 13.85664 23.86333 27.17616 21.56325 15.23802 32.18088 28.39573 21.46272 16.43057 10.92889 24.49299 20.06984 7.50241 16.908 11.23606 25.55361 23.89058 14.86408 9.78915 9.18381 8.14205 13.13474 9.36648 26.80796 12.25541 0.0 15.92696 0.0 32.68446 
1000.0 13.53047 19.10317 31.66936 0.0 15.75113 14.60907 11.88403 11.73833 14.29856 23.44309 26.49636 0.0 24.57797 23.77631 19.12737 10.31789 14.13465 8.05447 20.88922 0.01021 17.90125 28.98217 31.70607 10.43216 19.72371 27.47057 32.16258 13.4124 27.35655 21.73654 23.64516 31.98729 24.36702 15.93813 13.03567 19.75896 15.54567 27.79078 8.39175 13.04431 29.24637 9.91726 20.7346 18.63084 21.07614 29.56914 0.0 14.70626 0.0 21.43108 
1000.0 19.59701 11.46268 12.27588 0.0 7.00281 33.21057 31.17632 12.22364 7.76453 18.76435 19.89139 0.0 25.08462 14.42326 31.44533 14.37676 9.52319 20.02222 26.32807 0.02108 18.28894 13.15498 18.57932 32.63321 12.91807 15.31263 17.14766 32.56145 11.99645 27.43444 6.8293 9.15503 13.59527 27.04486 12.06504 11.73166 14.83244 19.7839 22.51104 32.82622 25.46213 25.45699 9.83391 18.46844 14.55062 22.31367 0.0 13.36884 0.0 11.78609 
1000.0 7.25224 27.29514 30.9059 0.0 27.92884 31.48266 12.07104 30.55807 21.19102 33.07389 14.85048 0.0 21.66264 14.27073 13.86948 30.12411 23.22056 11.20336 24.61791 0.01993 22.4247 11.78468 26.57033 17.27358 10.63661 18.5952 13.24702 28.57465 27.99846 31.99309 10.49089 13.06877 23.63112 18.20767 20.62097 8.53858 21.17547 29.57738 28.53773 23.96571 20.86911 10.84676 22.12034 24.39865 26.9286 8.23317 0.0 8.09937 0.0 33.04961 
1000.0 0.0 0.0 0.0 30.77864 0.0 0.0 0.0 0.0 0.0 0.0 0.0 31.97891 0.0 0.0 0.0 0.0 0.0 0.0 0.0 0.0 0.0 0.0 0.0 0.0 0.0 0.0 0.0 0.0 0.0 0.0 0.0 0.0 0.0 0.0 0.0 0.0 0.0 0.0 0.0 0.0 0.0 0.0 0.0 0.0 0.0 0.0 33.15698 0.0 25.94848 0.0 
1000.0 11.47406 11.25896 16.30084 0.0 28.68547 9.39946 24.85775 29.64527 15.85782 12.18954 25.09382 0.0 17.02985 18.59139 28.58524 24.93075 11.30176 17.11568 7.99878 0.00932 30.24607 16.5775 17.53158 9.80468 6.97764 21.53982 31.27927 7.59048 16.2076 18.86269 14.7973 26.88691 6.67998 29.54185 20.46144 28.53093 12.69099 15.72217 11.19196 31.8827 8.59134 27.03783 19.71377 25.39367 11.16471 31.06451 0.0 12.4029 0.0 14.03314 
1000.0 0.0 0.0 0.0 26.72305 0.0 0.0 0.0 0.0 0.0 0.0 0.0 15.05938 0.0 0.0 0.0 0.0 0.0 0.0 0.0 0.0 0.0 0.0 0.0 0.0 0.0 0.0 0.0 0.0 0.0 0.0 0.0 0.0 0.0 0.0 0.0 0.0 0.0 0.0 0.0 0.0 0.0 0.0 0.0 0.0 0.0 0.0 31.81743 0.0 25.60323 0.0 
1000.0 8.74698 8.8828 18.90967 0.0 29.73377 23.20077 13.34713 8.04855 12.27423 14.72221 12.68995 0.0 24.18051 12.87777 9.61035 11.27998 21.00248 13.71703 20.89442 0.01212 21.83345 9.82711 25.91301 11.83341 12.32503 32.07541 27.42702 7.18741 14.88276 28.12302 7.92038 19.46776 28.84156 30.91851 24.37302 15.25317 24.36416 10.09082 20.49876 7.48749 18.69961 20.66853 32.60175 19.22783 17.04126 11.01408 0.0 26.2435 0.0 15.4384 
