1000.0 1000.0 1000.0 1000.0 1000.0 1000.0 1000.0 1000.0 1000.0 1000.0 1000.0 1000.0 1000.0 1000.0 1000.0 1000.0 1000.0 1000.0 1000.0 1000.0 1000.0 1000.0 1000.0 1000.0 1000.0 1000.0 1000.0 1000.0 1000.0 1000.0 1000.0 1000.0 1000.0 1000.0 1000.0 1000.0 1000.0 1000.0 1000.0 1000.0 1000.0 1000.0 1000.0 1000.0 1000.0 1000.0 1000.0 1000.0 1000.0 1000.0 1000.0 
1000.0 35.05255 22.40763 14.31151 0.0 16.26994 7.71933 9.48822 30.78227 13.5484 12.1008 23.82413 0.0 21.52646 11.64095 30.7157 35.684 20.84468 11.82099 22.74359 0.02194 29.88981 11.92782 17.7045 19.36006 27.53819 30.95392 28.62293 27.98326 17.23533 18.56138 35.11057 13.71841 16.65182 32.81517 13.18152 28.17104 22.55305 12.34423 23.41802 30.63192 30.80936 7.59976 22.62497 32.46125 12.52711 8.25244 0.0 25.3217 0.0 14.88835 
1000.0 23.58605 34.9486 20.64823 0.0 12.46542 25.51663 9.28809 28.688 11.90178 22.4256 20.20962 0.0 28.45238 30.55955 24.56849 15.75742 22.13607 11.76106 19.3889 0.02877 7.52835 31.20273 8.66661 32.95198 11.11346 32.88737 33.32726 25.49026 17.60977 19.71464 22.28512 24.96886 16.80158 11.26132 35.69805 23.99056 26.97739 28.39141 32.57975 32.01914 22.19428 10.07456 13.53254 8.79359 13.59773 21.57313 0.0 25.01057 0.0 32.32968 
1000.0 19.43709 31.6715 18.58906 0.0 20.14291 12.66463 9.90023 30.10699 17.09597 8.142 20.07346 0.0 31.47663 32.01582 26.25308 14.80804 9.80646 23.79455 7.77721 0.00852 22.29068 34.96291 9.37295 17.73217 8.43411 15.54128 27.19354 32.11116 15.06055 13.78478 15.67384 15.65663 14.7337 18.42597 23.96967 34.61736 20.60314 12.7136 24.79406 8.61327 23.61941 32.94161 16.11898 18.55269 33.33868 19.40103 0.0 15.78555 0.0 10.15262 
1000.0 0.0 0.0 0.0 27.68496 0.0 0.0 0.0 0.0 0.0 0.0 0.0 20.15007 0.0 0.0 0.0 0.0 0.0 0.0 0.0 0.0 0.0 0.0 0.0 0.0 0.0 0.0 0.0 0.0 0.0 0.0 0.0 0.0 0.0 0.0 0.0 0.0 0.0 0.0 0.0 0.0 0.0 0.0 0.0 0.0 0.0 0.0 22.10975 0.0 14.90702 0.0 
1000.0 10.71115 33.11258 11.6731 0.0 25.79775 17.65771 10.43329 27.40272 28.4623 14.01826 9.00245 0.0 13.42325 12.55966 8.85336 12.75619 8.34783 22.84772 31.91843 0.0146 15.89263 9.226 10.05189 9.92088 10.8964 27.67891 32.46767 7.46344 25.9398 30.23891 34.11328 30.43446 29.59124 18.76592 7.38786 20.03317 24.35983 10.31825 8.36994 30.34187 8.28316 11.35695 32.2937 22.25631 15.26229 19.9834 0.0 35.65776 0.0 9.16885 
1000.0 21.10808 22.67984 31.21694 0.0 19.60678 34.57403 27.50682 34.63465 22.89774 25.04693 10.52172 0.0 24.45943 26.59258 33.8495 23.08682 30.59769 34.66905 26.81939 0.04049 7.57093 19.01908 7.35253 14.94296 29.5872 23.77882 7.31568 13.4675 23.66599 28.08611 22.45987 32.88447 9.22833 28.86209 26.87854 10.61509 19.60792 8.133 25.5377 31.71485 20.30519 13.69862 24.73971 19.23968 15.8443 30.24881 0.0 25.11827 0.0 27.16326 
1000.0 9.75873 13.31687 22.39663 0.0 20.89925 25.93725 20.24556 30.37027 13.78992 9.10617 10.72189 0.0 21.69059 29.88965 16.87073 15.50275 8.17686 13.45295 15.35427 0.00922 28.4156 7.68973 21.02178 30.60411 27.59581 19.16461 13.59506 24.34279 7.19992 11.0853 20.74109 31.05732 22.62962 27.31804 22.77436 23.51627 26.89977 7.22832 11.41995 17.8119 31.37688 33.48242 19.62201 15.14836 20.49157 23.07854 0.0 29.0212 0.0 11.12277 
1000.0 35.32527 27.05609 31.17156 0.0 32.89547 13.19843 18.73316 27.18234 30.09111 15.17771 28.77948 0.0 19.38016 24.16779 35.3733 17.58297 23.00927 25.742 27.26153 0.03073 20.30123 25.21623 19.07273 9.7661 20.53289 10.10205 7.24304 16.364 34.74437 17.43873 32.76362 25.89814 20.07041 21.94222 21.74502 28.79132 31.04337 9.93833 27.909 10.82792 10.5233 21.44924 26.10398 19.85665 15.61571 20.9868 0.0 15.28664 0.0 20.89108 
1000.0 26.44363 27.99818 31.97383 0.0 22.92738 27.95137 23.76226 23.53885 10.33765 24.48712 10.12402 0.0 10.27534 28.33934 31.73923 34.77451 25.45629 29.86639 27.28611 0.03137 33.59846 25.74203 14.58203 17.40213 28.29041 7.23709 14.15299 35.67924 14.05231 22.82593 11.79576 23.63439 12.16363 18.4244 25.34398 12.50294 31.98619 34.11311 35.42014 33.7097 9.4022 35.04308 8.09895 35.29578 17.90702 31.22701 0.0 31.63916 0.0 19.85337 
1000.0 32.60502 26.11413 19.51967 0.0 18.43713 10.50503 14.25475 13.0545 35.68062 28.66909 35.30763 0.0 34.93468 17.10793 19.92449 16.972 12.01696 26.07637 31.0482 0.01652 12.00851 13.52545 22.10569 20.60749 34.78212 32.59385 12.13741 30.61203 31.39543 28.09433 13.15482 27.65687 32.6638 30.16487 13.74193 12.70744 22.54601 20.13613 25.54495 21.94964 31.54581 33.91719 30.4424 33.96724 29.14102 8.59265 0.0 31.45653 0.0 14.24249 
1000.0 15.61184 8.92897 32.74664 0.0 29.78053 22.44113 7.37763 34.33652 34.91447 16.03006 9.39339 0.0 19.45673 28.04777 7.29998 21.69564 33.75856 7.40247 19.95057 0.03018 24.67297 35.21884 27.26241 30.23532 21.59646 23.23912 29.23924 30.5008 28.90135 11.17597 22.98099 28.70981 13.01017 23.41769 21.79515 20.52537 13.41738 22.53832 21.39226 32.6271 30.06344 19.32966 32.29384 11.80927 11.5734 29.00838 0.0 23.55663 0.0 10.63847 
1000.0 0.0 0.0 0.0 9.77777 0.0 0.0 0.0 0.0 0.0 0.0 0.0 35.00452 0.0 0.0 0.0 0.0 0.0 0.0 0.0 0.0 0.0 0.0 0.0 0.0 0.0 0.0 0.0 0.0 0.0 0.0 0.0 0.0 0.0 0.0 0.0 0.0 0.0 0.0 0.0 0.0 0.0 0.0 0.0 0.0 0.0 0.0 12.94558 0.0 29.43755 0.0 
1000.0 34.51807 28.39973 17.34123 0.0 10.29871 13.931 25.01161 24.4213 10.96724 33.82256 24.91621 0.0 26.52535 12.78772 22.98569 9.20143 25.99594 22.99725 27.55726 0.04125 17.8019 17.04545 11.43306 18.3752 13.62152 31.26685 30.66699 30.30465 27.50384 34.1952 29.79749 17.83457 25.51613 28.43019 34.20289 22.00011 21.55526 23.77143 27.47261 11.9564 33.46991 28.84708 31.7367 24.2277 24.86099 23.86062 0.0 18.18147 0.0 12.63685 
1000.0 26.66979 18.87542 34.40418 0.0 31.19287 30.79178 29.67546 17.83042 22.62911 35.11524 30.10608 0.0 32.32083 32.49692 13.2802 16.07017 22.62581 31.06014 13.08241 0.02342 34.74973 15.33287 27.69934 19.9321 28.33449 28.10828 26.39575 31.42439 24.20055 23.04103 17.86339 11.59049 19.71293 12.39572 11.23849 33.05978 10.15244 30.91991 10.41917 8.00041 21.4739 26.99604 22.21057 8.71594 11.62017 26.69424 0.0 28.62641 0.0 13.89595 
1000.0 23.64601 24.5048 16.18673 0.0 35.52908 16.26385 12.78543 32.77158 19.13345 26.69041 20.64838 0.0 26.85587 35.44167 28.66794 26.09124 28.05445 11.28591 22.65723 0.01101 17.07246 35.53792 27.47534 28.34161 20.61023 15.86511 31.48397 13.1175 28.09398 28.38799 28.74902 35.43975 32.5151 33.73423 12.32907 11.86557 8.94323 23.84585 7.85839 29.02901 24.67738 8.70674 11.97008 8.1319 14.1742 16.26297 0.0 12.33397 0.0 9.87508 
1000.0 18.61455 23.03355 22.60928 0.0 13.84455 16.46654 28.47331 8.47445 31.21769 31.96249 32.16452 0.0 29.60201 29.94648 27.01618 18.44012 21.39132 7.23333 11.54177 0.04164 13.21124 21.04779 17.03429 18.82784 29.40424 11.05463 11.25574 26.24383 31.23493 23.19901 17.38428 21.19283 21.05449 24.16572 33.45344 25.63965 10.8186 24.04714 21.49359 24.78958 19.48346 32.43607 23.92109 23.42749 9.29337 33.18219 0.0 10.87557 0.0 28.62978 
1000.0 34.33212 19.06221 12.88241 0.0 30.21804 11.59236 14.58796 15.65399 22.47702 29.93656 27.52387 0.0 10.6167 9.79542 30.55427 20.74127 21.45314 15.90956 22.1231 0.04041 25.64156 28.61134 28.1136 31.25451 25.70666 32.16286 25.85172 13.57584 31.72508 17.74084 14.92003 14.50288 16.7197 8.78235 22.56251 29.76522 7.84085 30.35208 26.36507 25.59487 25.57004 20.61743 27.34852 13.14252 34.92261 19.32027 0.0 18.89641 0.0 11.78285 
1000.0 16.07534 21.88973 8.1055 0.0 24.73555 33.51528 27.64789 35.00899 22.09913 26.36713 25.39175 0.0 18.55767 33.25047 15.08327 21.03729 30.83984 31.60359 20.78626 0.03708 11.95996 15.14566 11.37323 29.13366 12.2027 25.78167 26.41534 19.88991 30.79623 25.15776 32.71111 16.24008 30.70083 19.46542 26.54695 7.61813 21.10893 31.21626 33.46057 27.32549 30.10894 30.39663 30.39705 11.34645 11.26969 30.75424 0.0 32.71797 0.0 13.78066 
1000.0 30.45583 14.36466 8.2156 0.0 23.38492 11.07928 30.31842 19.70315 34.70781 17.43142 8.81708 0.0 11.48889 32.05183 14.5035 14.72273 24.7597 17.87268 16.23034 0.03525 23.89388 32.87716 24.22432 34.67436 26.71525 12.2685 35.72554 18.3477 24.1293 35.4163 21.07639 19.14579 21.59614 13.64522 31.30026 16.68594 14.55319 10.76392 29.8105 11.88156 29.12365 7.94003 28.24539 8.73409 32.91296 25.20143 0.0 9.11681 0.0 11.29694 
1000.0 0.10042 0.03754 0.06766 0.0 0.05679 0.14199 0.08073 0.11052 0.11813 0.09711 0.1288 0.0 0.16736 0.12556 0.10215 0.08119 0.07571 0.12857 0.07596 24.05215 0.1363 0.16611 0.08352 0.10794 0.05366 0.09488 0.06914 0.07144 0.08554 0.07433 0.12346 0.09417 0.10977 0.07843 0.1193 0.06467 0.16077 0.10496 0.05994 0.10393 0.04374 0.05 0.14274 0.0466 0.13962 0.11897 0.0 0.07095 0.0 0.13132 
1000.0 12.04759 34.7665 21.17722 0.0 10.4843 25.16586 21.21207 22.01736 15.49302 12.74774 23.70949 0.0 17.32868 11.08726 18.7692 8.47939 19.10841 22.71455 13.63906 0.00886 9.91986 7.20448 7.85063 28.34133 10.27761 32.35328 21.15657 34.47679 16.5723 25.37805 34.89733 13.05326 14.56591 28.99109 11.73451 28.03863 21.64034 34.30996 28.23584 12.79119 24.50159 27.9357 28.54222 31.91873 9.02621 10.33633 0.0 14.64748 0.0 14.0559 
1000.0 34.15273 31.51439 16.58331 0.0 34.8376 32.74628 35.23488 20.2122 22.50369 32.89556 19.08646 0.0 26.849 20.23433 9.24466 8.45908 22.98186 11.24093 26.73384 0.02256 16.5757 30.63583 18.54908 34.01605 8.27784 34.69122 21.52726 35.41935 15.37715 20.89598 20.97408 27.3056 27.12826 31.49314 18.43117 24.44644 18.65319 14.73134 16.31553 14.06763 12.71948 33.06879 30.79428 11.9658 27.41557 10.33128 0.0 16.08411 0.0 27.57756 
1000.0 20.48166 18.37301 9.67617 0.0 18.27499 27.7845 26.62829 32.47687 18.52624 30.10881 17.20161 0.0 9.01749 9.78685 16.68862 22.78046 28.55173 17.58184 25.60737 0.00873 25.2062 15.94628 13.61841 9.05092 23.85326 22.30929 18.46842 31.89757 22.39285 15.348 23.54858 11.27713 34.82284 24.87282 32.81706 35.46759 26.87673 27.65929 27.71064 28.08383 9.84922 17.15905 19.41394 35.00319 32.9793 33.40233 0.0 33.58997 0.0 33.07776 
1000.0 30.90091 32.82812 22.0546 0.0 8.48541 14.11751 15.30524 20.93262 10.23014 21.34914 23.30731 0.0 9.98646 10.14424 25.99341 27.73507 26.58559 25.23166 35.50372 0.03195 11.45128 12.61586 15.83261 14.10158 7.70948 10.31743 14.21958 7.45634 24.94882 8.85914 17.93614 33.13275 8.4152 15.16452 30.2701 34.99037 30.76719 17.66678 22.47836 29.83361 23.78946 23.74316 21.83045 17.47551 18.39667 18.96258 0.0 23.54274 0.0 24.02073 
1000.0 17.65032 15.99097 17.07371 0.0 9.73776 8.34843 19.14663 7.86146 19.6331 11.76065 19.54582 0.0 26.87658 21.77287 29.36054 11.65686 18.22337 26.23615 33.33571 0.03846 24.68492 19.18728 27.78049 21.09237 13.57266 23.46521 27.89155 14.85196 21.75659 19.58255 8.84692 12.00116 15.37294 16.99111 17.49315 12.9617 34.84507 12.24935 8.21165 17.99728 28.26278 22.21353 14.91834 26.68632 13.08605 13.80777 0.0 24.91304 0.0 10.95756 
1000.0 17.67957 20.60059 7.21887 0.0 15.91149 14.52298 28.73271 17.5274 26.45909 17.15949 13.43082 0.0 21.65763 15.56854 25.37791 27.38942 29.35388 35.60979 28.31976 0.02975 33.39491 30.93718 31.05711 14.24098 15.11222 32.56893 17.65975 22.65653 31.99425 14.42412 19.91007 10.49745 13.88039 22.99291 22.41403 17.92753 23.00328 7.22147 24.40503 33.50139 26.477 16.03547 21.7291 31.40637 19.36891 35.11886 0.0 10.30297 0.0 12.96712 
1000.0 23.45166 12.73903 10.86984 0.0 19.47788 34.14449 8.38248 23.07757 34.62962 28.75397 15.23427 0.0 34.71273 30.52335 17.25309 14.05542 26.22367 34.79085 18.57798 0.03207 20.78203 11.82786 28.78902 32.73913 33.82554 34.2881 30.04908 12.85967 25.80484 32.03244 28.60864 29.07142 26.98878 10.50856 7.88555 33.13211 16.54908 25.07094 25.2663 18.18258 9.68001 8.71433 24.76869 27.67583 25.93356 21.00316 0.0 23.79623 0.0 22.18347 
1000.0 32.28026 13.24549 32.01481 0.0 25.45342 31.85917 34.52484 15.83229 21.10717 17.42371 26.81753 0.0 26.85594 11.49761 33.77066 30.98431 12.17607 23.50125 16.29003 0.02448 22.17229 10.44892 10.71043 12.29665 27.84609 33.29461 34.22565 12.21727 30.89274 29.99301 18.28352 11.50343 24.1315 26.01989 21.52469 7.23847 33.63216 23.70323 19.87133 7.3819 15.55423 25.82124 21.29034 12.99987 26.67138 26.70734 0.0 28.21874 0.0 33.69977 
1000.0 16.71202 9.50406 22.85632 0.0 18.26885 14.49059 22.64432 33.51098 9.41088 31.1362 34.50023 0.0 34.31129 24.30514 8.15555 26.29879 25.43952 21.41174 29.23461 0.04029 10.21585 18.72699 24.92207 20.33482 28.6367 17.09224 15.88556 19.72775 24.45576 30.29877 28.26466 14.50476 13.55845 18.21386 7.81787 30.04767 17.2669 26.13735 24.02372 10.66185 33.73722 23.79534 15.11443 32.90731 11.15029 21.6118 0.0 20.44836 0.0 28.63642 
1000.0 26.7033 28.66278 21.16021 0.0 22.562 15.49247 23.61386 14.9439 29.60076 21.26132 34.33538 0.0 24.91019 21.70489 18.44221 10.00603 34.67046 25.68748 28.33203 0.02726 18.5215 30.75357 15.56997 17.83418 31.36968 20.51845 31.88986 33.36159 34.36039 23.51638 23.61869 30.47044 22.62179 16.13648 7.58217 12.81274 29.25868 26.77937 25.49516 11.16128 12.64748 19.84943 7.51802 34.84442 28.06512 24.11336 0.0 30.44358 0.0 31.33247 
1000.0 9.1329 10.39964 10.04849 0.0 10.9555 31.41058 18.31101 8.30664 29.60978 12.65538 25.89748 0.0 13.50442 9.97424 17.80147 7.48869 25.67922 32.2361 30.74611 0.03709 23.19938 23.07375 21.61795 34.25312 35.7319 21.96567 32.74021 30.48502 26.11316 35.48619 24.98741 26.28974 16.21567 9.72475 26.76809 7.75973 33.73238 33.77039 12.54246 21.50616 10.46562 10.7318 25.33994 22.59997 18.40504 33.85635 0.0 30.69997 0.0 30.03133 
1000.0 22.43817 31.60071 33.27762 0.0 34.16259 23.36607 27.00875 12.44759 21.66701 31.45334 16.35142 0.0 16.20033 14.20984 29.18815 33.02497 13.53818 34.80411 23.01753 0.02895 25.37761 26.34097 29.73538 24.42684 8.3812 29.8998 8.97495 10.53171 12.68784 21.9631 14.86665 23.45064 28.35342 12.79291 22.00643 20.73791 18.92696 15.349 9.45501 14.95735 9.18766 18.01813 16.08838 26.7922 10.49738 33.09446 0.0 13.27434 0.0 7.20259 
1000.0 31.30628 25.25175 12.98468 0.0 23.46947 35.69128 26.51736 17.90048 23.18592 8.50682 22.2283 0.0 8.66684 25.73889 19.28654 9.12545 32.97595 25.49439 16.29861 0.02166 34.53541 17.71055 12.88604 22.14107 28.18766 14.26766 35.67247 35.61479 18.02626 24.21959 18.82296 27.61198 16.71753 21.17532 21.17184 32.14279 17.25884 32.3672 24.46748 28.03223 35.5213 18.22605 20.83273 32.03317 34.28432 14.42187 0.0 16.06007 0.0 15.23603 
1000.0 31.47453 31.87993 27.74498 0.0 7.74185 28.86125 18.53144 21.08395 21.28044 28.23696 29.37424 0.0 28.46846 21.90092 17.41397 25.38817 8.76645 15.2146 23.2603 0.03764 8.19627 16.56308 25.23625 11.71846 14.67846 25.96669 10.27046 23.26413 24.90955 11.05401 34.36144 15.50916 30.98779 18.05385 18.84902 28.44012 14.39619 27.20599 31.90748 34.67225 32.31904 11.58789 28.5485 28.3239 7.99285 23.83747 0.0 12.10565 0.0 18.72311 
1000.0 18.12348 27.54894 29.11892 0.0 23.94863 18.82711 21.07459 32.22496 16.98123 34.50612 20.27218 0.0 32.08206 33.38589 7.75908 19.02827 35.40369 34.01686 27.59305 0.03491 32.39187 22.11283 26.50219 21.10802 24.43775 21.82024 27.84415 34.95902 27.41174 8.95214 11.80784 28.81752 21.63119 26.09318 23.17607 14.25364 32.6742 20.29343 15.12246 8.6303 19.83323 12.7007 14.45994 23.03757 18.0821 32.25983 0.0 28.48617 0.0 23.61552 
1000.0 35.09786 25.7748 35.57124 0.0 9.48955 26.00147 7.43519 17.82569 11.83534 16.94224 35.28266 0.0 34.25913 13.71046 33.015 10.21784 32.08937 14.19205 27.56056 0.02484 16.66153 9.13543 15.69074 11.14335 18.21044 19.93225 30.11246 27.00972 22.0698 14.83439 24.00214 13.96937 13.19974 7.4021 15.2019 34.02255 9.80178 34.5616 23.89713 34.5547 32.1106 9.08271 8.70426 9.70495 12.19713 15.85485 0.0 27.01117 0.0 11.53401 
1000.0 25.35414 13.54402 34.7289 0.0 8.93937 17.12968 21.31189 29.42094 23.91076 10.45859 26.47073 0.0 27.60882 16.25971 27.52077 29.26372 29.80922 8.64834 16.37301 0.04018 31.4256 25.10129 29.93157 23.81527 35.60937 26.50186 19.00165 10.84481 24.4265 11.41763 14.56682 34.20409 12.14913 13.28306 20.19065 10.95808 9.25098 17.57321 22.35795 26.27442 28.59696 26.38676 27.90612 12.79666 22.19396 14.66093 0.0 19.08295 0.0 20.02415 
1000.0 31.68182 31.7989 22.87126 0.0 29.87077 25.23027 21.30044 8.90014 31.77359 12.85785 34.68967 0.0 32.93777 33.82034 16.44267 24.68918 9.18038 25.10518 8.32819 0.03642 29.87164 30.86161 18.99045 31.15795 16.45287 31.00318 32.92858 26.24119 20.18587 8.18326 11.4492 9.30262 16.55932 33.54107 32.58712 33.88064 25.30787 17.31195 34.46751 16.21621 10.64274 27.04261 28.01046 23.75231 18.12419 11.89474 0.0 34.3545 0.0 26.13217 
1000.0 8.46886 22.9557 34.02786 0.0 23.86153 15.04497 7.15446 27.7023 14.85245 34.53014 22.42814 0.0 13.01498 20.01316 22.30889 19.1436 17.37502 13.25713 13.96267 0.01927 34.11151 10.8148 11.3889 26.5459 31.79829 18.29557 12.29845 12.54671 24.02813 15.99331 21.41534 10.66571 24.84802 25.24304 15.13464 22.8464 34.89655 11.01008 20.88543 17.8449 34.23639 24.85227 11.72751 31.93972 15.90281 22.96841 0.0 30.18032 0.0 21.01749 
1000.0 35.14883 26.46969 21.848 0.0 9.37525 16.40398 18.63952 19.0834 18.28151 31.70145 30.08158 0.0 15.83324 32.53504 23.89725 15.38057 26.18512 20.87573 14.59273 0.01218 11.28051 22.02693 19.97704 19.16091 31.74114 33.1594 24.44574 35.08546 23.6388 16.74759 24.07791 8.21485 22.45312 14.45092 31.63412 13.3882 33.59633 22.67065 27.42076 15.83036 14.95528 32.26108 34.25786 8.04542 34.16611 21.87408 0.0 11.10557 0.0 31.76328 
1000.0 10.79364 27.42823 17.30394 0.0 9.7555 26.46462 17.43445 22.05931 23.76222 17.70191 15.38057 0.0 7.30444 16.60724 12.32489 33.58054 9.31497 34.03389 28.02087 0.02798 10.34939 24.38692 32.15343 27.34643 27.64909 17.21626 33.48327 7.22511 25.33748 34.90862 28.38269 18.29912 34.85767 16.74071 28.60337 14.31513 23.10357 9.6542 17.82402 34.48416 21.64332 27.49001 16.83607 35.2594 34.06315 30.69665 0.0 10.94958 0.0 28.7395 
1000.0 13.758 30.48224 18.60465 0.0 13.89456 11.36436 18.05941 14.78779 23.42096 19.85654 34.92991 0.0 34.56255 10.60568 24.61134 23.97521 13.3485 8.65736 20.05497 0.01484 26.11621 17.02657 17.15292 15.11051 34.56825 24.36399 27.36473 8.61532 14.96029 28.44098 10.70281 17.71113 29.12601 25.0528 17.54143 27.91424 25.5609 19.82579 11.04523 35.16921 15.57406 30.01706 26.61649 9.01805 23.81224 19.8876 0.0 17.238 0.0 27.95552 
1000.0 25.76641 32.2036 21.5896 0.0 17.20849 26.74337 34.58791 21.87986 31.56639 11.52592 19.89621 0.0 20.6608 27.77568 24.13161 26.49648 8.19186 32.34561 11.18582 0.0352 13.57062 14.21531 19.53284 19.29866 13.07442 11.75948 13.86765 23.27018 16.91811 28.58156 28.59878 28.5688 30.46878 12.48242 10.08202 22.41632 14.4532 12.26346 12.56013 10.16911 7.55115 13.6981 27.97539 24.96839 26.05207 30.58565 0.0 21.01658 0.0 16.43056 
1000.0 9.28026 14.21383 17.48786 0.0 19.85306 34.12029 31.61491 7.32331 7.28417 9.47244 26.20659 0.0 29.34706 25.04893 7.80014 10.47048 21.32484 30.77168 13.57726 0.01756 7.89915 27.18102 11.7909 19.34274 28.1478 22.36453 24.40474 17.41909 23.32287 14.74617 21.64859 22.59791 9.63285 19.87591 20.2648 10.66624 13.88795 26.46903 32.77939 17.7078 22.12998 20.13185 33.72994 31.83115 30.5358 19.86127 0.0 19.1092 0.0 25.0864 
1000.0 8.7331 30.9221 27.89121 0.0 13.04424 12.64325 15.99549 19.43144 12.5273 29.31919 28.83 0.0 24.42684 7.2041 22.64647 17.49869 26.99826 32.10135 28.78873 0.0116 13.64188 21.28627 21.67305 15.14424 15.682 15.21126 8.12641 8.44523 22.00714 15.29299 15.6543 35.56339 9.50038 29.33566 31.62387 18.51988 28.87216 31.08179 20.70237 31.6308 13.10465 24.73842 16.43106 11.61162 28.94568 34.48174 0.0 10.62653 0.0 8.11778 
1000.0 26.56919 18.32657 16.07558 0.0 33.74173 13.97465 18.55841 19.30412 18.23924 10.314 29.58058 0.0 12.1524 9.64809 11.38254 30.14607 28.20785 11.51506 15.54546 0.0262 19.86894 16.65411 19.43189 29.20525 22.62981 27.06301 7.75575 33.51906 24.83216 14.18261 30.62414 29.73726 20.00607 35.16428 35.6359 32.12713 22.95268 27.99242 32.62003 24.14175 24.22932 21.09055 30.88999 34.57185 30.58702 29.92207 0.0 9.838 0.0 22.4175 
1000.0 0.0 0.0 0.0 25.53478 0.0 0.0 0.0 0.0 0.0 0.0 0.0 25.47992 0.0 0.0 0.0 0.0 0.0 0.0 0.0 0.0 0.0 0.0 0.0 0.0 0.0 0.0 0.0 0.0 0.0 0.0 0.0 0.0 0.0 0.0 0.0 0.0 0.0 0.0 0.0 0.0 0.0 0.0 0.0 0.0 0.0 0.0 9.38261 0.0 9.96801 0.0 
1000.0 12.18268 34.40132 32.95646 0.0 21.87114 31.85057 23.35901 21.84401 33.19207 31.54737 20.00298 0.0 21.65157 31.63275 16.31408 28.71945 31.65629 30.6949 31.77895 0.04049 26.07002 24.71303 22.15499 26.20027 27.13316 32.44329 33.34247 11.65361 30.15226 18.4319 9.86828 14.58174 35.60496 16.21825 29.94667 20.74899 21.32161 20.18146 18.74718 32.60952 29.26274 17.68127 30.69177 14.48483 26.81043 34.06669 0.0 32.11496 0.0 12.1652 
1000.0 0.0 0.0 0.0 21.20364 0.0 0.0 0.0 0.0 0.0 0.0 0.0 31.05249 0.0 0.0 0.0 0.0 0.0 0.0 0.0 0.0 0.0 0.0 0.0 0.0 0.0 0.0 0.0 0.0 0.0 0.0 0.0 0.0 0.0 0.0 0.0 0.0 0.0 0.0 0.0 0.0 0.0 0.0 0.0 0.0 0.0 0.0 13.24404 0.0 16.84757 0.0 
1000.0 34.82212 25.75025 29.88101 0.0 30.45848 10.89217 23.09207 32.03301 13.84725 27.90528 21.64045 0.0 17.53043 25.0657 15.9579 16.87113 14.56798 31.43694 31.6887 0.03435 34.03229 19.48739 25.23627 21.35936 18.63605 22.33181 10.91596 27.96295 12.25631 25.14634 27.92384 26.17824 34.8157 18.70036 14.73024 21.79819 13.85775 11.37102 15.1849 9.3294 15.16865 7.21062 9.7762 8.38173 17.62286 9.94502 0.0 17.01817 0.0 13.32077 
