1000.0 1000.0 1000.0 1000.0 1000.0 1000.0 1000.0 1000.0 1000.0 1000.0 1000.0 1000.0 1000.0 1000.0 1000.0 1000.0 1000.0 1000.0 1000.0 1000.0 1000.0 1000.0 1000.0 1000.0 1000.0 1000.0 1000.0 1000.0 1000.0 1000.0 1000.0 1000.0 1000.0 1000.0 1000.0 1000.0 1000.0 1000.0 1000.0 1000.0 1000.0 1000.0 1000.0 1000.0 1000.0 1000.0 1000.0 1000.0 1000.0 1000.0 1000.0 
1000.0 37.36837 43.5331 24.58624 0.0 10.26423 28.65441 43.42219 35.09003 47.09309 45.6397 35.10004 0.0 39.06534 21.25973 36.23599 40.35667 26.46454 30.52981 28.99011 0.01434 23.53447 35.92172 12.29156 29.8699 39.74583 30.62017 40.5289 44.89035 15.87284 46.23742 11.72216 28.33339 16.94468 11.15934 35.66584 47.49854 38.80031 45.25431 46.81952 21.6924 23.87972 18.1945 26.68425 19.58375 30.98779 39.01677 0.0 23.65909 0.0 13.45619 
1000.0 41.60304 33.38835 24.52144 0.0 32.93192 24.15246 39.03253 11.1127 35.08554 11.65698 45.79512 0.0 22.05633 34.22552 46.07806 26.12858 22.78471 47.88665 29.81649 0.01759 17.70682 26.40852 17.5467 20.36269 16.33214 38.97887 13.41431 41.43676 11.31401 14.71532 22.32652 20.2789 30.20541 31.15523 12.3472 10.05734 15.20427 10.5865 17.49179 26.27919 11.88516 44.69356 13.34812 43.45892 42.76758 27.58999 0.0 42.70405 0.0 15.75817 
1000.0 37.9011 25.2184 40.46557 0.0 46.4974 35.23313 25.4296 44.1886 27.74627 29.84388 12.68024 0.0 16.6139 33.53523 18.69749 28.64931 29.43854 36.98411 13.6427 0.02113 39.92299 14.58814 15.51462 23.80005 41.23329 17.07524 22.29623 32.23978 22.2773 26.88462 36.63258 34.38444 14.26158 32.10631 29.73291 36.99971 41.12656 35.26985 26.72712 31.89997 33.47769 47.35704 37.85977 44.19185 11.4155 46.58817 0.0 44.76862 0.0 17.84433 
1000.0 0.0 0.0 0.0 22.88823 0.0 0.0 0.0 0.0 0.0 0.0 0.0 32.27574 0.0 0.0 0.0 0.0 0.0 0.0 0.0 0.0 0.0 0.0 0.0 0.0 0.0 0.0 0.0 0.0 0.0 0.0 0.0 0.0 0.0 0.0 0.0 0.0 0.0 0.0 0.0 0.0 0.0 0.0 0.0 0.0 0.0 0.0 45.57807 0.0 11.83305 0.0 
1000.0 27.75114 20.33243 46.4825 0.0 31.32261 36.6852 23.11062 15.32063 23.70887 36.08317 41.40118 0.0 37.06482 17.94539 33.0758 40.43804 12.64473 10.71061 46.87992 0.04191 25.18371 27.37249 36.32522 14.24888 25.54807 17.84446 19.65729 31.05123 28.40698 42.44575 13.79085 38.1264 16.97857 39.8039 33.14491 40.81137 35.92975 32.83381 23.47152 34.10231 47.86277 34.42442 14.816 27.99901 10.98439 23.32126 0.0 21.92222 0.0 31.52525 
1000.0 20.30656 28.91535 15.0715 0.0 35.0213 18.5845 14.4534 24.01585 28.91362 22.00142 42.82064 0.0 15.95351 24.54132 46.89597 47.344 30.33845 42.18109 18.5637 0.0206 45.92097 35.8694 36.67559 21.73028 25.50529 25.37724 11.31246 41.49042 43.243 46.49678 39.38014 12.32767 12.03786 22.66536 46.87015 18.08563 17.03922 25.17003 20.05518 15.62173 15.75097 33.51087 11.48993 32.07003 37.78647 41.58017 0.0 19.99038 0.0 41.89166 
1000.0 17.91847 15.97649 23.31123 0.0 40.60544 47.96267 21.28831 39.11144 45.86809 13.26001 24.05203 0.0 47.0391 39.73129 38.16563 36.7994 31.36983 30.07892 29.44177 0.02494 40.41326 44.23779 28.21012 30.81224 21.96373 35.64027 25.14078 25.362 41.37955 23.03157 40.68501 15.22363 33.05775 31.43414 36.87778 9.9456 20.7504 37.40955 47.25447 35.50518 16.9355 9.77383 26.48517 26.43408 32.96485 17.87973 0.0 39.09716 0.0 29.17106 
1000.0 32.39518 12.77722 36.75348 0.0 15.82652 21.94944 43.59599 29.05594 43.62413 32.16496 10.67198 0.0 36.63353 42.73207 26.07112 42.8249 34.78695 47.57539 37.06901 0.03271 21.24464 22.2811 13.06162 24.77245 42.17439 26.71495 40.43226 28.35298 12.16163 23.68049 41.63313 36.03028 32.36475 40.53278 15.91551 36.57569 39.48889 38.01721 36.88337 22.82781 32.10478 19.04181 27.4424 12.24488 20.24587 21.95776 0.0 27.7605 0.0 34.05761 
1000.0 12.14808 42.59368 46.23854 0.0 44.9444 32.04441 40.90556 37.67384 34.67293 20.50979 11.36137 0.0 33.22722 18.34955 35.56775 36.44753 38.31868 44.31333 41.40524 0.03047 29.17051 33.07122 23.21563 12.8321 39.18205 17.41152 36.01042 17.03859 35.91572 18.46272 17.54176 13.52712 13.88898 12.68287 13.56581 44.33915 35.57711 35.81771 43.80724 29.00526 33.78428 9.62249 13.53445 33.48825 13.1689 44.58622 0.0 36.46965 0.0 16.41335 
1000.0 22.03887 11.18844 21.12125 0.0 13.05205 42.84855 44.58455 16.14941 10.13898 14.80894 35.32153 0.0 46.05636 32.10373 45.86074 13.97104 32.03302 46.84594 41.27277 0.01179 34.17486 32.51804 28.09081 47.73788 35.11915 28.79663 12.15317 44.31277 46.28482 13.54576 17.28374 28.55724 36.22007 29.95056 28.58702 30.59595 29.32215 19.57364 41.48152 44.06878 29.21427 43.49864 16.2821 15.51012 22.44829 47.12218 0.0 38.56493 0.0 44.43454 
1000.0 25.61409 25.43604 11.20945 0.0 47.83245 47.15959 15.44535 10.79739 29.03095 29.51573 25.56373 0.0 37.01869 32.83963 35.11584 19.27839 40.27731 27.20307 45.11691 0.01646 24.22267 22.31195 22.39912 42.13243 33.57836 9.97537 35.59896 26.60841 43.98482 40.11278 23.62418 14.38616 46.56461 26.91012 21.84616 44.75781 25.46455 17.9469 35.64625 26.28404 38.3535 47.73667 19.90531 23.97114 17.0727 24.87004 0.0 14.24446 0.0 29.5452 
1000.0 0.0 0.0 0.0 9.87288 0.0 0.0 0.0 0.0 0.0 0.0 0.0 37.2111 0.0 0.0 0.0 0.0 0.0 0.0 0.0 0.0 0.0 0.0 0.0 0.0 0.0 0.0 0.0 0.0 0.0 0.0 0.0 0.0 0.0 0.0 0.0 0.0 0.0 0.0 0.0 0.0 0.0 0.0 0.0 0.0 0.0 0.0 40.34282 0.0 27.49404 0.0 
1000.0 44.85378 41.58478 10.36584 0.0 12.33368 46.87924 24.30805 43.38931 44.11826 19.51804 40.72004 0.0 15.30677 36.58856 39.65007 19.94555 28.01935 40.44232 36.65139 0.02323 42.30189 27.79747 22.92784 25.05987 30.15512 37.28599 47.25566 39.38724 11.12424 22.32882 23.04546 34.968 33.73968 43.23127 30.91914 45.15068 17.17498 41.98696 34.12705 40.81649 43.4825 17.75781 32.0406 19.88451 42.34152 15.19418 0.0 36.92979 0.0 42.97763 
1000.0 39.13808 33.9045 23.01188 0.0 46.21902 34.85866 25.10922 15.01035 26.39231 37.70226 19.31888 0.0 44.38481 11.42918 34.21424 37.49161 35.25251 38.74846 32.66272 0.04761 38.60839 25.62725 24.34953 24.78735 35.59351 11.13837 11.31509 28.8144 12.26142 11.45071 21.37738 28.32126 10.65006 27.27887 38.7577 21.58378 46.5642 47.22817 19.19948 46.59063 21.16268 10.07559 25.72967 44.62091 41.77659 29.79273 0.0 10.24167 0.0 23.03353 
1000.0 46.37413 45.6327 44.04645 0.0 26.97385 16.93152 38.55197 18.15405 39.22648 26.40951 19.30526 0.0 24.56039 46.67362 17.57975 17.07088 40.79051 25.05968 36.79193 0.03204 46.72719 25.98661 9.64831 20.75504 41.96431 28.53398 47.04817 28.89207 42.18348 14.70627 41.15165 15.57453 47.86896 42.60104 45.42542 26.321 18.16919 17.87057 27.81107 29.89237 30.58561 47.40072 15.61678 30.44495 21.33342 31.46369 0.0 40.1177 0.0 29.21623 
1000.0 44.51427 10.43697 44.10048 0.0 29.57146 33.35984 43.57789 33.73792 18.58925 33.36514 12.63358 0.0 36.52493 25.4736 20.19244 9.80655 26.13073 15.65188 46.14079 0.01914 14.31711 14.58961 44.8778 21.31364 38.81036 10.28495 25.85971 32.5967 11.66641 15.23751 44.04563 38.19709 10.07851 44.725 17.45787 29.17853 16.91403 22.41279 16.44859 12.46624 9.99868 46.83594 37.10049 34.94025 34.26054 39.45148 0.0 18.91458 0.0 12.15406 
1000.0 43.25973 14.52271 18.34415 0.0 12.19752 42.23128 12.99334 12.31373 19.9259 23.79865 27.43998 0.0 39.96698 35.51698 45.5761 46.20367 14.81403 41.6555 46.06906 0.04775 36.75754 25.82689 32.81659 30.92488 31.27482 28.92594 37.36014 40.74445 34.14244 26.75268 42.04777 38.66654 46.8075 25.14086 25.68248 16.20288 32.06977 38.87761 37.27087 19.62903 40.59159 14.79862 35.96721 37.54743 16.49032 13.60553 0.0 37.91929 0.0 35.27293 
1000.0 43.71726 45.19236 32.90298 0.0 11.92588 13.34584 22.38472 44.02533 37.57515 10.92951 40.38439 0.0 28.61014 28.83626 29.51365 22.35353 43.91576 46.43856 12.0576 0.02682 28.75109 9.83184 11.20565 44.54707 47.09239 40.56697 26.44236 34.40666 34.63756 23.53475 30.26415 24.21722 29.96197 41.39308 32.99522 32.01966 31.70281 34.1076 21.73072 19.09924 20.66359 28.83019 47.8166 30.35588 37.87762 11.68037 0.0 35.9253 0.0 21.90122 
1000.0 42.3921 39.79118 9.73228 0.0 15.49916 35.87522 23.08711 25.52108 18.94609 19.99408 29.49794 0.0 37.18738 34.52286 30.09939 33.50916 26.65044 30.86576 16.14933 0.03207 25.08151 15.15208 33.48246 42.55629 16.88815 36.07249 16.17042 20.79292 21.55254 14.4279 18.28305 29.68462 29.46967 44.07665 22.98229 15.04922 41.07873 40.43023 47.22857 10.90678 13.34664 37.37042 19.35776 15.2176 28.22794 20.40058 0.0 34.55551 0.0 16.3169 
1000.0 0.1042 0.07586 0.10047 0.0 0.18617 0.15229 0.14766 0.10046 0.06196 0.05068 0.11395 0.0 0.09842 0.04028 0.19066 0.17544 0.04787 0.1252 0.19591 24.8198 0.14147 0.19073 0.19047 0.17852 0.07639 0.08524 0.06359 0.07882 0.17406 0.1847 0.19526 0.06634 0.06779 0.06 0.19237 0.14287 0.09221 0.10078 0.11939 0.07712 0.17342 0.09407 0.13104 0.14672 0.11956 0.13774 0.0 0.14319 0.0 0.09714 
1000.0 20.80216 30.09815 42.43127 0.0 18.65414 18.76333 34.04995 12.5295 40.95794 28.57906 10.59698 0.0 26.11028 12.54558 40.23532 43.46268 13.0743 21.02829 40.06995 0.04414 23.71464 28.65451 15.79122 13.39896 25.46004 33.61676 30.55072 44.20451 40.55891 38.31964 20.64755 43.16939 43.90161 28.20948 30.82592 20.30629 39.33858 21.0566 19.77158 17.27486 21.42681 27.35482 13.77554 12.08128 43.89135 32.89293 0.0 15.92553 0.0 26.74489 
1000.0 41.146 23.07605 14.69844 0.0 25.78485 32.23732 23.01576 38.00602 20.41596 47.97065 39.47539 0.0 16.36168 41.09875 46.85129 42.72448 19.6807 35.24468 15.15052 0.02196 37.40595 36.88267 22.87653 39.15487 44.83614 22.74772 30.50565 14.09892 32.65859 25.06213 33.11485 24.57034 31.09341 44.62474 36.28974 25.75498 12.32597 34.09749 14.34555 43.00736 27.07476 29.35259 21.14152 21.52661 36.41782 25.09516 0.0 17.37161 0.0 22.87082 
1000.0 39.8995 44.15389 18.81408 0.0 35.55915 26.03462 30.88578 19.20202 44.57902 43.94346 15.32681 0.0 40.79248 33.4269 33.74369 39.68085 46.32355 35.81559 12.98699 0.04031 17.54652 47.8011 37.51936 15.61141 31.19193 12.04363 12.33866 25.92341 28.05441 20.31434 15.31207 36.60621 46.65495 15.80767 43.83576 19.89465 38.01382 27.77083 32.82567 45.13187 33.77989 16.67663 22.09697 23.62276 25.57028 17.36022 0.0 39.68521 0.0 45.40571 
1000.0 32.58297 46.47815 19.19813 0.0 19.59831 47.2601 29.48085 28.00806 15.75688 11.69047 17.73564 0.0 32.39986 45.48244 31.12055 16.2855 41.2765 22.38011 21.81173 0.02924 11.37564 29.72712 33.49048 33.43209 41.19084 18.13749 40.67835 23.46396 45.3508 13.58906 30.0129 38.67987 17.23726 33.47619 10.00962 39.44143 26.96613 42.00717 37.9402 24.54508 25.45278 41.24071 45.71059 40.56232 25.2721 23.67462 0.0 46.10091 0.0 47.08192 
1000.0 18.07125 33.23181 22.1291 0.0 43.27144 45.51583 16.13799 35.58904 16.51054 11.79743 34.95592 0.0 26.87747 16.06574 28.35842 45.90559 11.40697 42.23745 19.10384 0.04099 30.74363 46.24141 29.13377 40.93857 21.98059 17.04787 20.75934 47.73759 28.68389 22.46471 36.51233 25.65763 38.64133 35.06517 33.19565 32.33118 17.61193 10.70197 21.4814 43.785 14.80563 38.41811 24.48333 43.27052 38.1641 24.39148 0.0 15.14459 0.0 40.32369 
1000.0 21.02552 28.98923 12.38672 0.0 26.42913 30.35725 38.16099 21.87215 15.55113 43.67677 34.09862 0.0 18.7087 38.46785 23.57698 44.25292 21.57207 16.00526 16.2738 0.04612 20.81846 32.14829 28.00436 45.05221 33.63887 9.9915 26.83941 21.10397 31.73524 35.91553 33.99454 12.42232 33.80926 13.10677 15.89126 16.76773 21.90781 26.82971 31.26632 17.70676 24.41205 19.8148 23.30671 35.74532 25.34512 43.20206 0.0 16.1682 0.0 36.07079 
1000.0 16.77654 41.62237 26.26131 0.0 44.64147 38.82337 24.73713 31.60879 45.93205 43.34203 34.86048 0.0 12.88564 47.71558 45.04168 41.55355 10.1045 42.23994 47.43392 0.03303 22.45197 41.78466 46.2176 37.65511 14.45852 17.67226 42.4785 33.13072 19.75743 27.73753 18.83521 19.90879 39.29863 30.50493 29.88226 46.09751 46.48738 33.89452 42.31796 43.72761 24.58838 42.58735 46.53627 42.25494 41.3852 33.11491 0.0 25.5395 0.0 41.84707 
1000.0 38.95869 39.02619 12.31367 0.0 36.45272 32.40092 15.22429 18.19031 44.18288 43.77085 25.11507 0.0 27.40654 35.83607 45.35969 28.19882 15.95582 21.64449 32.52233 0.04703 29.24079 32.56923 34.54783 23.65764 24.45649 9.92386 25.47621 44.24081 44.17482 23.52474 40.66798 32.40143 28.38819 44.72135 22.0587 33.22811 18.8174 23.30707 22.72089 38.38764 19.79548 44.06096 36.64429 15.77651 44.75355 46.01534 0.0 31.1492 0.0 22.03358 
1000.0 11.522 44.87279 34.6358 0.0 17.97178 33.16589 45.97194 21.91522 23.83483 23.63614 26.12709 0.0 25.87274 15.70466 15.93299 42.61516 17.47369 37.9461 40.57663 0.03116 31.35298 47.66052 36.44972 24.27303 11.25015 21.74603 19.3167 14.2303 19.16202 9.83625 39.45446 21.84859 23.3657 27.62285 14.6472 27.13226 30.31817 47.1409 30.44256 35.92548 11.89632 33.82371 16.88705 37.64677 26.8783 25.95119 0.0 29.22172 0.0 17.18493 
1000.0 21.08969 31.24631 35.74118 0.0 31.98938 17.34618 31.07766 44.46053 21.39767 47.67603 46.78331 0.0 38.89669 21.56772 25.93317 37.84962 42.99779 19.3899 31.31321 0.04597 26.5599 23.14267 17.56426 23.8684 36.8283 25.28123 40.7233 33.02439 18.80137 29.12834 32.99522 34.18509 12.29745 12.54508 27.44047 32.64208 20.8282 31.03898 41.37537 33.83894 38.75571 28.97544 10.6026 34.96768 9.70812 21.85253 0.0 45.11459 0.0 35.9575 
1000.0 13.5629 39.42417 32.36923 0.0 11.33238 31.59223 41.61719 26.83097 19.04271 9.87985 28.14036 0.0 43.32662 30.45517 36.95721 10.35464 38.28998 40.03368 11.501 0.04824 24.92862 38.58392 32.44632 32.36032 24.77202 38.01816 12.90225 34.03948 21.97885 20.98937 26.15678 15.96923 17.63607 28.12828 31.44899 46.79747 46.56963 26.87723 33.36958 31.21324 20.16498 39.1533 37.80902 40.47315 39.16886 34.57177 0.0 39.0655 0.0 15.83564 
1000.0 30.52823 34.97969 44.96839 0.0 43.18344 45.50209 11.45293 46.57491 10.72936 25.83123 26.46434 0.0 18.82673 15.00381 18.13036 24.23611 19.09312 12.25892 29.0434 0.01633 19.71173 46.78899 17.42687 17.30551 32.5856 44.704 46.6185 13.32025 32.85929 46.80397 16.19964 38.45038 18.90832 18.90933 35.24525 40.76812 22.17876 29.63896 36.80862 23.41353 17.39752 30.29959 14.09261 19.12069 34.02626 37.50946 0.0 26.60717 0.0 38.43681 
1000.0 20.3792 24.69562 44.6926 0.0 29.03322 33.32644 23.06884 18.77451 46.06127 47.90862 46.49492 0.0 33.91483 21.52727 37.14585 45.03443 45.54598 17.22368 27.76567 0.04294 47.84564 12.15253 18.29256 37.5652 10.19528 10.18265 23.03286 22.90124 29.03321 11.15214 29.41506 10.78746 38.45503 16.63592 9.89566 39.68516 11.46093 16.30546 42.05984 11.21233 44.06018 18.85041 46.67222 10.02859 43.83757 35.09391 0.0 37.30327 0.0 26.64952 
1000.0 43.64252 31.63376 24.32569 0.0 37.63677 17.71546 38.50507 31.33835 45.03671 31.42512 45.06917 0.0 32.33421 37.05166 15.35775 26.11746 24.91967 25.01237 28.87768 0.02555 12.79545 41.40516 20.01042 31.54529 16.12075 29.76423 27.56326 34.36704 24.99561 21.80372 39.3071 14.99343 45.71145 34.43424 34.0998 12.01787 33.48512 31.94956 32.43112 11.04405 34.97174 10.4022 30.69477 27.97343 18.98615 13.92255 0.0 12.12428 0.0 34.61648 
1000.0 35.16985 21.41596 22.81522 0.0 44.49467 38.02616 12.64988 33.59636 26.48185 29.43478 46.10182 0.0 25.56719 39.77237 45.70357 23.74117 39.94623 43.41655 45.32677 0.04831 20.94923 24.95705 27.95993 35.58051 17.42816 34.23487 45.79416 42.39689 37.23017 19.99983 35.41071 29.29166 17.44324 26.16278 41.70528 20.85421 30.14523 43.37836 42.28362 26.98914 18.74251 45.19586 28.8309 15.52197 33.1053 38.88582 0.0 17.26034 0.0 16.98686 
1000.0 34.28679 22.61569 43.6245 0.0 18.41589 16.43289 44.7634 35.43184 20.90202 11.31866 11.39931 0.0 36.92756 19.60328 18.6962 17.36199 22.26218 36.29512 47.67246 0.03026 33.61037 46.06228 34.40801 32.55877 27.64192 31.35112 10.68174 29.0106 23.66658 14.37545 29.44313 11.84737 31.58791 24.10518 38.81333 35.08246 19.83943 17.11522 24.6503 40.07301 15.08649 44.49804 13.4023 40.90715 36.10747 16.07502 0.0 19.02063 0.0 13.89145 
1000.0 47.46904 30.0984 26.14449 0.0 13.69517 18.58373 34.6172 11.0701 31.58422 24.63662 13.63888 0.0 45.13293 37.07648 41.93588 32.72118 19.835 34.11663 37.4991 0.01759 42.29766 28.27441 23.03911 38.78481 47.28553 16.69004 37.34915 13.37052 46.78423 28.03901 11.556 15.51157 12.63844 13.09039 47.16651 43.71006 47.09932 30.874 19.21189 37.92916 20.45966 45.82357 18.4715 35.27678 38.39941 28.45283 0.0 44.7837 0.0 39.95344 
1000.0 47.96871 34.75989 12.16625 0.0 18.17143 33.78012 47.00394 47.72901 24.1259 18.97488 15.24977 0.0 32.94846 29.59416 29.35872 45.79497 18.85925 23.7503 32.39562 0.03071 44.52431 23.3681 22.5981 31.12823 36.70975 41.84974 30.76318 45.12144 10.15493 11.60449 43.08966 13.09889 15.133 42.63791 40.87739 20.17676 32.92055 39.24637 15.17368 17.04758 42.75923 33.71019 25.32218 13.94472 25.46118 30.61883 0.0 15.17013 0.0 38.72891 
1000.0 18.47778 20.59488 27.46871 0.0 44.03905 24.00039 34.48948 15.87985 18.73223 47.02593 24.02008 0.0 36.84134 44.5795 17.00308 22.10119 47.73765 20.30108 26.26757 0.03159 31.97915 10.59837 31.57104 16.3959 24.54719 16.50185 16.09257 46.15612 40.02684 42.56514 39.8152 10.40498 27.36785 23.71337 21.69898 14.20457 20.49278 38.61085 22.0363 11.7304 21.30565 14.22314 29.47247 30.72771 45.63221 41.8576 0.0 25.80877 0.0 36.15404 
1000.0 20.62615 10.32489 34.78537 0.0 24.31945 37.63636 47.23189 18.62275 36.18911 15.39849 34.02759 0.0 27.40518 28.74433 29.88892 29.98542 29.73036 20.53312 32.57169 0.02148 14.5805 43.91209 20.25267 25.89358 27.65791 19.41046 25.07759 44.05585 41.52138 13.99278 41.99668 22.13984 38.11964 34.78969 21.07908 13.27375 39.34055 40.29311 27.39076 43.54812 27.16717 37.60271 25.04814 19.22078 16.39681 35.21773 0.0 22.54143 0.0 34.44796 
1000.0 44.42595 34.75975 34.63276 0.0 16.21891 17.36435 36.55083 36.00011 37.56737 24.31569 30.32941 0.0 15.61179 16.94927 10.89442 31.59242 21.9327 42.78272 14.25276 0.01525 29.79197 26.89217 43.97156 23.66565 40.01772 42.6061 25.3264 15.41431 39.56556 23.15052 14.51227 18.49302 12.13835 33.91554 47.27553 29.48477 42.5583 38.9961 33.63706 17.7842 42.14492 20.6657 36.30385 21.7728 27.22969 30.56989 0.0 47.32519 0.0 42.83345 
1000.0 13.50616 15.68618 46.60207 0.0 29.4516 36.2446 27.91701 38.06527 29.89639 21.51751 26.1818 0.0 46.44705 18.81217 21.99821 30.26939 15.04247 13.94785 47.41341 0.01643 10.7922 32.90896 38.31143 14.50012 25.05782 12.386 24.87879 11.57859 33.27597 33.18125 18.71943 35.49321 36.81935 30.34138 18.30196 13.76085 14.974 45.41712 44.30998 16.30916 10.36118 19.21328 34.608 30.00589 16.63422 31.19565 0.0 42.17439 0.0 45.10323 
1000.0 17.69908 32.49168 43.706 0.0 37.02048 36.35619 10.50098 29.74835 37.92314 38.61632 11.62424 0.0 32.66158 48.01251 44.83063 28.77098 29.27931 21.60107 12.6939 0.02532 13.94888 11.76245 31.47427 25.42708 42.14138 19.98624 34.09523 16.55097 27.09089 28.47277 22.20096 25.07355 15.24376 32.9186 33.02578 20.79829 47.61985 45.99892 12.49666 46.81525 27.3351 44.66252 10.7777 34.02098 27.62274 37.50975 0.0 32.87733 0.0 20.9034 
1000.0 12.55926 46.35331 29.65697 0.0 32.67006 40.43856 20.25981 15.72509 27.92867 43.92799 37.24911 0.0 21.49363 16.77381 15.88321 10.30754 16.14727 15.85169 37.87805 0.03941 27.67587 42.01807 26.34147 13.74805 11.25965 27.58466 42.09107 19.77819 29.14416 34.36503 14.61163 26.13223 32.81634 11.81523 15.97068 42.54339 42.46621 25.90607 23.37707 36.30729 31.56321 47.03757 34.88266 37.78961 27.04297 36.55368 0.0 43.45024 0.0 19.45659 
1000.0 11.83424 18.70093 10.95614 0.0 27.24571 26.6517 33.68487 25.24233 42.58153 11.75687 40.27927 0.0 41.42265 47.24057 24.38297 21.2279 28.79284 39.39847 28.9444 0.01895 13.79412 21.61037 45.72457 38.76971 45.96453 26.72491 18.85873 21.94544 38.80116 19.6619 24.2719 16.75952 28.30006 28.95902 36.51395 15.47099 11.28319 15.77666 46.4178 42.9223 15.23376 42.93654 39.9235 12.7313 29.96793 44.76296 0.0 28.80181 0.0 12.95272 
1000.0 36.4243 24.75251 32.24808 0.0 38.4783 41.30991 28.50309 17.96895 42.19969 24.55163 12.78625 0.0 31.10458 45.24733 32.1593 16.19877 26.46384 28.57491 23.67942 0.0325 16.33345 15.81871 26.75229 28.35446 10.22662 16.09791 25.46312 16.04474 28.40752 29.09083 27.72146 11.25695 27.15623 33.52184 23.63012 42.64264 45.89888 31.22761 10.07762 19.44343 31.84089 26.60189 39.84455 18.33228 46.93686 41.43858 0.0 27.49181 0.0 36.02765 
1000.0 0.0 0.0 0.0 37.59259 0.0 0.0 0.0 0.0 0.0 0.0 0.0 19.885 0.0 0.0 0.0 0.0 0.0 0.0 0.0 0.0 0.0 0.0 0.0 0.0 0.0 0.0 0.0 0.0 0.0 0.0 0.0 0.0 0.0 0.0 0.0 0.0 0.0 0.0 0.0 0.0 0.0 0.0 0.0 0.0 0.0 0.0 28.56915 0.0 26.82005 0.0 
1000.0 38.12387 39.5219 25.85791 0.0 14.59772 28.04147 43.06849 32.90266 15.52614 32.52109 21.09622 0.0 42.29422 18.86497 31.22493 37.85145 36.92804 24.05434 46.03275 0.0404 42.70927 27.90153 19.98866 33.01383 25.21611 31.60854 26.5189 34.66023 42.86066 48.01735 45.55549 15.28819 20.05605 36.61976 29.26004 24.50218 46.99797 36.27468 22.6421 10.0687 22.73158 24.73515 14.89082 22.95917 46.76302 42.15672 0.0 16.89911 0.0 39.4125 
1000.0 0.0 0.0 0.0 11.99559 0.0 0.0 0.0 0.0 0.0 0.0 0.0 29.51418 0.0 0.0 0.0 0.0 0.0 0.0 0.0 0.0 0.0 0.0 0.0 0.0 0.0 0.0 0.0 0.0 0.0 0.0 0.0 0.0 0.0 0.0 0.0 0.0 0.0 0.0 0.0 0.0 0.0 0.0 0.0 0.0 0.0 0.0 30.14138 0.0 10.29587 0.0 
1000.0 27.51099 10.48433 23.30474 0.0 33.62256 28.42868 24.16956 27.51102 41.39885 12.56251 20.64681 0.0 20.8567 28.29734 47.44687 34.94423 24.10123 21.65417 29.76718 0.03979 44.9713 39.1774 39.64116 26.96965 19.85453 12.99919 41.73257 36.53003 39.72138 26.31906 11.3506 28.24154 20.77175 20.03867 9.6182 26.70627 43.7325 36.26995 16.02163 33.24249 10.27222 41.00374 27.17104 45.55616 24.57918 21.97265 0.0 26.58837 0.0 14.8847 
