1000.0 1000.0 1000.0 1000.0 1000.0 1000.0 1000.0 1000.0 1000.0 1000.0 1000.0 1000.0 1000.0 1000.0 1000.0 1000.0 1000.0 1000.0 1000.0 1000.0 1000.0 1000.0 1000.0 1000.0 1000.0 1000.0 1000.0 1000.0 1000.0 1000.0 1000.0 1000.0 1000.0 1000.0 1000.0 1000.0 1000.0 1000.0 1000.0 1000.0 1000.0 1000.0 1000.0 1000.0 1000.0 1000.0 1000.0 1000.0 1000.0 1000.0 1000.0 
1000.0 26.48529 36.59234 21.36942 0.0 18.43357 35.81048 13.23469 19.06365 27.74856 26.72983 9.35147 0.0 24.91653 23.72529 27.39058 19.83102 26.9276 37.04344 9.21352 0.03643 20.64545 38.57089 27.11564 41.58349 10.48199 16.79867 23.44054 24.60867 30.18322 38.17736 37.04843 11.08372 31.28986 18.89509 20.97412 18.01154 21.55535 24.79585 31.20665 34.16183 40.06411 39.79218 30.66904 41.72134 18.14882 36.87079 0.0 22.84544 0.0 17.79744 
1000.0 36.5971 20.57614 14.46542 0.0 17.51614 35.44966 41.71435 9.73147 41.90438 14.04684 18.47895 0.0 42.08762 19.93986 35.90734 12.42708 30.57044 23.00927 41.502 0.03749 13.30119 12.74203 22.27218 29.35133 42.99335 20.60302 23.87026 15.65898 16.71184 36.7999 24.34223 13.98398 23.18905 16.56223 39.28659 21.02386 36.25635 39.89749 39.2741 35.42502 38.71767 9.01764 41.00868 26.29949 26.34786 19.20043 0.0 20.45168 0.0 13.08816 
1000.0 38.71427 30.17619 24.73457 0.0 28.50884 23.42673 35.66537 29.53266 15.16214 24.14142 37.12187 0.0 9.91262 20.35796 17.30002 23.41312 16.61261 42.79073 20.29241 0.02095 38.37902 30.3697 15.54974 11.08894 33.73774 19.24036 37.59574 13.51412 38.09695 18.31807 16.32515 42.79609 39.04577 24.17757 13.3776 15.63688 42.59331 29.98333 33.23717 11.18579 37.00803 37.13395 10.33472 9.80264 39.75935 34.37856 0.0 34.59504 0.0 23.31004 
1000.0 0.0 0.0 0.0 15.54066 0.0 0.0 0.0 0.0 0.0 0.0 0.0 9.01228 0.0 0.0 0.0 0.0 0.0 0.0 0.0 0.0 0.0 0.0 0.0 0.0 0.0 0.0 0.0 0.0 0.0 0.0 0.0 0.0 0.0 0.0 0.0 0.0 0.0 0.0 0.0 0.0 0.0 0.0 0.0 0.0 0.0 0.0 39.94325 0.0 21.81804 0.0 
1000.0 39.8169 40.75869 13.58946 0.0 8.95644 34.20852 29.5352 33.16192 31.85435 35.3037 42.72405 0.0 28.15847 14.87786 14.45922 21.07408 37.24785 18.08668 29.12531 0.01453 16.36055 11.98007 28.29829 15.86509 30.62586 33.11646 8.76826 32.9604 28.73315 30.82298 24.5718 9.16822 39.77489 35.55544 27.11681 23.40774 9.39132 10.56368 15.29944 31.18279 11.48947 29.84711 17.12612 25.38068 33.80701 25.70426 0.0 36.06836 0.0 36.91658 
1000.0 31.70994 25.1374 22.96435 0.0 30.31696 23.31334 10.21864 28.4367 39.066 32.27211 31.45933 0.0 40.9805 31.55132 9.70156 26.90833 26.77567 32.43618 39.07001 0.02929 17.8394 24.75484 35.50473 18.2414 9.17893 21.62793 16.53844 22.19147 12.06561 12.61879 12.68937 38.36372 32.2242 19.18886 41.40371 31.79666 11.93597 11.16879 41.66044 16.21823 15.59101 13.42674 31.82447 39.12112 31.53645 23.29882 0.0 15.27303 0.0 14.67921 
1000.0 24.24687 37.31156 18.21157 0.0 13.0784 16.1602 36.70063 9.67071 38.39159 25.21939 10.32329 0.0 18.83578 42.58467 37.60565 42.98671 41.02038 20.75269 30.28516 0.02691 21.95825 37.63852 21.64213 13.59217 15.38688 26.97935 36.87052 37.71426 40.77724 11.48198 18.02181 19.78478 39.346 12.63725 41.74297 20.45951 42.64051 34.30057 26.68963 13.16049 20.37643 37.9698 18.83244 17.48173 12.93808 38.82402 0.0 9.34773 0.0 20.95359 
1000.0 23.51298 24.10253 36.42424 0.0 27.56236 11.23278 42.44635 37.86895 35.57107 9.54903 19.29059 0.0 15.4812 24.95842 15.1763 25.00239 40.08391 10.71007 26.60258 0.02846 10.99859 36.73674 22.89654 40.4486 40.44884 24.86922 39.12823 24.47282 30.28372 14.18451 34.09287 16.62848 17.90133 41.60812 21.58002 20.9685 12.44433 11.07379 38.23531 35.95261 12.36208 15.87737 25.4247 33.11329 29.92162 37.91708 0.0 30.83515 0.0 23.44432 
1000.0 35.9645 41.82873 17.80981 0.0 38.67463 36.85474 29.02093 11.09897 23.32994 17.11679 27.24089 0.0 32.77714 21.65743 16.36058 40.83922 41.18922 26.49689 9.85632 0.02308 11.39807 12.93172 32.54379 35.40739 22.40682 30.01877 15.1905 40.76071 41.45872 42.1483 39.93098 11.82716 36.32702 18.493 30.79567 38.32769 42.90065 35.74658 14.22545 38.20623 27.8226 12.41904 38.76395 41.75629 13.20603 16.38773 0.0 28.86321 0.0 27.28008 
1000.0 22.08634 20.50421 24.46677 0.0 35.46362 23.53757 41.71609 26.20381 33.28164 38.60199 26.35103 0.0 29.23631 31.44637 28.52579 26.10892 10.09599 38.62937 23.05284 0.02591 16.49116 37.71244 19.64933 39.30756 25.61423 23.60504 31.35182 42.5559 9.50393 11.21936 20.5547 23.79807 32.11718 15.44863 41.57624 15.98245 39.21905 35.98489 33.63288 37.27641 42.2996 24.13305 11.29552 28.09013 17.30977 15.19202 0.0 27.38959 0.0 35.76464 
1000.0 26.50382 29.60219 31.33416 0.0 26.64278 34.29768 39.27119 10.04513 14.55543 12.48381 11.64807 0.0 9.51485 29.55503 37.57348 27.16176 21.58127 42.28857 23.19431 0.03288 23.60224 31.40221 15.23904 17.05879 8.99765 32.92859 27.89943 42.71183 29.48135 14.73867 41.71992 24.06665 36.07349 33.28989 41.7679 19.48414 9.31064 26.41209 19.27528 11.64376 18.71106 40.08691 21.21883 25.44642 42.58342 16.27954 0.0 28.14982 0.0 20.85842 
1000.0 0.0 0.0 0.0 35.08674 0.0 0.0 0.0 0.0 0.0 0.0 0.0 25.68723 0.0 0.0 0.0 0.0 0.0 0.0 0.0 0.0 0.0 0.0 0.0 0.0 0.0 0.0 0.0 0.0 0.0 0.0 0.0 0.0 0.0 0.0 0.0 0.0 0.0 0.0 0.0 0.0 0.0 0.0 0.0 0.0 0.0 0.0 40.95894 0.0 16.69578 0.0 
1000.0 30.49884 15.20599 13.44748 0.0 15.49748 38.83849 22.96592 24.72892 36.92401 28.31575 29.52133 0.0 10.2998 39.48258 11.14967 22.81517 36.41989 30.43644 30.22136 0.04608 32.05256 40.86737 37.37626 15.41102 38.61035 28.72339 35.08856 11.59263 42.81119 36.33467 32.63538 11.0311 38.85472 9.59411 33.61971 17.58927 8.87241 30.1251 42.80356 16.46103 12.59259 25.07751 29.82205 12.07054 42.95366 38.67264 0.0 20.93087 0.0 23.30824 
1000.0 42.52291 38.13128 19.74883 0.0 19.95974 42.5003 9.30039 30.09207 36.2677 20.27741 40.96623 0.0 35.78707 42.81684 41.8272 20.8469 39.36856 12.47574 35.63161 0.01498 34.8628 27.21067 16.40938 36.20227 33.46909 10.6052 34.04282 40.14649 33.88048 37.42934 11.72222 35.77894 20.96282 38.38943 31.00275 12.53002 14.71921 27.16727 35.3838 29.51922 27.09838 20.08446 8.93647 14.69368 34.02621 28.48127 0.0 8.83892 0.0 15.82603 
1000.0 13.76554 23.87544 22.16566 0.0 15.25902 10.17035 39.37802 19.79644 28.50172 11.82243 40.58592 0.0 22.8342 42.64866 28.66184 22.87754 32.60504 10.99401 26.6321 0.02137 28.85746 32.24395 16.43979 31.02574 36.87087 30.51214 43.00616 26.22843 36.04232 18.62083 32.41917 40.17031 41.79177 10.57252 42.79568 29.81144 32.42924 28.07302 12.6177 19.06978 25.92931 36.71787 14.36974 10.97386 12.21538 15.08174 0.0 13.952 0.0 13.02364 
1000.0 23.18298 15.79036 41.9807 0.0 33.79852 10.43003 14.31979 35.55917 10.02642 29.09454 28.76332 0.0 38.33 11.70403 27.01432 12.77306 19.57678 19.01803 34.67159 0.04254 33.68569 14.90213 16.36146 40.33507 29.297 17.63834 29.0601 37.2375 38.04129 24.18459 21.2339 8.93446 27.87664 19.1102 37.41465 38.43882 16.47138 39.57667 24.98489 32.93378 26.67135 33.2878 28.81071 36.59586 26.51396 21.43108 0.0 20.56242 0.0 35.7272 
1000.0 39.1562 10.38547 42.74679 0.0 13.0642 23.99496 38.79105 10.14008 39.64668 26.3398 36.60471 0.0 36.94968 26.54784 30.15199 22.49264 33.56927 14.01693 35.4157 0.01408 21.7867 22.46222 40.55986 22.69465 36.04532 10.54401 25.69235 33.80986 13.46169 14.52827 37.45251 10.98225 31.58028 29.73015 29.3402 38.92211 40.29239 17.70628 38.91096 31.52061 14.42947 29.96824 20.19387 14.53459 42.36946 9.71715 0.0 27.26529 0.0 18.11521 
1000.0 32.50774 8.84081 26.33677 0.0 15.29246 23.86153 23.22353 38.27939 13.77915 36.85587 41.209 0.0 17.18074 9.69144 9.27854 23.04779 14.19284 10.06503 38.99731 0.00973 19.43027 42.51007 28.49454 28.50093 21.57608 40.08422 40.88284 20.74281 25.47705 30.89835 28.10831 15.45381 20.84031 26.98826 16.6994 22.94649 26.62585 41.40014 15.93262 17.73965 28.34157 16.11155 37.01756 24.80468 42.85442 36.58023 0.0 13.25357 0.0 22.09358 
1000.0 28.96833 39.30045 26.1746 0.0 29.57317 28.07072 19.28809 41.51627 32.5748 9.86026 10.80716 0.0 34.89454 34.62293 27.20164 33.15887 31.63257 32.7883 31.96616 0.02891 42.05409 30.70957 26.02572 39.18096 15.70458 28.54365 11.60827 27.53966 40.03702 32.22755 10.34171 28.82181 11.34665 37.71189 16.09686 38.84299 20.28872 27.15162 28.21299 32.20362 28.1603 14.17655 27.26131 8.84416 35.1929 13.77363 0.0 25.10489 0.0 23.47063 
1000.0 0.13567 0.15361 0.18476 0.0 0.11152 0.04686 0.14149 0.16969 0.07768 0.11643 0.10751 0.0 0.13847 0.13585 0.0985 0.18398 0.18417 0.18268 0.04175 10.61155 0.18364 0.13557 0.11033 0.14503 0.08811 0.14773 0.08609 0.07764 0.09282 0.17747 0.09407 0.16463 0.05064 0.17528 0.17441 0.07885 0.18162 0.13664 0.05869 0.04449 0.15439 0.11073 0.15234 0.17246 0.14168 0.0498 0.0 0.1119 0.0 0.04852 
1000.0 38.37239 40.02185 12.33271 0.0 29.76806 18.55793 24.52197 16.01535 19.47479 26.08508 13.34322 0.0 21.20396 39.53344 24.94942 37.02898 39.66813 12.53182 33.70722 0.0341 20.79584 40.75083 25.64878 32.20702 16.48757 39.91044 30.25323 20.26331 32.3023 28.66276 9.44038 16.71241 24.80047 38.40098 32.93314 14.94831 42.9996 42.64712 27.05502 13.90939 40.78107 16.78446 17.77242 39.09149 27.99076 21.03908 0.0 39.63345 0.0 11.38535 
1000.0 20.61518 16.48693 28.52661 0.0 42.46548 19.68823 36.48571 31.87505 22.94542 16.04587 40.69391 0.0 23.31835 11.56366 21.90605 18.17925 35.7763 32.5554 34.07123 0.02099 39.0211 27.59918 17.9705 19.52085 18.61634 26.24879 40.9443 13.92289 33.7915 22.2589 35.70552 14.1279 11.62651 9.32358 33.46417 32.89159 42.03476 13.89116 41.79481 15.91655 25.35842 20.68647 25.80483 25.73741 30.20462 9.76288 0.0 39.58122 0.0 21.14961 
1000.0 39.57592 25.6993 39.24551 0.0 29.28031 41.59065 25.72 31.11648 18.62266 9.94831 15.94244 0.0 36.04263 37.31151 29.91298 36.28366 24.54041 42.95729 26.249 0.04156 22.85206 21.59853 20.27927 18.53411 19.30465 20.76793 24.93448 16.79284 36.24639 41.14736 34.02598 24.27774 19.58519 40.97467 21.35674 11.36586 35.39804 16.8632 11.73872 10.97789 11.75307 10.75737 40.01618 29.13922 37.00534 29.64079 0.0 28.37716 0.0 27.47279 
1000.0 11.3131 28.91752 40.47956 0.0 36.05126 10.32778 32.43682 11.97965 28.44326 9.32645 39.38436 0.0 29.07065 15.27197 20.45214 27.9921 23.29738 8.64096 38.1645 0.04341 31.3525 16.32393 18.7883 13.53831 24.75744 35.07088 24.23683 15.26815 23.62114 16.82907 39.39475 15.08036 35.03845 34.30091 43.07017 41.44088 21.1266 33.34385 12.7987 29.56039 37.37979 42.98085 11.66776 30.78976 15.72631 25.94617 0.0 34.50602 0.0 29.82892 
1000.0 37.72983 42.09185 38.87479 0.0 14.03768 29.02951 20.45525 30.02351 8.79228 26.85171 8.65148 0.0 19.30091 41.19174 26.79585 26.82874 14.77299 8.83481 29.01116 0.03862 32.92039 28.35398 12.14622 41.25251 20.37516 13.39499 28.71818 31.2925 23.7383 9.94365 38.53176 29.84101 13.26411 41.21253 13.68247 24.49335 11.2903 11.45824 14.07102 39.53982 35.33376 24.03859 12.70715 33.47113 37.35526 17.01085 0.0 41.53326 0.0 15.85684 
1000.0 33.54759 30.0388 17.84323 0.0 17.14333 10.95099 33.30403 21.65107 15.29769 27.62015 17.31138 0.0 14.90646 25.65424 25.35648 20.91415 21.89327 24.56076 15.30708 0.04598 39.29438 19.21646 27.84483 16.98025 13.56722 28.76815 25.71491 31.12809 31.54199 9.8361 26.72739 34.93204 25.71042 21.83956 40.72967 21.77775 39.81141 17.99639 34.85933 19.17623 16.86061 14.86885 34.86173 39.41997 9.97041 19.24146 0.0 11.31954 0.0 26.93502 
1000.0 11.70316 38.27567 11.41741 0.0 11.51311 22.87859 13.86198 33.00714 33.31276 31.02771 32.6404 0.0 37.06305 9.90232 39.92058 34.16808 23.74667 26.46831 36.60772 0.02425 8.79363 25.60795 20.32465 10.82472 32.92318 31.31722 32.55132 17.64261 14.4115 31.3611 27.154 37.7604 12.66768 16.08492 33.84367 22.43666 28.94978 18.74438 11.68708 28.88436 22.97563 12.67126 35.35366 16.47812 15.3106 16.16864 0.0 20.06982 0.0 37.81493 
1000.0 35.96584 34.36882 25.59088 0.0 16.85723 16.3851 27.43167 17.6233 17.38302 25.52132 20.76999 0.0 27.65277 28.4206 13.94454 12.96212 16.34481 31.83929 16.88987 0.01743 31.82946 16.21664 9.71237 39.03531 16.96014 37.16613 25.07615 28.92797 25.57087 22.75132 15.59813 15.77637 38.59657 10.584 27.04199 20.49543 25.05123 19.5684 13.7005 11.44852 30.87006 42.65937 16.59923 25.36402 12.89893 18.07783 0.0 18.80316 0.0 16.30863 
1000.0 29.69376 41.27262 23.73117 0.0 40.28404 28.9136 22.55461 20.30476 31.32497 18.60028 33.76617 0.0 15.20688 40.93187 36.71474 31.7458 14.78113 35.69738 15.69008 0.02627 11.04404 31.88981 23.31183 26.19314 26.87243 24.87569 24.43387 41.62656 10.71178 28.75335 16.29309 10.76441 29.40781 38.76779 19.93361 19.60557 39.14298 28.79491 28.80095 34.89799 22.75191 14.46813 19.68566 33.07942 34.14327 33.26921 0.0 19.34266 0.0 20.75028 
1000.0 21.33557 26.98259 24.65915 0.0 28.17499 19.33351 30.04056 17.00392 10.09322 23.45662 33.7555 0.0 9.22833 17.74617 27.08806 33.9419 9.54826 24.74765 32.42427 0.03115 33.29075 35.8025 34.42107 38.33521 8.82872 16.00995 10.17649 21.93409 36.81076 34.14032 13.97389 9.7076 30.69432 38.39363 25.42937 28.94225 11.25035 42.91622 28.90511 30.46802 16.90311 25.75658 20.80391 33.03454 28.75666 22.34185 0.0 31.01391 0.0 23.21535 
1000.0 11.50666 24.63287 28.20359 0.0 41.23357 15.12158 34.85783 15.68773 27.36662 40.64853 16.63249 0.0 14.55163 25.52035 28.84417 15.35917 21.62569 21.93377 24.43413 0.04051 8.7708 32.75576 29.60719 17.61933 34.78047 26.95408 40.80426 13.99247 23.47904 36.86424 31.93777 22.38132 26.69872 22.23786 17.94069 23.6571 13.43498 15.30827 42.219 26.46358 28.99934 42.98357 10.37029 35.84136 22.51625 32.18048 0.0 11.11612 0.0 9.66103 
1000.0 28.95602 27.17587 23.07298 0.0 24.02889 40.69077 17.39584 26.74422 42.80002 18.66497 32.84059 0.0 31.24589 10.5993 26.42935 27.61968 35.79709 39.56779 39.14103 0.03979 24.70336 21.61384 20.23915 41.48739 28.04143 15.67239 31.70936 36.27746 29.69227 16.78883 16.26236 15.07732 38.41836 27.31926 36.77137 21.80083 41.44154 30.98254 23.8192 28.27087 14.49081 17.86464 11.30903 30.86542 36.57218 13.44529 0.0 37.48488 0.0 36.93973 
1000.0 13.44027 42.09427 11.30145 0.0 26.90265 23.94653 30.80195 42.94976 16.23995 20.53571 8.96527 0.0 36.43479 17.60973 27.79593 17.72301 15.5003 28.08615 23.63219 0.01637 26.33233 34.41528 42.49565 12.73648 35.21486 14.43843 41.03212 16.23493 18.23496 8.84461 39.54057 39.30427 17.36935 12.37027 18.85878 27.19067 16.95567 9.90148 42.28204 17.24264 33.08214 28.06367 11.10604 36.49499 40.95476 20.88373 0.0 38.36296 0.0 10.92582 
1000.0 23.55887 35.3415 35.80256 0.0 19.82865 15.02035 9.73289 24.10489 31.42244 24.29058 33.12346 0.0 27.9142 21.91762 33.75868 29.2875 36.55452 23.29801 30.02211 0.01763 14.22261 20.38007 17.4829 13.58757 36.203 23.88144 36.38747 34.90483 30.74646 35.18729 25.33276 30.21358 10.0566 18.91352 11.03559 33.45842 17.41695 17.04542 26.8404 37.03042 26.3455 33.26992 16.98868 19.23578 41.38327 15.82356 0.0 31.1244 0.0 16.44415 
1000.0 15.51152 19.29181 42.28126 0.0 32.0883 35.46974 26.26629 23.65984 38.15474 33.58493 28.56355 0.0 31.38297 31.05063 30.09948 26.23637 21.20955 20.6553 32.95734 0.01487 29.50836 30.2059 30.62883 31.30186 32.22379 24.85992 22.31245 36.12765 14.95186 33.91433 10.85944 24.51294 13.24462 31.71343 21.46147 30.81621 28.99742 42.0264 12.9931 11.78964 20.38072 29.20946 42.45565 8.79211 17.0499 19.69952 0.0 32.27126 0.0 27.05336 
1000.0 42.25227 28.00365 15.50391 0.0 40.453 14.99853 41.83305 42.20917 24.59801 33.19579 19.21113 0.0 22.62877 32.69123 21.51295 41.58918 42.11154 24.33058 27.99018 0.03221 20.29685 27.69236 26.68278 23.1031 25.74455 23.17856 38.1543 40.48556 23.3904 38.29426 31.72429 30.48547 22.8744 14.96924 18.72182 30.40657 17.48085 32.63 40.12118 15.54491 23.30974 40.2514 41.86821 39.50383 29.63651 38.5664 0.0 21.19036 0.0 41.77482 
1000.0 37.03946 24.6915 24.1963 0.0 18.40562 25.26318 13.38793 17.83443 9.00801 39.78445 13.80515 0.0 36.60612 24.73272 40.75045 13.32763 25.44695 12.20592 40.87417 0.02208 29.37308 25.01577 39.88341 17.37582 29.61313 31.41395 34.81386 32.37641 42.61412 26.03584 27.10318 17.2837 9.60553 18.23318 16.53262 16.69502 30.67106 15.91107 25.66717 13.64196 9.12224 38.36197 27.23609 20.76752 22.41918 39.93954 0.0 36.5043 0.0 24.8923 
1000.0 32.04682 15.73774 42.89834 0.0 24.68704 15.74649 20.64529 34.8063 10.60614 17.51457 17.9352 0.0 33.05063 41.23901 20.99913 20.47337 27.43277 23.16087 28.13173 0.02328 38.9606 30.03759 29.597 20.32175 10.30963 42.67796 10.31499 31.9733 30.32849 32.27342 10.10662 24.93177 41.62567 29.91169 26.45629 13.47536 25.37438 22.12924 23.1827 39.94568 29.17189 28.05639 19.49621 16.03579 25.78039 37.0728 0.0 30.40752 0.0 9.83541 
1000.0 16.8705 31.23307 24.78353 0.0 42.81473 14.46142 31.39037 34.79411 16.22205 28.73456 42.68768 0.0 14.35003 16.44904 20.47748 32.94388 26.16796 42.20971 26.22592 0.02871 29.84168 26.88312 22.28655 29.98829 12.53879 42.9106 32.0732 40.10147 25.10813 27.66474 12.01843 30.63169 8.88533 36.39882 14.63299 27.58689 16.47465 9.51886 12.4374 23.54576 19.42826 27.26497 33.04903 42.28467 12.55374 35.01005 0.0 22.26151 0.0 21.77116 
1000.0 38.04131 33.31952 14.00877 0.0 22.81294 40.88244 29.58033 24.32686 36.38014 19.65227 35.64041 0.0 42.79786 29.99195 12.74952 36.97702 34.67509 26.01456 21.07284 0.02167 10.67347 16.87332 34.36117 9.44092 30.51996 26.82145 39.78007 27.70239 9.21461 22.38111 42.03178 21.00284 16.37099 9.86249 25.55313 41.27356 8.83599 36.87495 22.95789 16.30638 17.31674 17.8481 15.31982 12.61156 32.78793 17.66461 0.0 33.01877 0.0 22.63129 
1000.0 20.46501 17.67716 36.00392 0.0 39.27609 22.18625 16.31052 15.8435 38.61342 14.5695 13.61231 0.0 12.89911 41.99627 28.367 33.35237 13.12902 32.11729 20.27911 0.01926 21.13455 41.34323 15.39091 11.06841 21.93901 32.89295 11.61258 11.46781 11.27192 12.0934 42.95023 14.3003 25.1464 18.81872 12.91089 20.77273 29.43799 20.5968 27.86819 33.18031 14.48199 26.11801 24.5298 30.31392 37.44564 39.54045 0.0 42.08158 0.0 39.49704 
1000.0 29.54637 16.67212 12.02761 0.0 28.7697 40.64603 14.24959 14.12799 27.28998 34.51933 20.12248 0.0 35.68216 41.23856 13.04124 12.15693 23.44913 32.63891 27.74542 0.03148 36.94329 16.91157 29.38276 24.12456 9.73055 17.93029 39.84186 11.08754 13.77299 21.96835 11.85318 38.5146 9.27117 19.42768 12.81562 15.75035 24.50942 15.12164 26.27487 35.07341 21.32647 29.15324 21.53831 37.90667 8.95206 10.15548 0.0 37.97499 0.0 12.17282 
1000.0 23.10953 21.62081 11.6555 0.0 19.80966 27.78133 33.99955 13.61113 21.08427 9.44388 37.01337 0.0 27.18321 20.63238 38.99042 16.30993 29.05697 31.13243 39.72768 0.04561 27.8387 29.48167 21.02884 31.98046 20.52513 23.02675 31.25328 23.77653 12.49307 10.96836 20.0382 28.22139 37.62643 37.82451 38.16099 15.73798 27.21009 25.08254 14.75098 34.0936 13.31685 27.37721 13.73942 21.84764 41.2482 14.62443 0.0 21.82588 0.0 21.19211 
1000.0 14.43836 20.50101 28.43087 0.0 33.09092 35.63238 34.69597 34.79393 14.3927 29.64106 22.77711 0.0 8.68693 18.94549 35.75817 14.99457 38.86994 9.57253 34.10278 0.03427 22.0754 39.30446 28.67751 35.94623 25.24909 27.15584 12.89789 36.24349 17.12766 33.74703 42.14512 41.2917 31.06664 19.34622 41.35246 28.70946 40.70168 36.51038 39.0612 27.82186 36.9116 30.64653 15.14616 13.45456 13.37534 11.79748 0.0 34.99329 0.0 38.2114 
1000.0 18.00892 16.93672 31.72027 0.0 39.33302 24.94584 25.64743 11.87689 35.86721 24.23593 15.95888 0.0 16.52032 37.82764 30.50439 14.35626 21.77708 42.66086 19.05147 0.02845 15.21916 34.86266 11.00234 12.87161 39.19335 21.98667 34.71515 16.8379 26.90023 13.42344 25.897 10.86318 29.5974 16.31077 36.71248 37.47904 30.39397 14.28519 39.01866 39.90403 11.07071 16.38896 18.5073 12.92512 35.71492 37.96988 0.0 34.95331 0.0 20.33116 
1000.0 37.45693 25.64837 30.58241 0.0 34.37363 22.11162 38.21455 17.16311 21.32336 41.48164 42.68081 0.0 40.1974 10.9237 15.02483 11.43425 29.66452 21.39615 11.78684 0.03323 22.39967 18.91429 17.26148 40.24613 34.45973 39.55216 37.09748 41.18008 42.8708 35.87079 32.20486 41.89497 17.60597 34.14489 28.60732 9.9051 37.94766 17.33418 18.22444 26.00824 28.66818 40.72487 30.58257 42.20582 15.43639 12.74098 0.0 34.68054 0.0 39.97516 
1000.0 0.0 0.0 0.0 18.98208 0.0 0.0 0.0 0.0 0.0 0.0 0.0 13.3641 0.0 0.0 0.0 0.0 0.0 0.0 0.0 0.0 0.0 0.0 0.0 0.0 0.0 0.0 0.0 0.0 0.0 0.0 0.0 0.0 0.0 0.0 0.0 0.0 0.0 0.0 0.0 0.0 0.0 0.0 0.0 0.0 0.0 0.0 38.15623 0.0 8.87556 0.0 
1000.0 33.46947 13.54635 10.25121 0.0 19.20047 30.28768 20.88926 22.42847 25.28162 19.85125 18.28071 0.0 32.50008 29.1953 20.23298 30.94634 16.72249 11.35496 27.24304 0.02074 14.76376 24.15388 36.45108 11.91243 36.23897 38.64939 22.10423 12.60179 28.5905 16.81777 27.13882 26.83957 21.74666 37.79302 9.90574 33.28976 27.65636 11.85572 31.35002 25.04736 16.82892 20.69454 42.26837 36.38924 34.02729 23.67879 0.0 41.52269 0.0 22.45063 
1000.0 0.0 0.0 0.0 39.24971 0.0 0.0 0.0 0.0 0.0 0.0 0.0 11.30198 0.0 0.0 0.0 0.0 0.0 0.0 0.0 0.0 0.0 0.0 0.0 0.0 0.0 0.0 0.0 0.0 0.0 0.0 0.0 0.0 0.0 0.0 0.0 0.0 0.0 0.0 0.0 0.0 0.0 0.0 0.0 0.0 0.0 0.0 30.55506 0.0 16.9579 0.0 
1000.0 36.88974 22.77658 25.89592 0.0 21.48648 15.21561 12.53643 33.30093 11.62317 20.90335 24.5847 0.0 21.85124 16.91387 25.50049 27.79405 25.90829 25.41073 32.92948 0.01433 31.59306 29.93702 35.79866 16.97088 28.2603 36.89279 25.89534 25.44328 30.80098 37.39191 22.86117 16.47034 40.15012 42.2672 40.20126 41.32088 35.23357 32.43312 17.77379 37.09276 19.94306 27.31204 33.38537 25.07987 14.20747 11.80644 0.0 42.797 0.0 12.77309 
