1000.0 1000.0 1000.0 1000.0 1000.0 1000.0 1000.0 1000.0 1000.0 1000.0 1000.0 1000.0 1000.0 1000.0 1000.0 1000.0 1000.0 1000.0 1000.0 1000.0 1000.0 1000.0 1000.0 1000.0 1000.0 1000.0 1000.0 1000.0 1000.0 1000.0 1000.0 1000.0 1000.0 1000.0 1000.0 1000.0 1000.0 1000.0 1000.0 1000.0 1000.0 1000.0 1000.0 1000.0 1000.0 1000.0 1000.0 1000.0 1000.0 1000.0 1000.0 
1000.0 15.21274 33.74637 36.53456 0.0 37.56935 34.80514 38.58707 34.00623 19.22641 16.93001 12.59247 0.0 22.27458 27.85077 30.15577 9.00185 39.85473 15.24363 22.497 0.03984 34.92759 19.19386 32.52985 31.85346 34.72043 34.67306 15.94963 12.54646 31.7641 36.23443 16.21551 17.24268 22.87638 29.90878 25.53247 17.33786 28.06625 26.12496 8.74556 13.73326 27.49897 37.78872 25.27168 17.70101 17.01063 40.21095 0.0 14.25813 0.0 29.6884 
1000.0 10.72673 31.94468 10.75884 0.0 28.52496 37.13756 19.49035 28.31249 17.02764 13.20241 23.36764 0.0 17.81533 9.84323 13.43747 30.19595 23.51374 31.46504 29.63442 0.01614 39.80914 25.61394 27.34976 11.64899 24.71777 22.83346 9.64299 9.70251 8.5825 22.25431 10.17855 24.99735 33.48474 36.122 12.48118 39.05754 26.31218 11.12553 12.45643 12.76994 12.93291 37.71545 19.39091 37.30458 37.12276 17.10245 0.0 32.17348 0.0 24.79658 
1000.0 12.47462 31.72192 35.57391 0.0 17.9443 33.85084 12.94255 9.06619 22.87578 27.61379 20.68571 0.0 10.679 20.49415 31.8536 39.53177 14.91328 22.95877 38.12557 0.02687 32.80417 21.74483 38.7025 34.86398 23.62376 29.18339 17.23364 37.07422 16.05 24.90457 17.20996 23.23196 10.63083 20.77127 38.55547 36.86375 9.90754 9.78381 16.50322 18.2853 8.82122 33.45247 14.67009 26.69136 22.56935 38.87034 0.0 38.31369 0.0 33.35778 
1000.0 0.0 0.0 0.0 29.216 0.0 0.0 0.0 0.0 0.0 0.0 0.0 38.89941 0.0 0.0 0.0 0.0 0.0 0.0 0.0 0.0 0.0 0.0 0.0 0.0 0.0 0.0 0.0 0.0 0.0 0.0 0.0 0.0 0.0 0.0 0.0 0.0 0.0 0.0 0.0 0.0 0.0 0.0 0.0 0.0 0.0 0.0 35.16615 0.0 18.58238 0.0 
1000.0 14.04091 17.71618 38.809 0.0 23.81044 28.23849 29.00118 19.41068 37.41629 25.80017 20.70194 0.0 18.19369 12.75974 31.97833 11.89816 9.48324 9.5612 35.83576 0.02385 20.03885 32.63443 10.08727 31.68863 16.02404 16.00038 21.01387 25.84538 25.85039 33.353 9.80085 38.83799 30.66795 15.92855 15.05808 16.91783 19.55681 25.60576 25.39876 39.48949 20.9524 9.66876 24.01442 11.6212 39.54453 20.02723 0.0 27.2038 0.0 39.92657 
1000.0 22.92524 15.44147 9.5679 0.0 29.25553 12.05744 28.53649 38.91627 28.35873 9.23571 38.08068 0.0 38.76239 17.45492 20.28989 23.61866 36.18435 12.49822 15.70478 0.01552 12.80345 31.57628 12.01981 27.74477 8.49221 38.45441 11.52967 20.85662 16.3067 32.57375 26.05592 33.96266 30.21365 23.78634 13.51448 37.02267 35.91628 14.71167 19.33244 23.80382 11.97156 19.67896 28.05465 13.72383 20.18746 15.42649 0.0 24.35321 0.0 26.58068 
1000.0 13.53983 38.51272 38.15185 0.0 36.71576 9.93756 21.95928 15.79765 25.33799 39.38385 23.93771 0.0 17.71878 11.10907 15.50013 33.00479 29.80812 16.73246 23.11994 0.03601 12.34868 24.08728 31.07047 25.99852 8.20144 35.91766 8.82819 35.2202 37.20595 10.03375 37.52303 19.08639 12.11567 36.08697 24.9462 16.27546 9.51481 16.84122 9.55118 12.58297 24.148 17.56304 34.44921 24.82209 9.92282 35.81094 0.0 25.65224 0.0 24.98085 
1000.0 34.69946 31.31511 9.90689 0.0 33.68919 34.16913 28.69129 15.40441 26.94367 26.463 8.22507 0.0 22.29155 20.53835 19.04432 32.7531 11.34239 39.45824 16.85193 0.02613 30.77876 27.41142 38.44093 10.07821 20.45695 9.44628 34.26118 33.3083 25.08913 32.33017 22.64184 21.25937 33.49297 26.99866 19.77745 27.12218 31.84338 38.5468 15.22679 18.85135 10.3311 17.15802 36.73934 8.34363 34.33165 21.91029 0.0 16.22734 0.0 17.05904 
1000.0 27.68374 21.58711 30.21974 0.0 21.4364 18.53083 22.90428 35.57534 37.17864 11.25127 19.87613 0.0 27.29005 8.66764 20.02025 28.54984 26.3037 14.85578 29.45051 0.03792 9.21416 17.90123 9.92486 23.80991 8.48921 37.00872 17.51738 38.03205 34.784 9.34256 10.86949 18.64022 39.6824 13.92275 40.03358 9.51714 24.63569 31.72246 29.83788 21.40801 14.55366 10.41203 12.08523 34.12219 29.79482 14.93812 0.0 38.07456 0.0 17.71634 
1000.0 9.58536 38.93284 13.85398 0.0 15.44846 27.98565 23.2475 16.26897 23.00157 14.86896 10.5827 0.0 32.03186 37.82744 8.34311 28.8938 26.62301 25.30736 20.36636 0.03717 22.36638 16.37171 37.02766 34.34557 23.12019 31.21175 24.92944 36.23005 31.78583 9.23428 40.00486 15.47677 13.62782 10.96207 16.5276 19.45391 30.81051 9.04418 15.07834 35.18908 34.74384 36.20774 23.03806 17.6452 39.60634 35.46531 0.0 8.81822 0.0 15.26778 
1000.0 15.90831 10.09374 12.19909 0.0 31.94542 32.39802 18.74898 9.15649 22.20573 28.20789 22.96632 0.0 40.01507 8.25374 8.91948 11.14209 8.88829 26.11823 28.22291 0.01858 9.76449 11.19037 28.67395 30.61691 17.55998 20.31099 26.69988 37.01611 39.62095 23.66133 33.79798 39.29417 37.53585 16.93379 9.08448 37.48683 35.28458 19.8471 30.28541 28.44704 29.47372 38.97157 23.76735 18.26191 36.14468 30.51075 0.0 27.86689 0.0 29.07174 
1000.0 0.0 0.0 0.0 10.83035 0.0 0.0 0.0 0.0 0.0 0.0 0.0 13.07743 0.0 0.0 0.0 0.0 0.0 0.0 0.0 0.0 0.0 0.0 0.0 0.0 0.0 0.0 0.0 0.0 0.0 0.0 0.0 0.0 0.0 0.0 0.0 0.0 0.0 0.0 0.0 0.0 0.0 0.0 0.0 0.0 0.0 0.0 17.31898 0.0 23.74546 0.0 
1000.0 31.86567 35.27869 37.12831 0.0 18.03346 10.22285 29.18684 16.00135 36.34087 33.4059 13.73042 0.0 26.8089 35.34772 26.88116 39.4678 29.00018 29.00365 35.68131 0.03101 33.13223 37.17565 28.41952 20.26069 28.35886 16.39167 15.73483 21.46272 36.12006 12.0817 24.04985 25.6851 36.61747 20.3625 26.54063 21.13668 39.65317 40.04592 16.80117 13.64406 14.53342 11.46144 36.21475 20.11246 22.13012 29.43084 0.0 35.23666 0.0 14.93774 
1000.0 33.52548 30.52257 15.22494 0.0 16.56946 34.75337 14.8931 14.35996 31.25427 30.283 34.80363 0.0 28.70039 34.96472 33.62083 24.32486 24.13239 17.63658 14.81046 0.04312 17.60301 8.41381 38.94476 20.27511 11.62971 29.59984 21.55707 36.15251 10.73847 39.2831 37.48282 32.55039 34.10295 11.36162 23.45146 15.28032 34.78197 39.78368 30.86444 19.68337 30.55788 13.26437 39.03491 13.63794 26.70336 33.50886 0.0 30.92189 0.0 38.68132 
1000.0 8.66875 14.23716 19.82771 0.0 30.39284 13.3637 26.48456 19.90617 17.54813 35.89317 38.09323 0.0 23.78757 27.33675 15.21388 22.04991 25.6186 8.79424 35.76263 0.03116 29.22106 29.18993 20.82015 33.09107 13.23393 31.37343 10.5789 13.5983 13.78765 8.90539 32.34038 31.34744 31.22895 28.99765 29.36184 28.55968 15.89474 12.55569 30.82188 36.1701 17.55589 28.82301 11.15092 15.91985 18.72948 22.94166 0.0 34.72414 0.0 26.96105 
1000.0 39.02213 39.20663 32.74184 0.0 26.84647 19.11687 39.87505 40.11404 35.73186 19.18761 39.89813 0.0 24.28278 8.52625 27.59771 16.43704 31.93812 21.04782 10.77321 0.02628 14.86118 24.84693 24.97559 34.52193 26.95781 38.90782 17.92141 24.61653 11.67926 37.42921 9.9819 21.94834 9.31003 37.31792 25.88398 32.48594 39.92849 25.3009 24.23033 8.89651 18.69422 24.56953 33.73506 15.72005 23.93262 35.10739 0.0 37.66779 0.0 22.42242 
1000.0 36.25126 24.87824 31.00882 0.0 30.7924 8.84568 37.73437 32.727 29.29482 11.18156 30.9143 0.0 20.18098 35.05691 33.65257 14.00489 32.05793 13.63972 8.95444 0.00948 19.30615 31.38521 32.44006 32.35326 35.20158 14.712 12.52578 34.84769 24.75155 16.5449 18.99014 22.69231 32.53717 20.42927 13.76507 29.62492 38.97716 28.26167 18.90677 35.22698 35.92056 20.82977 16.84642 9.63995 22.24228 31.45503 0.0 27.3095 0.0 22.04652 
1000.0 12.22214 24.35036 10.1398 0.0 37.54257 19.13084 12.08776 29.15477 30.24652 33.43579 19.52245 0.0 33.1749 38.17595 8.08186 30.53932 19.91819 14.77082 34.01431 0.01589 36.33708 9.78027 21.60032 25.28168 31.53508 35.99567 8.45329 10.36171 22.79107 31.07211 38.16247 26.01957 23.04022 21.79595 21.75512 26.33983 31.84468 26.48332 19.97846 33.00547 15.38907 9.25578 26.90248 37.7991 14.00396 34.09797 0.0 21.58277 0.0 16.79162 
1000.0 14.86844 15.0642 39.3371 0.0 38.89816 38.38743 27.46201 20.64863 8.49952 24.55088 37.57707 0.0 28.04561 21.35596 10.75715 33.54241 34.15302 38.27921 36.47317 0.03082 39.16676 38.26734 31.4073 13.27886 17.77895 27.59218 36.71124 23.43858 25.05147 31.10973 28.86191 30.31187 16.1141 8.68991 31.86398 31.43506 38.33054 19.63343 9.18855 26.439 28.14223 36.24895 20.1608 29.34365 10.3818 8.36221 0.0 38.07184 0.0 34.0164 
1000.0 0.12583 0.13381 0.1242 0.0 0.06945 0.08799 0.16991 0.04873 0.1113 0.04612 0.07276 0.0 0.14043 0.12913 0.08623 0.14578 0.16538 0.06743 0.05727 24.708 0.07947 0.07558 0.1736 0.16447 0.04108 0.10315 0.06686 0.13062 0.06916 0.04003 0.0671 0.10836 0.11302 0.1465 0.15209 0.15245 0.14785 0.0395 0.15735 0.13684 0.05131 0.04455 0.09878 0.06063 0.0725 0.10819 0.0 0.1326 0.0 0.05729 
1000.0 13.98725 29.28222 16.02361 0.0 10.77774 37.58434 18.68674 34.02814 39.55087 28.88204 9.93615 0.0 38.09241 9.88699 12.18686 14.13867 17.36269 37.0097 11.82865 0.01476 11.53387 26.564 36.42306 13.01442 28.16978 33.59468 16.87743 8.85465 32.95382 28.15821 8.5205 15.80812 25.70937 28.82001 12.54109 21.83874 35.6685 28.53089 30.3376 27.76554 14.75696 34.06856 15.28226 13.55302 37.35269 24.6281 0.0 30.01606 0.0 29.52209 
1000.0 22.41277 16.56427 10.66554 0.0 35.25874 15.85921 33.82223 33.56054 24.30076 21.74529 39.0311 0.0 31.09578 15.51764 27.6539 34.94026 17.61384 30.51499 24.10387 0.01271 35.7561 23.78864 11.06322 31.11758 26.32654 34.96607 23.56938 34.06679 23.79518 18.61198 22.73966 24.46742 32.20214 34.12339 22.62188 18.35209 30.86922 17.74158 26.59432 38.54981 11.98275 35.31045 20.23537 27.96588 37.8179 33.70292 0.0 9.01853 0.0 27.17625 
1000.0 31.77204 28.48324 39.00936 0.0 15.8618 37.56029 30.14781 38.04565 33.80034 8.98401 10.18072 0.0 18.75295 27.46246 11.69896 31.22859 15.08017 8.38944 36.68801 0.01849 27.25705 22.13153 16.76826 30.28241 14.47252 18.47528 19.30844 36.91539 9.15377 19.24514 20.25742 24.68128 15.85866 16.68392 25.25123 23.40591 20.02997 21.77701 37.52326 25.34568 13.03775 23.72798 32.72245 22.37717 14.34464 17.68499 0.0 8.32039 0.0 36.82701 
1000.0 29.10973 11.39642 9.86205 0.0 20.16397 13.57025 20.36041 35.08254 26.16287 27.50409 15.73674 0.0 36.96699 39.32977 18.00837 28.45747 30.04505 36.83201 27.0174 0.03593 10.27599 29.8195 16.35573 39.43875 13.76851 13.30698 14.30279 33.13641 28.08387 33.26463 36.19735 18.70317 35.34991 10.02381 18.86929 30.67616 12.38415 20.64773 18.93694 18.42955 10.52758 27.83939 25.24011 39.40368 32.43697 26.72123 0.0 8.53196 0.0 14.18697 
1000.0 21.02733 13.15477 12.71022 0.0 35.27541 10.39934 13.0551 38.32269 29.3001 14.27534 22.56741 0.0 14.31726 13.73444 35.30298 28.58305 36.80162 12.76342 25.9907 0.02029 9.98462 17.32114 24.00054 30.62211 32.3269 12.18707 39.43513 29.09613 24.79711 20.5014 24.33452 36.10723 29.31816 22.15431 20.46937 13.12734 25.86116 8.69662 39.9939 14.78007 13.60194 14.5837 32.77412 15.18461 38.12599 11.35865 0.0 12.55205 0.0 29.85519 
1000.0 24.47856 19.98563 27.58631 0.0 21.14928 18.72054 27.23301 38.45565 34.95656 31.5793 14.59259 0.0 30.38686 31.7487 13.66914 12.74295 26.24925 13.72156 29.21708 0.01978 19.95106 36.5747 32.28835 14.23317 39.69743 27.98178 22.70662 13.11105 11.76892 11.48184 12.13443 10.85824 13.24674 28.08376 13.00077 36.08917 31.99169 29.27346 22.70455 16.9583 38.38468 10.67917 28.12136 8.6207 24.54562 16.49987 0.0 37.21988 0.0 38.07816 
1000.0 17.46387 16.35208 17.79802 0.0 28.88988 31.9578 12.90233 26.24244 29.85052 39.13 26.49736 0.0 24.73627 36.14077 22.42106 12.18326 9.16123 13.61527 13.49629 0.04352 38.6486 26.26652 16.80663 13.41447 12.58259 22.1854 31.21477 8.34122 33.61568 34.80906 9.10205 38.85503 27.4624 8.66711 11.33178 37.04648 20.46465 24.92047 14.19632 37.47885 21.54679 25.81218 39.14905 35.63473 33.30626 11.63692 0.0 21.69691 0.0 16.53478 
1000.0 30.36147 14.38217 13.05828 0.0 22.99298 31.01988 32.32341 10.73578 39.82859 33.32674 15.1747 0.0 25.2199 31.07509 15.11502 8.89 16.22423 31.01228 25.90206 0.02567 38.04835 34.62324 33.47497 30.91782 38.45037 10.965 24.36992 16.64067 26.05538 22.35415 34.09257 35.56284 19.18525 11.08499 17.73401 26.52814 39.16658 28.52287 15.57728 34.53638 33.94872 24.01182 9.67912 39.11683 11.22868 23.65176 0.0 18.73945 0.0 37.92944 
1000.0 15.48195 10.05393 22.20744 0.0 37.75769 37.73001 9.10499 12.74419 10.14086 16.70191 40.20932 0.0 28.0178 34.8283 39.33037 29.59885 20.76804 13.32141 35.27496 0.0375 16.97744 12.66628 17.10015 20.59759 25.19801 31.93758 31.0374 36.63513 35.01715 33.28513 39.82147 23.41787 32.65307 37.49876 18.703 19.29183 34.12228 11.83366 18.72734 15.99489 12.31817 23.54056 39.27214 37.88824 12.51112 18.52452 0.0 26.6597 0.0 16.57538 
1000.0 9.28172 18.79476 10.58185 0.0 40.07546 30.23437 37.30503 28.95968 8.28971 31.56903 9.65396 0.0 28.60903 34.19587 38.35201 21.37577 30.51897 29.53141 37.30698 0.02011 23.20654 17.86703 8.84388 37.19086 19.13492 10.68375 13.45901 18.98954 9.36198 12.69235 33.04043 12.41768 9.06113 26.69365 30.89423 30.15326 38.52982 17.07276 39.63996 23.85066 34.32642 10.71364 26.65938 31.96668 35.8506 33.53339 0.0 31.0396 0.0 32.21914 
1000.0 30.196 30.03286 25.78058 0.0 23.67266 25.27235 24.86107 16.63468 38.54606 18.40943 14.14705 0.0 18.58395 21.60862 33.50268 32.51371 8.86163 12.02985 31.36198 0.00924 29.37589 32.87877 9.69119 37.31043 23.3753 19.17323 38.67448 17.07995 18.49712 12.70099 21.74942 15.24016 9.7971 30.684 17.45918 40.02819 25.28246 16.36762 35.40297 26.21393 30.53533 25.2246 25.62185 31.97493 16.15483 21.00632 0.0 23.62161 0.0 32.41922 
1000.0 26.29754 34.38379 17.26548 0.0 13.14802 34.62297 31.95541 25.61658 26.94735 9.87697 11.22507 0.0 28.33878 36.00238 14.69075 8.88751 31.36691 12.16968 24.81561 0.0427 27.31794 32.5122 38.61305 10.7812 31.52244 23.76511 9.92626 21.40976 37.61482 24.52089 37.47784 10.82882 10.14131 22.60836 35.6032 11.48128 10.42663 16.2393 39.0338 39.77077 25.30803 26.83374 13.71212 26.12586 17.67494 31.44453 0.0 38.35995 0.0 34.73643 
1000.0 29.99333 16.58986 35.78484 0.0 20.72956 27.4147 28.66694 39.60324 38.5059 38.93364 37.57598 0.0 29.699 8.51174 26.22715 26.83429 39.6638 15.4828 8.50016 0.03492 29.41247 12.51451 16.66276 8.28563 33.67946 31.83005 21.57961 33.27563 16.73424 17.81882 29.04074 27.54431 23.50888 9.80241 15.16105 16.12596 31.8207 20.00727 18.27125 30.03147 16.67635 31.03098 25.20649 24.05847 26.26651 21.80978 0.0 30.27056 0.0 22.87592 
1000.0 30.12409 24.2425 39.08787 0.0 30.67849 21.82336 36.8425 11.38274 15.41468 33.07072 35.80987 0.0 37.77912 39.8362 36.52777 21.98892 28.70124 22.8307 30.72708 0.03058 11.9589 18.68496 26.44706 37.05754 27.96734 30.99572 33.89138 31.82162 13.01142 12.79353 19.55974 10.26681 28.53082 17.77909 20.52179 10.57327 34.44697 35.003 23.42999 35.34928 11.29058 15.41233 30.19553 23.69318 33.0654 28.34975 0.0 23.91131 0.0 8.7472 
1000.0 18.88684 30.6739 17.44201 0.0 10.23499 38.08215 16.02042 28.45218 20.00278 24.74775 9.99037 0.0 11.06008 18.28084 28.76044 35.79633 29.55674 21.35768 37.64855 0.0235 20.81424 38.72809 27.97834 34.05118 20.89225 19.81181 38.72488 31.05586 23.48383 39.54082 13.79997 31.93667 28.20611 28.66921 9.44099 39.34816 37.85633 24.08536 22.86135 18.79274 9.96459 30.68192 36.72286 15.48536 28.8196 18.27881 0.0 27.25799 0.0 10.48574 
1000.0 22.44519 18.4139 11.90887 0.0 13.48471 33.48988 36.84685 37.82751 39.12952 33.24846 35.74333 0.0 13.59258 37.16619 30.90407 8.4005 33.18464 13.68538 36.0241 0.02676 31.6668 30.1968 12.11805 15.02816 37.49986 15.1839 27.06051 29.58889 38.56677 8.15011 18.5377 15.89237 39.09909 14.96991 8.25476 37.14 16.4736 39.00997 33.44011 33.14345 14.91148 19.18523 8.12951 32.60334 31.40906 18.22983 0.0 23.16867 0.0 37.18299 
1000.0 37.43977 38.89109 11.76441 0.0 27.95737 26.48319 38.17351 15.57859 25.72974 22.11289 37.71541 0.0 23.33219 28.13296 18.20161 14.32834 15.04687 8.08455 34.16537 0.02756 34.67545 12.92899 8.65422 17.71519 8.22003 16.42486 30.51726 18.88857 27.69825 11.05479 20.44344 32.8269 23.03933 39.48358 21.67538 13.97563 21.57152 23.17174 24.7301 10.57454 36.66211 17.79084 10.37501 36.03716 13.58797 10.59861 0.0 9.41271 0.0 11.05526 
1000.0 17.31908 26.2059 25.64762 0.0 14.23735 32.08664 36.72859 10.4869 18.8284 27.85957 14.7481 0.0 13.12446 18.46168 19.75499 8.98426 27.88695 30.62907 26.41186 0.03089 32.86424 8.73512 38.341 9.2055 37.93421 26.37649 27.90791 9.51319 36.12338 10.43924 31.50197 14.30736 22.15243 40.15059 37.36211 28.63892 28.23744 11.52957 30.73808 37.62656 30.94536 9.9616 25.24263 23.63834 13.35534 14.92388 0.0 9.84872 0.0 21.46175 
1000.0 10.01117 24.50725 14.05543 0.0 34.63751 10.02973 26.58679 26.94168 31.19556 34.68759 38.31226 0.0 17.01887 9.89535 33.27426 34.24741 32.47691 24.30112 25.71891 0.04232 10.55209 29.49159 20.98626 23.36534 38.31254 20.28522 18.57768 22.41532 25.76076 11.88586 14.61794 34.93742 36.80315 10.25363 12.24515 34.5489 28.86915 10.75251 9.37194 38.44586 12.56181 17.91831 33.70981 19.11627 20.12333 31.14393 0.0 25.77393 0.0 17.35056 
1000.0 28.96659 15.66422 12.73968 0.0 31.62549 25.59064 24.10809 8.29713 11.7828 33.41004 22.34786 0.0 24.46135 25.49696 19.61525 39.67445 35.00733 11.59879 15.30307 0.0189 31.70584 30.44298 24.2504 11.92718 34.79344 30.50777 28.35831 17.85999 39.02148 19.2055 21.89351 22.82269 20.17629 38.18439 26.0419 8.71234 12.51938 35.39287 31.76266 25.1235 20.66059 18.25698 32.37194 17.41761 31.44724 20.94037 0.0 21.51324 0.0 18.91515 
1000.0 35.20211 28.10158 24.12469 0.0 26.32896 32.43026 20.60874 27.68506 10.50261 21.1036 19.64958 0.0 39.53052 36.19892 21.77653 9.97535 31.11668 8.50699 19.18745 0.03591 20.67587 33.81607 10.41417 37.38166 31.98547 8.80418 36.84664 35.77006 27.92857 21.34199 39.46569 18.64079 32.86327 35.4035 24.19224 16.43274 25.17501 13.67431 33.53627 34.10847 17.98826 13.29398 21.5601 10.18454 26.01643 11.2006 0.0 11.19387 0.0 37.49095 
1000.0 29.94486 31.39536 13.36673 0.0 13.52126 15.88306 20.20594 25.76906 13.48505 34.67737 38.91282 0.0 14.05317 13.56003 19.46114 12.32758 13.67663 38.15225 21.37962 0.03063 14.88625 14.74635 30.53516 37.12639 39.28816 12.95615 33.90338 34.00241 10.38422 12.20301 13.06501 16.77986 28.69063 8.32926 28.82629 22.41919 28.70917 15.92416 13.8587 27.71989 17.53759 30.04579 33.63602 15.14072 39.79612 10.91328 0.0 13.40006 0.0 12.6018 
1000.0 38.11982 19.54688 12.66296 0.0 17.00607 8.9126 39.03791 27.54191 26.51069 10.82279 9.54841 0.0 13.69826 22.11763 34.82818 9.20469 28.58653 18.55138 28.56608 0.0123 22.57149 31.90028 36.04646 13.01314 9.83636 38.04726 29.31501 26.76037 17.93156 17.39927 31.00278 12.13707 39.04432 38.19487 14.27397 9.7333 38.60884 11.83761 28.99632 32.48972 14.64697 17.80947 34.7788 33.10238 23.59858 32.5936 0.0 19.22577 0.0 28.24621 
1000.0 19.59341 18.68802 19.85165 0.0 26.60128 36.52487 19.56727 15.52586 24.13857 31.03137 33.44226 0.0 38.26824 15.39641 26.38081 32.85724 34.00887 34.67262 24.25593 0.00916 11.11759 25.06844 10.60443 38.7684 18.94966 18.56305 39.00068 14.85215 26.33029 27.87603 13.21166 10.66134 18.5332 25.9634 23.61641 8.29282 27.22025 18.04183 32.25431 38.6865 24.59436 28.83055 34.74058 37.12155 32.88033 20.22114 0.0 25.1561 0.0 17.34353 
1000.0 20.28745 28.93702 17.34689 0.0 22.869 8.97361 31.95387 26.05965 13.51912 38.4877 23.09719 0.0 39.39741 18.85822 40.19651 26.85476 19.1482 16.99681 18.17835 0.03678 8.05998 27.49559 14.41569 14.91166 8.98879 9.25142 16.11142 29.42638 31.65281 34.71359 13.0233 36.27471 24.62529 14.47209 18.54693 29.14038 8.99495 12.32896 19.26864 13.58115 24.10269 15.07803 29.34203 40.08959 37.50062 21.20354 0.0 32.08099 0.0 14.15431 
1000.0 12.73851 10.89285 22.58672 0.0 35.2159 26.84584 21.77897 15.16738 32.31035 22.79377 29.80944 0.0 21.21157 16.22442 37.46196 27.21013 27.12917 38.89158 16.76753 0.02037 31.23503 12.05099 15.27222 31.78013 21.67136 35.26814 32.98518 25.87338 38.0997 20.60976 23.0699 25.98836 9.48136 12.67037 13.41565 29.9264 35.04889 8.69145 10.59898 17.16442 31.64574 10.50756 21.79311 28.04773 8.07439 16.14034 0.0 36.16618 0.0 24.22564 
1000.0 0.0 0.0 0.0 31.98102 0.0 0.0 0.0 0.0 0.0 0.0 0.0 33.24601 0.0 0.0 0.0 0.0 0.0 0.0 0.0 0.0 0.0 0.0 0.0 0.0 0.0 0.0 0.0 0.0 0.0 0.0 0.0 0.0 0.0 0.0 0.0 0.0 0.0 0.0 0.0 0.0 0.0 0.0 0.0 0.0 0.0 0.0 37.37629 0.0 20.27914 0.0 
1000.0 29.29584 18.73549 33.61714 0.0 37.96504 37.11177 38.91376 27.87203 31.40835 28.07776 10.56511 0.0 16.51409 25.3718 11.49399 21.35797 33.67859 33.75373 16.10366 0.02803 23.089 10.86284 22.93539 39.65784 17.1371 33.51461 29.91784 23.45123 18.06629 28.38259 33.65585 38.5999 29.09929 39.58923 22.59045 28.55685 14.16656 22.67072 30.07849 18.69846 21.36888 19.63084 26.9013 23.16036 33.84816 10.43583 0.0 29.92868 0.0 13.05116 
1000.0 0.0 0.0 0.0 28.31248 0.0 0.0 0.0 0.0 0.0 0.0 0.0 38.94794 0.0 0.0 0.0 0.0 0.0 0.0 0.0 0.0 0.0 0.0 0.0 0.0 0.0 0.0 0.0 0.0 0.0 0.0 0.0 0.0 0.0 0.0 0.0 0.0 0.0 0.0 0.0 0.0 0.0 0.0 0.0 0.0 0.0 0.0 11.79382 0.0 16.17617 0.0 
1000.0 38.27567 11.87158 26.29145 0.0 15.7868 8.72222 29.25569 23.21852 19.72441 11.75774 32.72295 0.0 33.3998 32.48758 25.10212 29.28393 21.86843 9.82319 11.06786 0.01189 39.30929 20.17073 23.23789 36.36222 29.7861 13.84619 37.75207 24.84134 26.48872 21.41128 30.93829 36.5808 17.92229 8.47433 32.41492 28.63306 23.90466 32.64299 17.48859 24.1965 24.57489 31.18374 21.60972 39.19252 11.37507 25.44781 0.0 22.7531 0.0 32.20882 
