1000.0 1000.0 1000.0 1000.0 1000.0 1000.0 1000.0 1000.0 1000.0 1000.0 1000.0 1000.0 1000.0 1000.0 1000.0 1000.0 1000.0 1000.0 1000.0 1000.0 1000.0 1000.0 1000.0 1000.0 1000.0 1000.0 1000.0 1000.0 1000.0 1000.0 1000.0 1000.0 1000.0 1000.0 1000.0 1000.0 1000.0 1000.0 1000.0 1000.0 1000.0 1000.0 1000.0 1000.0 1000.0 1000.0 1000.0 1000.0 1000.0 1000.0 1000.0 
1000.0 31.59159 37.94144 43.17332 0.0 9.66307 45.0222 27.09754 44.6288 15.8885 28.43527 20.97047 0.0 40.81535 9.39308 25.5507 41.34952 31.23328 42.68026 34.75379 0.01634 26.42817 29.15829 28.34605 31.39148 26.55115 14.11119 13.06147 37.74404 11.32658 21.031 24.06554 17.94947 12.33617 32.698 42.75492 36.71493 39.17674 39.53965 24.54924 24.81928 14.8074 22.52517 38.849 20.00218 18.35882 27.50085 0.0 17.72499 0.0 41.7568 
1000.0 21.82231 38.3813 19.1248 0.0 31.94434 37.44874 13.90703 28.28673 22.74309 17.51519 43.80087 0.0 9.49217 30.43461 20.88799 40.4413 38.91978 25.56482 28.96495 0.04517 12.57117 22.08927 41.53788 27.87487 36.09205 27.27357 43.1403 17.49319 39.62315 39.70939 19.51345 45.21487 42.41006 16.31727 31.44432 21.96715 17.04032 16.98857 18.17043 42.30117 43.61082 17.34389 15.93171 11.86668 38.29538 22.20316 0.0 43.71289 0.0 22.35026 
1000.0 15.02483 31.54905 11.24822 0.0 19.42651 25.31474 43.10852 10.82284 24.37922 9.98738 39.12486 0.0 38.13914 31.59592 42.4547 15.79117 41.03518 25.50456 11.00444 0.0307 40.86399 9.41419 30.66265 41.4017 39.83503 42.3449 16.23294 37.58949 43.00986 42.60876 38.39775 21.71192 19.22979 42.9605 11.28062 36.14861 22.8879 11.71694 42.25624 34.75661 41.37246 35.92482 24.1959 11.48745 32.08889 33.95248 0.0 43.79538 0.0 39.13366 
1000.0 0.0 0.0 0.0 30.09522 0.0 0.0 0.0 0.0 0.0 0.0 0.0 21.59086 0.0 0.0 0.0 0.0 0.0 0.0 0.0 0.0 0.0 0.0 0.0 0.0 0.0 0.0 0.0 0.0 0.0 0.0 0.0 0.0 0.0 0.0 0.0 0.0 0.0 0.0 0.0 0.0 0.0 0.0 0.0 0.0 0.0 0.0 32.29021 0.0 22.27117 0.0 
1000.0 16.23417 26.72604 20.26759 0.0 44.65203 30.7014 20.141 35.39173 35.70982 22.70815 25.2207 0.0 32.59756 31.22953 29.99187 14.76086 30.72509 40.24907 18.45839 0.01163 36.8555 12.31312 35.97759 14.47586 11.04034 18.64036 13.28779 24.85106 36.10548 21.19408 35.43002 35.3371 28.34002 16.444 23.72965 19.73032 33.68008 38.55628 11.5081 12.27773 9.96732 30.19947 26.32555 41.31981 20.28612 29.54839 0.0 42.57825 0.0 10.51506 
1000.0 20.75273 14.98217 44.27618 0.0 28.25116 14.68329 27.06449 41.27638 42.56935 35.37734 26.97826 0.0 42.13927 14.41925 18.46776 44.0101 37.32547 25.49283 38.89191 0.0292 27.54239 20.65494 28.82562 27.85839 35.45284 31.85641 41.03706 21.17601 43.10903 15.78178 16.01021 15.21376 32.76837 18.39763 17.03255 27.34163 21.75648 32.06968 16.02574 18.23746 35.79216 19.48119 16.78246 11.88297 10.57881 24.17355 0.0 39.22566 0.0 26.77083 
1000.0 24.66422 23.59157 34.01386 0.0 22.3377 38.2178 20.33069 36.15055 33.01895 44.40071 13.7503 0.0 36.84378 42.07409 29.40919 21.13182 23.54639 10.99428 12.78941 0.01856 29.01134 39.97265 15.43974 44.94519 30.22039 44.92546 20.62254 40.0456 22.40096 35.66967 31.55516 17.89028 13.97484 22.58912 37.43504 41.6427 41.55924 35.36259 43.94008 35.68317 27.52476 43.01986 26.19397 15.56643 29.98315 32.82977 0.0 15.47342 0.0 35.44056 
1000.0 41.80244 19.67406 15.40898 0.0 32.93586 33.12237 22.27076 26.77022 12.65621 21.00181 17.68429 0.0 42.0196 14.25987 18.19464 13.30209 37.97544 24.91025 36.14972 0.04002 39.77908 33.33342 31.85141 44.37535 21.8367 30.03455 30.34712 20.41197 41.93732 24.23386 34.60902 12.71163 33.49644 16.52759 32.64721 11.51753 31.55593 31.1767 44.65288 19.59949 12.09863 32.41721 25.38901 16.66842 41.91486 37.76363 0.0 32.27773 0.0 35.20165 
1000.0 9.31303 21.87589 25.07523 0.0 10.72375 12.40457 16.29339 19.61408 17.47862 16.46786 25.57072 0.0 14.31936 27.12246 26.96587 44.8282 15.94956 45.38193 17.17933 0.01876 12.39409 29.56957 34.83527 44.04767 16.70277 23.53346 9.33427 16.02024 22.42637 29.96739 13.81127 37.03737 36.27011 28.32286 39.19161 9.12061 10.62644 18.12799 16.58268 9.2103 43.84393 16.9001 21.04459 24.52576 34.22208 14.41014 0.0 20.83445 0.0 17.84 
1000.0 24.92561 42.8832 9.29037 0.0 35.3983 20.97189 13.00238 26.4224 24.0297 39.55911 14.704 0.0 22.05004 16.83749 42.1422 42.50231 38.61344 45.22223 17.56718 0.02985 22.52514 11.93644 28.50346 21.96919 28.39991 16.33055 10.06722 35.03722 11.14305 19.46507 28.80677 16.91718 32.04824 35.52066 40.6097 40.03949 39.44344 45.17038 23.25006 41.71661 40.69496 33.79583 29.4435 24.13747 25.80884 10.66098 0.0 27.00613 0.0 19.87735 
1000.0 39.80788 25.47375 43.08307 0.0 41.6434 29.9079 31.75499 9.51196 9.47102 17.5555 25.54055 0.0 18.65678 36.57887 12.70974 35.25185 43.93216 24.75583 14.17413 0.047 29.53054 42.74079 22.56484 14.87233 41.0619 12.18869 34.43833 25.60835 35.25566 21.84081 20.20524 21.04576 33.29496 36.82473 40.88573 19.7188 44.41057 41.90013 40.34058 24.41351 30.38476 23.75897 31.82489 14.19594 35.65141 22.35579 0.0 13.74478 0.0 22.98841 
1000.0 0.0 0.0 0.0 16.37371 0.0 0.0 0.0 0.0 0.0 0.0 0.0 21.4098 0.0 0.0 0.0 0.0 0.0 0.0 0.0 0.0 0.0 0.0 0.0 0.0 0.0 0.0 0.0 0.0 0.0 0.0 0.0 0.0 0.0 0.0 0.0 0.0 0.0 0.0 0.0 0.0 0.0 0.0 0.0 0.0 0.0 0.0 36.83337 0.0 39.51952 0.0 
1000.0 36.12895 31.07378 12.67977 0.0 22.45892 26.09501 10.89946 38.84501 15.47581 25.53779 13.41034 0.0 19.1577 26.48933 16.5757 40.42319 21.96107 23.04115 30.60141 0.02007 24.02179 28.70432 18.06413 43.88977 10.15162 13.46138 20.07239 44.54465 20.60228 37.17192 41.17758 27.29994 37.12256 32.20488 36.08222 34.6535 16.33932 21.79527 44.51485 13.17191 27.1663 25.52696 13.57478 24.01583 40.59808 39.82473 0.0 14.05011 0.0 19.49717 
1000.0 39.20677 33.08198 12.86869 0.0 33.01193 13.9405 16.17802 13.25724 32.0716 39.33199 37.58449 0.0 32.233 18.45289 27.38844 42.29236 20.16966 22.53816 29.85158 0.02893 13.00753 17.18844 24.87882 40.17596 9.26317 33.12034 23.02502 9.39417 14.07668 19.38967 37.66085 21.13664 23.91742 14.93774 31.52007 23.15672 25.84845 34.07783 37.11311 35.47672 31.54144 32.81989 31.07104 25.38412 44.14041 37.35528 0.0 24.58941 0.0 20.5373 
1000.0 9.63326 43.6427 10.22138 0.0 17.3993 39.92964 17.72232 43.34996 23.20315 42.02622 11.04516 0.0 16.14405 26.96635 12.26053 32.08715 11.16032 37.98481 19.90183 0.02997 32.99892 27.49916 32.85648 10.90691 36.24873 38.79546 44.25239 30.22319 24.08116 17.41558 34.27595 23.74908 25.97649 20.22777 32.44723 30.65091 39.26491 38.81241 27.71829 34.67871 27.56 40.956 10.67175 24.60519 21.29418 36.31612 0.0 14.85356 0.0 27.09633 
1000.0 34.80057 16.29514 28.22377 0.0 37.56255 41.61138 20.74228 13.98676 33.08789 38.29514 40.90659 0.0 21.64059 28.95238 15.03589 16.20434 30.29696 33.0176 39.86565 0.0364 28.45165 22.26782 19.43064 33.97781 32.77591 43.7611 39.44117 16.03821 36.03135 22.10816 36.2538 26.29773 21.02934 14.4746 18.5491 9.91506 19.81898 13.28493 21.88624 34.96047 40.93845 27.80091 32.55934 26.2331 43.1669 38.00464 0.0 15.88167 0.0 25.58727 
1000.0 36.33391 23.18591 30.21541 0.0 38.75163 30.24994 17.40764 13.48835 27.60492 20.56507 38.07685 0.0 18.52481 39.98591 41.63973 13.80807 19.55994 18.1319 42.19615 0.02742 15.20321 33.88369 44.67933 39.64633 33.95351 37.62084 41.26032 26.92188 27.0178 30.9027 18.31357 42.86162 34.32076 20.54339 26.43664 33.63438 15.95932 27.25401 24.82285 17.37064 17.64284 15.62604 28.07598 24.38355 25.12148 16.52774 0.0 13.72371 0.0 14.9487 
1000.0 16.37424 24.98744 28.75536 0.0 11.78449 24.43537 25.64559 17.48369 25.27825 23.40177 9.43771 0.0 40.15016 13.76584 27.45844 14.37852 26.13607 15.29587 19.98138 0.0325 28.41221 11.62302 17.45608 41.10543 24.2126 16.11396 27.84925 38.46921 11.07638 14.94325 44.98047 40.70859 39.79309 26.23816 12.27202 9.57579 37.66585 39.43739 36.34154 19.69277 13.81622 39.9254 30.49489 21.37951 30.16179 29.06018 0.0 21.07068 0.0 16.33542 
1000.0 30.33761 27.29516 24.87197 0.0 31.47284 11.08811 43.9342 36.74259 42.8089 40.79544 26.94482 0.0 42.99049 21.14746 38.27039 11.53753 36.92525 34.49698 11.21553 0.02733 29.61425 26.43023 12.29483 18.1498 31.76034 29.39019 34.20048 26.33499 26.58832 18.47897 28.64154 16.69247 36.57395 9.24486 11.33468 34.22705 31.54681 35.74932 17.16806 31.55904 19.55643 10.99971 36.48625 17.1025 29.59392 25.62673 0.0 43.99605 0.0 17.7229 
1000.0 0.0436 0.15584 0.09914 0.0 0.06826 0.18318 0.15906 0.148 0.11407 0.13116 0.12678 0.0 0.06917 0.08068 0.03968 0.04071 0.13554 0.07831 0.11525 14.3277 0.13519 0.04019 0.08183 0.18824 0.12423 0.06899 0.05769 0.16898 0.03997 0.10543 0.18327 0.14172 0.05816 0.1343 0.18543 0.17426 0.12339 0.08352 0.03845 0.09924 0.07732 0.16059 0.1391 0.15957 0.1717 0.06714 0.0 0.09341 0.0 0.07689 
1000.0 41.72608 40.48875 17.1662 0.0 28.95485 15.91992 11.23896 41.78241 39.58775 9.26527 10.04575 0.0 35.32239 28.30142 34.06936 43.44171 15.06558 10.52881 20.86464 0.0457 39.22555 18.39509 22.34358 13.38103 42.6249 32.55343 18.66304 13.68768 44.1596 29.45293 29.68323 17.07489 24.39013 37.47013 24.66887 13.10666 26.9545 39.30924 15.61213 43.23473 32.07045 19.78752 30.4727 39.4926 17.87336 21.66248 0.0 32.31261 0.0 11.68673 
1000.0 39.62421 17.75805 40.21082 0.0 19.87226 16.87289 24.11208 29.91238 26.32563 42.72707 22.02158 0.0 12.43219 10.80145 41.16812 41.29982 21.51384 13.89463 10.55521 0.03479 42.63295 42.35126 9.96944 36.46809 17.50675 39.79172 27.22043 28.67069 14.92483 37.04124 24.99189 9.81293 25.47753 34.80162 42.66426 14.42301 16.68792 15.99914 38.70081 34.38164 40.88575 31.30892 24.54173 43.61147 44.52099 25.96793 0.0 21.12 0.0 10.64858 
1000.0 31.09786 14.62766 40.08577 0.0 25.51808 28.99555 31.90946 28.43076 21.79737 40.58967 41.27183 0.0 30.46709 39.27629 10.51688 33.53161 37.57717 22.19983 28.39883 0.01861 30.80739 36.73609 10.24439 37.8101 41.34992 32.34755 38.78848 16.8969 10.97237 23.7125 24.82391 16.30183 22.88627 9.67743 34.2154 44.85479 20.73533 40.01336 34.21045 12.51663 35.45028 13.81115 17.07532 20.85546 25.21224 26.19418 0.0 45.26548 0.0 27.7901 
1000.0 28.75274 41.033 12.6611 0.0 12.44088 35.08698 13.98223 36.07713 13.53191 40.56824 18.64379 0.0 40.83707 13.79717 38.19821 24.3074 34.43632 26.43249 41.20332 0.01987 29.65956 18.5362 24.30983 15.45351 31.55599 29.28233 36.23023 35.58597 30.06781 27.52363 11.31848 39.72932 42.57592 31.3833 26.15946 34.14028 12.17888 11.32856 41.55808 29.28521 35.22579 35.68569 14.83796 33.75305 17.06892 25.36553 0.0 25.01805 0.0 9.90977 
1000.0 37.79006 24.08895 36.60834 0.0 27.8582 42.85825 18.47635 40.37975 15.77678 42.76527 17.01506 0.0 23.90019 9.5796 24.38422 28.95482 9.82527 39.08158 22.05363 0.02317 30.97689 19.91604 21.64162 19.51284 17.1569 17.52063 10.48873 15.59149 29.15428 17.98263 13.46391 14.08393 14.27823 30.70096 12.32582 10.05421 16.86343 43.43466 43.57461 36.20153 29.03252 38.21004 23.54138 44.56668 38.33415 36.10408 0.0 17.65062 0.0 25.30477 
1000.0 9.29103 28.65094 30.59669 0.0 17.52889 41.76802 20.25846 16.60301 22.73385 11.14609 26.62264 0.0 18.18334 23.49521 24.12458 17.96118 37.58781 45.00517 36.91863 0.04007 39.92059 14.59667 37.71962 10.31111 38.57604 13.62771 20.40791 39.75841 38.00329 35.7616 35.39225 32.36453 32.11404 37.68234 32.49148 42.45534 14.79315 40.95148 28.55873 26.69142 25.58517 39.54855 13.09764 30.74056 29.96315 13.27169 0.0 16.6154 0.0 41.59165 
1000.0 39.4907 19.05333 39.26677 0.0 32.97363 30.59823 17.54663 22.09312 44.80201 42.88521 25.5962 0.0 13.20916 30.17924 34.96797 17.66167 41.91632 30.77287 29.77628 0.03008 27.64076 18.14739 22.89086 15.58804 33.31622 39.9393 12.07248 32.83 16.82674 23.96442 30.87703 11.12746 21.38642 19.04285 29.11149 12.86751 11.59124 16.3283 30.00492 31.18654 30.16521 11.58037 22.5153 15.82606 25.5312 17.49568 0.0 30.99817 0.0 12.56942 
1000.0 26.76339 43.52473 13.96777 0.0 32.67596 25.21311 20.4139 38.63484 33.79027 35.56557 16.24679 0.0 44.3979 12.58949 39.99229 41.39641 22.19016 11.30375 21.09706 0.01354 21.64379 44.3035 29.60202 30.70649 22.15474 44.2644 21.34264 16.01503 17.09902 44.58052 32.96814 11.74062 36.63048 23.02979 14.29763 12.16497 24.99567 38.81479 20.50726 26.17266 13.50525 25.48453 15.1562 19.73955 33.04327 22.29226 0.0 23.47829 0.0 24.33846 
1000.0 32.33461 14.933 19.80588 0.0 17.50016 44.87656 11.52174 38.85426 11.4676 43.27317 14.64519 0.0 30.13324 27.65564 30.62632 39.98711 16.61151 37.85579 43.01245 0.01604 42.59391 30.11157 16.6254 19.91039 27.90593 28.31885 42.78514 41.3128 22.70585 37.21243 14.28524 41.64528 18.34145 35.40857 17.10424 30.24049 22.84711 19.25856 42.69546 12.68711 40.86404 37.67167 20.36675 9.51829 9.28325 23.37999 0.0 41.47665 0.0 29.83433 
1000.0 17.69445 22.63707 14.53221 0.0 27.11603 38.13335 22.10915 29.8886 29.14408 13.46236 25.36726 0.0 18.84426 45.1798 34.02357 16.33747 41.04456 30.87288 9.29274 0.01854 24.81151 41.3831 42.60467 40.48061 30.91965 43.40607 30.88232 45.29623 33.91594 27.53118 35.60222 9.25967 30.09895 13.57523 37.4843 34.09467 22.80625 18.18747 10.44498 18.56638 29.82143 29.92608 14.36298 36.18999 14.09959 24.47292 0.0 35.05652 0.0 29.75494 
1000.0 17.67072 43.08186 10.7699 0.0 44.3246 20.84451 10.05596 17.33358 33.19652 12.03073 43.0938 0.0 19.71946 26.89914 41.40687 44.73975 39.4933 36.45557 36.27622 0.00977 32.96023 27.67693 17.45612 12.49089 40.7779 30.75691 13.42262 32.9927 18.8239 9.25608 44.3669 33.15384 21.97499 18.66222 26.77043 15.53278 40.27631 10.06944 35.6489 16.00514 12.86691 44.37024 32.35675 28.96931 41.84135 38.47024 0.0 44.19622 0.0 42.46387 
1000.0 26.63751 33.34891 32.06987 0.0 35.81823 9.28995 12.99983 31.99195 42.72649 23.01415 44.57604 0.0 12.08967 38.11305 25.83101 37.5519 29.1072 25.63575 36.52785 0.03364 25.02903 10.68522 13.79634 24.31516 42.36268 15.20363 23.47148 44.20773 18.86526 11.13544 43.10058 39.48865 26.74822 32.23824 30.34508 24.03625 24.01984 9.29771 27.04831 31.72435 11.5052 29.10763 34.20201 20.05608 13.82588 41.14093 0.0 21.29258 0.0 28.64423 
1000.0 34.38172 39.76389 9.23094 0.0 24.33227 38.28627 39.82387 16.00092 25.0039 28.14098 19.2177 0.0 23.35915 40.8706 22.25276 37.65662 27.56944 20.21706 33.56248 0.02279 22.21071 32.64258 36.26205 29.45233 12.86342 29.86838 35.36974 11.15242 40.39628 36.29115 38.74131 24.31686 31.14951 23.9493 43.43828 25.9711 39.82787 28.14043 12.80661 28.10998 39.8683 14.93188 23.81964 27.30809 26.22693 44.94037 0.0 11.37982 0.0 20.50622 
1000.0 44.39692 16.84643 16.30053 0.0 13.64031 11.23019 42.87941 34.97545 41.90484 15.37655 39.28919 0.0 35.07177 23.88125 32.16837 41.85046 37.01461 17.85789 43.13921 0.02056 40.7672 23.41156 42.26472 11.82596 12.49014 9.77743 29.67181 30.05163 39.79056 19.61488 27.74314 33.22629 18.76424 20.03055 21.97992 15.95769 29.87876 12.14031 39.08379 20.4547 40.00737 41.54788 19.46982 10.17238 25.78597 24.67918 0.0 35.00296 0.0 29.95805 
1000.0 15.25011 32.463 39.22253 0.0 31.52504 24.50717 42.13406 9.74372 33.47158 37.47481 23.99292 0.0 30.66183 12.31767 34.29898 41.82668 20.87765 18.1658 24.4956 0.02618 41.46714 37.32406 14.86404 37.77353 38.8559 36.41005 25.22479 24.81716 12.87723 32.32145 40.0701 35.24548 9.46923 43.46072 16.03814 29.92773 9.69691 30.35301 12.67363 30.36905 10.10389 18.21798 9.11131 25.29963 17.8585 36.73667 0.0 37.42172 0.0 24.65747 
1000.0 21.50638 32.80467 16.62218 0.0 34.44703 23.05609 42.99083 13.618 34.45704 27.45842 40.15058 0.0 39.45114 18.50026 22.14748 42.57911 23.00998 28.65398 41.96601 0.04675 23.42191 34.09038 22.24904 31.7666 33.388 39.09534 20.99021 26.37005 32.61661 28.5209 13.12944 40.20957 43.26937 12.42601 11.63352 12.71892 19.23904 42.32778 22.28788 21.32078 40.43455 19.78869 9.44417 19.87691 16.464 29.18318 0.0 36.51346 0.0 12.15442 
1000.0 17.56731 34.88585 43.57557 0.0 28.48805 9.54764 19.00875 15.7976 19.36449 25.66559 32.12234 0.0 45.13769 16.81481 14.65535 9.58758 26.74336 37.02651 34.86793 0.03635 11.84752 32.4321 19.76454 23.94588 30.88941 13.91046 34.87089 15.18542 15.81287 9.60433 18.79169 33.55829 33.59871 11.53284 40.79912 32.95698 33.5336 34.03962 30.85464 41.56157 21.30951 40.78151 23.02606 24.10142 12.73882 21.60707 0.0 34.40452 0.0 33.01921 
1000.0 36.12563 14.91188 10.1871 0.0 38.27507 29.13527 19.70568 24.80185 26.04025 17.80679 35.74033 0.0 22.80026 28.2191 15.79064 35.33594 40.8567 41.5584 43.34082 0.01961 22.33409 44.51404 37.38051 9.17459 13.3735 35.72227 37.21896 39.03528 16.97271 10.50699 25.03299 41.67007 40.76668 35.35715 22.96691 15.10991 38.45724 18.60582 39.23447 27.10115 9.4124 20.55665 17.70186 39.20497 19.66709 34.38573 0.0 20.92468 0.0 18.78965 
1000.0 12.00875 40.14329 40.56485 0.0 30.86977 34.79801 30.35526 33.34987 32.89688 23.15851 25.2609 0.0 17.59348 41.34012 38.34119 26.69121 43.07924 35.99134 18.90197 0.01271 29.6096 12.06405 26.08719 43.19255 44.42065 34.13373 28.59824 27.68659 36.38034 23.05765 28.54807 42.46636 14.00386 28.92324 28.77872 12.52326 31.38035 33.40649 17.85489 33.36054 25.03178 32.71634 37.29339 31.33821 33.85526 25.40049 0.0 35.70293 0.0 31.37934 
1000.0 33.79688 31.12256 27.01309 0.0 17.07762 19.13538 25.10574 13.03981 41.57949 16.43037 17.86697 0.0 26.79638 44.3566 26.94214 29.01372 43.87481 39.84221 27.38577 0.01446 30.82283 35.04146 21.27189 28.24063 12.44957 31.65262 19.0448 44.32413 30.87845 25.89009 39.9672 33.28234 13.41712 27.59063 32.37228 26.39212 39.74481 27.68271 43.12799 22.76165 23.78413 25.19372 19.79071 37.69601 36.27304 10.174 0.0 20.43552 0.0 44.97741 
1000.0 23.58065 18.31834 27.92963 0.0 41.6107 11.63638 17.54706 13.96872 23.80942 41.34115 41.78662 0.0 25.61592 12.15148 44.96777 13.15667 30.26436 41.05057 34.4128 0.03421 44.06482 24.54252 42.63707 45.24026 15.48251 13.47151 19.44295 17.48091 33.1076 41.04287 42.2185 17.88789 13.31879 22.51155 38.48736 39.10489 33.09658 37.77862 9.93357 27.83759 32.73341 41.75187 9.93298 19.7257 43.82282 37.42157 0.0 33.54137 0.0 13.78525 
1000.0 19.20615 18.20371 26.50905 0.0 20.68111 9.65947 43.11379 24.75997 21.75179 18.16408 22.75538 0.0 18.65807 16.41768 17.9005 38.32676 17.07521 33.82005 34.3537 0.01269 33.26289 29.53813 26.43545 44.58608 31.04033 44.15545 11.30855 35.51561 37.6142 17.16546 36.39112 30.86709 21.60861 19.22699 24.19146 14.37551 44.68416 14.1671 33.24532 40.65791 44.46995 27.14804 30.05844 38.94638 27.62615 40.06692 0.0 36.50511 0.0 42.79776 
1000.0 23.37304 41.00764 25.06979 0.0 29.74615 27.48618 14.51 11.00367 18.05278 23.53043 19.03827 0.0 44.44316 41.06966 12.81997 30.78496 33.96658 43.70037 16.65461 0.03247 21.08848 26.21495 43.70784 30.1663 13.55778 41.99496 34.59537 43.88457 9.76504 16.52764 30.26659 17.31921 23.32162 23.49792 15.9698 20.43582 14.76559 15.59064 33.43213 37.03237 27.51353 42.83223 36.45642 15.69926 13.57503 33.55846 0.0 39.70301 0.0 17.46677 
1000.0 42.32814 15.14345 28.86766 0.0 19.97394 42.31277 28.92422 12.29054 26.49085 24.36131 41.10958 0.0 29.79285 10.07291 17.36207 11.2217 14.70068 18.10937 24.82516 0.04041 26.71755 13.9355 21.25321 25.94385 29.77582 37.86429 40.32032 18.50887 35.17716 36.20518 28.38306 11.40485 12.84822 19.61105 32.37708 31.72405 10.24672 25.18906 21.77799 36.55975 45.25844 43.85979 36.22706 12.45068 12.21285 24.86614 0.0 22.433 0.0 14.42643 
1000.0 32.31719 39.25995 11.87782 0.0 43.71168 10.20049 20.456 42.03611 18.88529 20.5771 30.09078 0.0 9.25806 32.94332 16.55553 41.76703 11.68806 24.58549 12.94154 0.02267 33.33207 42.00978 27.31309 13.381 14.13129 34.6425 27.11175 9.58927 38.50555 10.19557 31.212 19.41306 37.06112 17.69455 34.49452 40.54361 24.56598 24.27458 29.37249 27.34329 43.74096 38.13793 13.31292 43.6111 19.50637 23.8463 0.0 39.15256 0.0 42.32832 
1000.0 28.68216 42.12778 24.04634 0.0 38.68463 12.72961 13.81978 45.1167 13.16381 11.54565 36.03909 0.0 27.39432 38.85665 32.7956 24.37518 40.12962 33.53621 18.25451 0.01821 10.3017 42.73851 25.99924 10.56786 16.30964 16.55166 34.83533 21.13516 38.26714 24.44474 30.65936 37.551 18.97367 27.86307 36.96049 13.29533 21.76762 34.45948 22.38445 40.76688 14.13262 10.16542 23.30549 23.22178 38.0229 38.04394 0.0 34.59344 0.0 41.32163 
1000.0 0.0 0.0 0.0 41.59035 0.0 0.0 0.0 0.0 0.0 0.0 0.0 35.17714 0.0 0.0 0.0 0.0 0.0 0.0 0.0 0.0 0.0 0.0 0.0 0.0 0.0 0.0 0.0 0.0 0.0 0.0 0.0 0.0 0.0 0.0 0.0 0.0 0.0 0.0 0.0 0.0 0.0 0.0 0.0 0.0 0.0 0.0 45.24261 0.0 27.72327 0.0 
1000.0 39.67269 18.16914 44.88887 0.0 31.40135 39.35758 25.88931 36.73184 12.5813 32.18192 29.55327 0.0 28.96848 9.15556 20.51238 29.32546 18.78712 18.39415 17.58328 0.03557 36.90143 37.61104 44.60245 22.25617 20.91279 40.13052 23.00186 38.34566 34.69083 27.99488 18.99905 41.40626 33.4112 36.45882 28.50721 19.69722 33.55792 11.67899 40.09112 21.52819 21.27793 36.33246 36.86393 39.53269 44.58264 11.30436 0.0 19.03472 0.0 39.4226 
1000.0 0.0 0.0 0.0 39.33648 0.0 0.0 0.0 0.0 0.0 0.0 0.0 27.90675 0.0 0.0 0.0 0.0 0.0 0.0 0.0 0.0 0.0 0.0 0.0 0.0 0.0 0.0 0.0 0.0 0.0 0.0 0.0 0.0 0.0 0.0 0.0 0.0 0.0 0.0 0.0 0.0 0.0 0.0 0.0 0.0 0.0 0.0 44.64593 0.0 35.32143 0.0 
1000.0 25.77419 30.08401 12.68921 0.0 24.92403 18.77875 28.6758 30.47126 11.31177 14.34618 32.64374 0.0 34.52983 28.12394 38.61794 34.12984 11.17929 10.20452 18.40517 0.02806 34.365 13.70991 21.09701 20.42118 23.8286 25.97105 38.31712 14.64296 23.74609 11.74338 39.16938 21.27138 35.5495 28.59244 28.71678 25.79238 24.99885 12.09507 44.93799 35.11433 28.60927 29.13143 14.08185 14.36002 31.37687 43.92988 0.0 24.49489 0.0 17.169 
