1000.0 1000.0 1000.0 1000.0 1000.0 1000.0 1000.0 1000.0 1000.0 1000.0 1000.0 1000.0 1000.0 1000.0 1000.0 1000.0 1000.0 1000.0 1000.0 1000.0 1000.0 1000.0 1000.0 1000.0 1000.0 1000.0 1000.0 1000.0 1000.0 1000.0 1000.0 1000.0 1000.0 1000.0 1000.0 1000.0 1000.0 1000.0 1000.0 1000.0 1000.0 1000.0 1000.0 1000.0 1000.0 1000.0 1000.0 1000.0 1000.0 1000.0 1000.0 
1000.0 21.60284 11.45224 18.96538 0.0 26.85293 25.86629 26.63877 22.81222 30.4396 11.57531 26.36238 0.0 6.70521 11.31054 9.58163 17.06901 32.78469 17.57992 15.4822 0.00827 20.20436 26.6578 24.13912 19.26058 25.16253 9.6929 22.39092 31.47534 12.18314 19.40171 14.78972 18.71545 13.8842 10.34514 23.36845 25.15248 19.09663 17.10365 32.70019 32.59904 24.83582 32.43122 13.03991 12.82285 15.95497 17.29332 0.0 9.7959 0.0 27.92713 
1000.0 11.17838 30.46657 18.41708 0.0 22.93362 26.01629 20.93364 16.59436 20.64354 26.00813 26.74052 0.0 29.61567 33.18445 12.74053 8.6041 21.39228 10.43891 30.59395 0.02112 8.38597 13.59991 21.19533 20.48495 13.47006 29.47502 9.915 7.49448 17.84789 29.12284 17.87683 29.64421 14.29904 28.32439 23.91174 9.34807 27.23535 24.42246 19.32733 15.42369 23.16325 26.5173 26.52664 21.9375 12.10731 15.80801 0.0 9.69337 0.0 25.0816 
1000.0 18.32712 21.68553 20.80392 0.0 7.15853 24.92842 19.39509 20.27396 26.60842 7.74197 7.66578 0.0 32.17993 24.52641 7.22701 13.46364 20.5615 19.63819 10.28117 0.00866 20.72081 10.50035 16.30829 20.5902 17.03826 20.75744 29.51637 24.63562 8.78225 13.4899 18.29262 15.50274 12.38043 8.08827 25.55863 14.03964 33.3029 27.8396 29.22372 17.24687 9.19029 13.89011 33.02971 7.22863 22.96477 30.92635 0.0 8.91053 0.0 27.26822 
1000.0 0.0 0.0 0.0 16.15718 0.0 0.0 0.0 0.0 0.0 0.0 0.0 29.20471 0.0 0.0 0.0 0.0 0.0 0.0 0.0 0.0 0.0 0.0 0.0 0.0 0.0 0.0 0.0 0.0 0.0 0.0 0.0 0.0 0.0 0.0 0.0 0.0 0.0 0.0 0.0 0.0 0.0 0.0 0.0 0.0 0.0 0.0 9.96366 0.0 8.7881 0.0 
1000.0 24.46822 23.86866 13.51563 0.0 9.64333 22.40088 6.7883 32.7559 23.09841 30.17834 19.97007 0.0 31.58344 28.96508 8.22239 10.28454 7.69189 10.09823 26.39763 0.00958 22.57606 7.80801 9.19566 18.72381 10.02805 30.88813 23.84976 18.13289 14.37721 31.311 10.37719 14.81474 26.37825 9.04956 19.43183 23.59102 14.35783 17.46517 21.79505 26.71867 25.34122 11.47758 7.86212 21.92135 26.61758 30.70912 0.0 30.46121 0.0 19.85913 
1000.0 13.50927 6.98951 7.44031 0.0 32.97688 26.04459 31.38889 28.13857 29.45108 6.91384 11.15425 0.0 17.0982 28.2462 30.9767 29.83866 31.46876 29.28446 27.87345 0.0113 24.94537 22.03743 21.95721 25.45181 18.07078 11.82208 20.4511 32.33008 14.36112 17.45721 8.32655 9.3051 16.26063 19.37753 26.9833 17.2973 31.98441 12.13129 27.11008 20.03997 32.93411 29.1162 13.8797 24.07096 23.50443 30.527 0.0 16.19168 0.0 27.21304 
1000.0 26.66573 33.15902 23.4729 0.0 26.76333 21.14326 10.16941 8.39068 20.35294 29.40972 24.80957 0.0 30.74814 30.19833 23.20986 16.50076 25.08096 25.68258 13.18738 0.01529 16.48719 17.31251 10.31024 22.23941 13.50574 29.1127 24.23514 10.70526 24.21838 29.82596 29.65893 25.76725 24.49147 31.81425 23.98115 27.18534 10.67399 19.61865 25.52063 22.74673 11.78747 27.38219 32.73662 18.62202 27.23892 25.17468 0.0 25.30817 0.0 28.58891 
1000.0 25.54252 31.98226 22.04341 0.0 14.32446 18.67999 12.99007 25.3598 30.01634 30.12871 27.51521 0.0 18.43407 26.10808 31.39398 12.3989 15.75403 7.13009 18.57796 0.03973 21.82876 21.7554 24.41625 28.78024 26.15788 31.12739 14.79564 25.06547 16.41928 6.76095 7.08323 30.90503 21.85217 32.08527 20.16567 22.10449 31.28695 24.94533 9.70949 21.97965 21.54764 21.91501 7.94213 9.82533 13.2908 16.05578 0.0 31.97279 0.0 15.11924 
1000.0 20.87174 25.66885 22.36157 0.0 18.24289 15.49 14.98696 9.94587 18.81556 14.06134 14.7643 0.0 16.18354 19.89188 24.35199 14.99325 11.64292 26.1586 32.57322 0.02356 7.30156 14.81307 21.99651 19.65216 13.05906 27.4406 20.10855 15.69026 16.65145 30.67358 24.1547 24.71251 7.57394 25.30534 28.81202 26.3698 31.52072 8.11397 22.0802 19.50705 27.02495 28.03049 29.13321 12.34716 11.08915 24.74596 0.0 22.71381 0.0 17.83728 
1000.0 8.36931 25.90541 29.48082 0.0 30.59168 10.60784 15.0933 25.4379 10.67478 19.15584 33.13767 0.0 32.40239 28.02265 25.03766 22.30455 8.35232 24.83207 24.94008 0.01795 12.08206 19.56107 27.40644 12.41458 26.20467 17.62248 31.00055 27.3282 22.0907 14.7747 10.15989 23.47461 14.56566 7.26441 11.81905 25.78338 28.95268 8.1437 23.84912 9.11458 15.50548 17.60729 30.45146 32.50442 14.78454 10.75796 0.0 20.17435 0.0 26.79863 
1000.0 7.9863 25.3761 21.59123 0.0 18.3734 30.82976 8.46918 8.91753 14.25332 32.57157 11.46811 0.0 27.31474 31.68002 25.00634 18.32439 16.53084 24.26654 12.1973 0.0386 7.37266 9.95492 13.13439 21.31688 8.0029 12.38534 18.89231 23.58755 24.51314 20.63841 7.45461 14.42661 15.88792 32.62239 12.64116 16.85676 32.41451 30.19683 8.27901 13.20415 25.02894 27.47976 24.00008 14.75652 31.85751 25.31176 0.0 30.19662 0.0 18.96518 
1000.0 0.0 0.0 0.0 21.9393 0.0 0.0 0.0 0.0 0.0 0.0 0.0 31.04551 0.0 0.0 0.0 0.0 0.0 0.0 0.0 0.0 0.0 0.0 0.0 0.0 0.0 0.0 0.0 0.0 0.0 0.0 0.0 0.0 0.0 0.0 0.0 0.0 0.0 0.0 0.0 0.0 0.0 0.0 0.0 0.0 0.0 0.0 26.18365 0.0 11.94704 0.0 
1000.0 24.9714 14.14246 11.58579 0.0 22.75278 31.44293 17.50885 10.78488 26.86834 17.81206 25.34908 0.0 30.40723 7.97547 24.39541 9.07597 14.36325 7.60988 31.1594 0.02979 13.60075 25.89922 25.93971 7.38389 8.47473 32.0491 22.57082 22.53938 20.38817 8.17606 30.78299 14.8805 9.25988 25.80604 11.34032 32.84386 11.77911 8.08598 11.34316 16.75432 16.74237 10.55033 23.3925 10.79623 11.07319 15.43977 0.0 31.68805 0.0 20.54383 
1000.0 27.52201 18.90816 13.83674 0.0 22.10272 21.31013 8.4808 15.96873 31.45563 15.81179 8.0361 0.0 31.2742 28.91916 8.60495 25.44517 23.76115 8.71746 23.44651 0.01539 10.84244 8.93789 12.21634 17.13245 30.35081 12.16931 7.15025 27.1701 26.60987 23.51849 20.99846 16.14671 11.1288 16.99141 26.42523 10.10299 22.38562 33.08333 30.61184 13.52561 24.011 20.33216 26.56275 22.13706 26.73438 29.92637 0.0 19.07459 0.0 29.62826 
1000.0 29.90306 30.98848 23.59763 0.0 21.49832 15.42396 20.43435 21.50175 17.81914 30.76859 10.33316 0.0 15.38711 8.00436 16.5858 12.61016 15.89918 12.44522 28.05581 0.03745 26.85072 31.76232 22.51913 29.47797 12.58697 17.77554 20.40561 12.20754 15.81249 12.93184 25.20912 11.70751 22.70169 24.47495 17.93263 27.47575 22.34997 16.27223 30.24759 23.63878 14.09815 16.93379 23.21615 18.29162 21.34234 15.44429 0.0 16.56181 0.0 24.27078 
1000.0 20.3743 8.78746 28.02002 0.0 31.65878 32.2544 23.16482 25.59786 22.94141 27.80297 19.24341 0.0 17.02565 25.35906 26.82781 23.48673 25.56349 26.28506 13.62728 0.01369 14.69152 17.94557 26.52526 11.03146 10.30759 28.20969 18.74518 25.35274 28.38187 18.23156 17.65995 18.70079 18.49954 7.63287 8.49816 7.75476 17.29354 24.713 12.48789 29.91112 24.48099 12.70751 28.44644 24.66295 17.80323 7.86667 0.0 19.65956 0.0 9.27718 
1000.0 31.53942 12.5874 18.54527 0.0 20.63573 11.34672 29.04955 19.81886 29.24553 24.91347 31.9623 0.0 18.64338 27.18781 22.84438 9.2992 23.65937 14.41183 20.30266 0.03695 25.23691 17.56129 16.51427 8.76497 33.28035 18.55543 9.05855 15.14634 17.50652 27.44165 11.62854 28.20687 17.14368 12.14016 21.30456 24.97369 21.23327 19.43191 29.84768 17.55047 26.65681 9.58336 10.71755 17.30437 16.90893 21.76666 0.0 12.5948 0.0 18.45419 
1000.0 12.87998 32.33699 14.17968 0.0 23.90343 22.55836 12.13398 30.54234 16.60965 18.06482 27.51972 0.0 27.49513 24.27485 32.81447 18.61123 10.17112 31.72714 24.48458 0.01014 7.33019 19.49351 19.45765 26.63261 22.96163 24.47492 33.0313 8.36764 13.06573 12.06253 12.69769 22.14998 20.43312 11.66652 28.86995 24.03941 11.5087 19.94169 14.65879 10.65235 8.99884 23.88437 7.14049 14.12965 14.65785 16.21604 0.0 31.08625 0.0 29.57395 
1000.0 16.34769 23.92491 21.10118 0.0 20.26497 15.11654 13.65074 16.99317 30.42099 9.80495 17.64312 0.0 24.31542 32.80594 31.87631 9.02024 9.2921 25.64056 6.7595 0.01196 18.7067 10.85341 15.64913 29.31297 19.79898 31.51349 29.25747 10.70669 15.387 20.64133 13.76871 27.44917 24.01473 23.3359 9.52528 19.88319 18.41372 12.21644 19.88679 32.52197 14.81885 25.10802 19.25877 26.59784 20.93222 16.89414 0.0 32.00922 0.0 27.06879 
1000.0 0.1376 0.11398 0.04439 0.0 0.06469 0.08586 0.05863 0.05361 0.08632 0.06991 0.08273 0.0 0.06098 0.14398 0.162 0.04175 0.03772 0.08048 0.09194 27.8452 0.06265 0.15607 0.03902 0.11189 0.07813 0.13602 0.04803 0.06084 0.0758 0.05255 0.07451 0.14412 0.0854 0.11183 0.07748 0.1237 0.08159 0.0854 0.06074 0.13598 0.04677 0.15341 0.04745 0.09201 0.14829 0.12194 0.0 0.11542 0.0 0.14153 
1000.0 22.92404 27.35366 15.19037 0.0 29.80866 19.13053 33.1575 17.8956 31.54856 12.43785 7.86653 0.0 32.68264 14.30093 22.70499 9.22516 10.8601 29.75342 29.25077 0.02427 32.90506 13.85685 32.87557 8.81297 15.74573 24.32104 11.72124 22.03266 21.32095 7.42427 28.4643 16.12573 33.31523 31.02937 24.71186 29.24965 32.06565 29.92157 18.11899 26.22049 11.31118 18.90181 9.8817 12.15342 16.31007 30.18996 0.0 14.12613 0.0 11.53212 
1000.0 18.8586 18.841 28.27391 0.0 19.73647 22.52591 19.19958 20.68179 10.88788 13.8142 16.07353 0.0 14.70038 25.87723 33.01217 12.41786 27.98796 32.88495 13.33603 0.03015 19.61764 7.4976 25.94594 16.81988 29.85401 31.41893 12.8909 9.80597 10.71769 17.97913 30.8523 7.29334 18.97562 17.37682 18.14938 24.09293 24.40637 15.85375 23.68785 23.89523 14.53957 31.20138 16.17862 26.99847 17.96424 28.53869 0.0 28.86358 0.0 28.24243 
1000.0 17.44708 8.43901 14.76196 0.0 9.05001 11.74934 14.47861 20.88226 17.3489 7.4824 17.9948 0.0 24.82467 31.0433 23.2866 14.0021 26.36104 8.45563 16.55663 0.03569 29.59001 24.78362 11.29077 18.75529 17.64735 18.79448 12.43612 30.86967 11.08919 19.06413 23.9897 11.60275 19.75532 24.70595 22.25667 18.80205 19.98681 19.54403 8.32575 26.48585 14.69994 25.88994 28.53203 27.40381 14.56834 17.95773 0.0 25.73934 0.0 27.47656 
1000.0 27.89254 11.93833 25.79374 0.0 9.17916 15.79359 9.27924 21.06155 20.05359 29.64803 14.28209 0.0 17.61174 27.82324 10.93035 21.2331 22.41139 22.15929 9.60734 0.03287 32.44062 7.82382 26.3026 10.80031 20.81408 12.87763 20.11878 32.12476 14.8442 12.07222 6.84914 8.12208 11.85251 9.17635 24.90324 26.99949 31.02802 31.10458 30.86485 18.10302 31.42283 21.97094 21.93601 25.01357 16.6444 22.15611 0.0 16.85197 0.0 10.82163 
1000.0 21.77972 19.66888 11.66864 0.0 8.33669 30.74932 10.50708 29.42995 30.72963 16.47025 8.03979 0.0 6.70029 14.26538 10.96134 8.35201 24.76189 16.73115 25.62211 0.01819 17.73366 20.58415 24.77026 14.73727 33.12597 25.13151 25.92611 8.91704 29.34553 32.81946 17.79071 30.55444 26.6895 15.75889 23.46688 8.19575 8.63569 24.04568 25.17553 27.66625 18.73911 14.13464 8.56368 11.65817 22.40974 8.02951 0.0 17.64859 0.0 30.28694 
1000.0 14.62078 12.86507 11.4091 0.0 32.32474 15.14067 20.58767 24.459 32.46201 33.34048 28.64561 0.0 25.8119 23.02871 16.16844 24.25582 9.33323 30.9421 24.66504 0.04083 25.90872 13.76906 6.77852 16.26361 9.12763 25.49275 30.53577 29.00195 15.06859 23.9481 10.72234 29.91588 9.33019 27.13146 27.48908 33.11482 21.05342 13.99547 10.67073 31.68924 16.10599 14.89149 28.57038 10.71781 13.86841 17.26833 0.0 11.92828 0.0 29.0939 
1000.0 12.3444 26.18668 26.83317 0.0 16.20356 25.39993 28.72294 19.01622 13.86823 10.05073 28.3043 0.0 13.34175 20.42533 14.28548 14.4497 19.68981 25.98453 32.12794 0.03233 28.84279 26.94997 27.26433 9.62485 15.40695 20.11184 29.52422 19.04617 25.41397 20.26552 17.26517 19.05305 15.75013 22.49736 8.55628 27.36328 20.08762 11.61607 14.57272 24.94804 11.69352 23.30062 26.24187 12.52713 14.36768 12.20294 0.0 13.94216 0.0 29.47555 
1000.0 19.64984 10.54332 12.35464 0.0 9.2351 18.01848 16.5024 8.07064 15.25596 24.68097 24.80501 0.0 9.58848 7.78865 7.35532 31.58064 31.44525 26.46947 8.49628 0.03968 9.9772 19.81736 20.65848 32.13733 25.94811 28.79928 22.55363 13.01275 33.35186 8.33437 31.27547 9.82125 29.4526 11.29493 26.35289 33.33324 32.4556 21.67361 13.06312 32.9332 24.98322 12.20358 10.46823 20.13354 19.30854 9.08834 0.0 23.5187 0.0 21.37671 
1000.0 29.38566 30.85907 31.42904 0.0 19.15289 19.98443 24.34491 12.70422 22.25586 32.22605 17.17681 0.0 33.26529 24.61041 8.17065 10.29156 10.87442 31.68495 24.54505 0.0246 26.20083 25.0239 6.7031 7.8639 27.16986 15.5004 24.3474 8.58611 16.00724 29.13076 7.37716 29.46883 30.037 32.71621 14.16081 10.77913 29.43332 21.39436 13.80983 8.64403 22.25203 15.80638 20.09127 16.12721 28.96582 30.63671 0.0 25.02184 0.0 26.57725 
1000.0 23.9328 8.98123 9.74608 0.0 26.70866 30.72591 25.68795 9.35911 11.99795 16.11157 13.80437 0.0 16.51172 13.57277 32.30152 22.81815 13.8856 8.91248 26.19549 0.02094 24.70614 31.86791 30.4431 13.56432 6.94785 28.56621 27.83279 19.74828 21.98897 20.15472 32.51462 17.17851 23.61435 24.27568 18.14964 28.37407 12.10917 23.08285 15.14854 19.43861 14.64016 12.64743 32.56968 20.54796 14.45335 15.10832 0.0 19.20678 0.0 12.09617 
1000.0 20.06249 26.08613 23.20146 0.0 8.89721 28.18288 22.07262 23.39046 10.11232 11.3428 29.55805 0.0 24.7008 8.41458 9.56918 28.24661 14.67968 25.22113 30.41436 0.02888 26.31434 15.42765 14.286 27.83808 31.61641 15.34617 9.76943 30.76966 26.59892 30.16438 28.26895 30.48547 9.08518 8.11865 20.058 24.12421 10.81883 15.29704 23.37313 9.19923 24.57352 29.93403 17.49951 8.46692 21.34895 9.05804 0.0 12.23426 0.0 20.50761 
1000.0 28.30677 17.8197 14.05721 0.0 20.19321 30.02859 17.48474 17.32159 32.31479 21.13776 15.33341 0.0 27.21942 29.25901 25.17583 27.7774 14.37493 26.50105 20.662 0.01126 26.59619 22.43087 20.81161 17.69101 27.59195 9.77711 22.02257 19.27409 25.83342 9.10293 18.87602 13.97714 24.25095 33.1617 19.13282 23.04388 32.64557 9.47765 10.55853 25.17041 16.7675 28.27458 11.27329 18.48775 11.89548 15.79985 0.0 11.18036 0.0 30.97128 
1000.0 20.65873 7.31998 13.13119 0.0 13.24485 31.8988 11.60133 24.0068 7.01077 30.47082 11.19875 0.0 6.80711 16.70427 33.06572 28.04207 32.89001 31.57932 15.60771 0.03626 12.38636 12.91295 20.68921 14.77202 11.43071 6.91393 31.22023 30.81469 27.00526 15.07173 7.03526 18.55846 32.21729 14.5762 22.55287 7.10272 21.85526 18.17265 27.01118 10.26786 9.53706 22.39271 7.69654 25.30747 18.40222 33.19699 0.0 19.71337 0.0 20.00022 
1000.0 7.2287 29.97687 7.87511 0.0 10.56029 14.85209 32.3856 17.55396 18.44032 25.56828 25.14903 0.0 32.22383 8.02624 10.33128 17.87363 22.23807 29.86883 32.97894 0.0346 31.68744 7.07724 9.30081 12.67628 15.31191 10.80283 11.54544 30.86542 7.6057 15.52218 26.43552 31.75879 25.97 30.41217 21.08835 12.21545 27.79283 18.7774 31.96747 16.65322 13.94739 12.3435 30.03621 29.27355 13.30859 16.95644 0.0 14.00011 0.0 29.42472 
1000.0 21.94176 30.15079 11.72344 0.0 11.28154 15.41501 28.37937 15.49773 16.50107 28.3293 11.31871 0.0 22.50907 8.17003 27.652 17.34489 25.5631 28.04029 13.2753 0.0358 10.80424 18.0592 31.05279 32.91495 18.29573 19.60867 19.20303 7.21676 16.8334 17.11187 29.45358 19.76181 8.061 30.44342 31.24514 17.76539 28.65512 24.31062 26.17073 19.56944 29.38296 12.33976 8.37221 19.23406 13.54827 24.84564 0.0 11.90108 0.0 23.12961 
1000.0 32.75403 29.43399 25.67575 0.0 22.24294 26.61643 9.71886 18.7413 31.48236 20.89344 21.61541 0.0 24.04868 28.06841 28.42019 24.27899 17.05279 27.02752 26.87226 0.02342 31.75769 26.38927 32.2986 33.01033 9.6642 13.28231 23.99658 15.06403 19.21015 9.44412 7.93587 32.89038 10.10066 24.96561 19.53111 24.8631 7.81063 23.31593 15.08988 13.45519 12.02326 16.54534 29.09841 13.08305 21.42658 33.16491 0.0 10.45031 0.0 8.03764 
1000.0 12.13669 32.73582 21.26312 0.0 10.27871 17.17994 29.46879 14.73568 12.71218 20.25224 9.44016 0.0 15.68352 18.07795 7.87328 12.35409 20.76449 27.45495 20.44149 0.02334 12.17012 20.4968 19.12263 32.9649 10.63343 23.40742 30.64373 8.26457 29.96902 22.76072 10.0628 8.31312 21.02267 9.95748 12.67957 26.64448 20.18157 14.84051 17.88823 14.21149 23.54572 11.94617 11.76126 32.47074 17.06037 12.77172 0.0 20.07427 0.0 8.22669 
1000.0 18.87208 13.96904 15.58714 0.0 18.63638 28.75425 30.80804 30.64798 12.09735 29.79312 9.82523 0.0 15.02269 29.57309 16.88591 11.89797 20.20772 15.57253 28.28114 0.01215 28.19296 30.6734 29.23572 13.61 26.04917 21.38876 22.10197 9.57787 12.84072 12.81446 16.46997 14.4004 13.47269 28.21931 18.58833 28.1495 26.20642 22.74777 11.55496 22.39384 21.54804 24.0645 10.51166 22.69069 33.04125 23.33257 0.0 16.19267 0.0 28.6185 
1000.0 9.74168 9.8041 18.80009 0.0 32.00651 12.93727 29.83778 17.60847 22.76056 25.69217 20.39161 0.0 28.7739 21.52566 10.15039 11.45237 27.25492 25.66531 22.22118 0.0113 17.03102 9.24743 11.74717 9.18669 32.58519 15.72419 8.49336 14.6457 31.14589 27.43013 9.36846 30.13855 22.80328 28.26859 30.69404 12.99386 14.03277 27.07603 28.76015 22.26994 21.59758 28.72733 23.2399 30.76079 7.30319 21.31473 0.0 18.70786 0.0 31.09624 
1000.0 13.08134 20.04853 28.06624 0.0 19.87778 15.81453 25.13264 9.39771 7.26478 23.20454 12.43787 0.0 14.18508 16.13672 27.65354 12.9906 19.48178 22.45923 12.54126 0.02401 14.98298 12.80141 25.5362 23.60132 15.78095 8.17942 27.18747 19.142 20.9432 25.43899 32.03265 9.20031 11.03964 20.15581 29.74586 8.89985 32.57473 30.26495 11.10739 12.20862 30.22842 13.08204 22.63686 15.07362 28.98256 24.19657 0.0 23.21945 0.0 32.72931 
1000.0 9.3434 27.37015 18.89621 0.0 25.95565 7.31357 29.31406 9.08607 10.06598 27.19665 16.11676 0.0 9.09034 10.84701 25.04732 28.10316 13.72727 6.7427 28.46067 0.04044 30.15257 19.58873 16.60938 21.60675 24.83833 19.35282 30.17094 11.95196 22.98535 31.01436 12.30164 23.35742 20.32154 7.93856 24.96949 9.06769 13.34376 28.76836 16.30103 7.31426 19.80627 16.75975 22.32272 19.36606 15.84982 10.57186 0.0 26.69114 0.0 31.73208 
1000.0 23.57673 26.73558 14.62918 0.0 7.5383 14.16038 12.10063 9.81612 32.46502 24.63189 11.77917 0.0 15.62154 26.17549 13.41467 32.65223 10.15479 30.23299 14.21032 0.02574 23.19993 30.09837 20.37229 10.62504 14.93719 14.5353 11.69473 27.85862 12.03899 16.73137 32.09891 14.0369 13.7296 19.55534 16.22153 17.35054 8.93563 28.06199 18.67576 17.72792 13.18245 24.32921 18.76684 26.35824 26.16571 29.99917 0.0 29.59564 0.0 25.38527 
1000.0 18.0472 13.20331 16.08687 0.0 19.4056 15.79477 25.33966 7.59685 12.61445 33.09747 8.1932 0.0 23.16946 20.33858 15.98936 9.32316 28.43437 10.64901 29.08169 0.02497 23.85959 24.08905 17.17257 16.05018 27.23584 21.15551 20.97392 30.9093 23.51875 10.73073 12.05888 8.84927 7.72408 19.1663 7.33358 30.365 29.01371 32.62743 8.18598 25.61929 31.61281 12.47042 10.76928 14.42794 31.53397 30.13415 0.0 26.00344 0.0 33.02948 
1000.0 18.30422 26.65865 10.94224 0.0 31.5244 29.96085 13.79887 25.71999 23.15771 9.38235 8.16647 0.0 22.15988 28.98185 22.33051 32.52791 29.89455 8.86608 18.91805 0.0301 13.39687 14.88256 23.37355 27.28577 18.14772 28.73542 9.10417 28.79917 10.51723 27.12143 14.46613 9.4875 22.76791 13.08228 21.40598 22.05797 10.08908 32.38729 14.86952 18.88935 28.27635 26.81909 29.62146 28.38342 17.16399 12.72105 0.0 31.66863 0.0 20.78541 
1000.0 21.89987 27.43153 17.67349 0.0 17.855 12.8038 23.77768 8.9262 24.74248 23.41727 13.66337 0.0 18.21057 7.44803 28.70996 17.91289 29.11712 7.29062 18.85104 0.02058 18.91182 16.43199 10.21653 10.49003 21.05248 27.98665 23.57399 29.22274 26.24339 10.98798 14.97715 12.4129 31.90603 27.58916 29.50805 19.49958 22.52155 27.3767 29.15131 20.1895 14.31116 23.74743 29.86744 26.27886 32.33355 8.06244 0.0 32.66634 0.0 19.22742 
1000.0 28.33461 6.99031 31.55714 0.0 7.98446 18.52467 22.49924 11.56936 21.77638 7.86044 18.70637 0.0 31.8557 26.721 31.56951 26.05132 22.65623 25.83075 29.51303 0.02531 15.03619 20.99068 14.47042 27.89943 12.50183 13.3186 20.56667 7.19439 9.32044 29.09845 9.7551 19.68709 18.62577 19.08954 21.28258 14.23071 17.27513 12.9994 28.86978 8.52982 11.42817 15.83718 19.32491 19.80427 14.00062 19.99089 0.0 31.33658 0.0 27.4705 
1000.0 0.0 0.0 0.0 32.62629 0.0 0.0 0.0 0.0 0.0 0.0 0.0 30.01977 0.0 0.0 0.0 0.0 0.0 0.0 0.0 0.0 0.0 0.0 0.0 0.0 0.0 0.0 0.0 0.0 0.0 0.0 0.0 0.0 0.0 0.0 0.0 0.0 0.0 0.0 0.0 0.0 0.0 0.0 0.0 0.0 0.0 0.0 28.18532 0.0 22.32532 0.0 
1000.0 26.51789 26.45346 12.17828 0.0 11.68407 12.78914 16.344 11.39798 28.42539 6.73013 18.71208 0.0 21.73382 19.34061 19.10814 30.14048 32.46353 18.72411 7.80128 0.02914 9.90698 22.77106 23.77645 29.52315 27.77631 22.54848 25.26551 8.15513 22.78854 25.06292 30.4871 7.65209 23.79826 21.50166 32.83027 28.62702 19.69204 12.78497 17.89338 18.75474 21.31482 26.38818 24.39677 31.37531 17.62479 22.88145 0.0 7.80376 0.0 25.97896 
1000.0 0.0 0.0 0.0 30.62252 0.0 0.0 0.0 0.0 0.0 0.0 0.0 21.8017 0.0 0.0 0.0 0.0 0.0 0.0 0.0 0.0 0.0 0.0 0.0 0.0 0.0 0.0 0.0 0.0 0.0 0.0 0.0 0.0 0.0 0.0 0.0 0.0 0.0 0.0 0.0 0.0 0.0 0.0 0.0 0.0 0.0 0.0 32.74567 0.0 15.58466 0.0 
1000.0 9.85984 18.73982 10.38566 0.0 22.40329 16.64487 19.16598 31.90611 21.78688 30.96363 16.59145 0.0 31.56252 27.06286 27.56848 22.75547 6.94919 27.80789 12.94364 0.01665 22.24301 28.33277 11.89756 18.64258 10.12477 24.1034 11.34718 6.97067 10.26675 33.07791 26.7937 18.04347 31.86487 21.61553 32.89069 20.86463 31.07128 13.24264 13.88833 17.6982 24.76538 15.83591 12.64812 14.86702 7.98875 29.00931 0.0 25.51359 0.0 29.57264 
