1000.0 1000.0 1000.0 1000.0 1000.0 1000.0 1000.0 1000.0 1000.0 1000.0 1000.0 1000.0 1000.0 1000.0 1000.0 1000.0 1000.0 1000.0 1000.0 1000.0 1000.0 1000.0 1000.0 1000.0 1000.0 1000.0 1000.0 1000.0 1000.0 1000.0 1000.0 1000.0 1000.0 1000.0 1000.0 1000.0 1000.0 1000.0 1000.0 1000.0 1000.0 1000.0 1000.0 1000.0 1000.0 1000.0 1000.0 1000.0 1000.0 1000.0 1000.0 
1000.0 25.43363 32.0923 16.84368 0.0 16.2269 22.25738 11.82573 27.98271 15.91917 26.94881 29.82252 0.0 12.38439 13.61143 20.694 13.54989 8.19799 32.98564 14.41097 0.03377 32.20127 30.95791 10.07684 16.66381 7.88565 24.13244 22.51647 15.89677 23.02136 28.88105 14.73935 12.31729 13.32841 22.06091 25.71141 25.96571 20.06131 21.2022 28.34322 14.30521 22.61483 29.03417 11.17949 21.37007 26.31428 14.70731 0.0 30.77396 0.0 29.09395 
1000.0 18.36092 15.30413 13.26834 0.0 10.28999 13.25103 16.37496 33.62597 10.63577 30.95094 10.39063 0.0 24.64481 26.00727 28.38136 32.32627 22.51744 23.98994 16.00885 0.02618 20.52928 18.82119 9.81004 17.87095 10.42017 10.59557 29.98036 30.27605 20.09638 31.75187 21.43422 14.10861 19.38152 12.79398 9.39062 31.08484 11.22122 14.90382 15.66082 28.30297 16.16607 34.02899 14.23669 32.14571 29.09075 33.55607 0.0 28.53231 0.0 30.51484 
1000.0 25.99158 20.39574 13.32038 0.0 13.51636 11.99228 17.81514 9.83868 29.16491 23.48107 15.71698 0.0 19.68918 25.68351 18.90768 31.20535 28.24757 11.2654 21.30241 0.01101 28.27559 27.7199 7.82289 13.81541 30.0698 9.29606 10.05106 7.24746 21.53213 15.8736 20.05085 17.17339 9.97619 11.46599 11.40657 10.29528 25.16531 15.6918 7.61855 18.98248 19.92716 9.09743 29.73583 31.1282 24.30431 9.2635 0.0 22.71015 0.0 20.04201 
1000.0 0.0 0.0 0.0 28.11182 0.0 0.0 0.0 0.0 0.0 0.0 0.0 32.31106 0.0 0.0 0.0 0.0 0.0 0.0 0.0 0.0 0.0 0.0 0.0 0.0 0.0 0.0 0.0 0.0 0.0 0.0 0.0 0.0 0.0 0.0 0.0 0.0 0.0 0.0 0.0 0.0 0.0 0.0 0.0 0.0 0.0 0.0 21.98345 0.0 8.73101 0.0 
1000.0 13.66404 33.3639 19.27526 0.0 8.53164 30.23661 20.26249 32.85951 10.01261 31.6927 28.70386 0.0 17.48611 20.79854 9.95861 16.23915 7.49047 7.73988 15.37128 0.0335 17.90612 25.81853 6.92365 12.85189 29.10796 22.50058 15.77378 26.40994 12.4293 9.53523 32.71337 13.32685 25.83252 20.84039 14.37574 27.50075 30.22499 30.62807 21.04545 15.96837 23.0063 24.49763 26.0322 32.71707 20.35762 24.92884 0.0 19.76144 0.0 27.35503 
1000.0 34.1742 30.45751 9.93419 0.0 29.2782 22.66818 18.33419 8.86033 31.38305 19.79744 22.21023 0.0 11.33506 14.63188 19.37679 31.45138 29.17782 13.53957 29.81296 0.02436 20.17882 15.65242 30.37479 31.1433 32.06411 30.49189 24.20266 10.46742 31.50272 10.25953 29.34237 6.93059 12.87914 12.20782 29.08673 11.29702 16.79062 12.5885 11.16201 10.07951 20.30384 16.03791 12.29627 31.57505 24.07664 11.33137 0.0 13.51938 0.0 8.16202 
1000.0 14.91544 16.31573 10.35711 0.0 27.52862 9.00995 13.13405 7.81055 28.25285 20.354 33.3791 0.0 21.81198 31.69341 29.87549 17.17407 29.90881 13.85472 15.93699 0.01637 12.9644 14.06138 21.68723 33.49938 7.4972 14.32527 12.1885 29.06003 33.24109 32.15199 15.62385 31.14594 7.33722 32.11855 30.08546 22.92563 27.49128 28.60783 13.59728 8.82745 14.58196 12.63708 29.42113 23.72112 33.91834 26.6801 0.0 19.71457 0.0 8.79668 
1000.0 24.92917 21.14194 30.02125 0.0 9.46342 20.40405 10.60248 18.2012 17.08872 21.5524 18.19504 0.0 16.51702 22.0038 32.86733 28.65656 27.80676 12.16189 7.08949 0.01289 25.35007 15.30595 7.03336 26.47795 14.74069 20.42178 13.31261 18.24407 32.61049 31.97137 15.34986 18.26198 29.96375 32.03597 28.74892 21.80817 18.86608 33.21352 28.07889 27.2196 13.11053 15.22854 11.40787 26.56825 13.29186 29.4927 0.0 29.85604 0.0 8.6306 
1000.0 30.83393 24.21761 14.92615 0.0 22.71726 11.00746 13.16525 15.33572 10.75423 30.62886 27.52926 0.0 13.93129 7.50387 15.82129 19.74932 11.23618 19.52532 13.52093 0.015 28.56629 23.20192 15.44972 7.09009 29.8508 7.71411 24.52461 27.79348 21.79304 14.70939 24.07595 18.55561 22.39714 30.75393 34.23968 16.36389 7.96436 23.22624 14.85358 27.9333 18.79758 8.00742 15.78152 27.07876 23.85477 26.9568 0.0 7.0047 0.0 32.22157 
1000.0 26.60048 34.24241 27.42584 0.0 22.11958 16.89257 12.95449 30.14559 12.65598 33.94662 12.05646 0.0 30.64294 18.5863 15.13376 12.97507 15.72788 18.01233 31.31307 0.02971 9.38486 11.15591 33.7627 30.72884 31.19616 11.10165 30.44325 26.98976 28.37132 25.22365 9.16795 24.24145 30.00922 11.47637 25.26247 14.04949 26.08629 25.43082 8.39775 28.85608 24.97477 16.29139 24.01557 12.95765 25.90088 17.91565 0.0 23.88256 0.0 21.0054 
1000.0 15.68975 13.5769 8.87 0.0 15.46602 28.67509 32.09767 30.47742 23.91363 30.41516 24.00041 0.0 20.64279 23.90216 22.49543 13.10343 10.13986 29.30476 28.8289 0.01023 33.06351 11.98366 7.60505 29.7036 23.5144 8.63854 8.64613 16.68423 26.02786 9.90494 20.82388 25.07643 22.01976 27.39693 26.24906 33.17278 32.75584 22.25512 33.59892 15.95405 33.82806 25.77787 34.11511 9.91999 8.07279 18.35504 0.0 8.90166 0.0 11.7441 
1000.0 0.0 0.0 0.0 16.14221 0.0 0.0 0.0 0.0 0.0 0.0 0.0 10.8727 0.0 0.0 0.0 0.0 0.0 0.0 0.0 0.0 0.0 0.0 0.0 0.0 0.0 0.0 0.0 0.0 0.0 0.0 0.0 0.0 0.0 0.0 0.0 0.0 0.0 0.0 0.0 0.0 0.0 0.0 0.0 0.0 0.0 0.0 16.80492 0.0 7.33597 0.0 
1000.0 25.07837 27.57347 9.46721 0.0 17.60132 26.26988 22.13426 7.36104 24.79594 8.25508 32.68491 0.0 29.42683 15.86812 29.7316 22.49672 26.69451 13.42966 10.82664 0.01156 19.07513 17.72537 6.89722 34.36987 24.50004 32.10896 8.61364 23.96533 20.07975 27.76542 19.94225 9.59962 32.58675 33.87208 28.45257 12.37291 14.89857 14.85647 20.80228 17.32412 26.25166 28.7199 30.79549 18.75675 7.55744 9.37457 0.0 8.95706 0.0 29.53177 
1000.0 19.08825 29.74007 28.63993 0.0 14.9726 21.99467 8.47789 19.05521 17.32618 20.55723 27.75958 0.0 15.2256 27.84458 22.94667 17.9477 30.90742 31.55328 34.30242 0.02821 8.13854 15.14327 30.82115 19.41287 18.62977 24.20228 30.08155 10.86434 8.76977 25.88188 27.89373 32.97484 24.03987 30.45338 21.54295 29.84359 17.31101 19.99424 30.5322 19.32916 12.14442 12.74274 24.29248 21.78718 32.19382 11.67967 0.0 22.38188 0.0 7.96726 
1000.0 11.05531 12.73275 21.10354 0.0 27.69275 22.68773 12.32261 30.02362 29.62405 16.20426 16.52828 0.0 17.2014 21.14727 8.89707 22.12651 8.40797 28.22275 27.8495 0.00933 22.39693 29.05907 17.81517 26.41322 15.3693 11.01225 16.21336 8.81733 15.17931 8.66371 27.24626 19.63398 22.50575 14.12493 28.68556 23.01902 23.30732 26.18161 13.43302 17.5255 15.28159 22.83703 27.45326 18.20473 9.69514 30.06152 0.0 24.7641 0.0 15.67424 
1000.0 13.84201 26.985 13.95052 0.0 24.33434 7.86906 18.80043 27.4007 24.25571 34.23841 30.09038 0.0 14.09264 32.4852 21.81077 20.7756 11.23058 20.5217 13.18416 0.03253 9.23787 26.12462 8.25295 16.60462 28.39599 14.19195 11.56027 7.59646 30.97045 17.48198 12.93664 14.97532 12.97098 7.10599 13.80138 11.23029 29.0392 33.69691 20.21391 24.44503 26.82652 8.32264 30.01888 30.16002 13.17648 27.32736 0.0 32.41954 0.0 18.59763 
1000.0 20.70763 14.89037 20.79042 0.0 18.46662 12.95601 34.29209 19.26024 21.92602 10.06144 19.38749 0.0 22.46378 19.09795 24.27278 23.67334 11.44992 17.6674 12.09584 0.02809 20.85191 7.06955 21.88212 28.35172 29.57507 12.81795 27.28605 9.9024 16.19669 10.28942 20.52473 30.04408 31.86277 25.40475 8.57459 8.76443 15.97281 31.19275 31.27125 28.41303 12.47341 10.73417 24.03121 10.28897 11.46152 30.42448 0.0 22.21701 0.0 20.49243 
1000.0 31.25755 20.92066 27.11071 0.0 23.97137 28.60153 20.10329 26.66467 19.92141 23.96764 19.16543 0.0 34.23341 21.78628 11.00272 16.23726 12.8547 19.56989 10.67678 0.01148 8.34549 24.81088 30.12786 14.79708 26.92251 27.34311 26.8704 30.58772 33.46843 10.97416 25.75204 30.98859 14.11609 17.80188 19.01202 20.93552 11.35344 19.82419 15.93816 26.6285 15.4214 10.09752 30.95486 16.10633 18.622 14.52638 0.0 9.87001 0.0 7.50083 
1000.0 23.05776 26.5746 16.1985 0.0 17.75635 20.29144 14.93495 22.87293 22.91535 18.54171 22.18037 0.0 19.4299 7.78597 28.38713 21.27161 11.55725 32.45693 17.34854 0.0355 21.10046 12.51076 13.22428 11.29165 22.26185 25.40322 28.1033 34.40032 15.9041 7.40435 25.08203 7.34795 24.68672 16.82321 16.32869 33.76232 21.25343 11.75634 30.1058 25.17488 30.45008 14.46025 28.64137 25.06377 15.15695 32.93554 0.0 7.3085 0.0 22.83877 
1000.0 0.16278 0.07268 0.1024 0.0 0.15434 0.10122 0.08513 0.11951 0.12812 0.06246 0.07449 0.0 0.14324 0.07776 0.05341 0.15896 0.05423 0.05574 0.09477 28.96225 0.12365 0.09408 0.09402 0.15608 0.03698 0.06888 0.06996 0.04121 0.09914 0.14296 0.09602 0.14628 0.10717 0.129 0.117 0.05189 0.16292 0.15399 0.11508 0.13773 0.04847 0.10531 0.09363 0.06981 0.06621 0.11849 0.0 0.09506 0.0 0.09901 
1000.0 18.159 28.14067 24.52623 0.0 8.19472 28.98312 26.50382 26.51312 30.66918 15.07954 14.75896 0.0 26.22161 15.4062 27.35952 8.25083 17.25628 22.5106 15.93285 0.01715 19.18936 13.79995 33.90293 33.42128 7.44896 28.80924 27.68524 25.4404 28.39217 25.85849 19.67522 12.93423 9.88592 26.26261 12.82381 14.73089 8.35127 11.75055 21.92561 32.9952 16.35931 15.08557 19.68102 22.70888 9.89361 21.78209 0.0 13.41063 0.0 8.3532 
1000.0 33.41059 8.4958 25.60967 0.0 14.06896 24.80395 25.36815 9.30557 23.50699 32.12038 29.0768 0.0 14.99884 11.40376 28.02706 22.23804 31.50731 19.95306 16.33944 0.0411 33.69547 31.06654 33.16379 18.19509 12.02895 24.81771 9.15713 28.0753 19.47152 23.41147 27.70183 12.47373 28.80221 13.93897 17.80403 13.59054 18.23593 23.10281 8.21676 31.99841 19.38898 30.04669 8.0151 10.48575 29.96519 13.71846 0.0 10.78999 0.0 33.5697 
1000.0 22.64324 22.41469 20.48375 0.0 25.75819 34.11139 32.53853 14.76896 20.37375 32.82739 29.88057 0.0 31.26175 15.10703 33.71947 11.57795 32.65019 11.84164 18.1244 0.02453 9.77683 24.49161 32.67505 22.9901 29.60264 33.91752 26.72338 14.05363 22.13944 8.37163 13.96078 31.54119 13.2784 18.18129 26.86326 28.06428 28.95637 16.59901 32.53842 31.96111 33.84504 9.95346 22.53099 13.20712 29.15901 34.42349 0.0 22.93039 0.0 23.43964 
1000.0 18.24582 22.2161 31.97247 0.0 28.32546 25.37619 11.91797 21.78923 32.56266 14.47154 26.05767 0.0 16.51852 10.85234 7.96285 33.38944 9.89839 24.22325 28.70167 0.01761 14.44627 27.60272 20.64908 27.63699 8.50528 20.0252 29.85506 21.2161 11.06876 8.30271 32.60523 26.05049 12.53813 17.48337 8.00931 23.50109 30.82616 15.17538 31.10111 22.34845 30.08205 16.81599 9.51982 34.32036 26.99174 33.89135 0.0 9.92383 0.0 25.50604 
1000.0 15.30764 32.37021 29.96159 0.0 30.01909 27.46633 22.43067 18.83457 19.05807 25.27198 19.98594 0.0 10.57727 28.96885 26.10258 13.6629 27.43986 15.50287 26.30225 0.03533 22.57719 26.59838 25.24408 25.91867 27.71501 30.06937 33.92497 10.00885 13.4367 13.40183 15.11672 33.9253 28.95617 20.33138 20.92223 16.49771 30.15306 31.05605 16.09987 7.15393 10.87789 34.17177 24.30489 29.44106 9.45388 26.71779 0.0 24.62581 0.0 11.54176 
1000.0 15.95229 16.68043 23.40178 0.0 26.38057 27.88187 23.64733 22.93258 16.9193 19.72868 19.4065 0.0 16.08207 29.54044 25.97327 7.98978 29.04221 29.15026 14.20385 0.04078 19.36249 31.50946 18.39846 7.96278 9.62159 17.40141 9.94564 9.71121 20.77408 27.5665 12.4054 7.80079 14.12176 16.92696 20.06567 25.11327 13.70894 30.35324 32.81401 12.94554 23.84409 9.48425 31.44448 28.82576 30.00456 14.79009 0.0 28.51318 0.0 21.0149 
1000.0 8.74617 23.241 19.18955 0.0 34.42438 21.82736 31.24362 18.47472 14.17395 33.68982 14.01036 0.0 32.38909 32.48626 13.70649 27.795 31.47335 21.23868 17.39542 0.02929 23.15448 8.00738 10.57717 30.92435 10.29261 18.82123 23.87387 20.51175 27.2057 24.4908 12.96183 34.17071 17.36766 17.28749 15.53211 24.96285 18.89196 26.09033 31.48978 18.29816 13.49892 30.22043 20.74299 33.97589 26.00436 11.18456 0.0 27.1003 0.0 9.5076 
1000.0 8.98401 25.51902 13.05837 0.0 13.23062 9.49387 14.9359 29.22265 19.34836 9.47531 34.0131 0.0 25.10183 13.27527 19.45068 16.28108 14.61515 31.6344 7.56359 0.0285 10.50772 9.80643 18.9626 26.69722 19.40169 30.28777 29.4011 26.78336 15.47311 15.20765 16.6178 32.07167 23.92073 8.4196 34.1073 29.30472 17.22317 31.00703 17.11841 13.78749 16.64834 28.9698 29.16151 21.79369 15.1391 8.36586 0.0 14.33312 0.0 20.7616 
1000.0 17.56507 33.08509 21.00473 0.0 17.7639 27.14222 20.75508 8.00595 8.39395 25.97369 21.32216 0.0 25.79054 12.2158 14.27537 22.53061 18.29099 33.66476 26.2174 0.03756 13.9543 12.09805 19.92421 8.44629 33.23348 20.20587 32.03972 24.03636 26.73513 31.99333 31.88539 34.24468 12.11313 32.13293 17.21652 21.35888 28.36088 12.62835 29.35854 31.86633 20.2549 8.89277 33.94901 7.24269 23.10907 17.51791 0.0 33.37776 0.0 20.75823 
1000.0 24.45135 31.30429 30.17763 0.0 10.36377 18.51354 30.08093 27.11269 7.70167 33.50825 32.44503 0.0 20.63531 13.48107 17.19177 8.04626 26.01116 10.35179 7.27661 0.02186 22.95956 33.1224 17.49649 11.31952 34.37697 30.09834 15.82197 10.72189 20.86517 7.18964 25.91505 16.30185 7.47901 14.07883 15.22686 16.12339 22.91981 21.64814 12.98262 24.67222 29.52683 8.07603 15.61329 26.32763 12.1276 10.67824 0.0 19.34906 0.0 20.81128 
1000.0 10.3917 9.44367 21.4307 0.0 28.23714 23.1868 19.17401 9.81125 32.72466 16.85026 16.35838 0.0 24.77121 9.87354 16.87195 14.26722 17.0372 33.88564 10.08951 0.02701 18.84348 17.77134 34.25718 12.67564 34.18261 13.63563 10.46396 32.01433 25.95339 13.46237 31.42794 20.50473 22.50479 24.60008 9.29287 22.36538 16.3455 16.72917 23.42574 32.06009 13.82602 18.73858 23.53159 7.83694 8.06075 17.68034 0.0 7.90932 0.0 17.54365 
1000.0 33.09947 12.3115 17.48631 0.0 11.65663 7.61063 9.44892 19.3101 23.18797 21.19974 25.60016 0.0 15.57915 19.15472 27.66339 31.28142 12.41252 8.72185 28.13868 0.03331 17.62176 19.99828 19.05189 30.75817 21.76222 13.46105 20.12336 15.77308 9.2478 10.3052 33.16488 32.6956 6.89879 11.66365 31.28766 19.2187 8.12865 8.28579 24.02889 13.42854 32.22938 7.56012 20.48795 11.44415 17.16133 28.42543 0.0 34.28935 0.0 19.37112 
1000.0 32.001 30.41617 8.36402 0.0 14.69682 12.98058 30.28548 30.87729 30.3747 27.07068 12.72661 0.0 34.03902 11.38665 25.51065 10.95863 31.06534 19.36154 25.81332 0.03205 21.87516 15.7134 9.94422 14.66055 33.00465 9.1433 28.28048 15.21062 13.57063 33.89279 21.60666 12.17966 14.64418 33.79661 27.89312 30.35167 14.92434 24.32677 17.62308 7.63084 19.32939 32.34417 27.43427 17.05556 10.41065 7.72504 0.0 28.26158 0.0 33.60397 
1000.0 14.69619 7.01302 28.86397 0.0 23.91416 6.92265 32.85766 31.53888 26.23314 27.65357 25.54477 0.0 10.80361 24.00954 10.03325 31.28587 19.77061 30.05084 28.31488 0.03472 8.9932 30.65954 33.80013 28.83352 28.58692 7.9949 14.57686 10.12751 7.33408 30.06452 16.19323 34.07826 28.3518 28.80304 32.1052 30.31519 28.91114 31.83154 26.38891 32.58655 8.51703 21.80445 18.15882 32.45962 16.08546 19.91448 0.0 8.44667 0.0 18.50093 
1000.0 17.13423 20.48053 27.05883 0.0 7.6724 22.1433 23.74278 19.06881 21.04886 18.04318 13.99232 0.0 26.87864 28.63368 34.00827 15.18501 7.85667 17.05817 9.83876 0.01753 23.55402 9.99697 29.96325 8.71954 20.33854 20.75126 10.35454 17.16865 25.99143 19.82196 7.48498 10.63235 24.92258 13.26905 19.84451 14.84548 28.4022 30.94225 17.22655 7.11174 22.29443 30.54251 9.744 26.41316 18.7238 9.54843 0.0 16.11038 0.0 18.59046 
1000.0 11.47199 19.18175 12.38642 0.0 11.93842 29.74899 13.30796 17.95694 22.15628 12.51561 18.30305 0.0 17.21119 18.25041 21.0988 18.44045 33.20188 16.92332 14.66031 0.01683 14.20527 20.61769 17.07782 26.6449 9.20533 15.78402 24.63413 23.2803 33.68103 31.90071 7.97845 7.73625 13.89647 21.14145 27.56378 9.74481 13.04763 21.75484 24.06583 12.23894 8.73462 26.02731 23.69779 26.09351 7.13506 31.14839 0.0 30.92088 0.0 23.54455 
1000.0 24.55682 9.67571 34.32289 0.0 25.24737 21.16668 18.15325 30.38126 15.83941 9.17693 9.62834 0.0 20.098 18.57469 11.52777 33.07699 32.23933 27.47271 30.58112 0.02791 16.32438 31.95113 31.46825 31.51466 7.95367 12.07827 9.17047 20.5017 18.69574 14.57706 22.27059 16.7785 28.77407 16.76771 9.17513 16.16287 9.92469 30.57158 26.99343 20.73584 29.20025 11.75115 13.3362 28.91948 7.01571 13.58934 0.0 18.17387 0.0 27.46408 
1000.0 6.90292 23.17877 10.43168 0.0 32.44065 11.11826 21.22768 13.571 20.20026 22.77786 22.7025 0.0 29.29438 29.9636 12.39347 34.06877 31.04634 17.57948 6.99165 0.04084 18.64333 26.50039 29.30562 14.79262 11.15772 10.72444 32.76068 26.29753 12.46671 13.95206 16.63953 16.51311 7.79279 15.80832 27.90078 12.02186 30.6555 19.96038 17.96122 14.24466 11.3569 22.01671 13.88484 23.99054 26.83368 31.8066 0.0 9.39002 0.0 33.54526 
1000.0 10.28775 8.31359 18.64974 0.0 17.82987 12.38529 21.73343 19.54635 26.72839 27.52716 33.12757 0.0 27.19478 26.19536 9.01062 29.86171 14.33507 27.0372 13.75504 0.0167 12.1016 25.33787 7.98385 29.85207 29.77912 28.6252 8.89823 18.4196 28.68242 14.75618 10.55214 19.03229 21.01197 17.4916 27.42311 33.81556 7.85329 24.37589 27.78693 21.12166 18.50201 30.97741 8.45145 28.38397 20.6069 32.51044 0.0 27.77332 0.0 29.78184 
1000.0 26.16955 21.27279 19.61031 0.0 24.09087 33.28866 31.12761 31.1651 18.76964 25.51352 20.79608 0.0 26.84175 25.86063 27.72921 20.12781 25.95028 29.3283 24.20719 0.0099 27.32495 26.80863 29.71078 6.93683 15.58617 22.85732 10.7681 23.75324 17.75331 24.68451 13.88288 33.54431 32.79084 9.98697 32.69439 31.62414 11.20923 22.80987 14.02445 16.85896 30.95656 30.0433 16.985 20.15312 11.31278 29.95721 0.0 11.33075 0.0 19.27938 
1000.0 9.40298 18.43399 19.5936 0.0 23.55904 11.10597 33.72118 16.85343 9.21545 30.81473 11.48706 0.0 32.78815 32.88164 18.71593 20.06594 28.82993 31.38997 10.23289 0.00941 33.70059 23.81171 23.42455 7.55687 12.9058 27.70655 25.41084 25.40786 33.50376 11.39258 28.64757 27.89189 18.51185 31.45029 31.56157 8.32282 12.02254 12.50083 26.2493 26.57488 25.91483 29.47859 24.5733 16.15327 27.48263 33.04492 0.0 8.56705 0.0 19.48826 
1000.0 32.00574 7.98972 33.68152 0.0 25.35657 12.72193 10.68052 12.61854 21.85759 23.62861 27.87246 0.0 29.23642 18.17921 12.75579 25.87709 27.71207 17.42214 21.04511 0.01251 17.43715 12.42423 28.44589 17.99733 7.74853 22.66251 11.77576 30.40361 25.33106 13.21987 10.92316 9.26565 8.88092 12.6611 26.78107 21.75439 13.13958 24.93611 13.60509 22.50531 18.47503 33.63396 26.50674 25.89552 33.23673 26.40286 0.0 12.59549 0.0 17.75145 
1000.0 23.8101 34.3101 30.63498 0.0 30.29273 27.50645 30.78148 23.42748 12.57202 18.28127 29.23086 0.0 33.84488 14.31351 29.23867 24.10731 10.27401 9.02989 23.32621 0.02232 23.83559 24.83034 24.6677 20.03781 22.1374 21.31366 7.77204 33.38185 15.68855 32.0732 7.52615 9.36183 20.96776 15.76811 8.25419 32.74809 31.26268 20.53816 10.62903 11.819 12.71992 19.57977 7.61161 25.87516 26.08768 18.03068 0.0 30.95682 0.0 23.5796 
1000.0 15.11116 27.49844 23.90924 0.0 17.22469 16.1564 26.10857 28.47641 30.83959 7.96128 26.24149 0.0 32.07563 25.19075 29.77055 10.29747 16.2075 24.07877 20.6812 0.02592 11.23714 32.10114 25.24961 26.06556 15.7145 18.22211 31.36516 34.42812 19.39546 28.06205 12.37907 15.60374 10.57248 16.38984 25.94623 18.50707 27.7962 33.53168 12.88327 8.53089 10.40424 12.92177 24.83835 14.16761 14.54311 26.05234 0.0 29.09554 0.0 7.15544 
1000.0 16.52584 23.31039 12.7453 0.0 27.67171 27.29351 8.03977 31.79958 19.42264 33.29993 11.81382 0.0 32.30282 27.58121 26.66587 26.69973 25.86972 10.92272 19.90546 0.01905 12.13927 24.632 21.17505 12.04033 31.70273 32.68597 17.62797 19.95385 9.49128 26.93041 12.92857 16.83838 10.97738 20.46282 29.43074 32.49757 9.86507 8.9474 25.53595 19.0424 21.28254 20.66067 11.82036 20.19866 29.96824 27.59195 0.0 15.59279 0.0 16.38616 
1000.0 11.82406 30.36038 34.4195 0.0 18.66151 25.91451 33.15446 15.93491 8.18299 8.75717 19.98016 0.0 26.0816 11.10653 32.16746 12.52727 11.9133 20.63477 22.81354 0.01129 20.15119 24.51283 9.67314 13.1011 19.5831 31.0881 7.6958 28.62647 34.07244 7.1141 14.45295 25.39925 24.7067 21.90262 10.43898 17.78903 22.61467 23.2214 19.44274 28.945 23.82299 13.65638 26.26531 29.29253 8.29638 27.08111 0.0 28.99597 0.0 14.59073 
1000.0 0.0 0.0 0.0 12.93885 0.0 0.0 0.0 0.0 0.0 0.0 0.0 16.70398 0.0 0.0 0.0 0.0 0.0 0.0 0.0 0.0 0.0 0.0 0.0 0.0 0.0 0.0 0.0 0.0 0.0 0.0 0.0 0.0 0.0 0.0 0.0 0.0 0.0 0.0 0.0 0.0 0.0 0.0 0.0 0.0 0.0 0.0 18.16157 0.0 7.36993 0.0 
1000.0 14.15171 13.87476 24.85257 0.0 21.47856 13.84189 32.90477 22.38108 8.72333 30.32287 27.19931 0.0 28.03266 26.73961 26.23161 31.82313 31.79698 10.3407 10.08546 0.02301 32.18331 26.42902 26.54171 34.01335 24.48165 22.49798 7.82362 7.22799 8.31252 8.92731 31.49916 17.47316 20.61965 30.76805 24.05643 7.3552 10.37231 14.55395 27.89683 15.90427 11.61515 10.25879 25.26682 29.69119 30.35995 21.89351 0.0 13.36892 0.0 14.17395 
1000.0 0.0 0.0 0.0 33.29999 0.0 0.0 0.0 0.0 0.0 0.0 0.0 17.13373 0.0 0.0 0.0 0.0 0.0 0.0 0.0 0.0 0.0 0.0 0.0 0.0 0.0 0.0 0.0 0.0 0.0 0.0 0.0 0.0 0.0 0.0 0.0 0.0 0.0 0.0 0.0 0.0 0.0 0.0 0.0 0.0 0.0 0.0 8.91385 0.0 26.03131 0.0 
1000.0 17.10191 31.58921 11.2698 0.0 28.52798 11.9261 7.34585 11.44437 18.05353 22.02665 10.05878 0.0 30.84484 17.68002 24.22944 32.89084 28.61282 30.80824 15.50558 0.01114 6.97436 27.78409 20.14769 18.20081 12.32904 22.4509 30.8925 9.86394 33.6876 10.95158 34.22813 14.27101 17.9395 19.24946 17.14816 11.11111 33.15596 7.61849 30.40633 12.58409 31.9589 17.59852 31.80882 18.49774 33.0225 29.08855 0.0 14.27145 0.0 15.58179 
