1000.0 1000.0 1000.0 1000.0 1000.0 1000.0 1000.0 1000.0 1000.0 1000.0 1000.0 1000.0 1000.0 1000.0 1000.0 1000.0 1000.0 1000.0 1000.0 1000.0 1000.0 1000.0 1000.0 1000.0 1000.0 1000.0 1000.0 1000.0 1000.0 1000.0 1000.0 1000.0 1000.0 1000.0 1000.0 1000.0 1000.0 1000.0 1000.0 1000.0 1000.0 1000.0 1000.0 1000.0 1000.0 1000.0 1000.0 1000.0 1000.0 1000.0 1000.0 
1000.0 6.97166 29.22553 18.10745 0.0 19.18261 10.60356 29.34758 30.45021 28.81368 14.04575 8.18212 0.0 18.08146 18.70621 27.47084 17.4889 25.27915 8.24774 24.43541 0.02899 31.66577 17.67267 29.00371 20.9762 12.93782 16.08833 27.56346 17.4776 20.62395 19.40956 7.10689 29.7125 18.63362 7.08228 10.49305 24.96384 13.35597 20.19494 10.74096 26.90865 9.49858 22.60958 27.23485 31.84913 11.37758 25.53049 0.0 12.58068 0.0 11.01386 
1000.0 29.21977 23.83273 12.47356 0.0 13.12107 14.87716 18.51008 10.70849 9.57354 32.47892 29.74074 0.0 24.52358 31.8783 15.31862 16.25161 9.11219 28.82891 20.03827 0.01488 13.25613 7.95325 20.35755 31.44311 15.21803 31.35608 16.50762 12.25307 12.91409 11.82362 31.03261 18.53223 32.15795 22.75714 25.25053 31.24709 11.44058 21.26446 27.42723 10.97601 30.32367 25.93838 29.10208 29.02575 17.53454 13.75369 0.0 29.12959 0.0 23.67829 
1000.0 33.25914 23.08136 21.09232 0.0 14.63459 13.96237 33.87327 17.67935 12.64709 22.54156 30.34096 0.0 19.05192 20.94832 7.3716 16.33065 22.2968 31.08065 31.84137 0.03923 17.95081 11.69581 25.90139 16.2616 7.41723 20.34964 29.37576 7.95029 20.92829 14.32482 17.39679 11.965 8.38586 14.15388 14.74574 14.79695 31.08076 27.82388 22.91108 18.399 19.8382 13.71049 9.59783 22.67715 32.33861 15.6932 0.0 25.66448 0.0 7.77136 
1000.0 0.0 0.0 0.0 14.79272 0.0 0.0 0.0 0.0 0.0 0.0 0.0 26.92662 0.0 0.0 0.0 0.0 0.0 0.0 0.0 0.0 0.0 0.0 0.0 0.0 0.0 0.0 0.0 0.0 0.0 0.0 0.0 0.0 0.0 0.0 0.0 0.0 0.0 0.0 0.0 0.0 0.0 0.0 0.0 0.0 0.0 0.0 22.80913 0.0 10.52884 0.0 
1000.0 25.81538 22.63743 32.10657 0.0 27.34954 17.32416 23.74492 15.87559 7.14939 19.82151 12.55135 0.0 19.67643 19.51042 33.84931 15.39802 21.44034 9.49213 9.05844 0.03824 16.02285 27.33152 7.15434 29.6517 23.94005 14.29586 9.08903 6.88889 9.10875 13.96437 7.12276 8.41943 29.07046 20.66335 28.78801 9.84759 26.76228 17.94953 9.97203 28.82059 10.24555 20.65041 25.38844 27.30846 8.20666 23.28911 0.0 28.69892 0.0 8.74534 
1000.0 6.89127 13.60202 33.1941 0.0 14.2715 7.42834 31.53654 24.54875 25.29706 25.26323 24.97819 0.0 16.01571 22.87266 30.69765 10.34419 23.19692 9.85695 12.70819 0.02319 18.48831 29.06449 15.72112 28.012 28.2901 30.3847 33.11543 10.59693 29.9826 16.9528 29.14918 7.38073 19.68445 13.29308 28.45351 23.98082 24.9532 9.85866 18.60579 18.44504 11.69854 9.76052 20.23607 22.21383 27.09426 22.66279 0.0 30.57685 0.0 20.7881 
1000.0 20.79406 24.00341 17.57836 0.0 21.88059 20.80184 30.50129 8.34206 12.1613 28.91233 7.73175 0.0 24.7243 15.60204 20.4672 15.07001 25.15998 15.41054 9.31467 0.01855 24.38351 21.43162 21.18197 11.19072 13.98953 10.73062 31.94738 22.10979 24.02761 16.86992 8.95639 11.54698 15.44462 8.62824 23.24456 22.74004 33.83497 19.0292 8.87644 13.45799 17.14867 13.18568 8.04685 23.0294 23.73725 24.9603 0.0 10.36332 0.0 31.20324 
1000.0 29.0926 10.31769 19.01125 0.0 33.59703 14.74773 25.77347 19.43956 15.21179 16.4648 23.02486 0.0 28.16619 28.61128 20.43105 22.70061 15.89076 9.01766 30.42413 0.0202 18.00876 30.15295 19.93196 7.77195 29.86764 26.50156 12.39745 27.03538 13.4658 7.27157 24.8489 11.10301 10.3194 25.87489 14.87769 25.84167 22.67991 18.31947 31.9397 21.99272 19.42278 25.96119 27.56331 11.92417 30.42967 29.24325 0.0 31.62622 0.0 27.86775 
1000.0 11.82062 12.20193 23.73776 0.0 25.2622 15.5486 25.66515 20.87977 28.12607 15.36616 17.42538 0.0 25.33999 23.73328 30.48889 28.14583 27.12175 19.26355 23.05978 0.01936 15.4408 22.46341 26.20125 25.79712 16.82227 8.68211 12.6282 13.88812 14.72527 17.02196 31.92159 28.73042 30.66595 17.66651 16.70492 27.44878 33.04401 18.75692 30.34673 7.68558 19.82177 20.93952 26.74922 12.33906 29.598 13.37487 0.0 14.79999 0.0 11.10202 
1000.0 16.75425 24.19838 23.45697 0.0 31.08367 12.46096 8.44306 32.55644 24.79077 9.39124 13.51783 0.0 25.66876 23.23378 7.307 20.55065 29.96529 22.77774 17.14996 0.03602 22.66682 23.56983 9.57789 19.63024 33.85841 10.56943 14.5078 12.19328 9.61298 19.95264 16.72636 18.83123 24.81593 12.25616 8.1799 22.40608 23.05374 28.80908 7.63988 27.17212 18.59486 21.58391 27.22886 16.75122 17.01976 18.28454 0.0 24.79175 0.0 15.83723 
1000.0 13.96913 26.93466 21.56024 0.0 28.74255 30.37145 8.91238 19.87843 26.01141 28.9841 8.59157 0.0 25.17982 10.82824 33.00815 16.45155 33.59119 8.14281 18.49619 0.04075 27.14841 20.43058 10.98339 18.25787 18.83445 33.57502 29.00224 25.02803 17.02486 17.79653 25.48256 29.54495 10.00069 11.35486 13.25477 10.98845 18.47275 27.0391 23.4306 26.32095 7.75811 31.23689 23.76722 15.71362 11.49658 27.34051 0.0 25.71092 0.0 8.61283 
1000.0 0.0 0.0 0.0 26.03983 0.0 0.0 0.0 0.0 0.0 0.0 0.0 24.15789 0.0 0.0 0.0 0.0 0.0 0.0 0.0 0.0 0.0 0.0 0.0 0.0 0.0 0.0 0.0 0.0 0.0 0.0 0.0 0.0 0.0 0.0 0.0 0.0 0.0 0.0 0.0 0.0 0.0 0.0 0.0 0.0 0.0 0.0 26.75459 0.0 26.36385 0.0 
1000.0 14.13809 13.40366 7.10183 0.0 26.7253 11.45103 9.44653 26.69644 24.83252 10.85128 32.61983 0.0 25.06984 15.02859 29.5674 22.60705 30.10727 30.22711 15.83556 0.03608 30.97082 31.97455 32.38685 26.04963 25.59159 23.34226 31.69371 32.66929 27.30666 7.75308 11.51672 8.49157 23.13364 11.40172 9.36097 12.69051 12.00891 23.81385 27.08649 18.61366 6.77689 30.7794 14.49145 27.31637 27.88757 29.3473 0.0 22.57757 0.0 17.54599 
1000.0 28.13487 6.84791 24.70588 0.0 14.04498 30.4525 14.24302 13.31758 10.9607 26.90537 33.33785 0.0 18.86296 32.07394 29.62406 18.4794 20.51743 25.98767 28.02137 0.02805 18.13088 9.12432 8.33747 19.32918 9.53036 17.6864 9.46918 32.41003 26.09594 32.83559 19.22468 31.53394 24.60014 20.16506 16.68427 14.93114 14.55286 19.40329 17.68011 18.64738 16.18287 16.91193 9.12313 13.7043 30.28825 24.7689 0.0 11.7953 0.0 8.14773 
1000.0 9.1036 32.87807 26.21995 0.0 25.19591 33.29196 18.1867 10.12698 22.19073 14.00348 14.92833 0.0 12.83609 28.30232 24.76722 26.68617 24.45944 15.63949 9.44904 0.01154 21.63372 28.51985 33.2206 30.13361 17.55616 28.37978 20.61104 14.28914 32.02637 16.92622 13.94109 7.68452 18.87386 29.06102 27.02446 10.39991 33.28496 14.6398 30.43413 17.10643 8.72168 19.45423 27.35535 13.12685 24.0023 11.67249 0.0 11.26755 0.0 7.77892 
1000.0 21.74546 30.48611 25.26105 0.0 28.65206 29.85477 13.40868 30.83872 23.27172 29.15244 22.36578 0.0 21.83313 7.29995 18.10526 16.22613 32.56768 30.15632 14.82159 0.01354 24.87735 26.88882 15.71787 31.81876 11.7324 6.99225 19.96611 25.77741 21.06713 25.00443 13.52558 12.97356 11.80102 11.4227 28.8063 32.31842 31.43591 13.31043 8.91302 32.58392 25.88547 19.76443 33.57879 16.23788 27.1429 19.83398 0.0 23.83361 0.0 30.90672 
1000.0 10.58169 28.73118 18.98148 0.0 21.34555 32.55643 26.88909 32.51778 15.11534 31.75866 6.94601 0.0 7.0029 32.24269 10.23429 8.99319 9.43532 14.18576 20.98975 0.02574 31.04759 29.30042 13.56572 6.95055 21.05123 29.96663 7.18989 19.45794 14.48811 23.11297 31.96592 14.4967 30.56697 27.06759 21.6087 22.95791 13.22632 28.79061 18.0714 24.26734 10.87073 19.06466 14.93489 30.01911 26.04362 32.36868 0.0 26.0602 0.0 23.02446 
1000.0 17.84825 23.51806 14.71173 0.0 11.51473 9.89674 23.71323 27.80775 19.57692 25.77535 15.06458 0.0 9.47663 33.28078 17.87506 7.60632 24.24099 32.8592 20.82121 0.01403 31.27593 28.00747 31.79123 11.27341 14.75988 17.0414 13.74598 19.72651 31.39499 16.75848 13.64169 18.88485 14.6956 30.37157 13.73666 33.7109 14.8843 22.18195 8.68279 30.6366 33.7394 19.03292 29.63994 21.36319 11.17304 23.80031 0.0 29.69653 0.0 13.45021 
1000.0 33.26338 28.57498 18.14327 0.0 24.82098 20.35692 29.11323 28.92292 23.10772 14.96469 33.87333 0.0 33.31729 29.14566 33.11092 23.98362 30.38643 28.10102 30.90813 0.03485 16.40369 20.18932 8.75734 16.98515 24.17526 30.40917 26.22897 30.17472 8.23688 18.36893 29.38796 20.25281 29.57003 15.86804 8.639 16.86172 17.4298 7.09699 12.05036 7.38779 16.74719 19.8942 8.96006 16.02518 14.1887 24.13415 0.0 22.48733 0.0 29.43933 
1000.0 0.13883 0.06643 0.09323 0.0 0.08345 0.07806 0.04158 0.08364 0.14857 0.14626 0.10788 0.0 0.11335 0.1505 0.04179 0.12214 0.06499 0.07139 0.12918 12.24664 0.07476 0.11226 0.12705 0.0766 0.12795 0.12272 0.0368 0.05963 0.07749 0.07134 0.12797 0.10887 0.16193 0.08937 0.04586 0.06456 0.10866 0.07257 0.04685 0.04286 0.05298 0.15679 0.13916 0.14366 0.07162 0.03623 0.0 0.15692 0.0 0.06044 
1000.0 10.69138 30.8827 24.17231 0.0 12.93444 12.51878 33.6778 8.5169 14.17844 31.80202 9.44347 0.0 28.0042 9.68223 14.79324 33.09205 14.70589 27.934 27.08816 0.0262 32.31702 10.12039 14.50473 8.88132 15.23357 17.39447 33.53197 27.89102 25.95557 11.95362 7.84376 17.06139 20.84465 33.21884 27.36161 7.48275 21.48742 7.12449 19.27866 26.49993 16.59341 32.62875 13.92802 14.44576 32.34481 30.43975 0.0 27.86761 0.0 14.77668 
1000.0 24.70993 22.18849 24.18679 0.0 17.90032 7.44313 26.49154 19.5246 13.91174 12.43103 30.56033 0.0 11.22386 18.1185 22.59742 13.3147 19.55412 8.45835 24.9115 0.03043 11.61017 17.96031 10.92292 19.65446 15.02302 9.66788 16.25096 25.00434 28.66599 26.68563 26.67268 12.44423 14.35386 17.99296 11.22523 20.76349 23.47072 33.54999 16.65022 23.27276 31.47972 33.20436 13.09598 23.78814 27.64236 29.82835 0.0 19.75288 0.0 12.65041 
1000.0 14.11725 28.38196 30.64466 0.0 33.40049 22.60634 24.63137 7.80472 20.28232 15.32067 29.74954 0.0 18.82375 14.99318 33.83404 16.83569 25.24368 28.0942 20.07763 0.01282 31.57403 21.90313 10.91542 30.89492 11.59028 27.11211 7.74014 18.3337 15.95464 14.93271 9.7122 25.10891 33.77571 9.41386 16.90108 27.19083 12.109 33.30676 7.38422 14.1113 14.63118 30.91795 25.86656 24.60745 8.56656 25.99426 0.0 13.35253 0.0 26.79298 
1000.0 17.97913 16.18339 18.30209 0.0 24.64825 31.68366 15.15795 19.32782 32.41179 25.06181 11.1072 0.0 31.4806 12.48597 25.21846 24.05708 9.27919 18.89138 28.34724 0.01802 25.0304 8.38021 22.85426 16.42719 13.79978 17.95125 24.05614 21.85254 18.26809 31.72816 24.38335 11.26702 13.09501 28.09707 27.60157 29.01646 10.57709 12.38433 24.42836 26.72122 31.50316 15.97685 29.96123 29.41151 20.12078 28.75023 0.0 9.55313 0.0 22.66894 
1000.0 20.03643 14.82609 9.54608 0.0 21.50232 23.34875 15.80365 18.71348 31.06779 30.28127 21.29657 0.0 12.13634 9.42177 27.22236 13.93192 7.48053 17.21016 9.35552 0.01502 9.54649 31.43392 27.56684 21.58154 24.40279 24.00654 18.26819 31.56415 9.62591 25.30753 10.26692 31.74041 12.45533 32.40427 15.7937 28.19068 21.60909 16.35667 31.2576 31.15104 13.70523 21.67906 24.06577 19.88984 8.72236 28.70304 0.0 25.47358 0.0 14.16512 
1000.0 14.90309 14.50245 14.841 0.0 33.67561 28.48095 27.25398 32.51248 13.04258 14.28846 21.31084 0.0 32.56211 8.11988 21.2422 12.40269 30.35121 21.33046 17.85414 0.01806 30.50045 11.03905 24.37249 14.2566 29.19464 19.69714 22.50924 26.42731 30.59975 23.41589 24.26797 33.73983 24.89557 30.35921 22.92719 22.24118 14.13692 16.54461 9.14851 27.96373 8.34102 31.81033 32.97405 22.39223 7.30421 30.94132 0.0 29.09848 0.0 28.13918 
1000.0 9.54067 32.80643 10.58851 0.0 29.59902 7.95707 26.65263 19.36126 15.76582 11.72267 18.78772 0.0 10.30877 15.11833 20.66712 15.00723 21.8165 9.18909 17.89788 0.01301 11.22917 33.42077 12.61045 22.94987 8.80152 11.48826 14.64831 12.42591 32.33946 24.62134 29.9453 26.6341 31.99396 22.75808 32.45101 25.25684 16.68515 11.69623 25.3072 16.34864 12.63437 18.22051 20.70872 23.19192 18.50468 9.28322 0.0 8.70259 0.0 30.79123 
1000.0 30.39389 10.9723 11.95334 0.0 26.82234 31.05118 11.62754 10.17761 18.35931 18.83164 20.08586 0.0 22.9174 33.05499 27.2299 9.86787 20.22658 30.20524 17.54974 0.03907 17.34145 13.47339 27.01312 14.03432 7.03072 29.45747 31.24567 31.38127 33.77648 12.11807 18.02299 8.26015 21.44286 7.44751 17.90958 23.47124 24.61278 19.36567 13.47632 11.10651 15.28814 29.91449 27.00173 13.62346 16.39992 28.85291 0.0 24.28954 0.0 16.91812 
1000.0 15.74766 29.96689 21.23459 0.0 26.10401 12.98561 16.38755 29.04996 16.839 19.35664 10.27333 0.0 19.46528 24.22895 27.20601 9.86565 23.41983 12.08223 30.92321 0.02594 7.44299 8.73129 24.4246 7.17597 18.32726 11.89917 16.11263 33.64144 23.02238 12.1637 12.02311 20.75395 27.93616 15.05296 26.57991 33.1031 13.41704 23.88569 8.33376 9.10468 23.92098 12.04908 33.79526 13.63559 30.61639 7.34124 0.0 11.70713 0.0 14.44577 
1000.0 7.74302 30.72461 15.54215 0.0 25.14574 29.83391 7.22698 26.02589 11.18003 8.72067 19.62362 0.0 10.10873 25.96119 11.37187 27.02821 21.65507 8.06383 33.67443 0.03999 32.96842 19.79436 11.60042 11.86662 24.37912 10.72343 15.03278 6.85859 23.16481 18.94714 14.99553 19.08166 6.89401 13.94593 24.1188 11.63075 30.14086 22.60638 19.9525 10.86529 9.2022 31.18717 27.86494 12.70235 11.94322 31.32288 0.0 8.77771 0.0 33.44783 
1000.0 15.62922 9.39279 28.4399 0.0 22.68927 31.21085 7.62224 16.55966 16.3459 32.15518 16.69539 0.0 15.85169 24.23146 30.52665 33.39877 11.67375 18.82793 7.99016 0.01161 9.80799 28.18368 10.93916 16.38308 27.91151 21.87616 17.75669 29.85573 21.40574 27.59914 8.07729 33.75649 25.02665 26.41697 25.39389 20.04134 20.60921 28.1954 32.94785 16.17635 29.39008 32.86826 19.19744 14.04217 29.00345 20.94898 0.0 17.61245 0.0 24.29543 
1000.0 25.55528 19.54222 16.80912 0.0 8.76913 8.64192 15.08877 22.83748 17.52185 16.1851 23.88127 0.0 17.78057 24.92835 24.84456 33.15952 17.61779 29.90263 11.32385 0.01416 20.02962 11.21511 6.79195 10.03646 29.54405 20.37457 7.8467 27.83768 8.40967 29.68258 31.51484 13.08063 14.98769 14.28176 7.20555 8.82444 24.98272 15.75213 20.3152 8.9253 6.85672 19.27873 8.14865 15.21773 32.8157 8.92041 0.0 17.78459 0.0 8.76707 
1000.0 19.66042 32.76869 29.19885 0.0 11.50952 8.17254 20.93712 7.38533 23.67693 27.90207 24.17008 0.0 16.94748 32.15023 18.08309 8.04435 33.40866 18.08412 27.57448 0.02976 31.86182 17.52586 13.73583 19.89643 18.67418 11.03588 15.62658 32.49436 18.02013 11.61658 13.49552 13.32033 16.31175 11.33127 31.42755 18.81541 32.47747 10.81902 7.6751 24.1241 22.65522 8.01674 33.86038 20.60455 24.63094 15.6423 0.0 23.41759 0.0 22.3042 
1000.0 7.41427 24.74941 10.55278 0.0 17.8037 12.94086 16.49022 15.88521 17.55241 19.82996 22.54095 0.0 10.05697 16.38941 24.98244 26.15571 25.17431 30.40061 18.5341 0.0361 14.14554 9.95198 18.75968 14.05569 20.27062 31.19678 7.64171 31.732 7.38051 8.73694 16.67614 23.10333 32.29489 22.36905 32.67586 10.26577 30.40642 26.54651 13.77911 15.45862 6.87902 8.78928 26.52451 23.93991 24.22068 7.17938 0.0 24.96125 0.0 17.22415 
1000.0 31.7343 18.25717 33.78057 0.0 14.48268 21.14222 17.7005 22.25628 18.30291 12.57004 16.11087 0.0 30.40949 8.06475 16.36029 29.28878 12.04856 27.85307 19.98755 0.03516 33.08824 7.39441 33.12553 8.12994 12.71852 13.00285 18.88065 13.79948 29.15618 27.82459 30.45109 20.7462 30.46113 29.06838 29.81904 8.09364 21.42519 21.89475 30.47366 26.98681 28.91095 22.44269 17.93588 9.89344 22.35709 9.09777 0.0 23.66724 0.0 30.61202 
1000.0 21.49984 29.91899 19.20435 0.0 19.027 29.95921 28.86508 17.43228 14.67481 7.76298 8.32345 0.0 17.60533 18.30147 20.51175 33.74838 31.45501 21.8155 17.17956 0.02243 15.87688 26.41502 33.31813 23.31271 27.26892 22.3202 9.72854 30.38051 32.82203 33.53122 13.31979 33.2833 22.46299 23.61933 21.79624 32.29725 23.782 7.17504 19.21925 19.29661 9.87846 13.00137 24.80849 33.06954 11.27615 23.13333 0.0 24.29762 0.0 16.14564 
1000.0 24.027 32.25632 33.3457 0.0 18.94264 18.21151 8.54002 8.40323 9.2826 30.5117 15.66236 0.0 15.69649 21.74486 11.89803 9.16601 19.26833 18.46441 12.90708 0.03898 26.75875 19.7798 8.01106 20.84722 15.33689 27.54352 28.70934 23.00243 29.05081 10.31542 21.6326 20.69741 20.53778 9.29991 15.69394 16.41625 7.44499 33.54366 27.91378 14.27539 24.9245 29.59923 17.27482 32.73911 10.79234 29.67173 0.0 10.25719 0.0 29.32198 
1000.0 13.48516 14.80127 31.56573 0.0 26.19389 22.27575 32.30237 22.44264 16.27975 14.62083 27.80031 0.0 14.5833 33.63213 22.68414 17.52145 10.86328 30.87105 33.42605 0.02015 13.71911 25.89775 11.31112 29.90604 13.74274 11.50375 32.02469 25.80659 32.84925 31.34449 19.59358 32.16635 27.57849 9.50029 32.51315 14.51614 30.26152 23.73185 12.68073 27.22337 29.60385 28.07006 32.98734 25.04563 19.68601 10.56562 0.0 25.53032 0.0 7.33511 
1000.0 21.32899 28.46226 26.94021 0.0 30.37633 21.29879 9.68863 18.8723 27.331 21.14233 9.65392 0.0 9.16797 10.72781 7.43894 19.34899 19.76662 8.8728 9.86346 0.01101 27.63493 32.54315 8.41873 24.3637 31.74331 24.62862 16.43203 29.86754 24.18524 12.43053 15.5754 10.10225 10.48999 17.03509 18.88595 20.72692 21.12223 31.40649 30.16206 23.40601 32.55977 17.40314 8.54067 18.45538 29.7101 13.92324 0.0 32.50664 0.0 20.74306 
1000.0 24.53412 18.85372 19.69558 0.0 22.45562 30.84932 8.17845 7.47725 15.2999 11.50155 16.05854 0.0 26.32998 24.22213 20.45545 7.15596 23.29996 15.50478 23.99088 0.00876 27.02564 9.07664 12.37347 33.5037 29.47806 13.0557 16.46373 17.95735 20.85504 23.24026 32.01113 8.1353 23.67861 31.45281 31.0631 18.97009 21.74725 31.80603 13.91776 19.42944 7.82606 7.78087 12.49948 19.47142 9.86715 31.45656 0.0 28.47543 0.0 27.72107 
1000.0 29.57666 30.97358 28.74096 0.0 7.49494 18.92096 10.28185 26.91038 15.59542 32.59557 32.20275 0.0 14.20485 32.41292 13.88966 11.48911 16.24648 17.73607 12.15135 0.0296 9.04301 33.56103 12.28596 26.27165 31.69152 9.2621 27.2392 10.67925 12.47673 19.13509 31.79371 19.56594 9.29822 9.43214 23.41781 27.96927 15.74009 33.13221 28.17749 12.9621 33.77582 7.18398 24.28831 32.48315 15.6664 33.12931 0.0 17.90794 0.0 27.81123 
1000.0 30.05431 19.14277 19.77038 0.0 15.85104 18.71183 17.04426 22.56015 18.20817 21.77043 9.62806 0.0 8.45791 25.04989 10.74591 26.0659 31.86412 25.80601 24.18628 0.01992 26.57333 7.57301 23.13046 24.19218 29.33005 20.98254 11.89202 9.58809 33.5788 25.7123 19.71731 11.43441 24.54533 8.57002 23.76462 19.8021 33.56041 12.78052 24.81875 11.08511 20.22513 14.40761 8.51752 19.4748 26.93018 20.51813 0.0 18.5449 0.0 22.59011 
1000.0 9.22628 23.8496 22.86052 0.0 8.44534 15.48989 24.32912 17.87117 14.21272 18.25642 26.67278 0.0 30.5039 29.21548 14.02872 28.74654 21.73778 12.05449 24.84442 0.01951 26.9766 10.02481 14.38631 33.27595 21.39381 21.34605 33.76631 30.19191 6.78182 9.93182 7.2354 9.60124 23.26799 28.89594 17.03331 19.77219 27.7217 15.02437 19.08298 9.20586 12.56101 32.52633 13.48584 21.77957 17.01864 22.69899 0.0 11.0338 0.0 23.90539 
1000.0 29.62751 31.32079 19.51747 0.0 30.44661 32.20976 20.40039 13.9013 26.77975 20.84717 24.5743 0.0 24.96353 15.79614 29.45696 8.59715 11.64368 30.87006 18.01311 0.04108 14.85778 22.16821 9.0741 14.58563 26.85504 15.28025 27.56405 7.14633 17.2273 30.12691 12.95116 28.75645 12.98012 9.37637 18.99672 19.14844 13.06548 22.94726 23.15915 7.68282 25.65599 16.81556 19.17145 29.38647 15.95335 11.41282 0.0 17.68924 0.0 19.83685 
1000.0 25.46067 20.76069 31.53842 0.0 14.83187 13.29404 9.80552 30.75145 11.17263 29.06388 26.51726 0.0 29.03108 9.76365 32.25387 22.01194 10.66809 23.20619 32.52953 0.03727 22.60649 20.30938 10.02427 15.39614 10.54079 25.46525 8.09034 15.57707 31.20459 10.93991 28.78908 10.22812 15.20227 20.57892 18.2513 7.98649 11.47113 12.64051 15.44472 31.55634 28.3156 13.54464 30.09397 16.67265 12.9628 21.99454 0.0 31.15286 0.0 25.93231 
1000.0 8.10983 16.29665 7.0776 0.0 29.71565 28.05726 20.2011 17.94491 19.53787 28.73028 15.94076 0.0 19.09567 26.80784 30.51397 11.12051 28.98972 12.98955 24.27922 0.02871 11.57154 31.885 12.77581 32.30471 32.78216 16.52906 30.4451 24.08987 10.12311 17.64001 32.20871 24.23403 27.71434 23.67583 17.1109 13.99433 30.47601 9.8617 12.33739 16.81518 14.02251 17.42058 14.0202 22.69556 12.55545 9.41342 0.0 23.02108 0.0 14.00674 
1000.0 0.0 0.0 0.0 9.64679 0.0 0.0 0.0 0.0 0.0 0.0 0.0 21.10305 0.0 0.0 0.0 0.0 0.0 0.0 0.0 0.0 0.0 0.0 0.0 0.0 0.0 0.0 0.0 0.0 0.0 0.0 0.0 0.0 0.0 0.0 0.0 0.0 0.0 0.0 0.0 0.0 0.0 0.0 0.0 0.0 0.0 0.0 11.28947 0.0 10.04856 0.0 
1000.0 21.11761 17.81961 26.02198 0.0 9.48488 21.02948 20.42915 6.83828 17.94096 16.81693 13.31985 0.0 13.49618 12.07316 22.9506 16.10363 8.69353 12.8413 15.31399 0.02836 24.8761 31.50583 22.30895 33.09892 19.3708 10.12245 29.39653 17.35725 9.95758 26.5481 16.19102 31.08081 25.62655 8.48255 12.64037 11.68367 22.3929 12.61245 33.26769 13.11228 28.27412 32.11849 14.53734 20.82868 8.91634 22.00025 0.0 19.38514 0.0 22.27154 
1000.0 0.0 0.0 0.0 30.49428 0.0 0.0 0.0 0.0 0.0 0.0 0.0 22.07533 0.0 0.0 0.0 0.0 0.0 0.0 0.0 0.0 0.0 0.0 0.0 0.0 0.0 0.0 0.0 0.0 0.0 0.0 0.0 0.0 0.0 0.0 0.0 0.0 0.0 0.0 0.0 0.0 0.0 0.0 0.0 0.0 0.0 0.0 23.61678 0.0 11.44209 0.0 
1000.0 23.10446 13.49563 33.65565 0.0 11.44638 27.34933 11.52123 25.23847 21.35388 13.32988 14.04235 0.0 12.73709 24.49009 12.77251 10.16888 28.56485 30.28852 7.51881 0.04055 21.46581 9.74268 14.08463 30.53377 18.612 14.52712 17.75029 14.00595 23.00666 14.968 28.93972 26.88098 21.67767 14.78234 25.90723 19.45453 29.39613 16.73591 30.33417 18.84095 16.98996 7.40128 13.74535 22.20878 29.95405 10.72322 0.0 12.86408 0.0 20.63124 
