1000.0 1000.0 1000.0 1000.0 1000.0 1000.0 1000.0 1000.0 1000.0 1000.0 1000.0 1000.0 1000.0 1000.0 1000.0 1000.0 1000.0 1000.0 1000.0 1000.0 1000.0 1000.0 1000.0 1000.0 1000.0 1000.0 1000.0 1000.0 1000.0 1000.0 1000.0 1000.0 1000.0 1000.0 1000.0 1000.0 1000.0 1000.0 1000.0 1000.0 1000.0 1000.0 1000.0 1000.0 1000.0 1000.0 1000.0 1000.0 1000.0 1000.0 1000.0 
1000.0 7.73033 12.73073 15.41958 0.0 11.13873 9.80299 15.33679 24.51685 33.68964 12.89409 16.0071 0.0 20.21951 25.61257 14.80931 15.78024 19.45911 22.06218 30.24428 0.01323 15.90975 10.21059 15.18223 30.57052 27.15878 20.98322 12.72605 29.91133 19.33863 29.81018 16.00472 31.66435 18.80572 22.22612 26.47937 31.36063 9.65549 33.38164 11.09231 23.39937 23.61323 10.811 28.97571 25.26402 12.13853 13.0544 0.0 12.62129 0.0 32.19864 
1000.0 30.56526 6.8539 12.8386 0.0 16.11813 32.1449 22.00721 31.3389 19.81447 7.41275 11.64092 0.0 19.76085 22.96716 25.44 21.06245 7.59796 20.56048 13.40856 0.01498 11.33177 31.37072 20.20498 10.96151 22.26382 8.70449 16.10329 33.48523 33.29263 21.58124 10.27524 9.92533 33.74624 33.08752 18.04382 28.07653 23.57685 13.70334 19.21058 31.33481 21.14451 17.80888 17.75283 29.01115 12.59332 13.53504 0.0 8.08296 0.0 17.81233 
1000.0 14.76989 26.78005 26.6314 0.0 19.3201 22.92799 30.10823 7.47222 29.81612 8.34064 24.98054 0.0 18.04996 30.67633 7.96794 30.74687 17.94908 17.11264 15.06851 0.02189 23.84081 22.03872 32.46695 33.73264 17.47236 27.3133 20.5141 11.74959 11.06598 21.35229 28.32545 22.07478 24.20021 17.53813 8.1013 16.45159 21.61586 19.29607 22.40758 22.10761 23.52739 25.78707 33.66818 16.93622 25.93206 30.77922 0.0 14.81999 0.0 13.53756 
1000.0 0.0 0.0 0.0 30.87237 0.0 0.0 0.0 0.0 0.0 0.0 0.0 33.63521 0.0 0.0 0.0 0.0 0.0 0.0 0.0 0.0 0.0 0.0 0.0 0.0 0.0 0.0 0.0 0.0 0.0 0.0 0.0 0.0 0.0 0.0 0.0 0.0 0.0 0.0 0.0 0.0 0.0 0.0 0.0 0.0 0.0 0.0 19.61949 0.0 9.31986 0.0 
1000.0 8.97197 8.07346 27.96613 0.0 10.69251 20.97533 29.37682 10.92632 10.36181 23.95309 23.40963 0.0 33.40585 8.19092 9.83942 16.82271 17.16967 33.57716 8.08473 0.03244 28.74503 8.26727 16.64378 19.17064 8.83321 7.52233 23.60662 27.33729 30.12175 28.49192 19.34127 20.66534 29.45892 8.6288 13.56784 12.55465 8.06547 30.41747 9.18198 10.3659 24.47917 16.73887 28.21438 25.31928 22.9179 13.36821 0.0 18.39272 0.0 22.21021 
1000.0 17.79517 31.70397 17.46657 0.0 21.36765 32.52404 32.57253 21.62674 22.90631 26.50262 18.89911 0.0 7.89189 19.06462 8.93891 24.22365 27.01843 25.65084 14.38109 0.01615 24.78525 29.99889 27.09413 25.18405 23.54448 19.82845 11.11528 23.73084 12.44687 11.3422 9.1539 32.95621 15.58106 9.64167 20.75729 12.51647 19.75772 21.87379 12.36506 14.58719 8.66249 12.60631 27.09252 13.28344 27.7549 17.27964 0.0 26.89012 0.0 21.83063 
1000.0 10.4953 9.30857 12.27599 0.0 26.32719 18.60408 27.28219 13.57863 33.47738 8.99801 11.73202 0.0 25.22817 8.15584 19.99399 10.67087 7.46558 10.55519 29.92574 0.02126 25.76976 26.93712 29.03974 11.99423 22.10497 31.34677 12.53235 10.67587 16.52026 12.58212 20.10389 28.75408 10.76191 32.0822 7.69769 33.6293 15.58565 33.79021 19.30335 13.63996 29.19273 21.50277 28.39668 20.74147 11.88458 10.86381 0.0 23.39903 0.0 27.13321 
1000.0 8.82488 32.84485 24.14164 0.0 26.47523 14.36281 15.94857 6.96595 26.42787 25.75447 22.54153 0.0 33.77441 31.41715 13.84133 10.3148 28.63247 19.00849 23.43052 0.01371 8.40977 24.62017 27.74595 11.54161 22.05668 28.6763 23.13829 26.0989 20.16079 30.8435 23.65305 24.49066 24.32196 6.97224 33.24426 13.32043 26.01114 16.32357 9.31404 18.76023 9.24019 23.36576 20.18171 28.40523 11.26355 22.60764 0.0 14.2639 0.0 16.54435 
1000.0 20.33492 32.8948 32.1203 0.0 12.29498 28.36181 14.60865 33.04308 25.82939 22.92534 14.80871 0.0 31.01696 24.17736 19.28527 20.51416 14.06424 31.66998 17.1878 0.02401 17.63362 31.41108 9.02823 11.75624 25.53343 26.20958 18.5756 14.26165 25.42312 27.8538 14.60268 23.54024 10.67287 33.44111 15.93659 19.34161 20.98288 27.06952 29.64009 21.898 14.43226 31.28692 11.2883 17.44832 17.95035 30.00584 0.0 11.22597 0.0 25.58197 
1000.0 31.46608 10.78682 18.35832 0.0 33.03421 24.20801 14.08097 16.33498 14.47965 14.47901 27.33679 0.0 27.95006 31.23806 18.11204 11.67993 27.68966 11.42221 19.49278 0.02755 9.57464 31.53835 14.88939 32.15297 24.15126 16.60366 8.9006 11.92391 8.27228 31.83605 13.74945 25.4018 28.47087 11.73808 25.81174 14.74572 20.9093 30.25694 28.73881 19.92647 32.81847 12.21139 16.79137 15.97416 31.96571 21.12489 0.0 19.60574 0.0 12.71075 
1000.0 24.12733 7.71839 27.90498 0.0 6.99185 28.18168 18.95871 10.03927 33.61423 29.7724 15.27053 0.0 25.55243 17.61809 6.89531 29.04119 18.47445 27.73921 22.35891 0.02338 7.88148 33.69541 29.66762 33.34015 21.65808 8.70776 7.10198 30.95388 12.3948 6.83425 17.90317 26.57149 9.5066 15.24853 7.88081 7.8607 29.80413 12.46659 12.66452 30.93008 19.55166 24.21575 19.71914 33.58884 12.67264 25.98675 0.0 30.57425 0.0 26.59328 
1000.0 0.0 0.0 0.0 19.64792 0.0 0.0 0.0 0.0 0.0 0.0 0.0 9.69234 0.0 0.0 0.0 0.0 0.0 0.0 0.0 0.0 0.0 0.0 0.0 0.0 0.0 0.0 0.0 0.0 0.0 0.0 0.0 0.0 0.0 0.0 0.0 0.0 0.0 0.0 0.0 0.0 0.0 0.0 0.0 0.0 0.0 0.0 33.00131 0.0 28.40697 0.0 
1000.0 8.47569 33.18151 22.63687 0.0 20.91246 23.46472 31.57904 7.97474 14.99067 32.60894 24.22346 0.0 23.08444 27.72675 13.49188 10.32902 31.03343 16.62032 22.19295 0.02909 11.26905 9.49832 7.91148 31.00692 17.83949 16.63201 18.38716 11.0669 32.58176 8.55831 33.80589 15.96572 16.83417 10.27716 14.67372 21.31943 20.1837 10.93731 21.58088 27.45862 21.84679 25.7729 14.92089 22.85978 25.68106 16.70885 0.0 21.39527 0.0 8.09352 
1000.0 16.66737 33.65219 17.41507 0.0 32.46115 28.29871 24.87464 25.85377 15.91646 10.02232 33.21908 0.0 17.29762 11.93988 8.04813 18.52761 31.45613 12.27526 12.47646 0.01933 21.4389 32.9329 18.36897 26.45442 27.38875 15.66962 25.05636 32.88059 13.61824 15.41801 21.55725 20.21616 27.37667 15.99844 25.58895 18.66494 14.0047 12.67395 9.72466 20.26494 8.89892 8.6175 33.76445 33.20628 32.37556 7.5265 0.0 29.48409 0.0 10.23574 
1000.0 11.45468 31.4094 7.14091 0.0 21.0864 23.36459 28.92098 29.40953 32.29406 9.22024 30.49372 0.0 28.28369 26.31859 29.59422 26.94017 21.41096 15.50599 26.02709 0.01168 22.48303 10.15368 23.60841 12.09075 9.86667 25.15508 25.23382 16.16844 28.66343 18.77055 18.5345 21.30267 32.18628 18.781 27.4945 26.35416 19.34709 20.45344 30.94109 9.81276 19.70436 27.12459 15.4136 31.09527 23.3422 19.75868 0.0 33.72033 0.0 11.35502 
1000.0 9.9947 29.22094 29.55509 0.0 13.30634 29.56696 23.09383 27.84242 30.02191 17.63031 29.76314 0.0 28.9698 17.46847 32.39731 22.80499 20.59643 8.46186 22.13812 0.02704 23.43808 21.56089 27.93529 28.0817 17.04588 32.86792 33.50539 28.80512 26.33821 25.00114 19.66286 31.90412 30.50184 25.84261 26.62776 26.20515 27.43767 7.9033 11.34561 30.06276 11.82233 19.51026 23.38995 18.46933 27.01282 23.7715 0.0 28.29303 0.0 20.00403 
1000.0 21.75935 7.80599 12.4046 0.0 9.06076 16.43178 9.89875 10.33786 25.3985 14.94622 17.787 0.0 14.73338 8.18877 23.15702 25.09444 20.30742 27.70191 29.05877 0.02902 21.66934 31.21441 18.69162 8.37108 6.79469 16.54732 17.2084 22.21029 17.62793 31.7453 14.62154 20.30908 20.91708 9.29832 13.66699 18.75591 26.43997 19.92079 12.87127 18.31493 29.68581 19.02108 20.18825 16.73201 24.5152 25.14229 0.0 23.38307 0.0 33.4763 
1000.0 15.44159 30.04262 27.67544 0.0 18.30197 6.95132 29.20175 28.23948 24.1588 25.23607 17.50166 0.0 10.61266 17.35099 6.87566 31.85667 13.85777 28.15243 23.61688 0.02034 25.23884 20.79199 31.50989 23.49193 33.67772 25.0904 25.7597 18.98787 12.71016 13.02575 17.41842 32.05772 16.64459 22.59927 12.46398 32.94669 15.82033 28.91457 15.55708 8.48891 21.47158 17.00557 30.93395 33.36158 24.44837 23.19176 0.0 10.61037 0.0 13.61194 
1000.0 28.76065 18.64241 30.63098 0.0 23.34074 14.22398 10.71905 15.63031 13.27629 21.83776 14.77915 0.0 24.14587 18.85663 22.97705 31.84325 17.12477 25.01369 12.04203 0.03876 15.31092 22.68982 30.06374 26.84682 26.46274 32.91242 19.92354 27.96122 21.79346 24.54244 14.99414 9.72696 14.76241 14.07887 23.39597 24.99991 13.36348 30.02678 7.04835 22.70021 28.3116 20.6733 7.77888 31.80871 28.30723 22.57428 0.0 15.24297 0.0 11.62712 
1000.0 0.03802 0.08967 0.04126 0.0 0.08263 0.10173 0.13728 0.15441 0.10914 0.15333 0.11115 0.0 0.1591 0.11512 0.05568 0.12139 0.0449 0.1595 0.07033 8.74745 0.0608 0.12632 0.11166 0.11394 0.11433 0.1008 0.08886 0.1468 0.05319 0.03993 0.13387 0.12984 0.04031 0.0818 0.13727 0.0664 0.11693 0.12746 0.15869 0.04098 0.09301 0.05508 0.07905 0.04529 0.13327 0.11121 0.0 0.06053 0.0 0.12359 
1000.0 17.73041 17.0232 9.0087 0.0 18.22964 15.24237 14.02142 9.44088 23.75109 12.73877 22.56032 0.0 31.16182 22.35011 31.48398 19.75047 18.76502 18.97522 26.52802 0.03179 17.2802 33.63435 13.88998 18.44356 8.10433 8.63888 31.86176 31.58187 16.94872 32.06373 32.08505 31.96287 22.40063 13.65315 11.57177 11.77625 11.61432 14.71444 16.57179 25.09023 28.43835 21.87625 14.26423 13.47941 23.20688 13.73545 0.0 18.29493 0.0 7.59054 
1000.0 28.11403 16.18859 16.27351 0.0 11.45304 12.15485 12.81835 25.02137 29.11649 13.08336 26.72863 0.0 12.74079 30.91884 26.19034 28.96364 33.73346 14.18649 29.95506 0.03307 22.4562 7.41512 14.80815 13.76436 28.05902 14.18603 27.67891 23.95819 28.79157 19.54592 12.10143 17.59362 33.77445 24.84466 16.43151 16.88564 11.44813 18.00228 22.91695 27.29345 24.99859 15.18726 32.53839 7.71956 7.77513 15.82316 0.0 29.17451 0.0 15.26848 
1000.0 30.64306 26.19103 16.10136 0.0 10.15163 21.13467 13.52904 12.41043 18.22079 30.49246 17.40542 0.0 27.57978 23.03618 8.3552 30.99103 22.8183 20.81365 16.12561 0.03961 25.42595 23.68065 19.42232 28.31533 8.8127 33.50209 24.46935 26.28408 28.33285 11.37733 15.37943 22.89575 24.17642 17.872 28.5818 8.19674 24.62151 28.89817 14.0829 11.05425 13.64809 23.76556 14.90352 17.56838 21.81662 15.62518 0.0 19.97643 0.0 16.64717 
1000.0 8.96903 16.35367 22.20475 0.0 23.3824 10.92375 22.64667 19.05964 32.21096 32.88165 12.32483 0.0 12.79035 31.14184 9.15004 30.67092 10.36057 25.45141 21.33989 0.03925 14.75947 7.83699 29.22102 21.3823 32.78159 29.12547 14.46288 30.78962 16.16791 20.77574 15.58951 19.70023 29.63104 30.034 31.6218 21.74263 23.11168 18.12937 30.56821 10.1772 32.62013 27.44386 26.48407 13.86893 19.68545 11.7314 0.0 7.20635 0.0 17.01684 
1000.0 14.56275 14.44618 18.91638 0.0 15.91294 25.35092 19.04865 15.29224 8.04831 16.0245 10.53398 0.0 24.86607 25.28779 19.7398 30.18987 15.67364 12.73721 18.11781 0.03731 21.51597 7.64768 14.38942 9.70385 25.8741 27.38546 14.14497 10.58086 12.947 15.48488 18.75144 18.36883 10.87404 13.48069 26.12359 12.1903 9.96067 18.73295 27.18258 30.3916 13.73317 27.76934 10.13265 11.71931 17.58906 12.75245 0.0 19.09547 0.0 17.18312 
1000.0 10.29017 16.73092 14.44202 0.0 26.14705 33.01833 26.16677 7.4647 28.05782 7.18927 29.95797 0.0 22.48919 16.7257 18.05726 33.87405 8.77254 24.6663 15.91523 0.0136 25.75939 14.92219 15.94602 29.94407 8.1556 31.43374 8.30729 12.13366 20.1144 14.15671 12.30064 12.75133 16.02864 25.63664 21.40451 17.43434 6.91927 28.5445 22.70484 25.02259 14.71632 27.701 6.80711 18.48081 26.03989 27.36112 0.0 17.63041 0.0 28.58682 
1000.0 26.66109 7.6134 19.85441 0.0 29.10129 25.06498 31.78502 28.44052 7.15632 12.65965 33.69718 0.0 13.53732 25.02768 28.92665 26.7007 17.62419 20.27723 29.05648 0.02913 26.27817 17.25302 9.43721 23.43953 24.89032 33.82932 14.67826 16.83805 15.27978 31.89765 10.31877 25.84241 19.05631 20.7475 12.31917 25.51814 13.73088 14.10056 33.91056 20.42729 31.1495 8.74219 7.58741 31.17261 23.18591 11.82921 0.0 29.71606 0.0 18.0256 
1000.0 24.25643 28.02767 9.7369 0.0 13.2734 32.84907 33.60948 21.30714 24.25702 29.48998 17.52086 0.0 23.45707 18.00481 32.97254 33.41948 33.65549 21.24178 13.60017 0.01089 6.86523 22.0259 17.86137 24.17351 14.66425 9.8514 31.76444 33.24598 12.87844 23.55591 11.70797 30.7458 22.58618 9.03651 28.32529 19.5468 14.17852 21.18761 33.91617 22.27612 29.10156 8.24879 21.99752 9.35207 6.92932 24.44673 0.0 29.21773 0.0 13.88751 
1000.0 19.87351 12.82153 9.53567 0.0 23.73769 30.89601 32.459 17.88233 7.82866 20.92679 25.67943 0.0 8.5111 24.82323 26.7652 20.76728 19.28793 21.98841 23.90094 0.02979 17.75281 23.07298 13.24797 21.22174 23.71206 11.87939 16.10688 7.54609 22.18935 25.2962 13.74691 22.24432 20.91732 10.04714 14.96749 31.21025 31.76056 13.49359 33.05564 22.08702 26.33224 16.15315 26.60147 9.31068 16.10681 26.13619 0.0 19.81326 0.0 17.06869 
1000.0 30.87346 26.87016 18.28052 0.0 32.5747 17.90762 20.52158 9.29396 33.35055 21.69238 18.48595 0.0 7.85338 17.63949 31.56143 15.13798 17.87484 31.71399 32.3707 0.038 18.05849 32.34593 20.52917 9.56088 24.77277 13.69734 21.0756 32.25575 11.22467 18.00323 12.61284 27.74914 30.01493 10.04481 27.28597 23.30296 15.3783 28.19691 32.76845 7.40846 13.58469 17.38067 11.39766 17.35828 33.90698 30.90002 0.0 9.24684 0.0 10.69023 
1000.0 19.518 28.11094 17.3535 0.0 7.32332 26.37194 31.86967 19.09342 10.60647 27.13696 8.63168 0.0 7.96482 25.50861 15.5332 30.92884 16.14967 32.89501 20.8729 0.02254 13.51765 33.63231 25.58572 9.634 26.06698 13.35633 26.01097 18.36555 15.76825 19.55179 16.61146 32.6603 29.50598 24.77797 13.94268 21.05148 30.03708 9.01959 16.04406 30.21463 21.47142 18.37641 10.2298 31.41947 19.09366 15.07185 0.0 29.45673 0.0 22.69031 
1000.0 17.12419 28.9036 13.33386 0.0 7.09089 31.66151 12.79323 7.87498 19.62704 16.8187 33.4649 0.0 28.34065 8.4986 8.66715 21.09367 25.14473 14.49442 12.883 0.01269 7.13668 13.39232 13.84393 9.75504 11.73788 31.40906 12.10698 23.08663 30.26692 27.93396 24.02048 7.76708 20.82469 17.96402 7.66001 20.20207 22.15771 33.08338 16.23108 26.63777 19.3054 16.47634 24.59962 27.24567 22.43612 15.19348 0.0 19.83905 0.0 17.44424 
1000.0 7.24761 26.81993 6.89318 0.0 10.15578 24.06749 20.34062 27.78728 13.50407 12.45977 14.03565 0.0 33.22014 9.89242 25.59682 33.7133 26.62361 20.17731 19.4119 0.01252 25.72143 28.41106 29.97289 28.02947 31.11817 13.35455 18.89047 15.69267 14.1891 19.36206 19.98135 32.30921 24.74625 7.73335 32.00809 20.51727 33.79999 31.30805 33.62195 20.14844 17.99883 26.2083 29.38318 19.19698 31.37718 9.25752 0.0 30.74219 0.0 11.27455 
1000.0 17.02623 11.03274 17.78864 0.0 27.09868 33.52131 17.06641 16.19857 20.58326 12.81223 20.53156 0.0 17.24067 12.70436 26.5355 21.61103 17.33719 11.09094 20.74732 0.01531 22.82025 27.53345 23.26545 11.28747 24.09521 27.53266 15.71156 24.30114 28.47596 29.63129 7.36067 14.20161 33.12628 15.16805 28.6896 15.41977 27.83868 26.91068 12.54953 19.92918 21.61292 17.79324 8.44602 28.50075 21.14346 14.66916 0.0 20.27805 0.0 10.00741 
1000.0 31.43437 29.33593 10.67861 0.0 32.14891 16.45151 18.54978 27.58511 27.16049 29.21731 17.46841 0.0 15.1746 13.24064 26.06744 30.8144 21.8229 22.3078 26.72252 0.01177 26.82433 30.2163 14.51822 6.89492 31.22245 22.66277 31.82778 26.67734 12.1541 10.98352 14.20915 31.61142 28.93751 26.195 33.89155 19.18965 22.25775 20.80489 31.31485 19.72619 20.81526 10.00607 12.76527 18.73119 13.06867 7.65495 0.0 31.79065 0.0 10.63615 
1000.0 8.1636 14.16198 19.9559 0.0 21.56268 14.63279 29.86809 13.72394 21.15337 33.03894 25.42982 0.0 12.4095 32.7506 30.64136 31.77892 12.26557 11.75842 7.23656 0.02217 14.48995 16.75112 33.40172 19.657 7.70974 21.04156 27.85228 22.2492 31.97513 30.71342 7.0422 22.86424 20.96879 9.63752 22.75497 22.51195 25.69692 10.66536 26.28118 20.68513 11.59939 12.60106 8.64913 30.1906 10.49411 9.66493 0.0 7.14455 0.0 24.72137 
1000.0 10.89939 21.48401 8.44007 0.0 19.68946 11.44767 28.97695 21.42492 19.19097 20.14938 26.66349 0.0 15.06527 31.58096 20.32508 26.65894 27.21796 22.62744 18.39536 0.02016 19.28536 20.03214 17.77396 10.46329 9.608 11.15632 19.06702 15.96332 15.34475 24.18882 32.15608 11.23675 24.73748 8.85993 26.41128 7.79631 24.32266 32.93487 27.52782 20.22411 28.4434 25.37821 10.46723 19.25327 13.89647 17.21239 0.0 9.73754 0.0 25.01294 
1000.0 14.45024 33.18811 9.22758 0.0 21.66765 25.55443 30.83951 14.09271 18.6147 29.96457 12.22469 0.0 29.60004 11.19124 10.23219 32.35857 24.66661 25.25812 32.22573 0.03571 14.92757 7.54775 30.31727 32.81662 19.1424 15.43285 33.83411 32.39153 29.45107 22.8236 21.01946 24.99008 11.37593 15.48325 16.87154 15.63103 28.33863 10.18251 20.62423 28.8433 13.76324 23.9582 7.26425 32.94653 23.97987 17.76818 0.0 12.18072 0.0 10.17408 
1000.0 14.27401 9.11474 27.91784 0.0 10.49241 6.95565 26.98521 28.18234 13.00173 15.47884 30.97307 0.0 30.72628 26.63822 17.60825 19.26265 33.03697 27.09487 16.70239 0.0281 15.90461 15.32456 12.05947 26.42275 31.51098 26.47741 27.78611 24.24477 11.81179 17.17466 18.18766 22.53695 15.34992 10.79908 11.18217 14.8677 33.89214 29.52666 21.51327 31.98765 30.01775 32.82376 9.51814 25.39523 19.80567 31.45535 0.0 31.06156 0.0 11.48003 
1000.0 8.16306 12.9359 29.09415 0.0 16.38325 14.07695 8.56162 31.54856 15.36143 21.99124 16.48391 0.0 13.64462 33.0515 12.01542 13.2112 16.03734 31.51802 26.12121 0.02677 15.6513 25.51076 6.80924 31.98108 11.4933 33.23801 20.49363 13.95137 30.7545 24.71076 11.95007 18.4354 9.95623 22.27367 6.8577 12.4158 23.86398 12.51376 14.10368 30.84591 27.52665 11.70942 17.72684 26.44329 19.04416 25.12388 0.0 16.1884 0.0 15.46681 
1000.0 29.42725 16.08868 26.54833 0.0 25.42238 14.06656 22.50316 13.42139 18.06344 31.28063 7.83332 0.0 33.59487 9.60261 33.0426 17.53447 15.65426 26.75094 22.9043 0.01345 33.50026 33.76119 23.29035 23.05097 32.85687 31.85434 27.4071 9.44163 18.95582 31.05448 28.79362 11.89754 31.44278 24.77899 20.83591 28.03717 16.71798 17.26432 14.08699 20.10937 15.99645 7.78548 31.80804 23.29471 10.61849 29.86438 0.0 21.80392 0.0 24.43413 
1000.0 25.37943 12.66906 22.05849 0.0 25.03811 11.38389 17.19619 12.41326 11.96484 21.40034 25.95198 0.0 18.95443 11.5565 31.47066 31.84683 27.53338 33.46082 32.93625 0.01592 29.13577 31.3753 11.42106 30.42881 32.90557 15.22744 21.95144 24.48666 31.32075 20.649 27.64983 24.03069 31.13162 32.63834 30.0538 24.78857 15.98169 32.34202 16.07433 29.67097 32.21809 21.51925 19.62599 30.40504 27.86316 23.83029 0.0 7.49471 0.0 31.19135 
1000.0 29.41595 25.96528 23.75681 0.0 9.0536 33.19264 13.89896 29.592 14.63224 10.6979 8.77772 0.0 33.63657 8.21817 10.77695 28.51076 22.49062 25.1454 33.25335 0.02685 30.22422 17.25389 26.86218 21.21903 23.69872 30.13757 9.48133 22.68135 28.12027 16.94382 24.62715 22.24177 10.0508 9.55069 23.67219 23.21041 12.64574 12.04169 7.55983 30.78032 27.24928 9.17251 32.37675 18.77676 10.40177 21.4078 0.0 10.27386 0.0 9.32935 
1000.0 20.16932 32.01177 13.95334 0.0 13.71857 25.4627 28.04147 11.05453 23.31735 30.03131 25.05063 0.0 21.43401 14.17163 24.214 9.61052 10.67143 26.17863 11.23525 0.01391 10.79846 9.45165 28.42437 7.51615 8.55244 10.90036 16.74167 18.44452 9.9539 17.52659 31.34866 28.7037 23.3539 12.41489 21.42001 14.80086 16.14914 27.72107 24.72424 33.3857 13.366 25.68519 21.04026 15.20377 8.38192 26.05785 0.0 28.48505 0.0 7.01014 
1000.0 17.47577 33.3078 17.40715 0.0 8.26946 28.43042 18.40406 18.75892 27.61205 21.03863 20.57862 0.0 10.06163 12.50049 32.49148 11.71238 13.4451 12.16583 7.96114 0.03204 18.41546 15.78333 9.56177 23.30597 32.00803 6.81928 18.76863 29.62388 24.67565 20.64671 29.03239 7.18272 28.90433 30.67194 21.66851 13.16562 11.31372 7.13529 33.89428 17.98556 8.86449 24.24935 8.90915 13.88298 24.49843 7.86021 0.0 13.33271 0.0 27.84991 
1000.0 24.19117 19.4483 9.15218 0.0 26.8748 32.13985 31.63534 21.01445 13.48466 27.0705 30.85056 0.0 16.35877 18.46905 25.58474 29.84622 22.22503 25.92981 27.70744 0.03939 25.50895 11.2557 30.34256 19.34819 33.90382 26.87961 18.40877 33.32716 26.31237 22.94724 33.53967 15.15284 19.10811 23.93856 22.75388 11.41128 17.27155 24.87881 22.38592 28.51731 31.79074 33.51766 25.29896 25.28322 26.24467 31.84052 0.0 7.51988 0.0 17.97203 
1000.0 0.0 0.0 0.0 18.93325 0.0 0.0 0.0 0.0 0.0 0.0 0.0 26.60719 0.0 0.0 0.0 0.0 0.0 0.0 0.0 0.0 0.0 0.0 0.0 0.0 0.0 0.0 0.0 0.0 0.0 0.0 0.0 0.0 0.0 0.0 0.0 0.0 0.0 0.0 0.0 0.0 0.0 0.0 0.0 0.0 0.0 0.0 10.57658 0.0 16.72037 0.0 
1000.0 13.46759 10.13603 21.01189 0.0 29.30994 9.95171 26.57334 9.07416 19.35181 22.04075 24.71757 0.0 17.55395 28.182 8.53598 29.1532 13.9963 17.11243 18.54964 0.01803 7.16398 12.47104 12.96018 24.45144 19.56293 20.38836 16.81605 7.74489 27.61399 19.08619 18.9228 25.79451 17.10111 14.98489 19.97403 29.60875 28.12421 30.75753 28.93785 9.10063 14.77045 8.96677 8.97527 26.46874 33.57262 24.91535 0.0 18.4608 0.0 12.47014 
1000.0 0.0 0.0 0.0 22.62279 0.0 0.0 0.0 0.0 0.0 0.0 0.0 10.03072 0.0 0.0 0.0 0.0 0.0 0.0 0.0 0.0 0.0 0.0 0.0 0.0 0.0 0.0 0.0 0.0 0.0 0.0 0.0 0.0 0.0 0.0 0.0 0.0 0.0 0.0 0.0 0.0 0.0 0.0 0.0 0.0 0.0 0.0 33.09997 0.0 25.91352 0.0 
1000.0 19.07816 28.13337 26.29223 0.0 31.61411 15.61182 23.08436 20.99633 9.79429 28.23918 21.29992 0.0 7.06907 12.01296 7.04811 27.87738 9.23159 16.92921 33.91974 0.03214 23.43571 17.79775 33.82392 14.08202 27.53527 26.68402 18.5129 30.14593 9.21293 16.73361 21.99086 9.98179 26.33785 7.61769 22.07636 12.50874 15.97678 32.56469 16.90638 17.31878 14.33844 18.07923 8.21654 16.32099 29.33446 9.48571 0.0 24.40244 0.0 33.16902 
