1000.0 1000.0 1000.0 1000.0 1000.0 1000.0 1000.0 1000.0 1000.0 1000.0 1000.0 1000.0 1000.0 1000.0 1000.0 1000.0 1000.0 1000.0 1000.0 1000.0 1000.0 1000.0 1000.0 1000.0 1000.0 1000.0 1000.0 1000.0 1000.0 1000.0 1000.0 1000.0 1000.0 1000.0 1000.0 1000.0 1000.0 1000.0 1000.0 1000.0 1000.0 1000.0 1000.0 1000.0 1000.0 1000.0 1000.0 1000.0 1000.0 1000.0 1000.0 
1000.0 16.94004 31.25898 23.18713 0.0 35.63543 26.41291 18.29779 38.48465 28.30441 23.7464 38.49374 0.0 15.02326 27.42882 28.6089 37.7079 11.64552 41.6987 41.14488 0.04518 40.44586 35.04624 34.16021 23.85958 25.77337 20.35735 15.14518 43.3269 39.11316 30.56768 16.91008 43.04821 18.21988 13.69635 42.58965 17.1995 39.88374 15.26253 30.16965 42.27676 37.0324 38.10644 12.94564 26.81413 19.21462 18.69859 0.0 33.46851 0.0 17.09723 
1000.0 25.33063 9.92038 37.43191 0.0 27.88516 11.75663 12.3848 13.8415 18.41644 31.35505 43.61671 0.0 29.78031 37.2946 13.27392 41.97982 23.43976 34.59575 29.78034 0.03382 28.02971 26.6008 35.91123 11.40261 19.07758 39.42549 43.98785 12.88268 15.07711 24.36462 16.66672 43.53164 12.36362 43.75892 43.30882 12.4825 18.90901 26.16525 25.7768 15.12725 28.28296 43.87315 11.83731 31.80436 40.04939 39.69351 0.0 38.9421 0.0 37.33364 
1000.0 17.20005 19.29324 43.6437 0.0 23.00857 24.46674 27.28809 17.01081 24.66377 18.41873 40.98297 0.0 25.68813 22.14067 37.52544 13.23566 23.89028 43.53717 28.84036 0.03438 9.84848 25.39588 9.05448 17.39728 39.25295 42.18173 33.98203 15.97894 9.35026 19.71801 15.09994 38.87684 9.10542 39.66428 34.3954 43.16125 36.61768 25.79134 10.6432 38.83966 22.37253 12.23778 36.99213 13.87994 29.49689 24.28626 0.0 41.37421 0.0 18.85178 
1000.0 0.0 0.0 0.0 38.31126 0.0 0.0 0.0 0.0 0.0 0.0 0.0 25.4332 0.0 0.0 0.0 0.0 0.0 0.0 0.0 0.0 0.0 0.0 0.0 0.0 0.0 0.0 0.0 0.0 0.0 0.0 0.0 0.0 0.0 0.0 0.0 0.0 0.0 0.0 0.0 0.0 0.0 0.0 0.0 0.0 0.0 0.0 21.0331 0.0 40.32198 0.0 
1000.0 35.42898 23.8413 14.98993 0.0 29.51178 39.10847 32.59331 26.25002 38.06357 33.16315 30.47346 0.0 18.45723 9.78984 27.53842 24.89572 28.57386 13.11448 19.52707 0.01986 43.49366 23.02502 35.92839 15.20113 34.55267 25.77518 41.186 9.01116 20.08332 39.10456 42.12399 40.7136 11.86025 26.22093 40.86946 18.23418 19.10196 32.95618 39.21146 34.59322 11.66492 35.14332 10.63471 15.93211 25.43847 27.34454 0.0 14.60249 0.0 24.25621 
1000.0 16.28375 15.64296 25.25175 0.0 9.62782 19.37186 15.53599 18.96086 40.62642 39.70475 18.55964 0.0 24.748 32.87365 42.38762 16.25898 11.27004 33.70172 20.3607 0.02702 35.76141 19.41129 28.37709 22.201 18.00506 31.42158 18.6729 16.79851 17.4165 20.89747 30.21993 12.07707 35.24778 33.88999 17.81775 37.26954 28.0284 41.23395 32.25246 33.18871 19.06763 27.56088 30.79336 35.36587 14.15413 23.25924 0.0 30.79239 0.0 21.66189 
1000.0 32.98655 40.8814 20.89613 0.0 41.48588 40.49515 14.38036 12.26101 39.28321 24.60716 16.89277 0.0 41.16877 35.85878 32.98395 35.29376 16.54122 37.40049 10.18575 0.01364 14.45748 11.06398 18.37492 40.32707 30.0377 16.13013 31.62646 38.99527 37.58499 25.10461 9.22409 41.74423 29.68284 34.91501 43.84531 35.51947 42.84811 17.8317 30.87307 40.01418 43.49477 18.1103 42.44521 40.96484 20.16033 36.1456 0.0 35.653 0.0 10.1279 
1000.0 42.13568 31.11955 26.3289 0.0 36.29266 18.68348 27.48274 39.3922 25.38818 13.78818 12.8802 0.0 33.39114 11.4086 31.9344 28.35146 36.52746 40.83579 22.69383 0.03949 39.22889 36.85695 11.29235 13.96897 37.48869 17.40153 13.5167 31.93471 24.08975 26.12705 16.8107 22.23954 8.88292 36.25942 30.3364 15.1969 12.07815 42.89279 20.7555 16.94252 28.41311 19.82196 34.12643 42.23629 36.64858 41.72125 0.0 38.8699 0.0 43.34041 
1000.0 38.46586 30.95921 33.55627 0.0 14.26056 26.77966 28.02711 22.0652 13.467 9.06387 32.52666 0.0 34.25454 16.31194 26.16132 40.62142 25.3881 33.4917 19.25735 0.03695 40.38316 39.82272 14.85141 23.24243 40.07238 39.62506 11.76891 17.74941 12.80441 35.68861 20.94549 35.09986 41.57457 41.82611 43.45283 13.57695 29.43773 39.0391 12.45323 31.55149 19.48563 8.87379 18.15636 41.00396 19.9604 24.13762 0.0 19.38342 0.0 23.16043 
1000.0 40.73351 31.32491 28.53099 0.0 39.32419 25.70053 9.85586 36.33266 20.44087 24.49708 42.76645 0.0 41.56834 23.37611 30.29518 36.77051 26.95439 38.83539 36.06003 0.03803 17.91851 10.2838 42.38674 35.80414 22.33439 33.72744 38.4717 27.55154 42.23503 30.13544 22.52785 40.32222 26.44637 27.80024 22.99348 21.60635 11.21002 18.93037 26.94448 38.56261 32.45818 38.19589 23.90594 19.07931 38.54515 14.85394 0.0 33.57189 0.0 17.56422 
1000.0 22.22681 35.26755 21.76837 0.0 29.29049 24.97427 36.47277 39.264 39.46664 19.00931 39.26263 0.0 15.70608 38.88725 23.68513 26.68793 15.41063 13.00178 38.83189 0.02043 25.10354 30.59868 25.48028 11.41013 25.0306 25.15211 14.74431 12.35374 32.64238 39.79092 12.90028 28.49271 43.6471 41.57804 23.33321 17.2906 28.55418 30.7811 13.39146 22.17882 29.60263 19.29159 9.38876 27.7907 24.1659 30.55731 0.0 18.47835 0.0 43.79239 
1000.0 0.0 0.0 0.0 26.64263 0.0 0.0 0.0 0.0 0.0 0.0 0.0 14.8549 0.0 0.0 0.0 0.0 0.0 0.0 0.0 0.0 0.0 0.0 0.0 0.0 0.0 0.0 0.0 0.0 0.0 0.0 0.0 0.0 0.0 0.0 0.0 0.0 0.0 0.0 0.0 0.0 0.0 0.0 0.0 0.0 0.0 0.0 31.00586 0.0 43.52978 0.0 
1000.0 13.75231 16.71351 26.05081 0.0 15.01411 34.72345 25.1345 13.85554 14.64237 30.30481 14.71811 0.0 16.19599 32.50758 37.94526 36.02036 39.42319 41.38092 14.02517 0.01788 34.95042 35.10159 36.05663 34.53643 28.18942 14.56251 29.27413 16.23816 40.12315 24.01968 13.28086 36.52901 34.35933 41.26326 23.37389 9.61526 17.89579 22.07773 27.82898 32.59328 41.63176 42.76919 28.37686 21.04727 27.76741 26.23476 0.0 20.33697 0.0 28.45333 
1000.0 28.28054 31.44839 29.09492 0.0 43.2007 42.15805 19.68122 25.43667 37.26706 14.98383 19.20202 0.0 32.86898 24.87646 27.7346 29.28349 20.70796 35.11211 32.3072 0.01147 43.07498 20.70175 16.29115 25.24093 28.34356 41.96736 27.38423 23.79347 22.26199 34.63081 26.16438 30.91088 40.40595 39.47504 28.58153 16.43125 42.11393 26.35827 20.53682 9.15492 15.41586 33.14892 38.4754 28.66172 21.88339 11.68699 0.0 21.75552 0.0 15.96292 
1000.0 31.41311 32.77844 40.565 0.0 37.60956 27.68074 17.06908 17.11551 33.56675 32.32922 17.87566 0.0 41.83583 14.08519 9.68862 37.91808 30.18434 39.96037 32.421 0.02253 9.12252 13.24115 13.16679 28.29798 43.11031 32.26927 23.88055 12.12337 11.29032 34.19205 41.71258 22.73565 18.63323 37.08599 24.84536 16.56713 30.68242 17.11989 37.77325 42.91346 35.80442 34.35682 41.16277 33.48197 17.09777 19.69902 0.0 13.911 0.0 42.72364 
1000.0 38.25834 16.84047 27.90143 0.0 20.89426 23.14859 27.91487 35.01698 13.37586 21.02798 23.23342 0.0 16.09894 19.24 40.95809 19.38948 17.26761 39.88742 33.96451 0.03217 24.12774 25.88864 13.31386 10.66937 42.34406 26.99711 42.45721 31.37403 40.04295 37.49368 9.50489 24.6952 21.28457 42.56572 25.57569 36.75967 9.16234 13.07854 26.28193 10.10127 24.03526 34.909 42.66 30.63103 41.68766 42.90591 0.0 31.56575 0.0 26.24107 
1000.0 10.78093 39.87033 33.80862 0.0 15.10584 27.55986 15.12008 10.59793 41.24099 12.00295 27.77719 0.0 27.09583 21.55668 20.53337 27.59315 21.65087 19.92996 21.97922 0.0324 28.72803 34.55123 24.85189 33.18011 18.13107 25.48126 21.8021 36.66401 33.47 15.05349 39.84712 17.65826 9.77777 41.34454 41.01322 28.10656 14.37846 32.36781 22.44679 16.39996 19.87146 31.21769 28.9438 21.34387 34.55782 34.48612 0.0 19.43788 0.0 37.58474 
1000.0 12.66306 20.77605 9.38272 0.0 11.96875 24.38381 18.88965 26.25139 29.47745 17.80616 38.46079 0.0 16.06709 43.53098 34.19141 39.15451 30.10294 21.90031 31.98542 0.04611 23.44142 40.74845 21.80908 26.36652 30.88794 9.5325 14.52005 38.15902 18.72814 13.4055 43.50953 13.46216 11.51831 40.96668 38.74143 20.87457 28.72286 26.26724 32.16469 11.57405 41.26961 12.22768 9.21701 26.44839 38.18491 24.49824 0.0 22.41912 0.0 41.38115 
1000.0 12.89142 22.52579 26.17258 0.0 36.71042 39.46099 9.92877 25.58993 33.85783 29.74464 42.03479 0.0 31.50089 12.77661 23.98065 40.19383 33.54698 39.74431 32.10609 0.0416 20.26536 22.38373 17.68485 32.97715 41.01429 29.85727 22.46571 9.37746 30.74596 30.36213 38.61443 9.51778 9.73948 21.74924 11.70012 14.21365 23.14884 29.03358 25.52504 30.32102 31.87403 34.76755 37.79329 27.33375 12.25631 25.58806 0.0 32.92987 0.0 31.60167 
1000.0 0.15752 0.07011 0.08112 0.0 0.16234 0.04886 0.11235 0.12447 0.05743 0.15751 0.1376 0.0 0.12883 0.0935 0.06875 0.07489 0.07883 0.06481 0.08103 24.6818 0.08365 0.0629 0.06775 0.10533 0.0961 0.09291 0.0849 0.10554 0.03838 0.15608 0.06339 0.13993 0.13431 0.07977 0.15215 0.12357 0.18107 0.17514 0.18593 0.15812 0.06118 0.09552 0.07276 0.10595 0.0847 0.11509 0.0 0.11135 0.0 0.07941 
1000.0 17.14355 38.86866 27.63888 0.0 16.9119 36.57819 40.34401 21.69466 34.36422 12.22958 26.69386 0.0 38.95719 25.10064 42.98159 28.843 43.09366 11.49425 28.71705 0.04135 32.29458 25.29719 9.64947 19.57737 13.14387 11.12897 23.49425 31.22804 35.45917 36.27012 16.04907 11.03423 25.25925 21.50458 30.34014 20.85273 14.93431 37.72724 11.08899 42.84406 32.79812 33.55133 31.07532 11.11067 32.59034 38.68283 0.0 13.33546 0.0 14.0192 
1000.0 40.67627 21.92757 10.59989 0.0 37.15822 12.9653 11.98761 32.75607 27.9375 10.4481 40.59918 0.0 21.92772 38.00089 36.91582 30.97068 33.78179 15.35847 31.60954 0.04199 29.37901 41.6044 30.47201 25.47202 20.70964 33.88689 24.22523 35.84198 17.13513 33.12113 37.66022 12.83106 42.4313 26.26155 26.6537 35.69665 38.68462 17.85392 36.38795 21.67366 30.68098 34.65912 33.00102 24.31364 38.54605 38.78369 0.0 21.07874 0.0 41.78768 
1000.0 16.00309 39.01241 41.8905 0.0 15.86654 12.9048 16.51086 18.80373 17.94311 38.03464 21.9147 0.0 16.50045 17.87545 34.69386 33.16583 37.91796 13.13806 24.67748 0.01884 30.05326 37.69394 29.01869 40.19489 43.71395 25.26033 15.15971 34.74453 23.7345 18.04259 36.16396 28.09662 28.40524 34.98305 33.97058 38.94619 19.65629 15.26782 20.154 29.05745 38.0399 18.96915 22.6464 12.35191 25.69638 33.24827 0.0 32.36018 0.0 12.3657 
1000.0 31.98475 34.42226 12.64976 0.0 11.52804 16.20842 23.49807 22.20417 26.6293 14.52312 38.67954 0.0 14.69005 10.81137 24.6563 23.70143 42.71366 27.83587 14.59971 0.02952 22.12901 31.01476 24.54797 30.39268 10.21323 34.95676 41.05501 18.72128 39.59818 27.59391 24.07547 13.22673 43.09604 11.82176 36.05337 15.86997 21.26126 16.91488 18.47705 40.50741 36.75895 34.95976 33.28272 33.45992 32.59476 30.18048 0.0 13.09901 0.0 25.57619 
1000.0 18.77383 13.12978 31.92062 0.0 25.91231 11.88795 22.79822 11.53019 40.48203 32.55349 12.28122 0.0 19.18436 26.89873 18.36964 25.5295 15.20297 15.54582 38.14549 0.02989 21.01386 28.02639 15.30554 11.08744 10.57428 30.94488 41.76616 26.15684 9.72334 32.29956 25.04818 20.94673 32.06314 11.82249 37.97637 28.42532 19.53252 25.91329 11.81645 13.62271 24.01376 43.35086 33.06087 41.50968 37.74148 36.38881 0.0 23.18089 0.0 13.3162 
1000.0 39.80455 20.51992 21.20801 0.0 36.49258 31.65097 14.34667 39.66262 36.65244 41.57588 21.80123 0.0 39.8465 18.70422 41.41318 27.6227 31.63184 15.13011 25.10205 0.03529 33.75251 38.20279 15.30377 28.85463 38.8781 12.44513 9.59592 12.16372 33.28443 27.48145 19.41709 11.68948 30.95363 34.37195 43.92763 23.77107 37.43996 43.86228 29.82356 32.58104 29.33355 35.72467 18.27847 32.19701 34.35567 29.19148 0.0 23.34226 0.0 11.57558 
1000.0 11.26549 38.99822 22.36563 0.0 10.7487 33.02643 38.38667 33.90845 42.64228 13.8108 42.22544 0.0 30.46484 33.801 32.75474 18.40447 27.15025 40.74904 29.67913 0.01552 27.56123 20.12913 14.779 19.89608 36.17834 19.12708 29.37863 13.35459 32.54009 29.33435 13.98991 39.8967 19.80068 34.54899 28.82999 40.6007 10.37722 31.18393 31.84112 22.9547 22.67819 35.70327 15.65704 37.22987 36.77134 23.83937 0.0 40.3966 0.0 29.19347 
1000.0 36.61001 20.72061 9.34159 0.0 17.34248 17.47743 40.07243 16.19318 34.9973 13.65742 26.07713 0.0 28.22356 16.44729 35.13325 22.30885 31.59251 41.15982 26.93788 0.01606 27.4666 30.5812 25.35323 9.11685 31.26008 38.64445 26.09771 13.02947 25.08787 23.87854 37.28331 28.65104 33.30416 40.66648 33.70076 39.93573 9.20307 40.01006 31.2445 16.23378 13.99409 32.44023 10.51514 9.66945 15.84824 16.56029 0.0 31.88177 0.0 29.75299 
1000.0 19.64051 17.2197 15.94851 0.0 19.17799 21.47473 32.18185 28.74301 10.58241 23.23161 37.91212 0.0 26.16528 39.58708 43.1148 24.57879 31.86427 39.02454 10.95345 0.04524 21.16681 11.44002 39.87505 31.89209 34.60366 34.53724 22.52459 10.27087 26.04738 9.89124 37.45764 23.71486 9.58211 25.28825 16.033 21.29145 39.9114 12.45986 29.91292 31.27361 40.01051 24.87009 13.30094 11.15238 17.91929 36.5596 0.0 42.35582 0.0 24.13746 
1000.0 38.16472 37.83738 31.00323 0.0 34.7755 34.80847 15.34364 11.48029 34.20734 25.6299 23.86956 0.0 28.20229 24.52088 30.13213 35.87321 36.54901 39.5234 33.24289 0.02751 42.69314 31.84405 11.75275 27.51577 22.59385 40.40292 15.2894 31.28616 17.37895 22.42187 9.33609 43.36239 14.223 15.1827 32.48544 19.0631 17.67994 14.24171 34.26091 33.3778 10.53343 18.26601 34.44656 39.37774 14.09551 25.69884 0.0 30.36037 0.0 25.07954 
1000.0 40.97377 40.44093 25.6171 0.0 41.28632 11.43884 25.48729 19.99484 29.89105 38.65104 18.42961 0.0 14.07711 36.17702 23.74434 12.99771 14.71616 38.75736 33.62211 0.01691 35.2227 41.17676 35.45802 15.21656 41.55254 43.52472 11.48115 35.68914 30.59081 41.2345 15.20012 21.55661 26.76896 32.67358 25.18179 35.65938 13.4235 32.44914 12.82951 16.26282 34.35997 20.28587 39.13127 40.80097 28.96386 15.28746 0.0 15.17602 0.0 42.11838 
1000.0 17.64574 25.92751 34.80015 0.0 15.26911 16.13249 11.45024 40.41507 39.34683 41.90596 17.44035 0.0 13.51925 27.25114 19.72512 34.74023 22.81292 13.2927 11.49573 0.03914 26.34787 25.23809 23.28801 36.14624 31.10516 25.44837 27.09339 29.3087 10.31266 20.09403 37.84527 19.83288 28.85707 34.63079 27.23353 21.39541 31.95997 34.95243 37.20882 34.90868 15.49929 38.72424 30.31674 28.62688 16.24741 15.73456 0.0 38.75743 0.0 30.63421 
1000.0 23.50834 14.26792 36.11932 0.0 28.93808 31.22441 9.76685 10.94457 22.20008 30.99637 35.20703 0.0 42.39095 33.26574 32.80163 18.83952 15.55995 42.97346 33.92778 0.01024 37.07313 18.65985 21.26236 39.52466 37.7842 20.96209 35.80737 12.82032 17.82916 12.02461 28.26126 31.92462 15.70031 30.27381 40.03663 24.78088 17.55722 14.54677 40.59443 12.8478 12.79905 14.81993 16.61589 16.63634 30.3436 24.49062 0.0 22.94812 0.0 36.37779 
1000.0 31.16083 38.84673 30.43843 0.0 24.76963 43.00325 35.93006 23.15092 30.71264 28.16162 19.70635 0.0 31.78125 37.02376 39.55744 32.89763 27.04985 41.78563 19.59282 0.03933 10.59721 11.3912 43.53315 12.73726 32.72233 37.23691 38.57731 40.31628 17.26543 27.60392 30.95226 29.56226 9.46209 29.56186 9.46546 33.66645 24.48754 18.31654 19.45426 25.822 12.64215 29.51261 9.93139 29.92191 43.03687 21.51813 0.0 25.80348 0.0 34.3066 
1000.0 42.76094 26.07206 37.90664 0.0 19.59308 29.46009 28.60953 36.36771 11.03733 37.43162 33.79718 0.0 12.04853 36.52961 13.65212 27.72376 36.09085 16.4919 37.1726 0.01136 39.42527 38.26731 21.79577 22.73598 17.91175 43.89708 38.72356 29.80035 13.47193 32.73164 43.49708 9.68548 32.07843 32.23808 17.75927 11.03872 43.20988 42.62304 42.72622 19.9493 12.18205 15.38535 29.4421 38.92733 35.99919 13.40471 0.0 42.56151 0.0 19.76094 
1000.0 12.81358 11.09333 38.45462 0.0 11.28696 18.78878 37.09313 25.74082 13.31823 33.32337 32.60996 0.0 27.86384 11.42153 28.45467 39.77335 14.63346 21.93733 12.24173 0.02305 12.79006 42.33379 16.27311 41.73303 10.51185 41.7652 12.65561 15.6671 43.54097 25.10887 27.54975 30.67692 18.20011 21.31804 35.78674 42.82076 24.42395 14.2976 26.81875 25.85481 23.69026 20.18052 27.76592 39.06584 11.30478 9.39389 0.0 31.25109 0.0 20.76365 
1000.0 20.91677 25.85648 35.46064 0.0 16.75905 43.41209 42.4687 11.49583 35.08038 27.15372 20.92614 0.0 10.43903 17.06804 14.38797 14.73722 14.74679 25.03219 30.14897 0.01105 29.99079 41.43959 39.91422 25.60734 24.52179 9.1421 19.26052 17.90721 33.56192 35.25758 20.17991 24.82337 18.0648 22.85193 34.8888 34.93286 38.58922 43.73298 25.66896 29.7897 15.09928 11.12074 15.08973 17.56341 24.3339 14.93562 0.0 42.34687 0.0 34.60186 
1000.0 25.72833 26.67264 32.51183 0.0 25.02266 24.04423 42.45719 30.75171 39.7991 21.30965 13.0328 0.0 34.8755 19.64407 24.12466 27.44494 31.00416 35.75296 40.9581 0.01775 24.04713 18.46883 33.64592 27.0957 35.13408 23.4269 42.08235 28.41186 39.69895 24.21851 12.27656 34.74563 23.12583 35.07725 19.45328 17.54234 14.85525 24.87367 21.90884 12.73673 39.06462 18.55093 22.95529 27.43378 41.7532 28.19671 0.0 13.78803 0.0 27.05833 
1000.0 33.88384 9.47128 36.10584 0.0 19.70606 29.01993 16.64636 31.25551 13.88005 27.6419 40.65015 0.0 15.92387 23.65587 31.69061 40.14761 14.65947 21.76511 27.16828 0.01484 11.35764 10.27475 13.15809 17.86573 27.94645 16.02379 41.58866 35.68561 39.74602 14.72489 17.38667 20.58683 37.05051 11.99885 41.6171 12.29634 26.34753 34.18732 38.73882 40.60298 18.0095 29.40258 40.83719 36.84449 16.2056 26.88031 0.0 30.15025 0.0 41.13807 
1000.0 11.33051 38.61774 22.95231 0.0 28.09942 12.2529 34.66014 30.95957 19.94221 31.41735 42.52425 0.0 41.22941 30.41798 16.37778 11.48241 35.93975 27.62834 32.02063 0.04411 17.62947 30.95694 24.71234 21.38521 38.29789 43.73373 13.41743 26.88282 14.69533 11.08279 21.16579 37.54175 9.42561 21.09041 17.79172 27.85542 17.44002 15.529 22.77812 11.05837 30.23015 17.03857 21.25937 30.02171 11.77716 31.64453 0.0 28.10691 0.0 39.41756 
1000.0 15.50155 30.01244 38.41178 0.0 11.22463 40.22017 39.91688 18.8189 14.64973 42.14821 31.94797 0.0 21.39953 38.63023 16.1976 10.20135 12.65653 13.19132 21.4565 0.01976 15.76125 22.78696 16.15736 26.82989 40.39335 9.00517 38.43856 10.42312 19.31383 14.14321 9.08161 30.3534 32.50651 31.97353 32.27776 33.95574 25.04458 43.25308 20.00161 25.54182 28.56957 42.34813 40.15783 10.36963 11.82884 32.3839 0.0 30.55391 0.0 29.57833 
1000.0 19.91237 14.78179 23.47815 0.0 19.11084 25.91849 40.23746 27.18349 35.90774 41.49945 25.19664 0.0 36.99598 36.14703 42.97974 14.50966 15.79414 14.01926 30.66812 0.03332 10.74792 41.83073 24.28659 23.26957 31.17576 42.74857 22.32574 22.18834 29.27847 9.68639 29.29894 37.5271 9.62452 18.37853 22.30137 27.78121 37.8068 15.50871 25.55198 32.08753 30.65991 26.25465 15.19419 26.40374 12.16079 35.91382 0.0 25.8696 0.0 40.7594 
1000.0 41.61591 28.19453 13.65139 0.0 34.47613 20.47591 27.68708 42.5614 33.79933 42.98163 22.96682 0.0 9.55485 31.54179 42.06057 33.83685 13.34692 41.75154 29.18517 0.01591 29.92027 40.76414 33.0135 33.48618 41.65438 10.01219 12.02469 21.94049 39.9531 17.2365 10.0202 16.74507 42.46453 36.55414 24.65841 36.17182 32.09773 17.02052 28.58063 30.30531 33.91495 12.37589 31.10921 40.80304 22.59826 14.31574 0.0 30.59726 0.0 19.76716 
1000.0 18.64935 40.41686 30.35218 0.0 21.40875 19.21171 41.4512 20.39478 14.81747 27.17533 20.42188 0.0 39.62502 27.73297 40.24039 24.91512 17.57342 21.55848 39.70883 0.04031 32.66248 21.9573 30.30265 39.87327 37.85938 37.83274 39.08291 26.12624 27.41574 42.64249 37.63384 37.26659 25.95958 20.87903 24.48686 40.53305 43.03628 29.97878 34.72003 31.95298 26.72738 41.58343 43.07324 16.46574 26.93904 14.25222 0.0 26.02667 0.0 33.02913 
1000.0 37.50005 28.54364 18.07047 0.0 23.91754 32.15611 32.66131 32.0065 42.06985 30.08774 29.70007 0.0 33.56171 11.61195 12.43257 26.05092 15.21991 19.78769 21.45375 0.02614 22.61575 25.7775 17.22903 21.02009 42.16118 23.86439 36.39305 28.92656 31.3491 13.13774 9.17502 41.43035 34.51235 41.49399 39.4319 13.99847 32.59863 42.17776 28.22916 25.61372 21.09097 26.6095 35.92141 12.04068 21.94986 33.11188 0.0 31.74866 0.0 40.85151 
1000.0 23.06408 18.54746 12.34187 0.0 12.97173 39.99915 43.53534 43.37605 13.09195 11.99779 16.28598 0.0 43.30604 17.38483 31.34935 38.42564 41.97797 11.79003 13.3043 0.04428 32.80547 12.57403 26.53851 33.06214 22.83115 31.42217 38.9087 31.69545 15.67293 19.57345 35.86762 40.92153 35.01353 12.91813 22.85815 22.03426 29.33891 36.31453 35.94018 23.58047 22.81154 11.32754 30.62179 21.245 14.6911 14.05373 0.0 26.14672 0.0 33.66709 
1000.0 0.0 0.0 0.0 11.09035 0.0 0.0 0.0 0.0 0.0 0.0 0.0 39.47042 0.0 0.0 0.0 0.0 0.0 0.0 0.0 0.0 0.0 0.0 0.0 0.0 0.0 0.0 0.0 0.0 0.0 0.0 0.0 0.0 0.0 0.0 0.0 0.0 0.0 0.0 0.0 0.0 0.0 0.0 0.0 0.0 0.0 0.0 24.90551 0.0 21.40186 0.0 
1000.0 43.85871 30.71561 43.43442 0.0 29.69498 20.97104 42.38562 36.74848 9.05129 31.54092 23.76149 0.0 20.92358 44.0033 10.82715 28.21797 34.14289 34.4892 9.55977 0.03008 32.3493 27.57869 9.75077 39.74454 20.35438 31.22949 27.77161 32.87882 26.92951 32.05399 10.58175 15.47203 16.71193 40.78786 36.16709 31.39688 14.32463 11.24143 25.24833 23.3958 21.4725 24.53713 21.153 24.03567 30.15862 21.70276 0.0 21.61102 0.0 33.84406 
1000.0 0.0 0.0 0.0 37.78402 0.0 0.0 0.0 0.0 0.0 0.0 0.0 29.57244 0.0 0.0 0.0 0.0 0.0 0.0 0.0 0.0 0.0 0.0 0.0 0.0 0.0 0.0 0.0 0.0 0.0 0.0 0.0 0.0 0.0 0.0 0.0 0.0 0.0 0.0 0.0 0.0 0.0 0.0 0.0 0.0 0.0 0.0 27.38059 0.0 26.23058 0.0 
1000.0 32.26983 42.52822 29.45105 0.0 19.03009 8.91878 30.22161 10.04502 27.82423 26.80452 29.92322 0.0 27.36459 34.67577 32.72241 14.46412 36.7985 19.08269 25.11551 0.01671 40.69814 9.11384 42.91543 13.91069 20.99087 28.47097 27.26322 42.29059 40.05337 23.92051 29.75319 22.6293 19.50026 21.38537 41.87211 21.96327 36.42617 24.21856 20.09377 23.84373 9.71804 21.83725 17.30431 30.37241 19.27124 21.69002 0.0 32.21293 0.0 23.75238 
