1000.0 1000.0 1000.0 1000.0 1000.0 1000.0 1000.0 1000.0 1000.0 1000.0 1000.0 1000.0 1000.0 1000.0 1000.0 1000.0 1000.0 1000.0 1000.0 1000.0 1000.0 1000.0 1000.0 1000.0 1000.0 1000.0 1000.0 1000.0 1000.0 1000.0 1000.0 1000.0 1000.0 1000.0 1000.0 1000.0 1000.0 1000.0 1000.0 1000.0 1000.0 1000.0 1000.0 1000.0 1000.0 1000.0 1000.0 1000.0 1000.0 1000.0 1000.0 
1000.0 35.40003 7.67767 9.3324 0.0 28.69002 18.93562 34.78106 29.10159 24.37458 29.77046 26.47087 0.0 8.11589 31.5472 28.76481 10.38016 9.93598 35.78348 8.50418 0.01421 21.44335 32.95465 20.45546 12.41628 22.68945 9.98008 28.15933 14.77854 8.65082 15.90448 22.38786 30.72518 11.45506 17.00569 34.80444 22.89446 35.404 28.58287 28.94029 34.14525 35.4843 35.45222 22.22674 30.28424 18.84555 20.00052 0.0 22.7753 0.0 24.64943 
1000.0 19.85179 23.77413 10.82856 0.0 36.14415 35.98057 17.2434 20.51992 35.05683 32.32363 9.95734 0.0 27.25549 10.63869 17.07173 34.60242 16.06043 27.61281 23.40697 0.01296 31.04345 20.46586 25.98843 13.95327 28.71469 17.49376 27.95876 16.96391 23.40167 26.83349 15.08743 29.26785 24.20483 21.39451 31.08358 36.5307 35.45726 18.85969 37.06555 24.48072 12.21413 32.1549 31.66084 17.33877 10.99032 22.3575 0.0 8.73519 0.0 11.66781 
1000.0 24.20601 19.92522 28.05791 0.0 23.14848 36.5539 27.55945 9.73842 16.475 29.75743 27.38654 0.0 29.23282 17.78245 21.1166 35.96894 31.74441 12.9767 33.06901 0.03195 18.37119 32.35123 21.9494 25.76172 8.65479 33.41776 12.54639 17.13656 21.4743 8.91615 35.01797 22.99564 31.61601 25.20123 20.57669 12.09275 13.64883 27.14716 15.22684 12.22889 32.2958 34.34829 12.08544 20.21793 8.53203 27.11038 0.0 21.49511 0.0 11.48563 
1000.0 0.0 0.0 0.0 18.22155 0.0 0.0 0.0 0.0 0.0 0.0 0.0 31.82682 0.0 0.0 0.0 0.0 0.0 0.0 0.0 0.0 0.0 0.0 0.0 0.0 0.0 0.0 0.0 0.0 0.0 0.0 0.0 0.0 0.0 0.0 0.0 0.0 0.0 0.0 0.0 0.0 0.0 0.0 0.0 0.0 0.0 0.0 15.38158 0.0 9.49795 0.0 
1000.0 35.03431 35.41016 21.26289 0.0 10.10013 10.58626 14.91683 10.3534 33.10464 31.44597 11.60025 0.0 8.73958 28.19683 12.78368 36.5765 30.62137 30.12925 19.72957 0.00943 36.05051 21.40654 32.5913 28.75494 31.79774 36.26636 34.02499 24.43032 11.17227 26.66621 14.68502 8.45493 35.14864 37.03549 12.05666 30.32612 29.13514 11.8756 28.60376 19.91034 16.72434 7.53332 16.51088 30.67048 31.22383 33.63504 0.0 33.38777 0.0 8.16316 
1000.0 27.80343 16.08913 19.36576 0.0 19.21418 9.99463 36.0034 23.18032 10.81719 21.62317 35.095 0.0 11.9968 30.25622 23.09844 25.34955 25.1812 13.64454 32.84503 0.02238 10.14954 25.09274 36.56407 19.32664 34.16486 30.03505 35.21512 27.71635 36.48746 24.26157 22.23653 10.23733 36.73041 28.0542 35.75605 13.09752 26.00626 11.97077 16.61067 20.04788 23.38478 17.21576 17.00169 33.01224 31.01471 24.20498 0.0 16.17516 0.0 23.99691 
1000.0 8.31506 22.72746 30.84071 0.0 17.47416 11.78515 13.83416 36.04238 29.29759 20.54369 23.22399 0.0 33.04712 15.79638 33.63483 25.62651 22.34873 24.34369 34.19071 0.01128 12.38802 33.03858 12.1996 30.40951 12.51828 15.66268 10.82792 33.29033 23.629 27.43605 24.09859 21.14596 19.68476 33.53222 8.52426 32.21945 9.9082 26.68955 17.63224 17.74214 35.24254 13.90078 16.30518 30.35494 18.13091 16.31638 0.0 34.93832 0.0 23.14317 
1000.0 34.4452 18.23028 31.63387 0.0 7.46717 17.50102 11.84912 37.03615 35.42263 23.66589 14.60475 0.0 21.70943 10.77122 13.98823 23.33221 21.0443 19.63109 22.41637 0.03678 24.69191 20.72759 28.23897 30.23129 34.55459 30.84511 18.31547 13.61094 14.28183 31.5885 32.37099 9.62662 30.63889 29.13361 36.77394 33.35364 29.99321 25.05011 33.52329 20.50335 35.61229 21.16686 21.64255 32.17988 20.43793 17.78195 0.0 19.31027 0.0 30.56332 
1000.0 14.58616 16.59251 25.17781 0.0 11.11264 15.65122 27.55947 7.82156 28.10739 20.9083 16.92336 0.0 26.11253 15.55733 16.73314 27.47405 35.7805 24.6939 17.06502 0.02635 16.06697 14.81769 22.67528 26.71908 19.88877 33.79572 24.67406 22.3659 12.62304 13.77909 13.38469 15.93648 13.56227 14.97459 16.50653 26.76377 28.02431 34.39248 14.87885 26.59251 22.86135 25.17132 31.01109 10.56748 10.83823 28.13883 0.0 14.47394 0.0 8.04972 
1000.0 25.65706 16.47966 8.46558 0.0 33.92641 22.79667 24.05206 35.93534 18.17928 20.94964 21.13615 0.0 32.92653 28.6088 14.88392 21.76778 23.93271 18.8039 13.3953 0.03751 7.77399 34.22607 24.34927 23.36455 36.17281 17.69277 31.53318 9.06121 34.05024 10.41323 22.65384 13.87553 36.84217 13.73079 21.63878 19.98726 25.71224 31.21948 28.36511 28.47003 32.09016 21.44299 12.45267 28.51583 9.61097 30.49271 0.0 13.2976 0.0 19.48289 
1000.0 30.0535 36.52247 13.10449 0.0 16.662 24.59977 10.38389 18.84476 24.05208 14.55481 33.91063 0.0 8.3122 21.94274 15.69431 24.06142 13.77756 22.47686 27.36832 0.02407 35.06088 25.65692 22.57225 18.24222 27.06304 10.87563 32.11324 32.5529 9.43602 13.25752 14.5125 20.95828 26.14217 34.34463 17.14729 16.69787 21.2601 18.02725 26.08569 9.97596 26.83831 33.09735 22.69378 30.43877 17.38086 25.07937 0.0 27.34714 0.0 19.14301 
1000.0 0.0 0.0 0.0 17.66656 0.0 0.0 0.0 0.0 0.0 0.0 0.0 28.22088 0.0 0.0 0.0 0.0 0.0 0.0 0.0 0.0 0.0 0.0 0.0 0.0 0.0 0.0 0.0 0.0 0.0 0.0 0.0 0.0 0.0 0.0 0.0 0.0 0.0 0.0 0.0 0.0 0.0 0.0 0.0 0.0 0.0 0.0 21.62269 0.0 22.18754 0.0 
1000.0 12.31684 21.6696 13.96281 0.0 20.96073 17.39714 21.37185 37.0935 31.10309 16.8976 10.86897 0.0 30.211 31.84678 18.52717 15.86694 34.87791 24.40149 24.55125 0.02655 34.83659 22.81234 18.14784 17.89172 35.04335 9.77696 12.70703 16.61797 21.39202 31.24105 11.52099 34.70763 15.37816 34.45927 36.53128 22.55758 24.872 30.65254 7.82013 37.06929 17.99699 27.76392 9.57482 23.88938 36.43862 28.25722 0.0 8.98487 0.0 17.97659 
1000.0 7.88982 26.28897 32.55904 0.0 27.73513 36.91075 24.17548 10.26464 17.74301 20.78148 35.93138 0.0 26.1305 18.82725 24.30352 10.96437 15.97282 27.3129 28.89207 0.03038 31.81708 14.50278 12.83222 27.83246 12.11847 24.74025 14.94953 22.25881 26.51019 23.17351 26.27677 17.23314 23.77033 19.22495 22.28501 15.87508 14.53315 33.56167 36.01675 16.82971 17.05964 25.7809 23.32779 28.3577 18.96775 22.28684 0.0 19.2832 0.0 30.08073 
1000.0 20.53186 11.58878 9.67242 0.0 22.81975 24.87079 8.26048 20.95578 17.64252 15.14822 20.47084 0.0 17.62388 15.45448 30.60155 33.50861 11.35215 35.73756 16.21779 0.04215 13.75646 13.37115 9.41416 10.81385 35.43195 15.88995 35.09694 8.96507 34.81079 14.21937 34.50105 14.86132 20.89376 11.66271 9.73652 12.52167 25.42118 11.50004 30.14703 34.60992 21.58667 12.56129 21.71683 12.077 14.74901 31.56493 0.0 23.5494 0.0 18.06257 
1000.0 19.38651 22.81253 20.25611 0.0 22.12044 19.56125 34.19418 10.13866 15.52667 32.83381 27.46861 0.0 24.73985 34.8884 8.49394 16.01871 25.0581 23.6897 35.8303 0.04195 24.41299 25.7764 22.09868 16.18049 8.66023 10.35796 22.41463 17.81375 32.4921 29.0184 26.26078 8.67549 37.16758 17.57163 28.05109 17.90311 21.60916 27.06727 17.86351 8.63382 20.40092 30.10031 11.51027 8.33175 18.31201 12.93401 0.0 29.33451 0.0 12.19754 
1000.0 17.20623 10.88825 29.12309 0.0 17.01636 14.13016 37.01009 12.89507 35.16533 21.12586 9.30418 0.0 21.26478 14.6334 16.33171 30.93589 14.70453 11.7017 13.38917 0.02037 30.57141 10.09175 17.97847 14.66401 10.63404 22.63301 19.85964 19.63465 21.72423 28.88617 11.17885 19.16892 35.13442 18.55573 15.21981 13.53876 17.3614 19.99802 37.04365 19.54693 28.45133 22.45411 34.24792 26.50189 20.05311 28.50149 0.0 14.69495 0.0 19.95888 
1000.0 32.0022 24.16842 27.5709 0.0 24.06765 26.53837 28.82577 37.04569 27.50513 34.04329 8.21938 0.0 27.80268 11.64012 30.81753 27.76752 36.86529 35.55258 20.82498 0.02868 14.31221 33.39344 26.37192 13.69713 28.83032 32.24521 27.64276 28.31924 22.83431 25.97054 21.20044 20.15698 36.66615 35.52529 25.69875 9.22871 8.55796 11.7615 35.0634 19.70865 15.43053 17.81565 29.37182 13.65358 22.73966 26.95552 0.0 25.36231 0.0 11.69767 
1000.0 32.65001 17.83633 12.94872 0.0 19.08069 25.69805 16.37022 14.14497 12.84876 29.08427 32.62746 0.0 12.49989 37.2766 27.86084 12.91614 33.20942 9.93755 28.24933 0.02682 15.08615 30.17942 7.49049 27.60073 12.29919 18.73407 31.74727 10.11601 36.29031 9.31609 30.73626 22.37529 25.60022 26.79613 24.2122 16.35143 32.63085 37.28232 17.72143 19.15663 20.68825 27.62367 33.53071 24.3706 22.68393 25.13646 0.0 29.28148 0.0 16.93659 
1000.0 0.05671 0.0892 0.13236 0.0 0.0561 0.13486 0.13354 0.06907 0.05745 0.15323 0.0696 0.0 0.11134 0.1085 0.16517 0.1205 0.11837 0.10342 0.10853 26.34503 0.13844 0.13755 0.08043 0.16441 0.1117 0.07933 0.06581 0.06425 0.03847 0.15607 0.15112 0.12247 0.06509 0.09222 0.17044 0.10595 0.09487 0.09356 0.12797 0.06361 0.0915 0.0622 0.13454 0.07446 0.16243 0.16213 0.0 0.16209 0.0 0.05412 
1000.0 27.36993 23.26804 15.26224 0.0 26.57338 34.64904 34.55232 30.55818 10.74842 35.62337 17.40499 0.0 36.94119 30.37606 16.62048 12.10773 14.34141 22.20272 16.72636 0.04192 18.39757 36.26808 27.15797 13.66183 20.01607 22.2309 30.16303 14.66904 20.7238 12.77411 26.83415 27.61078 23.21023 21.85547 9.38471 21.15391 22.93235 35.15513 13.34917 27.98756 35.26919 13.27426 24.01057 25.82421 14.43603 9.47327 0.0 32.5823 0.0 8.30563 
1000.0 32.70938 11.05547 32.09803 0.0 35.82236 10.36935 14.9827 36.20878 29.11136 17.73925 30.07159 0.0 25.78356 8.76451 22.67215 32.90397 8.96263 27.12264 33.08107 0.03269 18.22279 17.14599 23.0441 29.36547 13.20157 7.77318 36.23517 13.76488 12.47601 21.79282 26.38021 32.84503 35.78921 18.08553 13.78329 26.65209 14.23377 18.03174 13.36544 10.22265 12.43605 36.51107 25.95223 20.54997 13.46727 9.72239 0.0 27.94042 0.0 16.79168 
1000.0 8.31371 11.08192 30.20703 0.0 31.61203 27.14065 28.51046 19.76627 9.17334 15.23667 37.07107 0.0 33.08461 12.02619 33.16548 10.89801 37.08757 33.65001 35.92127 0.02766 13.7533 22.54054 16.05121 26.64937 17.66323 30.25203 17.47076 23.4078 18.78975 15.28924 20.25266 30.93359 31.10444 17.06017 21.96952 16.54384 16.8808 20.18285 9.19646 14.36926 11.87367 24.36701 7.85545 15.7536 9.67955 26.33976 0.0 10.14228 0.0 7.54911 
1000.0 13.42182 14.38095 27.15962 0.0 23.77284 31.05373 10.33255 20.32157 17.85001 27.8845 23.65251 0.0 17.62419 31.40559 12.07068 22.44473 30.17154 15.45147 34.4939 0.03941 27.04591 19.02604 28.73418 28.83292 29.00896 18.78726 16.18402 7.53978 18.55888 21.08413 11.87651 22.54535 33.75478 12.93741 33.52607 25.87943 23.6757 27.72334 32.32032 9.39481 17.68343 26.06352 24.07013 10.90505 9.44575 10.92893 0.0 34.16743 0.0 10.85019 
1000.0 9.1358 18.65349 31.14388 0.0 12.12283 16.75239 12.96054 24.93472 23.34748 26.12547 22.45521 0.0 22.47496 12.45958 26.42135 21.5393 17.47606 18.76626 16.37912 0.03524 31.57934 33.62115 20.75751 7.95106 35.95085 17.57736 10.81602 34.10334 11.12193 13.06845 30.00684 33.9493 21.56203 8.81143 10.43342 28.44146 10.14249 14.75483 35.43196 17.18956 7.74122 8.95378 11.14938 16.09875 28.90679 34.12253 0.0 37.13878 0.0 30.83428 
1000.0 26.74833 20.00298 25.01967 0.0 34.76617 28.2687 24.51117 35.28334 9.00544 11.20875 10.03028 0.0 10.52866 9.16951 12.88254 24.28838 8.54601 21.34442 32.36362 0.04268 20.78225 34.48203 29.93907 12.15863 27.05183 35.24455 33.56383 29.10658 36.25634 31.69518 22.4401 17.5598 15.79768 19.34215 12.95866 16.27298 12.57616 26.95865 22.11478 25.63271 36.05402 14.25944 11.24182 16.19293 27.46285 36.81973 0.0 23.10443 0.0 26.49071 
1000.0 17.96785 32.59736 17.10103 0.0 7.91767 15.40625 24.32355 33.71025 35.81277 16.43497 34.25695 0.0 24.54093 18.47676 16.84639 34.23443 14.06318 30.35363 8.66437 0.03518 19.22484 24.77395 34.54848 15.8487 14.64111 12.33419 31.3372 17.96471 15.03631 29.97253 37.26247 16.59746 16.72023 20.4108 24.71068 12.21362 30.48273 9.95419 15.65415 13.77834 10.53363 9.01362 19.5555 20.7448 18.64246 31.11032 0.0 15.30817 0.0 21.63415 
1000.0 25.41024 26.5391 32.60542 0.0 30.61278 24.96866 33.84585 18.30307 24.0273 12.02385 11.88261 0.0 17.31013 9.74816 20.81736 23.00318 24.63051 33.2218 18.95265 0.01125 13.20181 26.0127 17.60874 22.7939 24.35673 21.37624 19.34154 20.90909 25.53957 22.11256 29.73369 16.20469 30.06138 23.31136 34.33699 8.23327 29.18912 9.58766 15.69896 17.69861 37.04778 14.69051 20.85133 22.30104 31.90014 16.98123 0.0 12.01783 0.0 33.49811 
1000.0 26.5372 15.0366 29.13515 0.0 10.24742 14.09013 28.14587 8.07874 13.03267 15.67072 21.74908 0.0 11.69892 18.0854 17.76887 9.89137 33.74349 9.70432 10.05623 0.01491 29.90349 21.03796 17.48633 18.55215 13.47259 17.38031 18.54274 16.11349 24.4693 20.82469 32.65956 33.90733 34.76305 11.73529 19.15997 33.59881 31.90445 9.32604 18.88755 19.41371 11.96129 11.72289 11.98432 27.27439 11.5967 31.6659 0.0 23.08694 0.0 18.88724 
1000.0 26.88737 35.81058 35.65389 0.0 17.41117 18.80903 10.93601 13.87701 32.02513 34.17566 15.85984 0.0 8.17502 34.34851 26.46071 23.43396 31.97933 35.73471 13.71939 0.03507 15.67383 11.1566 31.34283 12.318 13.49391 24.03893 19.7749 33.10792 27.11016 16.81482 31.80174 31.3336 19.0789 35.96764 22.94051 34.77993 10.20079 13.35896 10.24693 25.05114 18.87699 9.37645 28.70344 35.91306 31.54534 32.01956 0.0 33.1627 0.0 25.4489 
1000.0 31.27645 20.27764 30.02026 0.0 20.86052 26.52056 33.67368 16.19248 22.36028 19.4727 16.95634 0.0 11.77407 21.98371 11.01726 31.42057 11.18139 11.40441 25.78615 0.01999 12.63833 24.89301 20.91915 20.8434 35.73974 22.24809 18.55511 28.76428 30.18855 10.71638 34.01788 30.03902 33.56427 17.77134 13.0871 29.1735 25.31288 30.83439 19.38456 27.05772 35.69476 17.36141 34.58524 20.46636 36.83076 27.34505 0.0 27.19676 0.0 32.42281 
1000.0 35.04116 23.3936 22.59158 0.0 21.87771 13.68333 9.32689 26.30133 36.75321 19.08696 14.94305 0.0 34.71948 20.51933 29.79399 23.40196 27.58809 33.34921 34.07529 0.04067 8.11279 27.33026 19.8433 15.60147 22.7162 11.12494 7.51154 28.97893 35.98347 17.61004 12.47873 34.33149 29.18232 31.1989 11.25998 21.9203 26.41167 36.22574 29.92771 17.67847 23.89245 34.31512 29.39074 19.29092 24.94191 24.73705 0.0 11.51503 0.0 19.27021 
1000.0 14.20344 23.37754 36.34106 0.0 31.28873 8.58137 32.93598 27.54212 34.31636 30.16743 24.38466 0.0 33.63012 15.5823 14.08699 21.45068 13.51616 15.6659 34.94783 0.00992 25.19733 25.55746 33.36336 8.10795 34.90934 34.79426 17.70199 37.02823 23.33833 24.01174 17.90911 34.79316 12.93652 9.78637 25.25177 27.29069 17.20025 10.77313 34.74594 10.25109 13.01829 15.22215 13.95516 16.16899 16.93061 19.46516 0.0 30.63937 0.0 22.22907 
1000.0 16.06051 12.31043 30.31677 0.0 37.03181 13.93848 11.37167 13.40991 11.12105 20.07415 35.87105 0.0 17.04016 29.5154 11.90382 15.97614 22.05151 19.51715 16.81985 0.01561 22.24793 22.44002 9.17342 30.86237 8.57278 9.45357 11.33997 16.98296 14.78308 7.65932 21.3635 10.63634 27.45345 35.60497 25.93325 35.42988 14.71319 19.56186 20.23603 31.74386 15.85881 14.13396 12.2162 34.99779 9.68685 35.09862 0.0 24.06453 0.0 16.84734 
1000.0 35.92752 11.35377 23.88319 0.0 26.23873 30.19951 12.59265 16.21824 34.17763 34.25381 14.19945 0.0 19.54365 12.86391 34.37355 22.84164 37.04416 19.40048 20.29266 0.02399 34.50124 14.81153 7.66899 9.24464 12.47397 29.51112 12.74066 15.16008 13.02093 29.57657 25.94446 25.22567 23.74911 12.32453 31.19959 28.11342 25.97545 20.54931 33.88904 33.52485 21.59225 18.79088 28.15234 25.86489 21.91485 33.2194 0.0 30.43624 0.0 29.32461 
1000.0 30.04448 18.8888 35.34493 0.0 19.03439 37.01461 23.13809 23.44317 15.65769 30.98586 16.49703 0.0 16.31126 27.74216 14.05631 15.45054 18.04354 12.44396 16.35119 0.02703 31.82784 24.47143 8.79319 12.53124 34.67086 30.84809 19.71958 8.60626 28.21494 13.24381 9.95283 23.37908 14.6954 24.07845 25.32611 34.35368 11.78506 37.22003 20.76497 19.20582 29.18067 11.98121 9.00302 21.13362 28.17825 24.66073 0.0 15.94556 0.0 12.30898 
1000.0 19.0491 13.52149 13.0782 0.0 36.63742 22.43482 36.91279 33.57636 20.06017 31.52184 17.55902 0.0 21.01661 26.74328 35.18131 11.08931 18.36931 27.92694 28.14425 0.01381 37.00749 28.22122 18.71981 25.70333 29.12299 23.57576 15.30281 21.44142 32.22741 8.2831 26.54287 10.00878 29.52717 7.61504 13.31634 7.59416 28.07436 23.13571 18.96828 31.86497 10.90207 29.0882 14.92008 26.22973 25.00225 8.84839 0.0 35.22263 0.0 18.54542 
1000.0 29.63343 16.77589 10.41761 0.0 14.2471 32.74713 13.32353 13.00236 12.44512 11.35527 22.37517 0.0 28.58362 7.61359 11.65438 13.2179 21.18064 15.77753 26.80564 0.03532 9.72419 20.01588 24.37351 15.79502 35.33369 26.26273 26.3383 10.13113 28.21275 31.26752 27.04045 14.74422 31.29158 29.51083 17.28064 24.51681 36.42904 13.37732 19.44447 26.9753 19.29904 13.45909 20.0932 31.36143 28.91993 15.06668 0.0 11.71303 0.0 11.04906 
1000.0 8.24418 34.56971 20.72885 0.0 7.56829 8.09473 30.38067 30.01381 14.24537 36.57581 10.02925 0.0 11.46637 15.47244 12.74084 25.55992 23.31055 9.89296 30.9871 0.01853 24.68813 19.37643 26.84256 35.64333 7.92578 29.50448 30.22172 28.4919 31.61658 22.7798 28.12371 17.07751 19.98347 31.48217 18.53706 20.45049 27.43686 36.74046 8.88954 36.07348 23.3271 14.09482 9.18074 27.95639 13.62323 8.64666 0.0 35.6986 0.0 28.95459 
1000.0 36.19709 25.17546 26.1796 0.0 9.50218 13.40025 27.19612 30.00615 24.70491 36.0154 18.25085 0.0 34.30219 27.45843 12.76422 14.98841 16.74032 20.86193 19.94152 0.01868 21.78553 22.55833 34.74567 36.70319 12.0951 29.54248 16.49976 33.86563 11.51525 36.30733 35.05989 35.80837 34.48393 12.92511 36.62387 8.08036 36.64503 27.94668 18.44954 36.09718 27.34349 36.59669 7.88177 11.27795 36.09637 19.24106 0.0 30.39222 0.0 14.42062 
1000.0 13.67354 12.81632 11.76704 0.0 30.03734 7.94334 13.62247 12.10958 20.52032 17.37205 23.15883 0.0 35.58738 22.12248 31.51017 14.12045 17.00316 14.03533 17.38345 0.0309 35.38139 14.82833 12.50548 31.53818 11.0989 27.74417 35.17901 33.73192 27.65458 16.73179 26.76502 29.09647 19.45094 11.3049 25.36996 20.61205 30.94921 29.001 30.24499 26.97227 36.60557 24.46237 11.1148 7.46834 9.16471 21.18824 0.0 8.76433 0.0 19.18235 
1000.0 11.35102 36.29096 14.50438 0.0 37.2399 14.91364 10.14724 17.45079 18.59642 18.27182 17.55667 0.0 11.21111 30.92356 11.26252 12.61266 32.11629 32.28901 17.5295 0.036 31.23467 23.14501 24.70091 30.38593 32.81411 23.3157 27.97797 20.77578 30.9005 23.8077 31.95722 20.05168 18.29041 19.43218 28.59666 18.41042 12.99726 32.08295 23.44771 17.24356 30.74894 36.97044 9.16701 37.11352 16.93002 32.64112 0.0 23.10121 0.0 35.20809 
1000.0 16.74043 20.16602 18.96261 0.0 33.47874 20.04574 18.06531 30.69156 29.9988 15.26815 34.06154 0.0 11.42674 8.41261 26.93188 36.42597 31.54083 16.22729 22.16357 0.02176 24.48915 12.94685 32.86691 14.5595 27.47996 15.29773 11.46827 13.47964 19.99459 29.44641 11.22251 25.11286 19.65212 33.43243 20.08254 15.17958 25.70138 23.21732 25.11349 29.90123 10.57378 27.35762 21.84461 36.70451 10.57175 31.04231 0.0 24.94268 0.0 16.46087 
1000.0 25.94364 11.65569 7.67973 0.0 11.35529 32.8437 9.83197 20.98697 29.58511 18.30807 29.14331 0.0 10.8323 28.69408 11.267 23.91492 25.1909 23.49166 25.45158 0.02731 13.93059 17.53328 7.57716 17.10575 22.98444 29.52996 36.89941 12.36242 20.79725 34.22919 33.58147 32.73656 21.7805 30.46122 15.65671 18.85706 28.01684 30.39769 15.11707 19.76997 12.82595 14.46187 25.4539 29.03672 34.17518 17.08065 0.0 17.49938 0.0 13.85813 
1000.0 24.71021 22.10456 35.42292 0.0 35.5721 32.17763 27.81352 8.09717 11.92132 27.60538 9.78471 0.0 20.62472 30.98418 8.07728 35.36133 26.32683 9.38216 15.33312 0.03943 11.8957 30.79104 24.8951 29.18582 26.70221 34.12892 9.87084 24.73036 18.43056 23.12959 27.76932 28.65722 31.79033 28.16892 16.90485 9.85097 12.21596 25.58537 16.62308 13.58294 31.20489 28.37563 9.2067 13.43498 14.88568 36.35098 0.0 32.93329 0.0 28.60189 
1000.0 14.90755 22.61866 31.89662 0.0 31.23518 21.31503 36.39478 23.5775 27.30938 34.65361 28.23434 0.0 18.84882 24.51897 35.02913 33.32191 24.79455 22.63936 37.16027 0.02978 33.38181 8.79426 33.82248 30.6956 22.79121 32.70806 16.04048 28.72754 14.55247 32.60125 15.98714 22.16188 9.55083 14.59309 11.46981 14.15041 9.58365 34.40706 19.08745 13.59182 8.42771 12.593 29.35717 27.73285 19.8999 29.81764 0.0 17.84788 0.0 30.10172 
1000.0 0.0 0.0 0.0 18.1364 0.0 0.0 0.0 0.0 0.0 0.0 0.0 28.84278 0.0 0.0 0.0 0.0 0.0 0.0 0.0 0.0 0.0 0.0 0.0 0.0 0.0 0.0 0.0 0.0 0.0 0.0 0.0 0.0 0.0 0.0 0.0 0.0 0.0 0.0 0.0 0.0 0.0 0.0 0.0 0.0 0.0 0.0 12.56617 0.0 17.37612 0.0 
1000.0 24.67461 7.53471 27.9517 0.0 37.05303 33.06875 15.02628 34.35666 25.03626 31.17163 24.75286 0.0 27.75757 27.81493 16.33233 22.23313 13.24769 13.49086 10.96124 0.03932 17.44918 27.95307 33.25912 15.3583 8.24146 12.44819 15.66296 15.43127 8.62377 13.04377 13.67453 32.56581 23.64495 34.15314 14.33004 25.93565 28.58237 29.46016 19.11231 24.11708 18.69643 22.78847 35.85405 13.22522 32.26345 30.49031 0.0 31.46055 0.0 36.84637 
1000.0 0.0 0.0 0.0 16.84909 0.0 0.0 0.0 0.0 0.0 0.0 0.0 13.41411 0.0 0.0 0.0 0.0 0.0 0.0 0.0 0.0 0.0 0.0 0.0 0.0 0.0 0.0 0.0 0.0 0.0 0.0 0.0 0.0 0.0 0.0 0.0 0.0 0.0 0.0 0.0 0.0 0.0 0.0 0.0 0.0 0.0 0.0 32.51393 0.0 28.29969 0.0 
1000.0 8.68846 12.93025 33.20011 0.0 26.79939 8.22511 7.80536 17.24128 33.71577 28.09531 29.16648 0.0 22.18813 15.69102 31.3116 18.92568 12.8962 16.91831 33.71329 0.03736 34.90992 10.50042 16.05742 24.60734 15.70212 15.8672 36.53898 16.54294 20.93232 10.36392 34.74244 36.87541 23.19162 22.11995 30.98134 27.58173 12.12843 11.05764 30.72742 30.51053 13.75987 9.31375 12.78934 30.49681 23.02127 30.4907 0.0 8.5133 0.0 35.02378 
