1000.0 1000.0 1000.0 1000.0 1000.0 1000.0 1000.0 1000.0 1000.0 1000.0 1000.0 1000.0 1000.0 1000.0 1000.0 1000.0 1000.0 1000.0 1000.0 1000.0 1000.0 1000.0 1000.0 1000.0 1000.0 1000.0 1000.0 1000.0 1000.0 1000.0 1000.0 1000.0 1000.0 1000.0 1000.0 1000.0 1000.0 1000.0 1000.0 1000.0 1000.0 1000.0 1000.0 1000.0 1000.0 1000.0 1000.0 1000.0 1000.0 1000.0 1000.0 
1000.0 10.57744 28.96989 27.43952 0.0 33.40885 33.87536 25.99475 29.85349 9.77473 34.14175 9.07835 0.0 28.30258 18.89941 25.37959 36.08941 14.69611 25.76653 30.24062 0.04077 13.51968 21.53236 22.96344 36.99576 10.4998 15.23059 25.99886 26.9338 11.53217 26.16922 29.98807 34.55902 32.73858 36.21967 30.0081 16.63657 32.13241 31.17986 25.70883 31.57164 18.52866 23.29379 10.97775 28.42289 24.33746 30.11919 0.0 30.14893 0.0 13.6272 
1000.0 25.19878 7.65445 15.42251 0.0 32.36248 35.14433 37.31146 37.4261 7.6552 9.7964 9.95716 0.0 13.5473 17.25634 20.66335 24.71268 28.83067 35.94472 18.18516 0.01511 10.31668 36.4933 34.31741 13.6783 23.40384 19.90483 9.43585 36.72057 11.31095 33.36892 19.27633 23.46472 20.46167 13.66325 23.73033 35.084 36.41832 26.64883 21.2653 9.70991 37.39725 36.28202 23.06937 8.63357 23.2031 36.01925 0.0 30.29844 0.0 31.5229 
1000.0 9.0023 24.69821 34.3855 0.0 15.01381 10.59626 36.19425 14.81889 27.08793 31.92841 13.04185 0.0 17.57298 30.8211 30.92935 32.61684 14.21695 36.60251 19.68919 0.0176 34.63505 17.88701 33.54202 18.78493 24.24465 31.52734 35.49057 14.39044 12.00586 23.81739 11.88176 8.88586 23.4856 18.50324 27.72692 12.8029 18.07005 19.02129 12.60093 17.10646 25.45445 33.03555 20.61237 10.9267 24.35161 30.01588 0.0 9.21392 0.0 11.4561 
1000.0 0.0 0.0 0.0 19.14055 0.0 0.0 0.0 0.0 0.0 0.0 0.0 27.11263 0.0 0.0 0.0 0.0 0.0 0.0 0.0 0.0 0.0 0.0 0.0 0.0 0.0 0.0 0.0 0.0 0.0 0.0 0.0 0.0 0.0 0.0 0.0 0.0 0.0 0.0 0.0 0.0 0.0 0.0 0.0 0.0 0.0 0.0 29.79089 0.0 16.03191 0.0 
1000.0 29.53076 36.5205 17.26658 0.0 30.88509 17.21233 29.62883 14.53089 12.32789 7.77846 11.61564 0.0 35.81778 25.38861 23.78626 28.28726 32.79398 20.21006 13.11618 0.02473 35.05741 23.67731 35.89215 31.93464 27.90705 11.63814 29.52544 34.87262 30.12852 8.10073 20.52265 29.21462 13.83978 21.05799 14.00343 16.88545 34.79024 19.0396 7.76776 21.16843 9.71941 36.02561 31.06454 21.9737 21.79362 34.24107 0.0 16.46382 0.0 16.90656 
1000.0 33.35468 25.16094 9.1505 0.0 8.45725 24.08461 20.57736 31.40884 14.47851 8.59287 14.79141 0.0 23.99288 35.05672 13.34567 34.48334 17.24607 19.96345 9.04443 0.0272 18.82516 15.09741 28.10162 29.02061 16.48099 32.69342 34.28476 32.68257 20.84557 17.94703 25.0291 37.03265 14.67153 9.40865 13.53311 12.57581 19.83486 10.94006 32.11134 10.1901 10.39045 27.74518 34.54608 30.03595 23.09596 8.53901 0.0 11.62441 0.0 16.5714 
1000.0 32.51977 34.86047 17.88284 0.0 33.33358 15.93889 7.76365 11.45168 24.44174 28.63024 32.7478 0.0 21.12615 28.06242 12.76291 21.4156 8.30283 33.22738 22.09794 0.0164 35.57129 11.46582 17.50477 26.54354 36.46876 11.12531 34.733 15.05359 8.60142 36.65944 35.21456 32.8267 24.72733 36.66032 22.51509 18.91539 9.14205 29.09249 10.77361 30.84158 14.81942 32.18144 24.76672 33.07666 8.97206 23.37328 0.0 18.17186 0.0 22.86043 
1000.0 11.68097 27.525 13.10188 0.0 22.08843 33.98707 21.46056 18.52575 21.95611 16.60563 20.3915 0.0 15.86726 19.91951 17.06872 24.68446 21.05896 32.01474 18.52431 0.01712 30.18586 19.82229 17.34272 31.67586 30.36635 17.55707 10.42824 32.39578 19.36629 13.62574 29.42507 35.1953 17.97879 16.08857 32.30099 20.08356 9.96396 8.44257 29.97968 34.76535 15.10512 19.05442 21.41327 9.89093 30.66849 9.72532 0.0 28.75424 0.0 21.36691 
1000.0 13.9402 23.56048 35.6615 0.0 30.34778 16.75579 35.47919 10.82841 33.29144 21.84888 21.04292 0.0 23.07437 7.55634 9.33317 36.35353 26.80104 12.31725 12.00825 0.00998 24.07862 21.37521 17.76893 25.69453 31.0803 37.153 31.16175 28.49866 36.28711 33.15341 29.46711 23.18036 21.45594 18.18846 32.18498 21.71352 27.23038 9.74531 9.99567 21.54829 24.67751 15.50508 10.1886 29.71853 30.91689 22.47857 0.0 25.74231 0.0 7.90316 
1000.0 12.267 31.32044 29.72339 0.0 16.05952 31.94101 35.4541 34.54199 17.73466 24.00572 18.72991 0.0 29.12955 17.36642 15.67681 11.29945 19.18894 19.85941 25.06637 0.02834 13.26889 18.19341 31.56062 18.31585 15.26418 8.82295 11.62121 15.07368 30.60549 23.62559 18.50142 22.01673 29.82892 23.40697 14.57104 12.52652 37.32437 12.77326 8.39207 24.82147 30.20511 23.29572 9.14342 13.83755 22.46532 8.95634 0.0 13.6401 0.0 27.03197 
1000.0 14.97379 22.81158 30.03395 0.0 19.1976 12.08281 26.00251 18.36893 19.47642 15.02163 18.36855 0.0 17.59845 36.28819 24.17306 32.19726 14.11211 28.9241 19.47924 0.03936 27.65177 11.75997 30.75758 32.43816 31.29593 14.94141 15.20232 26.25278 28.41879 20.95318 22.41942 35.42313 33.78419 24.92854 29.32185 10.47637 26.68473 22.12977 28.08334 22.34854 25.26379 16.56394 28.71981 20.54558 24.84558 28.06215 0.0 13.16835 0.0 22.34036 
1000.0 0.0 0.0 0.0 21.08671 0.0 0.0 0.0 0.0 0.0 0.0 0.0 28.14959 0.0 0.0 0.0 0.0 0.0 0.0 0.0 0.0 0.0 0.0 0.0 0.0 0.0 0.0 0.0 0.0 0.0 0.0 0.0 0.0 0.0 0.0 0.0 0.0 0.0 0.0 0.0 0.0 0.0 0.0 0.0 0.0 0.0 0.0 7.69002 0.0 18.35741 0.0 
1000.0 23.08036 32.75364 30.44452 0.0 30.63784 16.06864 25.4597 34.81555 22.84593 31.44483 14.05479 0.0 32.007 14.52234 9.23374 22.58966 13.422 10.57517 26.04416 0.02806 23.83357 36.54629 20.07619 9.48201 16.27993 20.45561 15.90627 36.20094 11.89386 19.21148 34.56264 33.66185 12.87628 36.38072 18.14724 22.1292 35.49239 17.83422 8.47872 15.01424 28.54077 15.73445 10.76675 25.76286 28.42314 9.41071 0.0 22.55702 0.0 20.2372 
1000.0 34.07287 22.36401 32.21661 0.0 36.88846 10.01098 20.88226 20.17652 22.67718 27.47937 32.94639 0.0 8.93875 16.29653 26.12459 7.85581 11.71772 10.50954 8.09105 0.02359 8.29798 23.77241 31.97637 9.88587 12.86483 21.31042 23.52171 34.13701 28.88965 14.71649 25.91846 21.12583 29.33707 33.58458 20.29855 22.16732 13.28752 11.30581 33.22315 17.79397 22.12891 29.91546 20.19241 18.43635 13.54465 11.72392 0.0 18.23871 0.0 29.36954 
1000.0 33.94034 24.47349 33.65124 0.0 26.4704 14.68538 31.23378 36.35185 35.77051 9.99354 28.1744 0.0 21.9654 29.17002 26.70252 18.18009 16.5548 16.73273 14.18571 0.0137 35.26297 32.35328 10.49363 30.93154 35.16574 11.71666 21.88463 26.43838 36.54438 21.35206 35.51037 27.34612 26.36129 28.50533 28.80876 29.83582 21.2535 36.85553 30.05072 34.48014 34.33829 35.99311 14.89937 15.14673 34.51595 11.86597 0.0 23.17555 0.0 21.60735 
1000.0 24.51287 32.23223 28.63806 0.0 30.945 35.21281 37.45672 17.44594 26.43435 32.11148 17.06422 0.0 27.52645 13.50078 14.70985 23.58198 18.02133 7.88484 29.95108 0.02755 22.40923 11.91443 16.86515 24.9273 15.77414 29.62685 36.57191 17.01065 23.80293 14.25699 10.0458 33.90902 8.68637 29.75832 12.82201 25.88905 23.10432 31.78729 20.53187 31.67275 37.04715 25.55683 7.93638 24.52642 24.22856 23.59512 0.0 28.06204 0.0 24.25656 
1000.0 16.34885 19.94117 27.79806 0.0 12.1821 11.08453 24.42191 17.0333 30.58379 36.80781 30.3562 0.0 32.97775 35.69314 30.07953 23.32028 12.98486 26.96643 32.02679 0.01912 24.2278 28.50518 10.03212 7.76398 13.90779 36.76857 25.34593 24.23074 11.62688 7.77196 33.5201 21.54134 32.89041 29.92384 23.90498 22.87014 16.70413 36.43925 22.50141 22.49026 16.3037 12.10586 26.98656 24.40701 19.72248 10.62817 0.0 30.15103 0.0 13.03915 
1000.0 25.75948 36.3197 8.83132 0.0 13.62929 32.3162 9.25283 21.46817 22.057 16.49255 9.00364 0.0 34.69309 13.15424 35.88924 34.26645 13.17578 21.13862 24.12739 0.03437 29.68745 27.44851 8.2412 18.12226 23.37508 10.02314 26.466 31.27535 34.93116 22.15758 28.84105 32.16708 15.96388 35.72152 27.44762 10.5601 20.72167 15.75896 26.22145 15.96544 14.21042 8.08209 33.06543 23.37862 23.4727 12.53935 0.0 28.63255 0.0 36.96459 
1000.0 34.07138 28.42839 30.77543 0.0 21.10605 9.44058 36.91923 26.4419 28.81477 16.15261 20.91222 0.0 31.55202 13.14677 12.55748 21.33179 16.88162 28.17981 32.44303 0.01502 16.72339 27.7898 8.54038 33.16989 26.14266 26.9643 29.47108 23.94694 29.47338 30.69938 32.68361 33.90257 14.41422 27.51538 18.23535 28.45375 15.28727 31.61105 25.84799 15.17696 24.49136 11.92338 20.89742 25.63939 28.75854 32.62371 0.0 25.6972 0.0 33.69741 
1000.0 0.04016 0.08978 0.09665 0.0 0.10336 0.04791 0.10957 0.15583 0.10548 0.1576 0.12901 0.0 0.06882 0.08507 0.12904 0.1066 0.05484 0.07184 0.15126 37.48597 0.11458 0.16751 0.09529 0.15725 0.13241 0.05619 0.07967 0.07515 0.05969 0.04476 0.08412 0.05696 0.05388 0.06315 0.0849 0.06487 0.06169 0.12747 0.12392 0.08362 0.04929 0.13644 0.04474 0.12015 0.0402 0.07756 0.0 0.1423 0.0 0.15588 
1000.0 26.1014 31.33754 18.92785 0.0 11.21616 33.16404 33.71319 11.56204 11.60946 19.28592 35.58893 0.0 8.62805 33.55687 17.18755 28.94278 15.58435 11.24507 11.48125 0.0288 30.15971 33.1168 13.93802 10.45024 21.75555 17.23895 24.32235 30.6214 37.47157 7.83222 26.02446 11.15143 32.65495 18.85803 15.88893 22.24466 29.25409 28.46845 11.33764 8.60685 28.09898 9.43661 16.66465 18.8534 31.93484 23.30117 0.0 10.32445 0.0 18.63056 
1000.0 20.49426 26.39171 24.58413 0.0 24.96002 16.15681 14.34893 20.00541 23.79685 25.06202 28.45229 0.0 14.11983 26.19496 35.9939 20.82008 23.12609 9.76726 32.58646 0.03528 14.16249 24.32326 32.91663 12.20705 16.27288 9.77056 25.96723 31.24078 31.0688 20.1829 30.71632 10.04999 29.0329 35.47026 35.07207 17.88652 9.70869 29.85178 37.42702 21.84019 12.01978 33.05866 25.99629 27.92662 37.25136 32.42695 0.0 13.18953 0.0 20.48277 
1000.0 21.3483 31.52374 17.11774 0.0 31.90472 8.58925 34.48153 12.91944 34.7919 8.85006 11.17201 0.0 32.20868 12.32455 11.66323 17.80379 21.4251 23.17745 18.00584 0.01298 16.6616 16.57174 17.42482 20.726 33.55533 12.77849 17.7649 19.1846 17.28192 11.55843 33.79488 31.13884 12.36992 21.98072 22.71251 13.16593 34.00528 28.92277 18.9352 31.73535 29.8128 15.67969 36.71313 29.21365 20.40087 28.75364 0.0 13.59161 0.0 18.56645 
1000.0 10.97341 30.58 28.97744 0.0 27.9684 30.00807 14.24662 22.05147 30.36984 23.03901 11.1946 0.0 21.12501 14.32704 9.30284 36.45268 36.5044 34.9783 20.46311 0.02614 33.36854 35.12216 14.56687 25.69246 11.22154 20.01474 13.05429 13.73737 14.19457 22.65955 26.45603 35.10833 33.41472 10.86258 10.32518 34.72196 26.0439 23.69997 17.1968 28.74823 18.97005 29.17461 13.86928 14.44965 18.83255 11.33904 0.0 27.44529 0.0 25.29497 
1000.0 21.54074 36.41493 10.81448 0.0 23.50019 8.90986 21.26315 25.98419 10.66821 15.3937 36.74889 0.0 24.99141 16.87219 14.20154 10.37817 31.99189 37.33929 36.02994 0.02928 18.21003 35.77677 16.87831 22.72967 20.35712 11.54794 30.54248 30.44548 7.53369 35.10076 21.41947 25.76694 28.18807 21.9428 15.04364 13.86498 9.52942 18.57696 36.9889 17.6367 18.77139 27.09073 33.65721 29.66421 28.49455 30.85761 0.0 12.53309 0.0 24.64238 
1000.0 36.92377 13.39163 27.47363 0.0 26.3404 19.49005 33.52171 20.49222 15.30263 13.98971 27.88542 0.0 21.5854 35.8194 30.4328 19.62343 8.03385 10.26645 21.32995 0.01095 20.44663 25.51041 28.2426 15.74063 35.7239 11.44469 15.54768 10.69807 23.32896 29.53594 30.22659 13.65464 27.30974 37.43627 25.90541 22.88583 33.96659 25.03673 23.25054 9.89725 25.88868 19.66361 7.55519 9.79355 11.41045 19.20631 0.0 26.34381 0.0 26.18729 
1000.0 31.00049 35.23662 29.58221 0.0 28.10503 23.14189 14.18731 15.71601 7.59438 31.22108 28.79484 0.0 34.4915 26.76789 16.63458 19.3367 28.56979 21.22756 32.80367 0.02894 21.24949 13.889 27.84484 16.70005 23.42662 7.94465 29.46662 7.87009 34.32534 14.30145 9.63093 30.21977 30.18704 22.80366 20.75624 30.19165 8.63868 22.12383 12.10824 30.59281 31.61205 35.70076 21.83949 22.43752 34.25506 36.00259 0.0 30.32994 0.0 10.5857 
1000.0 28.37164 36.45489 30.35669 0.0 10.54981 36.95788 16.03456 34.57185 27.61776 16.06434 18.63254 0.0 31.48388 21.10828 18.60155 18.03008 15.0845 31.15602 12.4238 0.03152 35.29673 35.11993 32.33571 22.14927 24.3771 15.85323 15.33829 12.32992 11.41252 29.01708 33.96949 29.74065 14.44766 16.03383 22.05524 22.59409 36.65868 12.63519 17.46245 32.64274 15.52276 30.26706 13.76272 28.64881 16.08979 15.19573 0.0 24.58838 0.0 35.07789 
1000.0 25.67486 15.49104 17.33062 0.0 35.71702 24.06277 31.54777 17.67491 34.01151 23.39466 33.96714 0.0 19.16045 16.88677 32.33357 35.61413 20.89337 10.18679 30.71471 0.04025 19.24947 30.90044 26.75282 26.9018 23.27291 31.08278 24.80017 21.2025 28.65002 15.96342 22.22584 21.80461 10.38058 28.36977 13.87631 17.04798 29.1152 25.59733 23.14913 17.77134 8.49873 12.87395 8.5626 16.16277 16.36256 12.97195 0.0 17.79696 0.0 23.54286 
1000.0 13.118 35.44244 14.88885 0.0 29.73757 17.45322 17.77394 35.98592 20.67412 18.03975 23.35293 0.0 24.49381 29.99537 22.19717 22.63635 25.07486 15.24038 27.37644 0.00873 20.24901 21.03651 24.32645 18.52549 9.03595 33.71105 22.59049 28.60861 35.36144 18.48117 27.57672 16.36063 29.54059 29.97746 10.3335 15.34353 8.21614 22.42017 23.05653 9.11726 34.02028 27.22765 11.08421 15.48074 16.95487 36.68085 0.0 29.82466 0.0 16.21269 
1000.0 8.2638 23.08854 36.36273 0.0 21.75777 35.34918 19.48186 36.8552 33.87314 22.70095 9.81913 0.0 19.94938 29.40032 29.70251 31.73119 13.04125 12.71388 24.62994 0.04297 30.72371 23.81104 13.64794 25.49474 36.83015 17.08658 8.17428 29.52476 8.13034 7.55002 34.34799 25.26285 31.9229 23.25816 34.19791 11.85843 9.09176 15.23272 17.01332 32.05376 28.13839 19.48337 11.67179 16.48726 31.7102 31.34134 0.0 26.05501 0.0 37.53321 
1000.0 12.17881 19.35016 36.47856 0.0 29.77045 12.49602 21.78262 11.39965 18.46071 9.13803 15.61371 0.0 29.27842 20.81597 8.66865 18.62048 28.133 32.45306 36.59773 0.03605 15.59474 7.68533 22.41858 17.68752 10.25539 35.93186 25.27979 35.62898 24.74098 29.76966 17.1521 29.39171 19.57479 30.58507 29.07513 15.55918 27.9777 12.91629 12.72074 20.45198 21.36483 26.48136 29.66716 24.47916 33.81675 8.26672 0.0 18.80608 0.0 12.99233 
1000.0 28.8986 32.43842 31.76795 0.0 19.84293 8.39442 24.53913 35.74654 32.55941 9.51989 23.89058 0.0 18.56868 11.01871 10.95711 31.88703 17.51964 18.47697 35.48654 0.03689 25.10064 31.39246 9.95857 26.85868 33.7151 24.05414 35.34657 9.64923 29.46789 10.47232 37.47066 12.78134 16.00404 35.98462 25.83649 17.25 17.07173 14.64467 23.65914 34.89897 16.4996 8.4815 31.8432 25.56351 37.09952 19.69976 0.0 30.25536 0.0 17.03445 
1000.0 36.31723 31.92205 19.08175 0.0 11.31709 34.18345 25.45484 13.32421 22.96905 17.09103 14.19473 0.0 19.48686 28.78533 24.13718 23.14172 19.81388 7.75178 29.62862 0.02184 34.24547 21.74738 25.45298 27.09507 35.52695 34.14623 29.27205 14.48067 25.79722 8.23255 36.05846 33.06777 29.21274 28.6666 32.45377 37.14044 11.78222 22.19578 34.36955 32.90106 8.41805 35.85776 16.4709 18.24901 17.54006 33.41647 0.0 12.09197 0.0 37.20506 
1000.0 35.18019 33.56223 22.82762 0.0 26.76895 21.85059 28.22619 18.74359 34.60294 14.05317 29.28429 0.0 21.80457 35.93331 21.35673 24.21201 21.32323 32.03686 9.02115 0.02701 18.6129 27.32314 17.51725 26.71896 8.84509 28.26671 17.11808 12.08379 26.81288 34.8436 31.00099 20.35052 15.33143 24.20672 13.08818 7.78736 27.90924 20.90285 35.0789 24.69361 15.1673 26.86494 11.9897 27.19196 21.8617 12.67711 0.0 12.28859 0.0 17.70635 
1000.0 7.57507 9.61969 19.59548 0.0 30.2193 19.35667 28.27104 17.40051 24.19377 32.18629 9.54841 0.0 21.83293 34.5591 32.83976 16.17334 20.78311 15.19809 14.81704 0.03166 25.50059 10.15827 30.7341 27.46205 37.22999 27.78037 22.11471 14.52187 14.30704 12.67952 34.81429 37.32514 10.18743 23.98955 26.60052 11.70465 22.77628 37.08663 26.78229 31.16232 17.02606 8.91569 28.30735 34.05729 9.63223 22.98757 0.0 36.79986 0.0 29.99091 
1000.0 16.9023 18.5373 20.20278 0.0 34.52124 17.2784 20.17439 24.11197 29.92298 22.58343 36.78125 0.0 20.73379 32.92264 20.8435 23.44525 25.28026 19.7263 37.57585 0.0346 25.86477 7.52868 32.45891 27.83695 14.83033 13.69569 21.93148 16.03907 36.13365 17.03966 15.05045 35.90427 9.0354 13.3048 13.81867 16.18408 15.26881 15.83405 25.545 20.18519 30.16017 15.73747 34.1735 27.04815 37.28748 31.01679 0.0 27.92171 0.0 30.18299 
1000.0 12.61848 33.64139 28.51798 0.0 12.49825 12.35249 11.44037 15.50354 32.76669 28.24322 26.80906 0.0 13.66836 36.62799 12.69285 32.31498 10.57228 25.13372 33.00446 0.01428 23.05697 30.17262 16.33552 23.57986 27.48598 9.63745 29.75454 11.13942 35.60397 20.12979 13.12222 22.80295 13.30576 24.72681 18.56722 21.35796 8.35404 16.59429 18.5797 19.8552 7.97564 27.41918 23.41073 12.30468 27.80976 34.76149 0.0 34.62703 0.0 25.13737 
1000.0 7.70979 10.72462 25.75556 0.0 33.97545 16.61318 10.87779 28.83643 34.44325 32.23938 8.97463 0.0 21.78637 9.66222 21.11548 30.13336 37.22705 11.00803 21.22723 0.04298 25.72416 16.02507 30.94852 12.99946 23.97651 13.48296 22.05922 31.94577 25.43477 34.5278 12.59948 21.49058 29.10486 30.19467 24.67336 11.96278 13.86874 9.80837 36.38562 26.76874 23.0852 10.98774 35.55576 24.30998 36.97254 35.89496 0.0 26.22915 0.0 35.28286 
1000.0 14.61908 22.26944 33.36569 0.0 20.37728 13.6569 19.42203 18.79891 16.28758 26.5501 28.24516 0.0 12.56275 34.24472 15.79391 12.24678 19.08229 22.00881 19.07018 0.03585 24.7701 37.50953 8.71296 29.60234 27.67839 25.36577 32.73397 16.70659 23.00273 18.07103 8.97144 25.07421 28.02589 24.55339 15.14308 26.53782 35.52811 25.74943 18.94989 22.79087 20.5884 35.88074 23.49459 29.72539 29.29753 30.39372 0.0 31.56424 0.0 24.68875 
1000.0 21.27693 20.06792 25.73215 0.0 11.50115 29.08304 26.20154 20.64836 36.30288 18.08901 21.59582 0.0 9.65462 12.05765 12.4971 35.14615 36.76495 29.5014 21.06929 0.02431 25.53891 32.03643 35.39185 16.61313 35.01402 19.39885 36.29214 37.22183 20.80468 32.00564 16.40501 33.74068 12.98866 21.78003 36.45722 33.91128 31.60432 17.23259 34.05129 30.20096 7.56176 11.85105 12.12358 37.25215 15.5716 24.3306 0.0 22.60822 0.0 29.78566 
1000.0 16.78186 34.24563 24.13276 0.0 27.64769 15.38399 24.2425 19.68113 21.23914 34.38107 19.47418 0.0 27.06538 16.20585 14.39899 8.17452 36.16544 31.9215 11.5305 0.04083 29.21485 24.73562 13.34723 37.24619 10.39389 24.51788 23.72413 36.47314 26.84959 28.60716 17.06246 34.84289 32.02393 25.49305 12.43893 14.6689 33.2754 37.62244 29.49051 9.57934 13.56577 26.00168 13.80672 19.49223 13.86889 32.43102 0.0 18.80725 0.0 20.2572 
1000.0 28.57717 14.74474 14.34554 0.0 33.71033 8.46885 24.91658 22.06322 21.07782 24.19305 30.47596 0.0 17.03882 10.32045 13.75114 11.42295 21.28833 24.70193 15.72489 0.03009 33.98576 19.16098 26.49675 28.49326 28.85184 21.05871 19.05528 13.31088 35.13231 12.73043 8.02204 23.11935 16.69499 26.15023 33.63535 21.90102 29.0749 19.93831 14.44439 30.97438 32.39414 36.15409 23.60923 25.54155 30.03754 7.87064 0.0 27.17494 0.0 35.51229 
1000.0 28.97998 31.23606 13.57866 0.0 9.48941 14.70109 13.85943 31.21408 15.50737 11.27093 17.86427 0.0 31.76992 28.06754 35.05364 37.4205 23.39384 11.32665 11.96395 0.0338 7.89531 16.63963 14.16759 10.30471 30.77956 11.39186 16.93147 32.86069 27.29112 11.43133 25.20723 26.9316 25.35754 11.72131 29.05725 12.68048 28.51958 27.87717 27.35631 18.09007 37.35845 34.85862 9.54964 21.32534 16.92826 20.6192 0.0 18.91592 0.0 11.89167 
1000.0 8.4866 27.43217 22.92043 0.0 8.1435 13.45475 23.98354 28.81909 31.7945 25.73989 20.95713 0.0 13.57873 30.33701 9.03726 9.48115 29.57863 10.60856 12.31445 0.02559 31.54982 30.13755 29.0092 35.70988 22.65671 36.46535 32.20589 31.21542 23.64713 22.90759 36.68338 25.36792 31.10329 28.34015 30.44462 22.81789 37.25001 28.1626 10.97056 8.32418 36.97073 9.61354 33.15143 20.87633 20.91421 19.73414 0.0 27.65103 0.0 21.46733 
1000.0 11.99671 32.78564 16.54151 0.0 27.4947 16.66751 18.38427 23.81803 12.08973 12.90884 15.8633 0.0 19.71892 32.36835 10.25342 23.74172 16.49014 14.27688 22.72409 0.02006 8.33675 20.54827 14.04512 25.32883 26.85382 25.86298 35.66126 36.13022 18.10687 11.79538 25.07421 14.38748 25.68763 33.22633 9.19999 34.45063 37.4137 33.30449 24.94593 33.54644 20.20274 11.82392 27.75104 28.5992 33.30913 10.71393 0.0 27.32929 0.0 9.19498 
1000.0 0.0 0.0 0.0 15.75726 0.0 0.0 0.0 0.0 0.0 0.0 0.0 11.7114 0.0 0.0 0.0 0.0 0.0 0.0 0.0 0.0 0.0 0.0 0.0 0.0 0.0 0.0 0.0 0.0 0.0 0.0 0.0 0.0 0.0 0.0 0.0 0.0 0.0 0.0 0.0 0.0 0.0 0.0 0.0 0.0 0.0 0.0 9.91896 0.0 13.26873 0.0 
1000.0 8.67123 32.77243 27.07098 0.0 20.56679 7.99369 35.37282 29.562 15.42904 8.35595 33.97105 0.0 26.82088 21.15384 34.69054 8.23691 11.26079 22.50856 14.29929 0.01863 22.15121 26.31138 21.00684 15.0493 33.16702 27.3803 7.96985 22.78617 35.1247 22.89803 34.2036 8.35824 36.2089 27.08926 9.11175 31.14124 16.91647 13.04674 16.20842 13.93381 35.01977 8.11066 34.17404 31.3639 30.35224 12.86049 0.0 27.23223 0.0 9.94338 
1000.0 0.0 0.0 0.0 34.21499 0.0 0.0 0.0 0.0 0.0 0.0 0.0 30.29853 0.0 0.0 0.0 0.0 0.0 0.0 0.0 0.0 0.0 0.0 0.0 0.0 0.0 0.0 0.0 0.0 0.0 0.0 0.0 0.0 0.0 0.0 0.0 0.0 0.0 0.0 0.0 0.0 0.0 0.0 0.0 0.0 0.0 0.0 28.47281 0.0 25.04051 0.0 
1000.0 29.70145 31.99868 35.90646 0.0 26.78697 29.36173 30.90076 14.72102 22.3315 25.93134 22.09475 0.0 22.7121 31.37284 16.81525 21.18351 17.0183 13.40906 28.36938 0.02997 14.287 34.6306 26.40094 22.01185 37.17993 34.04195 22.69778 17.62212 12.5684 33.25729 18.16343 21.33345 33.97172 25.47426 22.79821 33.43092 34.71653 22.53938 28.14705 34.52082 9.45107 11.55237 16.16816 24.49388 14.62715 14.17527 0.0 27.67928 0.0 27.66672 
