1000.0 1000.0 1000.0 1000.0 1000.0 1000.0 1000.0 1000.0 1000.0 1000.0 1000.0 1000.0 1000.0 1000.0 1000.0 1000.0 1000.0 1000.0 1000.0 1000.0 1000.0 1000.0 1000.0 1000.0 1000.0 1000.0 1000.0 1000.0 1000.0 1000.0 1000.0 1000.0 1000.0 1000.0 1000.0 1000.0 1000.0 1000.0 1000.0 1000.0 1000.0 1000.0 1000.0 1000.0 1000.0 1000.0 1000.0 1000.0 1000.0 1000.0 1000.0 
1000.0 13.09843 14.73924 29.54588 0.0 34.94839 27.82406 19.73013 11.80138 28.20599 35.92036 34.6744 0.0 15.8472 14.19528 36.70376 15.11793 26.67647 7.57323 25.39323 0.01401 27.65649 32.9406 34.12665 18.0524 17.80844 11.75609 7.63928 19.5974 30.44372 11.74581 16.34829 11.83236 11.70324 32.69859 30.32816 20.78195 9.95175 15.61191 31.75669 12.08453 13.16819 26.00189 20.98251 33.45904 26.9 20.35962 0.0 9.29312 0.0 31.066 
1000.0 11.29452 31.82042 30.18148 0.0 10.89096 26.8755 10.77643 16.41063 17.8813 36.04956 15.10421 0.0 9.13306 15.66368 13.17873 35.34393 24.09937 31.95657 29.64751 0.03274 11.09023 29.54172 25.97863 29.37712 10.74011 31.26746 33.70237 25.18808 21.79712 36.02008 18.88263 11.07092 12.55432 28.26174 17.05435 28.24783 7.72095 30.00549 29.2607 17.93306 16.10437 12.1758 25.86362 15.5119 32.71027 31.16605 0.0 15.96471 0.0 32.73572 
1000.0 21.72689 22.87191 16.34111 0.0 32.8462 20.8563 8.28328 12.25697 17.57077 16.72195 29.52338 0.0 16.71048 32.4797 24.0675 32.51154 13.51007 10.39743 34.94101 0.0208 10.1084 20.54818 12.60067 22.64826 36.43624 25.49541 33.39574 27.36112 21.78251 33.90522 15.97008 13.09919 32.59409 19.60233 19.65136 34.87913 17.06964 31.62143 36.76971 7.45518 29.51302 11.78612 23.10956 25.5923 33.12311 9.08299 0.0 18.16534 0.0 16.62825 
1000.0 0.0 0.0 0.0 33.99791 0.0 0.0 0.0 0.0 0.0 0.0 0.0 28.09589 0.0 0.0 0.0 0.0 0.0 0.0 0.0 0.0 0.0 0.0 0.0 0.0 0.0 0.0 0.0 0.0 0.0 0.0 0.0 0.0 0.0 0.0 0.0 0.0 0.0 0.0 0.0 0.0 0.0 0.0 0.0 0.0 0.0 0.0 28.71291 0.0 28.89125 0.0 
1000.0 9.50867 17.54338 35.8207 0.0 19.3588 34.11918 31.17063 15.04841 31.19931 13.45579 32.01559 0.0 9.91655 28.87211 17.42656 10.9638 31.10598 26.71411 15.23548 0.02577 22.91531 32.90246 36.81353 30.401 16.33187 14.87078 32.04514 10.20373 16.79244 20.51557 19.79662 18.97067 32.05615 21.13817 9.00118 16.2904 8.73497 22.42592 20.22504 11.22654 24.68079 19.11628 36.47391 19.69337 22.31028 32.34302 0.0 18.03971 0.0 24.58319 
1000.0 20.29497 14.19369 11.09594 0.0 34.80613 34.41872 8.79677 36.6647 12.48877 12.74894 10.57221 0.0 32.33952 14.31428 32.18544 18.79027 24.19188 31.26013 24.14021 0.0271 36.43073 14.78742 27.1506 17.52524 35.80023 11.97329 17.3407 24.71349 18.1576 23.7293 9.67362 8.49715 16.39476 16.38238 24.02146 29.65278 22.96891 31.58662 18.40981 8.50189 17.01173 27.94136 32.50797 35.25968 8.58039 13.07878 0.0 26.95817 0.0 14.86187 
1000.0 12.58477 15.69368 12.22579 0.0 22.36751 34.9643 7.74787 27.21946 23.07338 15.66999 9.81175 0.0 9.66782 31.77677 17.03379 20.25694 13.80036 30.9345 13.10367 0.01451 13.53337 36.27224 34.83072 31.90299 27.18938 13.03446 31.02351 17.53126 23.33307 13.31428 16.53952 28.08812 8.49841 7.42975 34.19922 18.49338 26.08129 18.746 15.64645 27.9567 33.43844 25.19365 22.66095 18.38631 33.57126 30.86684 0.0 21.47512 0.0 8.39014 
1000.0 33.57948 19.7157 23.94664 0.0 9.30048 29.06637 28.80299 30.82794 21.60287 20.19323 14.79992 0.0 18.76775 19.80235 10.58972 30.72914 7.52361 27.29761 34.90366 0.02519 11.12104 13.92275 24.96654 16.71067 25.63513 15.53176 17.68601 31.57626 12.19143 31.8951 30.9675 26.99881 15.5365 23.23074 10.25571 26.58457 33.88477 11.35461 21.77836 32.06419 18.00183 21.4011 33.60011 10.27478 28.10224 9.76013 0.0 10.7642 0.0 9.06738 
1000.0 30.88421 32.18383 35.11254 0.0 16.82958 8.64811 12.45761 35.9652 33.37278 27.43343 27.42853 0.0 11.27658 9.8301 22.58735 15.66462 20.26809 18.90436 26.04087 0.01011 17.18277 36.83019 36.48802 29.69123 8.64293 28.13783 18.50273 29.32637 7.51581 11.63364 13.90901 24.43558 19.15984 14.15456 9.41814 15.75422 33.60857 30.88564 31.6891 35.23375 21.10401 9.91631 19.47337 31.09081 9.31797 31.72948 0.0 31.79718 0.0 25.66416 
1000.0 13.1488 9.45375 29.38942 0.0 13.06945 7.80054 32.70677 27.09569 28.78987 27.3291 36.19953 0.0 36.5274 24.2967 33.08419 20.78679 14.62721 23.82918 30.4074 0.01462 22.12443 10.33094 34.11634 31.32683 21.21669 17.71423 14.2908 19.19694 26.62882 16.6108 32.69843 9.82836 24.92723 11.91312 35.60592 30.90311 17.57909 18.08204 32.27017 32.71745 13.19039 32.87995 23.01879 27.0677 17.12595 35.36642 0.0 33.02699 0.0 33.67779 
1000.0 29.55538 31.17303 34.42269 0.0 33.19388 18.32323 24.54947 16.89151 12.48484 17.45441 23.70429 0.0 26.37583 34.66653 21.33433 22.31091 23.68014 30.02415 10.30011 0.02779 24.69841 14.82542 17.44255 32.22303 35.19703 31.68794 14.33203 34.46642 32.0938 32.93646 18.43786 19.87444 28.47723 23.11644 20.89731 11.99368 21.87964 9.31552 25.17486 17.44732 31.92879 19.24464 17.20451 12.40956 10.15292 33.5865 0.0 21.0652 0.0 23.69853 
1000.0 0.0 0.0 0.0 29.69255 0.0 0.0 0.0 0.0 0.0 0.0 0.0 29.76439 0.0 0.0 0.0 0.0 0.0 0.0 0.0 0.0 0.0 0.0 0.0 0.0 0.0 0.0 0.0 0.0 0.0 0.0 0.0 0.0 0.0 0.0 0.0 0.0 0.0 0.0 0.0 0.0 0.0 0.0 0.0 0.0 0.0 0.0 23.66806 0.0 28.69099 0.0 
1000.0 29.0568 34.65792 26.3984 0.0 9.47429 8.51857 27.19075 30.55271 30.15204 19.63549 26.29691 0.0 26.07842 8.21747 35.88085 14.60898 19.95798 32.65935 22.93928 0.01554 22.452 36.71823 18.25947 26.64425 27.41742 24.92098 24.73222 22.55529 23.58611 27.52524 15.50413 9.68119 21.66112 35.60505 35.70098 25.70466 35.17239 19.10503 10.5864 31.2991 26.4547 8.60991 21.96785 13.64876 31.40593 36.14125 0.0 17.29651 0.0 36.84693 
1000.0 19.58316 28.17776 10.12368 0.0 24.43534 14.46962 12.36631 16.55127 19.77225 24.35691 14.55143 0.0 9.12025 27.70184 12.2051 18.49779 34.66077 17.0564 7.79644 0.0321 11.32836 33.77086 36.34896 24.49487 25.11695 31.036 12.47081 32.27903 27.96518 19.76099 35.24302 17.78611 12.66994 21.49128 19.92975 20.68593 33.94953 30.22346 11.40826 10.75163 8.30708 18.60866 36.10008 16.10214 21.81538 17.86756 0.0 34.64248 0.0 26.29319 
1000.0 29.79917 25.42143 18.13348 0.0 33.55495 34.27758 36.20314 19.08337 10.41667 9.49349 34.60859 0.0 22.25416 21.35249 30.33061 15.28464 7.7278 15.08305 7.407 0.02913 10.66268 25.38929 32.832 8.5031 7.81718 21.60488 19.5636 29.75164 25.68481 21.38417 22.71691 34.4849 7.99435 25.08608 28.54673 18.84059 10.71718 17.67976 14.24744 26.28321 26.01198 34.86838 22.3498 20.78642 28.92249 20.95436 0.0 28.42322 0.0 20.40963 
1000.0 17.15109 12.78411 36.20314 0.0 33.47096 12.76793 33.93384 21.89928 33.14956 18.04259 9.62296 0.0 30.35486 22.88218 10.60353 7.7262 20.76394 13.4759 23.86685 0.01689 31.41176 28.95799 21.40175 13.15768 22.08633 10.31027 8.98635 32.53046 20.24212 24.78316 15.02482 14.31826 27.91342 36.57852 28.15276 34.67384 31.88205 31.70665 8.62288 23.26073 35.00047 26.86606 31.01267 34.69112 27.60755 26.84119 0.0 11.80127 0.0 19.74605 
1000.0 12.23251 10.67856 23.3627 0.0 16.84413 17.59822 29.18056 11.0297 29.95542 31.42601 19.36403 0.0 7.60148 34.02977 29.45804 27.79954 8.78808 27.77395 11.6894 0.01898 20.48784 15.6816 22.51959 12.19822 25.52635 20.37425 35.27804 23.18882 28.442 10.16864 22.19562 24.16746 12.32972 15.4576 26.06698 11.13307 33.14921 31.06929 8.17666 21.97121 20.0999 34.06281 30.25586 23.14855 35.06886 20.46155 0.0 25.58171 0.0 14.45586 
1000.0 27.86185 15.33428 10.71489 0.0 33.31576 33.70605 23.5005 36.25459 31.67858 13.13303 31.04619 0.0 32.65486 35.93594 11.71744 12.9424 26.32842 26.27416 23.84363 0.01428 27.61613 12.00768 9.6251 7.85167 34.31326 14.46501 33.5783 29.56142 8.91245 19.27582 17.14618 8.13764 8.73643 16.29805 23.71771 19.2059 9.49165 21.94917 9.46523 23.11356 10.42828 16.09547 10.40672 11.83774 16.72319 8.7206 0.0 18.61346 0.0 8.76393 
1000.0 29.20505 17.11873 32.03355 0.0 29.07055 8.53362 18.20802 9.04109 10.44389 32.40819 25.415 0.0 28.67109 13.0544 17.70902 16.89787 15.4897 11.86395 9.00664 0.01536 27.81362 13.02193 30.58638 26.56107 36.88475 33.70185 9.51445 8.39454 26.6616 8.04594 31.25714 31.23759 35.21826 9.1323 19.4385 24.66094 26.66666 31.73323 22.02827 33.48085 23.70783 19.64456 28.55644 31.74934 26.29669 36.83118 0.0 21.22321 0.0 34.00012 
1000.0 0.04873 0.15225 0.15971 0.0 0.15724 0.14005 0.06928 0.15714 0.07597 0.09979 0.12756 0.0 0.11213 0.15114 0.06333 0.08532 0.1645 0.15833 0.05137 10.67331 0.04675 0.12591 0.04564 0.05634 0.11668 0.05858 0.10668 0.08415 0.08569 0.06601 0.08196 0.10587 0.08736 0.03825 0.1447 0.08414 0.08261 0.1395 0.07898 0.05291 0.12281 0.12389 0.11705 0.06598 0.0873 0.05899 0.0 0.16925 0.0 0.06263 
1000.0 18.27594 24.97184 31.14644 0.0 24.34136 20.16346 25.26321 22.3203 27.53284 7.43269 31.32238 0.0 18.37187 11.56767 25.65425 10.80289 21.03144 17.19757 11.44866 0.02743 35.45705 18.05737 32.7902 17.65871 19.04283 35.63653 30.2184 16.12571 10.78656 20.36438 25.56221 8.82496 29.25439 30.31475 24.99636 17.92833 7.85933 22.32271 34.92641 11.12516 16.24279 29.41788 7.75083 24.72704 11.96611 35.64911 0.0 11.82059 0.0 12.60251 
1000.0 10.75338 29.89129 32.6601 0.0 23.47127 34.83494 33.60397 10.66721 7.69791 36.08094 36.17054 0.0 34.94071 20.47851 8.36846 16.94305 19.88125 15.13355 32.07726 0.01382 10.83365 8.86433 19.70744 8.23648 34.25808 13.33406 29.95507 36.01983 18.49376 34.99869 33.9665 19.45907 24.76157 32.16942 22.96619 29.11075 7.93601 32.47534 19.36163 30.57227 35.11167 29.78385 26.84926 25.0078 31.49582 16.98955 0.0 31.45717 0.0 12.31438 
1000.0 19.11368 21.76589 24.30028 0.0 16.1109 35.16059 35.1751 9.30896 15.39922 36.07977 23.05906 0.0 22.18073 17.36853 17.26521 31.42241 15.09555 32.24084 28.33331 0.03728 34.93689 25.05484 20.04863 12.70377 19.45943 16.55974 36.76893 8.90466 15.96131 14.69757 18.39364 31.96492 13.27858 9.30953 13.34707 20.8065 9.94703 17.48064 31.37574 15.54299 14.7806 24.88113 33.70704 28.12266 14.24272 33.68553 0.0 23.95481 0.0 10.081 
1000.0 34.81977 33.84177 19.9597 0.0 17.78791 35.31828 11.11112 20.37218 29.83359 10.12833 28.61857 0.0 14.31962 27.77667 36.66138 7.468 7.77848 32.93828 28.27839 0.02293 32.95797 35.08765 10.49442 23.05784 20.58706 26.65831 36.69769 24.24202 10.9078 26.72283 28.71775 20.39325 7.40921 31.83245 10.62888 27.10195 12.6044 24.28595 9.86011 24.32054 13.44202 23.48069 24.5392 33.47082 14.12411 18.88157 0.0 22.67998 0.0 25.38458 
1000.0 13.51806 34.54858 12.9635 0.0 9.03937 14.55944 8.77522 22.2382 30.74494 17.8931 32.21016 0.0 18.44526 11.44707 14.83254 29.30793 7.68095 8.91784 11.47098 0.01895 31.63464 34.73434 11.94608 29.80664 10.75153 33.44483 16.01942 34.56704 13.25579 28.28207 31.12765 10.23343 26.95092 15.24811 31.33132 15.82751 36.38913 17.48338 15.32512 27.63864 26.45671 15.35178 24.08553 21.23081 28.62932 35.59327 0.0 34.77236 0.0 31.95244 
1000.0 29.47644 9.87015 22.28785 0.0 19.53482 30.36047 35.14516 14.42222 25.5754 7.49136 30.07954 0.0 14.59613 36.27768 20.42968 12.71409 19.12262 21.39501 13.3149 0.02863 21.06361 23.92993 28.51886 8.33463 28.60764 22.6622 26.03756 19.27334 35.87808 33.25744 30.62261 15.20015 19.20843 25.41777 28.84949 31.54962 25.93097 17.54943 32.17816 22.93151 10.43828 19.60516 29.46986 15.1676 20.25362 29.38366 0.0 20.57502 0.0 13.24893 
1000.0 18.03025 24.34875 12.89281 0.0 29.58909 30.2175 36.16854 29.14496 34.70987 14.62944 11.1037 0.0 23.18689 33.0219 26.49514 25.7055 16.1969 33.41939 28.90342 0.00977 18.26613 16.81943 33.22013 24.50803 24.35465 33.43367 31.53419 22.48009 19.78912 13.72903 9.34832 21.79505 20.10407 35.80779 27.27423 36.27768 25.12917 9.76553 25.54444 14.24369 10.42268 20.1579 12.79651 26.90566 19.75063 32.47952 0.0 32.79181 0.0 23.7785 
1000.0 29.10346 21.05053 36.23862 0.0 9.18403 23.14098 24.92859 35.32095 9.79853 10.17948 19.54379 0.0 10.35528 18.37907 15.26226 16.83764 11.60745 31.72362 15.17098 0.03757 8.51741 29.97353 18.56146 20.06357 12.76021 24.02428 29.92197 28.83485 29.87277 29.69504 14.09488 25.37046 22.96329 13.7269 33.33924 24.45858 10.86947 27.304 13.68777 15.70631 21.76542 30.89476 32.36846 22.9486 35.67756 20.34685 0.0 30.12562 0.0 30.02659 
1000.0 11.13169 11.87935 25.85878 0.0 24.355 19.72331 26.95897 14.01766 34.26516 28.18345 24.38629 0.0 27.58401 26.80975 18.48726 34.33977 29.93118 12.33095 8.44739 0.03741 25.48014 27.4017 30.09226 31.54966 28.22739 23.05072 12.25751 25.95892 17.9113 18.07807 13.04113 19.96313 30.30048 9.3584 17.87393 35.30656 12.13177 34.25675 33.61314 8.67231 25.92692 33.82248 32.80051 23.91011 11.74503 8.02808 0.0 31.98341 0.0 25.36573 
1000.0 27.96552 16.77726 17.80301 0.0 33.8723 21.27042 25.36874 14.65285 32.97805 36.7625 19.45008 0.0 31.64818 23.11027 24.92134 35.85479 30.48754 21.7364 14.46581 0.03989 31.54366 16.01556 34.86342 25.817 14.68769 14.2478 33.83082 16.75351 36.2855 29.98358 16.51296 19.38231 30.93225 10.70764 7.59154 35.72283 29.34448 32.58829 22.90164 18.67187 16.31993 23.19626 14.22916 7.91154 25.3716 17.94426 0.0 27.35581 0.0 27.09504 
1000.0 18.85524 22.77858 20.18225 0.0 32.78042 27.20612 14.88627 33.38028 30.94882 21.35493 23.84782 0.0 14.60473 7.94415 23.79727 24.42602 21.20595 11.87656 22.11034 0.03155 35.2012 32.20536 17.63406 24.94039 7.53011 15.05888 19.70357 34.08314 27.76204 15.64639 20.04571 15.30951 32.32142 33.27554 18.7104 36.58844 7.45652 30.94094 15.85244 33.74811 16.85593 20.79028 24.32177 27.90834 26.06889 16.1628 0.0 29.17624 0.0 18.44412 
1000.0 8.41923 36.24612 12.69637 0.0 32.88242 18.02728 8.94679 20.07546 23.87915 32.74974 21.64552 0.0 10.60903 26.43815 17.24961 22.23455 10.40428 10.79404 20.03425 0.04071 15.52272 12.31156 10.96964 22.97517 26.34331 28.08968 12.04818 36.00411 33.20118 26.63026 35.19178 11.46705 11.31185 35.04821 13.78778 25.96855 16.98782 34.21584 10.14334 34.36986 19.42854 33.77165 23.50553 17.19468 22.2975 17.93322 0.0 22.45032 0.0 14.10471 
1000.0 14.5799 35.64999 14.73919 0.0 33.51841 14.43594 11.56395 20.74612 23.16152 14.9708 7.7744 0.0 16.10723 13.84657 13.02095 19.15667 11.59147 20.78994 11.26164 0.01536 28.31339 36.81297 11.80938 32.63138 28.20136 33.68404 35.81802 27.6187 17.49003 31.98199 13.12019 11.84429 20.08036 13.56501 32.5677 7.56791 21.9585 29.25501 11.66889 23.82167 24.93102 18.74134 20.62575 21.80946 30.38978 35.60228 0.0 29.48215 0.0 36.88154 
1000.0 14.08831 19.77861 18.35472 0.0 29.08701 20.69955 12.38567 17.62614 31.89079 14.83652 31.54395 0.0 24.1252 20.18794 33.06351 15.70081 20.41326 12.00316 26.36176 0.01148 27.48582 14.7109 23.54071 12.6109 25.29315 24.7856 26.74449 7.51256 18.46138 31.675 15.74299 29.92999 21.45599 13.93448 8.2036 17.61317 15.8241 28.48071 31.15292 26.08589 29.18593 36.15674 31.546 25.94677 16.42835 9.16588 0.0 14.13258 0.0 26.52026 
1000.0 13.41561 27.59394 24.48374 0.0 25.99031 15.71742 17.94548 17.63628 32.73239 34.91823 13.30875 0.0 14.28115 34.33468 14.35633 18.61292 29.42141 14.02691 15.32037 0.04041 30.84597 9.68191 29.41841 33.49267 29.10421 8.08864 17.00102 33.98204 17.89363 10.55693 9.43234 18.54834 22.74155 7.82824 14.06221 11.94909 32.49684 17.51143 16.0679 24.20031 20.01593 11.96439 8.10941 13.44766 36.50751 14.23352 0.0 14.46766 0.0 12.43064 
1000.0 23.60245 18.19889 8.14534 0.0 35.19839 15.14533 23.04305 8.09705 33.91981 8.37524 36.46943 0.0 15.88361 22.15444 16.93354 35.22207 31.8244 32.32949 12.76702 0.02484 8.73361 28.71015 16.97126 19.11132 23.86825 8.93454 29.70142 20.13768 14.44443 10.85662 23.63692 26.75171 12.89475 26.11507 21.86848 30.15004 11.25958 36.60293 27.73566 33.91049 16.14083 29.19175 20.95258 23.66436 36.59945 10.67208 0.0 10.69609 0.0 21.73272 
1000.0 10.90345 31.67835 7.73114 0.0 35.00491 23.92411 10.18502 12.68174 25.83599 26.76214 10.42775 0.0 34.4131 21.7151 19.69615 19.5805 7.58939 14.11801 15.23058 0.03155 11.23403 35.9418 12.3881 28.72713 26.86901 17.54534 12.83788 7.60432 9.89894 24.59794 19.21122 16.39463 10.38279 14.21953 32.0355 19.6641 9.00201 35.77883 33.56105 28.49252 10.89139 24.52753 14.01437 29.97184 20.34967 16.06612 0.0 15.80152 0.0 23.39076 
1000.0 34.1623 14.61888 29.88848 0.0 19.91096 30.61685 16.6702 32.9769 26.49337 8.89612 36.6209 0.0 28.79996 30.21524 25.04155 7.40473 36.52961 21.0015 28.63569 0.03707 24.42181 23.9208 31.92003 22.86077 20.17421 8.29604 26.50746 16.84166 29.388 28.43103 18.81263 23.08989 15.73634 27.28881 22.01535 23.52526 34.28954 9.29964 20.25644 17.97242 30.27339 21.05971 34.75745 35.86943 13.14018 27.15612 0.0 19.68775 0.0 15.60705 
1000.0 28.575 26.23871 11.62374 0.0 32.64832 16.95862 23.75454 20.31792 28.30372 16.11151 34.62636 0.0 32.71057 8.01524 7.79442 17.94368 10.12121 9.09888 14.89627 0.01723 22.21102 14.19477 25.96544 7.49897 24.96114 22.26148 34.61132 35.78461 14.20631 11.88 32.28629 11.75909 26.9928 22.73947 17.3332 34.17048 21.07086 10.89721 9.8312 33.29269 21.00986 9.15357 28.5187 10.99809 31.36931 23.33277 0.0 33.84183 0.0 15.83397 
1000.0 13.66435 35.06094 24.06617 0.0 33.52965 29.76427 35.30549 27.76755 18.89845 13.07074 25.83018 0.0 26.72613 27.54461 24.82097 23.1104 11.47741 33.67939 33.15828 0.02861 29.76315 21.72076 16.67499 31.86133 8.52006 16.02916 17.09195 16.09922 28.87889 19.41442 29.04268 20.06116 28.70244 18.6682 15.34298 22.42147 8.25844 24.52525 9.57151 10.96398 31.20327 14.61628 7.90564 14.15592 23.14684 12.94783 0.0 30.97664 0.0 34.58691 
1000.0 12.38233 23.57159 18.27411 0.0 31.81492 22.31428 22.86139 20.18085 23.25023 30.68101 28.29877 0.0 10.95396 27.78202 25.99855 35.62719 13.34199 16.10429 20.52254 0.02532 14.87675 27.50352 21.74604 8.51409 30.81067 36.59099 12.25405 32.52663 25.9489 17.29326 11.62324 21.15426 11.13276 10.22164 23.12691 10.66157 15.95843 23.56443 9.6218 14.88406 16.04902 36.24317 12.09947 15.56178 19.13017 14.97364 0.0 25.39989 0.0 27.78168 
1000.0 10.42721 27.35129 23.0054 0.0 33.83216 30.36417 30.13171 18.65118 34.22121 26.85282 34.02047 0.0 15.27378 14.33301 22.58808 26.68049 14.1176 21.66283 28.67026 0.04295 17.53717 32.21332 24.42809 7.43005 25.26152 31.38206 16.3483 9.87493 18.54544 19.708 18.44499 35.30239 35.00077 31.91353 17.91093 23.45173 30.88348 21.88462 14.32071 32.44258 31.12893 11.96872 28.40715 23.99041 20.78707 21.09137 0.0 26.15501 0.0 35.88071 
1000.0 9.97003 8.87709 11.8829 0.0 21.90006 10.83529 11.13509 30.94071 26.43062 33.19903 29.99148 0.0 14.2647 18.03241 17.29254 28.4963 19.86159 16.44737 29.22871 0.01025 30.41149 17.05256 35.81929 18.39806 14.21435 31.49827 30.36027 15.67422 26.34202 31.38321 23.06534 28.78085 22.38003 15.42834 9.45514 23.94122 14.98395 31.00074 17.483 8.16624 36.17289 25.99992 15.78294 30.09351 34.6648 7.99726 0.0 30.80232 0.0 34.63503 
1000.0 31.61385 17.54801 7.45239 0.0 19.10162 12.51199 27.64993 34.45335 36.20385 10.63751 28.91087 0.0 36.30618 20.55564 18.90338 22.06103 25.52315 14.25358 10.06553 0.01452 12.7876 35.27003 23.97058 11.37335 19.4677 19.36616 16.64482 13.09106 31.54208 18.84888 13.59982 17.69352 28.48363 17.52841 19.10964 18.65876 12.63039 14.01611 33.61326 21.10396 14.4844 36.16302 16.53435 33.98227 30.83394 26.80076 0.0 12.46555 0.0 8.93749 
1000.0 21.16971 35.99982 29.05537 0.0 27.96303 11.44905 18.97928 13.69147 30.55106 17.98168 22.37881 0.0 17.57927 9.07154 26.60629 15.12634 31.29229 35.82154 15.41725 0.02955 20.42233 9.47457 11.9758 19.53887 11.27985 30.07395 28.75436 16.26788 28.71987 31.79258 30.8601 16.49445 17.97355 33.45538 29.84411 13.29082 34.87458 28.5621 10.61492 23.09137 7.80722 11.40036 20.48106 10.85145 20.46704 32.11612 0.0 31.16233 0.0 8.99815 
1000.0 14.93708 32.39273 19.25496 0.0 8.07079 35.3512 14.91052 18.9491 34.17225 31.55281 15.62822 0.0 8.9049 26.88301 8.94646 33.21748 33.38784 23.81972 16.09141 0.03331 13.53263 15.5181 21.37786 17.04417 9.63262 8.65667 32.79007 8.74219 19.91432 21.48933 16.35126 19.37924 7.95053 22.90784 30.54267 26.8993 10.51062 33.06645 13.12047 12.64117 21.43126 33.27792 10.80854 18.60822 8.81976 24.25707 0.0 26.59999 0.0 35.48794 
1000.0 0.0 0.0 0.0 25.66131 0.0 0.0 0.0 0.0 0.0 0.0 0.0 25.68708 0.0 0.0 0.0 0.0 0.0 0.0 0.0 0.0 0.0 0.0 0.0 0.0 0.0 0.0 0.0 0.0 0.0 0.0 0.0 0.0 0.0 0.0 0.0 0.0 0.0 0.0 0.0 0.0 0.0 0.0 0.0 0.0 0.0 0.0 31.16688 0.0 11.16063 0.0 
1000.0 9.67529 26.28105 34.86778 0.0 17.27282 18.10463 11.48157 25.88922 32.71621 33.28871 19.8485 0.0 20.98961 15.49055 23.97307 30.44318 17.99878 23.66954 28.67398 0.03581 21.11214 31.56941 31.67267 17.19252 32.29934 19.24226 12.34686 31.92507 11.81964 29.6762 30.59449 20.10187 23.24691 24.70166 23.32126 21.63806 33.81341 12.2683 7.92023 25.05216 15.90919 10.51646 10.15703 7.58569 9.84422 21.30286 0.0 27.47996 0.0 33.96858 
1000.0 0.0 0.0 0.0 11.9005 0.0 0.0 0.0 0.0 0.0 0.0 0.0 33.72379 0.0 0.0 0.0 0.0 0.0 0.0 0.0 0.0 0.0 0.0 0.0 0.0 0.0 0.0 0.0 0.0 0.0 0.0 0.0 0.0 0.0 0.0 0.0 0.0 0.0 0.0 0.0 0.0 0.0 0.0 0.0 0.0 0.0 0.0 31.51924 0.0 30.27202 0.0 
1000.0 23.09754 33.09436 16.29669 0.0 27.93165 32.319 9.64361 26.28252 12.91374 11.62827 32.08102 0.0 13.81616 34.98662 13.55696 26.43871 34.59734 35.06772 20.55089 0.02291 25.44455 36.56368 23.88112 19.46904 31.69136 13.12754 13.27761 28.13613 27.96865 16.25263 12.23177 24.49128 23.11816 15.56322 9.09247 11.43328 26.71886 19.2748 11.73318 29.30749 22.94389 21.61746 27.9192 36.26116 21.71674 12.179 0.0 21.8588 0.0 35.92831 
