1000.0 1000.0 1000.0 1000.0 1000.0 1000.0 1000.0 1000.0 1000.0 1000.0 1000.0 1000.0 1000.0 1000.0 1000.0 1000.0 1000.0 1000.0 1000.0 1000.0 1000.0 1000.0 1000.0 1000.0 1000.0 1000.0 1000.0 1000.0 1000.0 1000.0 1000.0 1000.0 1000.0 1000.0 1000.0 1000.0 1000.0 1000.0 1000.0 1000.0 1000.0 1000.0 1000.0 1000.0 1000.0 1000.0 1000.0 1000.0 1000.0 1000.0 1000.0 
1000.0 10.87065 14.98001 35.88734 0.0 28.83746 37.01627 20.90213 29.7645 13.52565 27.51667 19.27716 0.0 17.70756 29.48087 7.94159 22.83202 22.58948 8.3648 16.99986 0.03079 15.92672 14.53252 19.41871 13.91547 26.64852 12.99058 17.07803 9.1544 30.4901 15.66974 35.30888 37.61608 10.68827 11.41742 12.42696 26.8684 8.71298 26.10315 27.81409 25.59055 13.56138 19.9327 14.55563 37.4892 10.03274 9.72633 0.0 26.65682 0.0 16.42801 
1000.0 37.08758 24.3573 35.06787 0.0 19.04253 27.63498 10.18406 22.51093 13.99797 30.91677 33.27489 0.0 20.86672 24.06908 34.81118 25.19553 28.21747 37.72392 19.85764 0.01164 14.90226 30.0491 26.06056 33.04039 36.97067 18.65687 24.51594 9.16076 26.69341 30.48161 9.20749 10.10509 11.63937 8.03023 29.06943 8.28671 9.01732 17.41578 15.13803 32.68733 13.18404 31.77399 35.63715 20.70514 11.45926 11.61298 0.0 19.59505 0.0 15.56093 
1000.0 32.14034 19.9167 21.28303 0.0 17.05329 14.76876 18.19428 16.26995 36.30244 12.79784 8.37518 0.0 25.53103 9.39494 31.47892 33.23562 29.06477 36.56758 7.67095 0.02166 27.69336 19.4499 22.75819 33.32273 13.14672 31.3324 24.03711 17.89393 37.06559 33.23708 28.99315 11.61654 9.61586 15.48544 19.26498 15.3254 30.8619 31.68327 36.2162 33.30386 29.21677 29.33786 17.53601 9.06431 8.24686 23.1222 0.0 10.25162 0.0 31.83538 
1000.0 0.0 0.0 0.0 36.51026 0.0 0.0 0.0 0.0 0.0 0.0 0.0 31.79551 0.0 0.0 0.0 0.0 0.0 0.0 0.0 0.0 0.0 0.0 0.0 0.0 0.0 0.0 0.0 0.0 0.0 0.0 0.0 0.0 0.0 0.0 0.0 0.0 0.0 0.0 0.0 0.0 0.0 0.0 0.0 0.0 0.0 0.0 32.9085 0.0 30.12964 0.0 
1000.0 26.78858 11.88368 22.08846 0.0 34.96893 34.69704 14.70682 15.07866 17.75883 11.49743 21.83498 0.0 24.22721 17.27852 30.69901 13.06235 30.18344 23.48329 32.57907 0.03883 15.21395 21.72434 9.34198 10.30263 8.603 21.03806 17.72817 9.40378 12.44137 27.40836 9.42902 26.44386 8.03472 13.20398 31.30534 36.27328 11.34695 9.27453 18.17437 23.48642 35.78068 37.2438 26.07366 12.83917 32.97647 32.19701 0.0 32.50771 0.0 9.94381 
1000.0 30.92466 32.10205 33.27136 0.0 7.97343 29.81463 31.29516 14.9281 11.72107 10.54143 14.58753 0.0 14.9741 26.75549 10.48166 20.84125 25.93429 33.90017 33.77975 0.0119 8.8078 17.17803 37.50327 36.84792 8.08391 25.57827 17.16981 8.49432 22.647 21.44886 11.51976 36.06721 12.21208 13.37624 25.19456 11.71312 31.57392 35.47721 31.88774 21.89886 24.26963 24.77791 12.37988 13.14478 26.27592 25.02105 0.0 29.81848 0.0 35.5953 
1000.0 34.3152 29.65251 14.27213 0.0 12.05629 14.93499 21.32323 20.29474 14.34404 17.91346 36.66843 0.0 35.82978 16.19284 29.68978 28.06076 30.51509 14.32171 17.42347 0.03798 20.84921 22.95847 19.59851 17.26356 25.45044 32.21468 7.96216 32.00999 31.22945 20.44795 30.06207 7.70691 32.17704 15.23827 33.6336 17.4364 26.95375 29.82389 11.47203 14.70819 35.73464 30.49587 8.12163 20.42348 19.55729 36.19734 0.0 24.48621 0.0 8.98075 
1000.0 27.96366 24.48682 29.36728 0.0 31.96076 18.82165 31.15503 17.29163 7.94426 12.65497 18.49468 0.0 28.88028 37.4881 26.94844 26.15002 27.5193 12.9445 36.34674 0.02635 35.53302 9.13167 34.21371 32.30149 30.27876 25.35581 35.57392 37.42584 26.51857 23.25747 23.60178 9.92738 14.17475 32.54547 30.1252 18.56474 19.74093 30.90228 32.62951 11.89738 33.97603 8.75233 29.5622 30.73053 9.43255 18.79305 0.0 16.7316 0.0 30.84982 
1000.0 13.44505 23.12303 22.76538 0.0 21.64767 19.54165 26.47384 27.88893 19.50003 12.59511 35.15487 0.0 30.27139 23.52089 9.1198 35.37706 27.96911 24.31247 9.40091 0.03572 11.5885 12.01694 35.59867 20.76246 37.1488 9.28144 35.65836 12.11559 21.78959 31.32597 15.57456 30.88458 25.8226 19.47169 26.85573 35.69596 35.73133 26.77879 28.42567 28.14752 10.62522 8.01661 31.81098 10.14956 26.95678 35.84493 0.0 8.53045 0.0 16.10968 
1000.0 30.71009 26.11736 28.6488 0.0 10.67052 29.60049 15.92388 18.13554 34.50361 34.51372 8.72061 0.0 11.23303 14.58824 37.41807 12.19366 31.68409 34.74156 31.79335 0.01283 27.98873 9.61691 27.60826 35.4758 37.02746 16.43478 17.07353 23.88776 18.21787 30.08787 29.36562 37.55241 10.83932 34.89857 35.55354 7.85486 15.66638 24.75354 17.8676 25.96387 33.53993 7.86717 10.64291 26.7843 25.55968 11.49085 0.0 18.65392 0.0 31.29647 
1000.0 21.90078 23.3409 9.24001 0.0 34.04069 10.47683 19.26476 14.04062 23.5123 9.01616 32.20384 0.0 25.94437 20.03297 22.32979 19.05405 10.52642 21.11297 22.4471 0.02982 23.29385 12.23743 12.73304 37.08153 8.10325 8.248 24.13671 16.57332 23.19205 29.80177 27.00813 13.64645 28.00964 25.62747 18.95158 27.41729 8.63283 17.38946 29.27907 34.19463 35.81497 13.49824 10.3333 37.04719 27.34252 9.25348 0.0 26.71166 0.0 11.01452 
1000.0 0.0 0.0 0.0 28.76688 0.0 0.0 0.0 0.0 0.0 0.0 0.0 19.28994 0.0 0.0 0.0 0.0 0.0 0.0 0.0 0.0 0.0 0.0 0.0 0.0 0.0 0.0 0.0 0.0 0.0 0.0 0.0 0.0 0.0 0.0 0.0 0.0 0.0 0.0 0.0 0.0 0.0 0.0 0.0 0.0 0.0 0.0 18.56664 0.0 9.5263 0.0 
1000.0 23.16145 23.2132 20.29776 0.0 12.01127 18.38407 20.46411 12.2019 15.30765 20.03254 22.02875 0.0 25.81225 12.12623 37.00903 36.57654 8.57468 14.14501 18.64383 0.01547 16.97033 13.18539 9.05682 31.38267 33.63618 13.44212 32.91326 9.01086 16.26288 14.27723 18.8057 17.9203 26.7822 21.85614 37.36989 33.20485 35.15037 17.88135 19.08714 36.6711 12.13644 22.9827 33.65486 11.38458 21.01139 11.30535 0.0 8.80752 0.0 31.28015 
1000.0 26.3442 23.36183 22.9229 0.0 32.9115 26.77184 36.3969 13.27308 22.85383 32.30954 31.7445 0.0 27.23561 29.42269 17.07308 7.93622 36.11055 8.85073 30.55729 0.01642 27.61041 23.63928 28.18755 14.95265 27.15572 18.0379 27.7582 17.7199 36.56678 37.26907 30.45317 9.09665 18.16107 27.49574 23.14227 26.22891 33.29261 33.51538 11.84891 13.02265 11.66494 28.22387 15.59485 8.0809 28.04115 31.50775 0.0 30.49184 0.0 14.04655 
1000.0 17.34575 24.11311 16.57459 0.0 29.77123 10.00651 32.55113 31.20682 11.59878 31.53809 31.94499 0.0 18.58234 29.62121 20.54477 10.86158 22.82111 24.25788 8.53177 0.04176 28.02904 8.87873 14.08533 34.17103 37.88169 14.55619 25.44301 34.48675 34.57912 7.81972 20.28837 33.07712 29.01474 34.05345 12.386 32.45922 36.80352 35.85375 33.89259 11.41994 24.73973 32.61518 9.05343 23.8401 27.08105 12.46345 0.0 23.27794 0.0 37.85665 
1000.0 13.6211 20.00223 24.95697 0.0 19.04575 19.23367 36.53523 15.09347 30.33726 28.57682 27.05497 0.0 27.32153 9.37906 31.7509 10.25698 27.68172 15.21031 18.16886 0.01153 14.54015 23.91008 31.50525 36.05455 13.33324 29.3081 36.87504 36.50478 31.73498 31.40053 37.3841 9.88578 20.35021 17.38413 36.85712 11.06031 22.26494 22.51454 17.48081 28.5755 18.82536 13.62821 31.03104 22.35046 28.02309 33.23551 0.0 25.54836 0.0 16.63288 
1000.0 16.25178 9.29189 11.74944 0.0 18.09004 11.45811 31.24237 30.25671 33.16235 25.93031 26.33388 0.0 32.37708 15.82756 7.87064 10.07297 19.48557 17.40625 13.08456 0.02553 28.04494 12.62265 34.73047 11.15657 34.42248 13.48884 11.4597 18.57725 29.47284 21.53169 24.92382 36.14332 18.93624 12.72303 24.38603 29.65174 9.2905 28.05775 11.5044 20.14468 14.0965 12.65917 27.91838 28.18776 27.98522 9.75577 0.0 16.35034 0.0 24.89566 
1000.0 31.66899 14.74886 14.10613 0.0 32.94463 21.36604 14.12829 10.02853 17.60709 32.31846 14.82143 0.0 13.96497 12.68368 18.96668 18.69575 15.89043 31.01019 35.12271 0.03488 37.23425 25.72467 30.00353 26.02408 21.33741 13.8444 17.93821 23.11952 33.96312 27.15514 22.13751 28.60818 25.49797 23.76738 33.27092 19.35404 29.55729 23.35283 22.85746 21.07709 28.60263 20.77441 8.38609 9.04161 36.44319 27.24873 0.0 16.95898 0.0 18.40961 
1000.0 21.97119 27.7115 9.03095 0.0 8.50924 16.28107 33.7732 11.58465 10.82774 36.51144 15.00583 0.0 20.10306 12.21334 21.04618 16.0329 14.13661 28.11625 18.53657 0.02399 26.3507 27.1677 24.43981 35.33018 32.50543 10.1624 26.21525 20.91304 14.25758 33.51263 11.43832 27.28936 28.36364 14.42277 18.91204 22.89589 29.2362 23.3126 35.28673 21.09178 27.4645 22.39962 27.04706 15.25592 22.49558 35.22212 0.0 14.39007 0.0 24.39152 
1000.0 0.04957 0.08366 0.07377 0.0 0.14173 0.04388 0.04505 0.10229 0.12233 0.0689 0.12958 0.0 0.06987 0.17345 0.07154 0.15241 0.15291 0.07131 0.13048 30.5978 0.10466 0.1358 0.17076 0.16822 0.06025 0.12613 0.13463 0.0977 0.14499 0.07119 0.04542 0.10773 0.13154 0.15644 0.12071 0.13396 0.16184 0.13776 0.0671 0.05755 0.15019 0.09212 0.16727 0.14248 0.0573 0.04088 0.0 0.0927 0.0 0.0632 
1000.0 28.86484 10.41517 13.39813 0.0 33.67925 34.54579 14.25477 20.74824 15.77082 15.02891 24.31552 0.0 23.70264 28.07382 32.84026 13.22959 20.85139 31.91366 26.62055 0.03153 37.00584 29.01789 35.15286 8.39086 22.65973 11.58524 33.19759 19.67817 23.33809 27.26288 20.87515 11.47743 12.72473 20.74518 32.095 16.79883 31.77175 25.00801 18.47087 11.3317 34.35968 23.39153 13.28775 22.7696 26.27443 16.16238 0.0 10.9233 0.0 26.57688 
1000.0 8.55209 16.36752 17.77351 0.0 16.0816 34.98749 15.34756 18.71784 35.29217 36.9615 23.92385 0.0 8.28671 25.3421 16.95171 35.15567 26.06825 22.55188 25.24791 0.04048 24.95581 20.24128 26.19787 16.85918 25.99826 11.17509 8.53673 26.071 33.32016 9.11613 25.3727 22.71968 26.51492 22.44152 27.54726 15.37119 15.18925 23.43377 14.27825 29.65554 15.24106 34.5584 24.76764 32.66669 8.38099 13.00208 0.0 27.6009 0.0 19.4754 
1000.0 33.44299 10.78495 21.32248 0.0 21.17792 14.49186 14.92324 10.65708 17.21736 31.5044 23.66618 0.0 20.53508 30.02327 25.58186 29.37639 25.48415 12.87092 14.24785 0.01763 23.76289 12.98569 11.32958 17.20032 10.17285 15.14662 16.12001 29.73197 32.71557 9.89012 14.3453 10.85633 14.05172 24.01643 10.90614 7.76836 29.42441 7.68779 29.80947 34.02164 13.04151 35.09283 21.64563 28.43164 13.85974 26.96219 0.0 8.10006 0.0 22.7729 
1000.0 37.336 23.99003 14.17323 0.0 35.33959 24.69081 22.88542 27.42341 32.07445 21.19137 32.5101 0.0 17.6269 32.89277 13.73833 8.48621 16.11322 25.83115 32.99776 0.02099 21.89616 9.50779 31.96747 19.05616 27.59518 25.50702 17.0983 17.82609 9.08886 33.14145 33.81374 8.49084 13.55397 24.76138 37.27318 32.9354 34.406 25.06163 20.05467 21.42468 25.20833 14.02334 29.08229 20.14454 12.98162 18.27271 0.0 30.68532 0.0 18.06507 
1000.0 27.51472 11.61574 25.10585 0.0 28.24064 12.67877 16.9214 16.75162 27.17049 29.93956 34.70236 0.0 32.97534 32.12691 27.35084 28.40608 18.86272 32.24754 17.49069 0.01031 9.07964 19.41921 21.98466 11.24131 13.24518 37.2154 36.79956 27.81242 37.35387 18.12033 11.7461 13.71823 11.60967 16.76575 25.77759 19.50523 36.10189 15.23424 22.44508 20.0707 33.79277 37.29902 24.85106 30.76551 26.01962 18.29548 0.0 26.43876 0.0 30.8802 
1000.0 22.01801 18.715 18.41066 0.0 31.65269 34.32074 13.41143 33.21863 18.41345 37.17211 27.28309 0.0 27.78338 7.97833 25.18915 31.68128 30.73582 29.92876 24.15809 0.01152 9.78561 28.74103 26.20725 20.08698 37.15038 26.39796 9.9666 15.26465 37.12908 7.58326 34.25511 37.26734 13.81353 35.80873 29.0595 28.71568 35.17658 16.90083 24.54284 25.55226 36.29383 30.37725 15.88282 21.29382 11.36832 32.85845 0.0 9.86765 0.0 35.1025 
1000.0 27.47322 31.26973 16.53244 0.0 23.18764 24.41925 16.27711 23.62774 35.9435 8.65931 12.54641 0.0 18.05898 7.83031 22.96067 8.52527 36.61817 33.9975 16.56404 0.03021 33.28464 26.49903 22.65567 31.92892 24.76045 32.44114 28.21584 22.27279 11.7367 15.50648 15.71757 26.17257 13.829 36.42745 30.64353 34.19963 13.54026 32.16315 21.80464 34.36684 30.9913 31.39172 9.69589 16.20614 29.48444 8.75729 0.0 34.35086 0.0 36.64727 
1000.0 13.60684 14.82906 15.95441 0.0 18.39165 21.9151 30.4122 15.79823 7.92573 8.5727 18.84084 0.0 21.01658 37.35304 32.82237 27.87108 26.56231 13.93051 23.26004 0.03028 13.71159 8.3284 12.4327 12.56161 8.55634 8.89604 15.31068 34.12204 28.94225 18.15847 31.85691 23.07166 20.57246 31.85219 13.19876 19.00816 35.86149 36.99883 17.44524 24.38187 30.44758 17.50541 36.66965 34.84352 26.48565 35.62767 0.0 26.98671 0.0 20.06362 
1000.0 17.99799 36.01097 30.86296 0.0 34.90411 24.06992 26.83998 33.31999 30.16393 13.31384 9.23358 0.0 10.51157 18.50788 22.38757 28.13061 37.23748 28.49582 36.65603 0.01171 34.91322 21.4564 18.27842 21.51769 31.8337 35.2657 37.86251 17.15466 20.53768 19.75774 27.55983 22.20903 31.01585 35.68369 17.12873 36.99799 22.74642 8.40815 7.60071 13.45002 22.06674 15.17521 27.4619 19.74069 20.83349 10.06058 0.0 11.05711 0.0 23.50745 
1000.0 16.49452 22.45968 17.94582 0.0 34.14782 30.69879 35.66912 19.61356 30.66232 11.49632 27.66172 0.0 21.54147 27.34602 30.22157 12.96315 14.20226 10.41788 11.4573 0.01361 31.80415 23.07522 26.30575 37.89436 24.58154 10.77632 11.86641 29.33836 25.47253 26.27428 37.02078 23.37324 17.28351 17.542 27.09413 21.14971 13.88227 34.12929 14.92638 11.10006 23.74225 13.32791 14.15701 11.8706 32.85725 23.9181 0.0 12.42747 0.0 22.05985 
1000.0 23.02749 12.13271 13.1287 0.0 10.9502 26.2655 27.0239 23.39989 29.80695 26.21894 8.92794 0.0 32.76507 24.5128 34.11731 19.87474 13.1065 19.63464 31.19758 0.02277 27.4215 11.76945 11.93372 31.26689 34.98769 28.5544 18.41411 24.54367 17.83786 34.6822 30.79133 28.8758 12.96249 10.32138 36.61445 34.78765 34.58113 30.8416 26.01067 22.78989 20.54688 27.642 11.32228 25.60162 7.80474 36.03583 0.0 17.40796 0.0 26.66194 
1000.0 22.81276 12.92043 16.1631 0.0 28.72059 33.40498 25.14797 14.55309 15.91646 17.37505 20.59916 0.0 32.22827 16.50371 25.43099 12.3247 11.72988 30.59197 33.08877 0.01279 22.9428 15.15616 24.80952 24.78658 22.17918 28.34159 27.52262 8.89018 30.04748 30.67702 23.46109 26.575 8.1708 33.63353 25.01968 37.46897 25.42696 11.97844 19.5797 20.58081 11.54386 35.8005 34.4441 14.12413 28.75881 31.27071 0.0 8.20329 0.0 15.12665 
1000.0 9.22462 24.91503 31.46618 0.0 14.23397 37.46683 14.63622 24.59448 28.74805 29.77799 16.50344 0.0 23.47186 25.228 33.3332 28.23319 16.95092 25.73513 34.86349 0.01593 14.61281 7.84604 19.89103 28.30138 12.12413 18.96931 33.80613 22.78472 9.44363 21.40982 37.55524 13.91622 25.98934 36.56669 9.55891 27.20034 8.1851 18.25425 33.66307 35.18616 15.90799 31.38549 12.78554 19.19289 19.0254 28.28315 0.0 19.5096 0.0 37.40629 
1000.0 33.41156 12.67962 13.18733 0.0 35.13197 21.14517 35.29841 25.42411 35.68382 22.35261 29.23876 0.0 15.11732 28.78727 16.8803 24.14994 18.51608 11.40382 11.08279 0.03496 30.00096 27.72397 37.20991 34.24019 12.54315 15.78699 18.51594 30.60612 22.60712 21.84814 9.99884 31.34523 17.48315 16.12829 32.89649 17.38091 24.92502 19.05152 30.34126 25.57072 16.64438 20.29368 8.83395 11.10804 25.32365 12.15008 0.0 9.53355 0.0 11.59583 
1000.0 18.10802 22.78295 27.38831 0.0 34.92944 28.93635 11.90647 17.54942 22.0862 32.71311 37.60533 0.0 10.41659 18.07294 20.42456 24.56619 9.28227 26.60851 11.99942 0.02975 34.76198 29.20555 31.94823 33.47839 27.09694 11.99547 25.70029 7.9326 11.30449 15.85013 23.74101 23.2971 13.03915 29.00269 8.70217 36.78266 21.98628 36.8781 9.26594 13.38614 18.6816 14.06707 19.41848 15.25984 22.82594 19.95615 0.0 19.52691 0.0 32.15599 
1000.0 29.96361 8.23766 7.74957 0.0 31.80312 31.04979 15.97724 18.55309 10.01794 28.26104 21.26523 0.0 13.36945 15.90953 18.84826 30.28558 16.06185 35.1932 16.6868 0.01019 34.31158 20.62832 21.98835 19.01319 32.55544 33.14257 37.52096 19.77568 14.27264 27.96544 18.06464 19.62329 12.64844 25.11428 27.52902 29.92478 15.81815 32.91472 20.87665 34.25485 18.39797 11.07141 15.05197 26.14388 18.27754 24.90222 0.0 13.04726 0.0 10.49737 
1000.0 17.029 8.94857 20.0362 0.0 20.76923 14.85931 22.63553 19.05511 37.01234 22.64966 7.62115 0.0 33.09014 22.63658 26.36548 30.09673 18.5349 17.33749 34.42943 0.03269 33.67964 19.48487 18.87857 15.36375 32.0653 14.26383 22.02145 10.18403 21.8467 33.05042 36.03175 35.03132 31.89596 28.54585 37.6867 36.92328 19.44898 16.02961 15.21161 37.7049 17.14296 34.50133 29.00493 37.36985 24.92183 35.83557 0.0 20.99614 0.0 27.47733 
1000.0 17.52375 27.22143 9.85912 0.0 33.84105 28.10387 24.75022 11.76033 33.68232 32.72259 37.89919 0.0 30.58143 19.51155 21.02282 16.41905 23.96439 34.63116 37.87573 0.01246 16.88902 14.79119 32.69243 33.78292 16.18624 23.07412 31.55379 8.20548 26.62754 22.55231 34.95079 30.03757 28.91696 34.01479 34.01751 8.85046 10.48307 17.03795 15.98295 29.49441 26.25482 12.37919 10.13701 37.05312 23.90436 32.38237 0.0 17.88865 0.0 32.147 
1000.0 18.48825 22.49834 31.84218 0.0 22.01803 31.07497 31.76605 29.42197 30.95689 36.42152 23.83479 0.0 13.15824 8.91646 26.94456 13.52245 14.3511 32.08223 19.65407 0.04043 28.16975 12.94742 13.00021 19.94862 21.08734 26.10124 15.89045 19.48568 30.01303 31.76197 31.55546 23.14463 12.24638 22.0458 21.90055 15.33915 31.35801 35.89142 26.56543 12.23134 12.91873 29.8612 20.55955 22.93148 32.12669 18.31092 0.0 14.60923 0.0 10.42408 
1000.0 7.83438 17.51573 22.47459 0.0 23.3851 28.44791 30.58562 26.95483 17.5266 23.31717 37.82962 0.0 19.68394 29.79207 20.39061 7.67885 36.80441 34.94174 26.38164 0.02388 35.82897 16.5347 14.16719 33.15418 11.15341 32.00161 31.63432 37.41578 11.52676 22.31037 9.25927 23.72886 36.93143 22.54519 33.62464 20.41652 35.06453 17.65721 35.59535 30.96364 35.05755 8.5143 7.79048 14.36737 28.05249 33.72858 0.0 8.83411 0.0 29.83809 
1000.0 26.19144 21.53929 26.84631 0.0 14.89913 23.1018 12.91662 12.05398 12.28571 36.08544 15.3392 0.0 9.72892 28.23959 28.01574 11.4715 12.53353 16.89596 23.20717 0.01555 10.93858 28.48223 8.89191 8.72921 35.30295 33.14768 24.85934 29.44584 12.54215 24.76934 30.53332 24.91265 21.39614 15.87631 20.33154 23.74191 10.86479 13.47088 12.96124 17.1205 15.17378 34.7554 23.95556 30.83793 10.22346 22.26694 0.0 17.85037 0.0 27.00891 
1000.0 28.2844 33.4153 26.14802 0.0 34.92627 11.1826 12.51759 32.82063 14.82402 24.58783 31.21028 0.0 28.95032 15.72377 11.94042 23.30456 25.39228 37.20714 36.08227 0.01227 17.61738 33.51348 32.41467 37.62509 32.11402 36.22531 20.21838 13.84642 11.2198 35.92554 25.68308 25.54054 32.70879 20.07389 35.61853 20.86168 8.21731 9.63322 25.29273 24.32318 12.64646 29.95838 18.09185 10.72867 18.01138 28.33155 0.0 18.41039 0.0 15.49598 
1000.0 12.93655 25.1375 16.64032 0.0 19.91851 26.51211 35.7139 31.86813 8.35873 25.14332 15.49715 0.0 17.23443 26.60336 35.94421 13.24998 7.61792 28.39412 21.96252 0.01853 29.30545 37.56072 13.45267 28.89099 13.22195 14.02848 10.14111 10.11365 17.21978 16.49899 7.94377 37.22689 24.01836 9.3784 36.17697 25.35978 20.21423 18.0785 15.90308 28.68283 32.18379 27.3227 11.91462 10.48515 20.29638 22.51516 0.0 29.80942 0.0 36.61121 
1000.0 23.28203 18.05702 15.57309 0.0 35.68352 10.74793 13.58558 20.99896 34.88189 15.19192 16.09304 0.0 22.01306 34.20719 12.10509 18.08422 21.49286 16.22817 8.15811 0.04197 20.29823 27.26712 21.82673 15.4602 9.97278 24.18266 34.1623 19.09962 28.8098 22.36071 14.43646 30.81256 23.94118 30.55348 16.09107 7.89689 33.02262 15.14966 9.73382 18.80781 7.7466 30.89839 18.06614 28.69919 15.3552 10.46072 0.0 22.01164 0.0 37.8811 
1000.0 26.32152 24.55232 14.0125 0.0 31.02284 19.51179 11.27234 27.0499 20.19638 30.72949 17.59482 0.0 23.43234 14.41829 26.55038 16.71858 20.01915 8.0587 28.83442 0.01345 16.38091 10.14019 21.78107 15.24521 26.87029 18.40265 28.69365 31.48481 27.4772 29.44398 35.61452 31.75428 27.08814 15.25721 13.2323 7.80912 33.363 15.68896 29.10102 12.76144 34.56222 34.22716 14.77236 27.90451 29.42807 33.23476 0.0 27.18622 0.0 36.95005 
1000.0 10.6915 21.64633 36.72527 0.0 18.40672 32.42034 16.07553 25.61959 21.19167 31.19892 31.31759 0.0 9.44742 26.01615 25.30927 10.04625 35.60073 20.51351 37.8155 0.04122 37.62506 26.79326 28.28913 16.08612 26.00993 22.8592 14.74273 9.77599 13.93405 11.93938 31.57091 17.43275 30.78764 31.6078 34.45956 35.23945 27.83041 32.36116 14.98016 23.66708 18.40307 24.36767 37.06993 21.18944 37.72988 36.16269 0.0 18.28634 0.0 24.89976 
1000.0 0.0 0.0 0.0 20.47344 0.0 0.0 0.0 0.0 0.0 0.0 0.0 14.99258 0.0 0.0 0.0 0.0 0.0 0.0 0.0 0.0 0.0 0.0 0.0 0.0 0.0 0.0 0.0 0.0 0.0 0.0 0.0 0.0 0.0 0.0 0.0 0.0 0.0 0.0 0.0 0.0 0.0 0.0 0.0 0.0 0.0 0.0 26.29522 0.0 19.89908 0.0 
1000.0 31.69096 7.58837 7.83869 0.0 10.1391 12.14216 27.0733 12.13339 32.57056 15.43724 27.13454 0.0 32.2562 37.57187 33.92243 31.99444 12.23817 24.7997 17.91355 0.03883 18.08358 21.46597 31.85904 12.91937 7.61486 37.61476 21.2856 22.5122 20.53066 12.18578 13.6258 36.91384 21.02104 17.45858 29.60834 35.22276 35.19406 25.59185 30.99599 18.68826 36.95942 15.09017 27.37906 15.28867 23.9281 20.54322 0.0 37.7868 0.0 12.21369 
1000.0 0.0 0.0 0.0 29.3579 0.0 0.0 0.0 0.0 0.0 0.0 0.0 8.10976 0.0 0.0 0.0 0.0 0.0 0.0 0.0 0.0 0.0 0.0 0.0 0.0 0.0 0.0 0.0 0.0 0.0 0.0 0.0 0.0 0.0 0.0 0.0 0.0 0.0 0.0 0.0 0.0 0.0 0.0 0.0 0.0 0.0 0.0 22.34036 0.0 9.48419 0.0 
1000.0 9.27145 12.82159 9.64218 0.0 18.88985 14.53595 27.07689 10.17121 31.44804 28.94781 19.42019 0.0 24.18618 15.31284 25.8337 22.37392 24.66346 36.71844 14.65613 0.03553 36.0642 11.31167 36.69586 34.78099 24.72916 30.42771 15.15368 20.33796 18.2313 20.04805 33.42831 29.55201 27.38897 18.29593 11.69198 17.71341 36.93901 22.15227 8.22006 11.63209 16.86436 23.36089 10.41275 9.03105 32.05804 31.90044 0.0 20.30391 0.0 29.57944 
