1000.0 1000.0 1000.0 1000.0 1000.0 1000.0 1000.0 1000.0 1000.0 1000.0 1000.0 1000.0 1000.0 1000.0 1000.0 1000.0 1000.0 1000.0 1000.0 1000.0 1000.0 1000.0 1000.0 1000.0 1000.0 1000.0 1000.0 1000.0 1000.0 1000.0 1000.0 1000.0 1000.0 1000.0 1000.0 1000.0 1000.0 1000.0 1000.0 1000.0 1000.0 1000.0 1000.0 1000.0 1000.0 1000.0 1000.0 1000.0 1000.0 1000.0 1000.0 
1000.0 14.65881 20.30821 40.36191 0.0 31.49633 15.26225 11.28921 24.97832 33.36302 39.6294 13.93086 0.0 40.00877 25.46134 14.98398 34.46959 27.41357 17.29651 32.96554 0.02183 17.33316 22.20739 30.45809 33.69682 37.25483 20.94291 20.11489 15.35766 28.53548 9.41941 25.50312 13.98499 27.33472 36.8887 22.05885 18.28295 24.19649 32.98306 31.35548 23.89862 27.00516 29.00535 43.66725 29.88121 26.01014 16.83997 0.0 36.75222 0.0 33.79806 
1000.0 40.83422 28.51799 37.7864 0.0 25.69411 8.94962 40.30853 34.21841 29.72855 32.46495 20.45733 0.0 23.34706 40.58135 35.45544 44.17197 39.86895 38.47016 15.70363 0.04439 34.80092 34.58339 24.67996 12.87243 18.90452 19.9934 42.2564 11.86548 15.53008 20.96304 22.29268 44.1339 42.28415 34.32513 36.85391 23.09588 34.40774 12.62058 25.63107 12.57696 34.12312 23.15087 13.26828 31.2601 28.57068 16.83764 0.0 37.78589 0.0 12.19803 
1000.0 41.39328 18.69514 39.49688 0.0 37.93263 14.5454 9.97284 20.82593 43.86533 17.2324 14.32019 0.0 41.10235 15.66939 44.19501 31.83689 18.84927 30.35276 10.08546 0.02985 42.13531 25.90545 31.70648 41.13918 42.21357 29.95676 42.08593 18.8602 26.57084 19.75852 40.03587 41.97788 42.38081 19.75876 43.50722 10.03053 19.484 40.8991 38.56236 36.48532 20.02469 40.31266 35.81284 10.87187 18.53767 37.86946 0.0 22.51378 0.0 30.40389 
1000.0 0.0 0.0 0.0 13.01402 0.0 0.0 0.0 0.0 0.0 0.0 0.0 17.95639 0.0 0.0 0.0 0.0 0.0 0.0 0.0 0.0 0.0 0.0 0.0 0.0 0.0 0.0 0.0 0.0 0.0 0.0 0.0 0.0 0.0 0.0 0.0 0.0 0.0 0.0 0.0 0.0 0.0 0.0 0.0 0.0 0.0 0.0 23.36326 0.0 12.52265 0.0 
1000.0 29.09625 12.47039 38.79813 0.0 42.01663 43.37914 29.88406 17.02236 33.21908 15.57403 41.19575 0.0 33.96784 38.14816 15.45202 34.59343 22.27948 30.00069 21.28818 0.04595 21.14213 29.37878 21.96988 39.37407 13.1462 32.99885 31.80154 41.13146 27.37503 11.30664 30.01593 19.77261 22.98204 38.51147 33.39696 17.84265 28.45964 29.50839 25.73929 15.09043 14.89764 31.52654 41.43325 10.71274 33.37537 38.88368 0.0 38.77087 0.0 22.03867 
1000.0 28.15804 12.44873 32.69365 0.0 22.7817 30.80203 35.32973 29.99875 9.93169 26.25071 40.48658 0.0 20.9291 33.82471 38.67085 22.51146 20.69249 23.08451 39.38674 0.01846 15.14254 42.02318 21.09279 15.13255 27.3368 15.99738 10.08997 25.35515 22.5884 40.45835 17.78735 41.29982 29.93687 29.49001 14.34691 30.82056 44.22828 15.981 11.81736 36.19045 15.08453 20.89125 16.19932 34.73005 36.73801 14.70054 0.0 11.32963 0.0 12.63624 
1000.0 26.82911 32.77684 36.62603 0.0 25.49711 9.34333 41.57074 22.2722 11.19001 9.40467 16.01622 0.0 40.368 12.39757 37.82164 32.26902 39.37392 23.7221 27.43476 0.0414 33.40175 39.44053 26.72109 17.87866 39.44728 29.99286 24.48438 39.52699 31.96881 31.82353 37.83784 11.36105 35.58615 37.50348 40.62391 20.80365 11.8553 13.75411 40.62834 40.09011 37.12006 21.94479 19.64214 36.26111 36.70195 37.73664 0.0 17.29307 0.0 16.93467 
1000.0 43.63054 27.42611 13.37702 0.0 13.44667 25.39649 23.6596 27.91682 15.03696 43.04362 26.36572 0.0 12.41473 28.52756 31.52974 41.97409 33.55466 19.9535 18.66383 0.03441 23.03982 31.24584 36.55904 42.02571 31.5851 11.61003 35.68818 36.71872 12.38084 27.72187 17.09427 14.46566 37.69776 40.7662 21.39271 19.24842 41.727 13.82453 31.64488 34.87443 27.70803 42.94148 31.8675 24.62665 19.1811 41.41696 0.0 42.66461 0.0 13.94899 
1000.0 27.98434 22.89933 9.70652 0.0 22.64849 37.03384 34.68897 13.45465 39.24135 20.51586 16.51239 0.0 40.79058 42.66499 18.68252 29.46494 43.46774 10.73918 43.25013 0.02509 38.30178 33.17776 21.49264 20.52282 27.6538 14.5233 39.80554 13.75535 42.61914 11.53516 10.03458 36.73851 39.69531 20.83745 9.99111 25.18646 16.80856 19.41128 17.51445 24.96908 13.01013 31.78221 30.51549 35.22616 13.80736 42.3934 0.0 24.57499 0.0 10.11581 
1000.0 20.41766 26.62395 28.32603 0.0 33.20563 40.10018 27.84166 19.07105 26.98741 34.61607 20.25475 0.0 33.61902 9.17782 16.38866 28.77554 14.99198 18.13814 17.28446 0.02442 15.05669 22.68022 16.68148 14.57742 18.43725 25.39048 31.53729 38.105 9.17334 19.02307 43.97898 22.02998 26.04179 14.72563 41.44254 16.78189 12.19156 38.36754 32.75118 15.99309 17.90804 25.23389 19.15675 15.99761 19.63053 33.09201 0.0 23.15951 0.0 11.39926 
1000.0 15.12985 19.77037 22.91761 0.0 13.18618 32.14059 15.24472 43.05327 26.71909 19.92129 41.37853 0.0 9.1351 40.16743 33.56849 14.10255 16.19401 26.33123 25.89739 0.03391 19.44118 19.93708 39.55654 10.0098 27.55519 15.27976 15.53025 21.9689 28.15522 42.17628 40.42576 30.11337 14.39072 43.38244 40.53118 42.89212 15.89506 14.21979 40.16832 17.73059 30.42285 17.1189 30.8905 43.85977 28.08435 33.81385 0.0 32.68341 0.0 43.09297 
1000.0 0.0 0.0 0.0 39.18943 0.0 0.0 0.0 0.0 0.0 0.0 0.0 17.79603 0.0 0.0 0.0 0.0 0.0 0.0 0.0 0.0 0.0 0.0 0.0 0.0 0.0 0.0 0.0 0.0 0.0 0.0 0.0 0.0 0.0 0.0 0.0 0.0 0.0 0.0 0.0 0.0 0.0 0.0 0.0 0.0 0.0 0.0 23.5996 0.0 30.85352 0.0 
1000.0 29.72727 38.36213 41.33395 0.0 30.16365 43.16532 27.39495 34.2836 11.10913 30.23232 19.63301 0.0 41.94421 22.74657 23.6163 20.35487 12.24222 43.96011 35.07729 0.01961 32.7624 35.60976 15.77639 35.23939 31.08826 35.65782 17.98158 36.45695 32.24622 20.5166 14.56366 28.34686 19.76796 39.02009 18.60375 15.77613 31.27804 9.33772 21.10959 33.81832 23.83228 39.23355 38.07193 22.65972 24.36729 34.95283 0.0 39.4622 0.0 16.19049 
1000.0 39.70727 30.76941 9.0719 0.0 37.46397 18.17643 18.06688 35.80489 37.92974 14.51076 9.05254 0.0 30.10776 43.41216 20.49001 25.54269 40.59983 14.03829 13.3128 0.02309 41.9441 39.22391 33.41529 36.70754 27.72744 20.88151 39.66974 42.21102 30.10461 33.14386 8.94074 41.6356 24.02944 10.47993 35.45686 29.46167 13.40633 23.66007 13.26631 11.43672 34.35437 10.31404 36.20647 43.67335 19.88351 29.11958 0.0 17.9365 0.0 35.73804 
1000.0 16.01971 34.64299 28.87665 0.0 22.95189 42.32015 36.19901 30.98937 28.53406 40.37118 11.3225 0.0 9.45556 25.29191 20.31255 9.63755 29.25789 42.42201 10.95887 0.03503 11.39488 20.21301 29.81861 23.88309 13.31846 11.67644 22.48411 13.99085 38.90122 44.14809 31.05037 18.1376 39.7124 19.57541 35.49552 33.57648 14.03534 23.35838 35.25855 15.02454 20.8901 32.47418 17.1283 15.03852 42.65171 32.89945 0.0 16.84615 0.0 42.76784 
1000.0 38.40673 43.66162 38.04872 0.0 11.91397 16.72951 38.00311 28.62678 30.62889 22.27905 20.56174 0.0 39.20375 17.62385 37.69256 23.92278 19.55253 37.81228 39.80238 0.04394 39.18512 30.33834 17.95462 28.14691 9.55032 31.61255 9.46106 11.02007 12.3389 9.30474 41.55265 33.82005 23.78739 13.78851 32.59324 18.68946 37.46215 10.46776 32.41847 35.14791 14.19432 14.41918 41.95442 24.72936 9.82155 22.88881 0.0 30.25861 0.0 27.14852 
1000.0 18.70498 20.63689 35.97367 0.0 38.57392 41.31808 38.95837 9.19029 36.05077 14.59894 30.78528 0.0 32.29192 19.69156 10.72254 25.7428 43.28889 24.34442 41.47166 0.04645 43.4577 39.76774 15.43801 24.56434 11.84192 32.95515 33.39856 30.09252 19.90038 29.14822 29.17487 11.17564 37.51208 14.93591 9.46068 13.81222 42.8227 13.308 10.10819 35.76164 10.48514 16.18952 39.13997 34.78961 43.08908 20.35243 0.0 41.2397 0.0 35.49352 
1000.0 33.12897 35.84664 12.26238 0.0 44.1248 9.8422 23.09457 41.85192 12.83065 9.97597 40.6025 0.0 44.09279 28.60074 27.70997 21.1946 27.40051 18.39179 44.25588 0.036 15.1193 35.69008 13.69883 33.65773 42.64159 29.01953 39.04163 12.20087 11.59766 22.52544 32.18859 25.09065 22.66592 14.53927 9.39179 30.13632 17.72285 18.42804 43.09954 9.93044 35.23741 10.64111 39.60991 21.4553 19.71427 35.83017 0.0 12.48164 0.0 21.97045 
1000.0 20.66656 18.25643 8.92245 0.0 22.81121 32.56576 27.22659 38.21899 15.76441 10.79743 43.59613 0.0 13.65338 34.29894 18.28382 42.05313 11.38467 20.15677 13.86327 0.03513 31.08518 24.92687 18.16358 21.22927 14.65644 9.46914 17.00655 40.08009 11.28299 20.37699 43.60071 11.54707 21.61798 23.29943 11.82487 24.08139 17.06421 24.64357 15.69303 18.14385 27.83931 32.08463 29.55551 14.70216 17.50991 25.11609 0.0 22.15597 0.0 17.97836 
1000.0 0.15824 0.09167 0.10164 0.0 0.08413 0.17556 0.13853 0.06489 0.04991 0.13555 0.15599 0.0 0.1484 0.07057 0.11766 0.05226 0.07173 0.15993 0.12812 36.34974 0.16188 0.11564 0.05804 0.10718 0.07818 0.13309 0.15998 0.15667 0.17879 0.10472 0.18538 0.06311 0.0988 0.07329 0.18502 0.11072 0.18788 0.16022 0.06245 0.09429 0.07997 0.11681 0.16388 0.05859 0.11222 0.07875 0.0 0.13064 0.0 0.0845 
1000.0 15.14227 39.6877 27.34375 0.0 42.29586 16.51243 39.75025 31.98571 15.75026 39.34182 38.22163 0.0 9.52982 27.5121 30.31112 22.95641 41.73691 18.83435 27.0451 0.04345 19.12928 27.58188 25.44947 34.69723 10.00392 25.0436 34.83112 42.96593 18.14359 17.26584 23.93092 15.24514 18.07463 20.64861 38.03883 11.75451 11.24926 25.67121 21.53176 17.53785 27.5872 15.2468 42.74986 26.85596 30.61908 34.13901 0.0 29.17208 0.0 42.59152 
1000.0 27.27266 38.88522 31.21615 0.0 15.33017 22.04806 33.65709 27.62742 28.88351 17.5271 16.55384 0.0 11.50943 29.94323 15.10645 28.6698 35.25242 11.72996 24.03412 0.02714 12.14878 15.81441 19.68379 16.96721 12.59894 44.20118 38.75237 34.36795 38.93283 14.45999 38.69803 34.75809 32.58469 27.14983 33.26207 35.73884 24.75916 33.37466 32.0169 16.44414 29.33456 16.66454 14.91304 11.47001 41.17577 23.05464 0.0 35.56894 0.0 38.2793 
1000.0 13.32745 38.68678 42.10465 0.0 17.49373 9.27893 27.42114 33.77595 28.07724 13.53027 32.37661 0.0 34.62109 15.68489 29.34347 29.3872 34.48671 14.39327 41.54716 0.04548 43.58483 44.14516 10.6276 10.36852 26.85344 36.24343 21.5532 16.91379 43.10472 12.8582 25.96903 34.18383 37.41293 18.57149 40.5353 20.74388 25.2529 38.15827 28.12092 24.90587 19.8096 13.04414 30.87701 40.54089 38.34419 32.98589 0.0 28.61478 0.0 42.49848 
1000.0 15.63022 13.58909 39.06092 0.0 23.09127 32.63863 40.40021 29.61228 21.93932 13.525 12.32132 0.0 41.39061 15.72175 26.63282 35.24604 17.57046 30.14069 37.30597 0.01154 31.44222 42.04111 26.57117 14.23 15.32646 32.0841 11.95009 23.25612 30.27637 18.98005 31.25034 40.33782 24.81579 13.37459 32.28978 17.09811 22.22841 20.08262 35.01546 43.97988 30.18051 28.32806 23.44806 11.69498 21.24969 26.18777 0.0 37.29657 0.0 22.76745 
1000.0 25.15055 14.87448 34.31429 0.0 30.18182 18.38368 19.90664 25.65247 33.40487 22.58034 25.16962 0.0 16.37963 23.66527 37.62209 37.3648 18.47012 19.1699 20.18563 0.04176 9.55748 40.67756 39.75179 41.69843 39.33852 29.61692 34.9155 17.52247 10.20623 37.42753 17.97154 13.50232 21.45521 31.12724 16.20153 25.50839 28.87305 34.14341 40.43641 13.24477 42.90699 12.41143 14.9833 37.63905 33.82525 16.64639 0.0 10.43103 0.0 36.90817 
1000.0 31.25205 22.83961 37.91264 0.0 22.78076 9.1383 37.7418 20.67451 35.61341 41.76263 37.10402 0.0 41.27756 14.4218 30.66321 10.18899 9.9455 35.46019 20.96079 0.02993 21.06125 40.83218 29.9168 20.63801 24.65919 13.00466 25.84108 29.24829 25.77388 28.09661 24.08157 42.00316 29.48273 40.14812 31.11552 8.92867 39.18726 12.52062 19.6986 20.09563 10.98513 18.21494 10.46655 32.84531 42.8344 23.94791 0.0 41.97161 0.0 21.48606 
1000.0 17.90899 20.0084 26.39124 0.0 20.69545 37.79699 19.45523 28.63213 9.09447 35.29311 33.39717 0.0 10.71271 18.95826 14.98517 10.96652 21.07066 25.99965 12.26454 0.04547 20.59097 35.35417 21.32052 21.84939 31.04443 42.76786 34.54282 30.89408 14.39928 9.42284 35.01657 34.56667 23.4871 16.51342 14.64899 11.10736 26.75007 10.31941 12.12593 31.283 24.51751 9.16048 40.72331 39.67626 24.8821 24.28795 0.0 21.40258 0.0 12.34326 
1000.0 11.25543 14.62306 36.11577 0.0 42.56781 34.71881 25.09184 43.29767 25.80678 13.66976 28.16831 0.0 30.60939 14.63864 44.29493 9.54643 37.21948 32.70701 23.78078 0.03652 37.6396 9.05024 27.96605 20.69535 23.50816 39.81982 13.94182 34.76185 17.84811 42.20705 25.81952 30.60821 9.262 19.52641 28.0939 32.35347 15.16497 14.22476 43.03619 17.66321 36.94949 39.01166 40.74061 20.06598 21.35877 32.95384 0.0 16.01087 0.0 41.41316 
1000.0 29.79622 16.10208 20.12322 0.0 10.29102 21.7556 12.1255 38.87634 16.14084 27.89908 30.02735 0.0 34.62019 42.64201 39.5221 10.62967 41.18414 26.70452 35.53359 0.04232 33.87144 36.19196 21.90526 30.93065 13.62834 21.39554 43.13678 14.49932 13.09712 20.24811 21.22227 11.65331 19.44934 18.77998 42.40446 8.88354 29.47894 27.44992 32.96043 21.87742 23.60794 42.71699 36.414 21.88795 37.42091 14.43555 0.0 19.52709 0.0 25.69864 
1000.0 12.79217 18.81741 18.05978 0.0 31.12827 43.80783 30.93225 33.51392 16.38516 17.23568 38.29869 0.0 13.63975 38.13843 32.53982 18.69606 18.61566 43.44193 12.81979 0.01027 35.81557 9.65847 10.24026 30.47992 10.94932 33.11326 43.20187 23.58557 8.90968 24.13157 29.5892 30.61239 44.21575 24.15122 12.3698 13.46523 10.33139 35.97484 38.65434 18.66124 31.9803 16.36099 37.27561 19.43936 39.87594 32.77171 0.0 41.96481 0.0 32.0353 
1000.0 35.07836 41.5103 20.50386 0.0 42.76289 20.35999 37.24452 34.57349 17.64192 13.77087 31.85081 0.0 40.33082 8.9008 37.66925 30.08283 25.25463 29.58685 32.802 0.0246 22.58215 40.73635 43.69036 20.74856 19.74056 13.56034 25.21329 16.62268 8.99456 32.26896 43.32703 20.61899 21.43365 13.91932 22.15353 26.5041 22.783 38.81952 27.06558 34.91566 35.9197 42.26969 22.37619 26.90992 16.85697 34.82882 0.0 19.24911 0.0 41.07284 
1000.0 20.2524 26.94777 41.55538 0.0 36.3395 29.23514 34.81129 37.29305 16.55454 16.66265 22.58797 0.0 31.1059 39.89249 18.9703 36.14293 27.74668 36.18684 13.57868 0.04669 28.32926 43.20442 42.60823 24.83633 12.69799 14.28208 17.32742 25.84226 39.76719 36.49724 42.8803 23.27297 14.45134 34.46127 40.75819 21.27443 30.26296 21.17585 40.48873 43.67605 42.41515 16.16507 11.76478 11.35298 26.16791 37.99779 0.0 23.07396 0.0 31.64962 
1000.0 16.65829 34.72817 24.33976 0.0 34.0452 37.66006 28.17205 9.35681 41.26559 35.45273 38.2569 0.0 23.09306 43.18144 11.24911 35.74204 16.04249 10.16879 17.72159 0.03974 9.07333 20.44072 16.18464 11.4057 43.49422 41.84313 30.54142 16.96062 22.36407 26.54052 16.00423 39.04707 42.61759 13.0992 29.40713 17.4269 19.93593 29.14238 35.0371 34.31857 29.17419 13.80756 9.6443 33.91618 40.31587 12.38439 0.0 23.9146 0.0 31.00481 
1000.0 10.90758 25.49187 16.3428 0.0 30.70446 12.9965 43.80354 41.86491 34.40161 25.9636 29.51403 0.0 31.99268 40.43677 30.69053 40.47287 23.20311 31.26698 9.78211 0.04558 37.15017 15.82892 19.34586 18.66077 20.72024 38.93625 27.40172 30.02846 12.90184 36.73364 40.69731 37.35095 21.4131 15.91234 40.87694 31.79238 33.29332 19.86807 36.44438 37.18393 15.18999 15.46393 31.92206 10.00802 11.87954 21.80026 0.0 43.05846 0.0 43.06766 
1000.0 43.85541 21.39484 32.96335 0.0 20.7771 32.28509 10.35652 18.0305 18.91954 41.20132 30.70568 0.0 28.28103 37.01587 35.32102 31.84195 39.65447 30.31393 25.89827 0.02485 13.75594 30.47535 37.77654 35.79295 16.27971 29.62519 35.99646 21.92609 42.86608 28.04866 27.11109 21.57654 34.10432 19.92599 9.82617 24.18177 40.69926 18.54237 18.37038 13.41521 27.81952 19.88694 13.86163 22.55099 19.98893 22.06036 0.0 15.09148 0.0 20.37144 
1000.0 14.44245 33.18365 35.47846 0.0 34.86885 13.06394 28.02997 37.05963 10.6796 29.62322 27.55121 0.0 29.29765 25.08498 26.94393 44.03159 15.96759 43.92237 21.37163 0.01428 33.93512 34.19837 21.99039 11.35881 17.72551 19.35404 36.01253 30.30368 26.51317 12.94009 40.3385 28.62984 44.17358 33.75011 40.8584 32.94885 43.34215 11.01756 37.85912 25.53794 37.52585 27.17299 23.66678 39.9606 29.48363 14.23795 0.0 39.20918 0.0 13.31679 
1000.0 23.04037 22.38083 21.73985 0.0 37.97931 40.63309 28.9787 37.75267 29.69387 39.88334 20.2866 0.0 31.71373 27.22953 31.12863 16.81818 18.58594 32.37883 18.4265 0.03341 22.06116 34.58364 39.22062 28.0147 13.44603 40.13621 28.96137 16.48207 26.6333 17.45013 43.49135 32.31164 17.0282 19.3198 13.64639 21.31795 36.43191 11.49118 21.04264 40.26401 26.74222 17.6576 24.35935 40.02532 27.37141 23.97049 0.0 25.37309 0.0 11.5147 
1000.0 32.71547 23.18524 36.11564 0.0 20.62723 13.63194 30.29284 29.47772 42.98583 28.99314 42.65856 0.0 22.95843 34.96818 23.99734 41.22476 13.53029 33.29987 39.94809 0.01918 26.15648 27.30084 12.13702 35.5033 39.53144 22.658 33.16902 8.94495 26.58553 36.27665 38.14322 43.87307 36.10116 39.35492 27.6966 16.63336 23.51258 19.86017 29.74822 44.12619 33.33101 13.59906 23.55518 42.83844 42.93699 28.23721 0.0 23.77165 0.0 34.50333 
1000.0 18.01144 27.22632 14.23526 0.0 16.46628 40.39419 34.7057 18.80726 17.27008 35.8626 34.35257 0.0 24.64058 41.1091 24.77071 42.40444 41.07514 43.25304 38.48442 0.01643 41.33794 26.98418 35.84083 17.68292 28.48563 15.24308 22.40655 10.73928 29.96178 30.31443 12.85862 19.93432 39.73261 26.0492 30.30558 8.99226 38.69864 11.4813 34.4168 15.28254 29.66481 20.98844 30.75471 38.8262 25.65952 22.53233 0.0 34.93609 0.0 39.7573 
1000.0 12.43398 19.80521 9.33237 0.0 34.41173 30.58048 37.15992 37.47619 17.75248 10.72399 20.62868 0.0 32.00498 27.31781 25.48017 32.38047 33.95231 24.4728 16.11237 0.03181 14.65093 42.58728 22.34538 12.55322 40.95959 27.27348 9.15028 34.63982 27.77821 41.04692 39.42527 19.64969 9.03159 37.80892 27.63581 11.18775 17.71318 18.9232 34.17678 29.94834 12.85869 40.75421 44.32022 15.11215 27.57909 42.36882 0.0 17.38573 0.0 34.1308 
1000.0 30.21246 25.14903 39.86845 0.0 35.26811 35.71058 43.42518 8.88445 38.136 42.98255 19.95142 0.0 25.27474 32.83541 23.52411 41.51324 39.03729 38.27962 9.44266 0.02637 39.31158 31.04851 37.64072 22.61754 41.35895 28.57658 28.12326 12.30916 11.13918 28.28796 21.13172 36.37526 10.70305 38.02661 32.4498 9.53821 16.8121 21.45966 20.4784 17.36893 38.51101 25.53191 20.65537 28.13801 25.61826 11.03411 0.0 36.43679 0.0 22.56223 
1000.0 30.15713 42.59241 38.51689 0.0 14.58886 35.21664 20.00966 39.68714 17.97084 23.4954 11.07206 0.0 42.03511 17.60791 34.91683 22.21697 33.70029 26.09926 41.17782 0.01561 25.86928 41.30193 26.22286 18.90788 18.63441 35.77541 13.67842 43.44725 28.28533 34.14183 19.66617 18.93576 9.39924 10.66933 13.45536 36.84254 32.2225 13.26663 35.15552 16.92773 10.53812 42.58994 12.66641 10.1606 39.53884 38.191 0.0 34.12912 0.0 16.88786 
1000.0 18.25737 35.84165 17.08218 0.0 34.4829 27.9724 30.49348 35.0951 19.20663 36.73154 28.09917 0.0 16.73938 30.13172 10.05549 41.4438 24.94592 22.09448 22.06532 0.04107 27.63344 16.33769 10.10667 35.533 29.37369 28.02278 39.24928 37.16621 8.90075 27.78148 22.97498 11.96144 41.10813 31.11147 39.13966 36.12319 14.10911 11.32652 9.23079 16.45907 35.34897 43.50455 28.62526 21.4995 35.58348 26.65626 0.0 39.09569 0.0 19.71592 
1000.0 33.58787 19.65476 28.56467 0.0 36.11468 25.16805 42.88737 32.10832 13.96643 39.39135 38.26427 0.0 42.56536 26.85257 26.51491 12.84858 33.83843 24.39557 40.10671 0.03935 38.53114 32.14943 15.36406 20.63744 17.45095 17.52065 27.33624 25.12331 37.0551 14.31453 44.01082 41.08065 38.08665 26.49374 23.02781 18.09521 20.67435 44.29837 24.32124 40.08014 35.36531 29.38004 33.05651 25.55208 41.52881 26.59478 0.0 20.76212 0.0 23.73987 
1000.0 35.48063 13.10822 19.10211 0.0 23.44617 43.41432 10.27268 35.96442 14.73706 19.29293 31.68959 0.0 20.40855 19.1403 21.52539 16.9081 38.40422 21.45863 24.82907 0.03787 29.17611 42.86742 42.85232 14.68672 29.30051 27.9007 34.17181 41.6567 12.10581 35.00946 23.42901 43.60951 27.93804 32.27329 43.6744 25.23307 34.20378 43.16835 43.23111 9.01731 23.68165 10.98159 10.21936 40.7384 14.81493 40.93947 0.0 12.24882 0.0 35.64117 
1000.0 25.75346 34.71319 12.94245 0.0 34.82986 12.52502 35.95558 19.45634 12.21775 14.94297 30.56377 0.0 22.42674 40.26805 11.66777 30.38365 42.09811 10.68274 25.56846 0.02888 28.28352 9.29778 20.13678 43.99317 12.88182 25.01964 43.95247 40.33794 12.39535 42.41618 16.43779 11.55575 36.80168 42.6712 28.05258 23.73769 37.72469 33.80666 16.09146 23.36155 15.39239 31.03393 23.30877 18.67818 11.75602 35.57403 0.0 22.33461 0.0 24.04235 
1000.0 0.0 0.0 0.0 30.73953 0.0 0.0 0.0 0.0 0.0 0.0 0.0 25.03228 0.0 0.0 0.0 0.0 0.0 0.0 0.0 0.0 0.0 0.0 0.0 0.0 0.0 0.0 0.0 0.0 0.0 0.0 0.0 0.0 0.0 0.0 0.0 0.0 0.0 0.0 0.0 0.0 0.0 0.0 0.0 0.0 0.0 0.0 26.47281 0.0 37.2614 0.0 
1000.0 11.62226 24.35301 41.95686 0.0 35.08176 40.17923 18.70686 35.31055 21.3623 19.87847 25.95067 0.0 20.27993 22.78544 29.82623 29.58723 16.06854 13.47689 28.81689 0.0197 23.05031 15.66055 43.74704 34.9267 35.6665 41.64231 38.92784 24.23639 12.75167 27.0468 16.89942 29.7682 8.92552 29.4665 11.37406 33.3801 23.89835 31.09004 19.60748 9.85058 11.83401 35.93929 42.15633 37.71318 34.37625 33.62459 0.0 29.804 0.0 27.77393 
1000.0 0.0 0.0 0.0 10.06572 0.0 0.0 0.0 0.0 0.0 0.0 0.0 20.54743 0.0 0.0 0.0 0.0 0.0 0.0 0.0 0.0 0.0 0.0 0.0 0.0 0.0 0.0 0.0 0.0 0.0 0.0 0.0 0.0 0.0 0.0 0.0 0.0 0.0 0.0 0.0 0.0 0.0 0.0 0.0 0.0 0.0 0.0 19.99069 0.0 17.09423 0.0 
1000.0 11.54595 22.17226 28.57103 0.0 39.02322 21.85895 20.28569 43.28748 43.43263 15.91408 28.56109 0.0 21.48222 35.9787 22.41835 39.75651 22.57974 39.53701 23.60165 0.01705 12.83845 30.29512 26.9711 30.85535 18.63806 19.21155 30.50772 20.98692 21.25713 21.31958 34.4486 27.22517 11.82538 42.71313 19.40921 14.9131 25.41495 31.70952 34.37559 17.11772 14.07314 33.62182 9.38104 17.08289 35.21167 30.5158 0.0 28.52662 0.0 19.907 
