1000.0 1000.0 1000.0 1000.0 1000.0 1000.0 1000.0 1000.0 1000.0 1000.0 1000.0 1000.0 1000.0 1000.0 1000.0 1000.0 1000.0 1000.0 1000.0 1000.0 1000.0 1000.0 1000.0 1000.0 1000.0 1000.0 1000.0 1000.0 1000.0 1000.0 1000.0 1000.0 1000.0 1000.0 1000.0 1000.0 1000.0 1000.0 1000.0 1000.0 1000.0 1000.0 1000.0 1000.0 1000.0 1000.0 1000.0 1000.0 1000.0 1000.0 1000.0 
1000.0 9.08415 20.3993 21.12492 0.0 8.46017 29.44751 33.52613 8.72023 30.46242 11.0008 12.92853 0.0 34.05867 32.58971 15.53854 10.32611 17.50013 16.54339 19.77309 0.03786 29.08591 18.33322 22.4521 7.50535 31.06744 12.82415 12.09437 16.73088 27.6055 9.20014 12.81405 32.40344 27.98673 25.29797 18.95141 30.11497 29.37181 29.55837 9.38302 27.34452 27.58615 19.47328 11.65583 14.86393 26.41695 31.04047 0.0 32.45613 0.0 31.983 
1000.0 34.34767 27.72733 26.06328 0.0 26.78469 26.4515 10.31532 27.2635 13.23149 10.69292 10.51281 0.0 30.93426 14.5295 17.25408 34.54877 20.21783 15.84693 13.84334 0.03749 7.61293 11.34193 27.79713 11.54703 25.17687 23.99798 10.74466 28.30745 18.41554 21.94523 7.07556 28.50615 13.88232 16.85349 13.41426 17.18 23.44319 31.95013 17.5868 29.42038 28.12356 20.03485 20.20909 33.51565 35.24975 26.60319 0.0 25.40528 0.0 15.96013 
1000.0 26.15109 28.93319 13.67088 0.0 21.97868 11.84374 23.00366 23.88584 28.4317 30.11905 16.45379 0.0 30.75352 22.57026 25.01738 14.21657 20.79244 24.43303 9.6638 0.01443 32.88645 11.78611 30.96468 12.76212 16.94723 19.24521 34.9445 22.73247 30.22959 28.24849 23.26559 30.78589 26.50776 28.84062 7.15235 34.0634 18.78345 8.55718 25.60212 25.77794 21.26938 13.79955 19.42874 8.83561 26.74005 30.99566 0.0 31.02716 0.0 8.15519 
1000.0 0.0 0.0 0.0 31.40701 0.0 0.0 0.0 0.0 0.0 0.0 0.0 34.21597 0.0 0.0 0.0 0.0 0.0 0.0 0.0 0.0 0.0 0.0 0.0 0.0 0.0 0.0 0.0 0.0 0.0 0.0 0.0 0.0 0.0 0.0 0.0 0.0 0.0 0.0 0.0 0.0 0.0 0.0 0.0 0.0 0.0 0.0 18.98074 0.0 32.49305 0.0 
1000.0 23.79571 22.59285 22.18948 0.0 14.85793 31.52839 18.21301 24.06614 8.60989 17.21421 16.73408 0.0 31.86252 14.80375 25.34155 12.98981 13.44443 25.12422 19.51005 0.02623 7.72256 22.176 21.6278 18.90626 10.92463 13.91529 24.12213 18.01748 15.26652 31.44871 33.73851 11.16611 17.99659 31.75837 26.27318 7.94329 33.1071 27.48957 12.54712 34.93828 23.23885 34.87526 12.59917 7.33571 8.73395 19.02682 0.0 26.63684 0.0 18.63586 
1000.0 32.91355 12.54895 34.73698 0.0 22.91412 29.48424 29.092 33.23543 19.50932 34.81494 29.37616 0.0 18.56216 9.55892 21.85422 33.82336 21.09171 14.98264 27.53293 0.015 33.70439 31.76212 16.07152 15.63062 19.50455 22.63196 14.25414 31.10878 27.29426 32.44239 14.14998 12.44103 14.94621 25.95066 31.52534 32.41213 7.09934 26.40921 10.61434 34.53952 11.04113 20.39873 29.27463 15.37058 14.05193 20.82226 0.0 23.35796 0.0 21.99363 
1000.0 29.31764 17.81729 14.39789 0.0 12.77534 31.19776 17.45556 10.55806 22.27333 20.85655 32.03792 0.0 10.62248 10.52824 34.59837 31.28371 32.18994 33.66879 20.47893 0.02214 32.07227 32.54297 8.96958 34.93008 31.58609 25.23167 12.25484 20.13415 14.17493 20.84194 26.69427 18.43124 34.06752 17.08697 29.62626 22.7299 16.84287 30.66482 34.97942 34.1341 29.35954 34.88697 15.68474 28.04582 33.11178 21.7515 0.0 30.73108 0.0 12.32178 
1000.0 18.81202 24.10776 19.31793 0.0 28.4224 29.17718 12.84196 23.01196 17.40806 8.66047 13.70215 0.0 13.49011 16.86002 30.26441 20.99949 7.6246 27.66865 17.05246 0.02587 29.77508 21.86088 24.95169 14.04978 10.09263 27.36612 18.53867 19.08881 11.54746 33.12514 16.81448 33.37032 28.58277 21.47218 23.44403 31.06108 9.61672 23.66957 23.00724 31.00623 23.53422 25.05049 11.05906 33.74108 22.5957 28.69796 0.0 32.14826 0.0 7.6459 
1000.0 32.36209 15.13948 32.75635 0.0 14.3245 21.30814 24.73193 29.20768 19.18286 19.07471 19.20823 0.0 27.56991 8.51686 10.72839 19.63784 15.80032 18.51904 25.88993 0.01941 27.36614 17.20967 14.6489 23.08066 15.26038 15.33412 22.13932 10.27482 21.06933 31.65155 21.18064 7.40105 31.35282 12.9638 19.70215 34.0579 8.6732 25.03452 18.67673 18.08573 26.07043 33.63249 10.8386 28.88968 19.58221 32.60626 0.0 25.1 0.0 24.25797 
1000.0 20.58512 18.60223 22.7238 0.0 34.18952 15.8801 27.80939 9.77745 30.18981 11.59852 17.73666 0.0 34.10609 10.08363 33.13788 7.99529 17.38953 29.85152 14.30161 0.04091 7.1451 14.88031 16.80667 9.22762 31.0972 25.65329 34.00503 11.22441 17.67812 12.29558 23.58043 23.77969 16.1738 7.84379 29.05401 18.13534 28.29467 18.70252 9.02909 30.14891 22.4362 34.5915 22.05098 29.30934 31.29293 30.27741 0.0 17.68729 0.0 26.767 
1000.0 8.97096 34.80721 14.64176 0.0 13.95008 9.64719 8.28954 18.25143 9.72208 22.13168 26.96744 0.0 14.45817 12.8709 18.21189 14.79314 24.06268 15.57222 28.53079 0.03084 12.87616 28.8229 8.62526 24.66194 29.07967 9.51159 27.21139 17.04055 9.06936 24.87175 28.02791 26.52489 22.73377 32.11333 23.49054 34.47114 33.00703 24.77789 23.39261 24.2827 32.7972 27.68257 27.30697 31.41781 20.8457 34.68915 0.0 30.96728 0.0 30.16924 
1000.0 0.0 0.0 0.0 11.39898 0.0 0.0 0.0 0.0 0.0 0.0 0.0 11.39585 0.0 0.0 0.0 0.0 0.0 0.0 0.0 0.0 0.0 0.0 0.0 0.0 0.0 0.0 0.0 0.0 0.0 0.0 0.0 0.0 0.0 0.0 0.0 0.0 0.0 0.0 0.0 0.0 0.0 0.0 0.0 0.0 0.0 0.0 18.90069 0.0 19.42515 0.0 
1000.0 26.19065 31.96052 28.3907 0.0 28.99776 22.36167 15.30298 26.68945 34.56334 17.32372 14.81679 0.0 32.55995 15.00771 29.93652 7.90927 26.90346 22.14146 18.90903 0.03014 30.89651 18.99044 14.66516 32.7849 25.83177 19.0461 26.72403 21.43728 25.65489 32.63881 7.5607 24.61037 15.10951 17.79069 32.12599 16.88267 10.1057 10.88983 14.49029 20.99397 26.61918 21.08637 22.76586 14.93071 16.59442 12.8342 0.0 12.18687 0.0 11.56552 
1000.0 8.24503 33.08992 14.41142 0.0 12.96142 34.53547 29.37698 9.48469 19.66287 15.59388 28.07583 0.0 26.61607 33.33863 12.5325 8.54007 13.73992 20.87919 20.92711 0.01996 16.265 19.77688 20.28902 16.90926 34.13475 10.89596 12.99317 15.17214 29.47059 8.00195 19.89247 27.16883 8.63415 27.59123 10.8034 14.18485 19.37351 34.67278 27.31403 21.63753 35.25768 21.16093 20.29729 9.6491 9.97529 31.43414 0.0 9.84524 0.0 19.73504 
1000.0 22.88333 35.29798 28.30384 0.0 18.60044 16.21369 15.50261 28.38627 7.82866 32.95201 11.60516 0.0 29.20797 28.06748 20.6931 10.3529 9.16181 33.11823 8.11972 0.00976 11.85873 23.16828 11.80677 33.32395 30.68374 18.35767 20.20702 32.25769 29.76151 20.05471 21.31014 28.19132 13.9486 28.60478 23.31807 7.93039 8.43325 22.21177 32.74189 29.25437 16.63874 9.30639 13.45244 29.20617 20.262 23.36683 0.0 7.33362 0.0 31.9555 
1000.0 26.9005 15.89227 25.3277 0.0 26.35214 11.25036 20.40534 18.14821 26.65771 33.3673 29.37332 0.0 34.10439 13.91469 28.17844 9.92724 25.10633 11.66629 11.75217 0.02071 30.16515 16.02838 29.1519 8.36364 18.96447 31.61381 31.17168 32.33255 14.87994 10.9405 32.9158 26.70721 23.22441 13.38694 29.26619 28.69191 19.08284 15.68342 23.19105 8.1019 20.01874 32.46542 31.78575 19.65525 17.22314 27.12809 0.0 29.40883 0.0 19.00424 
1000.0 10.13803 18.07882 34.16949 0.0 21.75935 25.62087 23.5654 22.01899 32.09313 30.71616 12.84455 0.0 21.9 21.32273 23.55463 33.71004 21.14861 7.58718 7.42489 0.02848 14.31263 9.25472 33.94806 11.49824 10.67777 16.62043 28.16031 35.00607 13.04856 9.8367 32.78359 14.53936 11.12836 30.60677 16.83057 19.78333 24.9577 13.10593 27.70464 10.84078 17.33368 15.19558 23.80689 7.29966 27.7662 33.80797 0.0 28.44143 0.0 7.33677 
1000.0 18.59486 14.18019 18.15132 0.0 26.43817 33.30723 23.38724 22.5629 18.27272 7.56977 16.91259 0.0 23.20297 10.00858 19.76844 12.21336 34.95521 33.09529 29.64112 0.03994 12.53246 11.24592 16.69944 17.7389 19.14174 24.33053 22.06589 23.68415 23.88133 7.34195 20.39242 32.92097 7.84621 28.11113 23.96129 10.23413 24.56909 28.99655 13.42411 18.68356 30.68926 7.90271 25.28289 18.01976 29.70498 26.38931 0.0 21.64752 0.0 24.39717 
1000.0 34.61965 15.05652 18.65938 0.0 17.43509 10.74559 28.16781 9.32729 10.67819 17.33472 28.38984 0.0 15.4318 18.67096 16.36172 13.09071 23.48161 15.45877 29.42406 0.02149 29.86869 9.65137 28.06717 31.76819 26.59851 29.00783 9.79425 27.42955 30.03651 27.12633 9.31435 22.95393 27.65157 26.90594 7.58146 8.13245 25.88367 21.93985 30.46659 34.23052 26.40305 28.19453 22.87994 17.59073 24.5867 30.7037 0.0 22.99382 0.0 24.11739 
1000.0 0.14369 0.0885 0.11399 0.0 0.05966 0.05293 0.14009 0.1426 0.11272 0.09231 0.08682 0.0 0.15431 0.10169 0.09397 0.14893 0.13541 0.09875 0.06082 13.3499 0.07625 0.11897 0.07076 0.11271 0.1383 0.14059 0.12765 0.09252 0.07276 0.14544 0.15843 0.06081 0.16582 0.09827 0.11415 0.08508 0.15487 0.03965 0.09231 0.13122 0.1675 0.14396 0.15145 0.13146 0.09541 0.05161 0.0 0.12811 0.0 0.12951 
1000.0 22.46079 17.40213 35.2427 0.0 34.86666 25.00635 28.22151 17.77075 18.11892 15.02007 26.30414 0.0 27.11189 13.35042 13.79612 27.92327 31.24668 25.06266 17.44302 0.03074 25.3798 17.42083 25.28945 8.37663 25.45346 28.40498 13.57313 11.078 11.90304 20.61298 32.91717 20.91841 19.22562 13.58878 30.569 14.83957 11.1834 20.94806 29.01016 34.18077 20.87025 7.45979 25.30148 31.08584 34.41421 24.58179 0.0 10.49189 0.0 31.17646 
1000.0 10.99204 11.25495 28.85635 0.0 9.91284 33.87064 22.41238 28.37266 32.97829 22.92845 7.70581 0.0 12.72013 32.78876 20.60734 30.85451 20.7917 21.4699 22.21902 0.01036 14.73284 25.9408 25.31488 19.47241 33.48531 8.93107 21.83862 9.90709 13.57122 10.4716 9.74343 21.93848 10.89547 32.79187 21.42101 24.29333 20.76967 32.61862 8.377 13.95051 17.55439 17.66126 17.80921 20.06123 15.68773 25.97107 0.0 11.59838 0.0 32.26447 
1000.0 23.72219 28.12789 28.12788 0.0 23.75646 28.22986 31.57294 23.82745 13.85978 30.31615 23.36861 0.0 19.56194 18.52725 12.93992 30.87251 10.38151 9.82804 15.84745 0.01938 32.09596 21.0479 26.88749 25.74481 35.12251 25.20387 9.16188 10.94263 32.98725 26.22123 21.02584 18.63095 31.0976 28.68266 10.73713 28.00789 23.6898 11.25508 17.66056 35.1686 19.47262 24.19367 8.58795 7.65339 27.97249 25.03074 0.0 23.89341 0.0 15.40946 
1000.0 26.70921 13.0448 23.01608 0.0 13.24578 32.06528 32.30051 7.67406 27.42032 16.28061 27.57872 0.0 28.23094 34.28502 25.11213 27.04384 9.48728 16.58511 19.86663 0.02315 8.1556 18.00197 31.75456 25.22879 17.58447 27.01632 22.25299 33.09512 9.13763 22.87051 14.21586 22.98992 7.81539 31.32561 14.66876 24.38946 28.2491 7.41744 8.07006 26.92779 8.48354 15.92164 24.98094 15.77421 7.43525 13.72328 0.0 35.1479 0.0 16.18147 
1000.0 26.42278 32.43322 34.0904 0.0 8.5157 27.67025 21.61783 12.39852 13.3948 14.55634 14.44594 0.0 21.85835 17.91143 16.72514 29.01111 24.99327 26.30969 23.22954 0.01406 9.62103 8.99393 12.23766 15.19262 15.17516 13.54672 30.59648 25.63977 20.50264 17.90077 24.58626 28.42961 27.34833 13.63837 25.15579 21.54719 22.15582 8.24787 28.40354 24.04716 14.63481 24.4985 25.99226 35.19048 25.48586 16.57824 0.0 30.19528 0.0 29.35924 
1000.0 31.02277 17.68395 24.78804 0.0 23.33982 30.66311 31.15761 34.51892 9.4879 24.40783 19.73892 0.0 13.31209 28.58965 31.9292 22.55089 11.91304 29.47738 10.5124 0.03348 8.32745 10.44264 23.31796 34.37345 20.55074 24.85621 28.80911 31.22959 15.39156 31.18728 16.36891 17.5306 9.88664 19.534 29.37764 15.72652 14.6893 18.85 33.56289 23.2347 12.11183 18.50398 14.28716 9.31801 9.76469 24.42299 0.0 31.45885 0.0 20.07014 
1000.0 12.74238 29.39996 35.28463 0.0 34.08774 30.69487 33.61673 22.60294 13.28778 11.96859 19.12878 0.0 23.81234 32.21598 23.34747 9.59424 26.48788 11.13368 31.65196 0.04163 25.77064 34.1187 22.39738 21.78717 18.05922 7.47754 30.3604 19.95582 21.88759 15.41519 34.81544 16.1447 35.09514 17.7068 12.39816 30.10079 28.88991 10.95899 16.18306 23.09544 27.36632 23.07119 24.33455 26.61851 25.41607 15.8253 0.0 25.24782 0.0 8.10144 
1000.0 21.79685 19.99168 11.28545 0.0 13.37699 20.1639 19.69569 8.07668 30.66845 9.60959 25.17462 0.0 24.22712 10.723 7.7377 20.32385 21.01602 34.60545 23.67806 0.03825 26.99878 28.79268 29.11028 30.00924 9.71624 23.42367 27.82566 16.24704 17.7996 30.50737 25.3536 31.11634 10.7217 16.57555 22.13242 25.82701 14.18373 33.35286 25.48903 32.63843 22.79745 23.48518 15.41801 18.26165 23.02853 20.28674 0.0 9.3476 0.0 17.97035 
1000.0 33.88515 25.42181 19.93583 0.0 14.25552 34.69713 34.03117 25.77798 31.95253 23.56716 23.60059 0.0 16.43275 8.38514 25.33163 13.08264 13.95133 27.20997 9.18495 0.01052 18.36279 25.82786 34.51219 21.50876 10.64988 10.47043 28.86601 22.29489 14.45965 12.59773 26.35039 10.74415 30.38592 12.00305 30.26387 15.1643 12.53555 10.04835 32.83706 33.21384 34.23514 19.46962 27.35157 27.42102 8.87001 26.39168 0.0 20.01891 0.0 16.45042 
1000.0 11.27664 17.67254 25.65548 0.0 17.53921 9.77581 10.67641 8.48799 31.26154 15.80415 18.93771 0.0 20.62897 20.84641 18.58429 28.37589 10.52337 20.89847 12.00827 0.02192 10.33607 30.48287 34.73804 7.16965 28.34692 19.16533 34.55818 32.10645 20.78471 17.1429 16.87801 29.55764 11.0108 28.92412 13.70606 13.42435 28.54095 20.98786 29.50073 26.95156 18.66296 10.6391 24.25822 27.05993 10.44968 21.49786 0.0 7.86768 0.0 31.39402 
1000.0 13.25952 19.0247 24.92898 0.0 27.28982 34.1656 16.73928 8.39649 25.31332 8.14378 33.22616 0.0 18.34931 26.0084 23.93549 27.41001 15.66882 21.67793 16.83489 0.03256 10.28486 15.47446 21.1875 12.06248 34.15133 21.24975 22.16261 15.39806 18.93916 7.31975 18.97758 21.23971 24.43788 13.80127 34.61775 26.71127 10.26349 26.56974 7.97362 10.03867 9.62757 29.04973 29.76346 18.33958 16.75226 30.30257 0.0 22.49592 0.0 17.30519 
1000.0 25.71472 9.49508 21.49381 0.0 27.98147 28.62021 10.1172 12.50815 21.32724 16.23499 27.1097 0.0 30.42552 32.88444 11.17177 15.17684 9.61242 14.36909 24.11446 0.02177 26.5443 35.12782 13.66829 29.11562 31.11312 32.52521 27.86746 15.22263 32.78633 21.11901 12.32106 34.71997 31.90393 12.46294 27.67309 26.4743 13.20513 32.70147 15.73474 7.16299 19.05087 25.26433 17.30641 19.00464 11.498 15.24558 0.0 19.43057 0.0 32.92266 
1000.0 21.13833 19.92356 25.44704 0.0 33.57127 19.53117 17.84294 21.11533 9.82774 7.14026 17.90912 0.0 20.54961 17.59523 15.45206 17.95982 14.52607 29.61463 18.24931 0.02063 12.17905 18.39804 7.43469 18.11193 31.06725 20.0231 29.04507 20.38083 17.19581 10.39305 16.01381 29.30729 19.99717 20.59728 11.17833 17.88579 18.31506 21.75246 9.66531 33.93456 25.20161 22.41362 27.23086 19.80804 7.77689 12.71747 0.0 15.92648 0.0 12.30379 
1000.0 8.67975 15.16372 23.348 0.0 15.53995 32.62085 29.93291 19.79104 33.55686 8.12112 28.94769 0.0 10.40671 7.65578 32.56828 11.06005 23.1699 22.23408 29.73538 0.03003 30.69721 34.12982 16.25983 13.54899 17.61504 11.38575 26.60242 33.69854 17.70924 12.95989 23.15688 27.13654 23.70332 25.67806 9.22069 22.21972 23.89471 30.49152 23.25599 31.13302 31.80498 16.55398 30.89376 33.14084 23.50326 20.12259 0.0 34.73307 0.0 30.26416 
1000.0 7.40672 7.83283 27.02352 0.0 8.03896 18.06528 27.46305 12.12017 17.18804 19.91094 33.61774 0.0 27.56636 8.27909 18.14894 27.68544 18.13302 10.67331 21.50749 0.0145 32.49039 18.88398 28.06187 24.94759 33.66483 15.44687 27.79352 10.3448 12.95257 8.3568 15.88509 33.25457 23.90092 8.69004 16.28698 8.9198 21.11072 21.02978 22.38473 24.76802 8.29868 24.6874 17.2967 26.64782 19.28115 9.83522 0.0 13.11822 0.0 19.99958 
1000.0 23.1034 7.11451 27.97468 0.0 32.23655 18.7357 9.14219 18.63723 26.06568 21.89054 31.61414 0.0 8.05758 10.65722 25.16603 10.1369 24.92447 26.69222 29.26092 0.03813 7.61118 9.76732 29.75469 21.79912 21.30439 25.0739 7.63277 32.96579 22.84097 15.84544 7.64633 27.57549 17.15869 20.77433 34.11921 7.2371 16.0964 27.19454 12.97176 12.74364 18.21457 10.72679 33.23318 17.66096 13.26494 10.35772 0.0 22.89415 0.0 13.99476 
1000.0 12.75478 12.64525 20.34639 0.0 10.81997 19.67838 21.8264 13.49839 20.78987 31.12308 10.19114 0.0 20.62048 13.22259 9.10893 25.46222 11.91118 23.39464 31.30112 0.02844 20.69726 31.58499 18.6719 27.64296 33.47527 28.72024 24.81863 33.58648 28.44654 14.47154 15.12802 33.85272 27.40713 25.79567 11.94054 33.73948 7.38725 18.65435 30.1503 7.62443 17.69575 19.41117 9.36381 28.60342 16.93261 22.77634 0.0 28.81042 0.0 18.69485 
1000.0 23.32986 25.62029 22.41902 0.0 7.14267 7.13778 18.32828 28.5131 24.68898 10.42472 24.69264 0.0 20.80632 11.54148 11.49369 26.03726 29.98115 18.06594 19.94962 0.01302 33.24432 29.99975 9.62509 22.65421 21.97966 24.30493 24.92573 15.8074 9.18818 25.06953 31.57883 7.11786 31.82341 18.55015 16.34177 28.44557 12.42287 27.89283 12.69197 32.43288 24.65719 8.40973 20.10671 25.26127 30.07901 24.6725 0.0 20.58669 0.0 23.70918 
1000.0 35.20838 16.2922 29.37386 0.0 23.84161 10.55167 11.71377 18.36538 31.42603 23.59841 19.19096 0.0 24.71391 22.28719 22.92618 23.24571 9.95668 26.46739 8.00314 0.01145 29.93139 8.95253 32.72585 28.10096 26.22989 29.0582 7.3776 7.11771 29.0597 8.31419 13.55028 13.54767 34.15632 19.85867 30.9907 20.58777 17.53905 13.6835 18.14183 34.12599 8.26214 16.20134 34.75229 9.73393 32.85463 33.98404 0.0 19.83941 0.0 27.088 
1000.0 20.85269 29.93869 7.32688 0.0 29.08671 27.24448 29.43356 32.78288 10.69099 27.48752 25.9151 0.0 28.51268 7.95989 34.37545 22.43917 24.69683 18.11333 34.18233 0.02308 12.22985 32.74912 11.76631 27.77723 16.71352 13.37116 13.72753 16.51824 24.42918 8.57485 33.34297 29.4445 16.34834 18.03898 34.93696 15.15364 29.9494 9.78968 27.50882 32.56812 14.30588 12.90896 26.56488 30.65967 12.16797 31.54165 0.0 24.92137 0.0 25.782 
1000.0 14.22389 32.96732 14.01549 0.0 20.38686 29.11803 14.98065 29.84938 27.79943 9.23803 18.61225 0.0 33.65665 18.35137 12.56584 26.11738 32.16873 18.69235 22.17612 0.02434 16.93993 29.44549 29.25138 18.57777 9.19316 26.0461 14.59292 25.93942 30.06038 11.43741 12.74598 35.26654 18.2193 17.19586 20.34324 35.13232 8.98995 28.73658 25.20293 18.44543 16.07018 31.3751 20.54235 32.43321 14.83664 15.52808 0.0 28.80754 0.0 31.78173 
1000.0 8.85197 9.23728 7.30354 0.0 18.37856 13.38218 12.10919 19.02608 28.78263 12.68187 35.25017 0.0 31.76836 23.55719 26.20961 17.87338 8.18026 17.59935 33.80222 0.0183 21.20904 32.12842 31.94187 16.81706 7.94089 14.60019 24.51222 20.9496 19.22049 18.22472 27.09737 28.02813 11.96007 24.7439 7.30315 19.41763 32.62808 19.29341 11.42384 27.82429 9.89054 16.00922 9.70793 16.65194 20.30765 29.66415 0.0 16.89963 0.0 18.75738 
1000.0 20.77589 32.98667 26.19188 0.0 21.80199 14.54736 23.30708 12.12231 21.27371 15.24279 22.33292 0.0 14.90172 15.50088 28.23402 30.27635 29.39813 22.09477 28.20194 0.03753 11.83927 33.66756 20.97338 14.34757 20.48988 16.33763 7.19304 19.63605 22.92758 18.19508 31.76633 17.27011 8.30024 33.57847 14.14231 33.97123 12.21467 8.58397 29.70814 27.96718 32.87834 9.81699 7.90641 7.3999 7.81926 35.01097 0.0 17.16746 0.0 22.30117 
1000.0 10.25578 18.18407 25.39559 0.0 25.81261 11.97584 21.90833 29.66375 24.32242 22.44048 11.04695 0.0 25.05621 12.69675 22.04337 13.94671 23.31996 14.23218 16.77669 0.0122 31.58824 14.44467 29.51501 21.78749 19.96227 25.32075 31.15375 20.38588 7.245 24.57296 31.55029 27.49332 22.80727 29.59375 12.76336 28.27241 20.14517 19.18119 9.89686 13.44232 29.13041 21.29222 26.85598 17.28075 35.29232 20.5507 0.0 22.72286 0.0 29.82485 
1000.0 14.47765 24.50122 26.75103 0.0 12.8652 10.68003 20.07207 25.63887 7.51308 30.7113 8.59738 0.0 23.08774 32.83999 14.53382 22.74539 15.9623 27.41595 29.8377 0.03919 31.04743 20.59264 21.77393 24.0415 33.71699 20.2026 14.82713 17.49163 21.85364 11.18741 24.91636 33.37657 21.40384 26.57134 8.32416 7.64292 21.76544 8.87044 30.79469 20.439 15.64761 27.83205 9.70996 12.74526 12.39995 28.20795 0.0 18.47141 0.0 9.43838 
1000.0 19.92175 30.84145 16.17303 0.0 30.91364 27.30831 24.9917 9.83432 28.62681 10.84245 22.97565 0.0 15.76531 17.56483 23.13367 14.4274 14.20754 18.80253 29.62934 0.02634 23.98023 21.11776 27.76268 19.82892 24.05146 28.70237 34.35262 13.12341 21.24434 17.50309 15.01129 30.34729 35.19086 22.83727 31.40271 10.81675 29.93267 26.88805 15.03457 17.68528 21.05648 27.66522 17.80648 29.53506 26.34356 25.06094 0.0 17.24821 0.0 9.30484 
1000.0 0.0 0.0 0.0 11.39728 0.0 0.0 0.0 0.0 0.0 0.0 0.0 21.93882 0.0 0.0 0.0 0.0 0.0 0.0 0.0 0.0 0.0 0.0 0.0 0.0 0.0 0.0 0.0 0.0 0.0 0.0 0.0 0.0 0.0 0.0 0.0 0.0 0.0 0.0 0.0 0.0 0.0 0.0 0.0 0.0 0.0 0.0 15.84003 0.0 15.68015 0.0 
1000.0 17.88461 8.50119 27.63967 0.0 9.57571 8.37114 18.0726 14.19953 34.48654 14.2784 11.01636 0.0 19.68352 21.35944 20.47937 14.03216 25.64118 18.03153 29.37459 0.04194 14.19335 33.369 9.30649 27.74789 16.79008 14.91858 30.68864 13.81676 11.95643 14.82549 20.86903 15.40406 13.62457 12.97329 13.65583 10.33943 35.28267 19.87586 11.58002 11.8356 24.64071 12.38192 22.72064 30.37763 19.25068 31.92512 0.0 21.35917 0.0 12.46625 
1000.0 0.0 0.0 0.0 12.05101 0.0 0.0 0.0 0.0 0.0 0.0 0.0 17.19133 0.0 0.0 0.0 0.0 0.0 0.0 0.0 0.0 0.0 0.0 0.0 0.0 0.0 0.0 0.0 0.0 0.0 0.0 0.0 0.0 0.0 0.0 0.0 0.0 0.0 0.0 0.0 0.0 0.0 0.0 0.0 0.0 0.0 0.0 33.41267 0.0 25.75179 0.0 
1000.0 16.94009 8.98888 15.07629 0.0 23.48808 33.86859 17.72566 19.33419 18.73214 14.07737 23.16365 0.0 23.28127 30.16129 26.8684 18.2132 19.87892 26.33717 29.3741 0.03503 29.50603 24.50904 12.42342 14.27304 27.96124 11.33608 19.84501 16.04092 7.75881 10.59755 20.503 12.16628 25.67572 21.54281 32.60977 10.1608 13.16204 25.81916 12.45385 8.93467 9.11428 22.945 11.60076 12.34404 19.39837 15.75999 0.0 11.3936 0.0 23.05846 
