1000.0 1000.0 1000.0 1000.0 1000.0 1000.0 1000.0 1000.0 1000.0 1000.0 1000.0 1000.0 1000.0 1000.0 1000.0 1000.0 1000.0 1000.0 1000.0 1000.0 1000.0 1000.0 1000.0 1000.0 1000.0 1000.0 1000.0 1000.0 1000.0 1000.0 1000.0 1000.0 1000.0 1000.0 1000.0 1000.0 1000.0 1000.0 1000.0 1000.0 1000.0 1000.0 1000.0 1000.0 1000.0 1000.0 1000.0 1000.0 1000.0 1000.0 1000.0 
1000.0 13.75809 10.36346 11.59977 0.0 11.87116 21.55121 23.53535 19.90452 30.45698 23.70594 31.9579 0.0 20.16549 12.33786 29.90227 8.23764 7.62368 10.21756 30.53737 0.00921 8.51035 29.77825 26.50917 31.72163 12.45282 14.5967 24.62188 18.06833 22.72135 10.3713 28.374 6.46791 17.31027 8.00046 28.71107 11.89714 9.98327 26.01977 7.65054 26.65235 21.36096 6.91092 12.19019 17.00271 11.33865 11.63767 0.0 6.52091 0.0 9.70462 
1000.0 22.53333 10.63077 27.49103 0.0 10.04164 29.8717 25.42099 25.59851 23.35031 6.91372 21.04708 0.0 12.6287 10.03007 28.43019 23.9579 14.54706 30.71403 9.20289 0.01104 27.8027 20.59815 31.38836 12.7849 15.3793 21.4404 10.56968 8.31865 13.40996 17.86298 15.67173 20.37353 9.48572 20.55735 31.80291 30.57142 9.09402 29.20461 11.89625 12.49308 7.59627 19.9255 7.78727 24.63114 17.53421 27.45782 0.0 10.81626 0.0 20.81076 
1000.0 12.37959 24.11204 11.87292 0.0 10.44172 27.12925 25.52324 29.48578 26.09695 22.49751 30.9227 0.0 17.01114 7.82543 17.02845 22.26445 9.84755 10.73903 8.58656 0.03314 27.45042 20.52092 29.89693 29.26367 17.39389 27.64383 27.1203 30.46902 15.95783 25.86636 8.35493 12.95101 17.83623 28.52478 14.2022 12.62681 15.70834 8.14024 22.35328 14.39563 18.80091 23.57697 24.63793 6.7384 32.00149 22.49925 0.0 27.1076 0.0 13.6213 
1000.0 0.0 0.0 0.0 18.00823 0.0 0.0 0.0 0.0 0.0 0.0 0.0 21.32304 0.0 0.0 0.0 0.0 0.0 0.0 0.0 0.0 0.0 0.0 0.0 0.0 0.0 0.0 0.0 0.0 0.0 0.0 0.0 0.0 0.0 0.0 0.0 0.0 0.0 0.0 0.0 0.0 0.0 0.0 0.0 0.0 0.0 0.0 11.43956 0.0 27.14031 0.0 
1000.0 11.86225 26.74642 10.57492 0.0 24.40451 9.75205 13.66661 26.05297 26.94204 19.50182 13.17482 0.0 20.35595 6.52515 13.24766 27.31506 26.76262 20.33744 24.79674 0.02583 17.26451 13.52014 7.5669 24.48794 10.78875 8.01159 14.67316 15.27828 9.0454 13.21099 20.2638 19.43571 28.99133 31.22006 15.75405 14.85122 28.57203 7.51588 9.65291 26.67626 13.51534 31.15812 31.82028 9.73398 12.53282 29.57934 0.0 16.13836 0.0 25.76882 
1000.0 26.5212 17.33606 6.98785 0.0 6.67957 24.20466 20.73599 30.27062 20.9503 29.09105 18.95342 0.0 15.4224 22.36007 21.01449 7.70715 12.43769 26.81533 20.23026 0.02773 11.13689 13.65687 13.1572 30.05664 20.35494 19.48463 12.347 23.76447 21.83544 11.71904 7.93537 17.14838 16.21754 21.93545 30.95129 31.71712 6.60598 20.46106 28.26201 7.47997 18.24986 31.50989 9.67659 7.60237 14.75177 23.21043 0.0 10.45485 0.0 15.50864 
1000.0 12.41195 10.17048 16.66169 0.0 14.38842 31.2812 21.45521 7.69337 30.36504 21.83514 9.15871 0.0 12.52408 8.72463 30.75624 28.77003 19.33155 21.15571 6.79244 0.0158 7.59631 16.87541 8.44402 8.83633 9.93786 23.34136 12.97719 27.74982 30.14852 25.7562 20.77097 31.10766 7.15869 13.80785 31.49187 26.40391 9.66955 20.37837 8.60056 26.08667 25.89654 13.6309 9.33734 23.49596 10.37568 19.3748 0.0 24.00463 0.0 11.4537 
1000.0 7.35978 22.00028 16.92947 0.0 11.54554 22.91604 16.86262 22.48257 20.84019 9.53488 20.56948 0.0 10.53585 28.61647 26.37206 15.80737 9.39918 29.81421 30.9172 0.03836 15.70486 7.24493 10.52165 31.0822 12.88159 8.62952 31.73174 20.2448 19.61545 16.8609 16.01324 26.08878 26.1769 14.6094 15.35544 9.66142 27.73814 17.4759 24.23033 25.88308 13.4337 6.87351 32.05322 13.22608 12.42184 10.84794 0.0 21.60386 0.0 17.82646 
1000.0 23.15839 14.55873 20.58673 0.0 20.72787 30.27656 15.49641 22.02681 13.42073 31.08336 14.18439 0.0 16.43483 22.03361 30.25217 9.96377 11.52948 32.1115 27.094 0.03133 30.48044 19.95818 12.58289 7.26202 7.59064 7.53888 21.5394 17.64854 24.22558 8.60364 18.81336 10.77733 9.31808 22.39816 28.56466 21.33891 18.05111 26.40044 28.9511 26.1312 11.59557 22.89763 26.419 24.59957 8.26826 24.53351 0.0 9.02537 0.0 9.137 
1000.0 12.22864 18.52404 22.85262 0.0 25.60537 11.40478 20.97524 27.47018 7.29702 16.00169 22.98704 0.0 20.18384 7.02593 30.35065 16.52752 6.81629 26.7655 19.85598 0.03731 18.11075 21.03172 17.4165 31.6958 20.0152 27.53045 7.98268 11.46273 24.13623 23.12257 13.68159 17.96625 23.56477 23.35093 20.51137 22.12263 29.47435 32.17612 12.38596 25.07198 30.16273 13.76492 23.28238 18.22638 8.77995 19.21128 0.0 7.03629 0.0 7.25245 
1000.0 18.28692 21.24289 16.85795 0.0 23.84295 8.73429 23.14118 7.2779 28.57672 23.59885 13.09479 0.0 18.8778 25.79889 17.16051 10.32965 11.66541 19.77955 17.19457 0.01454 31.61948 17.55572 8.93623 30.2576 23.02932 15.75366 21.99605 16.04017 12.71189 17.79757 31.83637 16.14768 20.85322 30.76625 20.32309 28.87481 22.25965 9.59553 28.90185 22.92401 27.9499 27.38333 20.56314 31.03994 23.43739 11.07481 0.0 22.46602 0.0 28.49198 
1000.0 0.0 0.0 0.0 11.21973 0.0 0.0 0.0 0.0 0.0 0.0 0.0 29.78302 0.0 0.0 0.0 0.0 0.0 0.0 0.0 0.0 0.0 0.0 0.0 0.0 0.0 0.0 0.0 0.0 0.0 0.0 0.0 0.0 0.0 0.0 0.0 0.0 0.0 0.0 0.0 0.0 0.0 0.0 0.0 0.0 0.0 0.0 25.60347 0.0 23.47918 0.0 
1000.0 26.26196 25.56641 24.29184 0.0 31.59332 14.37278 21.45504 20.52703 7.39219 29.41423 23.59079 0.0 25.84117 8.21347 21.83766 6.62493 26.35179 18.79295 18.61165 0.03333 16.04133 27.00055 9.4583 10.23389 9.33063 20.49544 20.39152 21.27955 31.40244 8.96276 12.69163 19.80738 27.76002 18.31945 7.15262 16.19401 10.10867 8.81665 27.29548 16.77531 22.01559 28.87575 16.4446 18.78364 25.72421 8.07132 0.0 30.52372 0.0 12.76773 
1000.0 17.03837 29.78196 14.3253 0.0 30.44568 29.28996 12.63126 11.45586 29.35145 9.60854 9.46225 0.0 23.46386 24.05118 19.63961 11.33762 21.02628 28.74127 12.44584 0.03064 16.31189 14.76555 26.97213 30.93791 28.91766 19.30877 13.28043 30.08957 18.3376 27.31274 15.94973 25.61015 32.10282 28.37139 31.65767 23.79241 17.15283 8.16015 20.56667 17.91283 12.01681 23.4966 6.74739 17.02909 11.62829 29.7041 0.0 29.90371 0.0 15.90863 
1000.0 19.23926 10.78305 22.30051 0.0 25.09242 6.64742 14.63813 16.5689 9.74841 14.31343 10.04946 0.0 28.534 27.62685 30.2368 31.26044 27.62761 15.35988 28.90127 0.02256 24.82849 26.60975 26.46088 16.01254 20.30066 12.25768 21.85407 20.73771 29.95564 22.09041 28.34444 8.66429 31.36306 12.67295 26.86639 16.60973 12.16437 14.3243 22.67769 9.34951 17.53781 9.19298 27.64118 16.65141 18.56304 25.0541 0.0 25.47548 0.0 14.99044 
1000.0 25.28051 18.88417 19.03369 0.0 10.6607 10.10744 8.98193 30.26972 6.96768 18.29991 23.93905 0.0 18.90273 7.29851 13.30032 7.39778 10.59134 27.30523 29.98948 0.01332 18.28529 6.65568 8.79065 7.79669 25.2323 8.14094 8.48789 25.65101 19.22587 16.14164 8.53534 19.48785 29.46731 27.37762 27.32718 6.83807 17.08778 21.58138 22.58265 29.43653 18.29535 28.48459 11.95897 21.719 19.74762 11.02384 0.0 25.96481 0.0 15.03336 
1000.0 25.22803 29.43473 15.67667 0.0 26.75303 13.80438 7.61028 32.18767 22.27176 24.22601 25.40784 0.0 15.7335 29.12568 18.60765 9.33111 15.67908 32.00053 18.52743 0.03866 18.51393 16.98403 29.9853 24.4582 26.25075 16.32565 12.02581 28.97945 24.1682 17.99641 8.29289 11.60314 22.30641 13.81335 25.53919 11.18228 25.77989 16.83975 21.73648 27.00317 6.53566 7.29676 28.35749 17.74489 21.37339 14.20426 0.0 23.64105 0.0 29.30721 
1000.0 20.96249 19.44226 19.79514 0.0 27.55524 9.24841 12.20738 21.31442 26.59415 26.47959 26.91856 0.0 30.15613 17.35494 29.3885 25.43881 17.39826 18.19358 31.42545 0.01283 29.23821 12.36475 29.95959 14.40679 22.03302 28.25468 26.18324 23.49386 22.83487 23.56465 23.02061 21.64629 27.42557 29.25508 21.83239 20.96459 16.92528 27.04605 20.99744 12.40685 9.44568 17.52154 29.18586 7.63746 8.88728 17.80704 0.0 22.07019 0.0 23.35253 
1000.0 17.24378 7.91115 31.52988 0.0 30.94691 32.04702 31.36883 8.25853 22.74025 6.84182 18.29946 0.0 29.14269 17.98896 28.83285 8.24387 31.40242 20.93848 18.03529 0.02833 8.29299 14.36568 18.96856 21.9601 7.62962 24.41997 25.10315 27.29559 8.49029 12.96887 18.54932 10.76695 29.34508 10.32135 26.51713 13.3312 16.02819 18.86661 17.17212 25.5607 21.81895 24.83896 9.99852 13.52861 10.72597 7.24732 0.0 20.05468 0.0 27.69766 
1000.0 0.0408 0.07844 0.13174 0.0 0.08484 0.09557 0.1033 0.15584 0.07868 0.12186 0.15718 0.0 0.08608 0.0657 0.03402 0.13 0.0986 0.09163 0.05933 26.73485 0.12718 0.08474 0.06065 0.09049 0.08946 0.11491 0.15435 0.15933 0.1577 0.03307 0.07305 0.05345 0.05105 0.14579 0.03233 0.12536 0.14194 0.05312 0.06998 0.03928 0.14317 0.11361 0.05784 0.1107 0.07667 0.03282 0.0 0.11689 0.0 0.06245 
1000.0 22.02324 16.08774 27.87253 0.0 10.35835 28.86547 11.50506 10.63325 10.26392 13.65922 12.35257 0.0 26.30119 30.5225 21.97128 7.81325 29.64875 29.18104 17.6515 0.03906 16.76359 24.96207 19.50895 17.93241 24.83482 17.29234 7.42433 10.57551 17.77532 7.56884 25.0644 26.71275 16.59804 13.71953 30.22857 23.75318 18.0292 14.54765 6.73604 12.92827 12.37805 25.22396 24.0346 26.7126 26.9803 7.5559 0.0 25.74849 0.0 7.85385 
1000.0 26.00029 23.39445 8.52365 0.0 23.71509 31.67387 31.19879 17.25739 22.8245 30.28791 26.01788 0.0 27.30149 10.16533 14.43361 9.29732 27.29423 9.93164 18.13085 0.03422 13.07708 19.53307 30.72806 30.74845 9.13167 30.55327 28.01373 21.46521 13.6624 17.36171 15.59547 9.17409 31.30832 16.78376 14.26753 24.09236 26.15584 9.53216 25.79578 27.9052 21.51118 21.22632 15.60257 19.87997 30.05423 31.14799 0.0 13.04586 0.0 30.7066 
1000.0 21.17904 9.10449 30.33503 0.0 6.62405 26.27047 26.11424 13.58649 32.16924 17.70236 24.26033 0.0 11.1706 11.92105 7.40958 24.60749 19.62244 24.0102 18.36794 0.03809 28.99275 16.61832 28.4837 23.35434 22.1574 18.82972 7.89485 26.55 32.10411 7.71408 15.61237 8.96042 8.77947 25.26858 24.61524 10.02731 12.02915 27.93549 12.06316 29.77546 27.74516 10.29526 6.60414 6.52774 21.02493 16.48472 0.0 9.70547 0.0 28.43463 
1000.0 31.28028 18.89643 17.16655 0.0 18.71058 25.52792 22.26777 11.73413 10.98612 25.63057 15.53123 0.0 8.29519 31.29898 30.17696 13.4882 22.44314 11.13969 7.65472 0.03199 29.70369 26.21074 14.27296 11.85935 11.91882 10.715 24.52806 12.29758 27.10376 18.2672 23.6713 16.15852 31.50218 27.08129 12.21138 11.03118 15.42162 14.74609 13.73027 17.56221 30.42693 21.27384 14.03505 29.6408 21.31584 27.82586 0.0 29.66341 0.0 14.11818 
1000.0 10.66038 15.0775 19.71376 0.0 14.77397 9.21381 6.71804 23.67746 18.75155 26.11179 21.54134 0.0 22.53659 8.10025 26.08449 15.6222 12.20149 12.60209 27.56219 0.00978 21.67347 17.70527 14.46247 8.70918 19.38282 25.56808 27.85807 10.4277 31.26999 16.53816 13.27407 24.64906 23.79069 14.70606 24.97988 16.26102 24.54523 22.8818 28.55306 19.1219 30.18606 10.86297 25.39998 19.50848 25.63981 22.0661 0.0 13.69972 0.0 12.29775 
1000.0 15.19775 17.74577 12.93094 0.0 31.00656 6.76135 23.80174 11.66253 21.41005 12.46534 8.5862 0.0 31.39238 28.9159 13.71592 6.79307 19.43171 13.28491 32.10014 0.0307 32.11878 7.44854 25.56587 24.66216 24.83197 6.63104 11.7299 15.04857 22.77509 27.10808 29.10261 22.19355 24.3634 11.64133 11.4672 11.23691 9.57293 8.7521 15.99505 7.82728 31.62915 20.08586 20.77492 28.85298 14.40481 14.14725 0.0 15.17218 0.0 23.98348 
1000.0 8.09281 7.46455 22.0625 0.0 17.81609 22.97666 8.8691 30.90335 20.39192 28.64607 29.78696 0.0 9.66388 9.6784 31.24975 11.84993 17.5653 25.59123 28.34506 0.00822 13.90548 8.46698 15.48475 9.71164 26.36536 7.68515 19.07772 24.43845 14.39994 15.03515 26.29962 15.57218 9.08405 30.82782 21.48145 24.17233 31.36262 21.34501 26.59196 15.29887 21.92778 10.57032 13.85973 25.77665 25.70998 25.43228 0.0 9.80312 0.0 8.41255 
1000.0 18.83663 12.25622 8.58933 0.0 29.86312 23.60076 17.4048 20.79818 14.93812 17.37479 25.5262 0.0 10.44645 24.31687 14.05748 20.74285 19.022 9.08008 10.45529 0.01152 27.69046 30.11817 7.46587 12.38913 11.39981 15.07546 12.43963 10.49254 14.07266 11.66281 25.17195 29.28926 15.57571 27.04723 21.05939 14.06981 10.32752 14.10422 13.28705 19.05747 23.3938 8.70154 24.94517 26.42973 7.79546 20.31352 0.0 20.63117 0.0 31.24777 
1000.0 20.07489 18.36966 18.03129 0.0 13.59513 13.46879 31.36716 26.84118 25.48039 22.93351 25.12937 0.0 19.64493 29.11743 31.33664 29.31203 22.85873 27.09238 17.9092 0.02167 19.10938 26.94913 20.30663 20.28343 30.88426 31.83924 19.0321 18.65874 15.69142 7.69107 31.67798 22.83665 19.47375 10.41239 26.25591 30.51021 21.07293 19.47405 28.05164 21.62419 18.22472 17.59682 20.76534 11.87497 24.17708 8.5484 0.0 13.68112 0.0 12.81525 
1000.0 7.06711 25.201 18.93231 0.0 14.12933 7.468 7.18808 25.65382 26.51439 22.19498 19.75102 0.0 12.38732 26.41732 29.59865 30.35552 12.77246 15.60014 6.47258 0.03284 29.55898 27.58355 27.06259 28.17494 25.70807 21.91063 24.81593 18.64443 11.15941 25.98305 19.0753 19.99251 26.43912 9.95029 6.91512 20.96248 9.81824 31.04526 31.20601 9.9451 13.69043 19.11007 14.42951 27.7308 31.88326 23.69025 0.0 20.1516 0.0 22.32363 
1000.0 19.03269 31.17223 9.55842 0.0 18.13063 29.99813 7.90453 29.52909 30.04532 28.54048 16.62501 0.0 9.12366 8.57172 22.8457 26.34506 9.36756 25.6534 14.57056 0.02997 16.26144 30.75445 11.24605 32.13131 27.22832 11.19811 25.66912 6.99199 8.40572 6.73017 14.27642 10.10681 17.30674 22.38696 18.90269 30.8528 17.63193 7.46549 28.23377 21.26603 31.98556 11.26059 19.09568 12.11757 15.47499 9.14966 0.0 23.6438 0.0 15.14528 
1000.0 18.96691 21.54229 17.53058 0.0 24.98022 10.77934 16.40601 20.30041 12.83172 26.69796 26.9806 0.0 12.56754 14.1823 22.74391 29.29365 26.61374 8.00553 10.91823 0.02017 11.07911 19.60936 12.03257 10.3811 9.91967 22.37508 17.3371 27.95081 26.51569 29.39216 16.56133 13.83642 7.88854 8.68998 24.84826 20.53055 23.73304 13.40105 21.93149 24.332 29.60891 7.48656 28.1995 17.90839 21.9049 27.80615 0.0 17.36379 0.0 21.88088 
1000.0 30.17904 26.09386 6.84709 0.0 9.19463 15.49289 11.41163 28.13189 10.02554 20.38176 24.79301 0.0 13.68156 21.25793 14.17252 25.16026 7.94977 19.01794 14.51616 0.03388 27.21035 25.44604 24.08471 22.3062 17.3843 30.2828 23.8157 31.45936 23.72604 10.28681 25.78812 20.96356 30.02718 12.91129 18.51792 17.51505 11.83487 16.98412 13.77008 18.85416 9.52156 18.3491 18.40155 30.65656 20.31172 11.99237 0.0 17.39904 0.0 11.40959 
1000.0 10.42004 29.9194 21.89453 0.0 19.39188 19.23425 23.0147 24.15536 18.41063 19.57406 15.75046 0.0 32.19 14.88881 16.59072 29.50188 11.00475 15.35353 31.33313 0.01578 24.31808 15.4546 30.43959 12.84525 6.97265 13.1392 24.54305 18.87974 24.20846 29.43502 15.43586 15.96225 16.55411 16.27247 9.08701 9.47506 11.63445 12.95802 29.52775 14.02245 19.91986 23.99967 20.08395 14.17925 21.22773 23.92445 0.0 12.37248 0.0 13.71917 
1000.0 29.05649 13.15335 31.96194 0.0 15.69623 28.06688 23.03153 20.96917 13.90189 15.9211 23.29352 0.0 16.52402 22.22333 11.03119 31.97497 8.72968 6.8367 28.12441 0.02176 8.20686 16.01566 19.05175 8.31341 19.59631 29.97597 10.29038 16.22426 7.35455 12.26072 27.16637 12.11774 31.82479 17.45241 18.71009 22.72385 10.27201 16.11283 17.52321 27.54679 7.65269 9.57105 30.05496 9.0408 22.5561 11.60797 0.0 12.83063 0.0 15.78934 
1000.0 27.617 7.53236 22.26082 0.0 8.30259 11.35133 29.48955 30.70736 16.54234 24.51859 25.23357 0.0 25.76129 26.44876 30.95322 11.92936 18.48225 22.15377 17.52078 0.03202 23.58205 27.00065 28.59943 19.02215 23.13596 24.2476 23.22563 18.76566 31.28398 27.5941 26.89025 19.73991 24.03015 23.04579 30.69176 22.96441 23.57923 9.89234 25.36102 15.92891 28.34565 23.29224 24.76016 27.80516 19.80302 28.82093 0.0 17.51812 0.0 25.86406 
1000.0 16.89275 27.9123 29.11597 0.0 11.41419 11.6008 8.50618 17.4123 16.88636 8.87319 16.58312 0.0 19.56344 11.03905 27.07643 25.94378 16.97706 14.82775 14.60917 0.0083 10.02558 10.11934 31.49214 20.41879 27.59416 14.02035 10.30134 28.9179 26.5134 11.53147 12.79253 11.29333 28.60726 14.9161 16.3359 12.77136 22.83075 15.53168 30.71309 24.46104 21.81159 30.62269 19.70495 17.42902 6.5673 6.48506 0.0 15.09555 0.0 11.522 
1000.0 29.98728 11.22804 28.1004 0.0 26.30165 14.12595 12.63488 27.95646 21.39284 16.62227 14.50071 0.0 20.30704 10.45046 15.20719 13.27963 12.23158 18.44862 31.38373 0.00942 9.73825 20.72675 15.57884 9.49169 25.4999 23.24625 15.94505 25.09992 12.53727 7.69034 19.28145 20.81813 14.47051 28.45865 28.62717 28.97967 13.73291 15.91915 30.25001 28.74175 20.05347 17.94492 13.39392 15.72951 23.76266 24.24232 0.0 23.1911 0.0 24.52789 
1000.0 21.85031 22.86552 26.17705 0.0 24.978 17.14575 17.32621 28.12494 22.15425 24.24929 8.14577 0.0 19.0115 12.33357 22.70732 14.55562 21.47223 23.8358 24.97878 0.03143 20.90853 30.50068 24.72927 25.61405 8.78572 24.78666 17.04604 16.06271 12.80007 22.76371 9.75635 25.28728 31.9974 12.74042 19.67201 25.23929 8.19574 24.83169 26.7422 10.26433 7.53104 30.07434 29.7669 22.47281 23.12439 16.94784 0.0 8.72708 0.0 25.35466 
1000.0 18.23797 24.4476 25.12792 0.0 7.10878 15.86971 15.56411 6.74362 31.15633 21.62739 10.11365 0.0 27.18871 7.15165 18.13539 21.52523 6.51519 11.53989 21.35738 0.01663 10.36366 22.46837 12.2226 21.1571 29.76965 31.49778 7.16628 20.57795 20.84805 26.34944 23.14698 9.66408 12.06371 15.9198 30.78724 12.35183 14.06846 9.31842 21.2905 14.24655 21.7557 30.24309 14.88755 25.17801 12.39753 9.50512 0.0 9.7229 0.0 22.3504 
1000.0 22.64713 27.42513 23.53592 0.0 21.10333 11.47846 27.83669 16.72654 11.76596 30.93872 22.37816 0.0 11.24209 13.31439 17.26569 14.51361 30.34876 8.35917 27.03751 0.01479 20.68625 22.54233 6.53215 13.77644 21.06675 13.29412 18.63466 25.03415 10.17582 14.06538 10.06226 30.11341 17.5104 23.32648 17.00695 18.87628 18.70354 9.59119 19.54003 6.96232 18.0334 28.22749 20.02064 29.82425 19.44903 8.46765 0.0 19.13723 0.0 7.80535 
1000.0 18.16258 9.63921 28.88321 0.0 13.62886 20.92191 22.49343 19.03849 17.00988 15.85822 14.83496 0.0 20.73489 30.47435 11.44747 16.19798 18.13143 27.30782 17.24754 0.02805 25.29488 8.4205 21.28327 28.35169 27.12199 18.47326 17.01943 31.23072 29.72642 27.63635 18.28731 14.87935 15.12231 25.87534 22.47083 18.96736 8.02683 12.10697 9.745 7.69305 10.2095 32.01992 22.60776 27.88767 21.15918 20.84257 0.0 17.37317 0.0 23.08686 
1000.0 17.29369 12.82549 7.27262 0.0 13.77503 20.30126 21.37687 9.41413 24.47105 25.7897 7.94523 0.0 18.53719 6.602 15.50937 12.63959 26.04836 15.87995 14.59366 0.02501 25.63173 28.71546 15.19683 9.1201 12.79844 22.92544 19.2678 11.88005 30.45722 17.38154 11.58025 9.42368 13.91186 9.543 30.467 30.55705 8.76855 13.02989 31.62607 10.56782 23.23816 16.21725 8.39847 19.00848 32.04385 13.22659 0.0 15.66838 0.0 12.24974 
1000.0 28.53411 13.40793 22.00547 0.0 19.96028 29.26215 16.69704 23.45502 29.93215 14.42062 14.8583 0.0 8.14287 7.89729 9.75388 27.23332 7.95964 19.46563 12.17063 0.01487 18.49564 6.6479 10.1738 23.88445 7.56443 19.40535 11.59992 16.51444 27.73995 11.67045 28.76884 14.21571 27.3282 15.54046 19.82135 31.73806 31.76826 17.31368 18.74768 17.52258 20.60192 7.91015 12.07477 10.4813 30.97543 32.03128 0.0 25.04268 0.0 28.53141 
1000.0 14.29072 20.1792 15.86979 0.0 6.55139 24.24399 12.42817 9.53149 10.71743 10.02281 21.51035 0.0 16.65941 16.10832 20.68216 7.05236 18.82368 20.77168 14.96604 0.01293 13.13516 14.72133 21.11008 15.03778 11.18489 8.47158 23.66124 20.06019 29.30792 28.61135 29.28416 25.10202 25.55187 21.86564 24.67598 14.90681 28.70617 22.7651 29.15282 9.37941 30.04893 15.49013 29.9129 25.50712 30.85177 29.6935 0.0 30.3327 0.0 20.76607 
1000.0 27.67336 11.61251 26.7857 0.0 30.32398 22.98167 20.39221 13.72466 20.36247 11.69441 30.75729 0.0 29.68261 16.06612 12.64158 13.44557 24.92098 10.33324 15.84077 0.00903 27.45458 21.22003 8.40656 13.06868 6.62812 11.23356 16.93772 7.78975 6.65327 23.23567 18.20386 7.01497 25.87283 13.54055 17.71523 19.91888 18.59443 30.75117 9.92591 18.22358 15.38107 20.32269 10.65129 10.58606 6.95998 30.96085 0.0 8.58412 0.0 28.51396 
1000.0 0.0 0.0 0.0 23.69475 0.0 0.0 0.0 0.0 0.0 0.0 0.0 26.98866 0.0 0.0 0.0 0.0 0.0 0.0 0.0 0.0 0.0 0.0 0.0 0.0 0.0 0.0 0.0 0.0 0.0 0.0 0.0 0.0 0.0 0.0 0.0 0.0 0.0 0.0 0.0 0.0 0.0 0.0 0.0 0.0 0.0 0.0 19.86476 0.0 10.97078 0.0 
1000.0 22.64312 20.7691 26.73152 0.0 29.10273 17.0812 27.37231 26.21149 23.82941 14.91022 30.68312 0.0 28.84038 28.22864 10.10131 27.43127 18.55181 15.28814 27.54645 0.02928 13.88957 17.13406 28.17863 12.34962 15.97622 13.05168 9.90731 29.63787 10.24039 6.79405 26.9516 28.34844 11.87661 20.18945 25.69623 28.69456 7.70248 10.36208 11.54334 10.73169 10.77366 28.56989 6.46763 23.68616 30.78559 22.0329 0.0 24.0441 0.0 25.50723 
1000.0 0.0 0.0 0.0 25.23647 0.0 0.0 0.0 0.0 0.0 0.0 0.0 30.03813 0.0 0.0 0.0 0.0 0.0 0.0 0.0 0.0 0.0 0.0 0.0 0.0 0.0 0.0 0.0 0.0 0.0 0.0 0.0 0.0 0.0 0.0 0.0 0.0 0.0 0.0 0.0 0.0 0.0 0.0 0.0 0.0 0.0 0.0 13.09703 0.0 26.382 0.0 
1000.0 13.19136 31.62267 19.83431 0.0 21.30299 15.97001 16.02786 17.82961 18.12529 9.21248 8.57764 0.0 15.33923 27.43232 25.5727 23.33775 7.27971 20.33368 15.27738 0.01523 28.89041 14.97959 14.50408 22.82626 29.99496 17.08483 31.9376 26.83382 22.50797 17.79999 15.96336 26.77953 19.10592 21.37694 31.67748 13.60664 16.46274 14.03602 18.21204 30.08591 22.97966 23.27059 26.73131 6.7063 12.29373 25.14489 0.0 30.39242 0.0 18.04502 
