1000.0 1000.0 1000.0 1000.0 1000.0 1000.0 1000.0 1000.0 1000.0 1000.0 1000.0 1000.0 1000.0 1000.0 1000.0 1000.0 1000.0 1000.0 1000.0 1000.0 1000.0 1000.0 1000.0 1000.0 1000.0 1000.0 1000.0 1000.0 1000.0 1000.0 1000.0 1000.0 1000.0 1000.0 1000.0 1000.0 1000.0 1000.0 1000.0 1000.0 1000.0 1000.0 1000.0 1000.0 1000.0 1000.0 1000.0 1000.0 1000.0 1000.0 1000.0 
1000.0 39.32084 26.74375 24.15548 0.0 27.4885 41.45605 44.05116 39.71542 35.99569 26.81602 42.39916 0.0 23.98261 44.65462 14.91241 17.94265 18.34328 11.54558 32.23745 0.0145 32.42507 30.58347 34.79467 36.77631 41.13479 36.44816 16.17958 34.88493 30.96056 41.54728 12.67096 21.90458 21.6707 24.62742 12.16644 36.87452 12.66951 38.46372 31.15155 26.11163 38.28319 29.92178 19.0183 31.00952 9.60634 11.22776 0.0 19.41635 0.0 37.27645 
1000.0 37.03938 13.7734 19.64855 0.0 35.40275 21.70452 26.12078 37.60517 12.7972 27.63914 14.3367 0.0 16.38959 45.58206 24.49108 31.55828 29.41294 39.71513 15.01427 0.0461 10.09744 13.78258 11.04652 9.23836 32.07618 26.19278 35.86307 13.67231 20.14374 33.5412 10.78821 42.69034 21.35458 23.83997 23.06519 19.04396 18.58986 20.02875 10.10021 43.17937 10.94629 21.77179 38.7402 10.95018 13.87863 13.39977 0.0 36.26597 0.0 23.90709 
1000.0 44.43454 30.3944 40.8537 0.0 13.19541 14.83222 41.15859 26.61468 15.49036 39.25619 34.60727 0.0 30.83611 30.92875 14.84207 9.19701 31.51514 44.90672 41.1304 0.03348 36.66699 40.91927 35.9295 36.47028 14.13808 43.52236 32.13963 36.85579 41.20725 9.20777 35.62358 31.91855 36.4556 33.7691 21.00854 27.35844 10.27724 30.33919 33.60353 10.4727 40.25612 40.95738 25.31178 27.83711 26.9238 14.98933 0.0 26.4037 0.0 38.6705 
1000.0 0.0 0.0 0.0 28.78803 0.0 0.0 0.0 0.0 0.0 0.0 0.0 40.90595 0.0 0.0 0.0 0.0 0.0 0.0 0.0 0.0 0.0 0.0 0.0 0.0 0.0 0.0 0.0 0.0 0.0 0.0 0.0 0.0 0.0 0.0 0.0 0.0 0.0 0.0 0.0 0.0 0.0 0.0 0.0 0.0 0.0 0.0 17.8043 0.0 15.01371 0.0 
1000.0 9.86936 19.42555 33.28396 0.0 24.73844 27.13654 17.4256 40.26757 18.01398 34.438 34.67724 0.0 15.52273 34.80392 24.44836 31.19786 43.68429 12.34313 35.93372 0.01188 20.9078 36.42227 41.42674 33.53493 10.95865 30.51655 22.78729 10.38426 42.50203 24.8079 10.32438 36.28284 27.93794 38.76775 22.63593 10.49775 11.17421 38.86469 13.53709 16.69234 39.9629 25.36905 21.57386 44.64602 35.41654 42.69004 0.0 20.20097 0.0 41.879 
1000.0 29.69073 11.26224 22.12845 0.0 28.03389 41.12737 11.90449 18.65621 11.02112 37.63844 14.78257 0.0 33.81901 37.62815 36.84592 18.81292 25.41385 19.30639 45.27692 0.02749 24.31052 25.75261 34.5592 43.10219 29.97369 33.52122 35.59558 14.30838 17.64576 34.39438 15.66597 28.87806 21.94573 38.33967 42.27148 17.80316 18.41205 30.02235 16.77265 18.33074 12.19223 34.81829 39.63983 12.24623 23.60609 43.91725 0.0 42.36618 0.0 9.3516 
1000.0 33.86586 41.21033 9.7377 0.0 29.45087 34.62977 37.11773 17.31591 9.88518 16.56713 24.47234 0.0 13.72401 43.34442 40.39542 44.28335 33.85098 35.2729 28.35512 0.01384 27.56783 31.58095 16.89259 34.89983 43.98396 21.13439 28.81995 16.92996 23.21599 15.85002 15.08677 18.67549 31.85318 14.68407 28.87363 32.78836 39.81724 45.15494 44.04929 45.0336 45.25207 30.31098 39.58194 27.69718 33.8633 44.64597 0.0 11.45477 0.0 26.42953 
1000.0 29.7127 25.67448 11.81691 0.0 43.6379 17.63904 18.52713 15.177 24.21728 37.58279 44.70843 0.0 27.82075 24.54652 16.8557 36.42265 39.38165 41.97424 32.82341 0.04247 26.14346 21.0879 42.26961 22.13212 9.385 31.36505 15.0148 34.66037 20.40471 14.11062 26.73715 22.27169 45.02086 24.86958 30.18283 32.70352 37.92402 42.38598 35.64294 42.24646 30.8303 15.51907 44.09315 31.77413 25.97944 13.0869 0.0 43.22926 0.0 9.94914 
1000.0 40.02029 29.10413 44.18208 0.0 23.92812 36.93341 13.65162 44.94618 44.94343 31.95429 20.2223 0.0 14.61815 33.37946 12.05393 41.49909 37.55579 15.28731 43.39843 0.02936 26.69812 24.02178 28.92902 42.13405 17.76569 41.89722 44.35951 43.27364 13.93119 21.79864 40.54587 12.40647 28.08816 34.03335 29.97233 15.81099 33.53956 15.90208 16.85011 45.26151 42.8896 43.73861 11.19583 10.05345 32.53206 14.18824 0.0 23.45225 0.0 27.66962 
1000.0 32.01447 33.09406 19.96893 0.0 37.13754 23.75073 9.16389 11.8998 24.02141 10.54744 35.73219 0.0 21.35896 37.21074 43.62656 9.85654 37.60514 31.84982 10.96956 0.04205 19.53763 26.45241 25.71611 10.45949 27.06517 12.35847 35.60856 19.8187 10.43687 20.03662 31.914 38.61981 44.81346 15.72413 29.73299 15.53961 37.28005 24.02449 16.67934 20.28819 28.96933 35.47629 29.34405 40.17736 21.05461 13.92982 0.0 11.79101 0.0 9.71095 
1000.0 45.25332 11.69278 28.1412 0.0 44.96283 11.79352 28.9179 43.3044 17.60421 29.34306 19.1026 0.0 35.59183 21.80269 26.22514 24.56319 43.21528 44.47456 11.97016 0.03826 18.52858 16.2952 38.01202 9.35056 23.52678 37.93421 32.52429 20.32669 45.12748 34.08162 29.89153 20.09788 21.14239 39.2484 28.75769 10.68108 22.7626 33.93741 32.76211 30.67473 11.87568 15.1765 15.39481 37.22353 17.99586 17.51721 0.0 12.39938 0.0 22.05509 
1000.0 0.0 0.0 0.0 22.35366 0.0 0.0 0.0 0.0 0.0 0.0 0.0 9.87551 0.0 0.0 0.0 0.0 0.0 0.0 0.0 0.0 0.0 0.0 0.0 0.0 0.0 0.0 0.0 0.0 0.0 0.0 0.0 0.0 0.0 0.0 0.0 0.0 0.0 0.0 0.0 0.0 0.0 0.0 0.0 0.0 0.0 0.0 45.19159 0.0 37.17065 0.0 
1000.0 9.8661 36.45617 38.51956 0.0 18.93932 38.63292 18.84932 27.70739 27.2521 34.00398 29.15439 0.0 30.71601 24.41859 19.37036 15.29852 19.1062 36.15365 45.47143 0.03107 9.18794 44.57627 16.7552 34.50054 22.25213 24.3989 30.87354 36.36979 23.63322 30.24273 16.6182 45.23442 17.83554 28.79136 44.37191 31.37641 34.47743 28.22133 25.77317 34.05075 15.99721 16.10265 34.03777 16.52483 9.84991 39.40186 0.0 37.95341 0.0 9.39217 
1000.0 30.16583 27.71848 43.68336 0.0 33.92066 12.84451 35.1718 44.2043 13.8576 45.24172 13.78473 0.0 31.00052 44.35656 11.03603 11.98478 23.60376 9.82788 28.53943 0.0213 9.19266 30.66564 19.5811 41.0007 26.71855 41.03558 39.82092 19.67411 13.13768 9.14823 28.9396 9.34307 16.99542 27.61041 34.95003 33.22173 42.82794 14.77862 26.02797 43.82019 9.58729 37.762 36.61656 17.8049 41.55823 16.0646 0.0 34.84812 0.0 22.35733 
1000.0 15.62487 35.38578 36.14477 0.0 19.7599 15.70098 27.80341 18.79948 15.03466 29.40069 34.9248 0.0 27.83807 12.1371 28.76891 42.73809 38.74613 15.62693 13.82193 0.0378 24.27103 34.5416 30.8287 24.22102 14.85109 20.0411 35.07345 44.02478 42.75053 14.28255 37.46638 23.60916 45.26179 33.84628 34.78166 10.54266 32.81545 9.88125 19.68475 26.99374 41.81414 44.12332 31.14614 14.84054 21.97917 43.44681 0.0 42.91354 0.0 44.13978 
1000.0 34.70272 27.97692 17.48254 0.0 19.4675 25.92869 29.34452 21.18426 20.74211 20.93795 19.58801 0.0 15.44048 39.12813 14.45995 11.40673 23.06371 42.14761 29.8516 0.01469 19.41247 9.72396 35.16894 20.89019 21.6163 22.63416 35.24307 29.4969 33.68952 21.03103 30.78187 44.23917 35.82205 34.44399 35.34481 37.30286 16.01684 18.58487 22.82679 27.04957 20.68253 17.7278 40.79647 15.92298 17.18459 13.31806 0.0 32.40203 0.0 13.19586 
1000.0 36.88951 13.83566 38.48107 0.0 30.39187 9.49295 11.64533 33.93497 14.40514 37.04742 41.5684 0.0 36.53539 34.32001 31.50176 27.52501 14.68474 38.02691 24.89739 0.03455 23.9155 27.35355 39.55792 27.30896 45.51213 23.88368 33.52897 26.63921 45.17906 22.68698 32.17868 19.84904 43.28565 21.89754 9.26666 32.41902 24.39495 40.87086 26.04338 30.31153 31.98461 41.72818 26.57055 12.29096 43.45133 26.73741 0.0 13.99234 0.0 13.10781 
1000.0 17.93819 29.44317 17.13795 0.0 24.78299 11.52058 14.20301 9.73155 13.44923 42.39771 28.12928 0.0 43.09831 30.94594 24.73141 10.10068 20.99001 11.25342 32.53089 0.03676 38.06344 41.8172 29.40787 11.3087 14.97001 26.81434 27.83951 17.97959 21.04403 35.79021 45.3694 31.44963 36.0125 18.07111 24.81137 32.43166 44.0719 16.51774 41.56042 30.89256 27.13961 30.88954 32.82375 41.83049 23.3577 9.37264 0.0 31.75507 0.0 35.47951 
1000.0 10.21825 42.73753 23.38812 0.0 30.78705 33.34642 20.59816 31.56688 9.74993 33.23144 16.69175 0.0 24.64904 13.8826 28.64661 35.65363 27.55756 31.26515 18.65632 0.04736 17.62525 37.13589 41.98054 15.35124 16.09886 17.49959 17.53262 30.80658 17.40627 22.91964 37.60393 24.0809 23.81874 11.18692 10.28109 31.14689 10.77903 41.08132 20.36077 24.30416 33.73194 43.45007 22.12588 23.45887 32.08221 31.11731 0.0 20.81089 0.0 38.81833 
1000.0 0.13476 0.10509 0.1055 0.0 0.10039 0.11817 0.11117 0.08242 0.15805 0.06502 0.04408 0.0 0.16975 0.15245 0.06507 0.10136 0.04613 0.07417 0.07628 42.9043 0.18906 0.14077 0.15867 0.16702 0.10138 0.11462 0.15502 0.11324 0.05442 0.16128 0.16279 0.17903 0.08853 0.16751 0.08575 0.06832 0.1822 0.19067 0.18676 0.18635 0.12034 0.14883 0.05472 0.11695 0.18298 0.15229 0.0 0.15268 0.0 0.0686 
1000.0 31.93703 35.69262 14.79095 0.0 24.14231 31.20517 15.34312 27.40589 18.23085 42.11063 23.63205 0.0 9.18822 36.37367 26.10975 40.65535 40.38602 17.97219 21.62314 0.03753 9.92105 24.53496 28.59493 29.28423 9.14384 41.83986 18.8553 15.18549 38.01622 33.19211 41.32531 38.69689 19.13011 17.53641 24.33171 42.24599 31.50029 21.13663 33.68876 17.65418 44.28001 29.68052 40.77672 16.06086 32.66424 19.41441 0.0 20.93027 0.0 40.07231 
1000.0 25.42332 36.91213 25.34434 0.0 44.45804 13.25132 13.95781 38.77027 44.54604 12.50167 33.75826 0.0 24.45747 21.56824 26.33358 38.12305 27.79201 20.42133 40.34652 0.04158 38.49554 42.87596 28.8675 32.31142 41.20885 19.54477 19.90528 36.94708 15.41727 24.59586 18.6832 24.90275 21.97383 15.74014 27.93421 12.71401 43.52743 13.6899 34.27629 34.33633 25.75678 37.62195 37.64511 14.37724 19.31287 39.97512 0.0 12.27269 0.0 31.03911 
1000.0 17.38057 43.97714 35.14735 0.0 41.06201 26.55015 19.99898 11.27557 28.94276 14.13856 32.91518 0.0 14.73099 21.80993 27.44143 16.47348 25.18337 18.30701 24.14692 0.03984 18.72567 15.10325 41.68472 41.90318 25.74859 34.10311 19.2492 9.52991 34.95968 16.51283 15.009 14.26183 19.07045 41.44141 20.56165 21.30723 39.93952 11.15638 40.78727 16.13881 35.83755 37.92466 25.92555 33.07152 27.53281 37.58504 0.0 16.55919 0.0 31.23577 
1000.0 21.8404 19.08401 29.24391 0.0 37.19605 43.33796 35.76569 21.05216 26.90728 23.02852 10.06963 0.0 32.06734 43.09678 29.489 15.69325 21.32645 17.42629 14.9797 0.0401 23.93094 20.5437 25.12987 23.59902 21.43053 28.2715 42.9208 19.08072 20.64444 11.91195 28.45368 34.94956 25.63954 14.2557 37.81761 30.9164 27.88172 21.23365 34.14484 26.13142 17.54843 17.21488 27.63608 25.79658 20.03518 32.37022 0.0 43.18496 0.0 17.08452 
1000.0 31.49455 10.32022 33.82399 0.0 28.93651 33.39866 39.89325 21.5723 27.98655 40.74194 22.30387 0.0 14.87972 27.56119 23.60533 26.97087 32.39801 37.63287 10.83706 0.02746 22.35363 38.73459 26.21266 29.82885 24.20657 14.1679 38.49183 27.19157 26.57975 40.07459 45.4904 21.79152 18.69191 22.68319 34.6295 31.32586 44.56693 35.40363 15.73496 20.24561 11.1104 11.21713 35.93292 32.26703 21.61977 42.25267 0.0 23.63935 0.0 35.38518 
1000.0 29.80975 30.5819 12.2319 0.0 40.78826 20.77399 15.32364 31.43139 15.50668 28.63147 42.43004 0.0 30.94837 38.49764 29.26408 43.91087 44.97536 40.70292 31.1014 0.0224 21.66353 28.99449 39.62437 9.63216 23.79692 16.17459 20.95726 21.46893 42.49025 44.58545 41.14925 44.40097 9.47029 28.27913 36.93508 9.73209 15.44146 40.61721 17.50019 37.88811 25.07523 28.69774 43.71662 29.5682 16.28091 20.48745 0.0 21.41608 0.0 13.06885 
1000.0 42.29831 29.52139 30.5048 0.0 16.86716 10.10907 41.40318 34.69099 42.84553 30.93748 35.69384 0.0 36.59991 41.80632 20.65181 23.25021 20.76213 34.97334 17.10354 0.03756 45.08184 15.14578 38.80733 28.0928 26.55831 10.16345 25.72509 22.19056 32.88843 24.03705 20.6683 18.60127 40.50695 13.41906 15.62758 23.4789 28.1735 14.3611 42.6201 34.9539 33.49894 13.33396 43.51688 32.1683 20.05496 21.15727 0.0 40.38329 0.0 45.30957 
1000.0 15.01318 26.68196 35.7173 0.0 18.33245 32.06329 17.78814 17.71853 45.18626 40.68842 13.95408 0.0 23.87811 28.87405 29.12501 41.74325 9.97022 13.02823 20.14151 0.03178 28.0137 10.84115 37.82148 28.9711 26.53383 14.39467 32.58833 42.51214 31.49824 42.33832 43.18781 29.90329 40.49779 32.97764 45.60033 16.89757 20.03779 26.67411 19.70302 12.8364 31.03312 34.95518 25.90058 37.86741 21.42806 35.66397 0.0 32.13539 0.0 20.55661 
1000.0 34.65293 33.92123 33.69071 0.0 13.09058 24.45995 38.35884 14.26677 25.20104 23.77551 36.42238 0.0 19.91501 38.13262 33.59176 45.61331 13.12514 27.38153 18.29128 0.0166 20.14168 11.1113 34.15943 44.89311 32.26957 11.9875 37.78282 15.26508 19.9546 44.34272 27.63478 38.4474 32.60205 14.69916 35.85947 39.04766 23.13754 43.48534 36.88624 18.74116 32.50421 26.83843 39.87005 12.27122 42.75625 27.72147 0.0 30.94009 0.0 32.39632 
1000.0 16.14943 33.88014 26.94394 0.0 22.30905 39.69445 35.26228 41.21647 9.62473 23.7858 32.44173 0.0 32.42962 20.40987 10.44912 44.14876 33.61558 43.75756 21.96698 0.01944 12.62683 17.58487 25.40308 26.99345 25.1038 35.88531 12.01462 43.35758 34.51148 26.93349 23.60505 39.9759 10.52212 22.26955 13.23835 43.80465 22.38184 20.8856 35.40338 43.1544 33.30437 12.24807 24.53765 16.83171 19.82962 29.50765 0.0 43.82973 0.0 32.12933 
1000.0 28.57175 33.53098 37.88495 0.0 19.99055 26.5807 23.70919 10.93214 41.23781 31.81183 24.90512 0.0 20.38239 30.46175 11.53079 21.79801 44.8287 28.87852 24.12191 0.03618 15.37933 28.34333 18.60565 22.08184 10.54934 43.24874 21.34788 10.74939 27.29435 24.7105 29.80157 18.40073 17.70185 10.8908 38.31572 40.38499 23.12143 25.37504 9.59771 37.72838 35.32569 32.71373 11.80859 16.91129 11.67079 21.80295 0.0 25.6218 0.0 33.17383 
1000.0 38.99225 11.49181 22.19953 0.0 42.44397 30.88582 42.6024 43.24382 24.19929 12.86465 26.09596 0.0 38.33074 38.82801 17.39986 42.71058 25.52036 22.32764 41.90265 0.04731 35.33742 14.11563 17.78456 13.50377 45.26099 20.55831 27.0292 10.63023 36.0926 18.90409 43.99551 41.89212 18.44237 28.38379 35.92121 14.56967 23.52557 44.00415 37.71188 16.99821 35.46981 42.99909 33.39041 33.58314 31.96621 36.88445 0.0 14.38028 0.0 20.90488 
1000.0 41.78052 42.6225 9.47393 0.0 43.22881 44.59171 10.1708 33.72984 15.76499 26.49137 22.28135 0.0 19.85783 19.19423 45.07494 30.10469 42.20325 25.826 9.36544 0.01296 25.19246 40.15077 25.80203 27.79539 42.18239 16.48217 16.29855 28.77676 38.71894 40.50498 29.05529 42.39326 36.70093 12.18325 19.50075 15.66358 30.47231 22.06117 44.22821 35.19105 37.24073 29.14282 12.20429 41.81692 33.61776 44.84418 0.0 18.88554 0.0 34.4468 
1000.0 22.89922 32.29346 12.63997 0.0 27.24994 30.98178 21.68553 45.23433 44.75754 23.63064 38.80446 0.0 35.50865 23.83899 34.12225 18.31645 10.5613 44.53465 16.10987 0.02979 23.84632 21.96873 42.93094 22.43193 9.64884 39.2623 22.39862 42.8809 13.40631 12.32853 28.0215 34.85513 32.93401 41.22001 17.45699 19.03443 15.17306 12.60348 32.67445 22.52707 38.68812 12.63805 36.63653 32.29356 24.42083 27.02903 0.0 34.57162 0.0 45.52355 
1000.0 31.44519 37.07022 18.63826 0.0 44.70073 35.8326 22.96792 25.74567 9.57187 12.38981 31.8269 0.0 42.70513 26.17379 39.92346 14.34156 32.68903 35.22064 38.45486 0.02718 34.49771 22.32061 9.1794 38.59993 38.10977 22.05247 26.11382 36.79404 31.51399 45.57253 37.94717 37.65027 13.87584 14.76572 28.35522 34.85809 21.42386 12.36092 42.98041 29.80215 11.63888 33.56758 33.62752 17.95887 22.14552 20.74536 0.0 15.61096 0.0 28.60774 
1000.0 38.08747 27.01422 23.42258 0.0 23.01977 25.46189 19.78854 12.16686 23.06439 18.56845 29.39801 0.0 23.51612 25.38438 40.20447 26.71309 17.9067 35.4053 13.11512 0.03249 36.34371 20.92494 10.80026 19.07557 31.62007 32.26251 35.38639 40.09793 29.50155 41.63092 28.08371 12.40778 37.16125 13.94536 12.17298 45.05171 34.20246 15.10949 23.07646 26.39304 31.43686 28.26001 31.8084 41.07286 32.11331 31.73548 0.0 14.83963 0.0 41.73802 
1000.0 39.14005 32.77475 43.36104 0.0 20.21199 14.19952 25.65778 40.70951 36.65052 31.15931 29.75328 0.0 42.91294 31.07676 24.03469 33.41217 36.04666 23.09191 16.42491 0.03026 38.35529 19.16222 32.75172 11.85514 39.06245 41.40708 10.32504 14.16213 15.18763 39.63864 39.78103 14.13871 24.47679 29.06422 12.37569 36.86234 44.48115 34.37463 11.33884 44.56161 28.63253 20.70316 10.13139 35.24142 16.82548 28.05471 0.0 40.78671 0.0 42.81596 
1000.0 18.94658 43.00813 23.7397 0.0 44.46863 16.39758 10.70111 24.70523 38.52138 32.45958 10.66418 0.0 12.09105 44.19873 28.05596 14.55461 41.40554 38.17817 35.08378 0.043 36.48764 25.77328 34.64174 44.05885 15.97676 22.11443 28.07346 21.33416 12.75658 39.26154 20.92953 27.0894 31.11426 30.60956 39.83523 15.27906 21.74679 16.64519 40.08078 17.66371 43.35522 11.99765 45.34228 11.43949 41.00151 24.90395 0.0 11.43292 0.0 38.20024 
1000.0 16.62302 25.32278 16.80761 0.0 37.3384 39.41753 21.61664 20.74057 45.03292 28.99084 16.88841 0.0 27.39663 40.59894 39.19485 21.9602 36.43251 16.7311 35.32869 0.01747 35.35663 43.20783 23.24128 15.29916 45.65563 28.64758 13.97387 13.14878 22.65955 39.78917 44.18581 15.41698 18.29403 29.00319 32.04854 35.0829 24.20381 44.70459 16.30255 45.29769 13.03856 10.31423 9.76761 22.92643 30.42081 16.58983 0.0 41.094 0.0 13.24492 
1000.0 15.5599 41.27454 44.14085 0.0 33.62143 12.66397 23.72537 37.5924 12.64972 38.01526 26.90815 0.0 29.1273 10.14057 15.83134 45.24249 37.87909 14.33761 41.76021 0.04721 10.61863 44.22453 42.23732 19.34977 25.06129 38.90662 13.17003 40.59459 26.3663 28.40419 35.37313 21.34802 29.21863 36.99308 39.43496 26.63504 29.21655 29.20405 32.58126 31.89433 21.65464 21.86037 40.51386 36.6599 14.77968 21.15858 0.0 22.24718 0.0 18.15438 
1000.0 9.44725 14.82235 13.5101 0.0 43.1241 10.31569 23.64543 18.64181 16.40691 28.74533 42.6822 0.0 25.76115 30.24189 21.24159 13.04442 32.72059 18.65591 16.7258 0.02474 15.7003 27.29652 43.34695 45.20791 21.82942 44.91133 27.14521 40.87479 25.72161 37.62116 9.77164 11.79005 16.5568 26.51523 18.62096 26.60159 35.25895 40.38396 13.89123 24.76424 17.45102 44.01165 42.80362 45.3113 37.47293 11.40417 0.0 22.9201 0.0 10.38996 
1000.0 29.34907 31.89743 33.4158 0.0 19.26275 35.38134 42.22606 36.72643 11.53346 16.29423 9.3089 0.0 24.55769 25.91425 22.35786 37.60391 40.1233 45.33719 22.04256 0.04553 33.17347 23.62099 44.02765 33.4166 24.43695 43.38981 40.36132 37.12109 30.07727 15.59661 36.81163 38.57065 40.02443 18.34961 16.77789 30.7507 39.93516 30.55144 30.05151 28.41417 16.9328 23.65579 16.78169 27.25727 15.88227 14.50277 0.0 22.53718 0.0 23.86887 
1000.0 23.2822 44.55789 19.23664 0.0 42.86944 33.3501 23.43451 16.68245 35.16262 11.36567 40.47115 0.0 26.93406 11.24082 36.81049 27.81456 17.4252 10.73308 29.9614 0.04031 41.19269 44.80835 17.4592 35.87184 33.97985 16.18601 37.00368 31.88381 34.85156 25.27553 41.19188 35.59716 41.89891 14.05914 19.95085 31.82482 42.70411 32.86421 10.75435 38.92459 30.30937 27.15733 25.45445 11.86145 29.8928 17.83244 0.0 26.38972 0.0 25.36052 
1000.0 17.52123 40.78977 10.36018 0.0 28.18212 16.16079 33.51511 28.44479 9.77904 13.71317 30.59214 0.0 25.11854 41.86492 32.03051 18.31612 13.52894 28.70298 14.32514 0.01569 37.05563 14.88482 26.98415 25.39536 28.53274 31.10562 11.6698 38.59231 27.40475 30.11914 43.88516 44.91619 13.10105 42.33027 44.02402 16.25014 24.44763 42.00323 22.3094 18.74348 29.84739 32.12063 43.34186 42.71124 30.58265 14.81254 0.0 24.88477 0.0 19.61468 
1000.0 13.76944 23.94969 39.81081 0.0 35.74776 12.68009 20.1713 36.59863 23.78066 41.41948 41.58096 0.0 43.66992 15.6441 25.49362 22.22025 17.64625 25.45542 20.39584 0.0225 37.44699 35.36594 26.4067 30.61136 25.36553 15.38058 18.12608 19.51161 25.57097 13.6274 15.41788 28.46305 44.22486 17.75245 27.23465 25.60875 21.29648 29.53461 33.29846 34.8794 24.97673 23.08579 41.46256 27.45442 37.0097 39.37105 0.0 10.95197 0.0 20.64691 
1000.0 27.29698 36.91758 27.87888 0.0 19.55101 26.06562 13.42881 28.27339 39.41643 14.36388 20.57889 0.0 42.31055 20.72418 13.38106 43.62072 29.08538 17.67994 26.11316 0.01542 21.63909 27.57006 33.49022 14.37699 22.82993 14.95054 41.03244 35.09706 17.84147 12.53638 24.88944 35.435 25.78505 34.70126 38.10588 18.23479 27.53568 14.13139 10.7106 18.15243 32.86585 37.2873 42.87377 38.34807 29.25186 14.62799 0.0 20.46513 0.0 12.74839 
1000.0 0.0 0.0 0.0 29.60811 0.0 0.0 0.0 0.0 0.0 0.0 0.0 10.21463 0.0 0.0 0.0 0.0 0.0 0.0 0.0 0.0 0.0 0.0 0.0 0.0 0.0 0.0 0.0 0.0 0.0 0.0 0.0 0.0 0.0 0.0 0.0 0.0 0.0 0.0 0.0 0.0 0.0 0.0 0.0 0.0 0.0 0.0 18.61562 0.0 36.38451 0.0 
1000.0 30.95198 44.63705 19.63418 0.0 29.7734 10.62537 15.01326 26.9818 36.47987 19.52246 31.44189 0.0 44.8266 27.58847 13.48716 23.63359 37.93107 15.73092 17.86131 0.02863 41.09684 45.55944 45.56892 40.38147 12.45097 12.78343 38.27857 18.05666 35.92663 37.96029 36.6064 33.43944 43.77308 19.0773 26.68594 37.58402 33.75482 28.82509 9.22796 26.33576 27.93478 43.8089 11.14187 41.7454 31.14572 18.30302 0.0 35.90886 0.0 45.60817 
1000.0 0.0 0.0 0.0 30.91691 0.0 0.0 0.0 0.0 0.0 0.0 0.0 37.29804 0.0 0.0 0.0 0.0 0.0 0.0 0.0 0.0 0.0 0.0 0.0 0.0 0.0 0.0 0.0 0.0 0.0 0.0 0.0 0.0 0.0 0.0 0.0 0.0 0.0 0.0 0.0 0.0 0.0 0.0 0.0 0.0 0.0 0.0 43.78617 0.0 23.99243 0.0 
1000.0 21.75539 24.80304 21.79812 0.0 22.62713 16.02417 30.22488 10.44246 14.31606 21.87556 30.82835 0.0 40.29646 37.81659 13.42134 15.12698 18.85877 19.01243 35.0499 0.01475 11.96796 14.06481 29.20285 14.31276 11.6972 33.7856 36.89216 21.48649 14.26913 41.41409 26.1788 45.48324 36.69305 25.59757 40.58734 44.85858 33.6413 45.41313 12.48404 9.78143 26.02017 20.82191 36.98298 31.12677 22.81595 21.95222 0.0 43.57488 0.0 29.22305 
