1000.0 1000.0 1000.0 1000.0 1000.0 1000.0 1000.0 1000.0 1000.0 1000.0 1000.0 1000.0 1000.0 1000.0 1000.0 1000.0 1000.0 1000.0 1000.0 1000.0 1000.0 1000.0 1000.0 1000.0 1000.0 1000.0 1000.0 1000.0 1000.0 1000.0 1000.0 1000.0 1000.0 1000.0 1000.0 1000.0 1000.0 1000.0 1000.0 1000.0 1000.0 1000.0 1000.0 1000.0 1000.0 1000.0 1000.0 1000.0 1000.0 1000.0 1000.0 
1000.0 18.19766 24.13386 29.33725 0.0 27.01276 27.95944 14.14288 10.29476 31.62543 22.92562 7.5108 0.0 10.21938 17.28614 26.87201 12.27923 16.64166 8.42816 16.2658 0.02348 29.81207 29.1146 32.11563 14.15529 25.08429 32.6748 15.85333 26.44761 29.44871 20.88325 18.67853 29.02794 32.49524 25.17429 10.22841 31.06538 16.70639 31.22736 23.52815 8.64176 24.57852 23.11359 18.56354 32.55142 21.26582 31.51824 0.0 8.6125 0.0 12.14894 
1000.0 26.82104 20.90489 16.99176 0.0 12.2554 31.77507 18.85017 13.70077 25.58647 12.77596 9.20848 0.0 31.38 15.45134 29.26662 15.87376 27.82739 11.89151 16.60656 0.02335 10.52729 9.6028 6.8359 17.77795 25.01358 9.01245 11.4315 28.20076 27.63595 12.78463 32.40798 18.83283 20.1698 25.63656 21.16903 12.41266 30.05752 13.18884 32.37339 28.14623 22.44202 30.99397 25.44364 8.16696 24.15082 9.89963 0.0 21.82283 0.0 20.52724 
1000.0 14.0739 29.89111 29.98819 0.0 32.55958 19.24469 15.34034 8.59632 18.00788 30.35986 20.20393 0.0 14.92991 21.93622 21.97158 29.97299 20.83096 24.97964 7.44901 0.03359 27.50834 25.82055 25.73771 24.24811 10.97054 11.07894 8.54394 23.78346 31.10812 30.93853 7.22607 16.245 17.23728 25.89294 12.7426 12.87425 24.06953 6.93785 9.591 11.76663 10.8463 7.72762 8.18204 23.47677 28.91188 22.81104 0.0 10.3381 0.0 23.83701 
1000.0 0.0 0.0 0.0 28.447 0.0 0.0 0.0 0.0 0.0 0.0 0.0 30.71999 0.0 0.0 0.0 0.0 0.0 0.0 0.0 0.0 0.0 0.0 0.0 0.0 0.0 0.0 0.0 0.0 0.0 0.0 0.0 0.0 0.0 0.0 0.0 0.0 0.0 0.0 0.0 0.0 0.0 0.0 0.0 0.0 0.0 0.0 13.46623 0.0 12.55014 0.0 
1000.0 13.07333 20.60153 27.43254 0.0 7.5044 7.43072 24.92524 11.29581 29.59502 29.64422 30.86056 0.0 18.38951 11.49884 11.72834 18.95886 11.05145 10.4293 28.79938 0.01551 16.7939 10.46346 28.69822 28.62415 19.96044 13.28293 26.95174 7.37259 16.90362 22.22743 24.86941 24.14398 29.36753 13.562 24.82214 18.19294 15.18358 20.15207 26.37783 28.09026 21.56385 30.37406 25.24656 17.09709 18.76642 21.83103 0.0 32.77535 0.0 32.46394 
1000.0 17.12989 20.75068 31.96658 0.0 19.07827 6.91069 20.47293 24.93939 23.83202 11.20632 31.72478 0.0 28.89927 23.43235 20.27534 10.41198 10.30343 13.14949 14.21736 0.02225 8.27267 21.26005 30.56897 18.84004 18.94164 11.36108 11.19438 21.95637 14.01965 27.07324 21.3798 23.28042 23.37927 12.58656 11.36593 10.32385 10.07693 32.23824 20.3344 30.72897 21.17528 13.61984 15.37406 25.09862 15.62714 11.27292 0.0 12.29723 0.0 27.62802 
1000.0 26.93358 28.92859 17.17193 0.0 31.77178 20.63564 18.08973 28.77733 16.02876 32.34456 9.19607 0.0 24.13792 7.06685 29.06633 16.41094 18.77842 9.72618 18.01832 0.02695 15.43717 32.73218 20.58047 15.4232 18.44258 23.33833 9.19984 28.03254 13.18568 32.53181 14.66686 24.98321 28.94482 9.16419 6.91818 11.16711 12.51222 15.83735 22.22778 15.95884 20.62173 28.86319 17.26731 14.42379 23.51453 26.36531 0.0 18.16081 0.0 23.60346 
1000.0 25.05797 28.41515 32.36305 0.0 16.20872 18.79906 6.95923 31.06847 15.26468 21.6884 11.9038 0.0 28.50435 20.78051 30.25057 26.86743 29.29419 18.26368 17.49975 0.0193 30.5773 29.12175 23.81056 21.48832 17.65256 6.57264 7.55842 25.28113 24.57943 28.28412 9.43816 20.68234 15.7853 19.27198 22.51492 25.17728 17.69337 22.32072 25.42797 14.51762 30.4919 21.86871 31.88844 20.45168 13.63585 24.25032 0.0 15.64644 0.0 28.85548 
1000.0 12.00533 8.64041 23.26966 0.0 14.92053 17.38884 18.9048 17.47719 13.27197 27.23683 13.78814 0.0 25.33338 9.43626 17.20494 15.30083 26.80855 23.90192 20.96234 0.01472 12.23715 29.87769 8.13636 20.05363 10.71884 24.54073 28.84352 31.3884 29.5483 25.81411 7.63255 27.87501 30.33007 21.43257 15.91977 23.68335 17.59374 18.18651 22.99582 8.97311 8.84555 13.54222 10.48236 27.09794 9.8656 14.06316 0.0 32.65828 0.0 8.07397 
1000.0 30.72877 18.08677 30.47246 0.0 28.84659 8.43959 7.48305 25.81552 17.94903 27.75936 20.76664 0.0 32.26346 32.77115 24.41295 18.15638 27.29448 8.09211 20.8078 0.01364 18.15013 29.35625 25.99862 6.77975 11.00102 26.17675 10.41983 6.70427 16.23369 26.15824 23.08616 24.9851 26.42909 29.01501 18.55902 9.22114 28.65252 13.787 27.60543 19.53913 16.6765 22.60995 13.78596 31.09554 19.8698 7.05712 0.0 30.58568 0.0 17.49339 
1000.0 30.0394 10.10232 12.69633 0.0 20.34762 11.75548 15.82019 15.94375 6.74229 29.51727 27.3872 0.0 12.69901 20.93345 29.09018 31.84439 24.63669 9.24231 20.21115 0.03908 18.13663 12.01523 30.04642 26.66914 15.12782 26.4152 10.86321 11.33501 12.48886 19.71418 25.59083 19.08077 20.05813 13.32319 10.16243 26.58522 6.81734 11.97558 10.82015 21.90604 8.49235 23.64901 8.06421 13.43793 28.00548 12.90954 0.0 22.63015 0.0 8.51505 
1000.0 0.0 0.0 0.0 23.53819 0.0 0.0 0.0 0.0 0.0 0.0 0.0 8.99192 0.0 0.0 0.0 0.0 0.0 0.0 0.0 0.0 0.0 0.0 0.0 0.0 0.0 0.0 0.0 0.0 0.0 0.0 0.0 0.0 0.0 0.0 0.0 0.0 0.0 0.0 0.0 0.0 0.0 0.0 0.0 0.0 0.0 0.0 11.94151 0.0 10.17342 0.0 
1000.0 32.09207 26.90105 32.26335 0.0 25.84469 30.9167 26.52359 21.55821 27.97741 20.85438 32.38733 0.0 25.58084 22.55264 25.85915 20.30116 30.72918 27.17914 10.25131 0.01876 6.93046 23.22709 21.51956 26.09459 19.32308 17.47232 15.48271 10.71655 8.4717 30.93152 19.12351 28.21561 30.30358 16.61076 19.52585 9.27438 14.0671 19.03965 30.99545 8.31068 13.29142 7.89242 25.68904 12.2276 11.04901 29.84208 0.0 31.26698 0.0 32.70746 
1000.0 22.90897 8.1844 21.08583 0.0 32.60219 28.95855 9.45411 13.94086 31.92149 13.84494 10.89355 0.0 22.20548 7.5099 19.83516 10.64179 10.0961 25.31939 15.74459 0.03492 16.9445 24.23661 14.24882 21.73554 9.77505 24.87516 22.10643 11.8566 10.94038 14.68806 26.81576 18.86055 11.16267 21.81577 8.31808 11.61073 12.50703 32.37418 23.97574 23.30841 15.61801 21.18737 30.35197 25.44821 16.79792 9.2215 0.0 21.74671 0.0 17.74523 
1000.0 20.7626 14.83662 30.70282 0.0 20.58065 32.198 25.82888 14.65158 29.92772 19.69753 19.9279 0.0 8.90011 24.02481 11.04367 19.88001 26.33344 20.1045 20.611 0.02302 19.94975 17.71511 15.50273 6.67657 17.21046 16.97326 22.52433 24.48384 23.6323 20.47656 26.59205 9.35337 11.29475 20.82264 7.94365 13.41254 27.93909 18.5763 29.65585 28.71761 18.3458 7.94286 20.65696 24.67088 32.1613 11.69095 0.0 8.42117 0.0 22.51351 
1000.0 22.64512 24.82797 19.9694 0.0 32.0063 28.51009 10.50293 19.88754 31.32967 21.72555 18.92289 0.0 27.10947 28.48271 10.05346 30.86358 23.05472 14.83947 12.56701 0.01985 28.28002 12.0 6.87678 20.58834 30.48352 7.59925 25.6972 32.47772 27.7911 14.53625 6.69525 27.56637 22.5659 15.98163 28.41558 11.93638 7.86114 14.97192 21.12739 12.15568 8.13927 20.76192 21.02392 27.91612 25.83654 31.76602 0.0 14.40923 0.0 25.29672 
1000.0 26.64305 15.23747 9.10804 0.0 22.06014 15.89954 31.0835 25.22621 25.58025 29.29953 12.12805 0.0 31.37606 21.89164 23.6903 14.93131 23.3945 7.81686 20.75577 0.02551 16.32804 26.6949 26.0292 7.91204 16.22617 14.16821 31.93668 20.33234 12.56892 20.42459 7.25483 21.48217 29.87327 24.79046 14.98175 17.46369 8.98154 12.12536 30.63005 27.31576 14.4314 22.48657 31.05805 31.44076 29.33784 24.6132 0.0 6.7703 0.0 19.89608 
1000.0 9.43265 23.78923 24.31744 0.0 32.09964 12.64273 27.89807 32.02207 18.24271 18.12739 26.60719 0.0 15.17338 29.34655 7.34479 8.53587 8.96563 28.38063 21.90196 0.02298 28.14682 27.69617 28.71111 14.46526 7.23763 12.19363 26.92648 23.64098 23.45581 20.56723 20.85012 31.618 8.15557 27.3129 11.24735 20.69177 14.83306 29.23816 9.8761 13.39598 10.49871 31.96541 8.8417 31.84396 25.17348 16.84146 0.0 15.59044 0.0 22.17697 
1000.0 14.47867 12.7559 12.87325 0.0 6.76024 22.50003 27.45838 16.22906 30.84489 18.21573 25.37177 0.0 23.03621 9.67677 15.49088 8.12045 21.89586 12.73364 6.82115 0.01607 29.59866 28.88778 23.2652 15.37987 24.85331 21.63695 13.63503 12.7364 31.19806 16.3373 32.22003 13.62824 30.0053 30.72441 32.65231 7.01281 6.95157 25.40986 22.47473 10.84312 14.53563 24.62566 15.87866 9.10364 22.99339 29.29564 0.0 13.43716 0.0 13.06788 
1000.0 0.14883 0.06406 0.1457 0.0 0.13196 0.05164 0.07633 0.12109 0.08055 0.04488 0.09274 0.0 0.11477 0.1178 0.03558 0.107 0.04395 0.06337 0.13225 32.70846 0.10189 0.13133 0.15695 0.11124 0.14496 0.06468 0.13627 0.15367 0.03477 0.13793 0.10618 0.0482 0.0901 0.16203 0.1559 0.13762 0.06084 0.06025 0.06817 0.05405 0.10626 0.07622 0.1532 0.09513 0.0386 0.13969 0.0 0.08718 0.0 0.06916 
1000.0 25.44782 25.91554 22.59566 0.0 32.15411 12.13909 17.88716 6.69042 19.17147 14.46704 15.63647 0.0 9.9307 8.242 11.55865 8.78939 11.76175 15.09905 16.67889 0.00993 20.39515 32.09607 13.22489 19.79942 7.60847 29.97435 7.08372 12.52723 30.5304 15.67533 9.32075 30.22166 13.42946 21.79086 13.76818 14.97601 30.3789 13.55294 30.83857 29.76582 21.76204 20.92014 29.43083 18.98885 14.08928 9.61435 0.0 24.94568 0.0 27.02857 
1000.0 28.51522 22.62093 11.84977 0.0 13.26946 25.61244 25.94006 14.08789 15.23001 9.0853 29.448 0.0 12.59932 9.52637 7.90858 26.2728 23.1878 11.60727 13.92664 0.0262 22.65975 10.8951 16.37431 7.18967 24.56128 28.16969 23.35664 7.38658 18.20481 14.6798 12.29267 17.64294 7.66608 9.83434 16.09376 23.79291 27.17181 13.19712 32.40139 13.70911 25.99328 21.38371 15.39327 14.02282 30.54328 15.83135 0.0 19.75809 0.0 8.01555 
1000.0 11.88992 14.61516 19.34654 0.0 12.83315 20.50096 11.71164 27.68198 18.90312 22.89492 12.81266 0.0 6.74062 27.56004 8.89709 27.09617 32.49537 14.02927 18.3211 0.00818 9.69902 18.03687 21.3364 30.85596 32.56697 16.41366 29.44864 32.20316 8.49951 10.30848 28.57982 13.64071 9.35761 17.70695 26.43278 26.54158 7.78153 32.01157 30.64139 13.98862 14.08121 6.94373 15.80272 19.34075 31.28752 15.07994 0.0 6.73669 0.0 13.41917 
1000.0 11.25263 6.94974 31.04986 0.0 14.76943 18.0223 13.44375 15.72806 16.232 14.99317 6.99097 0.0 21.50594 31.55801 15.61015 25.85019 15.96608 8.53276 28.17418 0.02417 27.59845 28.19956 13.71706 11.94255 12.25838 29.52287 17.63603 8.90738 19.32914 13.9902 23.53784 19.50022 12.89613 30.16062 12.41694 26.6097 7.38589 8.80908 28.22216 14.27462 28.95926 10.7713 31.02493 26.47508 25.89064 27.01256 0.0 27.00431 0.0 28.66979 
1000.0 10.64705 11.42571 8.85506 0.0 25.16886 19.25252 23.69312 11.73347 21.41531 9.62668 19.74818 0.0 18.40202 18.83859 22.17047 17.00087 20.74531 26.42888 32.83818 0.03391 7.95263 28.57697 19.5954 11.23349 26.95803 11.89433 27.67896 19.01815 23.24006 13.84194 31.54498 24.18041 8.26143 10.57012 28.28654 9.36774 19.37127 13.69955 26.41953 24.10237 10.62632 17.19307 28.2983 31.96543 17.36899 18.08907 0.0 13.19923 0.0 19.02129 
1000.0 13.82356 7.03795 27.38462 0.0 20.06872 17.55705 11.37439 17.93103 16.83787 31.74003 7.47147 0.0 29.07646 15.75126 11.41224 25.81249 12.53273 20.08983 13.36602 0.01472 25.90961 9.33949 20.84296 13.81468 6.72127 23.93944 6.63538 14.72898 11.37086 14.85539 17.06046 22.11262 11.57101 12.19478 21.74564 11.5934 8.7908 14.51449 29.49414 24.91313 23.9471 14.25088 7.22294 12.85653 30.23637 32.59733 0.0 32.16591 0.0 32.26047 
1000.0 15.36563 32.38071 27.2447 0.0 14.72863 27.9937 31.16692 29.02029 20.53115 16.16066 19.25691 0.0 14.81605 31.28119 10.20616 12.55956 10.7348 10.61074 10.04186 0.03549 8.10909 11.52358 25.14763 13.08438 24.30425 26.20327 32.29015 30.3344 10.68489 13.40828 10.37496 31.55207 14.46413 29.17215 15.49909 19.56523 20.96111 12.50448 17.83747 23.89154 13.75701 32.57365 24.60321 23.81297 9.99809 25.10145 0.0 12.77261 0.0 7.60527 
1000.0 29.64943 26.5688 11.65737 0.0 7.82194 23.4695 28.06866 27.73823 26.72369 27.5041 17.29184 0.0 20.09854 20.58692 7.85047 21.28541 19.11001 29.02002 20.13879 0.0225 8.86225 6.61694 8.06363 18.41156 13.57158 25.96878 9.4991 25.99094 32.48694 7.5174 7.62166 30.23885 32.01468 29.75707 16.48483 12.84724 32.80777 11.77524 31.10936 7.07737 27.6064 19.61065 16.99331 19.12717 23.62713 18.90188 0.0 28.8977 0.0 28.46163 
1000.0 14.02131 16.5966 28.73684 0.0 10.66575 16.9739 24.71232 13.3566 31.74495 13.39826 29.57 0.0 26.61522 28.86537 17.85593 15.82098 27.10761 18.89213 16.53508 0.01141 19.67609 17.83685 19.35003 32.33396 7.73995 32.80249 19.80089 16.12596 29.88173 9.45747 16.43559 28.29779 22.9379 27.33804 16.09588 25.94915 17.17674 31.29315 26.39617 23.69904 11.45561 13.56725 21.59787 28.5994 30.9437 7.13266 0.0 22.38113 0.0 14.88337 
1000.0 12.74226 15.48095 31.24152 0.0 23.68742 17.32299 25.61654 24.82719 19.17699 21.79836 9.40026 0.0 26.77966 7.60397 32.0625 17.49152 22.59554 16.08768 24.30548 0.03035 8.73644 27.66151 16.5647 31.92572 21.9698 18.55388 24.5203 19.76408 7.23477 32.17382 25.32857 26.36003 29.09401 13.09001 30.11434 18.74762 10.35701 27.41695 9.12878 30.17815 21.6867 32.34772 8.37835 6.70559 13.99298 29.41148 0.0 19.12988 0.0 26.30361 
1000.0 16.33782 31.13439 16.26444 0.0 17.17532 25.70329 27.28956 31.92513 27.70562 19.27999 22.82471 0.0 15.7207 15.40555 29.73244 23.77309 27.27849 17.23437 17.69648 0.03734 32.42586 23.88965 20.35965 22.99847 31.06192 23.1616 13.75248 22.90458 20.70483 24.75696 23.68944 23.44466 10.49973 27.68861 29.04435 30.69468 28.65997 32.82188 13.17878 29.97848 25.89675 26.10273 17.36844 7.16792 14.56917 32.64764 0.0 27.99814 0.0 7.26949 
1000.0 22.28861 29.81818 14.4813 0.0 25.76989 24.94893 22.90361 10.29598 18.95412 17.80597 21.13514 0.0 10.84247 14.08606 11.95526 30.64478 15.24997 18.94498 26.18165 0.03797 14.61076 25.37619 22.98859 22.64892 26.6175 27.79086 8.03542 26.66946 25.90769 17.89805 30.44101 12.2798 15.31543 23.6227 9.09325 31.2044 21.33066 26.65651 21.41616 29.53214 31.85021 26.81518 23.69495 7.10624 9.40702 28.9711 0.0 13.91728 0.0 12.14764 
1000.0 10.90201 25.93038 14.27858 0.0 20.13265 28.46181 22.21449 19.28035 21.00062 16.08672 9.3346 0.0 10.74263 25.03042 14.95779 22.47002 30.673 18.72094 18.17675 0.01759 24.83821 15.68679 10.58851 32.74306 22.52414 11.58652 18.02155 8.81054 7.54942 10.08648 15.34323 17.33443 24.73761 15.19654 8.66107 21.34446 13.31638 29.9301 19.72975 12.15748 19.72398 18.21432 9.62707 24.49433 8.77086 31.15898 0.0 9.5558 0.0 17.07892 
1000.0 24.21593 19.44279 24.34493 0.0 25.39119 18.45862 32.84957 21.58999 14.88662 31.97855 26.56627 0.0 9.30936 8.71423 6.89112 31.46626 8.72116 25.8861 15.79054 0.03503 14.53543 17.51342 21.23466 9.14182 10.49853 22.66663 14.091 19.35988 21.01009 16.53761 14.8519 10.58043 9.23225 10.38364 8.35364 9.28162 31.27028 10.91461 6.97213 29.2191 17.02641 20.82468 12.54316 15.38239 7.48698 7.66053 0.0 22.37207 0.0 16.85531 
1000.0 20.53245 17.79402 29.90396 0.0 12.31973 19.41222 16.50479 32.54933 14.40316 20.42576 32.7905 0.0 26.3379 15.76877 11.45695 10.05518 7.64253 28.71242 23.47708 0.01276 32.5374 17.01481 13.72331 15.07219 16.73833 10.64522 19.56218 26.63939 12.89435 22.41708 29.75003 26.24126 10.47347 25.19429 25.44417 9.63891 30.81836 12.08992 7.75785 18.8134 20.30662 9.57355 22.13424 13.68411 29.00854 19.25625 0.0 17.06865 0.0 21.06189 
1000.0 27.2319 13.24398 27.31246 0.0 31.79471 7.85165 31.92167 15.45732 19.25487 17.59808 19.58818 0.0 26.87481 30.13849 25.12009 7.55843 27.66115 24.52711 21.72832 0.03721 19.16779 10.39275 20.78064 24.48177 23.9156 31.40191 27.80987 29.83003 8.35206 14.08016 17.18091 22.97639 30.89635 29.9559 14.39242 17.59496 30.47931 19.23158 26.12696 19.31705 16.24763 20.65939 32.64768 10.0003 30.16293 12.96047 0.0 22.87484 0.0 22.25548 
1000.0 22.60721 30.613 30.92653 0.0 9.73633 9.69346 16.40121 10.79677 16.50523 16.00326 27.39295 0.0 21.23227 14.56415 12.10897 23.63472 12.50402 18.02821 27.68862 0.0145 21.46242 21.8092 20.52915 14.80121 24.45908 13.73276 12.29846 22.79029 17.6611 31.87522 28.22057 31.52548 28.10406 13.0937 21.05499 9.45129 27.79825 29.75534 27.78567 20.09012 14.39802 10.04308 22.2156 8.98728 20.52089 26.18609 0.0 29.16566 0.0 18.02587 
1000.0 20.99476 10.41212 18.11096 0.0 10.66513 31.87496 12.64961 21.11143 27.22664 31.57833 19.06844 0.0 28.52553 23.83919 27.07355 31.35611 31.10856 30.2753 32.47488 0.02132 12.13178 32.19501 31.5186 18.18672 8.0598 31.93735 10.52214 18.26772 26.99983 25.80164 12.82075 8.85544 15.1236 26.78812 8.84422 27.75508 21.83237 15.882 20.05534 13.98919 18.4008 20.75135 22.81591 16.66654 23.71219 31.39672 0.0 7.70109 0.0 10.2223 
1000.0 19.38943 16.9047 15.92966 0.0 11.01859 8.01622 29.83022 9.18694 22.94367 22.60578 14.39053 0.0 23.18268 31.52683 21.20719 9.36223 7.55568 16.73924 10.21397 0.01737 13.376 14.52425 19.80509 22.48714 16.75796 23.52195 27.81826 8.24028 22.5178 12.95063 7.53002 30.00653 27.62453 29.31073 11.226 29.96131 18.77771 15.66211 17.63189 18.07228 24.53451 28.08412 31.38399 7.0289 27.64381 23.95626 0.0 15.62626 0.0 17.29778 
1000.0 20.4404 27.06843 14.06698 0.0 11.2459 30.98353 28.31282 9.28183 26.13008 22.69949 24.82913 0.0 6.81924 20.63095 20.58489 8.00304 8.24926 22.96138 32.37375 0.02881 17.06139 8.83356 32.23931 11.2888 10.16939 8.11647 19.82267 29.72752 9.93176 23.56265 19.44188 18.36063 26.65737 20.73101 18.26452 26.68463 12.49561 15.3758 6.74703 7.5296 30.79045 22.95728 23.58133 32.84433 25.99157 29.85318 0.0 31.4733 0.0 12.81853 
1000.0 10.1589 28.63874 17.90727 0.0 23.2282 24.74419 20.76303 21.59677 6.83511 9.72065 25.42617 0.0 32.72234 26.34168 20.39798 22.44205 8.36916 19.79897 8.59899 0.03688 26.82063 20.3275 27.58987 7.40555 8.63523 12.34165 14.33937 19.89773 16.23895 29.80518 20.9668 16.53056 12.67271 27.03035 7.92904 9.97404 28.18768 12.63298 18.14911 24.30297 9.71431 31.40273 16.89427 22.47184 23.95647 19.44103 0.0 14.59683 0.0 21.41039 
1000.0 23.67475 21.96666 32.85181 0.0 8.78705 22.90839 7.04198 27.65789 11.63791 20.45251 31.67384 0.0 11.92761 11.51558 26.94932 21.96759 12.77962 9.16587 13.17056 0.03712 12.17659 27.97449 10.6106 26.71653 20.06663 29.31377 9.89096 24.29571 8.00524 29.7043 12.47215 15.01018 11.02073 11.37051 22.85207 14.42864 16.1089 30.21117 32.56472 19.25708 18.67305 25.6257 12.41843 15.03861 26.37566 14.44003 0.0 9.13836 0.0 21.84982 
1000.0 7.67766 31.3898 11.4113 0.0 12.08866 9.77608 7.28181 29.92115 23.49856 10.98025 21.78837 0.0 22.40642 26.79557 15.67445 27.04638 27.6104 12.04267 15.39439 0.0272 9.92314 27.23357 13.31489 13.83926 16.81657 13.1175 13.00251 20.97759 13.95587 14.57997 16.2478 27.26203 31.47981 16.70285 28.3172 19.11256 17.03782 15.71302 19.65785 25.38124 8.92393 20.11666 28.98794 24.59916 11.89961 28.31334 0.0 7.39874 0.0 10.68893 
1000.0 18.28231 18.84161 13.24118 0.0 27.99942 6.73106 10.96616 19.67335 26.59039 19.41019 28.38739 0.0 11.24761 13.31853 18.73542 21.27582 7.85836 22.19833 13.47452 0.01477 17.27152 13.37113 29.52055 27.47056 31.81709 13.8302 9.21626 19.5024 24.92155 8.58683 28.00201 7.11692 9.09175 16.36558 32.83072 24.15745 31.10328 29.80275 23.27174 14.00432 32.65741 10.74441 7.58481 30.73712 7.42257 18.01681 0.0 9.09103 0.0 29.73015 
1000.0 20.81057 10.26858 23.98956 0.0 16.91223 12.41326 12.25754 15.75906 29.18717 23.77759 14.52247 0.0 25.49399 16.78586 14.32885 9.92448 17.98889 27.50065 11.57286 0.02092 19.71975 8.81297 11.43522 21.63084 15.67595 18.6849 11.08337 30.52471 6.72542 14.45839 22.01239 10.16267 7.0369 29.98957 9.74298 6.58984 26.12552 13.26016 25.24672 9.53559 24.31468 22.78033 15.62376 18.59205 15.76066 30.20727 0.0 16.80236 0.0 31.59327 
1000.0 25.38306 11.23654 12.46785 0.0 29.26583 13.46935 8.26546 8.62097 16.67018 30.29028 12.02695 0.0 11.73696 15.86028 15.31228 29.69767 9.07767 28.11676 7.5978 0.01223 11.89023 14.30358 16.48091 21.65923 16.10117 16.88296 14.63639 31.85114 11.015 11.36099 19.49035 21.66771 16.42564 17.47142 11.6124 24.18955 7.13641 32.13834 9.97405 29.22886 32.55164 14.9619 16.74171 26.55401 11.75679 29.74101 0.0 12.13967 0.0 31.7362 
1000.0 0.0 0.0 0.0 8.60157 0.0 0.0 0.0 0.0 0.0 0.0 0.0 20.54676 0.0 0.0 0.0 0.0 0.0 0.0 0.0 0.0 0.0 0.0 0.0 0.0 0.0 0.0 0.0 0.0 0.0 0.0 0.0 0.0 0.0 0.0 0.0 0.0 0.0 0.0 0.0 0.0 0.0 0.0 0.0 0.0 0.0 0.0 8.38493 0.0 31.14641 0.0 
1000.0 10.74214 12.97859 16.53903 0.0 10.42196 12.95102 15.05469 22.96168 29.01621 25.97735 16.3313 0.0 11.73579 15.88881 12.76628 22.72005 31.4187 32.27962 12.70094 0.03742 32.81097 20.66841 7.70794 18.68419 29.13134 14.83163 27.77004 17.68676 10.51229 29.18533 27.8331 18.94888 11.43013 32.54047 14.12883 11.85081 25.37567 16.96688 17.28378 28.30484 11.53136 19.69242 9.90776 27.44046 14.88653 12.10128 0.0 12.23555 0.0 7.56668 
1000.0 0.0 0.0 0.0 11.8567 0.0 0.0 0.0 0.0 0.0 0.0 0.0 22.1124 0.0 0.0 0.0 0.0 0.0 0.0 0.0 0.0 0.0 0.0 0.0 0.0 0.0 0.0 0.0 0.0 0.0 0.0 0.0 0.0 0.0 0.0 0.0 0.0 0.0 0.0 0.0 0.0 0.0 0.0 0.0 0.0 0.0 0.0 26.69432 0.0 10.29525 0.0 
1000.0 16.63402 15.85095 7.00225 0.0 28.06654 31.48363 15.45723 28.43529 25.23435 27.37424 25.6277 0.0 20.86412 31.6214 32.75249 19.02484 9.3419 30.60714 13.00828 0.01239 22.2621 9.1228 23.03619 24.9019 9.31186 18.93807 28.1931 8.43622 22.23606 30.25377 22.67772 9.73141 28.81234 11.9263 25.246 9.62563 27.82832 7.78372 9.40976 16.16223 13.77987 19.06144 31.76715 22.84829 17.57276 14.26757 0.0 18.41251 0.0 28.96129 
