1000.0 1000.0 1000.0 1000.0 1000.0 1000.0 1000.0 1000.0 1000.0 1000.0 1000.0 1000.0 1000.0 1000.0 1000.0 1000.0 1000.0 1000.0 1000.0 1000.0 1000.0 1000.0 1000.0 1000.0 1000.0 1000.0 1000.0 1000.0 1000.0 1000.0 1000.0 1000.0 1000.0 1000.0 1000.0 1000.0 1000.0 1000.0 1000.0 1000.0 1000.0 1000.0 1000.0 1000.0 1000.0 1000.0 1000.0 1000.0 1000.0 1000.0 1000.0 
1000.0 18.67727 22.67792 46.02657 0.0 13.74264 18.19452 29.61363 24.14688 37.18144 41.16989 34.89577 0.0 19.43097 39.54716 45.17128 38.63925 25.52439 11.83944 44.70537 0.03296 26.55264 21.7644 23.95614 29.55057 31.94592 39.54442 20.7466 30.52977 35.56387 27.56901 10.11093 13.12619 43.83478 32.29924 42.07918 43.48795 20.20625 19.82574 38.21487 42.69613 33.88339 23.61288 42.13041 16.51182 23.97655 28.79155 0.0 41.72905 0.0 28.1374 
1000.0 38.50367 11.17309 44.81714 0.0 31.47276 28.82993 33.51944 20.20186 28.99947 13.03428 28.39555 0.0 9.76251 19.97231 42.85092 41.95546 11.99383 19.94536 38.29537 0.03064 15.71214 30.01622 44.60562 44.85655 32.2967 32.00454 13.30289 34.35014 27.86201 32.72236 13.01043 13.30378 33.10608 31.22872 29.30971 17.21363 12.58135 39.76557 20.81754 21.87359 33.53794 33.2927 10.59878 26.74311 38.31562 44.56458 0.0 45.98256 0.0 34.82091 
1000.0 26.94607 13.37263 12.11174 0.0 44.33903 36.38058 21.0887 18.22169 12.93469 16.23334 35.37995 0.0 43.40437 14.91204 15.26699 11.932 15.56906 44.33363 24.35264 0.04557 19.16344 45.08923 11.52594 46.11064 9.91554 23.69557 28.36319 30.25845 43.3278 29.81089 10.58867 43.51302 24.8805 34.63077 22.01565 29.31132 37.28692 28.07028 36.71223 19.12291 30.2121 37.3956 13.5567 35.83352 17.55627 23.18527 0.0 11.5631 0.0 17.3351 
1000.0 0.0 0.0 0.0 22.31183 0.0 0.0 0.0 0.0 0.0 0.0 0.0 39.08422 0.0 0.0 0.0 0.0 0.0 0.0 0.0 0.0 0.0 0.0 0.0 0.0 0.0 0.0 0.0 0.0 0.0 0.0 0.0 0.0 0.0 0.0 0.0 0.0 0.0 0.0 0.0 0.0 0.0 0.0 0.0 0.0 0.0 0.0 21.94983 0.0 10.95909 0.0 
1000.0 32.96833 13.79653 11.72917 0.0 17.15341 35.82276 17.64655 34.17694 21.79552 43.5028 16.7803 0.0 45.75966 13.20741 38.41368 35.18926 16.37475 19.38252 24.29247 0.03446 13.04338 33.33785 42.66935 16.19917 19.46614 29.06975 14.34376 23.05546 16.21607 19.5632 27.51228 32.24753 9.2769 12.17222 32.74341 26.71251 41.61592 12.61382 27.44544 39.25083 44.57003 34.24166 35.82059 38.69344 31.35548 39.77538 0.0 44.49654 0.0 11.19738 
1000.0 15.73501 36.61719 26.11272 0.0 37.1497 24.36885 42.66321 32.35501 40.4673 39.65019 13.06191 0.0 15.60242 18.13448 26.23451 30.457 27.89533 28.75832 37.50572 0.02793 17.21154 41.85239 27.75269 27.9807 35.07999 44.45212 16.76079 39.06129 27.16511 22.95479 16.60725 11.26345 33.33521 37.10358 26.84254 11.45162 20.32077 16.58128 29.59328 27.06663 29.79355 20.84811 25.29365 44.09501 29.09746 26.44188 0.0 32.19557 0.0 43.88355 
1000.0 26.16647 34.50406 32.4324 0.0 41.74528 20.91516 26.28215 24.30194 34.77271 27.97688 36.84909 0.0 29.63348 16.33411 36.93915 16.76558 21.48158 30.94161 32.25478 0.03977 40.38105 21.58885 39.12422 31.25533 15.36955 37.13983 24.40657 18.64874 28.17361 18.77185 36.18225 43.88592 27.70109 34.73874 42.40063 38.19381 43.38035 19.28758 39.03491 37.05643 34.87927 18.59237 30.58016 42.0606 19.78554 45.42261 0.0 27.35136 0.0 38.89542 
1000.0 42.36525 12.42545 9.33034 0.0 35.82414 20.2994 20.15671 24.95396 36.75298 25.75305 32.72799 0.0 26.73281 18.06643 13.94931 13.43184 42.16133 16.68406 15.79478 0.01627 30.41079 19.09295 15.24879 41.80321 19.44477 12.05662 26.56211 17.31078 11.88273 12.66802 32.2705 30.74277 44.94367 29.65175 30.69112 33.60446 42.82707 30.94773 37.19951 42.28312 26.81835 45.41551 15.56979 25.09611 29.18086 13.23524 0.0 26.0857 0.0 35.27651 
1000.0 29.66321 22.72477 15.91425 0.0 13.14792 44.92817 23.10489 19.63541 24.31917 29.06683 38.68196 0.0 38.80979 14.7856 39.01001 33.5321 44.52996 32.17876 29.46006 0.04384 40.27867 32.36652 39.40131 11.31303 14.76225 31.07622 23.09121 20.61019 45.96419 28.53819 27.50235 20.3528 24.17402 42.84415 15.12496 42.62531 38.16776 25.9379 29.74743 12.34454 14.62237 23.97025 15.41759 34.09324 26.78963 22.1071 0.0 46.11326 0.0 23.39862 
1000.0 26.69478 45.89175 41.4486 0.0 29.89635 26.59827 43.56767 11.31111 15.30361 39.12583 41.05699 0.0 23.87343 14.35997 12.24139 18.32747 44.05309 34.61765 11.38023 0.02318 14.31671 26.406 17.96207 9.63341 10.61122 37.08222 26.65399 33.19884 21.94397 37.90481 36.60823 25.89737 41.95718 10.81918 22.54611 22.64902 17.68707 14.55255 11.07253 15.24849 36.80791 34.02686 41.56357 19.10249 12.91909 25.46344 0.0 11.14224 0.0 14.23996 
1000.0 38.83169 41.44843 16.21618 0.0 16.66079 19.65104 32.86772 16.59672 28.61997 21.60565 43.63023 0.0 41.16347 44.60743 30.64631 33.59602 28.15356 46.10901 22.27259 0.02166 27.57269 41.72366 41.39468 19.4217 33.28654 17.88592 24.3373 22.52296 19.84832 25.1683 20.67695 33.64274 24.73378 20.41708 25.43499 39.56899 45.23707 22.15964 12.9415 16.27906 41.8235 34.91655 12.66921 35.96308 15.35029 25.59955 0.0 35.18999 0.0 20.17666 
1000.0 0.0 0.0 0.0 11.42505 0.0 0.0 0.0 0.0 0.0 0.0 0.0 37.86845 0.0 0.0 0.0 0.0 0.0 0.0 0.0 0.0 0.0 0.0 0.0 0.0 0.0 0.0 0.0 0.0 0.0 0.0 0.0 0.0 0.0 0.0 0.0 0.0 0.0 0.0 0.0 0.0 0.0 0.0 0.0 0.0 0.0 0.0 19.88236 0.0 24.2704 0.0 
1000.0 22.73321 43.9528 10.67948 0.0 15.18063 24.52914 30.57031 16.94141 37.04982 36.40681 34.95265 0.0 30.3992 39.34047 16.68736 38.65604 26.68874 34.4802 32.84788 0.04093 35.11503 28.44484 42.04648 20.21186 39.32132 27.87762 27.96772 30.34352 34.47384 14.41732 25.66999 36.4674 34.17917 44.28289 27.21378 21.81619 27.52403 33.23796 16.28317 43.63401 27.76614 45.44476 29.57099 41.67112 42.27466 40.90295 0.0 14.28049 0.0 17.29877 
1000.0 13.04259 10.65658 42.36274 0.0 45.14202 46.08582 43.0107 29.83716 42.82341 33.701 19.17596 0.0 12.15709 41.02065 45.01824 17.3459 10.22682 18.35869 9.93737 0.03249 26.48788 9.71675 29.91891 26.34525 32.205 19.56979 30.48158 39.8655 27.93341 18.92945 27.49145 34.11586 38.06844 20.83481 39.81561 43.50396 28.58408 44.36708 30.17868 18.31065 45.92415 11.63394 10.33062 45.62789 43.85631 35.19384 0.0 13.05113 0.0 43.24201 
1000.0 36.73275 14.01078 25.97274 0.0 13.12557 32.35775 21.99123 10.73391 38.68049 14.68859 28.93793 0.0 12.72355 28.11385 39.69855 40.0283 38.18816 36.38718 20.86646 0.01598 40.00044 38.88689 9.39437 36.07529 31.14774 25.8521 38.4941 45.73813 32.83661 28.54898 23.01425 15.6723 38.7408 37.847 29.5592 27.03426 34.29199 33.92015 24.51922 23.17788 33.79284 25.8819 46.07816 37.93734 36.36901 29.96293 0.0 45.83704 0.0 33.96009 
1000.0 38.46712 15.13858 45.66334 0.0 28.53595 14.42305 29.20948 34.67452 11.15754 45.2052 23.21242 0.0 28.12054 40.75328 26.07947 34.56903 43.6061 15.78254 37.49122 0.04537 27.50633 23.45086 13.24587 36.72455 9.61268 11.93901 14.96611 40.2553 36.19636 46.03524 19.75623 45.76977 31.27999 23.54144 16.64335 21.83911 24.48663 15.90751 10.71759 11.5167 19.73972 21.16817 43.24343 28.374 19.40878 39.05564 0.0 17.87889 0.0 29.98519 
1000.0 11.2292 41.80897 28.61789 0.0 15.80033 41.99535 45.7123 27.88055 29.17135 18.62804 29.65307 0.0 22.96949 38.91041 26.75417 11.34113 19.97466 21.41462 34.14089 0.01832 14.97979 17.36299 29.21285 16.39124 23.24097 29.4433 32.14937 28.11158 32.68507 19.48152 32.9625 22.08287 36.73658 38.06912 26.28633 11.2384 13.17574 32.39585 9.51554 18.58621 33.85395 27.17172 25.12747 24.0684 21.96588 17.41322 0.0 38.55602 0.0 43.08755 
1000.0 41.55717 40.71464 34.33809 0.0 23.76832 15.94353 31.06908 9.45617 21.9991 32.96671 9.73002 0.0 34.46961 29.6371 17.46733 30.9191 25.93009 23.209 45.28662 0.04596 24.1525 31.67668 36.88378 37.79832 31.76061 21.2204 16.52695 27.87918 25.01421 34.45785 23.4297 24.4986 45.09844 28.13884 39.80231 43.41667 18.61219 28.34173 45.34582 33.72886 42.00297 41.50568 40.12597 9.55037 28.48156 37.36566 0.0 34.93159 0.0 10.77615 
1000.0 11.75773 27.53067 39.8385 0.0 24.55921 44.62093 14.36924 22.58764 32.59043 16.61324 24.75119 0.0 28.15442 16.97609 32.98071 39.07389 43.43859 14.56819 41.19029 0.02262 44.74915 27.83069 39.227 18.82809 33.83943 27.73227 39.52027 33.2207 37.87265 10.35839 44.73528 39.08036 41.47336 26.04917 44.56353 11.75551 15.79768 39.83489 18.23674 39.02504 32.98741 33.21245 29.43923 42.7029 32.12802 41.16856 0.0 31.73326 0.0 43.87809 
1000.0 0.13976 0.05781 0.05766 0.0 0.13263 0.11104 0.11968 0.10553 0.0791 0.08334 0.08606 0.0 0.16613 0.09566 0.14125 0.04846 0.14222 0.14434 0.05458 35.39188 0.07123 0.16827 0.18864 0.18372 0.16559 0.14956 0.1011 0.05313 0.04251 0.06382 0.10661 0.19 0.07209 0.06524 0.18782 0.04733 0.14532 0.17852 0.07071 0.08569 0.18165 0.08252 0.15313 0.05832 0.15575 0.13235 0.0 0.12063 0.0 0.05976 
1000.0 44.12019 35.41281 37.4197 0.0 39.02757 11.66523 35.23905 44.93421 22.68159 10.67983 45.9124 0.0 27.88867 43.70035 19.19797 44.13469 31.74864 31.6464 19.5245 0.01164 24.13686 14.17884 34.87742 9.70464 25.67053 24.77911 30.58488 36.76994 31.36398 12.26922 10.9514 41.4839 28.44258 14.98429 13.87986 27.71667 34.44187 17.66736 12.23175 35.96547 23.92884 30.78341 11.08305 11.58643 24.42185 35.73141 0.0 36.61039 0.0 22.17133 
1000.0 27.76783 38.98719 29.55503 0.0 28.2191 26.9291 31.30162 14.59287 42.78614 42.98423 15.67944 0.0 16.33327 34.73873 12.27387 21.57361 16.77757 27.42844 35.51513 0.03296 24.29509 9.61875 44.34731 35.06119 27.01398 11.15622 22.60363 43.88051 25.6315 18.54139 10.80513 36.43548 13.01107 11.58762 43.76885 43.43494 17.92942 26.42664 38.93113 29.87069 28.31313 40.26753 36.24092 20.86263 23.53396 46.12488 0.0 24.96326 0.0 13.38286 
1000.0 12.32889 11.63535 38.39079 0.0 32.71296 29.07769 22.34963 9.86893 23.18344 13.94568 13.06853 0.0 21.29343 24.01794 39.93533 29.35562 17.46397 37.07748 35.88944 0.01166 14.41518 21.86596 35.43714 21.2766 38.43966 27.17058 29.03831 13.40877 21.63542 37.55802 19.12108 44.67961 21.47111 22.25093 12.75817 34.35018 28.43516 11.47165 9.8082 35.42952 17.13972 25.1267 38.9378 12.49047 26.84514 36.27543 0.0 30.48719 0.0 36.07576 
1000.0 44.83242 41.36927 30.90577 0.0 32.49457 24.1882 31.76691 30.44248 41.40515 18.79066 44.34461 0.0 40.0904 25.71318 24.48707 45.85633 21.48513 16.06071 43.95835 0.03651 21.96037 31.11246 10.85506 24.30027 32.35903 37.48727 11.32241 41.32943 32.61496 10.73592 37.45517 37.09258 11.10288 11.89867 44.18254 37.97906 31.81519 14.0742 10.48086 9.96601 24.03154 40.35754 10.41692 31.00821 12.07293 27.43936 0.0 29.4024 0.0 21.1551 
1000.0 11.80265 20.75485 13.59278 0.0 12.18388 31.30222 12.90245 16.84994 29.60174 44.86482 34.50174 0.0 42.01275 12.08988 24.31395 41.70964 40.00393 35.14441 19.94064 0.02881 11.28123 13.06607 39.27281 43.47446 13.52909 40.90951 29.13341 11.33716 36.33886 11.36699 11.25897 17.98603 30.17294 35.40326 22.39519 22.99621 18.57909 23.73935 11.96579 18.56552 32.57788 20.85484 21.51466 37.57724 14.7494 10.87371 0.0 42.60556 0.0 36.46274 
1000.0 16.75046 11.44524 18.41733 0.0 29.13109 44.9605 15.66876 23.20492 40.34168 41.70689 36.00538 0.0 24.6636 19.70177 20.10425 34.13198 31.69393 34.04245 31.65683 0.03515 30.78375 35.4865 20.30078 37.71211 14.85998 38.00839 29.27291 17.45565 23.20509 40.3429 37.2741 22.8506 30.13194 21.85694 23.0039 21.23029 10.18357 9.86098 18.5769 29.95543 14.93224 45.07689 9.82492 33.56942 26.66326 19.32802 0.0 40.88812 0.0 26.85697 
1000.0 31.94367 36.84272 22.46034 0.0 32.52248 15.30586 12.50536 17.67222 29.90072 45.98364 19.89399 0.0 36.83093 44.77268 43.42583 17.90977 24.95537 43.24503 10.02286 0.02141 23.22262 15.63703 30.06195 13.38199 37.60245 42.98723 33.56555 13.15236 11.15666 41.63428 9.75265 32.50533 39.17097 26.59279 23.35194 17.70699 36.73495 22.67498 28.95597 18.15614 34.86178 23.1676 25.76223 41.08971 28.16445 41.07354 0.0 25.5501 0.0 23.18116 
1000.0 28.48178 9.85867 20.68382 0.0 25.027 30.99924 32.04274 35.94608 14.75058 16.26472 21.48118 0.0 10.86928 45.20314 32.03333 13.24446 45.77779 10.00937 40.78372 0.04602 45.98885 43.85226 39.37463 26.26156 34.38073 29.03062 25.68783 17.83455 23.38016 15.53513 21.47857 42.17478 20.53833 20.59271 44.30939 17.46509 40.35841 25.53811 19.5991 27.03809 42.58749 31.90368 14.38115 28.82512 20.51875 34.14579 0.0 28.57645 0.0 11.27445 
1000.0 24.66421 27.19757 10.20202 0.0 16.38789 35.75712 33.54285 23.05863 29.3925 34.45521 39.77732 0.0 31.09568 22.93901 10.6833 19.60938 34.22055 30.27093 36.86192 0.01601 13.72993 16.07559 18.08824 11.19457 39.01411 44.51842 31.15823 45.53578 21.73961 16.39228 39.5525 18.35872 18.0334 44.88463 10.77686 32.35103 40.32061 19.12122 44.4579 31.65418 26.22786 45.27867 14.02116 41.65541 16.87012 43.51386 0.0 26.56653 0.0 14.51891 
1000.0 35.51896 11.67249 36.41485 0.0 30.11561 39.77112 15.84704 38.79253 31.38316 30.95617 35.62659 0.0 21.05777 35.37578 40.69506 22.22547 41.50791 11.49663 29.1927 0.0389 30.0906 29.08456 12.1248 11.43605 24.10635 41.65385 23.47395 17.52613 39.58297 22.72402 45.51713 38.92561 33.16896 23.99438 15.82117 40.61456 32.19286 11.65017 36.15142 9.61102 26.89644 21.6471 14.38913 30.77548 10.38341 43.22228 0.0 28.19815 0.0 19.8978 
1000.0 14.81224 23.99197 29.09772 0.0 30.9743 41.8042 21.92777 35.3459 10.64188 20.7169 9.90037 0.0 36.5538 23.7998 38.64183 14.92878 38.71829 24.7559 36.19988 0.01007 23.76546 20.80227 43.63495 44.8846 28.89397 39.8707 26.17595 39.88818 45.21206 11.90378 19.02252 33.90268 14.66056 38.23246 38.76206 38.49503 24.20716 30.54086 30.88557 42.76628 33.75572 33.34272 39.82629 15.55776 24.1057 30.61139 0.0 22.68561 0.0 38.87608 
1000.0 16.41357 36.27424 29.50872 0.0 15.49858 15.09305 38.3166 11.41191 34.73378 14.86798 25.463 0.0 10.9057 16.14944 32.0303 44.15482 43.05567 36.96915 15.59678 0.01642 16.02425 33.76802 25.02478 43.82099 39.50271 34.07984 9.89061 12.84787 34.95565 10.71634 17.01967 9.85607 12.09744 18.71857 17.41169 14.34843 29.38461 16.14666 16.93358 36.23809 11.24401 32.17223 36.76569 28.42275 20.6229 29.18414 0.0 21.82501 0.0 39.98052 
1000.0 31.13876 36.65014 17.5741 0.0 19.26767 42.40049 33.67641 24.22612 10.62466 22.71487 13.20169 0.0 36.28237 24.66348 25.47816 17.86638 28.21174 45.88114 41.30518 0.03835 21.43196 20.22381 35.69583 26.65702 34.72898 35.25922 16.94343 38.92931 39.94053 33.82296 24.63175 28.10312 18.2398 16.60338 39.67679 17.02866 44.39575 15.26417 24.25187 10.40065 10.25805 32.28141 42.69181 20.73727 37.50923 45.61199 0.0 43.71748 0.0 12.18487 
1000.0 17.71063 45.77213 19.36934 0.0 38.02919 35.77077 12.16704 14.39149 26.00062 33.78301 14.77994 0.0 23.56346 15.72604 23.49134 45.05846 19.51071 35.6628 15.85593 0.03984 28.09946 20.21321 19.09328 22.32565 20.00296 41.34931 21.07719 28.33392 44.79624 35.97739 30.25484 34.12061 41.79598 9.255 22.48689 39.96626 10.73489 13.48869 21.12178 33.66257 22.04577 31.78889 24.36813 17.10195 34.39479 28.89593 0.0 14.25723 0.0 33.5674 
1000.0 20.62577 34.53837 28.93258 0.0 43.46703 34.14368 23.1893 24.78564 20.12677 44.64233 38.45641 0.0 32.51093 30.0175 45.47369 29.83607 15.00574 27.8852 11.98727 0.01267 26.50473 19.80623 21.59138 10.76203 10.80552 9.92484 14.59075 40.1973 26.38048 12.05711 29.90289 33.93851 16.31671 15.34934 9.80392 17.3223 10.12301 30.58679 40.78395 30.49658 35.46727 38.35526 23.77718 34.5039 24.23459 22.8623 0.0 39.66567 0.0 16.00133 
1000.0 27.09103 28.25507 43.99164 0.0 15.58905 42.16411 21.18505 33.26199 38.24532 37.53197 25.17947 0.0 24.61508 34.9975 34.74047 42.56811 25.68949 28.99438 33.72678 0.03331 45.6677 10.33413 35.10965 26.42133 10.17784 10.32747 33.9577 44.66732 42.78504 20.44609 13.08771 13.64583 27.22716 35.1829 11.28843 39.76263 26.69238 11.20329 25.50176 38.1432 28.17171 38.41167 16.39624 39.49459 30.79914 31.25643 0.0 17.96567 0.0 21.22107 
1000.0 37.55585 25.55104 22.97796 0.0 29.72435 31.53515 28.03168 32.11461 27.57136 34.94545 26.86264 0.0 31.39472 42.9911 33.52855 44.33427 14.03238 11.47431 16.99377 0.03378 28.0213 18.95761 26.22763 26.67894 41.17717 44.89751 23.65932 28.02866 34.73548 31.08769 28.90701 14.86404 14.96095 9.54676 31.74363 26.37523 45.92459 26.42449 21.55601 11.58069 13.62285 36.55281 45.91497 39.09122 12.00204 20.27763 0.0 10.41408 0.0 14.77965 
1000.0 28.00056 13.58198 19.70562 0.0 19.95649 38.90088 29.4495 10.12815 34.00885 27.18408 14.1258 0.0 40.17516 16.89228 40.67143 45.62068 39.42982 33.02012 38.53382 0.03167 36.35348 33.2639 44.13963 42.6888 11.76778 41.14634 23.02528 15.98216 18.48681 19.42818 17.9179 17.34709 37.28972 22.19109 29.04035 17.07804 22.29513 32.91198 39.47371 12.01791 21.85115 30.59214 18.10839 39.01021 38.39749 22.89228 0.0 31.75334 0.0 28.34756 
1000.0 18.80966 12.01218 32.37292 0.0 28.44442 43.24895 26.52329 26.33955 42.02695 23.6832 9.92169 0.0 22.39204 21.82216 18.87098 25.20745 16.08698 23.66088 9.90421 0.02577 12.65557 11.37189 13.67602 24.17397 42.68957 15.63295 11.65685 10.52398 42.05511 44.40223 25.64958 22.07548 17.91907 9.80223 45.00912 43.74359 21.43862 15.73135 33.9076 29.99092 19.37429 13.17425 11.61786 41.15271 17.49494 30.35058 0.0 17.91212 0.0 39.39101 
1000.0 23.46714 42.90401 19.25196 0.0 33.84741 39.66545 20.26508 46.01664 24.99738 40.92371 39.05801 0.0 32.87273 43.31414 29.85678 44.46575 23.49061 23.79223 20.55935 0.04039 43.70927 40.46518 22.1911 16.33212 20.68651 20.35912 29.93481 9.57899 40.88277 42.51719 43.7056 29.26071 22.56864 12.18976 35.08182 10.47998 36.3656 22.78984 36.03777 36.25086 35.80496 12.16136 19.25082 16.71176 20.08478 21.29069 0.0 12.42685 0.0 24.36924 
1000.0 30.20682 26.78977 34.20723 0.0 34.88466 40.57582 45.54186 11.51584 19.58253 11.35781 44.226 0.0 19.23756 27.01139 25.75875 9.77862 43.88953 35.76504 44.25189 0.01963 13.02272 15.95734 12.65653 35.55724 35.49065 39.63078 31.95157 40.83557 23.72638 13.86527 35.12021 20.51432 36.57441 19.54121 22.46051 20.26771 28.5393 35.44734 37.16464 30.64475 15.46921 23.42027 33.32754 32.57671 31.16236 10.02716 0.0 45.01316 0.0 36.83342 
1000.0 15.83062 33.58274 15.899 0.0 18.32878 24.72299 27.56203 28.45388 20.39622 28.81357 11.65304 0.0 11.97923 36.36619 31.77543 38.61927 29.05184 24.41952 14.28642 0.0202 30.77306 19.11256 17.4086 20.91535 33.23911 43.10129 33.82581 21.89767 19.53326 29.60299 29.46095 17.79579 41.84084 12.50982 35.99834 36.34227 16.67133 19.20659 16.26298 12.53846 36.80878 34.79602 29.68937 45.10501 45.01526 12.78841 0.0 32.09573 0.0 22.07891 
1000.0 23.88242 21.78559 10.51051 0.0 18.81034 15.12783 28.17041 14.85629 15.06216 11.2816 44.67328 0.0 17.39266 42.13768 41.90095 10.58435 18.49735 9.84728 16.46847 0.03596 39.42598 26.07607 38.42458 31.04624 39.45424 16.53586 19.83709 13.06885 29.68266 43.10519 23.92918 23.00548 21.23645 23.29966 15.3175 25.69689 35.55995 28.77072 15.31726 28.37377 42.94052 16.4504 28.33884 42.27721 17.73607 39.91422 0.0 23.89741 0.0 18.95642 
1000.0 42.04041 34.72767 41.05888 0.0 42.65154 35.41135 21.22864 19.19755 17.30466 14.64333 39.95824 0.0 15.08673 37.7519 30.70341 23.62893 28.36566 40.43123 27.3909 0.01921 24.26572 34.0257 15.35962 21.58957 10.05278 40.26564 35.53831 9.73809 36.92853 27.03747 12.27515 20.16126 30.21125 28.10684 15.86163 18.12191 25.27833 15.46799 42.70233 29.82301 32.51983 16.0999 28.76495 14.50528 44.78877 12.83125 0.0 10.10601 0.0 30.18907 
1000.0 18.28028 34.86639 16.75562 0.0 13.72467 41.68485 25.18249 12.80334 27.144 46.11785 21.44547 0.0 16.33701 31.94906 27.61014 24.15575 25.55831 35.05183 36.94312 0.03951 24.60441 45.59175 12.47097 34.12675 40.04545 16.14478 21.57047 26.13706 27.46656 26.07399 14.72834 43.51199 44.18037 26.7096 31.28569 21.19707 16.98207 41.18981 33.13911 20.65525 25.77034 24.53712 33.47411 29.70724 36.91341 13.66117 0.0 40.24176 0.0 20.34428 
1000.0 15.83466 34.45475 11.66949 0.0 19.69057 36.45661 21.10997 21.44016 40.02939 36.82722 45.81719 0.0 24.54607 28.73784 30.04676 22.10132 34.33485 28.50138 23.50911 0.02632 20.79806 19.05288 41.90343 40.99799 30.59436 45.69247 24.29515 39.10602 12.06937 39.24419 16.0128 36.02641 33.37603 12.75828 28.58713 35.57929 13.198 9.40223 18.33274 9.93341 29.09096 20.42892 17.16924 23.66665 9.8564 35.87159 0.0 23.20398 0.0 12.76623 
1000.0 0.0 0.0 0.0 31.33989 0.0 0.0 0.0 0.0 0.0 0.0 0.0 19.99976 0.0 0.0 0.0 0.0 0.0 0.0 0.0 0.0 0.0 0.0 0.0 0.0 0.0 0.0 0.0 0.0 0.0 0.0 0.0 0.0 0.0 0.0 0.0 0.0 0.0 0.0 0.0 0.0 0.0 0.0 0.0 0.0 0.0 0.0 13.57285 0.0 24.10678 0.0 
1000.0 36.16405 19.07992 37.86341 0.0 22.45177 26.0334 33.38489 14.43819 17.65523 20.17796 27.26898 0.0 26.57067 23.53734 43.42358 11.09001 10.02434 35.72379 39.66541 0.01832 30.88467 21.45186 45.34592 43.28158 14.36928 18.15753 19.70768 12.33129 30.17472 46.10261 14.99409 12.10638 15.31816 45.56222 43.47977 29.68301 41.93285 37.61341 26.93687 32.40399 36.23386 27.74609 37.32137 44.42885 24.15132 11.81784 0.0 27.93937 0.0 36.09665 
1000.0 0.0 0.0 0.0 38.88383 0.0 0.0 0.0 0.0 0.0 0.0 0.0 32.34383 0.0 0.0 0.0 0.0 0.0 0.0 0.0 0.0 0.0 0.0 0.0 0.0 0.0 0.0 0.0 0.0 0.0 0.0 0.0 0.0 0.0 0.0 0.0 0.0 0.0 0.0 0.0 0.0 0.0 0.0 0.0 0.0 0.0 0.0 17.8097 0.0 9.90788 0.0 
1000.0 24.10876 16.9919 31.14502 0.0 29.78745 22.04382 35.77005 38.38638 42.13774 20.63882 24.81416 0.0 27.63858 46.13858 23.03942 23.1609 40.41713 27.28423 36.37573 0.02943 35.87695 17.42369 36.42752 11.17475 45.31196 27.48553 23.44006 34.2806 43.6692 18.182 40.54937 44.09054 35.01783 37.12599 28.3764 40.85288 41.02854 16.98234 31.64539 36.31052 33.30073 27.69678 34.61736 43.37993 27.46275 19.28847 0.0 35.45799 0.0 26.86612 
