1000.0 1000.0 1000.0 1000.0 1000.0 1000.0 1000.0 1000.0 1000.0 1000.0 1000.0 1000.0 1000.0 1000.0 1000.0 1000.0 1000.0 1000.0 1000.0 1000.0 1000.0 1000.0 1000.0 1000.0 1000.0 1000.0 1000.0 1000.0 1000.0 1000.0 1000.0 1000.0 1000.0 1000.0 1000.0 1000.0 1000.0 1000.0 1000.0 1000.0 1000.0 1000.0 1000.0 1000.0 1000.0 1000.0 1000.0 1000.0 1000.0 1000.0 1000.0 
1000.0 27.55307 35.61351 20.48726 0.0 13.64296 15.13399 28.74237 29.47797 8.25559 22.55969 9.29264 0.0 11.10993 23.9957 26.68926 22.25047 9.62662 32.38499 16.95703 0.01896 25.61841 26.71272 15.15561 37.20833 20.11539 15.2076 32.10714 15.61812 36.88148 29.90613 36.84694 15.17418 8.27137 26.67484 22.69955 28.03884 32.07653 33.44094 14.19255 19.43829 22.78128 19.63878 10.82116 20.84107 25.25749 28.20664 0.0 33.54882 0.0 14.10238 
1000.0 16.47175 18.21806 13.97393 0.0 11.14533 9.10363 31.02736 32.94988 27.24222 28.29393 9.97511 0.0 11.1253 29.40027 24.28823 11.17646 16.51513 13.21844 21.16347 0.02237 12.04525 10.7221 13.76265 17.31233 16.57044 25.47082 28.15481 12.71814 11.21185 12.84695 9.31126 29.23469 8.8088 35.53179 36.15348 20.68432 7.67181 31.53524 19.9525 33.03132 11.47809 28.81842 16.93468 27.72721 27.87858 21.62632 0.0 19.66501 0.0 18.55881 
1000.0 22.81627 21.64521 11.59294 0.0 8.82187 22.23232 27.09537 26.92786 12.99736 13.30315 30.92169 0.0 32.08743 35.94647 13.29211 28.61343 32.67188 29.61875 27.74521 0.01418 32.16927 35.70082 21.72795 7.85613 23.97628 21.43845 28.80544 19.56082 12.82483 28.93136 17.2897 29.48462 25.01482 16.32666 22.77071 10.77348 11.26415 8.33633 17.91427 18.00497 17.06596 36.28616 21.63575 31.41423 17.26435 32.71653 0.0 15.6297 0.0 31.74336 
1000.0 0.0 0.0 0.0 20.01706 0.0 0.0 0.0 0.0 0.0 0.0 0.0 23.9066 0.0 0.0 0.0 0.0 0.0 0.0 0.0 0.0 0.0 0.0 0.0 0.0 0.0 0.0 0.0 0.0 0.0 0.0 0.0 0.0 0.0 0.0 0.0 0.0 0.0 0.0 0.0 0.0 0.0 0.0 0.0 0.0 0.0 0.0 31.9915 0.0 15.73019 0.0 
1000.0 15.78577 14.46839 21.83766 0.0 8.01378 24.70666 24.66587 8.93718 21.10862 36.24052 11.05456 0.0 18.47267 13.77547 25.34864 9.6484 8.81052 15.74305 8.72952 0.03562 29.86464 18.48496 12.28853 26.71933 18.55839 13.27333 30.71087 32.27517 14.13887 10.0149 8.48607 32.75347 27.61298 32.24317 24.66001 36.66254 24.70626 22.81162 18.59214 20.57624 12.75649 8.77952 33.60606 27.64439 13.25354 14.25228 0.0 24.97006 0.0 17.0279 
1000.0 22.11568 24.21797 33.47631 0.0 15.36662 35.74432 34.11999 29.94018 27.20898 32.37115 12.99355 0.0 35.69319 13.48442 24.0956 27.21797 19.01463 14.8719 18.08083 0.02922 23.13493 30.74639 23.44564 27.53346 11.03468 24.82732 17.65983 27.12797 15.593 20.49674 16.00615 25.82028 20.16567 16.99489 14.59202 17.91612 37.18924 25.36246 20.11202 10.62639 17.67971 7.59374 36.88387 21.19846 9.15031 19.55793 0.0 24.97016 0.0 30.64089 
1000.0 23.60802 15.01507 21.35266 0.0 23.49823 12.62632 15.69532 12.55589 14.1415 32.06729 33.64536 0.0 26.56423 8.36605 31.59291 16.83292 14.18428 19.43368 28.32353 0.03498 37.12979 34.41681 32.01167 8.66395 19.89367 8.28224 27.68208 10.40826 13.47077 30.24768 29.76214 16.16556 13.79607 27.08646 16.98134 17.25867 27.2325 25.78691 20.52204 21.96929 16.29703 8.46032 36.05445 17.27087 19.54287 32.71121 0.0 15.22545 0.0 9.76087 
1000.0 29.09111 30.57856 28.35726 0.0 28.66466 31.74195 7.79525 25.08684 34.09947 25.35353 31.46662 0.0 34.44873 18.00791 21.81074 19.42187 28.09875 21.80232 31.12732 0.02788 20.77343 14.85053 29.0591 20.04837 32.41036 31.80317 34.69775 35.22781 15.40221 12.22152 30.47359 24.81336 36.9529 10.00523 23.74688 21.14336 13.62948 25.92319 20.26606 17.44937 19.70162 14.82814 36.41635 24.67683 17.75373 34.00235 0.0 27.5561 0.0 33.4666 
1000.0 21.20589 12.66148 34.80085 0.0 19.01408 11.35202 12.67568 22.543 27.09968 26.78433 28.91915 0.0 32.26742 28.65415 15.86598 17.98945 8.89352 34.95624 8.07761 0.014 17.13208 24.72502 17.03278 16.29384 10.79224 23.85681 24.53903 13.95791 32.09298 23.13431 26.44845 11.06744 17.21076 21.17979 26.42843 29.99559 26.9597 7.82739 11.66162 35.30136 35.22463 24.45763 20.70854 12.24217 13.87075 35.9005 0.0 29.25364 0.0 13.29072 
1000.0 28.80104 29.14005 11.42531 0.0 30.26058 30.29802 25.0451 28.49865 7.56341 15.25327 30.84598 0.0 26.13689 35.65976 33.4203 20.26389 12.46706 22.78189 22.5177 0.01269 18.37925 25.5361 10.51374 16.44744 12.59652 16.62355 22.13855 33.67333 8.499 12.09045 12.01577 15.59834 26.25081 27.02072 25.55434 25.52222 19.01096 13.96837 19.1195 15.37789 23.79857 25.40733 33.32603 10.25644 36.27197 10.75354 0.0 30.98114 0.0 25.52236 
1000.0 23.8734 26.19247 13.64204 0.0 27.37693 26.77269 33.43514 33.71186 36.96927 31.73123 10.51696 0.0 32.43366 20.31707 11.67432 13.02187 20.21236 20.93315 23.42008 0.03622 19.08043 17.63374 26.93643 10.86503 30.72715 8.49221 21.42374 7.88428 15.08185 25.93634 25.80051 25.2198 21.7418 32.9434 9.68186 36.22205 20.65073 9.9531 32.43135 14.95065 12.85345 32.19614 13.63868 30.72277 26.67642 20.91832 0.0 21.75465 0.0 10.09901 
1000.0 0.0 0.0 0.0 21.67631 0.0 0.0 0.0 0.0 0.0 0.0 0.0 16.69328 0.0 0.0 0.0 0.0 0.0 0.0 0.0 0.0 0.0 0.0 0.0 0.0 0.0 0.0 0.0 0.0 0.0 0.0 0.0 0.0 0.0 0.0 0.0 0.0 0.0 0.0 0.0 0.0 0.0 0.0 0.0 0.0 0.0 0.0 18.50231 0.0 26.27048 0.0 
1000.0 11.51087 10.77368 20.45913 0.0 34.33558 9.72016 24.2336 18.00376 25.44597 29.35477 14.67713 0.0 13.07386 17.22262 26.26097 22.48514 16.82087 11.78237 12.22753 0.02816 30.05256 25.6947 14.65726 32.03276 8.15701 25.98554 28.16881 24.8876 37.10591 12.45203 34.99251 20.07123 18.04892 8.17385 24.63465 16.40677 27.43416 26.74196 34.19974 9.91706 8.54788 25.45393 30.12798 12.94882 11.41743 16.64242 0.0 24.31398 0.0 9.05989 
1000.0 24.33182 24.4908 29.16874 0.0 23.4278 13.01531 9.70898 31.33331 29.51186 16.28647 9.36247 0.0 12.87228 19.60498 9.12736 14.08536 30.60273 16.18292 25.98703 0.03363 34.12277 12.71138 25.5477 31.90637 11.47698 30.83562 11.14903 17.2328 9.83325 26.33575 26.82088 25.7626 11.31785 8.73811 24.1265 32.23648 26.47676 23.027 12.11595 26.25572 15.97783 32.66897 7.6375 29.72515 25.273 18.7354 0.0 28.73814 0.0 9.46927 
1000.0 30.6235 28.51087 19.86187 0.0 12.96886 36.17857 27.8735 23.74759 25.38233 22.81811 32.22264 0.0 36.34544 9.24092 17.07689 34.26554 25.10447 36.9126 27.2823 0.03754 12.70528 22.99781 26.72873 17.04046 16.91844 10.65221 35.59088 14.07844 30.66589 26.67598 33.90122 24.49465 32.68586 29.88411 14.85693 23.90582 31.18429 15.3958 30.92768 15.89076 22.73013 24.97189 19.92 17.33801 9.81773 25.04978 0.0 16.83852 0.0 28.29325 
1000.0 21.89259 13.16193 21.28259 0.0 36.71172 12.23243 27.37062 32.80405 18.45284 25.97802 34.47121 0.0 19.18058 29.67737 15.19956 12.43344 36.61844 21.81581 12.56451 0.02268 32.13152 26.49832 27.31133 33.14411 9.66654 8.98289 26.24036 19.04437 17.81854 20.32861 34.72684 21.42868 19.1327 18.89673 35.59031 36.94861 28.33817 19.73366 28.1122 32.80012 36.797 16.87907 31.97335 21.6665 9.84077 12.74522 0.0 34.38614 0.0 7.96353 
1000.0 34.28684 26.19335 13.38703 0.0 23.67774 21.73638 16.56532 26.85082 11.67719 19.90696 29.79284 0.0 36.47198 7.57183 7.67121 25.87405 11.5164 9.23293 31.59497 0.01196 17.18495 9.81478 30.24495 36.43979 20.30556 18.17964 25.09592 20.3239 19.55468 36.79389 16.1642 18.29737 7.45968 20.10669 19.36768 31.48575 20.08102 35.45307 12.60014 21.63356 29.39585 15.0557 32.7253 7.48274 33.76033 22.13595 0.0 24.90129 0.0 20.54878 
1000.0 14.1792 26.8149 12.47306 0.0 10.65977 22.7743 14.61261 19.20633 23.27814 19.71384 31.17562 0.0 14.87836 22.65299 27.64543 8.63348 34.48383 16.3401 20.55544 0.02472 11.97038 35.44946 19.11985 34.12002 30.77717 36.78087 36.24983 23.70139 37.13343 19.60704 19.84824 10.43134 21.43144 11.76737 34.00363 33.35749 20.9452 32.81441 7.44969 34.82556 26.21315 11.49902 20.60639 9.24444 30.81604 9.39682 0.0 23.6467 0.0 14.35857 
1000.0 28.78895 36.70977 18.38011 0.0 34.78443 36.3407 10.01635 24.59965 34.51732 22.89644 27.87532 0.0 16.84043 25.34186 22.17201 21.64252 13.77817 32.3162 28.03641 0.03905 28.35709 27.69407 35.40767 35.12985 24.94411 28.35672 35.93263 26.40048 24.70909 15.02432 8.81815 19.58524 12.40211 17.15552 8.05109 34.1377 12.4504 9.74889 28.68953 9.43611 23.99708 28.80289 28.38602 26.13001 14.54099 20.16464 0.0 32.76758 0.0 20.2839 
1000.0 0.0827 0.08342 0.16616 0.0 0.12608 0.13274 0.05721 0.11696 0.14799 0.16572 0.10921 0.0 0.09741 0.09693 0.0949 0.08842 0.1689 0.11032 0.08881 16.33546 0.15756 0.1401 0.10937 0.16116 0.03512 0.14533 0.07165 0.11885 0.14204 0.09573 0.07434 0.16264 0.15937 0.07364 0.16108 0.14782 0.10523 0.04271 0.10764 0.16266 0.13188 0.07252 0.09722 0.16072 0.06361 0.16029 0.0 0.09047 0.0 0.12063 
1000.0 21.07696 7.73368 33.57254 0.0 21.72745 17.25012 14.88694 19.69656 32.07325 19.17726 21.63766 0.0 17.10577 19.02807 20.58951 27.85578 24.0467 18.73677 22.2511 0.01775 29.39001 32.6972 29.38595 26.3006 12.97612 34.38757 17.90958 14.50874 10.09856 13.21083 34.40973 18.85402 20.40085 21.17716 32.34351 21.98253 32.66736 21.26925 36.78117 25.03442 13.00489 35.01239 11.3025 12.9435 22.90317 22.29322 0.0 21.33687 0.0 14.41678 
1000.0 19.58887 24.94916 21.95884 0.0 31.25836 30.35642 16.16089 30.81358 10.65747 27.3742 14.58832 0.0 24.49439 16.60529 15.49621 34.29722 11.29774 24.06327 22.23865 0.04024 29.57751 9.03608 14.916 17.57168 18.56769 31.58662 30.61913 9.03529 19.70921 28.39454 32.1286 37.07826 20.2989 17.46331 36.61755 27.83843 35.84739 13.0742 17.785 18.24467 21.33868 28.13183 31.2532 36.96809 14.24398 34.94872 0.0 17.48522 0.0 31.19279 
1000.0 21.84618 16.73623 27.90251 0.0 30.55952 18.10323 17.27142 22.65108 16.72543 17.29407 12.14188 0.0 19.4124 14.90099 17.78271 24.65064 32.47785 29.82108 10.81803 0.03537 12.99789 29.78519 12.46108 9.21423 7.93061 29.36788 20.38147 27.57463 37.07397 27.60472 8.13176 13.12181 29.5993 11.17584 30.92738 34.17848 30.12435 13.56689 34.84443 28.818 35.51057 9.13729 15.82444 32.83336 30.0226 24.17384 0.0 27.07224 0.0 29.41103 
1000.0 29.64044 24.73412 11.45703 0.0 20.29476 10.50838 31.76685 29.86621 28.37957 9.33194 8.89232 0.0 36.57227 13.79647 32.09058 20.08626 21.00129 23.52927 30.18325 0.03246 30.7443 36.70935 12.77106 24.686 27.76946 31.03136 23.49312 14.51835 18.93362 30.16387 31.39579 34.28601 22.56648 24.70577 24.93644 16.17965 36.74927 10.33754 36.0115 33.21721 9.49956 9.40385 18.39337 17.24917 34.33114 25.04803 0.0 8.12584 0.0 15.17476 
1000.0 25.19804 27.21886 24.24264 0.0 23.39679 24.16563 17.86013 8.41291 35.71577 23.48561 12.65148 0.0 33.61231 18.68699 19.85563 18.63049 17.34769 32.37183 35.15345 0.03372 16.64651 25.51864 12.2413 10.76724 28.40643 20.30182 11.8711 25.50092 19.83163 13.15713 18.69277 18.83287 20.80321 23.72062 21.85229 7.95085 15.35428 31.80632 24.04643 8.20323 36.05415 21.10694 28.85593 18.906 35.34698 36.67605 0.0 8.15774 0.0 36.57106 
1000.0 25.27644 23.56477 35.27519 0.0 30.03912 35.39897 7.62516 25.7573 9.37126 13.12105 9.42891 0.0 21.57718 19.64168 10.29749 34.15746 27.46623 7.59884 33.60673 0.02025 23.36535 28.51537 9.7067 34.60705 9.54333 10.05655 29.02771 24.40146 35.99564 30.7431 14.7645 9.28338 15.53376 19.02521 31.28909 18.84423 25.83314 25.11542 22.74136 16.16121 13.29721 16.75915 22.2006 25.43311 12.10421 32.09803 0.0 36.75684 0.0 13.89574 
1000.0 10.4561 32.5354 21.97256 0.0 25.61587 10.1264 12.49888 36.11511 36.8546 29.47923 18.10523 0.0 29.53411 27.28311 28.70512 25.3285 13.55896 16.01154 35.50236 0.02466 13.11929 31.77139 21.69013 26.06169 30.06501 35.74694 26.12262 24.66814 35.24839 35.2466 36.94407 7.57426 14.39515 21.95973 19.80284 22.61015 25.69118 36.55183 18.96311 11.6289 27.81651 35.76335 23.14126 22.40777 27.91826 17.29785 0.0 21.91403 0.0 18.0227 
1000.0 9.59472 33.80215 20.01269 0.0 32.55371 36.58445 8.98379 17.91788 33.61703 36.02557 33.60025 0.0 16.17954 23.32394 29.23795 30.72676 25.41652 16.51041 23.796 0.0362 11.35294 21.8917 33.98597 23.15409 23.54131 8.11793 33.51551 26.54895 31.54053 19.61948 12.90704 24.38723 18.50836 10.91602 30.39656 26.01222 35.00679 35.50079 17.62211 26.88197 28.77788 20.15943 21.79987 33.13657 21.04243 28.40976 0.0 36.69324 0.0 32.09188 
1000.0 36.05797 21.60004 7.54738 0.0 30.6598 32.09409 23.51066 32.31119 20.78585 29.40388 34.64256 0.0 19.35206 9.15549 32.94728 9.42382 26.22945 34.73027 22.60076 0.02534 29.65087 26.53242 12.10215 23.78254 25.40402 29.81025 21.50199 16.61973 11.20941 10.02396 16.46326 15.26073 33.75444 8.39243 18.10473 36.39647 15.92873 17.07256 20.66168 24.0722 28.13418 34.86715 36.85309 21.36356 36.18674 28.42671 0.0 33.1121 0.0 10.03544 
1000.0 8.44078 9.35628 28.77142 0.0 33.70475 35.3242 16.82033 34.14786 32.62611 29.01225 11.37517 0.0 16.2182 19.69694 13.13196 24.86068 25.82615 36.81294 27.97129 0.03449 32.89379 16.91041 18.46737 25.41489 26.51451 26.4024 27.42505 28.71281 24.9463 35.25652 27.03402 31.33445 35.63584 9.18717 26.75936 25.94226 31.05743 12.46288 21.62815 19.81574 26.81273 29.6254 24.00084 26.1119 32.18818 26.52017 0.0 36.95302 0.0 14.34036 
1000.0 36.8565 10.29256 36.70452 0.0 30.945 30.89979 31.27959 33.93432 23.8129 7.84914 34.08621 0.0 14.82035 35.90342 20.10924 19.03406 11.36949 29.6223 23.28669 0.02094 24.83187 29.62611 11.86138 26.23096 20.11743 30.94641 30.25853 36.04845 22.01272 11.19314 17.46661 24.87214 30.14344 30.72491 33.33829 18.49342 12.61678 37.19311 24.51651 17.10991 14.57644 30.59828 30.32495 32.08988 20.17294 14.14306 0.0 15.09749 0.0 35.28203 
1000.0 27.79297 36.00124 19.38579 0.0 26.37479 22.05705 32.42455 26.28027 31.51773 9.99304 19.01731 0.0 24.74199 8.11504 12.44849 30.42101 9.51293 24.6658 17.02374 0.02599 22.11807 20.14995 32.05708 35.93564 20.2919 30.46861 28.0976 13.05144 33.87715 33.89807 13.15305 8.25934 29.57446 16.06842 12.02015 31.06963 7.63562 11.07639 10.85519 25.27358 32.8156 8.41281 26.8904 25.47235 31.80459 12.03295 0.0 8.10948 0.0 30.76524 
1000.0 12.22711 34.57838 10.31717 0.0 12.86955 27.67449 25.60992 14.65148 18.12794 16.03627 28.43693 0.0 26.19465 26.5499 26.85664 36.21013 9.32678 22.89413 26.24528 0.04199 30.95666 7.85614 25.82212 35.38587 27.12782 26.76408 11.12025 16.36678 29.04673 29.99148 26.68172 7.94938 13.50451 32.19279 28.66911 24.31709 15.74451 19.92386 12.08818 30.7948 19.5863 25.46083 10.37407 15.62723 16.4853 27.36534 0.0 20.9359 0.0 21.02554 
1000.0 9.86827 36.51537 36.28876 0.0 20.34235 25.64779 13.96751 27.99694 20.76205 25.02475 23.74438 0.0 15.44257 22.05782 16.84669 25.77938 36.40963 30.66254 10.00007 0.02005 21.69066 26.93299 22.87212 32.71857 7.85382 12.99594 19.50635 35.28351 32.99916 23.90284 22.67682 15.84668 31.69096 23.87453 19.34964 14.01818 26.73506 15.82817 34.41536 8.57208 15.23518 17.59547 7.80682 19.28649 30.07993 8.73908 0.0 10.16945 0.0 20.65573 
1000.0 13.62676 15.13245 34.05313 0.0 18.10498 9.68551 36.32511 34.88079 10.98079 24.22024 24.27416 0.0 20.0375 28.48111 31.55859 22.48899 20.6677 21.23448 24.1894 0.02946 8.74409 13.13641 9.09995 33.49108 8.84456 17.8384 31.61101 10.83357 20.48527 8.70469 13.41035 26.65764 25.91233 23.31193 23.4794 25.37201 25.1308 15.30284 10.91979 25.10133 8.06399 10.99142 25.32165 34.7221 27.10129 14.92274 0.0 35.424 0.0 33.58696 
1000.0 19.08699 7.65039 10.89813 0.0 34.78388 23.42022 25.91564 28.89381 14.6512 24.70367 26.41696 0.0 13.96199 20.04902 29.87079 20.60613 10.41224 36.83432 33.70444 0.02341 21.65357 9.97645 17.94464 33.68503 22.82847 10.23469 12.90181 18.8836 9.19947 22.53574 15.4999 29.33955 8.78477 34.43394 24.15701 32.59181 19.87816 9.0446 36.64883 30.45343 29.38108 22.3631 14.56498 37.07285 9.19219 8.66466 0.0 18.73542 0.0 18.92741 
1000.0 16.65609 23.66966 11.90758 0.0 33.84096 28.93785 29.10774 8.38749 22.53282 11.2338 14.88239 0.0 31.73615 34.92406 34.91211 15.73256 21.81111 28.58696 32.36148 0.0262 36.78799 14.22452 26.84987 10.86287 36.1505 19.276 22.08914 28.19151 36.15433 35.02366 25.78319 29.58531 28.96083 23.69179 14.20797 13.81248 10.13874 19.19663 28.12252 11.0065 10.2259 30.09648 30.56324 13.48395 25.31636 18.20388 0.0 26.68761 0.0 26.4366 
1000.0 12.50766 22.03717 29.96082 0.0 13.43162 10.78527 21.34361 29.99369 10.53229 12.23048 24.34531 0.0 10.2237 35.00328 13.56084 17.71897 13.45097 17.68151 28.87917 0.01763 31.5963 23.00379 11.06156 13.62062 22.63869 15.53455 28.46715 25.38559 30.12532 32.46056 10.75965 10.47845 14.71453 16.15699 21.5612 8.8255 9.59981 28.95321 10.66034 20.69727 23.1491 32.55992 32.82191 12.63676 16.28347 8.31327 0.0 27.41807 0.0 30.58704 
1000.0 32.24105 16.11814 19.97372 0.0 10.81563 35.00167 8.00083 28.40424 25.3513 28.17704 17.37172 0.0 7.5281 9.84016 30.52693 29.14868 13.3274 9.34281 25.97953 0.0228 29.7977 17.85465 25.30416 18.7725 16.33808 17.52338 35.42943 20.79336 26.07165 12.06265 16.93006 22.93144 17.42847 32.70255 7.7808 27.48655 25.26008 27.91869 36.30242 13.96407 8.23063 30.66639 32.40085 34.23805 10.07264 24.03839 0.0 18.85045 0.0 12.76543 
1000.0 31.80278 31.14794 31.55219 0.0 34.16894 19.02444 12.16857 32.85756 12.74233 23.35345 10.02483 0.0 30.77663 13.90387 29.69562 36.09835 23.43154 23.47571 32.64988 0.03987 36.4648 9.93051 27.37749 15.81661 20.4538 11.50859 37.09954 24.2392 27.46002 25.20625 11.53116 19.96444 36.44969 35.831 11.16682 26.71015 36.08686 19.79139 36.97938 36.40573 28.21842 22.08946 35.5827 9.68759 14.69257 37.03914 0.0 8.30622 0.0 31.86063 
1000.0 11.06922 26.28963 15.5653 0.0 28.91512 18.56016 28.20894 24.10525 34.21315 18.93578 9.00811 0.0 33.97148 13.01815 10.26169 26.27855 13.8057 29.51443 30.21609 0.03758 8.53293 12.20911 26.4098 18.63034 27.0311 21.31827 11.89497 21.21118 23.20294 15.2254 12.91961 8.7097 19.80201 34.55967 23.55608 34.74127 11.84169 29.38293 36.27162 35.71018 24.75141 36.04376 11.96073 21.96514 16.59422 29.03274 0.0 7.97253 0.0 7.80344 
1000.0 28.28922 33.8453 11.74373 0.0 20.54635 16.41376 36.25246 29.9554 21.33772 18.41124 28.30544 0.0 25.39243 16.97539 10.65896 31.51633 16.5059 31.97186 22.35029 0.04107 8.14267 8.07371 9.62785 23.96191 29.82649 23.9026 27.50754 19.3434 18.05128 9.44421 11.92491 24.50421 23.37129 22.62293 31.70435 26.05286 24.5108 27.47736 28.4545 28.10779 11.91755 19.51719 32.7742 14.5819 18.35549 17.60502 0.0 29.15731 0.0 13.19299 
1000.0 26.88215 13.66428 33.69584 0.0 28.78045 29.57769 23.64449 12.87993 19.27705 19.54085 25.1878 0.0 9.58476 36.90656 23.51296 33.45756 27.34498 36.68084 17.73476 0.04093 35.55057 25.16664 15.84438 33.35173 24.51372 28.69466 15.19238 21.5172 8.01622 18.44053 20.3363 35.48385 25.27859 26.1897 27.51597 8.09691 9.1836 26.86133 19.39486 22.35296 23.03643 13.09376 27.00626 22.68043 12.78008 28.76003 0.0 26.60221 0.0 33.16412 
1000.0 13.07604 10.45176 29.04447 0.0 12.4153 35.50033 23.40188 11.24774 36.33524 7.47888 22.81543 0.0 11.48134 37.12486 22.66979 22.62761 27.2963 32.48076 23.54292 0.01638 9.68074 19.39439 31.35215 33.72721 8.94478 30.36989 7.8087 8.17065 27.60697 13.37965 8.11128 36.80217 10.90028 24.51895 26.42006 22.61667 24.15059 34.15779 30.60027 18.81371 32.48473 30.97098 21.83764 15.50635 25.45325 25.70345 0.0 11.03869 0.0 21.10046 
1000.0 24.96446 13.27682 15.859 0.0 19.64308 10.31026 14.80189 21.34296 31.75578 17.26713 33.8419 0.0 14.45842 20.6731 20.89054 16.07515 31.3119 12.97924 25.8996 0.02384 27.96128 15.92156 17.42658 19.1618 10.79837 16.23877 28.72896 11.24833 16.51115 34.94983 27.71591 10.74556 29.52231 19.03072 29.94906 35.67198 30.35398 32.86086 10.71314 29.70958 25.61198 30.41625 34.40136 35.01585 33.47892 17.06607 0.0 23.8772 0.0 19.03882 
1000.0 10.0338 27.68114 30.69487 0.0 31.56761 31.33628 34.12042 12.63195 19.94844 14.81078 21.16316 0.0 36.05709 24.40975 7.99481 30.62369 25.10507 33.00365 20.54288 0.04177 34.71919 12.03181 24.3007 36.15729 33.18867 24.75965 29.44915 34.81581 16.56727 33.50095 14.79716 35.56654 21.58266 34.53609 32.03481 32.09927 29.53473 8.22874 31.55671 16.59777 9.21365 32.74849 11.394 26.94915 20.12791 29.61825 0.0 17.84488 0.0 10.0994 
1000.0 0.0 0.0 0.0 21.79558 0.0 0.0 0.0 0.0 0.0 0.0 0.0 21.53591 0.0 0.0 0.0 0.0 0.0 0.0 0.0 0.0 0.0 0.0 0.0 0.0 0.0 0.0 0.0 0.0 0.0 0.0 0.0 0.0 0.0 0.0 0.0 0.0 0.0 0.0 0.0 0.0 0.0 0.0 0.0 0.0 0.0 0.0 19.15043 0.0 27.7683 0.0 
1000.0 21.01274 21.16104 21.87441 0.0 35.43613 11.54082 28.65769 10.06808 25.61683 22.70751 31.64288 0.0 22.3893 36.7251 23.8334 27.11647 36.33158 33.81985 29.35291 0.04168 19.14781 31.8901 26.27108 23.7744 20.87725 19.17289 16.35682 8.43849 35.68217 14.68433 32.17407 8.60323 33.23008 31.56128 15.33941 21.34542 22.46843 35.09442 28.71486 7.78136 27.32028 35.15146 32.12428 27.36885 12.82165 15.91012 0.0 13.83356 0.0 35.67425 
1000.0 0.0 0.0 0.0 23.36218 0.0 0.0 0.0 0.0 0.0 0.0 0.0 17.83675 0.0 0.0 0.0 0.0 0.0 0.0 0.0 0.0 0.0 0.0 0.0 0.0 0.0 0.0 0.0 0.0 0.0 0.0 0.0 0.0 0.0 0.0 0.0 0.0 0.0 0.0 0.0 0.0 0.0 0.0 0.0 0.0 0.0 0.0 8.96783 0.0 8.38296 0.0 
1000.0 18.97139 21.42009 12.52776 0.0 10.01966 23.49773 22.23717 21.36346 10.35712 27.45932 17.08239 0.0 37.12547 11.43048 33.95322 12.19064 32.83729 13.03038 19.51874 0.01642 23.99197 14.57781 36.28713 24.84429 29.48023 15.32845 21.44699 34.35017 12.28502 31.23318 34.57706 16.71222 12.99175 10.65477 7.99525 25.89626 22.33707 29.92962 12.61078 33.64588 20.22083 36.15174 26.24104 36.09102 23.89049 36.25755 0.0 21.0995 0.0 16.23211 
