1000.0 1000.0 1000.0 1000.0 1000.0 1000.0 1000.0 1000.0 1000.0 1000.0 1000.0 1000.0 1000.0 1000.0 1000.0 1000.0 1000.0 1000.0 1000.0 1000.0 1000.0 1000.0 1000.0 1000.0 1000.0 1000.0 1000.0 1000.0 1000.0 1000.0 1000.0 1000.0 1000.0 1000.0 1000.0 1000.0 1000.0 1000.0 1000.0 1000.0 1000.0 1000.0 1000.0 1000.0 1000.0 1000.0 1000.0 1000.0 1000.0 1000.0 1000.0 
1000.0 17.88423 22.31366 31.55198 0.0 16.32892 16.19064 16.00219 33.91549 30.02885 31.87543 12.40682 0.0 32.23527 10.78859 11.6845 35.04665 16.00136 23.97257 30.59788 0.01522 8.08555 11.64142 38.92235 15.3024 13.75429 11.25071 32.12964 30.15425 28.88333 10.74168 19.53909 25.79767 38.16473 24.05307 36.96108 23.45515 18.86653 29.61187 33.61935 13.69776 11.16578 26.40257 35.65409 22.6741 17.73924 33.61812 0.0 31.55078 0.0 24.72316 
1000.0 25.37077 18.0836 32.15995 0.0 13.93561 33.05227 16.75798 22.12163 12.73582 10.8672 35.77336 0.0 33.93129 19.23606 11.93696 9.96887 27.93788 17.70385 29.52963 0.04 31.2292 13.30438 11.74957 38.02711 24.22294 33.83049 15.18651 29.55623 24.55967 36.86446 22.89307 12.80558 9.10959 35.12698 24.06337 37.36545 19.33089 15.85218 13.19095 22.30418 24.25157 18.12946 19.0191 17.46159 8.91273 32.75414 0.0 8.65967 0.0 11.25508 
1000.0 22.25217 35.95517 19.21799 0.0 17.30983 9.507 34.37515 21.4574 22.02742 21.53766 14.8729 0.0 25.83719 9.74638 29.81382 10.61554 10.20482 30.84366 39.03768 0.02998 37.71617 31.8377 24.38659 9.41061 20.64861 20.19921 20.81112 16.18567 16.06301 17.7461 9.63119 36.75479 32.50216 18.45591 24.53675 31.60261 14.63905 32.03539 38.71025 20.39219 28.11235 32.35571 24.71372 29.33708 36.48614 18.24638 0.0 9.33574 0.0 22.28854 
1000.0 0.0 0.0 0.0 28.64361 0.0 0.0 0.0 0.0 0.0 0.0 0.0 21.28369 0.0 0.0 0.0 0.0 0.0 0.0 0.0 0.0 0.0 0.0 0.0 0.0 0.0 0.0 0.0 0.0 0.0 0.0 0.0 0.0 0.0 0.0 0.0 0.0 0.0 0.0 0.0 0.0 0.0 0.0 0.0 0.0 0.0 0.0 33.48653 0.0 16.39459 0.0 
1000.0 13.26487 14.43457 37.55762 0.0 35.05655 17.97275 18.88399 27.6133 15.39077 33.56537 35.20054 0.0 13.5248 30.87387 29.35874 13.88162 23.83449 37.29519 9.78045 0.03475 19.59103 25.20597 8.29638 9.05134 29.89956 23.96242 32.72073 27.03228 13.68933 24.02402 35.76297 18.64461 20.05742 14.19279 25.72651 23.16265 24.11757 26.62105 17.22215 7.92195 25.49564 32.07135 34.5485 16.9651 18.87474 15.34107 0.0 10.12101 0.0 10.17638 
1000.0 36.62654 31.48193 20.67135 0.0 37.91747 26.19895 14.67124 31.29477 34.80748 30.83565 25.51882 0.0 33.51222 31.40757 29.09507 17.58093 18.20446 31.49036 11.61102 0.0338 38.80494 38.39568 29.93466 36.30356 19.20935 13.06097 9.87971 31.08456 14.80226 21.9922 13.33204 8.5863 30.7828 27.45302 26.66086 22.13634 19.69806 19.37481 17.49613 38.89846 8.3059 14.46914 26.98698 18.40308 33.92188 12.99746 0.0 22.92847 0.0 31.05349 
1000.0 16.80745 29.39444 24.97896 0.0 31.59597 17.02922 36.16096 31.06803 29.87874 32.34424 29.10655 0.0 8.95285 10.97279 15.80284 32.73543 36.04718 18.77279 12.08021 0.00932 18.98925 10.81796 38.61131 10.47667 28.9144 21.29373 8.5405 19.05588 33.72411 8.96437 34.81212 14.5899 30.74806 38.26107 11.55483 27.05594 15.70763 12.99044 37.447 27.01765 26.19001 30.5441 15.59853 9.99596 13.98441 33.25156 0.0 38.42942 0.0 21.15403 
1000.0 9.23527 34.81197 33.24833 0.0 33.35064 19.20005 25.44202 19.98174 18.91514 9.91779 17.67068 0.0 30.58183 23.55982 30.30026 12.53038 10.79854 24.01747 19.59208 0.0268 31.30873 18.41886 22.43361 37.77553 19.97906 22.08403 36.90243 22.42514 29.02934 36.64435 15.43836 26.62011 23.25689 34.09597 31.74672 13.44803 16.06121 17.93777 24.52905 12.38139 9.26884 37.90535 17.02264 7.98884 14.8405 30.2116 0.0 7.93763 0.0 34.29539 
1000.0 19.63265 26.61348 27.82707 0.0 38.55436 11.10503 18.39834 9.3126 9.07931 16.80324 34.37132 0.0 37.50825 31.3884 18.75176 27.59765 16.7113 28.96546 14.97844 0.02618 38.92336 24.84724 10.12061 16.88364 28.32004 31.65545 8.08577 34.40804 17.99033 10.94269 14.67479 8.32498 17.71811 26.18519 30.44576 23.84951 37.74765 33.89573 17.46071 24.19177 18.33092 32.40941 37.85579 15.63525 10.52631 26.57942 0.0 23.39832 0.0 33.14961 
1000.0 13.14518 31.02014 31.11467 0.0 12.35574 31.37223 16.26774 34.07962 21.88191 29.75776 17.86727 0.0 30.47629 32.89279 20.92998 13.8383 33.37878 14.53527 13.98545 0.00991 18.15828 14.68258 29.7496 21.32305 30.46648 14.97349 25.09335 19.88741 14.48889 34.69101 21.25469 36.48299 10.48958 25.71072 11.69463 23.89778 8.64386 12.31384 36.24764 30.80257 31.70543 37.41936 16.21675 22.68149 38.82354 10.29186 0.0 36.38329 0.0 13.1671 
1000.0 32.33882 37.00049 13.05418 0.0 20.68813 25.25179 13.03186 38.17712 28.3902 11.13852 27.45982 0.0 19.84497 10.86395 35.16446 31.35971 17.73904 27.43078 37.08262 0.0236 34.13794 25.64302 11.18696 15.55368 38.50181 38.28884 21.62579 11.75077 32.35626 17.31633 36.16249 37.31914 30.17475 22.84823 23.62492 26.76725 21.08787 23.24123 12.70281 23.17003 22.92531 20.5814 20.26888 15.10132 30.53055 9.93205 0.0 19.95982 0.0 17.34173 
1000.0 0.0 0.0 0.0 18.34275 0.0 0.0 0.0 0.0 0.0 0.0 0.0 38.32396 0.0 0.0 0.0 0.0 0.0 0.0 0.0 0.0 0.0 0.0 0.0 0.0 0.0 0.0 0.0 0.0 0.0 0.0 0.0 0.0 0.0 0.0 0.0 0.0 0.0 0.0 0.0 0.0 0.0 0.0 0.0 0.0 0.0 0.0 12.63379 0.0 7.94171 0.0 
1000.0 18.19959 16.59097 16.35838 0.0 17.33607 23.67169 34.88489 29.18331 23.24559 14.42465 10.40813 0.0 22.50829 8.78129 19.32891 23.50408 37.41315 34.67327 32.53104 0.02417 24.6449 25.6376 17.65371 15.6592 7.92741 26.40763 12.56475 20.08042 11.87033 37.90516 30.41923 21.26937 34.42339 35.35041 24.36663 23.46362 19.0262 28.05455 9.27582 16.51498 31.96581 38.93768 26.14758 13.85837 14.54158 21.27329 0.0 11.06769 0.0 23.62835 
1000.0 15.98543 23.59585 23.4916 0.0 20.52581 23.96 32.79123 38.68166 35.5307 18.33799 20.87764 0.0 11.5937 12.83831 22.91517 18.27306 12.33932 13.31916 36.25889 0.02773 22.08859 8.48535 18.21807 24.70539 30.4642 16.29484 28.75908 17.27317 10.9345 24.52021 9.61123 28.2335 19.15839 13.91166 31.31938 34.82237 35.37914 15.73356 35.44591 20.39986 25.31685 21.05845 33.41976 23.40624 23.60805 31.7355 0.0 13.6046 0.0 34.77868 
1000.0 9.99911 29.10059 10.05942 0.0 29.51114 19.59948 26.93073 24.77038 31.1952 20.05612 16.8474 0.0 26.76333 23.72501 10.2302 18.68304 10.54033 9.3902 11.09335 0.03954 23.2941 13.98412 29.27115 34.58051 27.20354 20.8319 28.09359 33.44227 26.49583 11.57641 29.12145 21.88873 38.53325 35.00796 31.35247 34.67547 13.18681 22.66463 36.18097 10.29715 33.45368 17.06314 8.39742 8.00171 23.65483 10.6744 0.0 36.39307 0.0 11.02615 
1000.0 14.08478 13.02594 31.52782 0.0 36.46857 25.3783 11.47668 29.82168 9.39195 24.59879 37.51689 0.0 36.88201 38.97335 21.12351 25.50585 24.08448 10.38049 16.0872 0.04077 17.13851 12.96348 21.15645 30.46236 27.78482 17.23965 34.25531 8.78771 32.57511 19.88913 21.41174 33.5071 25.60095 26.48737 34.82557 38.33682 37.5328 36.63652 27.73489 15.71893 36.1977 34.60474 15.40506 8.59262 29.29859 12.56879 0.0 16.93096 0.0 13.71574 
1000.0 23.06889 18.3945 28.19368 0.0 11.00256 31.99165 28.99265 16.36351 14.47292 38.73658 22.25617 0.0 35.42553 20.94271 10.27023 31.31488 36.07887 27.10825 39.04999 0.03114 28.38129 17.19179 21.39321 20.8479 11.87784 10.59678 9.12538 20.64821 31.18808 36.57813 35.48425 28.79501 13.6943 9.80419 38.91142 26.12462 34.74236 12.99026 26.54003 28.54577 11.14869 14.61744 38.79511 38.60583 35.09925 23.44831 0.0 9.67571 0.0 25.6212 
1000.0 18.68671 15.96144 13.68498 0.0 26.63131 28.52458 14.60664 24.05233 14.15018 11.28552 33.51217 0.0 21.388 25.63606 8.22241 15.53924 16.54122 21.48009 8.87505 0.03267 15.53881 37.5798 8.06731 9.27255 12.14992 21.97694 39.00679 20.99889 11.36045 36.25634 9.56222 33.37555 35.46289 20.28098 13.12649 33.85415 19.77001 11.11042 8.63354 14.246 17.45434 33.24818 23.3886 20.95563 16.26342 10.96357 0.0 11.01677 0.0 21.29577 
1000.0 11.42594 10.22016 12.11359 0.0 36.2856 23.72263 29.43486 13.03085 25.31991 22.08133 18.69296 0.0 11.38949 23.54925 37.69584 17.13622 30.72054 13.59893 19.29994 0.04372 32.73219 34.66756 37.13846 38.03623 20.84444 27.40061 38.5505 25.58512 31.7661 21.86256 17.15034 25.9135 26.87023 38.32326 38.04366 33.31429 23.58433 12.64159 19.09161 25.86256 21.55674 18.70227 13.81179 11.80934 17.32029 36.1174 0.0 31.0683 0.0 25.41863 
1000.0 0.12657 0.12229 0.15998 0.0 0.11519 0.11791 0.07652 0.08124 0.09505 0.14746 0.06609 0.0 0.14172 0.17106 0.08037 0.10133 0.16136 0.16441 0.07052 34.52632 0.038 0.15523 0.06768 0.06372 0.08281 0.08477 0.16686 0.11745 0.15976 0.16521 0.07311 0.08701 0.16794 0.10593 0.12589 0.17165 0.04968 0.09138 0.09395 0.0669 0.14722 0.0717 0.06672 0.15203 0.12727 0.08694 0.0 0.12991 0.0 0.126 
1000.0 23.69509 30.49081 16.81225 0.0 10.59798 17.2473 17.36439 32.76434 21.48207 12.1346 26.31599 0.0 28.04141 24.34619 37.21925 26.89941 39.07963 30.66931 10.55703 0.01684 33.90393 8.28008 18.69205 32.51465 23.93257 37.55764 14.95976 25.34265 13.15498 34.89106 27.36652 16.56127 21.8082 9.12218 33.1688 9.16616 29.97027 14.72396 27.57379 33.7186 27.93257 31.42569 34.68132 33.17744 8.43073 20.35145 0.0 32.60301 0.0 17.07937 
1000.0 13.21601 23.44396 13.34674 0.0 35.01227 9.32081 36.22529 29.38162 17.88594 23.29402 31.25197 0.0 33.10058 26.47361 17.29596 17.94995 10.04254 14.53593 26.65804 0.04409 28.42743 38.40423 23.56369 25.275 32.47533 15.78229 37.01739 8.6874 25.24509 26.6319 17.32704 8.17159 30.13072 27.02214 9.00487 9.66491 38.78807 15.45366 13.79167 11.63277 17.69959 23.29673 25.35327 30.11774 11.3083 21.66898 0.0 30.06705 0.0 29.8473 
1000.0 16.42345 36.96332 24.73474 0.0 32.2626 31.05516 34.80087 21.6717 29.8489 37.56278 27.47311 0.0 25.10302 25.81049 13.62276 12.71844 10.53832 20.42162 37.28718 0.04236 26.39135 9.59352 10.64141 20.28815 9.28508 33.39253 23.74352 26.44158 34.51076 19.84949 14.92548 8.42756 15.33366 37.98574 18.12827 19.24267 12.71845 16.78397 29.81235 35.32519 29.28758 17.68054 22.52851 22.08243 7.95858 7.97126 0.0 29.59842 0.0 9.45729 
1000.0 16.79215 38.91209 28.47883 0.0 18.90033 35.74421 27.37726 19.01339 26.42062 22.4844 9.0225 0.0 16.84907 22.6352 36.6499 37.54309 29.44116 19.05567 30.04121 0.03825 26.75358 21.18535 24.52066 21.25892 25.45459 24.72042 19.68534 18.49036 17.10468 10.36252 34.66547 8.6273 32.93712 23.91068 21.95007 24.09082 34.686 16.84576 8.08823 27.47712 20.67794 23.9857 19.59511 26.40456 10.07558 27.82434 0.0 33.0156 0.0 11.07356 
1000.0 11.5863 29.91541 36.72095 0.0 22.27654 15.65593 32.31556 24.33522 21.28863 13.06794 12.96734 0.0 17.27752 13.33749 29.22703 18.15029 33.33988 31.29469 26.87723 0.02962 32.00732 9.97396 8.94391 33.6952 28.87128 38.48569 16.1336 30.84173 19.38592 37.33571 15.16704 36.47513 16.96453 9.89474 13.80791 25.57662 23.37454 22.91041 16.78882 9.00368 38.41264 32.10555 21.45563 24.37906 16.07415 31.01301 0.0 26.64735 0.0 31.57068 
1000.0 9.22199 31.63855 13.72585 0.0 29.61971 9.0682 32.03104 11.78187 26.90316 38.25594 8.17291 0.0 13.78833 14.29123 36.89942 12.59697 25.16561 35.77232 17.05608 0.00906 30.55874 27.6538 28.85822 27.81685 26.18082 33.49185 24.26292 36.57931 28.95986 37.09749 19.13374 10.61101 35.75699 16.37926 19.39137 34.00657 37.80122 17.20534 36.26073 37.54674 34.50424 15.18215 36.58622 11.61309 10.51136 20.2852 0.0 38.16092 0.0 9.05818 
1000.0 19.19611 30.9722 18.96417 0.0 15.432 28.33846 11.11111 26.24513 34.46835 35.94177 15.58603 0.0 10.8433 15.62374 8.93057 17.85341 8.24892 27.59702 33.05254 0.02107 21.52804 25.77796 22.53801 13.16373 27.12647 19.83655 23.61154 29.47729 10.33848 11.68399 25.31755 21.43539 29.22363 38.9188 25.9021 17.52745 13.44315 9.72092 15.30943 18.49662 9.48163 18.17112 17.9751 17.88251 11.80189 11.1835 0.0 14.64207 0.0 22.14899 
1000.0 32.57004 36.17446 14.86494 0.0 26.90051 21.52307 34.89868 20.17137 24.90534 24.24552 26.65273 0.0 10.68612 12.77191 35.25592 21.89525 14.58388 38.69386 29.95353 0.02149 31.24361 21.26061 21.57731 37.27991 21.72382 31.24066 10.0282 35.00154 11.27211 35.38386 39.0705 18.70974 30.45641 32.45979 9.92447 31.55159 11.02434 11.72058 22.01521 17.91021 32.42348 22.93435 38.13212 32.52084 19.90143 12.3783 0.0 20.63473 0.0 26.06919 
1000.0 34.97279 35.39112 15.34415 0.0 19.3862 17.60656 36.02002 24.68434 22.40794 32.17005 16.27008 0.0 26.36204 37.76521 37.30334 24.87137 32.16085 18.96772 35.96305 0.04398 31.87457 23.61831 18.57998 34.34674 28.37813 18.38652 27.15727 22.0013 14.86379 14.03352 19.4641 34.79221 14.46047 35.30099 21.80563 12.28622 34.16499 34.09047 9.97512 12.48515 29.37108 12.80702 30.25176 33.42053 34.11134 19.79187 0.0 27.09073 0.0 27.49216 
1000.0 11.7623 38.83213 37.45266 0.0 37.5602 32.48805 8.10553 19.73041 29.63582 11.39663 17.40549 0.0 12.07052 34.07353 19.7541 17.3011 18.13903 34.50204 19.3477 0.01701 37.6087 16.28449 24.22813 16.78097 16.25172 35.53956 28.22126 28.05923 35.2153 27.36967 21.73201 7.95532 12.26139 32.98925 15.44744 38.66587 29.82236 10.9985 10.52705 19.56399 16.38828 35.86895 29.54488 18.15563 22.09454 18.62879 0.0 34.76879 0.0 38.13783 
1000.0 36.64154 18.32723 8.30463 0.0 19.46154 37.50523 38.75128 37.69278 13.64005 24.99728 10.24245 0.0 32.49824 8.64723 35.33184 33.18129 33.11714 9.7889 23.11369 0.03727 21.65446 27.48686 35.211 32.76153 23.88418 29.53017 11.95773 34.34786 13.05111 26.6516 22.83297 32.67516 24.02301 27.8868 34.9221 19.84549 33.63655 24.5504 28.11437 32.50741 13.17867 35.96212 32.52301 33.22461 36.10805 38.1348 0.0 35.90671 0.0 18.54415 
1000.0 19.96209 31.1975 35.65721 0.0 7.93227 14.50282 27.0759 27.16972 38.41992 30.9296 12.69284 0.0 38.05708 33.14346 19.0325 12.05012 11.88851 30.91768 35.57315 0.01087 38.99796 17.15748 38.11195 18.5759 15.01765 15.09494 15.22232 32.31347 26.70389 25.07235 9.51878 17.12744 25.82441 14.40306 23.7205 29.10051 31.0609 8.15992 29.85485 8.74231 37.63966 21.27723 34.91705 9.42087 36.88892 30.62968 0.0 37.60833 0.0 12.51725 
1000.0 10.75645 32.77825 18.81512 0.0 27.31738 38.83728 8.00875 31.24782 17.13181 30.17953 17.08669 0.0 25.69365 15.6967 22.18213 15.85401 24.14208 33.49466 34.13531 0.02 14.92411 33.12471 27.73875 31.6703 24.04949 14.4948 18.74182 11.70288 38.15554 27.84403 29.00573 9.61495 33.26433 9.05346 32.80814 27.96202 13.95836 34.15622 37.93716 27.30554 21.87133 11.10578 29.10934 30.98707 16.28911 31.49656 0.0 20.37734 0.0 24.03349 
1000.0 13.01294 32.88269 18.07055 0.0 23.22678 34.03451 25.01783 10.10592 20.1294 27.43718 27.26312 0.0 27.54828 38.19314 10.12367 14.04181 28.28316 37.57329 19.85563 0.02515 35.66615 9.55036 38.71259 37.22407 20.69981 31.10446 27.50186 10.09193 8.60392 13.29358 25.89303 36.65701 22.54312 36.96287 18.01133 30.05426 15.54874 20.06347 16.94877 22.61649 33.94123 33.91771 8.7915 30.43411 27.82607 29.25906 0.0 37.58469 0.0 35.12834 
1000.0 12.55616 30.80539 9.79517 0.0 24.91149 38.57691 8.90337 15.79309 34.14536 25.08055 17.80602 0.0 15.3945 36.76595 24.50747 11.87654 18.05309 28.20483 14.02033 0.04334 25.31663 27.18258 38.32689 25.56534 9.77116 33.62575 18.98844 20.23207 21.37142 21.33962 27.79888 17.89851 36.38885 10.34081 22.21718 27.63135 27.00427 13.61636 32.38884 24.81084 29.88596 38.50505 16.45868 39.06121 33.64231 8.89422 0.0 26.00435 0.0 12.55696 
1000.0 23.15353 32.85861 23.90862 0.0 35.46982 15.62282 29.21096 8.9809 18.00623 26.94099 37.32371 0.0 10.06484 18.52244 14.11041 21.29114 18.56192 25.59914 11.53252 0.01484 29.64625 18.56327 35.86718 19.51081 9.22443 35.50714 34.48587 33.65833 32.54196 36.24234 27.88222 36.12334 18.02653 8.28435 23.97413 15.50939 24.78624 19.33735 15.85957 16.69739 30.01366 12.1431 33.88683 13.35508 30.70492 14.8868 0.0 9.3206 0.0 36.92359 
1000.0 9.70566 14.90694 9.03389 0.0 28.32336 33.19015 30.49031 39.07296 24.33091 22.63893 26.93546 0.0 31.32266 26.93033 27.72719 13.34785 27.87432 35.74226 30.99462 0.04082 25.2403 20.88062 20.69886 13.49467 10.38286 36.31174 13.06736 31.81371 37.64369 28.61529 35.11107 24.35821 13.57165 14.21917 10.23834 21.3734 37.27682 12.99203 27.51004 14.82409 9.15777 12.45924 12.01739 13.28655 15.94069 29.33928 0.0 27.19845 0.0 30.59496 
1000.0 34.429 15.08235 8.18851 0.0 34.67104 32.37512 13.71448 23.42056 24.53747 16.28826 17.72324 0.0 21.96162 25.45975 31.24644 20.80297 24.87724 32.23484 22.91309 0.02143 22.93953 31.49595 15.74922 26.68478 10.6547 26.29439 39.00177 35.79544 16.7815 11.30881 14.46538 31.93334 15.72369 11.29075 31.30391 23.84395 28.87071 20.53916 14.22147 23.83263 17.9798 13.02358 16.89989 17.3391 24.77405 19.9433 0.0 15.71776 0.0 28.97128 
1000.0 12.83555 17.43062 15.97257 0.0 11.52549 24.98635 25.60534 22.41061 11.04635 21.05073 33.87857 0.0 26.06773 24.06874 8.98521 10.0068 30.8265 22.79525 12.77208 0.041 34.67825 28.59955 29.30303 15.53462 25.82426 24.25037 20.13417 25.79708 28.26251 29.6308 22.58031 28.41112 11.33171 13.849 13.26907 28.28333 13.26448 11.29751 25.26838 27.64708 28.43901 22.51292 17.04488 30.25132 15.9924 37.04368 0.0 11.70211 0.0 31.32498 
1000.0 15.15684 14.09561 13.10383 0.0 37.89659 23.68811 11.33953 10.96484 7.94466 21.82141 9.88479 0.0 23.3387 24.77997 9.03636 19.48878 21.77498 12.95298 23.13911 0.03703 32.39199 9.39643 28.14247 16.31936 10.62986 30.80272 11.69724 26.78107 13.72552 9.93239 11.11444 23.42411 22.97941 24.98493 37.59122 30.17219 18.08788 32.79174 9.21933 11.71252 29.82275 32.93234 12.59471 30.26879 10.33884 8.79623 0.0 37.30792 0.0 27.52824 
1000.0 21.78667 35.29114 35.82691 0.0 10.82851 34.79958 35.98044 9.1627 31.30161 9.07705 9.31524 0.0 12.70697 18.13486 13.61439 16.27864 13.80609 36.84697 34.78035 0.0381 32.69639 36.85597 16.79927 35.53818 8.48467 26.99037 17.5781 22.89557 26.42621 23.05613 33.3667 19.76414 26.07693 15.92273 20.16584 29.33538 9.27919 8.42761 29.83757 29.83092 20.16796 13.40008 9.77117 20.91168 25.28095 35.07244 0.0 13.44795 0.0 15.32025 
1000.0 22.22375 25.36025 38.31527 0.0 20.55986 9.3102 29.42581 18.44346 29.84909 9.23505 22.17558 0.0 33.69159 18.76324 30.2712 23.44796 25.3998 37.78504 14.14847 0.03874 29.42941 14.08697 15.16227 36.16503 11.46679 21.46869 27.52257 35.18631 25.01372 36.60254 37.99049 35.5356 9.37863 26.87131 16.86388 26.85891 22.50779 17.46723 25.35179 34.53813 19.58555 28.65414 15.06349 33.22347 12.5691 18.08877 0.0 10.98834 0.0 8.91936 
1000.0 14.96591 8.68111 12.74633 0.0 31.00341 19.80547 38.60757 32.62087 34.52808 34.66891 12.2892 0.0 24.37539 22.33622 32.53925 35.39957 27.7447 15.046 30.44179 0.02176 13.5366 33.43642 28.2189 38.39033 18.1134 23.6951 9.74216 10.66789 31.32951 31.38838 14.45647 27.59681 33.37203 30.22554 36.58742 10.81848 13.87697 9.18998 18.70727 23.36666 31.47908 17.44021 31.30662 36.23705 24.01848 26.35221 0.0 22.85168 0.0 26.30317 
1000.0 22.9766 36.58077 37.30452 0.0 17.45431 14.04193 23.50432 9.49413 18.34165 20.1015 22.49671 0.0 31.27914 15.88627 27.34451 14.17947 24.39978 8.44314 38.32603 0.01978 25.12176 32.06245 16.11878 22.63972 34.65446 21.66952 19.96753 22.3531 31.65735 29.94577 11.12287 22.75328 28.41547 32.15756 27.85819 8.13559 30.07231 19.92738 33.93204 29.43052 16.45986 36.0482 25.30979 19.7121 37.98638 29.85435 0.0 35.49049 0.0 18.57678 
1000.0 25.16655 30.9413 16.10819 0.0 10.03099 27.09594 35.66955 10.60793 9.79168 21.79505 13.48412 0.0 24.41979 11.55942 16.73255 11.8151 36.7814 12.91876 17.94383 0.01024 18.1778 28.24103 15.50877 32.72873 24.11413 8.48724 27.35354 14.30862 37.2032 10.08842 34.05457 26.61123 18.00201 28.40884 22.46813 32.55316 27.77038 27.22501 38.47944 37.66229 25.02392 34.82523 23.1117 9.30571 29.76908 15.61608 0.0 24.59113 0.0 23.34812 
1000.0 19.31984 35.8041 11.35769 0.0 21.11525 22.30303 17.84304 11.22257 8.85115 26.08432 37.51254 0.0 8.40462 26.44971 31.62076 16.2635 31.72427 33.36653 21.508 0.02022 15.60221 8.56181 23.37099 29.83112 13.01672 31.83007 38.04349 32.94817 10.65672 12.19055 16.93692 10.29265 12.05934 21.49327 20.02242 36.91148 13.81854 26.06276 36.0212 32.28248 26.0472 22.87794 9.54191 8.94327 35.55274 18.07407 0.0 29.86078 0.0 17.9258 
1000.0 0.0 0.0 0.0 25.25013 0.0 0.0 0.0 0.0 0.0 0.0 0.0 15.20214 0.0 0.0 0.0 0.0 0.0 0.0 0.0 0.0 0.0 0.0 0.0 0.0 0.0 0.0 0.0 0.0 0.0 0.0 0.0 0.0 0.0 0.0 0.0 0.0 0.0 0.0 0.0 0.0 0.0 0.0 0.0 0.0 0.0 0.0 10.43245 0.0 14.04325 0.0 
1000.0 20.16139 12.71268 29.70399 0.0 22.38904 11.92805 27.04679 15.41079 16.48611 34.37384 25.10597 0.0 35.61613 10.07883 25.70056 8.2455 30.96295 29.40449 38.6136 0.02026 35.3635 17.02909 18.91226 36.9227 24.92888 23.37167 36.89616 19.80476 38.79442 24.40986 8.17357 38.09407 33.90121 12.15288 22.48163 26.41961 10.65771 28.26657 34.26553 14.00039 7.92391 14.18645 11.02663 32.36994 20.15168 36.55712 0.0 21.98724 0.0 14.25866 
1000.0 0.0 0.0 0.0 13.36826 0.0 0.0 0.0 0.0 0.0 0.0 0.0 25.6782 0.0 0.0 0.0 0.0 0.0 0.0 0.0 0.0 0.0 0.0 0.0 0.0 0.0 0.0 0.0 0.0 0.0 0.0 0.0 0.0 0.0 0.0 0.0 0.0 0.0 0.0 0.0 0.0 0.0 0.0 0.0 0.0 0.0 0.0 18.58245 0.0 28.95446 0.0 
1000.0 31.10645 18.73914 11.3839 0.0 27.59075 22.79277 12.53867 19.52489 11.7765 28.39478 28.4698 0.0 31.86249 32.24311 26.04518 10.06523 29.46261 29.49093 23.71987 0.01573 16.97649 27.25953 14.37312 16.39058 11.10722 29.48957 23.00195 28.3932 12.26913 33.87208 14.74285 17.87499 26.92549 13.40931 24.32825 12.83521 25.30694 8.09557 24.38473 31.93435 15.39488 13.97812 21.35997 22.44968 26.07816 15.29013 0.0 19.37768 0.0 25.12128 
