1000.0 1000.0 1000.0 1000.0 1000.0 1000.0 1000.0 1000.0 1000.0 1000.0 1000.0 1000.0 1000.0 1000.0 1000.0 1000.0 1000.0 1000.0 1000.0 1000.0 1000.0 1000.0 1000.0 1000.0 1000.0 1000.0 1000.0 1000.0 1000.0 1000.0 1000.0 1000.0 1000.0 1000.0 1000.0 1000.0 1000.0 1000.0 1000.0 1000.0 1000.0 1000.0 1000.0 1000.0 1000.0 1000.0 1000.0 1000.0 1000.0 1000.0 1000.0 
1000.0 37.85255 9.02242 8.17568 0.0 27.12838 32.54845 25.33749 26.36375 26.45549 10.61741 12.81587 0.0 20.17634 24.64755 16.88488 30.32251 10.71536 33.64266 8.39281 0.01357 19.96774 10.1804 35.59925 13.36041 18.51222 27.4894 27.56654 37.49758 13.98181 19.65604 19.2078 34.74571 26.80258 11.54835 26.34971 12.14811 8.46149 27.89633 8.12581 30.16959 29.21157 30.36682 37.41724 36.3498 10.18137 21.42318 0.0 33.24039 0.0 9.87853 
1000.0 36.05661 34.62748 17.14574 0.0 21.80782 29.09059 30.42436 10.1018 19.47485 11.25764 14.49894 0.0 14.74596 13.58059 29.04542 33.73212 36.50246 31.04913 13.71768 0.02915 32.49211 32.65948 23.79665 35.57131 19.7521 28.87939 32.69481 30.56127 35.62843 7.73613 37.27455 12.07811 33.9948 26.36231 10.26089 21.88763 36.05195 32.35335 34.87449 32.64062 26.78276 24.4242 33.60352 9.71144 36.96748 22.99937 0.0 7.64713 0.0 30.43699 
1000.0 8.33626 24.87514 13.53634 0.0 7.82869 26.39256 25.35068 9.15747 8.81467 16.20269 29.51841 0.0 25.96319 31.27548 29.10716 25.5989 14.83939 31.50064 23.54862 0.0151 23.62203 14.00091 18.90079 8.80468 10.09739 14.88236 18.85778 23.31345 11.67318 8.91367 37.82346 21.02449 35.4455 10.4685 35.97835 19.93529 36.54907 37.27636 11.06185 30.96833 23.94724 13.56755 32.82025 11.27562 9.22829 10.8768 0.0 8.48488 0.0 26.88543 
1000.0 0.0 0.0 0.0 9.72793 0.0 0.0 0.0 0.0 0.0 0.0 0.0 14.7832 0.0 0.0 0.0 0.0 0.0 0.0 0.0 0.0 0.0 0.0 0.0 0.0 0.0 0.0 0.0 0.0 0.0 0.0 0.0 0.0 0.0 0.0 0.0 0.0 0.0 0.0 0.0 0.0 0.0 0.0 0.0 0.0 0.0 0.0 34.16269 0.0 22.1016 0.0 
1000.0 9.74266 10.55574 16.9908 0.0 14.30991 30.85743 34.82823 20.07595 18.9333 9.63399 16.09644 0.0 9.98922 30.67566 25.7547 16.47078 21.67406 26.47118 10.14359 0.03534 28.42886 11.46086 13.76347 25.87767 19.07514 14.90264 16.11186 19.69436 27.62674 31.08045 14.62224 18.05629 11.34693 8.8222 24.1476 17.97139 27.02701 37.60258 16.89075 8.43135 8.2369 27.79325 19.07137 12.56735 20.89143 13.3444 0.0 25.12157 0.0 31.28196 
1000.0 35.54053 36.76107 28.27698 0.0 15.55717 37.12014 27.13124 36.11954 11.56354 33.73403 32.86832 0.0 29.37616 11.14511 8.87951 24.00826 36.95546 21.4525 24.55787 0.03257 18.61365 23.32201 27.797 22.69914 34.05873 27.19661 15.82493 15.91421 34.32962 11.66241 13.98121 34.83026 30.16525 18.40155 19.70512 23.52602 23.39131 33.32755 23.79018 22.10103 22.91231 26.72441 32.91874 14.1616 11.66488 9.73651 0.0 23.72681 0.0 14.3269 
1000.0 32.56469 34.20093 25.52638 0.0 10.71621 10.3966 20.12502 9.73792 17.11417 28.26718 31.69705 0.0 13.55415 25.67231 32.65298 16.62678 9.16204 21.88488 8.6093 0.00905 19.24564 8.09124 24.30982 11.86382 28.70697 23.29883 31.20099 14.67094 16.89901 20.70758 23.13993 32.013 28.15394 19.60337 24.23011 13.95479 20.58566 34.6956 20.03731 9.3521 14.54197 17.00686 28.66139 8.83955 33.4649 36.09987 0.0 35.29369 0.0 37.62487 
1000.0 12.84847 17.59423 26.9153 0.0 23.43641 15.92919 27.18447 35.91136 30.4141 22.83339 9.06969 0.0 13.08178 12.38908 25.64539 31.63808 19.43707 17.91284 32.14968 0.03833 16.84475 29.4146 14.81874 20.8218 36.47303 14.74092 37.63723 17.88272 34.80239 36.18994 32.39995 24.52547 16.74666 32.24344 20.0633 20.2687 7.75782 24.554 31.27346 12.57297 20.55669 10.91757 16.81086 33.81267 19.39082 37.77043 0.0 20.83497 0.0 8.87617 
1000.0 26.43395 23.76298 26.74424 0.0 29.61963 23.41449 24.09455 29.18124 13.06341 32.66478 9.49647 0.0 32.41144 21.47234 23.24665 31.79176 22.24668 21.36609 11.26407 0.03146 26.51281 17.59988 30.89652 23.14189 33.32241 11.36883 11.0106 26.21688 30.05987 24.38945 25.864 35.763 12.6255 31.43176 12.93291 37.66086 33.15007 24.90706 37.27321 26.71713 11.38793 34.42114 37.20719 13.32228 37.40682 10.25842 0.0 33.79276 0.0 16.14023 
1000.0 33.59456 31.87414 22.71525 0.0 20.3533 36.80865 29.33509 24.79763 9.60673 21.2405 34.89354 0.0 12.9541 19.97742 37.36926 11.23634 14.97681 27.6757 16.34574 0.01148 33.16277 19.5703 14.68079 13.62426 30.93214 35.4603 30.20125 28.82771 18.60149 24.76597 12.90868 36.4259 14.53981 14.61357 19.51545 14.47687 32.36965 18.87296 9.96734 20.27691 14.80262 34.13516 20.51934 12.5188 27.09203 17.2655 0.0 18.91547 0.0 11.71506 
1000.0 8.56312 14.04043 29.59692 0.0 27.69711 9.12632 28.97244 18.01565 36.26392 13.81598 32.97778 0.0 24.50113 7.63843 25.88956 20.77263 16.99055 22.37877 10.08616 0.02664 13.18813 17.41236 13.71341 24.25167 11.21084 15.11627 35.68945 22.41084 27.68824 17.53509 18.38083 20.35284 16.39454 29.41688 8.70422 30.93859 16.79498 29.33115 18.85685 24.3215 14.21481 13.34426 16.65788 22.25776 25.53205 11.00439 0.0 28.66964 0.0 15.87325 
1000.0 0.0 0.0 0.0 36.85371 0.0 0.0 0.0 0.0 0.0 0.0 0.0 31.52327 0.0 0.0 0.0 0.0 0.0 0.0 0.0 0.0 0.0 0.0 0.0 0.0 0.0 0.0 0.0 0.0 0.0 0.0 0.0 0.0 0.0 0.0 0.0 0.0 0.0 0.0 0.0 0.0 0.0 0.0 0.0 0.0 0.0 0.0 36.26052 0.0 14.17645 0.0 
1000.0 12.50595 18.51959 33.42966 0.0 34.18742 13.59664 8.78292 17.07797 8.5492 16.25011 37.18267 0.0 35.92386 16.54709 36.9555 22.59364 7.88886 25.5421 16.83533 0.02445 31.86313 34.43139 8.38645 11.32793 21.15999 20.79503 13.97193 32.93713 34.05515 23.24453 33.19926 24.91926 31.27788 31.72078 13.0799 20.90577 24.30202 31.81554 29.53376 29.70497 9.93084 34.8224 12.37009 35.49378 30.63315 12.82965 0.0 24.78951 0.0 28.39413 
1000.0 28.97849 10.26253 12.61432 0.0 14.0239 22.49622 22.18378 14.18426 34.64707 8.85099 10.7716 0.0 22.24006 33.99974 16.80882 13.0003 25.98077 20.09025 26.82011 0.02804 13.9027 22.83527 9.97547 35.56293 13.49968 20.83813 11.19452 8.15284 35.12391 35.79682 16.86546 31.9489 13.56092 37.33601 10.98433 29.41727 24.06749 21.18364 11.12113 11.81996 8.75614 15.60688 21.22166 25.41744 28.31299 29.00816 0.0 12.48934 0.0 14.62757 
1000.0 33.33044 14.45132 23.70896 0.0 14.80801 23.80904 8.84368 28.34799 9.46111 23.88138 34.86745 0.0 8.00077 20.5388 29.37163 15.65688 29.89998 7.90735 19.84004 0.02132 10.91152 30.44839 32.17149 13.09749 11.41492 19.54023 15.50275 12.57916 32.18386 32.54857 26.4174 13.37568 24.82827 25.93554 9.40043 34.89516 35.84337 14.12555 10.69052 21.35562 11.79176 17.16946 29.30973 32.21512 32.53501 26.04274 0.0 29.90588 0.0 18.20662 
1000.0 8.77154 23.03283 15.87655 0.0 30.17855 9.72388 28.78231 8.94671 34.10704 13.63166 33.79092 0.0 35.07094 28.2771 8.87192 30.18472 36.35226 24.75459 23.44269 0.03841 17.02986 23.75309 34.78849 31.80018 29.75914 34.39494 37.7453 35.72338 32.79566 33.46788 11.42224 15.75548 20.45368 29.88199 36.47192 34.6148 30.63077 31.58938 15.93461 22.50453 30.88787 8.55095 13.20772 19.53329 17.78536 16.7234 0.0 26.97275 0.0 13.29804 
1000.0 31.70395 22.01394 14.69086 0.0 18.93283 17.33663 14.0939 32.54831 11.89528 35.22962 28.26056 0.0 13.15465 19.24277 34.89445 37.37732 25.33162 19.03209 36.6099 0.03085 23.84477 18.96646 9.32415 35.81832 22.78059 21.6519 19.13959 11.8042 13.27388 21.48952 34.51959 11.64653 20.28496 20.66244 25.85507 34.65245 35.70954 31.90212 22.70725 37.3935 34.59937 36.0185 12.0458 15.76727 17.76153 17.84582 0.0 34.8529 0.0 17.13911 
1000.0 27.56721 34.4106 26.02383 0.0 17.84709 36.68115 19.72767 13.26286 32.25506 11.77652 16.95965 0.0 28.62168 29.54304 26.02065 10.951 12.63077 34.11661 37.18469 0.03375 25.59192 37.7373 32.53511 30.87096 28.23914 24.26265 23.49497 24.02433 23.80916 18.40198 29.02305 14.41566 31.69655 17.00013 24.44905 19.9689 32.72471 29.04969 21.84063 13.67454 36.97625 14.66311 11.79643 14.05901 23.11879 13.78663 0.0 18.80718 0.0 16.05144 
1000.0 34.65902 15.55851 19.61632 0.0 14.50948 8.97982 20.0762 11.74396 11.86516 10.98697 14.34658 0.0 29.58394 14.17829 26.59716 35.03406 24.37057 26.70553 21.23323 0.01681 22.17505 24.3561 32.73849 36.21495 11.86566 35.89146 18.26838 34.77942 23.04468 12.77355 25.2845 17.50253 18.33504 21.75364 15.8895 27.37487 9.01285 21.73205 18.91689 19.92582 28.39593 32.57311 8.61588 19.56381 19.78803 26.2272 0.0 22.19608 0.0 21.45174 
1000.0 0.07489 0.08095 0.15664 0.0 0.04326 0.15602 0.03579 0.103 0.11278 0.06045 0.05541 0.0 0.11005 0.09759 0.11588 0.09137 0.0834 0.06489 0.09577 14.98288 0.03803 0.07325 0.16739 0.06163 0.06609 0.13464 0.0479 0.15286 0.04366 0.0636 0.12612 0.06976 0.09302 0.04402 0.14101 0.09628 0.1157 0.04141 0.08071 0.1456 0.06039 0.11675 0.0984 0.06899 0.12974 0.14281 0.0 0.03735 0.0 0.1238 
1000.0 35.81634 18.61954 29.03118 0.0 36.89805 10.62625 10.4774 29.27049 7.74376 34.16404 22.7459 0.0 24.80512 8.52599 9.9617 29.45587 29.3252 10.91709 27.974 0.01785 12.9498 35.30577 14.05225 24.43984 15.52283 27.06338 25.85922 8.50156 17.90766 12.93601 26.55476 25.2457 21.88118 26.67304 14.04863 16.27887 18.20783 12.56116 35.7048 25.55624 31.11865 29.70659 23.89692 34.19128 12.25521 8.16332 0.0 15.54321 0.0 8.8874 
1000.0 19.45284 9.55198 30.6674 0.0 36.88205 31.01093 37.24903 19.39801 11.80762 11.20417 14.11497 0.0 20.95416 28.18453 18.63935 26.92513 31.74061 35.8816 28.98484 0.02242 26.7933 33.90961 26.47209 25.99874 34.34077 24.87247 33.3665 25.64539 29.49183 21.5989 35.38308 30.08751 24.7659 15.61395 29.34668 33.18657 20.0077 13.05753 16.57205 29.99035 16.73695 17.40435 8.38412 14.90038 23.19598 36.20885 0.0 19.05876 0.0 10.96456 
1000.0 28.72208 7.9806 23.04903 0.0 28.63786 25.33071 31.40441 33.0374 13.43398 22.3323 19.672 0.0 25.1926 20.49004 10.84425 21.60838 35.94745 16.68918 9.61732 0.02509 21.13751 30.65123 29.56008 16.23382 10.1684 8.06642 37.54484 25.71209 29.24632 24.83142 27.96758 11.39026 15.4367 36.35428 32.18575 24.40672 22.207 20.4396 30.67178 10.99142 24.77833 21.90979 31.13231 35.6494 19.15509 18.97361 0.0 16.32444 0.0 29.48105 
1000.0 36.71791 29.02899 8.3961 0.0 34.42945 10.25567 21.74964 11.10897 27.02326 24.24235 8.21716 0.0 14.38432 29.31387 16.26932 26.99216 33.03588 35.58925 37.38591 0.03024 33.76542 29.58041 31.48153 8.56138 20.28216 16.68109 27.01142 12.3835 13.8399 34.79716 36.11937 15.18735 13.358 9.42073 7.65425 11.42872 13.09273 12.13517 8.24053 30.24969 19.98819 34.00151 11.36282 24.87485 10.25926 24.67437 0.0 15.91418 0.0 21.79959 
1000.0 18.69734 26.43359 30.7492 0.0 11.6558 26.53108 19.52164 32.57068 26.75808 11.77384 9.49015 0.0 25.27239 28.21097 33.09693 33.38197 28.11597 17.3853 27.35769 0.03374 30.06357 26.87739 32.90445 37.33481 36.47344 27.16328 31.65379 31.87647 13.77967 32.79147 21.33094 29.16791 26.17666 22.76277 32.99812 23.82785 8.3324 29.42183 16.1961 20.88833 10.34393 8.73535 24.96356 19.86948 34.48736 25.50079 0.0 32.04657 0.0 22.10481 
1000.0 20.48973 7.71012 19.21726 0.0 25.15459 30.26126 16.16137 16.31101 20.1961 30.74318 10.94485 0.0 31.11732 12.55457 8.7298 28.77571 14.65937 21.12674 13.10684 0.02 31.42509 37.57228 23.09845 11.24992 21.16692 11.90411 37.56513 25.90395 16.72926 10.89035 11.25329 15.19602 34.5626 35.05012 15.64185 32.69359 9.53771 37.54083 16.67075 24.83295 36.33212 12.4403 21.48066 37.67161 22.71731 14.90098 0.0 24.27996 0.0 30.55197 
1000.0 11.3354 26.72586 34.77433 0.0 8.29183 27.22292 35.35648 35.20742 17.07824 33.10365 26.92272 0.0 28.37106 19.87877 21.0662 8.1083 14.54593 18.96995 18.95237 0.03198 14.53029 30.17944 24.5724 25.44158 18.61158 19.08474 14.19188 8.2622 10.99936 28.78658 8.70648 29.41794 22.55193 10.19715 23.32452 26.56212 23.02589 15.16908 20.10182 35.29127 12.54662 35.4901 13.70986 29.20521 11.49248 26.35698 0.0 19.23934 0.0 30.32608 
1000.0 31.25643 24.02413 25.76105 0.0 29.07032 29.40191 36.42037 34.66699 17.97559 35.55385 24.16547 0.0 37.09823 18.68958 14.71411 33.85682 24.83768 35.50162 10.8533 0.01527 10.52069 28.61156 31.51068 37.32619 34.7509 36.57819 16.66282 23.55075 20.65014 32.4054 12.11899 19.35375 19.9463 27.8191 25.80878 17.35444 25.58492 31.50816 20.21379 12.0664 9.53669 22.1212 29.19533 34.13665 37.85535 33.22953 0.0 11.63894 0.0 34.43475 
1000.0 32.66196 26.36917 12.97342 0.0 10.3634 21.93391 29.34138 12.75359 27.19365 31.67067 27.87353 0.0 18.52483 13.76948 20.81468 36.72177 34.71187 16.00103 33.68952 0.02953 19.55273 25.41557 22.28678 9.89114 32.81017 12.87892 24.37455 9.50097 10.72635 24.79416 8.55848 27.37477 37.64836 17.02463 28.86398 36.87842 27.34078 8.0904 34.05393 23.50252 27.59768 13.66771 8.16316 25.43348 29.65358 20.88509 0.0 17.2052 0.0 11.65694 
1000.0 21.05084 20.74779 9.99715 0.0 27.13205 33.12683 21.33169 9.91738 20.87927 8.48229 32.56857 0.0 30.51211 20.46365 13.1219 17.14531 31.5843 22.03193 33.97387 0.03431 36.38302 10.66386 15.33149 25.04474 37.02738 32.81741 32.69917 11.85965 13.68566 22.16179 25.42138 20.85153 35.31429 17.55079 30.89623 36.56046 34.74626 31.20454 24.68271 31.2815 30.85744 13.38701 32.0864 29.9987 15.5652 29.75259 0.0 22.96282 0.0 15.90305 
1000.0 32.02382 29.76174 29.49888 0.0 15.96648 26.44482 33.45199 24.88703 11.01626 25.02514 20.81063 0.0 32.82238 9.40585 14.01292 17.43021 10.49143 15.2965 23.66618 0.04116 13.07506 18.74547 20.2291 24.2053 31.50983 15.22157 36.32928 35.16042 11.00168 27.87827 18.74591 8.13488 27.28935 9.7863 20.42104 17.9465 15.29231 34.90029 22.91797 31.90458 20.24141 20.74411 36.78766 13.68084 35.77745 17.37891 0.0 37.8559 0.0 37.7888 
1000.0 16.08871 24.65469 13.21982 0.0 28.10106 18.90873 24.23354 20.35646 14.33275 14.83325 16.678 0.0 35.14957 23.89834 27.96726 32.35579 35.37249 35.43997 36.61864 0.03673 8.78952 23.46523 29.31975 26.04106 13.93366 9.83672 17.1264 10.12497 30.54985 29.17985 9.82189 19.77152 15.1645 31.75676 22.98791 28.91795 11.19938 23.65966 25.84963 30.22721 9.76637 21.45158 20.22576 32.70965 35.0777 17.53558 0.0 9.28557 0.0 30.30991 
1000.0 25.30919 14.1609 36.33524 0.0 16.10077 27.3471 34.19899 27.18618 23.3883 24.54839 12.81998 0.0 13.33835 20.82212 14.67488 37.28794 37.70264 18.60077 9.9319 0.03407 32.37554 32.44402 7.85002 37.68556 16.86896 31.74033 17.06868 26.97915 20.4048 25.49237 20.32212 36.82507 33.40005 15.54006 10.91065 18.62428 25.17767 27.54358 11.6382 15.84852 33.97839 35.69029 8.84893 14.83998 23.73998 23.45746 0.0 23.29997 0.0 12.59379 
1000.0 20.34568 33.33244 32.34797 0.0 33.24608 16.41259 29.66969 17.9906 15.10854 17.48884 31.41681 0.0 7.88139 33.2536 36.26024 31.13618 12.67239 8.81692 13.90629 0.03437 20.47799 34.41505 32.18069 31.59945 35.8021 26.82712 10.85651 34.59757 27.63715 27.77178 16.59165 36.33788 21.87871 34.12645 28.67252 17.65649 14.04321 18.50246 19.88857 22.91578 9.61821 20.89881 27.16885 12.51748 27.90951 20.92975 0.0 24.20709 0.0 10.12611 
1000.0 9.49803 37.05836 18.29675 0.0 20.62498 30.10716 32.585 32.35444 27.2358 27.43472 31.16163 0.0 37.44406 36.39647 9.35939 27.16092 32.49489 15.01851 31.09383 0.02363 9.90477 11.8321 23.61706 23.70123 7.64433 24.37308 24.08575 32.24098 8.28725 21.45957 18.07306 25.15785 28.57359 23.973 15.45009 27.02431 15.17042 8.34395 15.37701 19.54113 13.77914 31.79069 27.73343 8.3936 11.30424 37.60691 0.0 30.77581 0.0 16.08645 
1000.0 7.8588 34.09346 37.345 0.0 13.83028 20.49015 15.41262 13.21167 21.05177 24.39164 26.07947 0.0 8.79347 11.36483 35.05768 7.58757 12.55999 30.00732 8.88028 0.02179 35.96414 14.88385 15.85074 29.6787 32.86576 7.79517 17.01922 9.08646 37.7811 26.27841 21.80269 31.72951 19.98106 18.35826 10.67988 32.91275 37.12232 8.5147 12.5809 28.02042 29.8824 10.99774 36.6046 10.29549 37.51052 21.00862 0.0 14.2897 0.0 18.5385 
1000.0 11.88144 20.59348 17.39339 0.0 16.35314 17.7162 21.73832 21.0835 18.43236 17.13913 12.7321 0.0 13.42512 17.75951 14.08579 21.41332 9.10918 36.14286 33.81441 0.01691 27.49632 12.63965 23.61712 14.78609 9.28263 18.63384 22.43516 7.78707 9.89264 33.68047 17.36296 13.56516 33.90228 29.65108 10.75516 24.51558 30.18301 33.00648 30.36462 21.01521 28.93218 19.91552 10.14802 22.16817 35.87805 20.20805 0.0 17.11898 0.0 15.15954 
1000.0 21.15601 33.63752 11.12589 0.0 27.29793 33.81026 37.5685 29.34766 34.84064 12.9689 26.55941 0.0 24.63353 28.38506 11.18537 19.11098 11.60097 29.8129 23.01114 0.0316 34.59531 31.47447 21.8138 13.81282 33.95189 16.06368 16.04617 26.0876 36.93228 19.54035 17.01955 10.63671 28.88329 34.77225 28.18107 23.13398 14.31652 14.37493 28.27416 19.01199 30.79281 18.52392 8.46613 15.98584 8.37574 24.64064 0.0 13.37336 0.0 12.73349 
1000.0 32.53776 18.42097 17.4619 0.0 22.31555 28.02845 11.79903 17.3544 24.26213 10.76583 12.23235 0.0 16.31875 20.31628 12.09134 16.78433 27.62865 12.57094 19.2552 0.0147 35.34919 31.65016 13.87609 25.03267 37.84575 15.34724 11.07347 34.82233 29.77827 9.20658 31.70407 31.80838 20.38625 16.29944 32.36506 33.5176 22.87373 29.31624 26.19228 31.85598 18.88774 23.11726 36.51604 31.93561 36.42177 20.17083 0.0 37.52255 0.0 29.78534 
1000.0 35.46574 36.76908 16.91918 0.0 12.61627 18.98092 9.70675 16.13248 12.51526 10.04213 23.06364 0.0 24.74742 24.23555 35.97916 37.75869 12.66879 21.59393 27.01747 0.04065 31.87266 37.07558 20.75732 16.82599 36.77286 34.28841 37.0468 20.19893 14.82741 25.19693 22.69891 37.2329 29.10182 28.07075 14.12988 16.57102 29.82975 30.35843 13.7657 10.11156 31.41181 16.9325 37.24917 15.51386 34.14536 20.00841 0.0 17.84033 0.0 36.82155 
1000.0 19.30415 15.17143 19.13333 0.0 28.74497 20.14579 9.53748 31.79975 25.73476 17.71973 12.86958 0.0 19.17015 33.62754 32.3408 26.32788 28.70442 11.74693 35.28164 0.01848 17.73455 9.67493 18.0217 25.92365 22.88341 28.03296 35.66941 12.81688 33.95884 26.22081 17.66444 12.14456 17.18754 8.34449 15.42163 16.13656 7.60965 35.8701 30.02942 24.36314 24.74847 37.11675 13.82466 26.11555 29.10308 24.52318 0.0 29.40827 0.0 8.21584 
1000.0 28.06619 10.06001 36.86801 0.0 9.31372 23.16097 33.99001 21.36482 16.81459 10.77364 28.89987 0.0 30.78932 32.73785 24.69528 11.86049 36.31775 26.82741 19.69927 0.02826 35.21065 21.01645 18.18191 20.31295 24.09781 36.84882 17.98199 11.71148 17.27968 17.61008 19.653 18.58571 32.91841 34.83962 25.45578 37.53317 29.37433 33.7929 18.7673 12.15335 33.37999 13.67097 12.88677 9.22441 33.26985 28.97499 0.0 13.04151 0.0 22.52175 
1000.0 19.32177 17.43555 25.53854 0.0 11.24155 28.71549 28.26819 24.98534 26.31188 25.78864 29.69925 0.0 16.49918 11.92532 29.99696 30.56406 33.11729 35.50496 37.30344 0.01642 28.76809 15.75929 16.16113 26.28429 37.38801 19.27732 27.11334 9.84192 18.7194 37.05274 28.03326 7.58179 21.50749 18.41496 26.86131 9.41857 25.64573 26.68567 27.49478 13.43153 16.65985 25.83302 20.89265 12.08601 35.60209 36.50682 0.0 35.73091 0.0 7.70077 
1000.0 21.00846 35.52542 27.25948 0.0 31.09944 12.82958 35.33818 20.91245 29.79383 18.13491 25.67296 0.0 35.00708 32.57564 8.85183 24.78253 23.96343 28.08103 14.93952 0.02982 14.90945 33.43793 11.04475 30.6589 14.298 37.27356 27.93638 36.259 16.97653 23.15092 18.41478 14.92667 32.71085 17.48949 18.62849 25.60077 25.3851 29.77795 8.46536 11.55789 19.0117 32.86686 32.49163 10.40599 23.6278 16.51327 0.0 27.85271 0.0 11.76456 
1000.0 15.33587 25.11808 22.4613 0.0 27.25576 26.10615 25.41971 26.51044 20.61029 27.70825 13.96222 0.0 35.28927 21.5797 31.20882 27.4449 22.11643 12.65275 35.84693 0.01486 10.86842 18.08515 19.76598 30.34482 12.84769 32.7819 14.63138 17.75486 12.56429 23.77351 35.49332 37.60153 19.34251 13.72775 20.09012 16.71143 14.91194 31.68455 30.23081 34.98047 20.62515 33.73099 11.9743 29.63096 8.59246 22.06466 0.0 13.01901 0.0 10.73115 
1000.0 20.70597 11.57741 11.13256 0.0 29.62567 36.29167 21.76514 30.34818 35.27559 29.43103 10.3372 0.0 35.46998 27.10093 22.51676 20.21508 27.29909 24.36222 27.56332 0.00962 36.05849 22.20908 37.21146 21.39343 25.33096 36.70606 18.53291 8.64613 15.7755 9.54898 9.16631 33.55977 36.30771 29.73202 10.52458 28.23938 23.37838 14.45108 32.30567 21.17314 24.94037 11.9442 32.26603 32.27006 14.12616 17.07627 0.0 36.79328 0.0 29.10283 
1000.0 0.0 0.0 0.0 36.33154 0.0 0.0 0.0 0.0 0.0 0.0 0.0 21.89852 0.0 0.0 0.0 0.0 0.0 0.0 0.0 0.0 0.0 0.0 0.0 0.0 0.0 0.0 0.0 0.0 0.0 0.0 0.0 0.0 0.0 0.0 0.0 0.0 0.0 0.0 0.0 0.0 0.0 0.0 0.0 0.0 0.0 0.0 33.39796 0.0 32.32686 0.0 
1000.0 31.31876 20.23516 21.04111 0.0 25.26066 20.01264 16.34063 27.23626 13.89922 23.51924 10.03608 0.0 16.97603 28.59938 37.35805 13.10628 22.49808 21.20495 8.89386 0.03761 20.67908 26.19644 29.99847 17.94766 24.92937 10.28251 14.96671 12.80942 26.76008 31.98238 30.11395 26.61805 31.85134 36.97138 22.6147 18.35339 14.44234 29.97149 14.9444 29.21261 35.81736 25.85845 34.91724 17.22342 29.78078 25.99513 0.0 15.61797 0.0 11.39046 
1000.0 0.0 0.0 0.0 15.30313 0.0 0.0 0.0 0.0 0.0 0.0 0.0 36.89856 0.0 0.0 0.0 0.0 0.0 0.0 0.0 0.0 0.0 0.0 0.0 0.0 0.0 0.0 0.0 0.0 0.0 0.0 0.0 0.0 0.0 0.0 0.0 0.0 0.0 0.0 0.0 0.0 0.0 0.0 0.0 0.0 0.0 0.0 28.28462 0.0 14.88742 0.0 
1000.0 31.64664 27.00726 14.26221 0.0 33.02088 35.86136 21.16136 25.13045 24.24241 8.76946 15.79694 0.0 9.37993 36.57503 11.66488 10.35546 33.32453 25.98602 15.67868 0.00878 14.53495 29.62856 16.93434 11.62455 34.58594 33.29504 11.5811 30.06645 13.85811 36.67596 33.40149 11.17443 9.41991 20.44112 10.25122 16.07503 14.41426 14.57776 12.39148 30.32502 15.63747 12.83536 13.63578 25.53032 19.47959 20.60899 0.0 28.75174 0.0 12.20178 
