1000.0 1000.0 1000.0 1000.0 1000.0 1000.0 1000.0 1000.0 1000.0 1000.0 1000.0 1000.0 1000.0 1000.0 1000.0 1000.0 1000.0 1000.0 1000.0 1000.0 1000.0 1000.0 1000.0 1000.0 1000.0 1000.0 1000.0 1000.0 1000.0 1000.0 1000.0 1000.0 1000.0 1000.0 1000.0 1000.0 1000.0 1000.0 1000.0 1000.0 1000.0 1000.0 1000.0 1000.0 1000.0 1000.0 1000.0 1000.0 1000.0 1000.0 1000.0 
1000.0 41.67018 26.04767 42.83568 0.0 30.12413 33.17709 15.74779 26.35474 41.0977 15.53936 31.23787 0.0 38.95675 9.88451 11.26511 31.28346 10.21115 35.27829 29.78398 0.01401 23.42413 34.38193 19.71827 30.8292 34.17556 27.5797 27.72486 34.70173 35.18227 9.43843 11.50769 28.77768 13.09922 12.77001 17.03492 12.83223 41.61818 29.41608 34.38521 19.05081 16.74223 25.04793 18.28948 36.22256 19.35878 30.33859 0.0 14.76929 0.0 11.79149 
1000.0 38.24158 38.73144 42.50673 0.0 35.15936 23.93187 15.52898 32.30699 39.75715 33.84638 15.39751 0.0 10.87347 13.14307 31.27078 30.68051 32.5382 19.29392 30.64325 0.02478 33.3573 32.28423 18.75039 15.61647 39.13889 14.59938 27.46383 38.92124 17.48472 17.21948 38.66722 9.95219 31.46822 32.52921 17.46176 24.8364 25.17318 32.17082 33.71743 34.49918 14.45197 16.32182 21.89519 37.02548 10.7212 28.18341 0.0 25.56311 0.0 20.22023 
1000.0 27.48365 25.43895 15.18808 0.0 25.46098 25.26793 15.139 9.56608 41.72193 12.25825 38.01634 0.0 23.54332 12.34662 16.22628 9.04309 18.4403 17.09594 25.90219 0.04034 14.46295 9.21133 28.48328 27.01377 31.30627 18.6306 11.31186 29.91171 21.0116 25.74333 21.99883 18.17827 31.58484 32.91649 12.0252 19.99966 37.66846 22.58977 24.81452 18.08755 11.88384 18.65023 26.16001 8.6274 31.38689 27.41232 0.0 25.5008 0.0 28.53014 
1000.0 0.0 0.0 0.0 23.76629 0.0 0.0 0.0 0.0 0.0 0.0 0.0 9.63726 0.0 0.0 0.0 0.0 0.0 0.0 0.0 0.0 0.0 0.0 0.0 0.0 0.0 0.0 0.0 0.0 0.0 0.0 0.0 0.0 0.0 0.0 0.0 0.0 0.0 0.0 0.0 0.0 0.0 0.0 0.0 0.0 0.0 0.0 11.85417 0.0 9.44372 0.0 
1000.0 27.09399 12.16633 10.89039 0.0 28.53677 35.67599 34.53181 24.9785 41.29827 33.98061 25.23293 0.0 15.69323 31.27818 10.08249 22.30132 15.89492 29.7069 10.98362 0.03075 39.14127 25.75801 19.18224 12.90946 38.23842 16.93827 42.73455 29.02513 19.83323 22.9351 22.03357 40.87819 18.78258 23.6097 12.68309 39.19908 14.43147 13.90598 17.59026 13.82374 39.72552 18.18372 10.20006 22.18847 8.94977 12.29305 0.0 40.86443 0.0 9.49464 
1000.0 34.533 34.59588 42.10488 0.0 31.58173 14.26108 20.93771 21.00713 23.95474 24.21059 31.77439 0.0 21.38966 35.84058 19.8995 38.34928 16.09762 30.96804 35.69123 0.0462 11.46363 40.067 13.8046 40.88824 42.28654 42.36684 24.59993 23.0435 14.65341 13.83471 32.44802 23.09573 29.18089 13.03464 18.96738 26.54118 30.8871 9.14581 9.3605 34.48495 24.36955 9.67194 27.23462 9.84718 24.08751 25.02849 0.0 40.94274 0.0 16.21708 
1000.0 18.24701 25.3125 11.35622 0.0 26.13569 23.82497 25.42801 39.25838 25.39903 25.3468 32.86785 0.0 35.66241 18.10221 18.24886 11.24587 32.61131 13.8766 16.15019 0.01354 16.47165 11.13748 38.36353 25.28185 35.31207 23.53671 36.89111 41.28255 23.55731 12.86315 24.80181 15.85228 32.70952 41.65886 20.39105 12.05029 16.86716 18.87738 15.46311 27.17385 16.42058 36.05681 8.70007 24.3329 23.01398 35.51642 0.0 35.71988 0.0 34.45912 
1000.0 25.48171 25.26428 40.6632 0.0 35.7714 22.36 9.72875 11.65846 12.40855 35.85779 12.77205 0.0 25.28619 11.83386 22.05012 32.98614 21.18226 25.2722 37.79482 0.03604 24.32176 25.97423 12.40996 41.7742 9.50652 28.46046 19.35062 28.10206 24.8123 40.53606 33.0943 31.52758 42.19472 13.97439 35.40302 20.52361 9.83018 22.49433 26.18146 39.70355 34.85897 27.53524 25.24441 16.53245 23.54092 8.90002 0.0 37.39069 0.0 40.39314 
1000.0 16.17784 32.2494 42.72357 0.0 15.49237 22.04835 26.95691 10.79704 38.97938 40.2076 35.6704 0.0 19.12615 19.56377 29.10494 41.72393 35.51298 37.71676 29.59643 0.03489 41.80259 16.57794 36.12424 37.99837 30.78764 28.8114 29.46716 32.87097 36.41638 35.69211 34.27474 25.41579 29.87162 11.95312 14.99769 22.31016 40.18714 17.82814 13.71804 14.11025 31.31208 35.2673 29.93215 19.53647 26.52995 10.12519 0.0 9.78561 0.0 11.429 
1000.0 17.68356 16.47301 33.49156 0.0 33.68724 40.21302 29.80122 16.6975 36.04338 38.9637 30.94479 0.0 11.60073 22.34317 13.07919 40.07687 31.50814 31.47404 21.29135 0.03289 34.07378 40.94036 13.81558 36.27567 30.78215 12.06171 29.56592 24.097 35.37396 10.21706 32.80012 26.53276 30.10033 20.63959 32.66666 36.37176 30.20205 22.68598 29.85704 18.92256 18.72843 35.56418 13.16027 35.92687 8.68264 13.52959 0.0 17.17167 0.0 30.53621 
1000.0 30.31447 36.9263 15.61658 0.0 38.22685 36.68446 38.52004 25.28031 22.32964 11.96784 26.17219 0.0 17.82312 11.72728 25.5239 13.13693 34.95331 12.8463 22.02894 0.01283 9.054 32.22237 30.52148 32.63446 30.70073 40.96295 20.67496 41.20844 28.55926 25.58311 18.96421 23.26804 36.8484 32.52643 29.72192 13.94211 35.02446 25.3257 27.71199 26.14959 36.51234 38.91525 23.04254 37.27965 25.18331 28.5401 0.0 10.62028 0.0 24.83623 
1000.0 0.0 0.0 0.0 25.09208 0.0 0.0 0.0 0.0 0.0 0.0 0.0 40.22508 0.0 0.0 0.0 0.0 0.0 0.0 0.0 0.0 0.0 0.0 0.0 0.0 0.0 0.0 0.0 0.0 0.0 0.0 0.0 0.0 0.0 0.0 0.0 0.0 0.0 0.0 0.0 0.0 0.0 0.0 0.0 0.0 0.0 0.0 19.47899 0.0 9.18295 0.0 
1000.0 33.79634 18.2783 37.9306 0.0 19.28798 21.61536 19.23158 33.60888 32.16542 12.53911 22.5727 0.0 40.10487 13.75601 31.31246 12.0361 41.57245 22.36107 21.54418 0.04532 37.76368 13.48864 29.14485 24.28774 28.85475 31.94317 37.94854 17.27752 41.12536 17.4737 34.39777 15.13872 36.58588 18.18117 16.07882 28.72865 22.95137 25.54906 40.51681 17.63496 9.60992 29.55981 23.42424 16.73096 14.40005 15.93682 0.0 28.66521 0.0 11.95206 
1000.0 13.02361 11.20299 30.20786 0.0 19.25572 28.24543 10.58919 20.22494 22.10535 10.2461 28.52546 0.0 27.26368 30.55138 19.2253 28.73731 36.06763 10.23325 20.90604 0.01127 33.69583 27.42347 26.39222 10.25375 31.38478 30.45441 14.90052 27.02461 22.94025 17.49996 17.82765 25.96009 19.70149 32.22795 33.62924 9.00409 16.38102 25.90452 9.00035 27.75879 27.05797 31.03763 11.79902 19.50328 28.17177 18.28762 0.0 36.97194 0.0 28.42074 
1000.0 15.90629 19.62432 26.66634 0.0 31.90448 38.12969 29.32201 26.42318 8.65981 36.97148 19.84984 0.0 34.92896 22.10356 10.80916 37.90802 25.07324 41.18601 12.74178 0.01049 29.39422 42.70261 13.30829 38.44883 14.97 41.62004 27.16538 41.83104 15.28381 38.34016 15.58794 17.49679 18.08511 23.36414 9.54048 38.88436 29.92104 12.55524 29.8777 20.5581 18.21193 33.25075 16.187 26.85121 9.5524 26.87559 0.0 42.05425 0.0 20.06732 
1000.0 38.69268 15.70373 27.0925 0.0 16.86891 9.59985 19.1388 22.83114 17.18052 13.05443 22.88927 0.0 39.38873 34.20557 11.12939 21.08818 18.48748 14.41514 18.89159 0.02108 32.43219 14.86657 40.16789 16.38351 22.52794 38.60126 13.66498 20.76812 36.33257 22.64358 11.90775 31.56287 18.50207 14.91482 17.34315 17.62498 14.19404 17.10022 22.1326 23.98359 10.1419 21.0607 10.84699 38.75303 37.26776 18.03966 0.0 33.5853 0.0 34.23261 
1000.0 36.00944 32.67775 24.61591 0.0 9.02197 37.18663 22.56998 35.51793 24.83183 23.97311 20.60892 0.0 35.14548 26.44031 12.26063 35.09677 22.62778 19.60906 11.18415 0.03417 22.18982 12.17131 17.17787 31.76427 23.42693 23.04221 25.42896 27.54901 21.18074 16.19157 33.92128 11.18933 38.09632 23.12739 35.2366 16.42099 35.92348 37.74146 40.20386 31.40957 30.69051 12.34421 14.45762 17.33126 30.73306 26.04096 0.0 21.27849 0.0 29.82128 
1000.0 33.19143 20.9565 13.09477 0.0 17.41488 25.14746 25.22072 22.18778 23.76622 29.32867 32.31037 0.0 16.98162 37.55659 16.66915 16.82017 13.1076 24.64828 35.75011 0.02337 42.34585 15.31254 42.82955 29.6886 32.63509 27.74223 38.4308 30.3322 28.39945 21.44354 14.2871 31.05916 39.02758 42.3322 41.36798 26.34861 28.94342 37.36975 16.6267 27.63118 38.75265 10.25755 23.02726 30.48607 18.44749 13.79274 0.0 13.99136 0.0 27.39409 
1000.0 12.60089 37.50253 21.81997 0.0 16.19604 28.69661 41.50562 17.15333 24.2989 31.76291 24.90152 0.0 10.55782 36.18288 31.92229 38.22645 27.97722 38.69824 38.22279 0.03063 15.20523 23.26854 14.18339 20.29827 30.64717 23.2562 9.18029 10.50417 13.02353 37.35039 29.58733 30.40002 31.71049 22.44305 41.64913 30.05784 16.55903 9.92775 15.19717 38.22286 28.11807 13.09981 17.74518 28.9361 41.62407 12.01052 0.0 29.26537 0.0 39.68706 
1000.0 0.09329 0.17747 0.15223 0.0 0.14686 0.1378 0.16765 0.09392 0.07431 0.12244 0.18186 0.0 0.17935 0.05732 0.09044 0.05656 0.09895 0.158 0.17289 31.95929 0.07196 0.04979 0.16061 0.15922 0.14274 0.06314 0.18336 0.14518 0.15525 0.11462 0.12642 0.06016 0.16563 0.16451 0.106 0.17636 0.04377 0.11529 0.07949 0.07401 0.16037 0.14633 0.16149 0.05352 0.16152 0.14293 0.0 0.10872 0.0 0.04197 
1000.0 9.00274 11.75736 26.02446 0.0 30.46489 13.59771 35.65648 40.96928 30.84691 34.25183 13.01089 0.0 31.9161 13.54325 34.02662 20.2441 26.50392 32.28506 16.37088 0.02438 25.93943 15.08592 16.12415 15.9356 35.93827 38.71383 37.75405 30.77901 9.25327 17.14308 9.25656 15.72452 35.47252 29.32343 36.14647 12.84956 35.80586 39.7187 19.66956 35.35273 9.12523 33.04645 19.71307 26.34662 37.90312 14.62757 0.0 28.90052 0.0 28.95704 
1000.0 14.14829 40.73944 26.2182 0.0 20.43429 28.26025 9.84717 21.37264 30.45728 27.16411 40.12547 0.0 19.54271 37.14883 33.47877 26.08994 30.35297 37.51311 17.54726 0.03859 20.76973 15.08172 13.19175 19.66652 11.73914 15.00692 28.95748 27.60445 25.98611 9.79621 18.60917 15.69961 14.93449 23.02382 31.3552 13.18857 30.72716 12.33921 29.69105 14.62249 34.71323 42.06365 24.92453 17.38523 19.5627 29.80004 0.0 35.47242 0.0 10.97017 
1000.0 28.92157 8.63562 33.71025 0.0 26.59798 20.50647 28.50548 36.5566 32.9915 34.70181 37.37865 0.0 30.54006 22.7556 33.80996 29.89803 33.26029 23.18955 29.71984 0.04348 22.65522 17.74017 17.68754 18.27045 14.46578 11.16403 13.4852 17.50089 11.78691 16.94049 31.86575 19.13866 31.84738 35.68762 17.83907 28.63327 21.43326 16.3274 11.04797 9.90808 21.16538 27.47763 23.51923 23.88809 11.73391 14.36512 0.0 31.64468 0.0 42.73673 
1000.0 27.99428 24.19832 40.77983 0.0 37.29295 28.81136 12.91204 39.48195 9.32206 9.01637 26.081 0.0 10.40635 16.91825 18.73348 41.18098 21.77666 8.97356 40.59395 0.04078 29.58113 39.51845 10.85055 27.95891 37.79931 36.51443 18.04695 38.12781 29.51984 16.96239 34.343 14.31338 16.51121 30.22314 25.10372 35.08981 40.14023 42.41464 9.55724 19.10748 23.24959 29.45589 17.59887 42.78415 8.9294 38.56772 0.0 18.33184 0.0 22.49652 
1000.0 35.16178 16.61015 23.33949 0.0 28.31975 27.62307 26.20382 25.45483 25.06568 19.94495 14.71703 0.0 13.33891 12.80553 41.00166 20.51808 9.04378 9.81898 30.96314 0.02872 28.63694 33.76076 14.97578 40.04522 38.77808 27.68258 27.06987 13.48272 11.92404 17.00064 16.20472 9.97789 39.47362 14.56518 36.12892 14.59094 38.37158 13.24317 13.67325 22.54343 36.61896 19.80148 10.72548 18.64273 35.84339 22.41338 0.0 32.03837 0.0 32.10582 
1000.0 40.37609 9.38057 36.26246 0.0 33.08512 16.62331 16.69917 28.43452 31.91419 40.05108 11.71366 0.0 16.64721 21.85394 39.17808 19.4605 16.84908 26.03213 25.20223 0.03016 36.8067 12.1893 21.37816 27.29845 38.28193 13.53423 40.8255 35.63421 17.02828 9.36809 19.10138 40.37555 9.97453 30.63324 33.5375 19.657 21.79562 30.31871 35.77103 36.90507 32.04406 15.08923 10.23158 42.12063 27.74813 27.9266 0.0 18.95187 0.0 40.64492 
1000.0 15.87981 9.99821 33.19576 0.0 34.9517 28.79979 37.64052 21.12803 41.76812 11.79193 12.01812 0.0 35.27685 28.54103 9.12001 37.26854 33.1597 15.35641 25.39991 0.01791 41.63006 28.88165 27.57605 11.30017 40.54555 32.29736 23.57464 39.67247 34.76927 28.35297 29.52298 35.21024 41.14681 42.01685 14.20371 9.5209 17.45867 21.33557 19.44862 17.90019 21.79005 36.28562 10.87892 36.40635 37.67066 10.86925 0.0 10.39732 0.0 31.08197 
1000.0 8.6044 19.58273 34.64045 0.0 17.80587 28.43703 21.70198 9.33921 30.29298 19.27908 8.88132 0.0 15.60347 28.93666 8.78757 42.09369 23.2302 12.99122 24.29501 0.03952 28.12656 24.89462 32.3747 34.62756 31.31882 42.0004 16.83798 15.28036 14.1086 11.5044 40.06039 41.59018 26.93687 12.95152 31.54827 25.25237 10.88596 27.72632 32.33008 15.79692 12.92539 23.79129 35.39725 31.56148 24.79444 39.80045 0.0 15.35516 0.0 21.56062 
1000.0 24.18584 37.11993 23.63069 0.0 26.8208 32.29013 21.72515 24.50751 16.26843 14.36905 14.80332 0.0 17.86609 39.57336 23.67424 40.66014 13.46928 13.40244 39.74391 0.03752 16.23139 28.42612 16.79295 15.40546 42.32952 30.82896 27.81799 26.41447 38.8198 39.36531 19.70428 39.79439 29.6804 10.4915 18.87063 13.61977 23.59163 17.62781 42.01423 23.54858 26.35359 35.78592 28.74613 23.97867 21.46752 28.52518 0.0 19.16208 0.0 25.76889 
1000.0 40.30605 17.25873 13.32536 0.0 26.60404 27.57607 34.16353 20.61852 34.82647 10.60402 9.89263 0.0 40.83622 33.98445 25.26767 36.33847 19.51926 30.85714 29.28648 0.01759 38.91706 21.43388 15.65417 19.34665 38.4455 14.84349 18.76847 28.83455 38.33695 19.47191 30.59449 22.65463 14.0464 13.41019 37.02028 10.3691 15.31816 24.29941 40.86008 25.44328 20.64507 10.21151 18.75427 15.32333 38.81314 21.21728 0.0 8.86093 0.0 36.92253 
1000.0 39.20005 25.9773 26.67358 0.0 30.88069 28.29114 12.88565 23.19278 23.76097 27.58992 20.48828 0.0 32.57496 14.26861 33.20291 22.50525 15.80347 28.36184 40.19953 0.03813 13.372 25.23759 34.41997 39.28953 40.09036 15.87939 29.81614 15.55337 13.16835 20.35047 36.04304 13.52039 32.07481 26.57653 36.45846 34.54077 26.97037 17.70336 37.7313 14.49063 41.92622 20.28092 22.97499 29.65962 35.35707 22.74426 0.0 15.67192 0.0 12.77072 
1000.0 13.7105 24.32104 29.95458 0.0 9.06507 40.65174 14.88879 14.43699 12.12716 31.28163 15.43196 0.0 24.91316 34.2932 12.08922 19.4162 27.62776 30.19108 24.26378 0.02465 23.51331 32.9314 34.08725 15.76217 39.56661 22.37013 34.50217 30.70013 30.5943 39.13939 39.36843 14.02003 30.51845 26.63064 17.98662 19.18609 23.1067 23.87563 27.33591 36.56514 37.92864 18.64173 29.71543 34.12648 20.78814 9.522 0.0 29.47885 0.0 32.47243 
1000.0 16.51001 34.81137 20.13907 0.0 21.46012 15.09423 30.05225 19.1851 15.66833 17.73341 24.9728 0.0 13.39718 11.62648 22.10631 37.73928 35.15652 11.24944 26.36941 0.04617 29.85523 15.61005 37.40296 24.85193 29.47674 9.53123 28.92451 29.44778 29.28157 27.41518 10.73048 11.14506 40.04049 27.47223 40.04961 28.57958 8.79095 13.10441 26.71436 30.69592 25.44743 42.80772 25.07919 26.86609 15.8291 29.78022 0.0 12.2365 0.0 24.93787 
1000.0 18.02728 35.43443 18.83707 0.0 15.53135 23.02557 8.56932 16.08822 20.07044 36.95325 27.33807 0.0 39.85078 13.73044 34.6978 14.9578 24.66343 16.7181 26.10521 0.04297 28.52819 25.72404 27.65245 29.5135 40.02544 12.88277 13.31042 24.54357 11.30222 32.43349 17.54921 13.3288 11.20997 36.99172 25.55864 29.50396 16.72958 22.3176 39.68036 22.82095 36.81533 23.01339 18.09216 32.76393 22.1166 19.86025 0.0 32.9165 0.0 13.80058 
1000.0 16.00467 25.18119 19.45585 0.0 10.88273 11.35514 29.62295 24.02748 10.61758 23.20072 31.84578 0.0 16.83843 38.83693 28.03273 18.69258 41.15 41.19626 40.02194 0.02115 24.4598 21.19067 22.80432 23.28748 20.51164 9.31392 9.99099 40.83868 39.3441 18.01835 35.61055 10.86107 31.8455 37.17344 30.6495 29.50364 9.12951 13.00883 33.40702 35.35613 18.2134 19.54149 21.6818 39.09783 9.05939 39.01653 0.0 33.61461 0.0 26.94464 
1000.0 37.41302 33.00901 12.63158 0.0 29.10356 23.23747 35.77225 24.2129 28.98572 38.29452 10.05202 0.0 32.75205 42.83083 20.25823 32.0019 14.53598 41.0021 37.41502 0.03609 37.59985 28.53976 38.19574 20.0642 36.00057 8.61484 32.90015 27.08961 19.27144 41.56485 10.09508 34.90068 16.62025 15.97942 11.4163 34.90797 14.15686 39.40331 28.75768 12.45649 23.2148 26.50598 41.43737 13.29363 37.75176 16.34006 0.0 13.78061 0.0 17.6578 
1000.0 39.61412 19.83299 15.46794 0.0 29.07432 25.15111 30.22432 38.09687 19.25515 41.26655 14.17414 0.0 39.7318 31.27806 27.4502 13.43021 24.62337 38.40421 12.73982 0.0156 40.90122 17.27049 26.56561 24.35548 39.3432 24.17454 34.20966 38.54175 17.80347 14.81697 36.64175 32.6508 39.15343 41.84774 10.5499 17.57025 38.32714 25.67556 34.89027 9.34829 23.50942 25.13118 14.83601 30.86757 35.68263 41.92715 0.0 34.06966 0.0 12.73147 
1000.0 36.19569 39.44262 21.86901 0.0 18.07327 23.32859 13.23481 28.65845 9.65605 27.24216 17.57698 0.0 11.70778 25.29982 25.06824 12.95595 29.03971 32.52666 40.2928 0.01503 16.29688 16.11841 24.36157 19.44704 10.1377 10.21859 32.54208 16.25991 19.40533 37.60515 11.29447 20.08615 42.12804 28.98944 36.79382 35.76385 28.20007 22.50631 24.29169 24.47722 39.07835 29.12811 36.27374 22.1505 29.35806 18.7904 0.0 36.90937 0.0 13.27563 
1000.0 13.75794 31.01301 19.55646 0.0 27.23527 22.54616 9.07068 14.34018 20.36349 35.06853 38.43195 0.0 27.46841 29.01584 30.1421 8.95102 41.45813 41.02493 31.38097 0.01041 38.33417 32.73147 16.49372 33.55093 30.57616 36.63647 31.76181 13.72832 24.12547 29.57911 34.32007 29.18115 29.84728 29.31561 30.0229 10.19315 33.92129 38.20587 12.50182 23.27256 32.95233 40.97009 10.95683 30.84613 34.30481 10.82919 0.0 38.07586 0.0 22.19595 
1000.0 40.91216 32.06602 20.50597 0.0 40.88911 9.67446 27.76418 41.70844 27.06531 34.7109 42.80295 0.0 37.25428 20.18893 14.38941 11.23209 31.78454 34.34985 42.60112 0.02307 35.65969 35.10324 12.60556 25.1159 39.7821 24.40176 40.9397 15.81127 15.05777 12.8961 18.0277 10.32186 30.68512 31.87661 36.69885 27.18675 13.06452 29.93347 32.48206 30.41554 11.86066 12.74183 38.84234 34.15814 25.26279 30.16877 0.0 39.20149 0.0 15.94083 
1000.0 17.74323 23.65377 10.55504 0.0 40.46661 37.8113 41.95917 36.40087 14.61362 32.702 39.55834 0.0 22.46224 26.99917 11.49146 14.68203 21.10746 37.80293 18.84134 0.02405 15.97941 35.2521 23.47217 10.03005 19.48669 10.56784 9.61678 12.90231 11.68363 8.66364 30.18743 11.30195 39.67635 36.74484 29.58146 20.15198 39.77318 23.15762 9.14842 23.68111 23.06978 11.32321 14.26871 38.27986 13.62943 16.63877 0.0 15.78397 0.0 36.97063 
1000.0 23.55161 34.87308 16.56698 0.0 25.51947 33.89135 21.20529 34.25244 29.49734 36.82933 41.43977 0.0 37.25065 28.66887 26.11955 13.3827 21.74612 26.30157 11.75245 0.0427 29.29724 36.39318 26.49197 18.03651 40.32315 9.0793 11.7069 27.30371 27.01865 29.8616 40.25711 10.25577 39.50531 18.02934 36.67499 20.32325 42.76127 11.16557 41.63366 38.42562 38.67731 15.59057 32.99061 23.90919 41.49698 28.86299 0.0 8.63281 0.0 11.33371 
1000.0 18.32308 11.26026 11.3649 0.0 16.21064 17.7263 20.58927 31.75423 27.12061 11.86961 22.36445 0.0 9.17895 18.46654 12.59145 26.68428 21.96043 18.81739 27.86833 0.03631 39.15591 21.61239 31.83424 28.28083 10.00849 41.59491 23.46232 40.99009 20.72969 10.64325 14.8466 24.15374 36.78178 39.24624 14.3709 14.05434 36.54121 26.92199 25.84159 30.1488 26.24392 38.34389 12.08791 18.01031 32.93388 16.2089 0.0 42.27455 0.0 35.41991 
1000.0 29.19082 9.58186 34.35077 0.0 26.49957 19.52262 11.02035 40.45765 42.22475 25.34066 16.24439 0.0 36.19946 15.04635 20.95349 28.88478 22.16135 22.77373 36.50917 0.0312 10.42677 28.80193 30.31033 29.79842 31.10889 22.04532 41.88203 27.32542 41.72963 18.86237 27.5835 31.5672 13.82682 39.07937 11.32375 25.60507 18.99068 17.59288 36.11094 15.25143 18.18945 22.77467 16.34365 26.52456 34.48545 38.23187 0.0 39.47884 0.0 22.3242 
1000.0 13.50202 9.53023 36.45151 0.0 9.85145 36.95902 38.7979 19.47364 21.83938 12.86422 25.04423 0.0 38.88713 26.1074 13.25561 14.14622 14.1669 34.9871 13.20377 0.04165 41.55904 26.64251 18.79959 27.57972 34.86337 26.67916 23.25362 33.10018 26.19053 33.06189 29.90133 19.07181 16.39522 28.25525 23.4692 37.80299 38.74444 14.80246 36.03657 39.15691 10.40996 8.76588 39.74439 34.60477 32.78343 24.41711 0.0 19.22003 0.0 18.08478 
1000.0 8.83368 10.70367 38.47563 0.0 9.75405 17.34035 15.03073 33.9412 19.99953 17.87492 38.40452 0.0 38.8276 26.25177 41.19384 42.76641 29.2567 28.8508 38.76735 0.01479 10.48373 30.21804 9.91988 39.90038 22.15346 39.21442 13.90901 34.29608 41.32417 17.69454 39.1421 29.38316 18.93145 30.45435 32.44935 17.97238 10.08724 10.42016 15.31307 25.87225 12.55272 32.48885 25.36322 29.48775 42.25305 11.1581 0.0 40.01196 0.0 8.75877 
1000.0 0.0 0.0 0.0 27.98253 0.0 0.0 0.0 0.0 0.0 0.0 0.0 23.86664 0.0 0.0 0.0 0.0 0.0 0.0 0.0 0.0 0.0 0.0 0.0 0.0 0.0 0.0 0.0 0.0 0.0 0.0 0.0 0.0 0.0 0.0 0.0 0.0 0.0 0.0 0.0 0.0 0.0 0.0 0.0 0.0 0.0 0.0 15.5719 0.0 35.67722 0.0 
1000.0 16.60727 11.32799 27.18827 0.0 18.0691 40.2556 15.04677 18.40181 10.8585 22.84542 29.08153 0.0 31.8602 42.70304 32.92179 36.42216 14.30369 12.39625 36.01342 0.01557 37.94234 8.91265 11.87861 27.80211 17.06909 15.4816 12.43705 34.14705 39.94963 13.656 35.14777 14.18245 31.62644 34.48189 42.4048 21.35246 26.84518 39.94173 34.63508 12.74294 20.67712 40.97785 32.02538 12.08317 40.6178 19.77476 0.0 14.4541 0.0 12.63433 
1000.0 0.0 0.0 0.0 28.46005 0.0 0.0 0.0 0.0 0.0 0.0 0.0 29.57688 0.0 0.0 0.0 0.0 0.0 0.0 0.0 0.0 0.0 0.0 0.0 0.0 0.0 0.0 0.0 0.0 0.0 0.0 0.0 0.0 0.0 0.0 0.0 0.0 0.0 0.0 0.0 0.0 0.0 0.0 0.0 0.0 0.0 0.0 11.904 0.0 17.34111 0.0 
1000.0 17.46063 35.62222 38.8666 0.0 37.87581 22.4064 15.46056 35.58126 29.5904 33.29291 12.76064 0.0 28.99904 33.25315 11.10879 40.22405 33.35398 11.54244 34.39011 0.0185 20.1508 18.68444 14.19336 19.09005 39.4846 42.83652 33.87268 10.69591 37.97792 35.89108 14.5875 20.04668 31.17255 28.1704 35.67491 27.22033 35.21234 41.14583 21.55142 28.59532 35.82342 24.4026 34.60057 39.83658 36.49598 42.15802 0.0 39.00417 0.0 36.62716 
