1000.0 1000.0 1000.0 1000.0 1000.0 1000.0 1000.0 1000.0 1000.0 1000.0 1000.0 1000.0 1000.0 1000.0 1000.0 1000.0 1000.0 1000.0 1000.0 1000.0 1000.0 1000.0 1000.0 1000.0 1000.0 1000.0 1000.0 1000.0 1000.0 1000.0 1000.0 1000.0 1000.0 1000.0 1000.0 1000.0 1000.0 1000.0 1000.0 1000.0 1000.0 1000.0 1000.0 1000.0 1000.0 1000.0 1000.0 1000.0 1000.0 1000.0 1000.0 
1000.0 28.98874 37.38038 26.19766 0.0 39.57465 19.58416 33.48064 41.98891 42.44716 8.6474 32.11969 0.0 36.89339 40.78689 21.81593 9.60922 11.36907 16.03158 23.13427 0.03216 28.65737 36.61354 30.15018 32.93321 13.32865 16.49348 38.37943 24.54589 24.55587 24.32782 35.20598 42.55721 11.39062 23.11537 27.99588 39.79118 11.72648 38.18861 9.23673 25.17724 16.25078 17.26852 13.62909 42.50189 38.75116 14.0885 0.0 29.27857 0.0 42.16121 
1000.0 24.34854 40.92391 32.69604 0.0 37.36516 19.71922 40.37345 14.3233 30.29996 19.1305 19.65501 0.0 39.63981 42.63974 26.99794 25.61109 19.17171 17.06938 19.48456 0.03359 12.2095 32.19483 21.44276 38.75594 21.69031 12.34294 35.95954 17.64507 37.743 41.70167 16.99098 18.74004 38.48047 19.63597 42.93349 10.01105 31.56958 9.06504 9.87902 31.91767 12.43116 42.88793 16.99985 36.11753 34.84344 12.92742 0.0 17.42466 0.0 12.17388 
1000.0 36.66948 39.05342 11.8572 0.0 15.14037 39.95418 28.34574 26.01458 34.42604 20.40146 10.99489 0.0 17.47726 40.21746 23.00469 32.49379 24.12425 8.86562 22.14942 0.02358 28.16094 27.40222 42.88894 14.40774 36.98092 19.4594 42.76961 38.72144 38.22734 21.96323 22.47486 41.3304 35.12614 24.80738 42.58944 30.54447 8.66599 42.06188 10.3569 17.67029 11.64398 35.5687 10.49567 23.57167 26.72141 34.913 0.0 24.01466 0.0 42.98913 
1000.0 0.0 0.0 0.0 25.61908 0.0 0.0 0.0 0.0 0.0 0.0 0.0 18.79061 0.0 0.0 0.0 0.0 0.0 0.0 0.0 0.0 0.0 0.0 0.0 0.0 0.0 0.0 0.0 0.0 0.0 0.0 0.0 0.0 0.0 0.0 0.0 0.0 0.0 0.0 0.0 0.0 0.0 0.0 0.0 0.0 0.0 0.0 23.83345 0.0 26.13836 0.0 
1000.0 37.57098 30.68986 12.74243 0.0 16.43644 19.09746 36.16295 28.3935 11.34213 35.91977 27.87087 0.0 31.90326 25.9614 41.38018 21.54796 39.64873 41.08399 19.02146 0.04126 8.70861 26.07084 30.93714 21.29094 33.28333 32.91045 33.77457 32.24858 26.58696 14.36696 13.58133 11.59497 10.61838 15.4721 18.69244 21.0826 14.10645 31.29319 25.44257 42.99107 42.3258 11.68459 22.7567 30.41635 20.49158 15.41241 0.0 19.1909 0.0 12.07475 
1000.0 13.40296 17.39942 25.36745 0.0 41.18529 25.17652 27.33839 15.5231 17.53964 27.58914 20.32603 0.0 18.39351 32.02006 12.45536 27.97229 42.31964 31.95513 38.39709 0.01677 23.51104 29.34072 19.63333 9.96198 18.7928 32.20462 18.05136 24.84113 31.9338 26.48379 12.12688 13.95266 43.04525 24.26475 40.18468 10.8021 29.2873 26.80566 32.17128 11.48932 30.06383 39.34576 22.18522 14.72202 30.57496 26.00614 0.0 12.06909 0.0 41.70825 
1000.0 22.40956 21.09063 28.96934 0.0 13.36869 34.38951 30.46993 14.18788 20.30037 9.443 31.41251 0.0 41.22308 24.54927 12.31338 16.49878 15.81727 16.18695 10.18628 0.0347 17.27032 30.10916 39.39943 34.91721 38.57681 9.83501 20.9066 11.36041 9.75436 13.54096 23.21949 21.43193 21.16666 25.87103 21.92958 20.36107 37.22926 19.26782 28.79636 9.75357 26.62058 20.57535 12.31898 35.49724 22.18151 15.35955 0.0 23.26892 0.0 20.39455 
1000.0 10.71848 38.97598 24.33473 0.0 37.7179 35.33015 42.50748 12.71832 17.75801 38.89029 31.83108 0.0 40.83443 38.52911 39.90492 22.28351 18.26301 22.36644 10.64714 0.03388 23.76753 32.95021 35.44744 15.83395 23.10101 33.38096 38.1976 29.00687 15.08801 24.56838 31.62337 34.1347 18.40882 20.75023 18.14326 18.80717 30.14438 39.17762 25.68948 17.6949 25.44708 11.64688 9.24778 35.05679 33.82547 23.16417 0.0 12.65577 0.0 21.18016 
1000.0 40.71589 39.83558 30.81387 0.0 28.55569 27.05742 12.18808 37.95665 11.91803 11.78527 21.59119 0.0 37.63129 16.55401 11.76807 26.64265 18.74472 16.53413 12.63004 0.01742 12.42319 29.96397 26.77796 31.32942 39.25452 18.60419 20.53065 33.16746 13.62909 34.93916 9.07367 25.2621 23.06455 19.60523 25.38301 25.60305 17.05558 17.59081 27.1921 40.95281 17.73738 27.8442 40.74331 21.58746 11.32527 34.73406 0.0 29.1718 0.0 19.90281 
1000.0 18.3418 10.43921 12.06137 0.0 35.35832 30.17756 23.89896 28.22215 42.48004 17.57601 42.70889 0.0 33.6219 39.89855 17.19364 26.5274 18.22367 40.51724 19.12976 0.01936 27.0018 40.89599 26.89089 20.4964 13.81192 27.0671 23.40244 25.31569 31.79309 37.91606 35.40968 31.47226 35.62459 19.62629 21.32925 23.52509 39.8026 36.72136 19.1051 29.40716 15.68595 21.42609 22.45183 10.58819 10.95277 18.91848 0.0 26.51861 0.0 23.67183 
1000.0 13.72745 17.64924 26.17593 0.0 11.92421 21.34327 38.65916 16.50565 34.22565 30.9751 30.36119 0.0 36.06861 22.19641 42.29394 21.56537 20.67668 9.51735 41.41289 0.03816 13.72386 16.30224 14.13213 28.46674 41.46405 33.24763 37.39281 13.21281 35.46484 21.62004 33.81674 25.3154 27.08309 31.24221 33.36473 17.48353 10.9363 31.59269 22.19615 29.21525 29.71904 32.11449 38.98675 32.48724 34.78511 25.10854 0.0 35.18481 0.0 31.91738 
1000.0 0.0 0.0 0.0 20.16027 0.0 0.0 0.0 0.0 0.0 0.0 0.0 29.94211 0.0 0.0 0.0 0.0 0.0 0.0 0.0 0.0 0.0 0.0 0.0 0.0 0.0 0.0 0.0 0.0 0.0 0.0 0.0 0.0 0.0 0.0 0.0 0.0 0.0 0.0 0.0 0.0 0.0 0.0 0.0 0.0 0.0 0.0 8.79984 0.0 22.51703 0.0 
1000.0 32.24472 26.72272 10.46159 0.0 20.6688 42.85854 17.76411 38.82499 14.69386 22.58343 30.97389 0.0 41.79767 31.53754 32.15976 9.2551 37.00727 18.78568 16.73078 0.02433 16.41222 26.81713 10.35863 21.65898 11.50035 35.06872 40.49317 28.28504 11.36887 17.46238 39.45383 22.85821 40.11423 40.13552 23.56167 12.12021 23.20223 14.59445 33.30616 12.3008 26.1293 17.81533 29.92868 40.21635 11.35875 20.92118 0.0 24.90938 0.0 20.64505 
1000.0 10.99196 39.81708 32.38554 0.0 38.21877 19.57358 22.46421 22.99881 25.38992 33.10784 19.76928 0.0 28.43424 33.65709 12.12612 24.49375 37.88276 25.12354 10.57776 0.03999 18.8199 21.25432 40.29943 31.04043 19.95919 25.85094 10.67266 25.08272 27.81682 36.67818 29.2872 17.81053 13.54866 16.89153 9.75477 35.90227 35.64242 13.27787 23.68675 21.95508 39.06766 8.65828 36.49981 20.51932 36.80756 21.57733 0.0 9.04742 0.0 40.69198 
1000.0 34.90088 39.67072 17.87241 0.0 15.82053 35.05812 25.88592 29.68153 21.78803 23.69493 22.34937 0.0 10.45869 38.4569 42.04818 17.08911 25.95445 26.35565 13.64937 0.02641 8.98445 34.46397 42.7559 27.87127 10.95925 12.56698 37.39713 13.96589 32.17248 35.09516 13.84351 16.85138 14.64936 32.01967 20.272 26.59943 18.42416 24.2469 23.0806 19.24065 18.30897 23.71619 22.2295 24.56038 16.32389 37.88368 0.0 21.20794 0.0 19.35272 
1000.0 9.68217 15.22622 10.39308 0.0 36.27262 41.29689 36.10357 35.36151 35.04291 35.39896 9.07715 0.0 23.26267 27.87596 32.6758 28.92998 22.7763 26.75362 36.99243 0.02817 14.29372 39.64431 9.77637 21.79171 28.87612 10.68137 11.16575 42.09747 16.81964 22.36804 32.52176 17.19207 35.23987 19.78006 28.56009 18.30258 36.86444 39.20566 42.77693 26.51575 34.76174 14.56991 20.91233 38.43392 11.58939 40.14521 0.0 13.56366 0.0 41.21825 
1000.0 41.35714 26.14387 38.31713 0.0 17.03496 12.62784 11.0509 35.62774 19.40432 40.09879 13.69434 0.0 39.86126 16.65703 39.83909 22.6421 41.39803 18.92519 12.46896 0.04026 20.13643 10.82731 28.5503 8.65295 41.16684 28.15701 13.32028 20.40901 17.91144 32.01762 14.43277 40.80402 15.6373 18.51018 9.1768 16.9958 41.1641 34.06895 34.46102 38.50663 28.07142 38.86862 10.16435 31.93855 23.48374 36.13392 0.0 9.80153 0.0 25.01056 
1000.0 25.46728 28.56309 29.15267 0.0 29.64103 23.32639 43.00183 15.22854 31.75873 41.76675 10.29842 0.0 21.54919 29.00555 11.90408 35.86072 23.86565 17.0673 31.07977 0.02503 25.41383 32.27345 19.88562 40.34491 26.36463 32.98117 9.24553 23.03729 16.25514 14.17758 21.96588 16.92342 36.56044 26.11284 38.0494 18.91417 15.83893 14.61277 42.54704 12.47053 38.43575 15.16651 32.79364 36.25682 34.12483 14.8387 0.0 42.35894 0.0 29.27662 
1000.0 35.57142 40.28323 38.98947 0.0 27.0594 15.95121 10.14849 41.5208 40.11954 22.85456 15.60569 0.0 19.47998 13.27169 21.83189 40.76508 19.88595 14.87373 23.68519 0.02546 28.51575 33.64001 9.83683 18.59731 22.90606 10.58818 33.65042 37.18417 23.65502 37.39572 25.62509 41.68474 19.82903 39.27612 35.66787 29.66842 37.92179 14.50322 16.04216 37.08431 11.57466 31.42855 20.41698 20.87961 28.45162 39.79011 0.0 36.85299 0.0 13.49105 
1000.0 0.08124 0.06387 0.14008 0.0 0.12815 0.15671 0.05539 0.11602 0.05387 0.0574 0.09278 0.0 0.18032 0.14598 0.13694 0.0775 0.05425 0.05932 0.0987 15.18137 0.13126 0.04191 0.16546 0.0446 0.17778 0.10405 0.16649 0.14071 0.09598 0.1853 0.0741 0.15585 0.16112 0.11199 0.08061 0.05616 0.03741 0.06639 0.09161 0.18394 0.13798 0.15826 0.11773 0.12627 0.05311 0.09275 0.0 0.14257 0.0 0.04452 
1000.0 40.98771 21.41073 38.6519 0.0 20.99401 21.62958 13.55238 9.88128 37.75559 25.47194 40.10076 0.0 28.45716 11.88739 21.27326 40.1621 39.11793 14.72022 33.53306 0.01527 36.17643 14.46502 17.56028 18.47476 19.33233 26.08683 24.39569 13.28507 25.47816 30.32125 14.14407 27.23884 35.00566 13.90742 41.38604 20.86752 17.65999 36.32348 29.05289 34.48272 39.99037 11.03039 33.25082 32.452 24.67134 25.02404 0.0 14.82812 0.0 35.79756 
1000.0 29.66734 39.20659 39.597 0.0 15.30252 25.64008 32.63631 25.09753 8.76437 27.44128 28.40073 0.0 21.94556 10.87845 28.62573 26.30503 24.37814 21.7006 34.48163 0.01058 23.54934 28.61932 17.67431 33.59372 35.45991 33.42436 12.34621 28.80968 31.07604 27.05803 10.86918 21.73656 40.31369 12.53662 17.73704 27.60363 22.89445 38.84361 14.80342 14.35936 16.89293 28.90122 24.64264 41.98228 12.12681 13.7009 0.0 33.86283 0.0 34.47339 
1000.0 40.69504 22.16264 39.31522 0.0 26.57058 14.32913 10.90597 15.34295 18.43024 40.24223 36.26903 0.0 22.47038 29.82498 19.49794 14.26431 37.98958 34.67666 34.35431 0.00964 12.38881 30.04406 23.80757 36.89477 12.00649 41.60378 23.81152 41.99237 27.72534 36.03815 9.11228 14.82809 29.47544 30.14707 41.98854 13.59475 16.49574 33.85759 33.32901 15.42552 19.18389 19.89371 30.39535 12.84178 33.14324 21.71805 0.0 28.71462 0.0 42.66779 
1000.0 32.38001 13.41951 16.72699 0.0 19.67939 11.07748 34.95844 20.74408 15.16423 10.54575 38.26891 0.0 33.12278 14.96 34.79452 40.73396 26.21251 23.7151 10.1935 0.01143 17.10305 29.31664 42.04097 10.76687 35.76441 21.71021 17.09131 18.64934 26.9275 34.65061 35.81489 16.04138 33.06998 40.06644 12.68956 11.25737 33.09348 30.02561 28.53221 30.96362 16.70476 29.6905 11.21085 20.06091 24.7355 24.36808 0.0 19.92466 0.0 30.61014 
1000.0 29.71009 19.92974 9.64842 0.0 14.08825 17.85279 25.68427 14.18596 31.96202 26.82356 17.6034 0.0 39.77412 34.74616 10.46235 40.16309 15.20105 37.06738 16.87173 0.02291 17.41137 29.82582 11.41029 13.62629 19.69502 21.46032 39.96868 42.90933 27.28529 20.32932 35.04381 12.06606 13.33718 15.69651 40.45933 26.0545 21.98767 17.7588 35.84142 27.30643 21.80226 23.35283 27.66934 37.67396 40.2308 38.54491 0.0 13.56465 0.0 31.99921 
1000.0 31.73932 37.05647 20.32603 0.0 18.17976 37.88501 14.93439 35.17241 39.05128 14.40845 36.07872 0.0 18.97246 23.16397 30.75029 14.9184 39.75156 35.74774 37.39933 0.02858 33.60975 28.62969 37.22049 11.3514 15.2026 35.62842 15.92004 40.8591 11.71687 38.85917 21.75776 36.34693 33.11133 14.98003 12.74065 13.97176 41.32644 13.02275 13.09882 24.54367 26.3111 40.61871 24.69881 38.89172 23.65143 41.90577 0.0 20.31036 0.0 26.2709 
1000.0 37.53757 22.81567 20.18342 0.0 35.15509 33.97919 18.14395 33.96409 29.93665 26.3607 8.94649 0.0 21.42514 31.26361 9.08114 25.5283 35.64134 19.9281 12.70799 0.02737 28.14498 42.04496 40.46361 10.34862 13.36458 35.67174 22.23238 30.54046 26.2394 43.01443 41.67469 41.51726 24.21914 25.97759 25.68281 19.72076 15.2715 27.72375 13.98693 34.70572 17.68894 22.71464 13.45857 27.66436 21.00794 34.23059 0.0 17.46866 0.0 18.74928 
1000.0 10.95041 39.17643 11.17812 0.0 36.38622 30.37927 16.05158 25.43245 10.17918 19.56795 36.12438 0.0 12.55398 33.10072 10.99862 35.68738 26.02921 31.13309 31.05317 0.02746 15.76583 23.36625 30.6599 28.32077 41.70699 38.47904 37.16543 26.87167 35.4562 19.85895 40.02175 32.98977 40.52541 37.46959 23.61804 14.21847 12.72028 35.74685 11.73308 15.34294 39.07481 37.98623 17.18133 23.64461 26.96143 36.17419 0.0 28.44194 0.0 31.58411 
1000.0 10.56665 31.96536 9.1212 0.0 15.80664 11.58915 18.61457 36.33315 31.50245 17.02483 14.36318 0.0 42.88376 27.44881 27.49006 28.41061 33.92508 11.1138 35.96689 0.03664 30.67084 42.95382 25.64852 37.00282 36.79388 10.08333 37.84377 19.63581 36.84771 11.76941 12.8735 27.01615 25.74787 9.62079 12.69217 17.52688 25.45425 11.08593 31.28917 39.98781 33.56962 23.25037 36.98994 16.55668 30.17432 40.07315 0.0 34.22739 0.0 33.59918 
1000.0 35.90465 16.95067 30.75571 0.0 28.77102 26.48992 26.24945 8.76257 9.49167 14.31826 32.27156 0.0 25.25761 33.58106 14.10225 42.01051 40.20749 31.21837 15.20617 0.04084 10.66796 34.00598 33.77576 22.61685 24.14305 9.42945 36.42092 15.19572 25.0073 27.5808 19.54136 14.15538 36.22892 20.70511 30.48233 13.52705 24.69885 42.66641 10.32181 39.75199 40.96245 23.07199 37.83913 17.55353 30.93358 14.66452 0.0 35.75705 0.0 28.29607 
1000.0 32.31291 31.4157 9.56228 0.0 12.79454 38.93781 18.90271 41.21114 38.54284 22.42558 37.4868 0.0 12.28297 35.39126 27.4066 29.67789 35.10894 16.00925 42.96953 0.03845 34.13968 8.89292 42.78599 34.1493 23.25605 38.28097 23.59811 42.07521 14.35495 29.6861 14.691 21.73005 25.63628 12.34768 42.13048 18.69929 40.05598 42.60504 8.77371 42.84886 29.34475 20.78442 30.68963 9.37933 16.47833 18.6767 0.0 9.94857 0.0 21.82511 
1000.0 17.49761 39.08705 32.94468 0.0 8.8471 40.61653 21.59707 30.66699 28.74189 24.36481 20.96882 0.0 42.27225 11.45215 18.65912 12.51946 17.29126 32.617 38.7316 0.04566 27.88433 16.71285 39.00862 16.74512 10.97517 39.91427 14.27443 27.5481 32.90649 12.10496 30.25092 41.04485 25.01175 15.80628 19.93849 40.83127 35.55726 18.62215 41.45776 17.14254 16.2992 30.84387 12.42862 40.07188 39.65108 38.98751 0.0 13.37465 0.0 27.21839 
1000.0 21.82003 27.43585 29.40115 0.0 27.62992 22.06621 25.65865 34.03891 35.7209 17.56186 19.99064 0.0 9.50046 23.74178 39.46722 35.14285 23.10855 31.49377 34.90469 0.01776 39.60642 10.44993 13.02657 42.01805 15.93683 37.6809 15.60963 21.47456 25.88016 30.627 29.43309 30.29615 42.07661 23.06803 20.61796 40.6552 19.1525 18.53114 31.7155 28.67705 12.62784 17.77805 31.6934 33.03033 38.74371 33.18028 0.0 30.88311 0.0 24.93446 
1000.0 28.89747 32.24093 10.14504 0.0 17.62715 11.64762 12.23847 13.83166 12.85454 42.76292 25.61955 0.0 40.5321 30.86975 34.70967 23.70292 23.68776 19.87229 21.39062 0.04597 38.54032 40.22304 10.55756 19.09113 18.9487 41.44704 15.51679 37.15628 15.93763 23.207 12.77259 10.53369 38.48248 17.9282 10.77832 21.6584 26.64136 30.8854 8.83436 22.43424 12.57359 25.44653 40.82247 41.76823 23.25913 10.32963 0.0 42.34967 0.0 34.49118 
1000.0 16.42513 21.3191 42.10327 0.0 10.82174 28.34988 18.25726 10.67622 33.89056 9.44384 9.86338 0.0 42.27223 17.8282 24.70328 38.38676 27.45633 18.29635 12.585 0.02679 27.34854 15.02114 34.74388 25.00466 36.50214 33.30266 14.81254 24.81251 33.53598 27.41334 12.59961 24.54923 21.06362 19.79213 17.34974 32.81192 16.09475 9.7126 15.96112 19.83015 21.7427 27.07879 24.92987 12.68021 34.36247 42.79995 0.0 31.73048 0.0 19.12942 
1000.0 23.67269 33.50961 24.48647 0.0 24.39992 31.38032 14.88571 40.84762 29.08613 33.4433 36.82736 0.0 34.92191 24.91997 12.79972 25.09673 29.44162 18.0712 34.29558 0.0417 10.50322 10.80504 29.49894 21.66529 28.89295 36.42999 29.08588 14.42986 24.05708 9.83791 10.82622 29.11303 38.42363 16.33473 25.61104 41.67653 17.93047 22.98909 33.22982 29.35183 31.16227 12.89337 13.46636 16.16723 11.73294 28.26613 0.0 29.88583 0.0 8.68433 
1000.0 14.83241 29.0106 42.52768 0.0 20.33703 25.91233 26.99618 12.22081 9.04695 42.64021 35.57081 0.0 23.69117 30.14661 27.36635 24.3626 23.80796 29.22849 29.17728 0.02424 42.16001 35.81646 18.04768 35.05149 16.55146 18.3612 36.12786 19.92931 9.31405 19.97741 40.7654 25.56439 17.08042 39.03594 21.6003 8.76334 14.80304 40.98401 28.64778 17.00977 24.72095 33.35722 14.70321 26.26065 16.07812 17.41865 0.0 35.9956 0.0 22.58293 
1000.0 13.69968 33.08367 39.62629 0.0 16.93199 8.97599 10.2704 14.56057 36.81196 14.71852 36.67706 0.0 9.81221 18.94779 17.28786 12.6587 28.98149 21.38926 26.13899 0.03649 8.70865 36.7534 23.16394 13.21338 33.71845 32.69258 19.56928 14.52278 21.77954 8.85169 17.49399 39.09935 8.8414 19.72226 33.86513 39.44441 30.88474 33.35821 36.23355 30.75532 26.94912 25.62009 42.45589 39.72758 35.02531 17.75761 0.0 17.43391 0.0 41.26622 
1000.0 10.3931 13.14983 14.94917 0.0 39.78306 26.82194 33.75964 22.24886 39.7534 27.40289 18.89158 0.0 24.54184 34.93323 26.21651 42.73963 34.39151 22.08957 31.34005 0.01319 34.98043 21.80078 41.68352 42.42475 41.90061 35.57382 18.87988 23.60834 9.87295 22.573 34.07414 37.91366 15.33981 34.92151 19.06583 15.5798 36.59329 14.39251 16.69216 15.27511 19.83244 42.70026 41.5327 16.99346 9.18624 10.77295 0.0 20.79073 0.0 21.47178 
1000.0 40.43152 25.53792 32.71072 0.0 33.83692 42.99192 26.13847 20.65588 10.20748 29.71221 17.73472 0.0 35.98621 25.7221 24.96055 39.33936 32.04182 26.95698 34.87486 0.04141 15.22314 30.9644 24.97583 20.29891 31.28477 22.69738 15.06531 43.0102 27.90974 34.46239 11.4167 22.62085 36.78035 25.32775 9.21834 35.67439 35.21061 12.51907 36.82195 33.44965 14.38997 14.63022 30.30185 38.17882 38.26707 40.01194 0.0 36.22526 0.0 17.896 
1000.0 12.76636 28.26777 12.03127 0.0 31.73559 12.54398 42.12461 37.49692 37.6222 26.99661 35.23031 0.0 40.10338 36.87777 37.10216 32.93631 37.70075 12.56421 35.11916 0.03033 42.91879 9.05255 40.70075 21.1222 42.17286 8.96287 40.44767 25.78918 34.19202 28.43678 14.02779 41.55788 15.38017 36.21163 23.59822 33.94798 37.08624 26.51159 22.87677 18.29641 16.65631 35.27157 9.29508 29.2235 11.50231 16.02381 0.0 29.5057 0.0 27.87535 
1000.0 41.15257 38.56618 33.15915 0.0 15.06245 32.05978 22.69961 8.71721 16.9525 16.24354 25.77344 0.0 9.93298 34.03711 22.5088 19.39228 24.33983 34.61012 32.83287 0.02122 26.97168 25.83015 17.90722 10.25666 39.0139 33.71268 18.63205 33.65407 34.81871 40.32361 19.84085 37.28662 10.50768 35.11979 8.82386 15.04791 14.08708 30.32226 12.7002 12.98031 35.54555 24.51274 14.97618 38.48527 19.93593 35.28644 0.0 17.95026 0.0 27.61351 
1000.0 22.70542 31.10313 32.35845 0.0 15.82768 29.0423 42.53739 34.52234 20.63173 35.99621 40.70528 0.0 13.10159 10.9071 26.08098 10.18372 38.60965 41.1102 27.92122 0.03345 22.88596 25.81266 12.37844 29.39035 41.31188 33.64562 24.24566 26.68361 39.04013 11.20125 14.68626 26.17374 40.87166 21.17895 30.31154 24.74373 40.66905 13.7779 19.95168 36.32484 20.22948 38.50228 21.40596 38.1878 41.90799 29.86478 0.0 16.27324 0.0 34.15363 
1000.0 15.54448 38.56446 36.13091 0.0 40.52972 10.67273 27.0844 32.58292 36.32296 14.36438 32.05797 0.0 38.46249 14.44187 19.13111 16.14208 37.29875 13.97866 42.50402 0.03472 30.40802 31.71741 33.55769 33.34437 34.50707 12.99139 21.39624 20.96941 12.66914 32.65959 31.66717 28.54241 29.67136 8.67997 21.55095 22.78413 22.70744 42.64791 40.16636 39.39745 25.88191 17.4998 22.22299 15.05171 40.77344 39.8505 0.0 36.68582 0.0 26.38881 
1000.0 9.0141 42.38958 9.52489 0.0 32.81237 30.56782 40.54517 11.68805 29.6161 28.39823 30.06868 0.0 30.16286 31.48186 20.84151 17.87103 36.09193 19.86628 12.93557 0.0172 41.3178 35.56921 22.89612 33.24064 11.46499 17.42186 18.89735 13.09197 38.77173 27.97665 24.47679 32.28573 18.50194 41.59501 41.12903 12.42079 26.13693 41.04753 33.84781 40.82356 40.26321 18.47917 40.43857 22.18024 35.99294 21.60794 0.0 39.99581 0.0 37.61973 
1000.0 13.45746 12.62877 41.21295 0.0 21.22363 14.35798 15.43141 27.36455 18.70814 31.20463 12.66626 0.0 15.57628 34.85886 11.30576 31.98022 17.29573 20.78996 10.77491 0.0418 34.13574 13.08572 31.08251 19.51339 24.56679 33.90738 16.04506 23.34591 36.44868 25.55291 41.04658 31.30854 11.73266 41.46813 12.56097 14.04997 14.09515 33.39985 22.1722 16.24599 30.17818 13.93751 39.89888 25.36693 12.77506 36.80936 0.0 27.74127 0.0 31.25761 
1000.0 0.0 0.0 0.0 9.09134 0.0 0.0 0.0 0.0 0.0 0.0 0.0 37.04055 0.0 0.0 0.0 0.0 0.0 0.0 0.0 0.0 0.0 0.0 0.0 0.0 0.0 0.0 0.0 0.0 0.0 0.0 0.0 0.0 0.0 0.0 0.0 0.0 0.0 0.0 0.0 0.0 0.0 0.0 0.0 0.0 0.0 0.0 28.76072 0.0 36.88068 0.0 
1000.0 30.3545 9.11434 33.74523 0.0 20.00357 23.61372 41.41192 40.12446 19.77979 20.99352 26.87665 0.0 16.07549 15.81234 9.88365 12.9031 23.22152 42.49231 39.16001 0.01789 17.93536 25.09661 21.69105 12.04521 41.70526 27.32899 29.30508 8.6502 21.30641 39.02629 36.98287 26.97413 35.43053 25.45483 41.86904 10.73418 17.42312 33.98307 30.99003 12.75902 38.25337 22.98864 28.90323 10.81777 21.61718 19.10522 0.0 15.08757 0.0 24.53482 
1000.0 0.0 0.0 0.0 41.54284 0.0 0.0 0.0 0.0 0.0 0.0 0.0 37.00955 0.0 0.0 0.0 0.0 0.0 0.0 0.0 0.0 0.0 0.0 0.0 0.0 0.0 0.0 0.0 0.0 0.0 0.0 0.0 0.0 0.0 0.0 0.0 0.0 0.0 0.0 0.0 0.0 0.0 0.0 0.0 0.0 0.0 0.0 28.6591 0.0 32.21357 0.0 
1000.0 9.07563 38.09879 33.72483 0.0 12.98342 35.21197 24.22692 41.64945 29.92034 19.37587 35.02106 0.0 13.6051 32.48703 21.48316 38.80787 9.01262 27.00836 41.01858 0.04343 21.99487 29.80636 39.54967 34.85359 38.79138 21.84531 27.26886 40.55438 31.68079 27.58701 25.97387 25.96745 31.60476 12.88862 9.13833 38.84899 18.74823 13.67522 16.15354 26.24748 30.23691 28.67097 14.86072 26.40056 26.52829 40.89624 0.0 9.29712 0.0 35.55539 
