1000.0 1000.0 1000.0 1000.0 
1000.0 0.00046 0.00161 0.0071 
1000.0 0.04874 0.14022 0.10005 
1000.0 0.03781 0.18635 0.11351 
1000.0 0.03238 0.0303 0.02688 
1000.0 0.01705 0.02261 0.04703 
1000.0 0.01964 0.01272 0.03071 
1000.0 0.00454 0.00651 0.00463 
1000.0 0.01072 0.13995 0.16263 
1000.0 0.0181 0.01727 0.02889 
1000.0 0.01819 0.00218 0.02793 
1000.0 0.22114 0.10752 0.14818 
1000.0 0.05891 0.06168 0.06874 
1000.0 0.00572 0.00923 0.02763 
1000.0 0.11194 0.09042 0.04061 
1000.0 0.02257 0.02142 0.00949 
