1000.0 1000.0 1000.0 1000.0 
1000.0 0.01088 0.00803 0.00368 
1000.0 0.06221 0.09625 0.08056 
1000.0 0.12395 0.14639 0.01405 
1000.0 0.03629 0.0425 0.01661 
1000.0 0.00067 0.06265 0.05374 
1000.0 0.06285 0.02441 0.00906 
1000.0 0.00415 0.00085 0.00418 
1000.0 0.08986 0.14579 0.15196 
1000.0 0.02767 0.0055 0.01234 
1000.0 0.02272 0.01353 0.00914 
1000.0 0.14965 0.20192 0.0831 
1000.0 0.0452 0.04111 0.05021 
1000.0 0.04304 0.0406 0.06463 
1000.0 0.00604 0.13551 0.03884 
1000.0 0.00515 0.0003 0.01446 
