1000.0 1000.0 1000.0 1000.0 
1000.0 0.00313 0.01493 0.00643 
1000.0 0.1183 0.13538 0.13525 
1000.0 0.07508 0.1968 0.04868 
1000.0 0.02155 0.00951 0.02104 
1000.0 0.01017 0.04934 0.0087 
1000.0 0.03515 0.06165 0.03523 
1000.0 0.0057 0.00314 0.00538 
1000.0 0.16515 0.07197 0.03737 
1000.0 0.0012 0.02166 0.02574 
1000.0 0.0434 0.01567 0.02381 
1000.0 0.3819 0.35327 0.10768 
1000.0 0.03547 0.01338 0.07162 
1000.0 0.03044 0.10495 0.00833 
1000.0 0.01635 0.09999 0.03641 
1000.0 0.01934 0.00909 0.00806 
