1000.0 1000.0 1000.0 1000.0 
1000.0 0.00106 0.0071 0.00298 
1000.0 0.07537 0.07747 0.05327 
1000.0 0.18632 0.17994 0.0026 
1000.0 0.01295 0.02816 0.035 
1000.0 0.08478 0.02638 0.02119 
1000.0 0.06705 0.03499 0.0019 
1000.0 0.00257 0.00586 0.00344 
1000.0 0.07618 0.17989 0.10641 
1000.0 0.02978 0.01235 0.01763 
1000.0 0.00493 0.04231 0.02492 
1000.0 0.44704 0.24931 0.11533 
1000.0 0.06643 0.01685 0.03494 
1000.0 0.04795 0.07335 0.00368 
1000.0 0.05001 0.05641 0.11057 
1000.0 0.0137 0.0197 0.01133 
