1000.0 1000.0 1000.0 1000.0 
1000.0 0.00669 0.01434 0.00229 
1000.0 0.01803 0.00867 0.1256 
1000.0 0.16514 0.05985 0.04714 
1000.0 0.00376 0.01315 0.0403 
1000.0 0.03237 0.08292 0.08319 
1000.0 0.02363 0.05495 0.04093 
1000.0 0.00012 0.00187 0.0005 
1000.0 0.16443 0.2004 0.17811 
1000.0 0.00886 0.02597 0.01264 
1000.0 0.03896 0.02702 0.01172 
1000.0 0.20078 0.38919 0.32356 
1000.0 0.06197 0.01925 0.0092 
1000.0 0.06221 0.07775 0.03406 
1000.0 0.05549 0.12984 0.0771 
1000.0 0.02047 0.01394 0.0062 
