1000.0 1000.0 1000.0 1000.0 
1000.0 0.00253 0.00273 0.00082 
1000.0 0.12661 0.08469 0.12336 
1000.0 0.10274 0.04994 0.15841 
1000.0 0.01375 0.00127 0.00259 
1000.0 0.03531 0.06604 0.03494 
1000.0 0.06203 0.05101 0.02604 
1000.0 0.00093 0.00146 0.00429 
1000.0 0.05641 0.22639 0.02574 
1000.0 0.03027 0.0304 0.00815 
1000.0 0.01802 0.03705 0.04701 
1000.0 0.39928 0.38883 0.19033 
1000.0 0.01797 0.00296 0.0298 
1000.0 0.1074 0.10123 0.07712 
1000.0 0.03511 0.07142 0.13851 
1000.0 0.0085 0.0038 0.018 
