1000.0 1000.0 1000.0 1000.0 
1000.0 0.00427 0.01112 0.01237 
1000.0 0.05891 0.07747 0.11163 
1000.0 0.02656 0.14714 0.1389 
1000.0 0.03183 0.01835 0.03732 
1000.0 0.00773 0.08002 0.04786 
1000.0 0.0216 0.05139 0.01041 
1000.0 0.00583 0.00433 0.00136 
1000.0 0.05063 0.20881 0.09918 
1000.0 0.00346 0.01168 0.02756 
1000.0 0.02327 0.00471 0.04701 
1000.0 0.15328 0.28538 0.24521 
1000.0 0.00057 0.03816 0.01043 
1000.0 0.0312 0.05562 0.107 
1000.0 0.03901 0.0361 0.01873 
1000.0 0.00283 0.02319 0.01338 
