1000.0 1000.0 1000.0 1000.0 
1000.0 0.01242 0.01463 0.00456 
1000.0 0.08895 0.09506 0.07516 
1000.0 0.15892 0.19152 0.14764 
1000.0 0.0081 0.00529 0.01423 
1000.0 0.01862 0.01753 0.04392 
1000.0 0.06724 0.00933 0.00259 
1000.0 0.00157 0.00543 0.00236 
1000.0 0.01378 0.14357 0.2003 
1000.0 0.00463 0.022 0.02831 
1000.0 0.04402 0.01704 0.03785 
1000.0 0.11614 0.17746 0.0983 
1000.0 0.00658 0.05647 0.00765 
1000.0 0.09156 0.00439 0.06267 
1000.0 0.06168 0.12041 0.00448 
1000.0 0.00988 0.00921 0.01397 
