1000.0 1000.0 1000.0 1000.0 
1000.0 0.00131 0.0088 0.00136 
1000.0 0.07583 0.1038 0.03865 
1000.0 0.07188 0.08286 0.122 
1000.0 0.02877 0.02304 0.04031 
1000.0 0.04098 0.079 0.01338 
1000.0 0.00573 0.00648 0.06895 
1000.0 0.00514 0.00062 0.00219 
1000.0 0.20733 0.09898 0.18155 
1000.0 0.01223 0.02172 0.00216 
1000.0 0.02936 0.0005 0.00551 
1000.0 0.4374 0.38593 0.45674 
1000.0 0.02414 0.05565 0.01667 
1000.0 0.04428 0.00582 0.04928 
1000.0 0.02469 0.08477 0.10001 
1000.0 0.01093 0.01519 0.01844 
