1000.0 1000.0 1000.0 1000.0 
1000.0 0.0041 0.00773 0.00671 
1000.0 0.12425 0.01317 0.00815 
1000.0 0.14083 0.16218 0.14844 
1000.0 0.01031 0.01289 0.03497 
1000.0 0.03393 0.01016 0.02635 
1000.0 0.06762 0.01803 0.00187 
1000.0 0.00401 0.00168 0.00301 
1000.0 0.2235 0.19693 0.18677 
1000.0 0.01532 0.01426 0.03063 
1000.0 0.00592 0.00268 0.03056 
1000.0 0.09811 0.04588 0.41865 
1000.0 0.03063 0.04336 0.05448 
1000.0 0.07625 0.10707 0.07265 
1000.0 0.10034 0.10359 0.14202 
1000.0 0.00561 0.015 0.02323 
