1000.0 1000.0 1000.0 1000.0 
1000.0 0.01471 0.01169 0.01275 
1000.0 0.13645 0.13358 0.0886 
1000.0 0.02031 0.05351 0.01973 
1000.0 0.04139 0.00606 0.02787 
1000.0 0.02449 0.01061 0.05875 
1000.0 0.02335 0.04019 0.00273 
1000.0 0.00083 0.00493 0.00057 
1000.0 0.1463 0.06074 0.0669 
1000.0 0.01819 0.023 0.02298 
1000.0 0.01764 0.00355 0.02313 
1000.0 0.20374 0.19715 0.21692 
1000.0 0.06113 0.04757 0.01296 
1000.0 0.05336 0.04241 0.0363 
1000.0 0.06516 0.01046 0.00243 
1000.0 0.00597 0.00363 0.00856 
