1000.0 1000.0 1000.0 1000.0 1000.0 1000.0 1000.0 1000.0 1000.0 1000.0 1000.0 1000.0 1000.0 1000.0 1000.0 1000.0 
1000.0 25.96525 34.76921 28.27149 0.0 24.1828 23.8721 19.8441 9.63826 11.48737 23.4068 27.99118 0.0 9.1855 10.01878 25.09618 
1000.0 19.4661 21.93441 27.6674 0.0 36.35063 27.65452 10.32898 32.08253 27.39921 13.72502 25.73708 0.0 15.85798 19.48401 8.93863 
1000.0 19.59324 30.5201 28.72031 0.0 24.20792 15.06589 39.07656 31.34726 18.13784 34.69305 23.74727 0.0 31.99376 8.29873 30.95834 
1000.0 0.0 0.0 0.0 15.27768 0.0 0.0 0.0 0.0 0.0 0.0 0.0 11.16877 0.0 0.0 0.0 
1000.0 21.93743 31.6093 30.66496 0.0 39.33298 39.11137 22.48222 36.87794 16.2314 37.64557 21.37108 0.0 11.10696 20.93548 14.5691 
1000.0 11.95492 26.28206 13.36955 0.0 29.60357 8.12647 15.13482 18.77625 33.58405 24.68083 15.19638 0.0 10.88564 16.27176 13.30943 
1000.0 25.2655 34.29912 35.88923 0.0 26.64336 36.91177 8.54181 15.16289 25.66271 22.81422 19.23354 0.0 36.06011 23.24588 30.50769 
1000.0 27.14388 33.0043 28.95454 0.0 23.31608 23.6806 13.92501 37.40869 31.25806 16.06387 27.46118 0.0 15.24716 10.58713 36.49728 
1000.0 10.71643 18.25431 19.47008 0.0 11.38417 22.9536 32.2662 34.15913 30.19623 34.28682 38.94448 0.0 30.49865 21.01952 39.31637 
1000.0 28.31226 35.34312 37.48721 0.0 15.18145 11.03716 37.99613 38.61649 11.02958 33.97992 15.30337 0.0 39.20864 23.46933 21.34809 
1000.0 12.34042 25.34337 8.72668 0.0 29.19253 37.97212 17.8556 38.91141 23.00007 16.02702 19.25518 0.0 39.89747 11.37283 18.87095 
1000.0 0.0 0.0 0.0 25.0129 0.0 0.0 0.0 0.0 0.0 0.0 0.0 31.79868 0.0 0.0 0.0 
1000.0 37.22886 30.73531 12.46863 0.0 28.07551 29.76451 32.94847 31.47027 10.15693 34.29169 24.6812 0.0 19.73067 9.41198 15.58287 
1000.0 23.19686 21.44873 32.63494 0.0 13.21807 30.25619 21.42585 17.04695 10.56248 29.55208 38.39279 0.0 10.30254 17.35399 35.79129 
1000.0 16.44219 33.02473 17.62268 0.0 17.02639 35.24054 27.12736 12.22433 8.77583 39.5483 22.90923 0.0 39.48952 27.41391 30.18917 
