1000.0 1000.0 1000.0 1000.0 1000.0 1000.0 1000.0 1000.0 1000.0 1000.0 1000.0 1000.0 1000.0 1000.0 1000.0 1000.0 
1000.0 39.45077 31.56435 15.58295 0.0 27.3506 37.04012 14.02033 30.7517 23.22583 33.7852 27.43108 0.0 20.37563 19.96704 34.58492 
1000.0 34.48466 27.31676 18.48988 0.0 37.90774 33.57466 13.3815 28.47425 11.07039 19.66596 18.41148 0.0 30.37481 32.2435 39.09338 
1000.0 16.76018 39.3418 13.15241 0.0 24.89115 34.67825 33.6668 29.34964 13.18613 8.91281 32.15648 0.0 22.14719 12.50823 12.04655 
1000.0 0.0 0.0 0.0 10.04003 0.0 0.0 0.0 0.0 0.0 0.0 0.0 38.8196 0.0 0.0 0.0 
1000.0 24.38345 38.34979 35.17022 0.0 31.51622 29.20493 10.16105 11.58113 10.50481 40.65028 35.73256 0.0 35.22894 26.17761 33.54777 
1000.0 23.38151 26.64148 20.20503 0.0 10.83349 20.04471 15.39317 17.76761 18.81133 39.98838 34.0717 0.0 33.8848 8.33802 36.54319 
1000.0 31.43309 33.95063 13.33112 0.0 40.92429 25.69952 11.69629 16.47954 13.99181 39.58737 20.03353 0.0 16.9091 33.23785 21.47781 
1000.0 28.59255 20.02051 40.32191 0.0 29.19502 26.28888 26.12841 17.7431 23.47093 22.60282 38.65863 0.0 36.85606 17.66279 22.11293 
1000.0 13.6306 15.48683 20.80558 0.0 35.60849 28.33814 20.29411 18.09972 25.7222 33.43184 18.08593 0.0 40.06963 25.52237 40.69045 
1000.0 35.35851 38.79753 13.71796 0.0 10.80541 8.75963 34.89282 21.80934 20.69836 24.61857 11.01675 0.0 34.98791 33.44392 19.96415 
1000.0 36.44841 8.46377 39.38499 0.0 24.36046 40.9969 13.87367 24.46466 35.41165 8.83261 12.73736 0.0 10.55113 23.86505 31.63272 
1000.0 0.0 0.0 0.0 14.72035 0.0 0.0 0.0 0.0 0.0 0.0 0.0 40.94706 0.0 0.0 0.0 
1000.0 13.55934 33.35886 29.98994 0.0 19.14103 29.49478 26.04039 19.01169 9.67517 30.80049 31.0007 0.0 20.94263 31.13017 28.3593 
1000.0 8.98703 11.03237 39.69861 0.0 22.32523 29.25657 14.21602 32.5019 24.02591 41.36075 11.37183 0.0 11.58859 39.3957 31.22963 
1000.0 41.35745 29.81728 27.6837 0.0 8.71804 26.83552 27.50243 34.14419 17.72917 10.46003 21.53077 0.0 26.11697 39.63813 8.61576 
