1000.0 1000.0 1000.0 1000.0 1000.0 1000.0 1000.0 1000.0 1000.0 1000.0 1000.0 1000.0 1000.0 1000.0 1000.0 1000.0 
1000.0 11.80161 44.15881 20.90542 0.0 21.93872 31.36158 39.25518 18.13382 46.83447 16.54727 16.71459 0.0 18.88362 31.46263 26.3967 
1000.0 39.73874 32.58132 26.38535 0.0 33.66784 37.81272 31.06485 12.53437 21.41458 37.58229 34.93905 0.0 27.93774 10.3067 38.8864 
1000.0 41.36058 23.01678 23.94032 0.0 25.86237 20.53337 23.80421 25.38495 30.87758 25.48299 14.03699 0.0 13.66387 29.1963 26.44167 
1000.0 0.0 0.0 0.0 29.38788 0.0 0.0 0.0 0.0 0.0 0.0 0.0 24.78703 0.0 0.0 0.0 
1000.0 20.77943 15.93626 29.14422 0.0 18.36679 11.15286 35.59109 46.17129 37.14782 45.8285 21.69075 0.0 15.12319 14.55182 23.73361 
1000.0 40.93902 16.40847 23.94149 0.0 17.52435 43.54742 33.23585 42.87873 17.96275 14.01413 41.27684 0.0 40.08775 25.25956 32.64157 
1000.0 12.73355 34.52063 45.66285 0.0 41.45093 38.38802 40.64162 25.2352 15.38915 21.27212 31.89588 0.0 39.61902 28.43049 23.03392 
1000.0 16.18829 36.13048 31.50055 0.0 30.97412 23.25943 28.09014 32.20909 35.0686 40.50025 12.9911 0.0 22.40149 18.24438 43.24864 
1000.0 13.2345 40.77531 16.01287 0.0 23.02943 44.14175 31.09712 35.30858 31.32453 21.20072 36.91244 0.0 15.38646 39.9598 29.63822 
1000.0 31.13899 31.24756 27.69915 0.0 43.90199 34.94217 28.1605 46.67747 20.20254 36.01293 14.57406 0.0 43.2273 26.85614 13.91056 
1000.0 40.13612 40.52787 28.66381 0.0 46.12617 16.42097 25.63137 19.37962 42.18348 36.91328 27.66232 0.0 34.38644 37.04868 39.73914 
1000.0 0.0 0.0 0.0 39.83918 0.0 0.0 0.0 0.0 0.0 0.0 0.0 43.46577 0.0 0.0 0.0 
1000.0 32.85304 11.54676 42.13714 0.0 40.01906 25.68783 27.77073 29.62798 39.09813 12.92726 19.19267 0.0 47.71411 25.27326 39.09212 
1000.0 16.55028 45.57574 46.20878 0.0 37.17698 37.67018 40.33562 15.00256 12.42696 29.16529 41.3005 0.0 35.62229 26.29883 36.79999 
1000.0 27.38916 43.90183 36.75248 0.0 45.56476 46.65745 31.3541 13.45545 33.92113 13.38277 23.68429 0.0 46.82571 31.71341 16.74874 
