1000.0 1000.0 1000.0 1000.0 1000.0 1000.0 1000.0 1000.0 1000.0 1000.0 1000.0 1000.0 1000.0 1000.0 1000.0 1000.0 
1000.0 13.87548 12.42037 12.38855 0.0 26.91697 20.69561 22.12923 23.26939 18.06486 19.35424 23.08077 0.0 9.82509 31.77738 17.09024 
1000.0 31.99367 21.16131 25.51174 0.0 20.96806 8.91711 26.83545 8.71968 22.36428 34.20052 20.02242 0.0 13.46754 24.15299 20.96264 
1000.0 11.64224 19.88448 11.59551 0.0 22.0981 28.87177 10.82914 12.94298 20.73559 8.70636 10.49467 0.0 32.35683 20.40426 34.05861 
1000.0 0.0 0.0 0.0 10.87339 0.0 0.0 0.0 0.0 0.0 0.0 0.0 26.78389 0.0 0.0 0.0 
1000.0 34.46894 26.44602 21.69699 0.0 21.83193 8.15551 26.63984 16.19899 33.008 30.98745 26.73327 0.0 19.88627 30.30932 10.25839 
1000.0 25.80751 14.90845 26.64861 0.0 24.6941 10.77679 21.59757 32.91129 27.4709 27.57595 22.85714 0.0 20.89282 14.37643 28.78449 
1000.0 11.80884 14.38107 12.02073 0.0 12.86491 32.06184 15.85428 21.19713 34.38003 14.15364 16.39151 0.0 13.51883 23.70119 30.26914 
1000.0 20.93949 18.4216 32.71026 0.0 12.76696 23.59338 29.07025 25.01777 32.36025 7.11069 12.10946 0.0 33.09635 11.80318 23.49684 
1000.0 26.19184 21.91004 17.65433 0.0 27.15842 25.72407 33.91176 7.34255 12.68533 8.7776 21.47415 0.0 17.78445 23.05061 33.82437 
1000.0 10.27663 22.818 22.43207 0.0 8.07749 25.32233 12.90448 11.73192 25.63936 18.53644 15.48722 0.0 10.78212 32.23612 26.51208 
1000.0 13.1029 29.78612 26.21438 0.0 28.69729 23.42028 7.40182 16.84776 15.30247 28.4097 16.75155 0.0 17.09052 29.76981 34.94286 
1000.0 0.0 0.0 0.0 8.43911 0.0 0.0 0.0 0.0 0.0 0.0 0.0 17.99473 0.0 0.0 0.0 
1000.0 34.90776 16.50247 9.10334 0.0 14.07311 22.12028 35.08657 11.22131 20.24935 12.22654 29.96163 0.0 30.22034 20.01534 10.37461 
1000.0 32.52914 18.66868 21.03971 0.0 22.07628 31.33094 27.83534 28.94037 25.63199 19.44819 30.71423 0.0 12.92857 29.45447 35.14708 
1000.0 23.97967 26.57 20.32671 0.0 10.36037 8.05764 13.3877 22.50464 21.38656 25.19421 14.3998 0.0 26.035 9.09029 21.32697 
