1000.0 1000.0 1000.0 1000.0 1000.0 1000.0 1000.0 1000.0 1000.0 1000.0 1000.0 1000.0 1000.0 1000.0 1000.0 1000.0 
1000.0 25.70195 19.44422 24.74353 0.0 32.64708 19.3194 17.54559 33.00685 30.0753 22.05737 12.62717 0.0 28.00667 34.91286 24.63201 
1000.0 20.134 16.18817 24.50889 0.0 8.79207 10.26054 19.50618 22.34399 26.41305 14.65097 37.37876 0.0 20.44926 37.28945 26.71729 
1000.0 21.32272 29.07163 38.12681 0.0 30.79378 14.33016 36.66475 10.53721 35.21488 28.41644 28.92355 0.0 34.53209 31.79803 37.88681 
1000.0 0.0 0.0 0.0 25.58992 0.0 0.0 0.0 0.0 0.0 0.0 0.0 20.30723 0.0 0.0 0.0 
1000.0 18.26189 28.81199 16.55863 0.0 11.14485 10.75464 38.32128 35.00522 18.79569 11.39907 21.37518 0.0 17.61857 30.72908 20.77085 
1000.0 21.80295 16.88905 15.66985 0.0 12.35964 33.39632 8.04993 35.05382 13.21361 28.12956 17.16982 0.0 31.72872 10.45834 37.2977 
1000.0 13.03051 13.15135 10.36353 0.0 33.22335 15.13754 31.20743 12.91525 29.344 38.13485 13.2788 0.0 10.53401 18.67237 8.77801 
1000.0 10.02168 32.40515 14.63876 0.0 38.67035 34.02313 19.83573 37.08304 10.06793 23.28947 14.32304 0.0 14.72828 30.11371 8.60108 
1000.0 12.14174 19.31835 19.06281 0.0 24.409 34.16581 13.83985 21.69458 8.85681 38.3102 11.62009 0.0 33.59367 37.80262 36.91679 
1000.0 26.35595 32.38507 30.6801 0.0 16.76354 28.29124 19.55608 37.15684 32.67173 17.74645 38.40023 0.0 24.84722 20.60828 31.17669 
1000.0 22.65303 26.11707 37.45388 0.0 9.22557 18.63844 22.56895 20.66781 18.336 24.01562 14.09095 0.0 26.90973 27.02294 12.96525 
1000.0 0.0 0.0 0.0 33.8008 0.0 0.0 0.0 0.0 0.0 0.0 0.0 19.30788 0.0 0.0 0.0 
1000.0 14.13809 25.59861 30.58131 0.0 32.48924 25.76529 19.86236 8.23777 9.46691 16.85325 26.61231 0.0 38.31889 29.28876 14.9609 
1000.0 19.95371 18.06076 16.39871 0.0 33.58628 13.41727 30.22725 19.08768 20.48418 31.46355 38.98063 0.0 29.79956 12.82777 37.19739 
1000.0 9.15481 15.41261 12.79601 0.0 19.07473 19.3609 8.45907 19.45978 20.38088 14.98084 33.90787 0.0 34.93213 22.91409 24.57403 
