1000.0 1000.0 1000.0 1000.0 1000.0 1000.0 1000.0 1000.0 1000.0 1000.0 1000.0 1000.0 1000.0 1000.0 1000.0 1000.0 
1000.0 7.28578 31.20664 12.70416 0.0 18.89604 29.84824 6.89757 13.14621 23.04895 31.23211 29.37429 0.0 10.01742 30.93086 7.97162 
1000.0 17.20966 10.90036 23.39612 0.0 24.46409 18.46269 30.22359 10.34909 28.73112 18.98113 10.28215 0.0 28.0831 31.67887 21.91051 
1000.0 31.60139 21.82219 19.0654 0.0 14.02964 13.45751 7.92714 22.69013 19.07649 30.93607 19.41683 0.0 10.40795 20.64585 19.44115 
1000.0 0.0 0.0 0.0 26.11512 0.0 0.0 0.0 0.0 0.0 0.0 0.0 21.02559 0.0 0.0 0.0 
1000.0 7.3937 14.50834 13.95329 0.0 9.56877 17.53309 18.29306 22.3207 17.2771 23.05872 22.93684 0.0 14.49454 13.85958 30.18289 
1000.0 31.00165 18.54268 22.58158 0.0 12.77929 24.11891 11.74283 21.51741 7.5572 20.968 15.4158 0.0 17.52242 25.05317 8.13218 
1000.0 14.65357 31.08561 25.8217 0.0 16.62073 14.86914 15.51046 30.15265 27.25433 27.7606 17.29102 0.0 26.10027 10.93484 9.89529 
1000.0 29.86867 15.18678 31.0672 0.0 13.64769 9.35124 21.26345 18.87958 17.73925 11.39569 14.68995 0.0 29.25359 28.64304 13.90731 
1000.0 31.6981 7.97363 12.66668 0.0 24.59528 27.38545 9.49802 6.57925 18.42676 16.23631 31.85329 0.0 25.04747 25.78795 10.8753 
1000.0 28.27304 24.95049 16.98689 0.0 10.35842 21.9456 16.87018 20.43425 23.49146 26.1114 20.44593 0.0 28.03997 9.49609 10.23598 
1000.0 12.4049 12.73048 29.91759 0.0 24.77391 8.23693 15.98412 25.87262 19.97103 21.28169 21.71616 0.0 16.08744 28.96991 11.01087 
1000.0 0.0 0.0 0.0 24.2569 0.0 0.0 0.0 0.0 0.0 0.0 0.0 25.71481 0.0 0.0 0.0 
1000.0 14.79757 16.97876 15.82079 0.0 25.99208 16.99175 22.61911 16.74004 23.9374 22.25387 29.31994 0.0 20.71626 20.01014 19.97003 
1000.0 24.46729 27.36991 10.66831 0.0 29.90062 10.61325 6.67267 25.36236 9.14372 21.68583 7.0301 0.0 24.58036 8.70472 16.73894 
1000.0 27.83914 11.80677 24.81659 0.0 18.30722 27.21862 30.14772 14.66161 29.08918 12.78413 17.16701 0.0 23.53962 10.1163 22.78375 
