1000.0 1000.0 1000.0 1000.0 1000.0 1000.0 1000.0 1000.0 1000.0 1000.0 1000.0 1000.0 1000.0 1000.0 1000.0 1000.0 
1000.0 41.07075 31.65367 35.1447 0.0 23.43739 28.44158 13.13726 19.13092 23.94943 35.32553 15.00737 0.0 31.26843 18.51266 13.52102 
1000.0 44.6783 32.82677 15.96745 0.0 32.49097 16.60933 43.55113 17.02413 11.0451 12.48612 23.43279 0.0 47.00585 44.46209 37.46563 
1000.0 46.36095 21.254 38.08563 0.0 20.79271 11.01006 24.57242 42.08598 35.77845 14.68226 31.6632 0.0 39.13923 33.19491 31.51826 
1000.0 0.0 0.0 0.0 42.92477 0.0 0.0 0.0 0.0 0.0 0.0 0.0 42.32513 0.0 0.0 0.0 
1000.0 38.28661 26.86581 43.49394 0.0 31.93141 22.4626 41.80785 17.42895 44.15678 36.91172 17.59768 0.0 27.88979 28.20788 13.05536 
1000.0 21.41786 10.31027 34.06499 0.0 23.68889 32.08955 31.04481 10.8017 27.59156 31.9881 13.6885 0.0 34.86011 35.87611 38.92168 
1000.0 49.18229 28.29998 30.32236 0.0 14.83159 49.26024 47.8106 13.43678 12.05707 12.69992 35.74199 0.0 38.12165 13.78377 17.18208 
1000.0 45.04063 20.64992 33.79491 0.0 42.14125 23.37558 26.53978 29.37998 10.26838 18.47412 23.22722 0.0 32.76556 37.16587 15.34692 
1000.0 11.58189 48.61102 43.76535 0.0 13.05254 47.77489 48.02969 22.54753 21.65803 13.31849 32.94191 0.0 13.97251 18.35403 30.60907 
1000.0 25.22346 38.28094 25.27615 0.0 23.53817 21.80633 28.5818 43.71557 36.22379 39.47433 27.34048 0.0 21.70849 32.41038 29.10832 
1000.0 26.1349 48.78461 31.93619 0.0 48.87174 32.42721 36.35835 37.63115 34.71524 49.10224 34.82541 0.0 34.16061 18.52593 36.13987 
1000.0 0.0 0.0 0.0 19.08365 0.0 0.0 0.0 0.0 0.0 0.0 0.0 38.99299 0.0 0.0 0.0 
1000.0 15.11607 30.01256 26.8955 0.0 32.88786 30.08805 22.9909 20.00981 41.70782 45.0715 28.64768 0.0 39.38241 17.51495 11.24687 
1000.0 25.46016 28.22291 36.45005 0.0 22.50209 47.30513 48.49501 32.78701 28.7732 14.24634 22.41341 0.0 20.61537 30.54163 46.78206 
1000.0 19.79445 41.10884 49.12544 0.0 19.35456 12.34554 31.15687 48.16986 12.25826 34.63305 24.05627 0.0 23.74086 43.06176 34.31353 
