1000.0 1000.0 1000.0 1000.0 1000.0 1000.0 1000.0 1000.0 1000.0 1000.0 1000.0 1000.0 1000.0 1000.0 1000.0 1000.0 
1000.0 39.44923 33.1755 46.20993 0.0 16.58615 27.42657 32.27942 40.35224 37.16237 30.22569 16.47359 0.0 14.61497 32.33846 10.46588 
1000.0 17.20463 20.41853 30.23541 0.0 45.1168 16.23465 12.81374 25.35887 40.872 36.95305 29.80406 0.0 26.57422 44.70994 40.34053 
1000.0 46.75046 22.52649 31.34953 0.0 33.38806 23.73441 12.55814 33.20501 43.54567 12.2539 11.96738 0.0 31.24692 16.44493 17.5797 
1000.0 0.0 0.0 0.0 31.52511 0.0 0.0 0.0 0.0 0.0 0.0 0.0 17.11706 0.0 0.0 0.0 
1000.0 45.60229 15.67612 11.45025 0.0 27.13113 14.99663 21.28874 30.30159 22.45709 33.66034 21.35791 0.0 40.72055 21.24522 42.87591 
1000.0 46.31175 33.593 46.09185 0.0 17.5186 26.61359 42.15479 21.83215 38.29839 27.46584 42.19285 0.0 38.11264 42.50364 11.63357 
1000.0 10.68266 30.62404 30.21888 0.0 45.37291 45.25872 36.5033 21.74796 26.28236 15.4741 33.48916 0.0 17.70995 11.4269 29.31474 
1000.0 21.20811 38.25205 23.58491 0.0 12.80874 38.67889 44.78103 25.72839 13.11758 34.6492 14.55669 0.0 32.52169 45.40188 46.22756 
1000.0 46.56475 38.98333 14.2358 0.0 17.92239 32.12194 36.15851 12.58869 29.58977 34.83468 24.41497 0.0 14.64995 24.71885 38.49007 
1000.0 20.03531 20.17009 41.08648 0.0 16.94106 41.30925 43.96294 19.26552 47.04761 44.92477 46.40945 0.0 39.08566 28.21368 45.79329 
1000.0 20.41515 28.9437 25.90953 0.0 31.64654 13.6109 26.98535 36.67823 26.22586 36.3507 11.95249 0.0 15.51368 9.82652 45.83536 
1000.0 0.0 0.0 0.0 45.61323 0.0 0.0 0.0 0.0 0.0 0.0 0.0 42.70196 0.0 0.0 0.0 
1000.0 14.58512 17.98093 37.72602 0.0 23.21596 23.398 11.96097 10.46642 46.70557 43.56816 45.4176 0.0 32.77615 36.72704 27.85379 
1000.0 41.27006 27.14056 26.37981 0.0 32.81646 37.92179 24.95859 36.53644 17.09697 45.12983 42.18501 0.0 32.54295 10.34352 35.61604 
1000.0 30.33336 31.31501 21.92817 0.0 20.11253 38.15941 16.97371 43.27562 36.30735 26.06785 38.94781 0.0 37.35021 16.78996 16.51426 
