1000.0 1000.0 1000.0 1000.0 1000.0 1000.0 1000.0 1000.0 1000.0 1000.0 1000.0 1000.0 1000.0 1000.0 1000.0 1000.0 
1000.0 35.64746 9.31582 33.49422 0.0 11.5755 14.34047 23.06887 27.49215 42.51779 31.01564 20.54716 0.0 29.1466 12.92579 38.31999 
1000.0 31.988 10.05796 24.89449 0.0 26.78545 28.92292 37.18319 9.91248 10.26822 22.22753 42.53944 0.0 9.47249 18.54794 22.38099 
1000.0 22.19779 10.98683 18.27526 0.0 13.66874 12.41013 27.79068 30.71404 15.42422 26.16105 33.41557 0.0 27.24253 34.45934 35.53122 
1000.0 0.0 0.0 0.0 40.85931 0.0 0.0 0.0 0.0 0.0 0.0 0.0 19.40214 0.0 0.0 0.0 
1000.0 30.04864 30.4494 42.40932 0.0 30.88919 10.72671 34.90359 35.24592 28.86177 22.53698 36.27273 0.0 41.90727 21.06824 28.90152 
1000.0 21.03213 26.62255 14.98142 0.0 19.25774 11.32501 25.35083 28.92243 15.24599 26.82583 24.76867 0.0 40.00883 30.91128 11.00925 
1000.0 28.61035 11.39777 16.68014 0.0 21.19552 11.3017 9.27928 27.99801 42.62255 13.28864 31.38415 0.0 25.16647 18.03334 22.63571 
1000.0 39.32753 14.06879 42.03245 0.0 40.64429 40.79565 12.41753 25.34615 42.86977 11.30274 14.77339 0.0 31.93912 14.36388 12.65908 
1000.0 38.90419 31.20444 15.25163 0.0 23.68188 32.85533 42.92058 39.66122 32.3673 23.8886 33.07108 0.0 31.90865 14.55081 28.63003 
1000.0 31.62954 14.27811 34.28504 0.0 24.96593 31.80035 14.32633 25.81194 29.07783 11.21483 25.38514 0.0 39.93232 17.15471 28.88053 
1000.0 31.61675 24.1858 13.43799 0.0 30.35193 10.08413 31.60233 17.66445 23.84679 22.73717 13.93679 0.0 38.49126 11.98594 33.43282 
1000.0 0.0 0.0 0.0 22.84106 0.0 0.0 0.0 0.0 0.0 0.0 0.0 34.63798 0.0 0.0 0.0 
1000.0 42.64498 31.0459 40.96919 0.0 31.29506 38.35046 23.88662 25.82196 25.81349 22.95604 17.32266 0.0 19.33366 31.02464 30.99498 
1000.0 21.96644 13.89942 38.27037 0.0 35.11657 19.98639 19.34539 24.21075 26.38172 10.39793 36.57852 0.0 31.406 27.91895 39.87624 
1000.0 21.0107 37.94059 32.08774 0.0 20.28853 16.7437 23.92577 31.17983 14.76197 33.57114 12.36863 0.0 26.8137 30.66522 10.68126 
