1000.0 1000.0 1000.0 1000.0 1000.0 1000.0 1000.0 1000.0 1000.0 1000.0 1000.0 1000.0 1000.0 1000.0 1000.0 1000.0 
1000.0 13.31356 8.69657 35.25142 0.0 31.4555 9.63475 17.78197 12.61873 37.88603 24.74164 10.58849 0.0 30.67186 26.11516 25.44701 
1000.0 20.00257 9.41773 17.7428 0.0 30.18084 16.63051 38.00234 20.53174 30.1516 25.31222 16.99932 0.0 28.25547 11.37102 19.2046 
1000.0 10.42357 34.04088 9.25012 0.0 15.63215 16.52762 39.3685 36.35198 30.2757 32.84592 9.23508 0.0 36.49123 25.6899 19.77706 
1000.0 0.0 0.0 0.0 34.75934 0.0 0.0 0.0 0.0 0.0 0.0 0.0 35.70597 0.0 0.0 0.0 
1000.0 31.34946 23.08422 31.8175 0.0 19.8876 36.9112 39.03998 29.54359 17.50033 16.25547 34.00618 0.0 20.08453 35.12212 34.25914 
1000.0 38.77144 12.57322 17.9075 0.0 28.35548 9.08988 26.15571 29.37504 32.33572 24.59357 19.05967 0.0 31.75638 21.83304 9.81965 
1000.0 19.15518 22.96572 24.65745 0.0 26.22308 28.42334 25.0121 13.42137 16.43586 15.83175 27.26082 0.0 15.03786 8.58594 15.36889 
1000.0 29.9984 15.61998 8.40917 0.0 14.94433 29.66951 35.44913 28.36188 32.62207 30.87956 16.90509 0.0 22.4107 31.88147 33.23913 
1000.0 9.62706 17.44095 8.11899 0.0 38.87881 30.9843 11.31091 15.79288 31.91427 15.68902 12.73553 0.0 27.09167 22.59584 36.02069 
1000.0 15.7283 28.08182 17.20635 0.0 31.82633 12.56631 9.35661 11.9243 37.88129 29.42968 39.22336 0.0 23.37024 35.8558 9.92194 
1000.0 32.57906 11.11014 17.19978 0.0 15.59989 19.79236 33.47375 24.53711 11.09349 22.79531 14.35694 0.0 27.01265 34.62838 29.59483 
1000.0 0.0 0.0 0.0 11.5912 0.0 0.0 0.0 0.0 0.0 0.0 0.0 26.55587 0.0 0.0 0.0 
1000.0 9.35968 14.94133 35.8575 0.0 12.44398 7.90216 28.32112 34.80187 19.56303 14.26662 30.4448 0.0 36.10824 27.41171 34.06151 
1000.0 27.23925 9.44646 36.43108 0.0 15.8973 37.51045 10.48406 35.55667 27.34037 20.91976 33.18812 0.0 21.94827 16.5868 12.76981 
1000.0 8.54276 31.97183 25.55253 0.0 37.99731 27.77689 12.8583 28.26189 30.47957 11.28505 22.94927 0.0 14.39621 33.3461 18.63354 
