1000.0 1000.0 1000.0 1000.0 1000.0 1000.0 1000.0 1000.0 1000.0 1000.0 1000.0 1000.0 1000.0 1000.0 1000.0 1000.0 
1000.0 43.86159 31.28084 11.95748 0.0 28.31907 18.52668 20.76654 12.83003 19.35888 10.16313 31.27916 0.0 14.90073 45.20563 11.17237 
1000.0 28.89905 33.2572 17.90237 0.0 16.34652 19.96955 41.12471 17.66954 17.72216 46.83359 10.23189 0.0 16.36357 31.6513 11.28171 
1000.0 40.76579 28.0704 24.42051 0.0 30.79753 29.36079 23.10935 17.25539 38.51367 38.61228 42.70647 0.0 33.43974 42.49465 36.81739 
1000.0 0.0 0.0 0.0 17.40673 0.0 0.0 0.0 0.0 0.0 0.0 0.0 24.80878 0.0 0.0 0.0 
1000.0 18.54077 39.19888 32.57686 0.0 13.80208 24.83615 28.57036 11.58825 41.85301 34.12654 23.83496 0.0 18.80815 26.39636 33.87055 
1000.0 36.97867 33.50828 40.55267 0.0 21.76193 19.66428 18.57521 34.63883 13.78544 15.03659 21.90725 0.0 37.59692 43.17599 24.25478 
1000.0 41.51271 45.40498 38.40769 0.0 10.15407 28.68886 47.04081 31.55641 11.1072 47.75221 21.90125 0.0 32.7762 13.77239 12.82262 
1000.0 42.2634 14.06952 28.87334 0.0 36.15498 11.23851 13.28424 35.01392 39.44281 20.05815 10.23319 0.0 23.63278 25.11556 16.86977 
1000.0 47.20216 45.51323 36.04904 0.0 9.68038 36.60381 46.59512 29.84954 27.91943 10.5089 31.024 0.0 38.63543 16.71561 22.07073 
1000.0 35.64543 15.75398 33.52995 0.0 47.00578 35.71026 36.0573 16.97495 14.36458 35.10977 30.88695 0.0 30.43831 14.04571 41.46748 
1000.0 28.12071 19.0632 35.37924 0.0 24.17433 27.81914 46.80187 16.23336 38.38381 44.85049 34.90324 0.0 30.49854 43.54424 47.51601 
1000.0 0.0 0.0 0.0 20.40722 0.0 0.0 0.0 0.0 0.0 0.0 0.0 44.05066 0.0 0.0 0.0 
1000.0 42.91381 25.76615 14.38871 0.0 28.75709 18.90475 22.16579 34.33388 43.25119 17.35568 31.87169 0.0 30.69361 16.95423 33.10286 
1000.0 45.08446 42.53618 14.62067 0.0 39.77695 43.73844 34.17855 24.26041 46.72206 35.92953 35.88033 0.0 24.41705 36.6855 39.5893 
1000.0 24.78778 28.60278 35.89586 0.0 46.73701 17.59297 43.55279 33.35997 45.29679 30.73666 42.67375 0.0 27.9858 11.67049 34.22023 
