1000.0 1000.0 1000.0 1000.0 1000.0 1000.0 1000.0 1000.0 1000.0 1000.0 1000.0 1000.0 1000.0 1000.0 1000.0 1000.0 
1000.0 23.82384 15.72053 12.42294 0.0 20.28888 11.44766 12.28929 11.79257 7.69583 11.6112 34.5881 0.0 17.88302 18.70632 25.53038 
1000.0 30.78807 16.33599 24.9669 0.0 8.86721 19.11112 34.99751 20.47743 10.40781 8.22348 30.85038 0.0 13.70927 24.92222 21.25563 
1000.0 12.98032 19.08104 32.26493 0.0 18.94806 30.74998 28.80241 20.78222 22.01791 20.10311 22.33799 0.0 22.57293 12.24052 7.78188 
1000.0 0.0 0.0 0.0 29.77861 0.0 0.0 0.0 0.0 0.0 0.0 0.0 19.90338 0.0 0.0 0.0 
1000.0 16.08118 30.55278 14.43613 0.0 21.68129 35.9866 33.04233 24.76207 23.51764 25.31326 23.56097 0.0 21.99139 9.13582 35.00033 
1000.0 25.76766 36.16158 35.83165 0.0 31.41773 27.59895 20.87195 12.05814 17.54649 18.28084 11.51103 0.0 28.79126 9.00796 18.27797 
1000.0 10.87786 12.59787 16.01403 0.0 24.39603 22.66021 29.68531 36.10612 29.00952 21.58649 11.96917 0.0 8.61507 29.46236 13.02207 
1000.0 29.7536 7.76703 27.10148 0.0 22.53995 12.20583 15.58254 31.92118 19.27394 13.83079 15.43259 0.0 25.09373 18.74866 12.11497 
1000.0 10.54274 15.36627 22.71753 0.0 28.49515 8.19633 12.73742 32.92017 32.03776 24.39121 12.8375 0.0 32.85398 25.86431 7.68762 
1000.0 9.79429 8.03699 12.21242 0.0 33.77806 17.26424 18.97926 8.2966 18.78088 29.95778 22.16941 0.0 12.03719 19.57412 22.25704 
1000.0 35.62845 33.74892 24.31086 0.0 25.37568 32.13415 32.91931 30.81985 35.02242 35.32133 31.75751 0.0 8.324 17.74926 9.05373 
1000.0 0.0 0.0 0.0 34.85213 0.0 0.0 0.0 0.0 0.0 0.0 0.0 24.48556 0.0 0.0 0.0 
1000.0 7.48741 36.23207 22.72217 0.0 14.07093 18.67339 17.98047 30.1992 22.10938 19.1927 9.95561 0.0 26.37204 13.1625 28.35668 
1000.0 13.27564 7.87876 13.08299 0.0 18.88238 13.35739 35.30094 14.83381 15.84925 11.11435 30.39452 0.0 10.94998 28.58866 22.12142 
1000.0 31.62234 23.11472 15.28497 0.0 11.46547 28.07851 33.18757 8.93578 23.20512 11.24675 11.09712 0.0 33.22128 30.53186 24.3599 
