1000.0 1000.0 1000.0 1000.0 1000.0 1000.0 1000.0 1000.0 1000.0 1000.0 1000.0 1000.0 1000.0 1000.0 1000.0 1000.0 
1000.0 25.35713 26.93946 27.45249 0.0 33.99989 19.10036 27.66929 8.82328 13.04498 30.89231 15.9543 0.0 29.88156 21.39647 18.10393 
1000.0 14.47966 14.57347 28.36333 0.0 9.33148 16.02519 18.27467 9.57597 13.70324 16.60338 13.39535 0.0 8.06264 34.70509 17.56306 
1000.0 10.12824 28.51835 32.21957 0.0 33.28466 12.60635 36.1852 11.60769 18.27829 8.9106 17.12468 0.0 29.23299 24.70079 35.20089 
1000.0 0.0 0.0 0.0 33.00156 0.0 0.0 0.0 0.0 0.0 0.0 0.0 29.25112 0.0 0.0 0.0 
1000.0 18.54636 31.63802 13.17477 0.0 33.55161 28.13715 31.76704 18.70283 23.55903 14.1825 20.66193 0.0 33.09804 33.8605 24.17678 
1000.0 11.02347 32.49591 23.65026 0.0 20.56261 20.73789 35.69643 26.59863 35.32613 16.89378 29.71958 0.0 16.45493 8.02729 11.93473 
1000.0 21.64691 22.30169 24.81434 0.0 23.84013 21.22994 26.95093 14.44493 9.04989 16.7467 11.17392 0.0 11.37927 10.55071 32.55813 
1000.0 27.69049 29.6388 27.88824 0.0 18.19896 30.44111 34.62595 32.91224 34.42687 18.47771 19.5053 0.0 24.65987 21.52879 12.04656 
1000.0 25.93887 24.92579 30.65723 0.0 8.54582 35.13893 31.34066 33.36908 24.63549 29.24945 15.47865 0.0 22.62501 33.80458 13.20537 
1000.0 17.59365 22.62915 22.17749 0.0 34.10932 8.2199 35.01315 21.8542 33.65173 15.07968 15.46753 0.0 8.99355 32.86454 34.46479 
1000.0 24.4767 14.30447 15.8262 0.0 23.53743 17.27491 10.96699 28.43777 16.48083 32.73067 7.86316 0.0 16.00227 24.93038 30.13781 
1000.0 0.0 0.0 0.0 13.51783 0.0 0.0 0.0 0.0 0.0 0.0 0.0 27.58058 0.0 0.0 0.0 
1000.0 18.86853 20.02678 31.43263 0.0 8.06437 10.49292 29.25465 13.69576 8.28861 34.35058 26.76468 0.0 32.56027 11.66782 35.5592 
1000.0 25.69378 20.1771 10.17666 0.0 29.48234 33.54691 24.41407 20.94613 30.24522 35.88512 24.63907 0.0 32.30766 28.92049 25.8988 
1000.0 16.50291 24.11294 29.84191 0.0 21.63127 12.75949 16.60933 28.73883 26.70149 15.09715 24.49987 0.0 27.88144 13.10414 12.48715 
