1000.0 1000.0 1000.0 1000.0 1000.0 1000.0 1000.0 1000.0 1000.0 1000.0 1000.0 1000.0 1000.0 1000.0 1000.0 1000.0 
1000.0 13.35464 31.36907 11.1448 0.0 35.06121 15.32934 23.23333 9.38106 9.22429 28.36547 33.81447 0.0 34.44031 20.77169 21.21144 
1000.0 15.60991 8.03737 11.50832 0.0 20.69522 21.58191 22.75741 14.03482 21.14198 32.97694 24.34672 0.0 23.32507 15.98944 27.6248 
1000.0 34.35146 32.98877 9.52801 0.0 22.29478 36.65917 31.04091 35.05132 36.38241 32.78884 37.933 0.0 22.75408 10.36612 24.28075 
1000.0 0.0 0.0 0.0 8.43671 0.0 0.0 0.0 0.0 0.0 0.0 0.0 13.57871 0.0 0.0 0.0 
1000.0 12.55946 31.64493 24.0439 0.0 32.39216 31.00956 11.96699 31.61121 29.79816 22.03748 20.20378 0.0 27.88958 18.18256 33.74584 
1000.0 11.74233 32.52563 16.83686 0.0 15.09162 10.16922 36.94593 15.99625 27.02953 27.26375 27.6489 0.0 30.46547 23.70662 23.81912 
1000.0 10.7207 10.11873 32.71798 0.0 11.61086 25.13955 26.85882 36.76581 22.94234 32.36444 36.88284 0.0 12.19687 9.82796 21.25831 
1000.0 21.75036 28.95411 18.14696 0.0 10.7991 14.24565 32.63599 13.0978 33.52322 11.65162 20.29401 0.0 34.77323 22.21602 25.02238 
1000.0 15.76648 22.88813 16.32867 0.0 15.73715 22.39835 18.61445 14.93161 33.68294 20.28215 23.19556 0.0 18.16219 30.62031 11.19881 
1000.0 10.01789 13.38305 30.75299 0.0 26.13015 24.05199 17.06811 28.29754 13.08855 10.0535 23.35631 0.0 14.2394 20.44 36.77237 
1000.0 19.9092 22.61377 10.8999 0.0 37.28985 13.4728 23.36107 31.06008 28.96661 34.01204 20.44834 0.0 18.94173 11.86352 13.46562 
1000.0 0.0 0.0 0.0 34.25711 0.0 0.0 0.0 0.0 0.0 0.0 0.0 19.20692 0.0 0.0 0.0 
1000.0 9.07756 19.53499 20.56617 0.0 29.07666 9.10364 23.47843 19.86402 8.94976 21.96284 34.99896 0.0 17.9282 36.21617 12.16168 
1000.0 23.62906 15.00625 23.22223 0.0 22.31922 28.59802 15.31774 29.80244 10.6506 17.57246 30.28848 0.0 11.59866 36.41895 10.5609 
1000.0 31.27113 22.42645 35.82813 0.0 24.68696 29.26954 21.72291 20.31458 37.19064 31.01001 31.58654 0.0 34.45793 13.35343 24.64181 
