1000.0 1000.0 1000.0 1000.0 1000.0 1000.0 1000.0 1000.0 1000.0 1000.0 1000.0 1000.0 1000.0 1000.0 1000.0 1000.0 
1000.0 8.40571 26.27951 14.87671 0.0 24.02611 40.91175 28.41381 22.26379 24.85931 21.31848 36.04526 0.0 34.8917 25.41809 12.26484 
1000.0 22.56521 22.12691 9.76615 0.0 21.37729 22.33423 19.73558 35.75963 30.93724 11.32208 30.86999 0.0 9.76177 18.98474 27.71195 
1000.0 19.20339 37.99273 40.4124 0.0 15.40026 37.71274 31.04486 12.80028 34.44683 35.88466 20.01168 0.0 11.585 32.45042 29.7674 
1000.0 0.0 0.0 0.0 9.08758 0.0 0.0 0.0 0.0 0.0 0.0 0.0 34.16134 0.0 0.0 0.0 
1000.0 21.13774 8.34166 22.24158 0.0 28.56151 25.5028 35.97933 11.56167 37.46736 14.26669 39.979 0.0 25.14412 13.22692 9.76811 
1000.0 38.80815 11.24253 12.79942 0.0 37.98587 19.57943 17.08262 25.23534 14.59881 34.45845 34.37885 0.0 16.49102 18.8635 34.22268 
1000.0 27.8024 38.79792 11.15119 0.0 37.68485 16.86607 23.53337 35.95474 8.6259 35.05538 32.90776 0.0 23.7229 32.42222 26.59587 
1000.0 36.61874 32.69179 20.90122 0.0 10.00645 32.57801 39.52416 24.08048 32.69773 41.54205 26.95913 0.0 40.4979 21.22755 20.74412 
1000.0 33.06072 24.31936 36.52759 0.0 39.60463 21.2582 21.60578 25.64459 11.5956 32.7186 9.38464 0.0 17.72593 34.42927 8.60432 
1000.0 26.71281 18.02033 34.67142 0.0 32.29453 17.82806 11.63786 32.39821 22.90245 21.89146 10.26213 0.0 8.35794 10.41228 29.09884 
1000.0 15.82179 9.33047 21.12293 0.0 15.46689 30.90088 25.73812 12.96707 36.32105 17.24767 20.28467 0.0 39.70543 29.74272 29.264 
1000.0 0.0 0.0 0.0 25.99545 0.0 0.0 0.0 0.0 0.0 0.0 0.0 37.3401 0.0 0.0 0.0 
1000.0 31.66963 26.05489 17.00719 0.0 36.7406 35.42035 29.8277 27.35777 12.43809 31.22117 34.22004 0.0 27.88906 29.85663 10.79663 
1000.0 34.13835 35.75732 25.58741 0.0 27.52852 31.88604 12.3957 39.43615 38.58275 32.48643 17.81846 0.0 35.50132 30.8823 32.61933 
1000.0 39.88893 10.26611 35.07275 0.0 13.69238 38.68016 39.07965 10.14251 31.79441 30.05502 16.7435 0.0 34.2543 25.65593 29.48045 
