1000.0 1000.0 1000.0 1000.0 1000.0 1000.0 1000.0 1000.0 1000.0 1000.0 1000.0 1000.0 1000.0 1000.0 1000.0 1000.0 
1000.0 10.08397 29.59318 32.77162 0.0 34.63197 23.94689 37.60973 13.89265 21.29579 33.84181 37.49625 0.0 27.05323 34.2825 27.07205 
1000.0 23.03428 14.61318 29.09236 0.0 19.74819 36.67414 10.04834 12.11374 22.30949 27.93309 10.75462 0.0 25.53639 23.73282 19.73781 
1000.0 28.858 15.86321 18.77288 0.0 16.66187 12.45513 36.27019 33.61295 27.59807 13.1087 22.49112 0.0 37.80695 36.48085 26.64012 
1000.0 0.0 0.0 0.0 15.85378 0.0 0.0 0.0 0.0 0.0 0.0 0.0 8.98767 0.0 0.0 0.0 
1000.0 17.36264 36.68965 29.80951 0.0 19.69669 26.42816 20.5174 23.937 22.9677 10.13636 23.85523 0.0 39.38603 35.28759 37.86256 
1000.0 13.20649 21.73628 13.18111 0.0 36.36345 27.19929 13.87232 17.48737 24.80537 22.24365 21.44845 0.0 20.52763 31.31923 13.56189 
1000.0 8.22974 38.45875 19.50765 0.0 24.43478 20.0626 14.80623 20.0338 33.64443 14.59249 24.19377 0.0 36.40637 31.37956 31.11638 
1000.0 24.31813 35.47534 38.08092 0.0 37.82853 36.08472 36.78433 33.33167 11.73379 31.9453 38.55441 0.0 14.27719 26.9412 20.52825 
1000.0 23.16628 14.3912 8.98951 0.0 33.84417 28.69436 10.94149 18.00258 13.80213 20.9718 8.88537 0.0 38.91656 8.5332 34.27873 
1000.0 25.70915 34.49747 35.83046 0.0 12.9127 12.20073 9.15636 12.09642 29.17775 35.58667 31.79907 0.0 32.9147 26.96889 36.82647 
1000.0 14.47854 20.21907 37.91057 0.0 20.30388 30.25102 16.65496 10.18816 27.33541 10.18606 17.58153 0.0 30.9489 39.4027 33.29243 
1000.0 0.0 0.0 0.0 19.84905 0.0 0.0 0.0 0.0 0.0 0.0 0.0 18.55592 0.0 0.0 0.0 
1000.0 19.19227 31.43792 20.88536 0.0 9.38935 11.41822 11.47942 23.21788 29.65959 31.67696 39.08054 0.0 23.78802 13.31516 25.56498 
1000.0 38.03055 24.44767 35.88164 0.0 33.50337 26.28278 12.95071 21.81599 12.85106 11.76474 12.91778 0.0 39.40613 13.25572 17.0716 
1000.0 38.73818 21.63959 10.12646 0.0 25.06096 9.87489 8.32555 25.10306 31.15856 31.83141 19.49238 0.0 38.55152 38.40356 30.46655 
