1000.0 1000.0 1000.0 1000.0 1000.0 1000.0 1000.0 1000.0 1000.0 1000.0 1000.0 1000.0 1000.0 1000.0 1000.0 1000.0 
1000.0 10.02204 38.21129 15.88797 0.0 20.00638 18.03692 18.0642 12.87001 22.00612 8.68814 21.25734 0.0 16.86804 23.23631 19.80646 
1000.0 11.492 24.35598 10.65601 0.0 11.5507 21.88256 30.94625 20.67335 8.43155 13.41088 11.70003 0.0 30.84856 22.71233 37.21875 
1000.0 12.28829 24.21472 22.76527 0.0 38.36108 15.20642 25.87598 19.69381 37.52069 23.39293 32.90996 0.0 28.00517 9.39354 33.69929 
1000.0 0.0 0.0 0.0 31.54516 0.0 0.0 0.0 0.0 0.0 0.0 0.0 16.65052 0.0 0.0 0.0 
1000.0 17.47526 30.07999 27.23901 0.0 25.85004 34.71866 31.83402 12.78663 22.7322 14.67351 31.92371 0.0 15.11989 24.1647 23.68693 
1000.0 22.01145 11.06985 8.80426 0.0 28.85289 26.35575 37.69594 32.32955 25.21285 34.87323 19.21179 0.0 20.77866 34.52509 38.07162 
1000.0 32.9915 15.79949 35.75588 0.0 14.21108 33.02669 21.9095 9.35161 16.19984 16.69592 15.06498 0.0 26.04082 29.69413 10.82593 
1000.0 36.01211 38.9783 36.07004 0.0 36.10195 33.20056 33.45647 10.89666 37.18729 28.36761 25.29308 0.0 36.45251 24.90304 23.46811 
1000.0 8.7791 25.70336 31.50073 0.0 34.78182 33.42916 27.61296 8.06237 20.4946 36.35174 29.94369 0.0 21.70291 9.6802 30.62482 
1000.0 35.519 12.82135 20.25441 0.0 30.12636 26.56838 14.35992 13.51305 17.42149 13.89196 28.24687 0.0 15.62699 38.4744 19.11354 
1000.0 24.17373 34.99346 8.77057 0.0 35.52988 35.82686 16.72784 34.64074 23.28205 37.52176 37.52333 0.0 17.15779 12.00135 27.14249 
1000.0 0.0 0.0 0.0 15.06379 0.0 0.0 0.0 0.0 0.0 0.0 0.0 26.54184 0.0 0.0 0.0 
1000.0 27.00434 29.32605 36.7138 0.0 13.70944 17.95403 34.23129 25.14563 8.72513 25.64973 13.3032 0.0 33.37174 30.80162 8.59251 
1000.0 20.38676 10.73098 10.31635 0.0 8.48209 32.2028 13.19007 26.76601 11.24535 31.64598 19.09243 0.0 35.19757 18.99313 31.35017 
1000.0 10.52605 20.7245 25.80424 0.0 14.60639 29.41384 38.99633 14.46334 29.45127 36.18985 33.31928 0.0 27.08781 32.08162 30.34151 
