1000.0 1000.0 1000.0 1000.0 1000.0 1000.0 1000.0 1000.0 1000.0 1000.0 1000.0 1000.0 1000.0 1000.0 1000.0 1000.0 
1000.0 29.38188 13.52899 13.99756 0.0 32.21128 31.33341 15.36754 29.91575 23.05529 14.188 14.1698 0.0 15.42377 18.20872 26.0894 
1000.0 34.50039 11.61008 13.80616 0.0 14.31219 29.32722 7.90654 9.0487 15.26845 32.18315 31.96794 0.0 32.60961 23.87643 7.0435 
1000.0 9.80324 28.13683 21.87267 0.0 15.67436 19.20211 18.14312 30.21919 15.30733 17.4288 15.79913 0.0 29.84369 14.57597 20.01045 
1000.0 0.0 0.0 0.0 23.17354 0.0 0.0 0.0 0.0 0.0 0.0 0.0 29.29659 0.0 0.0 0.0 
1000.0 17.23823 28.09078 18.42947 0.0 25.59184 33.9119 14.15677 16.77489 19.41537 32.67214 11.57499 0.0 8.34223 7.32502 20.04485 
1000.0 18.85737 24.90584 15.30102 0.0 7.70009 33.3618 17.45164 30.60902 9.0075 25.08871 34.37393 0.0 13.36986 30.96056 28.24226 
1000.0 15.50838 32.35842 30.17766 0.0 13.03404 21.34204 19.37268 9.17843 33.58321 31.2978 15.47022 0.0 11.57672 30.30884 32.40296 
1000.0 11.07303 32.51618 21.72321 0.0 24.99365 28.64024 9.93485 13.61356 8.94477 25.2427 32.89385 0.0 23.31773 31.82344 20.16478 
1000.0 21.41496 22.13884 31.26163 0.0 33.8937 24.73166 11.98926 23.03953 8.56853 15.21429 15.38659 0.0 16.11109 10.34384 21.12375 
1000.0 12.09586 24.49499 24.8905 0.0 21.44367 26.12651 26.71668 32.20274 11.3659 13.78977 30.13875 0.0 23.87255 12.47361 29.83984 
1000.0 20.25819 31.50096 18.01338 0.0 17.06836 20.39108 14.87273 27.00158 30.8308 11.27333 20.87689 0.0 12.43492 19.20221 19.36063 
1000.0 0.0 0.0 0.0 14.37793 0.0 0.0 0.0 0.0 0.0 0.0 0.0 31.38123 0.0 0.0 0.0 
1000.0 26.70747 33.59921 7.81803 0.0 27.31317 19.73569 34.41211 27.42049 8.43239 8.178 8.99723 0.0 32.55064 30.99888 12.64298 
1000.0 17.42224 10.42796 13.90513 0.0 21.44353 8.64867 15.18129 22.92944 29.49598 26.10667 25.84469 0.0 14.3762 26.1274 14.6213 
1000.0 18.3929 23.95466 20.69827 0.0 29.51675 33.77862 12.76693 16.17167 15.42366 17.83691 18.55715 0.0 18.54681 31.34337 14.16093 
