1000.0 1000.0 1000.0 1000.0 1000.0 1000.0 1000.0 1000.0 1000.0 1000.0 1000.0 1000.0 1000.0 1000.0 1000.0 1000.0 
1000.0 12.18999 37.27376 13.76933 0.0 23.2466 22.96028 13.05579 40.6906 13.93986 18.75141 44.69745 0.0 27.97703 29.13857 13.93385 
1000.0 20.08784 24.89152 33.91695 0.0 28.06675 21.25787 19.54271 41.21577 30.02167 39.70676 40.54827 0.0 27.19207 22.15142 26.92601 
1000.0 42.03153 18.16553 41.42502 0.0 9.31108 16.96023 36.64321 32.8729 29.40526 45.20676 45.67636 0.0 22.13093 31.979 15.64733 
1000.0 0.0 0.0 0.0 37.58677 0.0 0.0 0.0 0.0 0.0 0.0 0.0 31.70509 0.0 0.0 0.0 
1000.0 24.44364 33.16612 42.73997 0.0 35.1537 14.92422 18.21266 26.51459 43.52964 19.46176 32.04495 0.0 26.48863 14.87554 45.82393 
1000.0 34.90004 13.75507 39.35565 0.0 19.07648 26.7466 23.68845 32.338 45.41052 15.38674 36.42353 0.0 29.21616 12.80362 27.70928 
1000.0 43.01196 19.5621 11.50599 0.0 44.50488 44.70908 17.03556 35.53822 15.42898 31.23856 16.73651 0.0 24.67882 35.8995 20.66718 
1000.0 16.30287 46.49322 15.70006 0.0 33.11553 11.16227 14.81971 23.6028 42.52868 36.41635 29.3169 0.0 22.96581 27.00499 43.20727 
1000.0 33.94177 9.35628 29.24001 0.0 37.08963 44.61604 14.87388 14.63902 13.41447 25.12418 27.43756 0.0 11.50914 22.55139 35.68383 
1000.0 13.94522 34.65955 36.07907 0.0 42.44338 30.49222 32.35265 14.31725 29.85324 10.23612 32.23979 0.0 45.13387 31.72795 19.31235 
1000.0 25.50598 34.77236 27.50828 0.0 31.98932 45.70037 18.426 40.34755 43.12689 13.69925 26.6752 0.0 39.81713 33.00172 26.08663 
1000.0 0.0 0.0 0.0 28.01357 0.0 0.0 0.0 0.0 0.0 0.0 0.0 35.05106 0.0 0.0 0.0 
1000.0 36.52176 12.93474 43.59521 0.0 15.56385 19.96352 26.6584 26.26065 38.77826 22.59149 17.36248 0.0 38.76929 10.55603 41.17973 
1000.0 30.24461 21.29457 30.04322 0.0 43.34059 19.17987 33.3358 41.56381 23.72772 33.79722 36.07078 0.0 43.9794 23.33724 42.97072 
1000.0 30.58707 19.18549 34.44731 0.0 46.44213 19.53738 23.67122 33.58763 22.85881 39.00017 14.75623 0.0 17.72858 43.23836 23.62292 
