1000.0 1000.0 1000.0 1000.0 1000.0 1000.0 1000.0 1000.0 1000.0 1000.0 1000.0 1000.0 1000.0 1000.0 1000.0 1000.0 
1000.0 29.39544 10.48424 25.04225 0.0 33.01561 14.35167 9.59174 20.82689 11.32675 29.18905 24.79775 0.0 28.20861 19.20034 7.49104 
1000.0 29.33264 10.1427 17.01344 0.0 8.3646 30.14494 14.74974 23.32312 8.40359 13.21015 19.30762 0.0 13.3096 28.93594 10.12966 
1000.0 17.61019 24.75429 17.83683 0.0 14.98534 8.40525 29.08446 21.63901 16.5974 29.79067 30.54325 0.0 9.26139 15.7484 31.66889 
1000.0 0.0 0.0 0.0 33.58326 0.0 0.0 0.0 0.0 0.0 0.0 0.0 25.37176 0.0 0.0 0.0 
1000.0 12.1824 30.54504 22.94861 0.0 14.89749 23.59008 13.57176 29.02842 14.27871 9.0074 19.7574 0.0 32.26935 21.25593 9.94264 
1000.0 24.04869 33.36432 10.28339 0.0 8.2852 28.24362 28.70416 7.08207 25.22695 20.90741 28.61074 0.0 32.50998 10.97271 16.28404 
1000.0 10.67078 6.80763 16.55968 0.0 16.03694 14.3765 10.48836 17.86612 22.1039 29.55234 18.60744 0.0 11.21512 6.83033 14.26689 
1000.0 8.95343 24.3514 14.04199 0.0 30.19037 13.34491 27.88494 27.51239 21.5548 14.21684 15.71953 0.0 14.25026 10.99582 20.5917 
1000.0 9.04854 16.59927 12.63839 0.0 26.51629 33.22383 30.46568 20.67607 31.98312 18.89245 29.63494 0.0 25.01834 6.85985 20.62928 
1000.0 11.6822 9.15205 9.86033 0.0 22.75418 31.49228 20.68321 20.87656 23.15647 22.67301 20.95441 0.0 9.24218 19.33973 29.06875 
1000.0 27.99056 21.92212 23.86007 0.0 8.2121 11.9701 27.09112 31.85374 8.47658 29.52975 18.45567 0.0 25.66018 26.13219 13.66205 
1000.0 0.0 0.0 0.0 14.28566 0.0 0.0 0.0 0.0 0.0 0.0 0.0 27.47472 0.0 0.0 0.0 
1000.0 23.60955 28.28156 22.30424 0.0 18.63519 18.15965 19.45781 32.2449 29.39808 23.93861 25.60601 0.0 7.08475 28.61632 26.91534 
1000.0 27.32546 15.89766 28.02519 0.0 24.67334 23.65632 17.7811 18.70587 15.79531 17.6115 21.47292 0.0 13.32053 11.53974 16.28196 
1000.0 7.03622 24.1086 13.46107 0.0 8.98781 17.84963 10.54539 32.75786 21.36428 22.70013 21.93284 0.0 27.13717 12.91939 21.84854 
