1000.0 1000.0 1000.0 1000.0 1000.0 1000.0 1000.0 1000.0 1000.0 1000.0 1000.0 1000.0 1000.0 1000.0 1000.0 1000.0 
1000.0 30.72632 7.05702 24.40346 0.0 26.35608 17.47074 21.29803 7.81794 24.55978 13.53843 31.61796 0.0 19.14359 16.98377 14.33855 
1000.0 28.70653 26.08579 24.88585 0.0 21.01259 7.85868 16.96498 12.29099 16.90901 12.88178 24.55601 0.0 7.6328 20.30388 13.84 
1000.0 15.20262 20.00396 27.99293 0.0 9.16664 13.93501 19.23018 10.25639 9.54519 9.06226 27.76848 0.0 12.93489 11.787 6.81201 
1000.0 0.0 0.0 0.0 10.81202 0.0 0.0 0.0 0.0 0.0 0.0 0.0 21.72769 0.0 0.0 0.0 
1000.0 26.47679 11.1011 9.13186 0.0 29.00912 13.95439 22.65984 11.37589 18.60491 9.155 12.88932 0.0 22.50241 12.35234 23.5718 
1000.0 13.95681 22.29312 19.99189 0.0 21.84001 11.23457 6.8111 18.93287 20.158 20.75671 18.43265 0.0 22.34351 9.09014 7.57999 
1000.0 6.93932 13.29673 12.69534 0.0 16.55417 15.67576 10.52589 18.96409 10.54288 25.08781 12.31683 0.0 31.34455 29.58901 14.87885 
1000.0 25.72452 28.50597 23.76104 0.0 19.2448 11.64691 12.51261 13.86514 18.70857 7.1715 8.53642 0.0 7.31472 7.42681 8.81982 
1000.0 6.54747 11.06836 15.29572 0.0 24.29229 11.57439 6.74755 11.47176 31.0516 30.55565 23.37899 0.0 23.23316 8.40384 18.7209 
1000.0 10.69177 13.29985 17.75039 0.0 21.96201 31.45362 9.47886 31.05597 13.44744 19.46022 28.68745 0.0 6.46918 9.1298 30.59884 
1000.0 27.41666 14.23966 6.82253 0.0 29.42773 24.87127 21.03554 15.49507 31.05153 14.91929 21.44502 0.0 14.75559 27.56598 9.00105 
1000.0 0.0 0.0 0.0 25.56029 0.0 0.0 0.0 0.0 0.0 0.0 0.0 8.8171 0.0 0.0 0.0 
1000.0 17.62738 30.32712 25.00455 0.0 17.52459 16.31542 22.9064 10.93339 21.81725 22.47233 18.96415 0.0 31.4405 12.2943 24.91097 
1000.0 16.5761 17.25919 23.26659 0.0 24.34632 25.64753 7.98404 25.75054 6.92777 13.53094 23.12451 0.0 10.7648 12.86556 15.18395 
1000.0 28.22615 26.90544 23.44383 0.0 23.76728 29.03737 11.22074 13.60451 16.55619 27.47273 27.12432 0.0 25.41322 14.46395 15.86125 
