1000.0 1000.0 1000.0 1000.0 1000.0 1000.0 1000.0 1000.0 1000.0 1000.0 1000.0 1000.0 1000.0 1000.0 1000.0 1000.0 
1000.0 13.90475 17.72202 27.73463 0.0 13.70279 47.22403 40.0151 24.707 19.03758 30.32104 39.40276 0.0 43.88908 12.25654 33.75122 
1000.0 19.44474 25.91291 48.15203 0.0 12.47557 33.18668 26.89501 35.865 15.21877 21.78914 12.97145 0.0 35.66622 17.05069 33.44485 
1000.0 36.3836 17.34215 19.88633 0.0 32.28469 33.93175 18.5633 46.26095 15.62814 20.75096 44.23666 0.0 17.43181 13.38298 32.02009 
1000.0 0.0 0.0 0.0 34.21942 0.0 0.0 0.0 0.0 0.0 0.0 0.0 31.88278 0.0 0.0 0.0 
1000.0 19.5599 25.84879 44.88637 0.0 34.51078 23.48677 41.5843 35.68646 9.95661 28.96791 19.21422 0.0 46.07022 37.68857 19.75515 
1000.0 46.00711 38.56685 33.8686 0.0 28.17447 29.57564 32.14277 45.70779 32.60934 38.2442 22.50243 0.0 44.5801 32.52785 11.68373 
1000.0 24.06588 36.15825 20.53461 0.0 20.48185 17.19325 25.19856 11.68149 26.8806 45.9324 46.82524 0.0 31.43673 28.89834 45.81876 
1000.0 41.63437 11.66869 31.4152 0.0 45.00822 27.74772 14.58032 19.27699 43.43038 22.88357 11.7153 0.0 16.05604 43.98231 30.78555 
1000.0 19.4729 20.43996 11.19497 0.0 44.16231 27.73828 42.21231 21.01938 32.80917 38.00691 11.52255 0.0 36.17831 42.13549 33.79042 
1000.0 44.615 42.88655 21.80952 0.0 22.50902 42.6272 22.55888 16.23916 41.1764 46.45372 27.05075 0.0 17.13404 22.11593 12.56898 
1000.0 29.15258 33.54535 44.78087 0.0 35.98676 30.02236 32.59558 45.1872 40.42646 16.75519 40.29743 0.0 21.74356 34.86574 25.0516 
1000.0 0.0 0.0 0.0 20.89036 0.0 0.0 0.0 0.0 0.0 0.0 0.0 33.52815 0.0 0.0 0.0 
1000.0 44.54165 44.37827 26.36335 0.0 11.42121 28.80796 28.87629 47.16069 41.68799 34.34196 42.68629 0.0 46.21303 20.947 25.92665 
1000.0 43.28788 30.73411 32.52446 0.0 21.35777 43.89664 25.49248 43.81108 18.90351 42.63386 26.37659 0.0 42.48902 17.77278 48.4823 
1000.0 20.35769 37.85417 41.2824 0.0 46.23227 12.09343 13.02952 21.83865 38.88826 16.4629 45.4255 0.0 25.52307 28.68493 27.0379 
