1000.0 1000.0 1000.0 1000.0 1000.0 1000.0 1000.0 1000.0 1000.0 1000.0 1000.0 1000.0 1000.0 1000.0 1000.0 1000.0 
1000.0 27.16018 8.83631 14.43833 0.0 33.30626 12.90514 25.35084 19.84886 9.86143 10.98466 24.60467 0.0 18.89606 14.03108 15.82355 
1000.0 12.69071 14.15343 30.20104 0.0 6.80913 17.11311 15.72874 14.33311 8.80391 16.61792 20.2641 0.0 8.68599 13.86377 31.42281 
1000.0 11.78217 19.3522 32.01306 0.0 21.00854 17.78141 32.63936 26.91875 11.72158 27.17864 6.97411 0.0 30.21631 14.99849 32.27201 
1000.0 0.0 0.0 0.0 18.80567 0.0 0.0 0.0 0.0 0.0 0.0 0.0 19.86583 0.0 0.0 0.0 
1000.0 27.74451 24.15837 15.32627 0.0 21.61492 19.76035 21.38314 17.31981 17.65123 18.01448 22.71883 0.0 29.66567 18.79192 25.25073 
1000.0 33.46263 19.48488 12.08639 0.0 12.55265 19.42212 21.24454 10.94135 12.88763 9.82429 18.50496 0.0 22.38456 31.15831 23.90618 
1000.0 28.69741 32.03515 16.13394 0.0 24.58855 10.85265 32.47408 12.28829 24.27322 18.87554 15.24896 0.0 30.00992 12.36393 33.4539 
1000.0 33.27263 24.50773 23.38804 0.0 33.76413 15.93153 23.81209 15.50016 16.5788 7.73737 13.28923 0.0 8.05383 26.72133 20.71808 
1000.0 15.45827 8.49041 25.76367 0.0 30.84482 29.1888 20.50137 19.85798 6.8305 31.94326 27.19823 0.0 24.96627 31.40022 18.80037 
1000.0 28.92645 8.6123 20.95665 0.0 14.67446 26.61111 16.9783 18.76549 23.37694 22.98224 19.42434 0.0 23.49371 24.69123 29.50034 
1000.0 11.45609 11.66635 28.32667 0.0 10.78649 31.07254 19.40734 25.73699 25.20426 30.79349 20.22814 0.0 20.27658 26.6218 10.7531 
1000.0 0.0 0.0 0.0 8.14021 0.0 0.0 0.0 0.0 0.0 0.0 0.0 24.4963 0.0 0.0 0.0 
1000.0 24.10671 25.35295 14.57816 0.0 20.3546 24.28452 30.47053 11.08637 29.69913 16.73852 27.42801 0.0 24.41142 28.53938 11.38668 
1000.0 20.05261 16.38896 18.58093 0.0 20.96817 13.25355 26.94229 12.31276 13.65388 10.89665 19.78857 0.0 9.85 24.10281 30.01265 
1000.0 31.59437 7.92485 31.16962 0.0 17.17822 32.43076 24.49043 18.21397 33.15483 18.61873 16.3709 0.0 23.62014 10.29035 18.21658 
