1000.0 1000.0 1000.0 1000.0 1000.0 1000.0 1000.0 1000.0 1000.0 1000.0 1000.0 1000.0 1000.0 1000.0 1000.0 1000.0 
1000.0 22.14897 31.31386 24.05223 0.0 20.97082 18.91851 8.9948 16.16903 8.32473 9.48989 27.98634 0.0 17.68493 19.3129 31.34181 
1000.0 17.93996 16.00673 27.79543 0.0 29.31208 17.71403 31.76711 12.92987 16.49983 22.42197 20.56422 0.0 12.94073 25.82872 33.42608 
1000.0 24.57039 33.50464 15.10088 0.0 32.40467 20.89609 22.44635 29.63207 28.79257 24.29983 34.58696 0.0 35.09363 9.23897 25.56755 
1000.0 0.0 0.0 0.0 12.93098 0.0 0.0 0.0 0.0 0.0 0.0 0.0 22.00642 0.0 0.0 0.0 
1000.0 16.5884 7.16676 15.94527 0.0 9.82704 31.83304 24.3015 17.10432 20.20614 24.502 20.3549 0.0 23.51014 18.38803 7.97578 
1000.0 21.03534 32.19015 9.36659 0.0 34.12651 19.74383 26.85903 25.49708 20.88079 15.74124 30.55463 0.0 16.92945 24.78702 7.69344 
1000.0 31.33719 12.68037 32.49763 0.0 17.69514 14.69897 24.65402 8.19996 33.79432 33.82632 29.04474 0.0 23.01271 14.62707 33.99866 
1000.0 28.98099 8.96839 19.71309 0.0 29.3949 17.14508 28.73364 29.09894 34.33155 26.43022 19.58902 0.0 8.22116 31.60745 21.86739 
1000.0 8.11928 8.75521 16.80428 0.0 18.72257 19.28387 30.18806 23.30399 18.96404 7.48186 28.01399 0.0 23.00216 32.71173 33.86147 
1000.0 22.00738 26.63517 12.28143 0.0 15.96334 21.55641 19.89001 15.64304 21.14964 9.47216 10.76578 0.0 18.16099 31.41138 8.24614 
1000.0 29.57019 25.45267 18.65752 0.0 19.91396 19.38595 14.52548 14.31759 14.78116 31.39697 22.21628 0.0 28.06123 9.72475 29.54388 
1000.0 0.0 0.0 0.0 32.62154 0.0 0.0 0.0 0.0 0.0 0.0 0.0 17.88125 0.0 0.0 0.0 
1000.0 7.18973 29.45358 32.69426 0.0 30.38031 32.24571 7.25394 27.0185 26.0691 25.21766 18.76391 0.0 25.97273 18.86471 9.43872 
1000.0 9.60226 16.20579 15.48978 0.0 12.94943 10.3521 19.57716 16.68549 21.76394 16.74368 23.66432 0.0 33.95219 14.07359 24.39442 
1000.0 22.12965 8.37961 34.04189 0.0 35.08192 16.8928 17.33401 16.89184 31.79307 19.84234 20.21419 0.0 33.77865 17.72984 20.6414 
