1000.0 1000.0 1000.0 1000.0 1000.0 1000.0 1000.0 1000.0 1000.0 1000.0 1000.0 1000.0 1000.0 1000.0 1000.0 1000.0 
1000.0 11.65645 22.19322 36.69234 0.0 14.28269 37.76142 9.36755 28.13506 35.82263 22.97984 35.77549 0.0 9.91322 27.80024 28.07395 
1000.0 23.81143 25.24324 25.92488 0.0 19.52807 18.08005 24.08216 8.22264 24.42163 29.5162 16.2144 0.0 34.5807 12.3525 31.29889 
1000.0 28.83134 25.39045 23.77662 0.0 30.85281 13.57261 20.02256 31.11104 26.26739 33.55832 19.3624 0.0 36.48271 38.88523 17.22933 
1000.0 0.0 0.0 0.0 9.65219 0.0 0.0 0.0 0.0 0.0 0.0 0.0 20.69558 0.0 0.0 0.0 
1000.0 16.36532 28.59024 38.67402 0.0 18.99359 34.63572 37.76797 29.42316 37.69618 21.81373 15.14773 0.0 26.23248 17.70691 34.98721 
1000.0 25.70851 39.76386 30.33746 0.0 26.21162 28.05137 21.99033 21.03078 14.01712 40.68505 18.71506 0.0 34.84146 17.07042 27.4296 
1000.0 12.66346 12.11811 24.54793 0.0 29.4109 31.40983 19.26308 11.80597 29.89271 9.69543 13.93981 0.0 13.3227 20.75024 16.97927 
1000.0 8.28404 38.45782 35.02736 0.0 23.84197 32.70881 22.29877 31.98155 38.02516 40.08226 36.52743 0.0 34.04653 19.34452 28.57226 
1000.0 31.02231 39.65337 20.56565 0.0 23.3958 37.06029 34.26255 28.614 16.39991 28.48046 19.08012 0.0 14.03939 35.70289 32.17071 
1000.0 16.25532 12.08585 25.02398 0.0 25.01707 10.71244 13.5474 36.82784 22.20811 25.88822 30.09933 0.0 35.79634 33.89128 16.75265 
1000.0 19.6211 15.68365 16.75691 0.0 39.33571 32.32284 15.75015 17.26967 9.57923 36.23648 17.34509 0.0 26.35904 11.87372 33.73838 
1000.0 0.0 0.0 0.0 29.48602 0.0 0.0 0.0 0.0 0.0 0.0 0.0 18.03159 0.0 0.0 0.0 
1000.0 26.50388 32.12626 37.52094 0.0 19.64469 13.14142 39.82946 39.72937 28.41849 30.75967 26.27014 0.0 29.17878 24.78303 24.9204 
1000.0 40.23018 23.26994 19.68633 0.0 17.25544 22.01226 29.51666 11.65131 30.6256 18.24712 32.40229 0.0 22.36316 16.06707 23.26448 
1000.0 12.51544 17.92915 23.68979 0.0 26.91124 20.81582 34.91707 27.95961 23.63716 22.14389 35.83587 0.0 9.75655 23.52695 35.6403 
