1000.0 1000.0 1000.0 1000.0 1000.0 1000.0 1000.0 1000.0 1000.0 1000.0 1000.0 1000.0 1000.0 1000.0 1000.0 1000.0 
1000.0 28.01255 33.85979 14.04384 0.0 11.50793 24.50403 41.21339 14.15042 9.16223 43.78351 25.05505 0.0 44.80272 11.39543 28.87848 
1000.0 21.58015 14.89748 35.35322 0.0 12.34025 37.36617 33.9939 11.22973 32.80179 22.0711 18.05452 0.0 37.35513 28.15351 23.96246 
1000.0 40.42032 34.61697 30.47164 0.0 34.44843 17.72036 30.0253 24.83091 28.65321 12.96539 22.28063 0.0 34.27653 33.18698 22.00146 
1000.0 0.0 0.0 0.0 20.43662 0.0 0.0 0.0 0.0 0.0 0.0 0.0 16.82042 0.0 0.0 0.0 
1000.0 42.20088 39.86932 9.95917 0.0 22.41275 42.67498 25.57916 18.95913 27.14222 10.77118 33.86642 0.0 36.20555 17.54199 24.09136 
1000.0 13.41694 27.61526 23.68465 0.0 37.30504 41.76612 45.2507 16.23291 44.95388 36.25599 21.69339 0.0 34.6153 29.91323 21.25328 
1000.0 42.4995 13.89385 40.26214 0.0 13.60313 19.57815 44.8923 32.09935 44.61019 16.2221 25.88488 0.0 17.38751 17.2526 42.56102 
1000.0 38.42341 19.43496 34.66482 0.0 38.2808 43.42347 43.85425 10.19396 38.18453 34.22071 9.95977 0.0 37.30966 23.43177 38.48111 
1000.0 14.31194 9.47493 13.78761 0.0 10.07535 27.30427 16.1274 9.98302 16.96244 11.90985 16.37623 0.0 33.15083 39.50895 16.19883 
1000.0 43.58751 10.97287 32.21742 0.0 42.06679 38.78333 28.32245 17.06974 13.74749 20.21283 28.7389 0.0 12.28713 17.66823 32.71555 
1000.0 31.08995 35.39979 12.83396 0.0 28.38235 22.84169 32.46323 22.02716 28.99045 20.29582 20.13378 0.0 18.39495 12.25655 44.10737 
1000.0 0.0 0.0 0.0 32.97616 0.0 0.0 0.0 0.0 0.0 0.0 0.0 33.98481 0.0 0.0 0.0 
1000.0 12.44134 19.37076 33.24571 0.0 27.6673 25.83705 38.50729 13.14913 32.20736 44.81781 19.19814 0.0 31.33348 24.77672 14.2572 
1000.0 42.05021 20.1525 40.26558 0.0 24.21265 43.07993 16.77549 14.91676 10.42162 36.09842 35.08778 0.0 10.28476 28.67252 20.90579 
1000.0 14.91281 25.19144 24.9952 0.0 39.87703 35.79189 26.88629 14.02634 33.33305 35.25556 20.35914 0.0 43.51285 34.6885 34.71487 
