1000.0 1000.0 1000.0 1000.0 1000.0 1000.0 
1000.0 2e-05 0.01277 0.00978 0.00741 0.01222 
1000.0 0.00027 0.10431 0.13624 0.13284 0.10334 
1000.0 0.0338 0.17947 0.18377 0.06655 0.00515 
1000.0 0.03201 0.0342 0.00905 0.04293 0.01526 
1000.0 0.03151 0.04626 0.02294 0.06061 0.01399 
1000.0 0.03966 0.06005 0.06773 0.00658 0.04347 
1000.0 0.00217 0.00215 0.00525 0.0013 0.00064 
1000.0 0.02241 0.12268 0.07552 0.20941 0.22869 
1000.0 0.00727 0.02083 0.00598 0.02402 0.03026 
1000.0 0.04836 0.01128 0.04752 0.04278 0.02356 
1000.0 0.24826 0.25806 0.06572 0.39219 0.46727 
1000.0 0.00553 0.02622 0.03004 0.05399 0.00165 
1000.0 0.01066 0.02331 0.05986 0.03051 0.07784 
1000.0 0.09293 0.06249 0.03025 0.02729 0.14363 
1000.0 0.00624 0.01095 0.01984 0.01385 0.00068 
1000.0 0.01569 0.00356 0.02267 0.00728 0.02052 
1000.0 0.01863 0.01905 0.03397 0.03258 0.03338 
1000.0 0.01845 0.00069 0.01047 0.0245 0.02926 
1000.0 0.01815 0.03708 0.01212 0.01847 0.01851 
1000.0 0.00333 0.01242 0.01492 0.01115 0.00762 
