1000.0 1000.0 1000.0 1000.0 1000.0 1000.0 
1000.0 0.01386 0.01022 0.00404 0.00483 0.00885 
1000.0 0.0983 0.07855 0.06181 0.0336 0.08308 
1000.0 0.15356 0.02238 0.13072 0.12787 0.18219 
1000.0 0.02508 0.03834 0.03415 0.01782 0.02046 
1000.0 0.08884 0.08397 0.01499 0.06262 0.01104 
1000.0 0.00154 0.07005 0.00457 0.04201 0.021 
1000.0 0.00393 0.00158 0.00179 0.00674 0.00077 
1000.0 0.05052 0.19159 0.15727 0.08181 0.22069 
1000.0 0.02762 0.02471 0.00609 0.00345 0.02463 
1000.0 0.0263 0.03845 0.04164 0.03772 0.00836 
1000.0 0.16599 0.03328 0.36432 0.40448 0.41605 
1000.0 0.02831 0.06606 0.02237 0.00871 0.03824 
1000.0 0.01917 0.01956 0.0015 0.00819 0.09849 
1000.0 0.09338 0.01716 0.0442 0.09839 0.11186 
1000.0 0.00473 0.0121 0.01088 0.02338 0.0175 
1000.0 0.01718 0.00906 0.0199 0.00684 0.01494 
1000.0 0.02194 0.03294 0.03468 0.01893 0.00837 
1000.0 0.01997 0.01628 0.01377 0.00589 0.01951 
1000.0 0.00996 0.05537 0.02676 0.0024 0.00809 
1000.0 0.01131 0.01748 0.01493 0.01937 0.01814 
