1000.0 1000.0 1000.0 1000.0 1000.0 1000.0 
1000.0 0.01275 0.00874 0.00781 0.00727 0.00659 
1000.0 0.04441 0.04635 0.05887 0.00656 0.04348 
1000.0 0.03912 0.17041 0.03036 0.13583 0.18273 
1000.0 0.00329 0.02047 0.03281 0.03783 0.00133 
1000.0 0.08527 0.07648 0.02268 0.06493 0.01806 
1000.0 0.05768 0.05613 0.02842 0.04027 0.03122 
1000.0 0.00359 0.00162 0.00351 0.00397 0.00652 
1000.0 0.04701 0.18088 0.22234 0.19175 0.1745 
1000.0 0.01884 0.00031 0.01628 0.00852 0.01542 
1000.0 0.00373 0.03838 0.00577 0.01643 0.00155 
1000.0 0.13251 0.19862 0.20709 0.37624 0.13565 
1000.0 0.06772 0.03506 0.06243 0.06228 0.03214 
1000.0 0.01628 0.08018 0.00399 0.05797 0.00782 
1000.0 0.09836 0.12758 0.127 0.07438 0.13227 
1000.0 0.01317 0.00175 0.00333 0.00023 0.01184 
1000.0 0.00795 0.013 0.00918 0.00236 0.01268 
1000.0 0.02662 0.01425 0.01194 0.02918 0.02988 
1000.0 0.01983 0.00935 0.00032 0.0177 0.00559 
1000.0 0.02216 0.02459 0.00069 0.04632 0.04474 
1000.0 0.00159 0.00046 0.00571 0.00029 0.01327 
