1000.0 1000.0 1000.0 1000.0 1000.0 1000.0 
1000.0 0.01193 0.00575 0.00239 0.00193 0.0095 
1000.0 0.12867 0.0004 0.03082 0.13869 0.00637 
1000.0 0.18417 0.19259 0.01095 0.06673 0.11053 
1000.0 0.00533 0.00727 0.03395 0.03077 0.0092 
1000.0 0.03591 0.03073 0.00922 0.05427 0.08578 
1000.0 0.0048 0.02111 0.00306 0.03224 0.05608 
1000.0 0.00051 5e-05 0.0037 0.00511 0.00142 
1000.0 0.02528 0.07275 0.22496 0.10403 0.17716 
1000.0 0.01816 0.01652 0.02618 0.00423 0.02365 
1000.0 0.00293 0.01443 0.03037 0.02381 0.00209 
1000.0 0.30222 0.10084 0.37723 0.2957 0.11023 
1000.0 0.0156 0.05789 0.05939 0.04645 0.03815 
1000.0 0.08632 0.03506 0.09843 0.0502 0.03507 
1000.0 0.08636 0.03768 0.02595 0.02395 0.04259 
1000.0 0.01564 0.00372 0.02201 0.01959 0.00804 
1000.0 0.01923 0.01759 0.01761 0.01952 0.02342 
1000.0 0.03253 0.01218 0.00645 0.00511 0.01818 
1000.0 0.01704 0.01401 0.02583 0.00691 0.01109 
1000.0 0.00053 0.03865 0.02575 0.03961 0.0516 
1000.0 0.00046 0.00303 0.00392 0.01333 0.0077 
