1000.0 1000.0 1000.0 1000.0 1000.0 1000.0 
1000.0 0.00949 0.00321 0.00232 0.00988 0.00649 
1000.0 0.02985 0.11415 0.09802 0.10482 0.14462 
1000.0 0.05858 0.0977 0.05887 0.18461 0.01685 
1000.0 0.03461 0.03908 0.01848 0.02873 0.03214 
1000.0 0.03201 0.0761 0.04653 0.05039 0.10569 
1000.0 0.07033 0.00671 0.06724 0.03271 0.00047 
1000.0 0.00654 0.00188 0.00271 0.0008 0.00332 
1000.0 0.03495 0.22139 0.0128 0.09909 0.1986 
1000.0 0.00209 0.01484 0.00058 0.01911 0.02648 
1000.0 0.0435 0.03809 0.0436 0.04764 0.01626 
1000.0 0.28455 0.03004 0.38897 0.24189 0.41952 
1000.0 0.01009 0.01694 0.01778 0.04366 0.02306 
1000.0 0.09897 0.09734 0.05343 0.04663 0.04456 
1000.0 0.06874 0.0026 0.13474 0.04607 0.11763 
1000.0 0.02238 0.01198 0.02334 0.00075 0.01084 
1000.0 0.01625 0.01782 0.01828 0.00976 0.01208 
1000.0 0.01154 0.00187 0.02242 0.01844 0.02221 
1000.0 0.01941 0.00474 0.00087 0.02167 0.00562 
1000.0 0.01356 0.02166 0.04411 0.0441 0.03238 
1000.0 0.0085 0.01444 0.00172 0.01494 0.00769 
