1000.0 1000.0 1000.0 1000.0 1000.0 1000.0 
1000.0 0.00728 0.00772 0.01429 0.01403 0.00229 
1000.0 0.04489 0.00485 0.01542 0.03476 0.09361 
1000.0 0.18412 0.00425 0.01724 0.14763 0.13789 
1000.0 0.02335 0.00338 0.03721 0.02403 0.03004 
1000.0 0.0011 0.02496 0.09926 0.08785 0.02 
1000.0 0.06216 0.06205 0.01383 0.03875 0.01226 
1000.0 0.00501 0.00594 0.00419 0.0047 0.00475 
1000.0 0.01471 0.16528 0.12808 0.20704 0.06817 
1000.0 0.02415 0.00354 0.00533 0.02368 0.00554 
1000.0 0.02767 0.02853 0.00355 0.03268 0.04089 
1000.0 0.25283 0.36561 0.20906 0.32789 0.2929 
1000.0 0.04053 0.04003 0.02044 0.02347 0.02943 
1000.0 0.07595 0.09638 0.04745 0.10174 0.01416 
1000.0 0.12223 0.04594 0.10168 0.14114 0.0587 
1000.0 0.02358 0.01027 0.00793 0.00203 0.00877 
1000.0 0.00935 0.01858 0.01077 0.00272 0.00293 
1000.0 0.00747 0.01175 0.01235 0.00571 0.03055 
1000.0 0.01713 0.01422 0.02245 0.01956 0.01103 
1000.0 0.04758 0.05604 0.0528 0.02515 0.0448 
1000.0 0.00934 0.01858 0.00759 0.01854 0.00302 
