1000.0 1000.0 1000.0 1000.0 1000.0 1000.0 
1000.0 0.00795 0.01022 0.01169 0.01044 0.00861 
1000.0 0.14156 0.04677 0.11509 0.11012 0.06799 
1000.0 0.09006 0.09664 0.03419 0.02567 0.06492 
1000.0 0.02567 0.02491 0.00243 0.00605 0.0142 
1000.0 0.05928 0.05818 0.00995 0.08365 0.01963 
1000.0 0.024 0.02443 0.02253 0.06811 0.02734 
1000.0 0.00602 0.00482 0.00178 0.00626 0.00391 
1000.0 0.12792 0.09334 0.04493 0.18615 0.11568 
1000.0 0.02787 0.0293 0.01969 0.00363 0.01885 
1000.0 0.01883 0.01817 0.02033 0.01771 0.02939 
1000.0 0.22538 0.20756 0.026 0.28913 0.34713 
1000.0 0.0714 0.01563 0.04931 0.06048 0.07161 
1000.0 0.06619 0.06654 0.00105 0.04432 0.06473 
1000.0 0.07389 0.11489 0.12168 0.07302 0.14496 
1000.0 0.00181 0.01421 0.02117 0.01972 0.0194 
1000.0 0.0037 0.00553 0.0015 0.00166 0.00664 
1000.0 0.00855 0.03172 0.03014 0.01248 0.0357 
1000.0 0.01339 0.0278 0.00092 0.03035 0.01898 
1000.0 0.01148 0.03556 0.03309 0.02868 0.05806 
1000.0 0.01341 0.02214 0.01595 0.00108 0.00988 
