1000.0 1000.0 1000.0 1000.0 1000.0 1000.0 1000.0 1000.0 1000.0 1000.0 1000.0 1000.0 1000.0 1000.0 1000.0 1000.0 1000.0 1000.0 1000.0 1000.0 1000.0 
1000.0 47.47813 45.63499 22.3591 0.0 23.74097 35.17744 29.40101 20.85238 44.76156 22.51067 34.90317 0.0 40.98117 21.45489 38.06712 22.60823 43.51774 30.23626 16.92332 0.03903 
1000.0 36.05983 13.85612 31.33426 0.0 19.68776 27.23017 38.70717 39.08192 35.80181 36.90352 41.08881 0.0 27.56161 35.32005 40.23161 20.21807 17.71051 31.83374 15.27836 0.02242 
1000.0 48.02541 32.80962 19.8175 0.0 44.0882 35.66528 45.82044 40.47274 27.1192 25.12605 21.13922 0.0 18.77016 14.04904 24.9969 44.61239 28.07246 38.48832 36.50962 0.02337 
1000.0 0.0 0.0 0.0 37.99782 0.0 0.0 0.0 0.0 0.0 0.0 0.0 32.25403 0.0 0.0 0.0 0.0 0.0 0.0 0.0 0.0 
1000.0 30.63829 41.97042 32.99937 0.0 32.53712 10.5785 26.52051 34.0438 15.02119 25.09093 30.10903 0.0 35.5969 43.34061 41.73765 37.77734 31.33866 14.53034 28.38543 0.02976 
1000.0 23.35421 37.12662 21.41591 0.0 46.9499 15.95903 17.58976 42.89012 19.70078 31.34324 39.51853 0.0 14.73671 12.66225 34.37431 35.46997 28.80868 47.50736 31.33715 0.02885 
1000.0 35.92096 28.02498 29.28273 0.0 30.99667 17.76795 39.93143 27.84195 19.12442 20.44633 19.16599 0.0 13.92646 36.51007 48.24651 30.78079 32.63315 46.75451 20.05803 0.02769 
1000.0 16.38226 14.34176 34.87759 0.0 31.30472 17.98779 15.03852 45.60196 27.81428 9.74937 29.50534 0.0 31.85491 19.48111 34.62872 28.387 13.57543 43.46025 11.49212 0.03996 
1000.0 39.83313 15.19027 42.01615 0.0 48.42268 14.95345 14.81316 40.22485 19.85703 31.0372 9.94867 0.0 16.8423 47.42811 24.0496 39.74752 26.35666 29.95112 45.81891 0.03173 
1000.0 30.23225 28.80225 38.14381 0.0 35.22279 36.91477 35.03436 39.14873 43.69545 12.88741 12.17296 0.0 36.09455 30.25882 31.86863 31.67832 42.70002 44.38594 15.86172 0.03136 
1000.0 25.92343 47.36034 12.42242 0.0 45.70149 41.92782 45.57959 10.56925 43.11975 43.36919 44.09612 0.0 30.0172 40.73626 36.53977 19.3532 21.76139 23.70472 32.6332 0.03239 
1000.0 0.0 0.0 0.0 42.65311 0.0 0.0 0.0 0.0 0.0 0.0 0.0 34.53888 0.0 0.0 0.0 0.0 0.0 0.0 0.0 0.0 
1000.0 19.27734 10.81453 11.61254 0.0 29.6713 33.98893 38.60391 12.09046 43.71587 9.83962 42.49233 0.0 28.07867 21.29621 37.64192 36.1955 33.767 17.37529 11.79308 0.01116 
1000.0 14.63912 47.80866 18.22675 0.0 30.88808 13.56632 41.58871 24.13773 18.84727 48.50758 45.29115 0.0 31.98734 20.67678 10.79326 37.11765 47.71306 23.68158 46.86853 0.0129 
1000.0 44.10721 37.49284 48.18067 0.0 32.15963 25.64279 22.57589 37.36964 42.55241 28.96049 21.21735 0.0 37.91018 32.15033 21.01161 24.5339 17.56929 46.22683 15.4355 0.01306 
1000.0 24.35121 17.56331 33.0564 0.0 31.66784 35.87947 35.39454 27.94898 47.16925 29.55281 35.86677 0.0 42.01204 44.55017 44.22664 23.84008 19.08851 43.32652 12.73558 0.0192 
1000.0 41.5505 27.03726 26.12302 0.0 39.3583 41.46366 47.70863 28.14161 32.85708 43.20704 10.27036 0.0 16.3734 31.33439 25.82156 27.26922 12.06493 42.75851 14.91904 0.04854 
1000.0 45.00203 38.92111 26.81557 0.0 9.98315 36.65595 45.97661 47.27234 28.42119 18.56511 39.78856 0.0 40.92883 38.32228 29.24908 47.55117 11.70489 21.64446 12.41388 0.02094 
1000.0 47.08515 44.41693 32.28824 0.0 19.15844 9.7672 41.35277 41.92817 45.00627 38.87544 47.5199 0.0 33.9858 36.33887 33.96323 31.21242 30.96238 19.96008 41.60594 0.03612 
1000.0 0.16081 0.14631 0.04153 0.0 0.15565 0.13082 0.05276 0.04884 0.11172 0.1551 0.07683 0.0 0.0503 0.06615 0.10377 0.16448 0.13416 0.14978 0.19593 40.62095 
