1000.0 1000.0 1000.0 1000.0 1000.0 1000.0 1000.0 1000.0 1000.0 1000.0 1000.0 1000.0 1000.0 1000.0 1000.0 1000.0 1000.0 1000.0 1000.0 1000.0 1000.0 
1000.0 27.43441 25.91663 32.85185 0.0 31.1297 12.71366 18.66396 17.85765 8.52406 19.10874 33.83446 0.0 15.81814 18.81183 18.38142 27.59168 35.68509 17.50114 17.17598 0.00916 
1000.0 20.17131 22.47208 7.31387 0.0 20.2012 10.70011 11.42172 9.67579 31.01709 18.78492 7.90958 0.0 7.77733 34.7477 17.24555 9.23794 9.49133 11.95593 30.56464 0.02411 
1000.0 16.1262 14.88299 31.53183 0.0 11.92599 16.38508 29.07669 34.29314 12.73568 11.21955 18.11504 0.0 35.67629 7.89 33.04757 12.12029 29.7422 10.59877 29.36476 0.02274 
1000.0 0.0 0.0 0.0 21.87536 0.0 0.0 0.0 0.0 0.0 0.0 0.0 20.6314 0.0 0.0 0.0 0.0 0.0 0.0 0.0 0.0 
1000.0 8.98531 8.20325 30.03344 0.0 7.79284 16.3082 16.57962 28.73016 8.55258 15.93373 13.86512 0.0 33.3402 29.34918 8.54994 30.10345 11.91911 34.38481 30.72572 0.02765 
1000.0 18.80729 21.21324 35.03331 0.0 25.30817 19.05742 12.12475 20.7991 35.8808 32.69042 8.36267 0.0 34.29397 17.49087 26.6378 17.91976 13.76199 21.0196 10.81445 0.00869 
1000.0 34.10869 10.79803 13.22663 0.0 33.73042 10.50615 29.13402 26.5941 17.96061 18.79024 13.75869 0.0 21.69447 21.99178 31.54085 7.65005 8.10048 27.2614 28.97545 0.03466 
1000.0 20.14191 24.9239 11.50821 0.0 34.19105 30.36136 31.9115 16.46235 11.15776 15.80205 13.7687 0.0 17.04313 13.27848 26.96872 33.79097 28.32908 17.81177 27.45833 0.01007 
1000.0 22.88562 10.48335 30.88455 0.0 35.08204 27.06229 15.16191 9.20998 32.11399 8.13419 12.68437 0.0 21.8575 16.9172 29.16069 35.09902 11.31191 28.19053 10.98777 0.04185 
1000.0 14.72327 25.90269 7.39337 0.0 8.84858 27.04688 19.87254 13.18785 27.15877 11.32072 19.03493 0.0 29.90359 28.32886 7.42994 14.37093 7.72137 11.7568 31.00517 0.01234 
1000.0 32.43223 35.44931 18.27466 0.0 16.57776 9.20848 35.68808 16.86012 31.24395 11.5039 10.20428 0.0 27.64844 36.31128 22.74583 21.83227 24.00932 7.54408 13.01764 0.0194 
1000.0 0.0 0.0 0.0 13.72845 0.0 0.0 0.0 0.0 0.0 0.0 0.0 12.93447 0.0 0.0 0.0 0.0 0.0 0.0 0.0 0.0 
1000.0 12.71735 18.12777 35.29834 0.0 12.30424 22.95316 33.82362 15.89446 21.20468 11.49038 8.25602 0.0 9.86845 9.45999 10.2195 26.54496 35.73465 19.36642 21.93552 0.03739 
1000.0 19.29291 24.03933 9.80935 0.0 32.99996 34.94864 15.87105 8.93079 36.30295 17.42372 11.11333 0.0 15.32274 25.95142 29.70062 17.24417 24.76227 26.71483 25.12521 0.04032 
1000.0 12.83043 30.12483 9.18708 0.0 7.49147 28.2158 33.33465 8.56944 17.899 30.86736 30.5443 0.0 16.09186 32.2077 21.00705 10.14279 23.77091 21.62346 14.07846 0.02958 
1000.0 18.91402 28.96417 19.78071 0.0 10.11875 27.77217 12.99421 13.14444 35.85314 29.10176 24.72798 0.0 14.79699 20.75684 9.10229 29.76594 17.13627 34.71135 11.53536 0.04058 
1000.0 20.72444 12.28976 28.51984 0.0 8.94516 12.45002 26.05181 16.55757 9.32841 33.47726 12.7886 0.0 35.91883 22.53448 13.353 19.80085 32.64177 27.9436 27.86372 0.02563 
1000.0 32.80218 12.22912 15.90682 0.0 28.434 32.92206 9.0147 31.52829 34.47795 25.87526 16.0123 0.0 17.43295 20.38348 11.97013 10.19228 21.82904 32.07765 18.78857 0.04267 
1000.0 16.31842 35.58425 23.85521 0.0 24.66306 32.85149 24.52704 36.12194 27.72682 35.08087 8.99769 0.0 13.08638 15.13917 32.48272 24.33413 33.87387 26.32504 20.2854 0.04258 
1000.0 0.1117 0.08192 0.07894 0.0 0.05348 0.09626 0.03799 0.12411 0.12314 0.04487 0.0916 0.0 0.07945 0.04282 0.08818 0.07594 0.08658 0.16735 0.05232 33.73365 
