1000.0 1000.0 1000.0 1000.0 1000.0 1000.0 1000.0 1000.0 1000.0 1000.0 1000.0 1000.0 1000.0 1000.0 1000.0 1000.0 1000.0 1000.0 1000.0 1000.0 1000.0 
1000.0 32.82039 24.4636 20.17444 0.0 10.451 36.997 33.38671 40.35788 36.66639 15.75141 34.7212 0.0 14.32513 41.35772 12.68547 22.81334 37.79963 32.95979 31.6655 0.02318 
1000.0 38.82903 26.94854 17.33949 0.0 14.08774 14.20375 14.6348 13.82818 10.17797 27.34922 33.78834 0.0 29.98269 30.34024 18.41028 31.26585 13.01854 16.51487 22.39223 0.02079 
1000.0 23.96238 12.44668 36.23942 0.0 20.46534 20.8399 21.47905 14.58054 8.73943 32.44145 27.17192 0.0 38.90459 31.06144 13.77509 40.61705 35.0198 36.80654 30.21282 0.03707 
1000.0 0.0 0.0 0.0 29.01053 0.0 0.0 0.0 0.0 0.0 0.0 0.0 23.50107 0.0 0.0 0.0 0.0 0.0 0.0 0.0 0.0 
1000.0 9.35624 37.30348 41.27982 0.0 33.23401 12.61442 37.02359 10.84896 13.15873 17.30197 38.71947 0.0 36.7558 11.11984 32.11049 22.2572 34.12681 11.06093 25.19318 0.02604 
1000.0 12.36369 35.04881 19.97162 0.0 25.28094 34.03235 35.72522 22.91373 22.4759 38.63029 10.36099 0.0 38.96654 26.98633 33.30132 8.60633 25.64947 37.40652 38.69427 0.03095 
1000.0 34.20613 25.60303 35.53555 0.0 30.06613 24.82692 19.88535 32.89914 33.22893 17.35515 28.8785 0.0 35.99868 26.79119 30.881 39.69669 39.30586 28.49447 9.70307 0.02132 
1000.0 24.38076 33.50485 24.11843 0.0 36.22013 25.88892 24.37953 19.48268 37.01953 39.10867 30.55549 0.0 14.89044 19.32466 22.30935 35.62848 25.04159 41.83374 31.49003 0.03623 
1000.0 39.63769 37.19932 33.56484 0.0 39.60692 38.58947 31.72572 15.63521 42.28341 27.25784 33.77736 0.0 41.52203 9.11926 40.10181 38.52116 26.24522 18.30227 24.74314 0.01401 
1000.0 23.28237 31.30472 26.2854 0.0 19.03674 21.81369 33.94898 27.54965 15.10568 13.34656 12.96073 0.0 20.96058 9.5801 33.31627 20.81508 14.14063 9.99445 14.15028 0.018 
1000.0 42.80583 36.31875 16.13584 0.0 31.57324 32.61145 30.39093 37.86579 42.9177 14.63305 20.97326 0.0 21.0513 34.95005 37.95497 38.34377 11.05678 26.05539 42.26069 0.01289 
1000.0 0.0 0.0 0.0 29.47594 0.0 0.0 0.0 0.0 0.0 0.0 0.0 15.38399 0.0 0.0 0.0 0.0 0.0 0.0 0.0 0.0 
1000.0 19.33579 11.49875 15.88658 0.0 16.45926 11.8056 12.29529 20.81233 13.75752 34.27866 41.4147 0.0 25.82796 18.77655 8.92627 12.23776 14.70682 27.91023 36.08791 0.01848 
1000.0 34.1914 18.0665 27.47696 0.0 26.75375 22.77378 21.95663 18.54256 37.74526 31.06852 40.96844 0.0 13.72005 30.29019 13.15977 21.55595 9.86099 24.23087 27.9726 0.03364 
1000.0 15.38419 23.77828 27.92535 0.0 41.53368 22.68886 31.2701 32.53195 17.69423 31.39311 19.734 0.0 25.90772 29.74662 16.80531 11.75264 13.47962 30.91224 42.4843 0.01142 
1000.0 39.09661 20.38677 33.88258 0.0 13.27233 21.88551 26.73864 41.25092 20.55177 20.49858 15.17502 0.0 28.9327 37.30385 37.98197 19.53588 22.09924 36.10637 27.33324 0.03027 
1000.0 34.00059 18.46909 19.24273 0.0 30.35168 33.19563 37.44192 8.60243 35.14458 41.65356 15.68435 0.0 39.06537 19.61572 35.24443 15.75366 32.65368 15.77193 12.58989 0.0251 
1000.0 24.42111 42.445 11.66001 0.0 42.82578 17.99944 14.45216 42.63594 38.14017 24.59213 17.14209 0.0 41.16309 29.94795 37.3387 10.76372 27.47373 38.61734 28.58802 0.01338 
1000.0 38.78023 14.66887 22.53214 0.0 17.10213 30.52826 33.45819 36.60858 39.10389 25.86527 21.58123 0.0 9.15418 16.27492 42.45633 38.50306 27.13169 11.55208 28.25678 0.02537 
1000.0 0.05934 0.03977 0.0454 0.0 0.16129 0.08324 0.13198 0.07392 0.0866 0.14014 0.12804 0.0 0.06682 0.12004 0.09026 0.16095 0.16466 0.16586 0.11216 18.56628 
