1000.0 1000.0 1000.0 1000.0 1000.0 1000.0 1000.0 1000.0 1000.0 1000.0 1000.0 1000.0 1000.0 1000.0 1000.0 1000.0 1000.0 1000.0 1000.0 1000.0 1000.0 
1000.0 17.59307 22.70322 15.11142 0.0 16.67856 7.77915 30.05702 21.34289 17.02327 10.99499 20.00273 0.0 23.37524 27.43369 11.6761 20.7109 30.80387 11.2366 27.76648 0.03761 
1000.0 16.40501 16.3502 10.2074 0.0 27.14392 11.27433 16.27168 21.97239 8.85164 12.02332 11.18973 0.0 14.05739 32.63045 17.21078 24.55426 14.35342 10.25028 29.88541 0.01956 
1000.0 31.17473 28.25212 21.02251 0.0 7.29021 7.68381 15.47113 23.80856 25.43706 17.04374 26.32717 0.0 7.81727 27.63496 26.2419 17.84592 17.26589 10.52029 19.53524 0.01285 
1000.0 0.0 0.0 0.0 29.39751 0.0 0.0 0.0 0.0 0.0 0.0 0.0 12.95538 0.0 0.0 0.0 0.0 0.0 0.0 0.0 0.0 
1000.0 9.50264 32.09044 25.2123 0.0 16.46139 16.94099 17.01776 28.10005 16.21971 21.06087 22.94337 0.0 28.69792 9.03089 19.8726 22.72563 13.03021 27.95002 9.97721 0.02745 
1000.0 14.62715 12.82096 12.14092 0.0 20.02811 26.89947 24.74547 32.29506 8.95493 20.77172 21.4747 0.0 16.74442 25.94448 15.16396 9.74888 13.52636 9.3842 30.91102 0.03102 
1000.0 15.82905 25.47595 6.96466 0.0 16.60527 23.27621 20.89115 13.58936 26.58455 16.21762 12.35853 0.0 26.55212 13.29953 32.25832 20.64991 9.74805 23.96243 24.81327 0.01363 
1000.0 9.77848 28.59472 23.8408 0.0 12.04117 31.53075 18.62591 30.13982 15.30698 26.88681 18.80503 0.0 13.56254 27.8181 17.12062 23.12011 9.8315 15.97441 10.01016 0.00836 
1000.0 24.90701 31.78637 16.77279 0.0 10.15171 14.20373 10.59621 22.02184 15.02014 14.25231 25.39469 0.0 8.64718 7.93353 12.45733 21.83766 19.75788 29.40037 13.43671 0.0362 
1000.0 13.62717 12.77708 23.07459 0.0 18.24448 25.50624 14.24244 7.97217 13.14161 21.17271 29.22147 0.0 20.99095 19.23024 28.51575 24.21748 13.70012 25.66554 20.47189 0.032 
1000.0 7.38089 29.75693 23.63968 0.0 32.14554 27.699 8.85891 21.00151 9.50457 7.82759 12.49386 0.0 7.37562 9.16916 6.92507 32.41334 31.02534 6.97484 24.94981 0.03595 
1000.0 0.0 0.0 0.0 20.44812 0.0 0.0 0.0 0.0 0.0 0.0 0.0 10.60873 0.0 0.0 0.0 0.0 0.0 0.0 0.0 0.0 
1000.0 22.91113 10.96911 27.23866 0.0 30.95893 27.94204 17.00208 14.2312 14.55109 28.48233 31.30334 0.0 24.23041 11.3364 17.76219 28.94942 22.38692 24.3856 12.89562 0.00878 
1000.0 21.72071 28.51114 7.62482 0.0 26.85302 25.94886 27.71408 14.08142 11.91253 11.01439 20.95514 0.0 7.1582 7.36856 18.99433 9.19777 13.93852 26.3201 24.33977 0.03928 
1000.0 20.62138 32.43899 9.46203 0.0 12.63046 10.61016 8.16737 8.35976 7.6498 28.64902 19.77304 0.0 13.71535 30.88464 19.87994 8.11249 19.83663 28.07621 23.41792 0.03071 
1000.0 8.19919 27.77824 25.47338 0.0 23.52482 14.88216 26.86111 17.71775 19.64539 9.38357 20.59818 0.0 24.53206 16.85926 25.23093 13.1628 32.39134 22.94208 30.24091 0.03583 
1000.0 7.53732 19.52381 27.09344 0.0 18.64985 26.78223 21.65564 30.1327 19.60104 17.8687 12.23785 0.0 15.7848 30.32692 16.4485 6.76433 19.05349 20.88464 14.73327 0.00977 
1000.0 30.58267 13.40841 27.7842 0.0 19.10436 19.6163 23.36812 23.73064 20.88149 13.37984 23.71121 0.0 31.22197 28.96034 18.97224 22.76197 22.33923 13.30142 17.10237 0.01669 
1000.0 10.39368 25.3668 22.87044 0.0 11.2546 28.11938 8.75073 21.84886 30.16584 24.26184 27.81266 0.0 25.64999 8.24912 17.66178 7.3852 24.00698 32.31685 26.24774 0.02808 
1000.0 0.11767 0.12534 0.11639 0.0 0.0532 0.13779 0.04297 0.05689 0.09477 0.07296 0.0976 0.0 0.11825 0.10104 0.08371 0.12185 0.08019 0.13922 0.13337 27.45815 
