1000.0 1000.0 1000.0 1000.0 1000.0 1000.0 1000.0 1000.0 1000.0 1000.0 1000.0 1000.0 1000.0 1000.0 1000.0 1000.0 1000.0 1000.0 1000.0 1000.0 1000.0 
1000.0 18.23879 31.20137 15.30555 0.0 26.47796 15.91532 20.73864 10.46395 46.73344 22.53474 23.47219 0.0 45.99734 30.90153 15.23192 39.21272 38.69769 30.43718 29.60589 0.04722 
1000.0 14.96503 16.18181 11.94459 0.0 29.21134 31.9351 22.66644 39.37676 36.17578 46.21402 40.83168 0.0 25.47315 12.38351 31.26927 45.53647 22.78459 39.07248 14.2848 0.04728 
1000.0 26.44502 18.31858 11.92137 0.0 17.40772 11.68261 38.23283 44.41959 36.00365 31.0975 38.39428 0.0 31.95682 38.45671 47.69186 15.7949 29.78264 23.25326 48.18088 0.01036 
1000.0 0.0 0.0 0.0 29.71351 0.0 0.0 0.0 0.0 0.0 0.0 0.0 44.95649 0.0 0.0 0.0 0.0 0.0 0.0 0.0 0.0 
1000.0 27.87853 28.65824 13.79362 0.0 34.32313 38.92099 34.93405 18.39156 29.91419 44.40116 44.16385 0.0 22.50204 26.04504 20.80147 18.16042 9.99953 32.58748 11.41122 0.03902 
1000.0 15.74276 44.2217 31.25885 0.0 20.59548 42.56541 32.91363 12.65493 24.90959 12.2868 46.46671 0.0 10.20184 25.38321 37.3429 44.59742 15.77538 16.0173 37.74908 0.01695 
1000.0 15.64488 15.72749 44.15015 0.0 42.65628 26.19599 12.73914 49.62587 38.33254 31.11958 32.72443 0.0 15.89192 19.10297 34.3989 44.41668 23.44355 21.61605 12.406 0.04377 
1000.0 45.41526 32.55278 43.62354 0.0 27.39953 24.68788 34.45057 47.39762 48.18975 44.3537 13.10703 0.0 33.10366 39.15548 44.66386 39.02459 15.20773 11.72307 26.08784 0.0295 
1000.0 17.07696 33.74209 38.42241 0.0 23.58257 46.0477 35.40803 36.21807 40.31431 34.08742 29.49384 0.0 34.09989 12.43403 26.42921 34.79076 19.11094 31.80971 20.25311 0.04032 
1000.0 37.70275 19.35903 45.13139 0.0 15.22466 33.76367 48.15506 30.95125 46.68454 20.68957 29.73043 0.0 46.00531 34.80123 35.22035 10.48802 27.88131 27.85112 29.21391 0.04913 
1000.0 33.68819 25.0968 10.02759 0.0 30.87228 46.45087 34.64446 19.12745 25.6365 45.39999 32.79091 0.0 44.51321 26.77788 10.49324 38.10581 26.66264 33.72996 38.0489 0.04739 
1000.0 0.0 0.0 0.0 40.12291 0.0 0.0 0.0 0.0 0.0 0.0 0.0 42.85373 0.0 0.0 0.0 0.0 0.0 0.0 0.0 0.0 
1000.0 25.09921 32.57108 41.05788 0.0 38.35249 20.7481 38.0145 44.59448 28.08158 15.51416 29.52082 0.0 37.75414 31.2483 14.21117 29.65532 30.63354 18.36749 26.55874 0.02507 
1000.0 17.22428 46.56715 30.91003 0.0 27.71846 26.76287 40.78449 35.33788 34.40346 27.94716 30.17755 0.0 40.7682 24.63343 29.44117 18.52596 43.73126 30.01076 38.40577 0.01713 
1000.0 26.6714 46.71069 29.83091 0.0 44.37226 21.82868 24.59603 16.8149 44.74266 12.14085 33.88642 0.0 26.9171 17.99447 44.47884 30.67296 37.5413 33.0197 30.2812 0.03126 
1000.0 26.67736 12.7147 10.36945 0.0 46.00928 11.51055 26.73801 13.35709 30.47297 17.55205 18.08605 0.0 49.22674 10.00752 18.10173 31.78968 40.17022 38.72966 38.78079 0.03892 
1000.0 36.57151 43.89077 24.32537 0.0 18.92572 40.5663 32.58955 48.58236 24.3849 11.00462 25.00071 0.0 13.94384 27.32254 44.29703 47.945 26.08233 48.94499 12.00704 0.041 
1000.0 46.41121 17.86206 17.94109 0.0 25.64358 38.1451 48.25213 20.49214 20.77994 10.90133 24.83966 0.0 47.70863 12.28482 25.15909 18.72393 46.68486 24.27408 41.45914 0.03365 
1000.0 39.94669 47.94256 19.9811 0.0 40.49681 19.47085 45.06091 23.22746 17.37256 13.65784 19.47879 0.0 18.78324 35.21108 16.40567 42.61109 19.82349 42.57248 26.97333 0.03667 
1000.0 0.18306 0.19809 0.10758 0.0 0.07291 0.1075 0.1767 0.17977 0.18269 0.1106 0.15525 0.0 0.18504 0.18996 0.12232 0.11454 0.16046 0.1732 0.13828 25.17977 
