1000.0 1000.0 1000.0 1000.0 1000.0 1000.0 1000.0 1000.0 1000.0 1000.0 1000.0 1000.0 1000.0 1000.0 1000.0 1000.0 1000.0 1000.0 1000.0 1000.0 1000.0 
1000.0 29.83256 25.64607 28.3229 0.0 16.30543 44.02053 17.34097 42.26505 17.2547 10.69691 14.56442 0.0 42.9059 25.8068 18.29466 42.23685 17.00354 27.99653 25.7126 0.04107 
1000.0 25.31223 19.27974 29.14013 0.0 33.85889 36.39578 16.83342 20.39041 24.29301 38.81108 16.58249 0.0 10.10818 9.03377 36.52319 21.38958 17.51536 40.34648 29.55437 0.04434 
1000.0 13.40284 10.05774 23.75021 0.0 26.3434 11.52658 9.65317 39.32914 31.91533 44.48035 12.58795 0.0 27.27947 35.09376 36.54434 11.8832 29.53653 43.47469 9.79426 0.03765 
1000.0 0.0 0.0 0.0 24.88334 0.0 0.0 0.0 0.0 0.0 0.0 0.0 42.76626 0.0 0.0 0.0 0.0 0.0 0.0 0.0 0.0 
1000.0 25.94461 39.64849 25.54355 0.0 36.48024 20.34949 11.02017 16.31563 35.64699 43.58509 37.23886 0.0 26.97982 10.08399 10.87647 28.41774 28.16698 20.62064 28.40822 0.04679 
1000.0 29.1255 40.6478 15.91302 0.0 35.71229 10.8081 34.81714 18.06503 40.38992 40.96899 43.52007 0.0 37.255 10.75305 19.11754 24.23555 43.12516 10.34183 32.83785 0.04323 
1000.0 12.6235 15.09622 17.19715 0.0 35.51123 37.3274 28.5363 29.15857 36.84629 28.96167 34.00381 0.0 31.0926 27.23804 11.93034 35.80733 39.45794 30.32989 17.62174 0.03064 
1000.0 36.34592 43.61207 40.82425 0.0 13.29543 12.31811 18.17255 16.28036 16.66021 43.22978 41.58006 0.0 20.48184 26.84213 29.34674 26.00216 25.29995 33.76534 39.87222 0.02952 
1000.0 40.19153 29.3724 9.60674 0.0 10.63309 29.01631 18.44033 20.79391 17.62626 12.10864 13.75913 0.0 38.21314 40.09581 13.12246 38.61326 29.1644 20.31954 12.97826 0.0124 
1000.0 39.46148 13.74676 17.71146 0.0 43.02165 39.67766 37.95324 14.73702 17.39832 26.68539 36.09182 0.0 25.64639 18.71199 23.12855 18.86034 40.90816 32.91265 32.05999 0.02148 
1000.0 42.48072 29.60741 28.09355 0.0 20.96213 25.75603 36.4867 20.46041 44.75013 34.53611 30.33716 0.0 35.13186 20.38217 44.67597 39.58775 26.8829 22.36264 31.81075 0.03485 
1000.0 0.0 0.0 0.0 33.05262 0.0 0.0 0.0 0.0 0.0 0.0 0.0 20.10759 0.0 0.0 0.0 0.0 0.0 0.0 0.0 0.0 
1000.0 41.7314 14.6603 14.58485 0.0 44.69445 20.37882 19.65453 10.80565 22.96357 28.0165 31.02212 0.0 42.74605 41.78511 37.56429 26.94087 18.67026 28.63144 31.23914 0.03969 
1000.0 40.97609 18.46567 15.87223 0.0 11.05786 36.57683 16.52265 22.92528 9.80255 22.74321 39.09392 0.0 38.78979 21.2559 38.59902 31.23108 21.716 28.22028 12.46449 0.02178 
1000.0 19.07641 15.67943 24.23573 0.0 19.89827 21.6884 37.82944 12.11373 44.35487 12.0066 23.54496 0.0 9.05651 35.4569 36.21872 42.43691 30.49508 17.84725 15.53231 0.01698 
1000.0 37.37118 24.27841 32.41151 0.0 34.88293 30.5986 19.4735 35.74492 26.89724 29.67379 38.51168 0.0 27.53317 15.68852 26.85625 16.08877 43.17473 10.05104 38.15123 0.01367 
1000.0 33.14875 11.38428 20.21734 0.0 35.37879 12.03538 13.4022 21.70375 27.62353 34.79345 32.02835 0.0 9.18568 38.56805 28.46597 37.33586 43.1233 28.17833 31.2067 0.04104 
1000.0 15.29134 33.00718 17.60946 0.0 35.55413 13.45336 16.89842 15.35633 15.80496 9.44015 31.43798 0.0 13.97092 27.97074 12.85432 36.33474 34.60699 39.16914 43.55593 0.01492 
1000.0 33.58082 29.05085 41.87656 0.0 16.26109 22.53421 11.72712 22.74639 41.93873 15.90394 27.4633 0.0 17.17313 16.34316 17.84665 12.33308 31.49708 29.97133 21.95973 0.01165 
1000.0 0.05067 0.12563 0.06546 0.0 0.12589 0.14618 0.16284 0.18879 0.07134 0.09471 0.14344 0.0 0.10469 0.18759 0.12179 0.18851 0.12471 0.0821 0.12163 33.78736 
