1000.0 1000.0 1000.0 1000.0 1000.0 1000.0 1000.0 1000.0 1000.0 1000.0 1000.0 1000.0 1000.0 1000.0 1000.0 1000.0 1000.0 1000.0 1000.0 1000.0 1000.0 
1000.0 27.65991 17.91327 23.14444 0.0 25.62235 25.28307 32.64377 28.39529 26.37694 18.87573 24.49478 0.0 25.1478 29.80889 22.96321 12.94104 25.84437 20.976 7.73933 0.01959 
1000.0 7.17885 31.97206 28.4307 0.0 20.24467 7.55681 20.06553 21.25958 33.89349 24.54346 21.22318 0.0 8.98692 13.83401 15.18852 13.8111 12.78709 16.22931 13.4816 0.0146 
1000.0 8.58386 21.41803 12.30555 0.0 23.88159 22.87582 24.64433 26.18439 24.46858 35.16896 34.12253 0.0 24.39258 30.00161 10.47682 26.17769 21.90608 22.43779 32.29527 0.00946 
1000.0 0.0 0.0 0.0 11.86462 0.0 0.0 0.0 0.0 0.0 0.0 0.0 9.73068 0.0 0.0 0.0 0.0 0.0 0.0 0.0 0.0 
1000.0 27.32561 12.47668 8.69893 0.0 7.21874 27.10704 7.5482 30.93731 8.95751 9.86661 32.76987 0.0 8.9733 31.53843 22.4763 23.9107 31.91636 18.49439 32.22867 0.02768 
1000.0 23.3121 22.59403 29.2211 0.0 17.71772 24.79778 21.78807 16.67529 13.41132 17.0347 31.32152 0.0 34.88158 12.68962 24.03366 12.57933 15.50511 18.97138 33.44405 0.03981 
1000.0 34.86914 29.37216 10.72044 0.0 18.62167 28.34828 25.77194 17.99078 16.24803 32.3629 26.09614 0.0 31.8779 32.00931 24.02802 32.44269 11.29407 29.42799 18.12356 0.03008 
1000.0 34.724 22.7004 8.2696 0.0 8.86252 20.70977 22.01149 14.80966 29.20844 11.46208 34.0192 0.0 16.34523 31.43302 26.8057 7.06823 19.89118 7.41725 32.95333 0.01397 
1000.0 30.33608 23.58316 29.66517 0.0 12.80334 10.50988 26.98844 34.8551 14.43179 15.13434 15.68261 0.0 21.29724 18.76734 32.39985 9.5658 16.2689 28.91775 30.69878 0.03044 
1000.0 20.28553 28.80057 26.01047 0.0 31.92467 30.17056 19.58853 21.93444 29.01346 23.14496 14.55161 0.0 13.58961 18.61208 9.13043 23.15705 9.65827 29.3748 18.89406 0.03933 
1000.0 31.81123 11.69859 14.18197 0.0 19.41281 10.88424 31.80961 32.24258 8.94386 19.61432 17.80505 0.0 14.29037 24.40435 19.17851 11.38718 7.23652 16.29869 14.27332 0.03585 
1000.0 0.0 0.0 0.0 9.54213 0.0 0.0 0.0 0.0 0.0 0.0 0.0 28.97002 0.0 0.0 0.0 0.0 0.0 0.0 0.0 0.0 
1000.0 8.93271 27.24589 30.35928 0.0 24.77416 21.974 25.03441 17.21567 8.9355 31.99457 22.61881 0.0 32.7861 31.71534 24.05655 16.94026 21.01107 28.12517 24.44722 0.04111 
1000.0 9.00072 22.4855 18.79095 0.0 25.59602 32.93523 25.12756 20.44315 8.10593 33.48819 31.14151 0.0 17.28697 11.61838 19.65248 21.35237 30.53132 22.23328 30.94558 0.04164 
1000.0 34.42615 30.52628 14.76124 0.0 18.34264 32.08995 31.1221 24.54653 11.4494 31.19283 11.24622 0.0 30.46267 21.9843 31.11422 19.89714 7.90197 15.7292 11.97054 0.0106 
1000.0 16.98131 34.02354 17.35771 0.0 26.73766 23.48701 15.72056 21.44759 28.31442 16.42262 26.6887 0.0 34.48471 31.35783 25.41134 18.31021 24.15948 29.09943 8.75212 0.02419 
1000.0 34.09361 30.41626 8.67606 0.0 19.45997 19.65596 17.65754 11.2328 24.12512 26.52391 30.60425 0.0 26.63694 10.60727 10.95225 19.72628 16.73875 19.78507 29.35526 0.02668 
1000.0 24.08068 33.09368 27.78676 0.0 15.86449 7.38753 17.81528 15.93371 29.85416 9.33093 33.43601 0.0 33.35916 11.38906 19.87353 14.23538 9.06631 17.99091 13.95213 0.00942 
1000.0 8.27897 27.31436 8.45736 0.0 17.06126 14.75827 14.5913 21.81066 20.84736 17.49421 18.73881 0.0 8.9328 13.44257 15.55972 10.40703 21.23719 14.42227 15.38912 0.0306 
1000.0 0.03767 0.10882 0.14698 0.0 0.11613 0.08826 0.16647 0.11806 0.08434 0.10996 0.14577 0.0 0.10567 0.03736 0.08383 0.13587 0.08302 0.13645 0.05644 31.0062 
