1000.0 1000.0 1000.0 1000.0 1000.0 1000.0 1000.0 1000.0 1000.0 1000.0 1000.0 1000.0 1000.0 1000.0 1000.0 1000.0 1000.0 1000.0 1000.0 1000.0 1000.0 
1000.0 9.31202 17.13984 23.30408 0.0 7.94151 27.7718 19.31593 32.21406 9.65563 29.4943 11.67474 0.0 15.84631 36.24453 12.5162 30.36049 31.0996 17.52077 34.15107 0.03767 
1000.0 23.31865 28.21098 22.18304 0.0 33.78869 8.78869 37.16377 14.54758 10.07854 29.33645 10.61422 0.0 15.7045 20.88303 26.89318 27.03658 10.12726 37.30586 33.79453 0.02038 
1000.0 14.55476 12.46864 34.06302 0.0 15.81043 36.21678 30.2107 29.80914 26.1057 37.17789 28.22879 0.0 8.82499 23.89793 9.63132 14.20385 31.57865 34.69695 29.96775 0.02205 
1000.0 0.0 0.0 0.0 31.75504 0.0 0.0 0.0 0.0 0.0 0.0 0.0 31.84723 0.0 0.0 0.0 0.0 0.0 0.0 0.0 0.0 
1000.0 10.65899 36.20186 10.65484 0.0 22.49894 36.66283 8.73762 26.03774 19.77136 8.87541 9.27934 0.0 30.04038 14.70464 9.5428 33.35148 14.28107 35.82249 20.98299 0.00876 
1000.0 31.50095 15.69347 36.03954 0.0 25.6966 31.9125 24.90638 10.18423 13.53039 14.64531 18.76863 0.0 24.78161 16.57524 18.75849 24.63752 35.09095 37.73108 30.02642 0.03508 
1000.0 14.33421 25.57752 7.84183 0.0 10.13451 32.18574 24.6528 36.83698 25.60874 37.6362 14.85378 0.0 32.79592 12.05457 25.36154 20.9272 27.83568 24.30976 18.16838 0.02977 
1000.0 19.51424 25.5874 9.47167 0.0 17.57303 36.0365 11.63014 14.61148 11.21741 33.88116 25.53866 0.0 35.05635 16.61848 19.88024 23.25017 18.94267 8.13786 8.76518 0.01712 
1000.0 27.20049 36.46071 18.18916 0.0 37.74389 34.44447 30.72128 14.39059 36.3935 35.66033 24.64966 0.0 29.32668 25.16642 25.85699 30.73719 10.60353 9.60473 13.85494 0.01308 
1000.0 29.5191 8.24039 8.12309 0.0 22.08716 8.58395 30.44791 23.80571 36.66388 10.41466 18.90758 0.0 24.74832 34.18229 31.87439 12.62085 29.52857 14.61453 36.098 0.02803 
1000.0 19.93164 37.35481 32.66774 0.0 26.65987 28.71115 7.79484 31.06348 13.80338 17.15276 16.32886 0.0 25.80314 15.52573 22.14858 23.45913 9.45751 11.60501 27.76236 0.03618 
1000.0 0.0 0.0 0.0 34.05465 0.0 0.0 0.0 0.0 0.0 0.0 0.0 13.64562 0.0 0.0 0.0 0.0 0.0 0.0 0.0 0.0 
1000.0 34.25969 16.71621 26.18042 0.0 24.94848 33.26904 25.25581 26.25433 23.02001 24.3309 33.21431 0.0 13.18972 25.47759 25.48317 26.7893 37.28652 21.77364 36.50275 0.0431 
1000.0 24.14838 35.61053 17.72125 0.0 10.53155 23.61583 8.3498 25.66533 22.77207 30.87203 8.35062 0.0 16.5495 12.80978 37.71985 10.73943 31.93198 36.14183 11.28089 0.03942 
1000.0 32.7446 36.69838 24.03466 0.0 11.87551 9.8241 33.08098 25.72441 36.10458 34.38319 27.98353 0.0 21.74062 16.77561 10.22194 35.16447 9.4738 26.44442 9.82532 0.0396 
1000.0 17.92652 18.81016 15.55541 0.0 22.13728 18.99562 25.61476 11.72059 33.22406 27.46813 20.69433 0.0 33.7826 27.25462 36.02482 28.90544 14.4336 30.36586 34.53958 0.04063 
1000.0 31.63153 14.32427 17.96656 0.0 22.09911 29.01621 32.45577 12.89583 27.74875 16.12175 29.91894 0.0 14.3151 16.54793 26.08541 26.19676 32.45597 31.67241 23.29579 0.03932 
1000.0 14.16438 13.11844 36.16757 0.0 25.5209 18.94853 9.88315 9.58003 35.75081 11.26736 29.34339 0.0 15.11443 24.80861 16.8328 11.3647 32.56576 10.30879 36.27979 0.02674 
1000.0 37.8371 24.30422 30.35152 0.0 19.43368 29.02697 20.00135 25.89636 12.59985 12.81315 35.20719 0.0 25.08449 36.98396 15.66071 36.32974 29.32283 27.40801 22.03992 0.02011 
1000.0 0.04709 0.09142 0.11212 0.0 0.06325 0.03612 0.1425 0.14724 0.06522 0.16312 0.05566 0.0 0.03554 0.06533 0.12092 0.14419 0.06941 0.06228 0.09073 13.97355 
