1000.0 1000.0 1000.0 1000.0 1000.0 1000.0 1000.0 1000.0 1000.0 1000.0 1000.0 1000.0 1000.0 1000.0 1000.0 1000.0 1000.0 1000.0 1000.0 1000.0 1000.0 
1000.0 9.12772 22.05736 23.49166 0.0 27.90566 30.30768 9.67399 27.01319 9.82161 23.8015 13.96125 0.0 25.89348 27.01162 19.52666 6.98475 22.42362 7.97079 24.35718 0.02105 
1000.0 8.03331 28.33438 16.57425 0.0 13.64716 11.89042 12.35008 26.82775 18.04773 26.3282 7.88634 0.0 10.66165 10.13109 30.37315 14.83193 27.24593 25.53643 16.35414 0.01484 
1000.0 17.31165 28.30226 32.08159 0.0 21.1316 23.77191 28.6901 18.71037 22.12573 29.84861 18.86605 0.0 12.99303 19.37601 7.17917 19.51364 25.01167 12.27842 8.76666 0.03286 
1000.0 0.0 0.0 0.0 25.9411 0.0 0.0 0.0 0.0 0.0 0.0 0.0 28.92154 0.0 0.0 0.0 0.0 0.0 0.0 0.0 0.0 
1000.0 21.64928 8.36073 21.30465 0.0 32.11471 22.86615 26.73356 8.29758 15.73167 22.96245 32.02552 0.0 29.34651 7.81946 12.46756 17.81376 11.37633 18.50746 24.6024 0.03513 
1000.0 13.66594 19.87288 7.5545 0.0 19.06386 10.04027 24.49547 29.8399 17.33992 27.03751 21.18349 0.0 9.54693 18.44299 15.72754 30.26981 28.24529 24.0327 28.36677 0.01769 
1000.0 23.08047 6.80352 12.77184 0.0 28.78423 22.78714 22.43113 28.41823 25.16841 16.37128 28.64953 0.0 18.4521 27.58699 16.20084 20.44061 16.86475 11.39201 15.21241 0.02761 
1000.0 11.29185 9.84794 29.43714 0.0 13.36756 21.98471 18.56938 9.60179 23.232 10.37067 22.51868 0.0 21.91079 31.44537 17.8556 20.16152 24.29935 22.17898 13.7305 0.0149 
1000.0 23.11569 21.53593 23.76316 0.0 16.64484 26.00071 27.62694 10.18618 20.21669 24.97155 15.17152 0.0 25.30024 13.58466 22.8955 30.18962 21.5956 10.55434 27.56403 0.03227 
1000.0 30.42133 18.23672 15.02799 0.0 6.47186 16.83544 24.5539 10.80496 20.7061 31.53987 27.49824 0.0 22.10629 15.37284 17.83322 30.15809 27.27935 22.39178 10.71274 0.00832 
1000.0 25.16396 11.77866 27.12456 0.0 13.08522 18.58363 29.79632 23.6015 25.84791 21.1608 22.30317 0.0 20.12635 29.69619 16.54586 20.31141 16.26516 26.24817 12.96887 0.0168 
1000.0 0.0 0.0 0.0 24.01306 0.0 0.0 0.0 0.0 0.0 0.0 0.0 16.75554 0.0 0.0 0.0 0.0 0.0 0.0 0.0 0.0 
1000.0 7.26204 14.61323 7.99767 0.0 12.68514 29.06614 7.55178 20.25706 27.97042 11.22979 10.29541 0.0 14.27227 27.66405 25.59189 12.51097 16.69392 22.85264 6.96664 0.01844 
1000.0 13.80414 10.24702 18.20012 0.0 26.48828 7.12158 26.36231 13.04798 13.15355 26.48151 28.73027 0.0 26.20144 20.54152 28.93445 21.13898 27.95746 11.93224 18.35707 0.03525 
1000.0 17.51498 8.83992 22.71537 0.0 10.32634 13.0523 7.7827 23.1504 13.87534 7.99782 19.26682 0.0 8.28295 16.7169 16.70732 20.49306 14.5368 31.39441 13.04489 0.03876 
1000.0 26.84049 15.71565 23.07645 0.0 13.98466 30.78987 14.61731 30.71191 27.48646 21.55756 25.69671 0.0 30.43335 13.31571 20.9173 23.53974 18.45815 31.31104 12.045 0.02522 
1000.0 22.23616 17.27387 19.91381 0.0 19.84996 18.63663 8.55069 28.20027 9.29433 26.76046 12.5291 0.0 30.85837 6.74044 26.61045 12.9963 12.51526 19.73351 11.50412 0.02106 
1000.0 23.77787 9.90013 19.58347 0.0 13.8971 11.10949 13.94937 8.42776 15.37271 27.26486 22.2607 0.0 19.22761 9.69838 25.69014 12.17911 9.94614 16.1342 16.77259 0.01721 
1000.0 24.55935 27.02343 20.21992 0.0 28.00923 23.05662 19.67603 21.0201 22.06749 29.08062 16.10337 0.0 31.43303 11.39684 22.48339 24.10962 21.41718 15.68624 25.06218 0.03736 
1000.0 0.15781 0.07109 0.14815 0.0 0.03491 0.13268 0.10233 0.10249 0.07506 0.06817 0.11299 0.0 0.04466 0.06549 0.06653 0.06238 0.0634 0.15964 0.09666 30.96006 
