1000.0 1000.0 1000.0 1000.0 1000.0 1000.0 1000.0 1000.0 1000.0 1000.0 1000.0 1000.0 1000.0 1000.0 1000.0 1000.0 1000.0 1000.0 1000.0 1000.0 1000.0 
1000.0 19.63901 20.67962 32.39717 0.0 8.11194 19.81894 24.2445 12.88114 21.12595 29.78962 10.68311 0.0 31.21158 16.51898 23.42507 20.88949 33.67306 13.39568 12.34554 0.04125 
1000.0 24.40109 33.94287 22.47359 0.0 35.48568 11.84951 25.94058 27.45398 14.73762 37.95906 27.71798 0.0 18.42017 12.23583 34.71622 17.36638 37.07247 31.17699 26.9268 0.01787 
1000.0 7.85619 31.9576 22.93926 0.0 19.98446 23.15623 22.66665 15.24898 24.45678 13.3553 18.2607 0.0 23.05088 11.49402 14.68728 23.60629 36.99083 13.77244 21.82321 0.0375 
1000.0 0.0 0.0 0.0 25.12136 0.0 0.0 0.0 0.0 0.0 0.0 0.0 25.53995 0.0 0.0 0.0 0.0 0.0 0.0 0.0 0.0 
1000.0 37.54815 33.35413 27.44451 0.0 35.40824 32.00518 25.10886 27.96667 15.48878 11.28266 35.45655 0.0 8.31856 14.92707 35.01555 15.55923 12.42248 26.54217 31.41124 0.03554 
1000.0 33.38303 31.13675 25.7655 0.0 9.69262 25.60504 23.50297 28.53281 28.38807 19.10283 37.68605 0.0 10.81074 14.2717 8.43731 16.3144 27.18674 37.11625 20.19482 0.03119 
1000.0 26.33484 13.18863 11.41316 0.0 9.48981 38.87966 14.76574 24.08082 33.22918 38.23427 14.62583 0.0 21.02303 16.34435 16.32043 17.07465 14.39175 32.16523 31.66731 0.03886 
1000.0 33.09622 28.4816 26.52559 0.0 21.95804 17.6128 20.62639 36.13739 14.23145 30.11396 10.12748 0.0 22.59113 12.74097 9.75337 11.75635 18.44563 8.18327 34.11966 0.03799 
1000.0 9.08667 20.95223 37.73074 0.0 16.10535 25.23699 16.43904 26.01882 11.24215 26.5924 34.58563 0.0 25.49959 8.29544 14.05245 26.72068 20.6468 28.75553 38.03429 0.03114 
1000.0 9.16009 20.10227 21.56957 0.0 21.76678 30.74739 17.55112 32.13837 28.50845 16.99032 15.74633 0.0 11.15703 8.14615 19.95318 30.44975 10.82736 18.62645 13.21724 0.01185 
1000.0 38.13367 13.80668 8.70822 0.0 10.70429 8.15177 37.35795 14.67781 11.34682 23.5311 22.81754 0.0 28.11224 19.26702 22.50825 28.20385 33.83894 26.40262 12.06187 0.02346 
1000.0 0.0 0.0 0.0 36.10095 0.0 0.0 0.0 0.0 0.0 0.0 0.0 17.9427 0.0 0.0 0.0 0.0 0.0 0.0 0.0 0.0 
1000.0 12.44546 18.99576 7.85152 0.0 28.36108 26.20587 31.57736 8.53523 29.76864 30.47604 30.08362 0.0 10.27632 27.17052 15.99419 29.27191 31.02167 33.41463 35.96756 0.02057 
1000.0 36.6259 8.38125 13.15218 0.0 32.7335 15.02463 24.28539 21.00448 32.70016 31.99537 26.88811 0.0 23.13316 37.5919 28.10371 35.37559 23.35678 32.80524 16.21951 0.02238 
1000.0 19.70362 10.3267 24.4406 0.0 16.34531 13.5061 25.99677 18.2696 32.30966 30.57543 15.83995 0.0 7.8244 37.98534 25.06342 31.12655 26.34185 25.95117 12.98396 0.02966 
1000.0 27.94164 19.0663 14.76775 0.0 11.34329 19.29355 15.72159 22.0117 11.44444 20.17094 16.9427 0.0 24.66682 36.0039 20.12991 32.8582 29.97454 8.43266 35.79783 0.01527 
1000.0 24.68733 34.62168 36.0537 0.0 18.25692 37.03423 36.98598 9.44194 16.89129 27.98096 10.07746 0.0 33.7683 9.99112 34.78446 29.84336 11.35482 19.26909 7.858 0.02102 
1000.0 27.98701 15.47749 35.8995 0.0 28.71816 20.13027 36.68183 23.18225 22.89129 22.40387 14.03145 0.0 16.51527 38.22042 8.6458 20.03878 16.34013 12.04693 24.21933 0.03702 
1000.0 26.60312 31.90659 12.46947 0.0 25.3943 14.97627 34.61779 16.26975 12.26372 24.16664 29.0739 0.0 13.13554 26.12671 31.08558 37.61123 38.07461 27.80823 30.84751 0.02913 
1000.0 0.13454 0.1108 0.17336 0.0 0.043 0.0592 0.16426 0.0623 0.16094 0.07293 0.03995 0.0 0.05231 0.07357 0.10683 0.06729 0.10626 0.09921 0.04533 23.88087 
