1000.0 1000.0 1000.0 1000.0 1000.0 1000.0 1000.0 1000.0 1000.0 1000.0 1000.0 1000.0 1000.0 1000.0 1000.0 1000.0 1000.0 1000.0 1000.0 1000.0 1000.0 
1000.0 13.69432 34.88658 25.89258 0.0 35.30754 14.10244 32.19971 33.8312 27.31281 35.99381 11.82226 0.0 29.04655 33.66358 11.80548 22.45969 21.37794 17.28482 23.02212 0.0331 
1000.0 15.5284 17.95844 15.1291 0.0 19.92539 9.77985 36.0825 10.13109 37.83114 30.39385 38.54352 0.0 25.60654 20.17029 8.28659 12.29726 12.35881 27.64316 9.89623 0.0181 
1000.0 25.77094 19.83256 33.08515 0.0 24.84496 22.93095 36.44845 24.70639 35.06867 13.95895 24.79883 0.0 18.87613 21.57557 28.48741 11.87427 15.39611 20.96199 27.57619 0.02646 
1000.0 0.0 0.0 0.0 28.78346 0.0 0.0 0.0 0.0 0.0 0.0 0.0 24.96359 0.0 0.0 0.0 0.0 0.0 0.0 0.0 0.0 
1000.0 24.82034 16.03013 10.96226 0.0 29.34921 27.13053 19.38336 27.07516 12.35701 31.05667 27.79863 0.0 23.82829 27.3588 9.36777 15.81877 16.2149 14.64651 16.8185 0.01514 
1000.0 36.93048 31.26447 32.23556 0.0 15.94134 27.01272 8.1854 35.02473 24.52679 13.3762 26.98025 0.0 14.3739 33.77908 25.00538 13.9556 8.52516 31.95654 38.33117 0.02528 
1000.0 27.14805 34.5399 16.38226 0.0 12.14976 19.03961 8.37421 28.40547 11.06253 9.79573 27.83003 0.0 34.11296 20.65962 13.09635 21.85256 28.04636 9.82853 14.34406 0.0092 
1000.0 23.96957 23.79276 33.41538 0.0 27.55224 13.89116 14.91954 19.68679 18.58629 32.53713 14.21873 0.0 19.67706 14.81677 11.46923 21.54494 30.73383 29.67865 33.15322 0.01088 
1000.0 11.04524 37.1493 14.85195 0.0 33.0497 35.95261 28.01684 23.11567 19.06553 25.77549 26.4238 0.0 11.66762 22.70228 18.91243 13.24728 29.41783 38.14567 37.13923 0.02775 
1000.0 37.80137 34.14836 18.18902 0.0 8.36681 12.87561 27.73128 11.94673 15.55334 9.82522 17.52053 0.0 11.66083 18.79465 31.61998 17.20499 37.65231 22.46202 12.887 0.03911 
1000.0 21.30127 22.44161 22.56946 0.0 18.93303 28.9223 24.95466 36.73276 25.34345 25.82323 33.49099 0.0 35.32935 30.18977 8.74848 19.93345 34.52924 10.44543 13.90589 0.01293 
1000.0 0.0 0.0 0.0 23.22805 0.0 0.0 0.0 0.0 0.0 0.0 0.0 15.37113 0.0 0.0 0.0 0.0 0.0 0.0 0.0 0.0 
1000.0 7.97796 20.36612 16.64757 0.0 11.25154 36.54739 24.46699 23.11496 23.17331 20.14798 15.60112 0.0 33.7682 8.53051 37.79532 28.02583 10.70164 20.60965 26.98598 0.02376 
1000.0 22.00895 8.38809 22.28033 0.0 14.43344 9.86119 25.13738 33.18936 22.48036 32.45469 34.77728 0.0 13.66305 35.46114 12.30729 10.38011 13.42252 31.46143 10.1194 0.01208 
1000.0 25.2291 38.21069 26.95952 0.0 36.54786 31.819 20.31495 18.6081 27.83238 12.5381 10.76898 0.0 8.78757 38.42753 37.54538 30.29431 21.00669 28.60757 35.92222 0.02737 
1000.0 28.13448 21.78176 28.78129 0.0 13.45251 26.04699 14.55794 35.11058 18.76312 37.80359 18.80774 0.0 22.873 24.77061 23.97368 37.41609 15.55978 16.31014 8.02553 0.0312 
1000.0 35.56285 20.32102 18.04304 0.0 12.70073 36.00059 12.70762 38.40314 30.16123 11.61242 14.25474 0.0 22.36838 16.95647 38.09081 26.67364 10.89978 35.13258 31.58882 0.01754 
1000.0 12.68212 23.2297 12.7028 0.0 20.37293 18.29753 30.63876 27.22968 23.18164 25.42018 21.90628 0.0 26.50008 36.07874 14.29883 8.81361 17.23316 24.77702 12.72108 0.02273 
1000.0 17.66696 30.31469 33.10242 0.0 38.46496 21.92819 23.22687 32.92765 9.81655 19.33507 16.58376 0.0 37.40163 21.49252 22.73874 26.74886 26.90663 38.49525 13.27865 0.01645 
1000.0 0.13753 0.07897 0.16734 0.0 0.15715 0.05645 0.0374 0.1356 0.15222 0.07143 0.07567 0.0 0.11293 0.14614 0.06455 0.14837 0.12419 0.12824 0.13963 14.04095 
