1000.0 1000.0 1000.0 1000.0 1000.0 1000.0 1000.0 1000.0 1000.0 1000.0 1000.0 1000.0 1000.0 1000.0 1000.0 1000.0 1000.0 1000.0 1000.0 1000.0 1000.0 
1000.0 22.57482 40.4184 28.6652 0.0 30.86549 26.59554 12.15991 18.82819 30.4889 42.79916 25.38559 0.0 15.36719 24.59624 25.78629 29.24829 16.30248 27.55121 13.44732 0.0433 
1000.0 15.83384 27.26243 22.60077 0.0 31.01328 26.07998 39.50751 40.49242 36.7586 25.94824 13.1584 0.0 13.78256 36.71525 36.67489 10.10514 39.31978 41.79418 11.75482 0.04554 
1000.0 40.25438 38.73477 11.63127 0.0 33.12735 16.86474 34.83316 35.45597 12.36332 16.59622 31.99101 0.0 21.84224 16.7339 32.1339 30.65211 32.08083 13.3623 13.46356 0.02431 
1000.0 0.0 0.0 0.0 24.437 0.0 0.0 0.0 0.0 0.0 0.0 0.0 36.09295 0.0 0.0 0.0 0.0 0.0 0.0 0.0 0.0 
1000.0 34.12634 29.28077 41.66833 0.0 38.09929 15.41529 15.00302 11.36491 26.67839 19.79455 19.05308 0.0 28.92624 14.29811 11.58311 41.93585 23.8493 17.11855 24.14014 0.01848 
1000.0 39.71338 9.23691 41.78749 0.0 9.18945 21.64931 28.65756 10.39483 27.91517 25.53868 41.81474 0.0 14.51012 13.79208 26.236 41.19512 30.10919 18.28899 34.58337 0.03054 
1000.0 24.83216 36.73931 21.47945 0.0 17.63713 15.31429 14.03632 9.34146 26.20585 10.74378 21.10034 0.0 36.82342 22.3102 40.0553 33.58001 16.60833 11.06567 39.10812 0.02367 
1000.0 13.85246 35.5365 33.85031 0.0 31.48133 9.44174 29.04465 23.63617 26.01016 30.41615 35.67075 0.0 41.79923 42.45202 24.9191 30.83303 41.70654 37.01932 23.64581 0.02677 
1000.0 31.82846 35.34059 40.58507 0.0 21.48144 9.6993 12.47815 17.87131 25.95139 18.31846 20.73274 0.0 40.03212 16.66428 29.74958 32.18348 31.52987 21.14438 14.77676 0.04066 
1000.0 34.46373 33.10243 12.77661 0.0 37.78737 16.36781 36.3108 21.45088 34.96685 17.98378 24.76755 0.0 39.13872 21.20142 28.48814 9.06616 17.64388 9.58344 30.94838 0.04618 
1000.0 26.95684 34.27042 13.03556 0.0 30.05783 26.04638 18.84179 32.80663 14.1984 39.00708 11.28722 0.0 14.34869 12.2419 27.03112 11.58982 40.32024 39.18211 10.98103 0.0232 
1000.0 0.0 0.0 0.0 25.94621 0.0 0.0 0.0 0.0 0.0 0.0 0.0 35.09833 0.0 0.0 0.0 0.0 0.0 0.0 0.0 0.0 
1000.0 18.56603 33.90858 20.62541 0.0 31.81471 38.99992 11.21272 11.57372 25.12638 15.37344 13.11928 0.0 40.18874 35.78616 32.43457 38.72691 35.17199 36.8804 37.57727 0.02111 
1000.0 38.38013 31.91776 25.92954 0.0 14.51792 9.92955 16.69743 15.18747 33.5762 10.94582 39.5493 0.0 12.05995 16.47197 25.37831 26.16546 11.43587 31.98029 13.54909 0.03023 
1000.0 22.60525 33.56876 22.99444 0.0 24.30393 22.55064 41.38036 12.84767 26.25004 11.54254 27.71716 0.0 29.92287 27.73917 15.26536 14.88576 33.21675 18.86575 30.77669 0.03959 
1000.0 33.25588 35.785 35.61425 0.0 21.45283 42.81652 30.59362 43.07063 32.47301 9.25028 27.05821 0.0 11.86905 17.06767 40.26631 22.81197 37.56484 38.48532 21.54046 0.03622 
1000.0 33.59965 31.99991 24.92471 0.0 32.02176 38.83668 27.40027 36.63336 24.6884 8.72708 28.57578 0.0 20.89527 14.61107 27.7004 23.84972 33.32514 17.47262 42.19053 0.04605 
1000.0 11.51859 10.30933 26.94027 0.0 25.19439 39.11268 27.41415 28.29256 26.15877 31.79125 31.198 0.0 29.85313 35.05718 41.78973 16.34322 37.27244 34.83959 9.47935 0.0294 
1000.0 31.52771 15.7494 19.22907 0.0 9.27431 26.12109 15.03016 41.09436 31.27704 8.96769 9.59576 0.0 16.1364 30.82995 25.49872 20.64132 11.15298 39.97431 11.26805 0.00957 
1000.0 0.11471 0.14737 0.06527 0.0 0.13072 0.0541 0.12753 0.10856 0.16636 0.14463 0.06909 0.0 0.14717 0.16241 0.03945 0.13274 0.15322 0.05318 0.16155 32.31401 
