1000.0 1000.0 1000.0 1000.0 1000.0 1000.0 1000.0 1000.0 1000.0 1000.0 1000.0 1000.0 1000.0 1000.0 1000.0 1000.0 1000.0 1000.0 1000.0 1000.0 1000.0 
1000.0 37.36669 13.671 10.1091 0.0 41.60496 41.48175 33.49927 35.11137 16.34616 19.70462 13.38312 0.0 30.59972 20.96512 18.54637 19.64156 28.70965 25.10365 24.31678 0.03109 
1000.0 28.13605 39.41082 28.60844 0.0 27.03547 21.83451 26.58578 14.51003 11.77092 20.16691 22.42906 0.0 29.42388 38.90632 28.60615 17.58959 15.36803 26.4339 12.79667 0.02699 
1000.0 13.8699 21.09977 31.65083 0.0 30.1259 23.58713 8.34438 9.18356 29.84098 36.09371 26.54218 0.0 27.45511 36.41261 22.17061 33.4656 34.21741 25.63831 39.48785 0.01497 
1000.0 0.0 0.0 0.0 20.19101 0.0 0.0 0.0 0.0 0.0 0.0 0.0 20.15694 0.0 0.0 0.0 0.0 0.0 0.0 0.0 0.0 
1000.0 9.56076 9.69403 38.54945 0.0 8.78425 35.62484 38.88785 35.34447 35.43018 14.15616 14.78697 0.0 26.1212 17.35787 31.11811 27.08328 34.4351 27.83703 39.16365 0.04495 
1000.0 38.08785 14.22582 12.32483 0.0 28.85121 30.52628 24.11748 22.23326 25.47435 31.37942 32.71685 0.0 20.15939 34.12982 18.45756 21.70549 19.62371 40.98171 23.62766 0.02915 
1000.0 29.46692 18.12356 19.57637 0.0 22.24812 8.89318 19.26162 40.0907 23.05176 32.72333 14.13015 0.0 37.35102 35.59753 18.77861 28.99562 13.71688 34.00789 9.01249 0.04194 
1000.0 11.19998 12.92463 19.02863 0.0 13.91436 36.16464 16.68093 41.40618 40.50766 37.77442 20.10229 0.0 10.95908 23.90587 23.83283 32.38169 11.69984 35.89863 30.91726 0.02702 
1000.0 30.00206 35.506 19.93786 0.0 15.44157 40.30939 16.75115 11.98144 16.23937 24.15834 32.98275 0.0 17.75127 35.07494 17.96654 37.46083 40.69291 31.47806 33.49775 0.03084 
1000.0 12.08443 18.66052 41.49683 0.0 29.78585 22.82024 25.75087 14.58467 24.14826 35.32213 28.4896 0.0 10.7752 14.75314 20.23816 23.7309 31.02474 10.24323 21.30128 0.03821 
1000.0 24.29377 37.18517 23.06591 0.0 39.31853 19.13788 28.59575 28.90026 26.24653 8.90612 20.70104 0.0 9.50684 31.7916 36.21469 17.34698 35.7022 21.50647 20.72099 0.02594 
1000.0 0.0 0.0 0.0 24.97865 0.0 0.0 0.0 0.0 0.0 0.0 0.0 31.57211 0.0 0.0 0.0 0.0 0.0 0.0 0.0 0.0 
1000.0 18.98226 11.12398 26.53303 0.0 25.12543 32.54118 31.42474 26.0901 36.96443 28.53872 9.21731 0.0 20.58044 37.44085 31.73642 31.56733 26.95345 25.3376 20.20498 0.03604 
1000.0 13.00747 10.89308 20.46875 0.0 9.18004 28.97318 29.92685 19.7749 25.27874 30.25468 18.41714 0.0 31.03685 24.2034 27.39255 39.48836 15.74437 21.37795 35.48623 0.03986 
1000.0 26.33955 25.89861 30.01858 0.0 27.38806 20.79604 13.23119 35.36773 13.80608 32.20904 15.69687 0.0 29.82541 9.76654 11.17055 13.70061 34.91481 37.41195 40.6351 0.02088 
1000.0 9.97819 10.52393 20.34229 0.0 28.79919 11.4044 22.80484 8.49382 22.1439 20.14584 18.88289 0.0 16.32494 33.80826 39.03365 22.64038 23.83523 34.68876 14.92682 0.01089 
1000.0 34.81427 27.64323 36.3323 0.0 41.58381 36.61368 18.61009 15.3725 41.60757 28.2638 23.78989 0.0 41.56792 37.0646 15.69576 41.19093 18.10992 25.75237 17.58916 0.04416 
1000.0 33.0357 34.7709 9.39058 0.0 34.88894 25.12909 26.62055 35.06069 24.49813 35.04903 38.21028 0.0 39.40452 29.66536 40.08069 25.70492 9.98908 26.72115 15.31357 0.01363 
1000.0 11.0297 26.91599 36.21834 0.0 15.04087 12.10179 25.24661 30.3919 9.05402 36.06681 31.35579 0.0 37.56128 23.17803 13.74779 34.38803 39.47929 11.75312 39.44486 0.02243 
1000.0 0.15157 0.12122 0.04461 0.0 0.08043 0.14492 0.09559 0.09019 0.11117 0.14272 0.13523 0.0 0.15172 0.17501 0.13369 0.10885 0.17433 0.14876 0.17286 32.8073 
