1000.0 1000.0 1000.0 1000.0 1000.0 1000.0 1000.0 1000.0 1000.0 1000.0 1000.0 1000.0 1000.0 1000.0 1000.0 1000.0 1000.0 1000.0 1000.0 1000.0 1000.0 
1000.0 34.27647 22.03366 12.68619 0.0 24.18848 25.66792 36.28122 13.14202 19.20747 31.86635 11.15419 0.0 35.76157 14.21984 40.96063 20.47423 42.18597 14.72742 39.11199 0.01963 
1000.0 29.27213 35.10505 9.05172 0.0 37.82789 21.12283 26.77823 10.39186 33.54168 17.95391 13.95161 0.0 42.27977 29.13538 16.72134 28.71002 39.59071 39.70721 38.04374 0.04652 
1000.0 25.87493 19.74208 28.15655 0.0 34.24568 42.61672 27.79066 19.07438 33.85212 13.56011 11.77284 0.0 41.30352 16.49512 15.24885 9.04646 32.2838 39.75649 11.41086 0.03235 
1000.0 0.0 0.0 0.0 24.88504 0.0 0.0 0.0 0.0 0.0 0.0 0.0 11.26641 0.0 0.0 0.0 0.0 0.0 0.0 0.0 0.0 
1000.0 28.26561 13.02753 41.37774 0.0 9.05103 13.20827 41.42787 29.32045 31.38508 15.83298 23.27082 0.0 20.23223 26.17481 32.92444 33.94847 18.57279 25.43763 23.62355 0.04122 
1000.0 17.95733 36.37163 40.52014 0.0 38.95508 13.23661 36.63907 22.96554 16.98832 10.45243 28.21002 0.0 25.61454 32.33561 18.64874 24.34827 35.81697 32.92017 11.42726 0.03887 
1000.0 26.41776 32.03195 20.20484 0.0 9.21564 34.59294 10.93684 15.39001 17.29533 40.25688 24.80107 0.0 40.65356 27.02789 17.86342 23.9012 28.81101 42.24549 9.22256 0.03333 
1000.0 9.73419 13.01368 11.08173 0.0 39.22536 27.88267 32.61355 36.23416 12.1147 27.15459 41.94257 0.0 9.5671 9.95441 41.47534 23.69948 14.94848 20.57767 29.4458 0.01101 
1000.0 30.72132 25.23072 22.04666 0.0 30.82167 37.11352 37.28887 13.23142 24.93711 27.70626 39.89527 0.0 31.84039 35.40087 14.77337 37.84969 28.95503 36.29237 21.54761 0.03188 
1000.0 16.07713 20.39232 40.52875 0.0 14.9854 27.53804 21.45066 14.96309 39.92004 19.66056 25.11156 0.0 38.60903 39.35669 17.72203 19.66426 27.15187 17.89536 30.83108 0.02274 
1000.0 11.45915 22.42766 43.25718 0.0 41.02595 16.63081 13.81516 31.81995 31.67781 23.58848 10.5917 0.0 16.74785 11.54687 41.9261 10.9078 10.39974 12.32517 25.42078 0.0448 
1000.0 0.0 0.0 0.0 24.22034 0.0 0.0 0.0 0.0 0.0 0.0 0.0 19.18229 0.0 0.0 0.0 0.0 0.0 0.0 0.0 0.0 
1000.0 11.13842 14.20197 9.3516 0.0 12.21706 42.799 13.1995 19.96003 36.08179 40.44147 17.76542 0.0 13.35173 15.83745 39.39991 17.13118 29.78426 34.45292 23.28583 0.01214 
1000.0 24.16213 24.3024 39.71984 0.0 24.32122 32.71173 15.67268 25.11187 33.84863 22.06431 37.91304 0.0 26.71497 18.03514 21.76351 14.92398 9.57736 8.95148 43.10721 0.0324 
1000.0 15.17609 22.73311 13.34558 0.0 18.80277 26.15489 28.76108 35.51288 16.28308 31.55022 22.29462 0.0 32.90703 19.09862 22.17861 12.11699 32.47256 14.53668 16.07412 0.02144 
1000.0 9.29361 20.90442 41.05492 0.0 11.05938 22.21321 37.61339 26.85471 31.291 31.87816 11.47268 0.0 34.683 38.27725 25.3086 29.30362 19.91354 39.89944 30.75094 0.03403 
1000.0 11.04486 17.64953 26.76409 0.0 30.75451 25.30973 9.8635 37.9402 14.43688 38.55781 18.25462 0.0 14.75903 26.39702 42.36696 25.57922 40.1236 14.05952 36.03483 0.03039 
1000.0 16.41018 11.14699 10.75556 0.0 29.16132 39.63485 18.76207 24.58437 38.91557 11.31888 15.38805 0.0 33.06565 29.88886 33.46261 34.63912 32.83038 15.86699 42.01244 0.02177 
1000.0 35.32653 38.81914 13.33853 0.0 36.1583 25.71523 36.9912 23.18047 35.83196 9.24238 14.93621 0.0 12.75152 17.279 10.66488 28.85852 29.86009 15.3995 42.31484 0.02023 
1000.0 0.10726 0.14807 0.1556 0.0 0.05087 0.15673 0.08975 0.10036 0.11335 0.05782 0.10806 0.0 0.06067 0.08692 0.06767 0.125 0.06466 0.05139 0.11356 37.21965 
