1000.0 1000.0 1000.0 1000.0 1000.0 1000.0 1000.0 1000.0 1000.0 1000.0 1000.0 1000.0 1000.0 1000.0 1000.0 1000.0 1000.0 1000.0 1000.0 1000.0 1000.0 
1000.0 33.34768 40.78381 37.66323 0.0 17.51914 17.72353 32.7048 23.63946 37.84165 24.18248 18.47529 0.0 13.38826 36.29488 11.50408 11.76392 21.11796 37.4179 46.38308 0.04613 
1000.0 26.69615 45.34579 28.23651 0.0 25.69385 42.11645 43.25787 35.1048 18.51318 28.71432 38.13803 0.0 47.80502 14.37251 31.32211 10.35396 25.33677 18.02804 48.80604 0.04941 
1000.0 26.34998 35.85933 43.67554 0.0 23.24132 20.33002 39.3849 13.60183 20.41301 10.70547 18.88322 0.0 29.09385 40.29255 21.23497 43.78751 15.23487 16.23257 25.00171 0.02714 
1000.0 0.0 0.0 0.0 31.07537 0.0 0.0 0.0 0.0 0.0 0.0 0.0 28.58408 0.0 0.0 0.0 0.0 0.0 0.0 0.0 0.0 
1000.0 18.14476 24.625 30.01544 0.0 23.49945 39.1448 28.38297 12.07828 23.34376 16.16824 18.49789 0.0 33.68043 32.01315 36.39203 44.38038 34.50159 45.09933 13.59281 0.04933 
1000.0 19.79922 25.60755 32.84804 0.0 43.83335 46.15451 10.16392 35.83081 12.50075 12.08915 43.33048 0.0 17.15237 30.04857 16.31993 33.35173 40.91916 25.40818 46.01168 0.04692 
1000.0 15.13215 18.15404 32.39308 0.0 42.44184 40.55792 36.36719 22.91804 11.20215 40.36588 25.57183 0.0 46.91433 25.7971 26.22898 32.47076 30.20469 36.13195 34.53722 0.02239 
1000.0 11.20076 25.70466 12.82053 0.0 46.19093 12.79706 30.38392 29.09059 13.60768 25.69659 32.11252 0.0 37.36641 38.81115 17.9502 25.25767 25.98243 38.39996 40.64929 0.04488 
1000.0 33.932 11.2157 23.7144 0.0 33.32028 28.17801 49.05422 21.47527 27.99448 16.93106 37.90898 0.0 10.99666 38.85337 25.86384 32.43664 9.91495 33.3414 24.89333 0.03858 
1000.0 15.12189 18.351 27.46602 0.0 15.98879 27.17648 41.2455 15.74434 48.42885 26.6848 35.03839 0.0 26.30935 10.33029 44.71582 14.4407 13.61727 16.45564 23.26479 0.02913 
1000.0 31.08644 13.60922 35.30234 0.0 27.08756 30.26506 29.13335 41.04163 34.95721 17.01582 33.76839 0.0 25.27846 34.87798 25.36118 30.29809 11.76827 43.69459 17.38941 0.04955 
1000.0 0.0 0.0 0.0 39.44653 0.0 0.0 0.0 0.0 0.0 0.0 0.0 25.64737 0.0 0.0 0.0 0.0 0.0 0.0 0.0 0.0 
1000.0 40.09777 24.34471 47.33637 0.0 31.69647 34.25275 31.56867 42.82181 10.1771 43.8993 45.09174 0.0 17.59284 42.92031 37.30913 38.87591 44.88393 14.80473 33.98571 0.04146 
1000.0 31.34065 43.60176 15.12802 0.0 26.36184 33.25925 40.53396 33.13404 12.80079 43.33993 21.38836 0.0 17.75133 10.43804 48.70265 37.47454 38.99813 29.60098 46.12156 0.0313 
1000.0 26.90875 17.76181 33.5945 0.0 47.01781 12.80331 33.29468 17.68045 39.2684 27.52573 44.02846 0.0 26.83206 25.89701 28.37618 31.78741 37.37676 17.23001 41.27136 0.01214 
1000.0 38.91161 38.78823 13.59147 0.0 26.63855 32.16427 42.15312 14.00102 46.67568 43.07823 39.98132 0.0 24.57773 11.14774 18.55174 47.91278 35.01887 14.67751 32.46701 0.01497 
1000.0 17.63149 44.71808 42.4917 0.0 40.33719 15.47632 15.79531 44.37493 21.31437 10.86489 16.36373 0.0 26.20106 36.35896 20.24358 38.82879 38.70294 30.21559 47.43964 0.03444 
1000.0 37.04375 46.30898 24.10622 0.0 33.76682 47.43789 39.14078 20.18809 29.16948 21.86476 25.67312 0.0 21.35069 48.00051 24.77391 30.89914 24.06404 31.80607 20.57132 0.01787 
1000.0 41.22497 35.22935 24.4642 0.0 24.82386 31.70674 44.38405 28.53486 32.19462 21.04966 38.35008 0.0 14.11009 26.30469 11.57897 40.29749 13.91443 40.95263 35.37517 0.01892 
1000.0 0.19144 0.11264 0.07889 0.0 0.14536 0.13098 0.15333 0.0705 0.04311 0.13347 0.17904 0.0 0.14551 0.0822 0.14914 0.07428 0.19401 0.14193 0.05757 47.77957 
