1000.0 1000.0 1000.0 1000.0 1000.0 1000.0 1000.0 1000.0 1000.0 1000.0 1000.0 1000.0 1000.0 1000.0 1000.0 1000.0 1000.0 1000.0 1000.0 1000.0 1000.0 
1000.0 40.14849 22.45192 27.31564 0.0 20.31718 18.17959 25.89965 12.78614 39.37493 17.01022 31.11799 0.0 42.0197 36.26431 14.13964 23.65363 36.59322 41.48326 37.80756 0.0431 
1000.0 31.89149 12.26156 42.40626 0.0 9.8314 24.04032 17.00319 31.07836 30.01987 9.49423 22.71316 0.0 9.5818 27.26311 40.33044 20.78222 36.2872 17.04801 32.72915 0.02619 
1000.0 23.43974 30.19894 16.93426 0.0 14.64539 21.81302 25.26594 36.04454 16.53255 18.06192 21.97729 0.0 32.21381 34.68551 34.35078 32.28349 34.74154 32.76728 28.9177 0.027 
1000.0 0.0 0.0 0.0 26.15274 0.0 0.0 0.0 0.0 0.0 0.0 0.0 23.18159 0.0 0.0 0.0 0.0 0.0 0.0 0.0 0.0 
1000.0 28.26313 28.49761 38.75771 0.0 28.54693 31.86013 39.93176 16.09661 19.13214 28.59291 8.85506 0.0 23.06548 13.11803 12.4141 8.85984 17.77534 21.35602 36.25045 0.02552 
1000.0 40.97458 38.9843 24.68611 0.0 31.27439 26.07172 36.81363 13.96786 15.70247 27.33592 13.4615 0.0 41.82642 31.15423 31.16244 10.57027 39.27745 26.66256 18.55072 0.04297 
1000.0 13.53858 30.67221 40.2886 0.0 31.69715 31.62494 23.7629 22.19358 34.36579 26.7505 11.37602 0.0 26.65726 21.88449 15.26765 38.6725 23.76798 12.26043 19.53064 0.03733 
1000.0 9.34237 14.44837 35.40202 0.0 32.47851 27.48619 14.24898 38.33756 26.92946 36.50706 28.15864 0.0 33.44281 11.90606 25.8139 16.9921 25.20556 15.71539 29.90545 0.02404 
1000.0 36.52437 29.53303 28.19199 0.0 16.10299 25.47817 31.66588 21.85057 21.61846 41.11721 22.7564 0.0 33.72333 34.51499 30.26198 42.42845 21.04532 24.68599 18.09852 0.01347 
1000.0 23.19954 38.06325 25.46887 0.0 33.00931 17.08534 31.15444 11.79211 27.65994 39.65949 29.22709 0.0 19.75116 10.72422 29.52364 20.73091 11.20101 33.59442 21.76406 0.02618 
1000.0 20.092 23.96172 41.80429 0.0 17.59725 21.58744 36.28233 24.49288 38.50695 35.69235 14.26275 0.0 22.35777 14.52079 26.67806 30.26666 39.42801 37.92164 16.33139 0.01447 
1000.0 0.0 0.0 0.0 18.58184 0.0 0.0 0.0 0.0 0.0 0.0 0.0 35.0676 0.0 0.0 0.0 0.0 0.0 0.0 0.0 0.0 
1000.0 33.37241 11.72538 15.77752 0.0 16.48524 27.0319 15.27353 12.40688 21.07699 32.11609 34.99787 0.0 38.37739 31.94485 19.86141 15.95818 24.22264 16.00156 15.26265 0.03794 
1000.0 28.20574 20.15309 18.52389 0.0 32.7053 36.10509 39.26434 21.92962 10.30662 42.2652 14.91206 0.0 15.71288 35.83429 35.69093 14.59426 14.13984 40.85439 17.25381 0.04498 
1000.0 32.02559 15.57289 9.96521 0.0 19.09274 32.20254 23.40869 39.47604 41.07851 16.32314 34.6594 0.0 24.26491 37.64416 13.91663 10.0816 23.95868 40.27225 20.00234 0.02574 
1000.0 22.14157 14.94338 21.76688 0.0 34.51569 11.50053 26.78675 20.33914 20.48944 40.74857 14.0103 0.0 10.34251 39.66694 18.32717 34.25361 40.23314 36.6862 24.64879 0.03496 
1000.0 25.34904 22.02267 29.79955 0.0 28.6871 31.1413 32.26147 37.03194 39.92086 30.304 39.009 0.0 33.59115 41.40478 28.00982 17.61988 35.19219 19.91727 36.38341 0.02653 
1000.0 34.72062 32.36797 27.6782 0.0 38.15732 20.07899 37.46323 23.00631 23.79079 25.58894 34.77355 0.0 19.75936 18.51954 18.18539 26.37943 29.5076 39.7906 36.16225 0.03736 
1000.0 39.83718 9.9185 33.02956 0.0 14.69862 29.1544 40.91031 42.42645 16.35805 28.9408 17.40112 0.0 28.12612 29.30305 10.50281 36.51618 11.50379 11.31686 27.62414 0.03059 
1000.0 0.11967 0.10163 0.05323 0.0 0.14115 0.09225 0.16172 0.08704 0.07348 0.11224 0.10996 0.0 0.07383 0.16114 0.1526 0.17515 0.17146 0.11339 0.12298 11.75997 
