1000.0 1000.0 1000.0 1000.0 1000.0 1000.0 1000.0 1000.0 1000.0 1000.0 1000.0 1000.0 1000.0 1000.0 1000.0 1000.0 1000.0 1000.0 1000.0 1000.0 1000.0 
1000.0 21.73137 20.01181 30.43585 0.0 18.94861 34.11352 8.6699 11.13016 13.08624 21.14609 11.536 0.0 34.53283 18.17679 36.0198 33.52587 35.7779 37.89592 29.55436 0.01504 
1000.0 33.37832 28.51224 28.64767 0.0 10.25948 20.04632 22.07075 33.8202 35.27473 34.67642 10.8236 0.0 12.02349 11.95769 17.29179 21.20085 7.99336 10.01796 23.88716 0.03173 
1000.0 23.92295 36.17473 31.97905 0.0 29.2571 30.02629 14.63207 12.05203 18.40631 26.50374 23.64901 0.0 21.80922 19.87311 37.56466 13.20151 36.60616 8.94874 36.2869 0.03652 
1000.0 0.0 0.0 0.0 37.24929 0.0 0.0 0.0 0.0 0.0 0.0 0.0 18.29248 0.0 0.0 0.0 0.0 0.0 0.0 0.0 0.0 
1000.0 16.81359 34.94257 21.22996 0.0 37.57687 38.18904 17.21319 10.4658 19.74982 28.04537 17.04339 0.0 30.58642 29.15582 33.02448 9.10735 38.60859 10.13206 28.91772 0.02841 
1000.0 31.49244 16.15025 31.79904 0.0 11.85075 34.34864 18.47378 10.5946 39.14017 19.33654 26.92955 0.0 30.16279 21.53399 30.43558 18.30372 34.66162 9.49533 8.40616 0.03078 
1000.0 22.18034 19.51014 22.04429 0.0 8.13495 26.941 17.82031 21.14561 15.66127 9.24661 35.10871 0.0 12.45634 20.90291 10.07291 32.22349 36.89031 36.0523 28.4397 0.04294 
1000.0 38.40284 36.51262 24.13288 0.0 9.57084 28.3033 27.77925 34.95153 10.56875 19.95232 35.68726 0.0 36.24933 12.94968 30.40472 13.56703 18.7299 34.32555 10.37914 0.03175 
1000.0 14.13749 29.9179 22.94068 0.0 15.34164 23.94311 24.02258 19.82157 21.78962 23.75889 13.35516 0.0 33.98365 20.9875 29.79151 21.5903 16.4763 27.96074 12.78364 0.0309 
1000.0 30.13833 11.77928 36.4519 0.0 7.91635 28.12536 14.82128 25.84587 23.91156 8.1224 30.16252 0.0 9.8038 17.75589 20.32499 34.11062 12.52941 17.4009 38.72754 0.01219 
1000.0 23.18344 8.15261 31.58647 0.0 12.76457 28.88062 19.70074 29.73748 37.67981 25.24156 9.27001 0.0 24.50907 26.13864 11.02501 26.97947 18.52326 25.05471 35.04567 0.01335 
1000.0 0.0 0.0 0.0 27.5928 0.0 0.0 0.0 0.0 0.0 0.0 0.0 17.05369 0.0 0.0 0.0 0.0 0.0 0.0 0.0 0.0 
1000.0 26.71384 21.36233 26.4674 0.0 34.9222 14.4486 28.80631 12.80531 14.52185 32.24257 28.2885 0.0 21.65992 30.91892 30.39885 19.75676 38.83922 30.83449 11.61888 0.03168 
1000.0 16.63534 20.21749 17.65696 0.0 8.64436 12.71397 22.17012 8.87055 37.38967 35.67078 14.82547 0.0 13.84191 37.09705 25.48649 34.83692 33.32343 26.06996 30.92302 0.02165 
1000.0 11.3163 35.69958 38.7389 0.0 27.72306 9.75489 36.68395 12.54606 23.62239 17.14598 27.07545 0.0 21.99095 34.10966 32.43634 7.96234 34.72577 22.28295 12.07938 0.03715 
1000.0 30.54952 30.37252 9.90108 0.0 11.42869 16.22109 31.44512 11.48731 27.29313 26.4763 37.21055 0.0 27.26109 24.35928 20.80407 23.98006 19.20453 15.73764 31.61163 0.02872 
1000.0 29.20207 10.77619 20.51745 0.0 11.66735 8.75375 26.01176 14.22257 20.58749 18.30607 25.94797 0.0 23.57918 29.03785 29.31756 15.24872 37.1884 34.20788 14.18197 0.01516 
1000.0 30.29327 12.4394 14.87312 0.0 19.8836 27.20134 11.95419 11.41355 35.91354 30.05305 19.73895 0.0 16.242 37.03122 30.41954 12.80185 18.75224 35.55687 14.87738 0.04025 
1000.0 35.33425 30.55328 10.22593 0.0 10.98064 26.26929 10.44045 10.2469 30.58929 31.06166 32.47335 0.0 31.96144 17.45682 8.80171 31.50649 14.97851 17.00756 32.0352 0.01237 
1000.0 0.11812 0.06116 0.08889 0.0 0.09833 0.07249 0.16849 0.09009 0.07409 0.15219 0.16632 0.0 0.05578 0.06414 0.15975 0.11439 0.1235 0.16114 0.13694 21.24465 
