1000.0 1000.0 1000.0 1000.0 1000.0 1000.0 1000.0 1000.0 1000.0 1000.0 1000.0 1000.0 1000.0 1000.0 1000.0 1000.0 1000.0 1000.0 1000.0 1000.0 1000.0 
1000.0 8.15778 15.634 16.52256 0.0 15.28753 7.86036 26.56161 13.06909 18.39387 34.80063 21.23784 0.0 36.3866 30.27756 37.22481 35.89411 35.26752 27.90111 20.93613 0.02555 
1000.0 34.40544 22.71449 8.44731 0.0 10.06405 15.88504 33.71958 28.25904 34.62205 35.65964 10.75794 0.0 21.46524 10.10356 20.78384 15.18517 16.97472 27.81804 17.36855 0.02087 
1000.0 8.29128 32.04416 30.1177 0.0 34.90898 13.79323 25.37791 22.58749 9.83941 21.33097 16.13583 0.0 31.05738 24.41167 34.63205 20.53568 29.08547 31.03807 30.54357 0.02512 
1000.0 0.0 0.0 0.0 26.53643 0.0 0.0 0.0 0.0 0.0 0.0 0.0 23.27088 0.0 0.0 0.0 0.0 0.0 0.0 0.0 0.0 
1000.0 29.06441 34.24975 17.17519 0.0 16.60637 27.28485 10.09816 25.88423 7.97822 7.75373 19.2402 0.0 28.83381 14.28992 21.46718 16.09011 17.32294 32.11675 16.39865 0.01142 
1000.0 37.19984 13.56512 12.90968 0.0 15.12084 34.88411 32.4069 24.93898 26.35818 27.4351 21.52446 0.0 38.08121 20.80604 21.14842 35.25935 30.3694 27.38876 8.17083 0.03488 
1000.0 19.91735 8.10823 29.13178 0.0 25.56334 18.47561 11.02785 34.08477 15.39178 9.17379 22.37344 0.0 27.06348 35.96154 36.18507 14.01617 37.94418 23.37702 13.63956 0.02626 
1000.0 37.37034 32.69198 26.60057 0.0 32.66098 10.45468 24.44847 27.24001 33.14512 31.99385 14.81327 0.0 7.74677 19.98271 21.40172 13.29184 37.24451 23.33452 26.09614 0.01503 
1000.0 20.08653 12.87997 26.83846 0.0 22.73567 21.9208 9.21103 13.1312 16.72912 20.75242 25.82351 0.0 10.48797 17.11388 25.0984 21.18903 29.11831 17.05353 7.84995 0.03169 
1000.0 31.49277 29.1354 31.26778 0.0 10.9899 37.11151 23.30853 26.5202 11.6764 33.00252 8.24208 0.0 16.63993 28.31472 27.83369 13.43727 14.98902 17.66418 15.55824 0.0196 
1000.0 35.23646 21.48685 12.78319 0.0 32.07027 28.74499 22.15762 12.10837 23.46924 10.67813 27.86416 0.0 23.42453 13.39038 15.61676 28.78505 29.64701 8.31483 16.38814 0.04063 
1000.0 0.0 0.0 0.0 20.36796 0.0 0.0 0.0 0.0 0.0 0.0 0.0 33.37429 0.0 0.0 0.0 0.0 0.0 0.0 0.0 0.0 
1000.0 26.44319 24.47878 21.87303 0.0 28.92959 26.63913 34.2674 36.10414 24.8716 18.86059 38.29422 0.0 15.0159 30.72683 17.09087 28.4125 36.56097 28.79375 22.31842 0.03141 
1000.0 11.1568 30.87855 26.79325 0.0 14.4356 11.40561 8.20597 36.60162 22.53533 22.32093 33.0519 0.0 11.89925 22.04169 32.50818 21.27534 9.06795 22.04945 36.21619 0.03486 
1000.0 13.40044 32.54885 35.12297 0.0 36.16744 20.04036 16.31147 23.91172 21.89324 33.06476 37.88483 0.0 12.35126 9.01635 30.09427 26.62553 15.35588 18.38955 34.04207 0.03162 
1000.0 23.20266 32.4469 28.48179 0.0 26.2032 24.62417 24.70747 27.18884 33.22748 27.56889 13.61876 0.0 37.13068 37.82534 34.00471 11.70777 8.06935 27.9094 19.05612 0.01141 
1000.0 31.0541 29.81247 31.18864 0.0 29.8402 15.43611 25.89719 29.43247 20.53285 20.55893 28.48487 0.0 16.74915 19.34139 9.21952 18.84377 30.88879 11.74196 27.64755 0.00984 
1000.0 13.33244 13.23033 8.84953 0.0 16.94311 37.89798 19.05667 9.15505 35.91012 10.1397 12.58757 0.0 12.45474 13.63148 24.03173 18.53797 30.46248 16.11403 17.92961 0.02811 
1000.0 34.37459 24.42248 24.60734 0.0 37.29298 28.3212 11.30787 22.83091 35.49468 22.00828 11.65221 0.0 35.32229 23.69318 38.40427 20.1509 16.59878 38.29264 35.69633 0.01519 
1000.0 0.07778 0.12664 0.09473 0.0 0.08661 0.06386 0.05509 0.04254 0.16772 0.09464 0.09505 0.0 0.10447 0.09384 0.12686 0.15151 0.06079 0.09247 0.1734 18.63113 
