1000.0 1000.0 1000.0 1000.0 1000.0 1000.0 1000.0 1000.0 1000.0 1000.0 1000.0 1000.0 1000.0 1000.0 1000.0 1000.0 1000.0 1000.0 1000.0 1000.0 1000.0 
1000.0 32.96502 10.06186 42.79028 0.0 33.46661 16.78683 23.89902 9.95337 42.19656 27.96282 25.10817 0.0 35.48084 10.41224 35.62165 31.46554 33.8438 24.70228 14.37908 0.01766 
1000.0 32.25159 13.20713 30.79251 0.0 9.97257 28.13752 21.66979 24.91559 41.9109 10.71326 44.3134 0.0 10.39439 34.98456 11.16469 23.39675 40.43347 37.44041 41.94501 0.03621 
1000.0 22.12879 22.08302 18.36279 0.0 9.73593 14.89376 18.8696 11.15773 35.06079 28.40414 31.00456 0.0 17.9465 20.37388 41.25805 11.81578 29.12647 32.45896 27.52931 0.03954 
1000.0 0.0 0.0 0.0 36.32358 0.0 0.0 0.0 0.0 0.0 0.0 0.0 44.92724 0.0 0.0 0.0 0.0 0.0 0.0 0.0 0.0 
1000.0 22.92858 13.79905 14.66597 0.0 20.29837 41.00544 11.25715 36.62789 29.46515 16.41215 33.41567 0.0 15.82402 40.05098 9.429 25.71191 15.92828 39.59051 21.35556 0.01263 
1000.0 44.83269 40.33805 22.25044 0.0 14.8552 20.96105 42.12654 37.26228 43.40932 41.9303 27.17433 0.0 21.48204 40.96241 20.97272 19.24023 30.42883 34.99932 27.44465 0.04655 
1000.0 14.37599 16.95536 43.38337 0.0 10.67775 25.36928 41.34179 18.65574 33.64619 34.31125 38.8449 0.0 16.14613 41.86608 34.01521 43.64073 13.83051 31.72256 44.66945 0.02938 
1000.0 17.15916 21.80808 37.58855 0.0 29.64879 13.15781 15.15008 27.97181 38.28657 35.1003 36.66712 0.0 35.99668 13.84613 36.31648 39.76999 32.29994 18.53034 41.67318 0.0171 
1000.0 39.55299 43.44865 17.03529 0.0 36.71341 27.09244 43.84242 36.35072 13.97237 36.63984 25.04307 0.0 23.19941 33.52487 28.8618 9.65576 9.13679 31.92291 17.92376 0.03705 
1000.0 21.23753 33.48524 32.175 0.0 35.66147 23.28937 36.04584 41.82694 31.15615 34.0354 41.0843 0.0 35.11894 24.80697 34.94107 17.69841 10.12513 11.49128 17.19514 0.02642 
1000.0 11.98057 24.85754 37.89944 0.0 14.9352 43.96668 44.88191 41.86296 24.51598 35.54504 34.62438 0.0 41.28998 42.69031 21.71314 24.12276 13.45554 37.14861 21.19563 0.02583 
1000.0 0.0 0.0 0.0 12.75811 0.0 0.0 0.0 0.0 0.0 0.0 0.0 14.44534 0.0 0.0 0.0 0.0 0.0 0.0 0.0 0.0 
1000.0 23.21868 22.52316 17.1057 0.0 12.0581 38.73403 34.20138 21.35218 19.34116 14.43578 31.54779 0.0 16.74667 13.56765 15.69595 45.27437 28.7699 36.12515 12.38872 0.02726 
1000.0 31.78469 40.34093 22.38764 0.0 28.0298 23.96373 15.47614 31.52075 23.26038 21.80962 28.84668 0.0 27.04977 21.33523 22.27384 38.92846 22.59468 18.58827 19.2774 0.0398 
1000.0 32.31268 14.50641 43.11957 0.0 32.52566 19.76894 29.04725 12.59473 30.93469 21.25225 35.05837 0.0 20.41728 15.44824 10.35661 11.96411 31.41489 33.25477 27.90203 0.04602 
1000.0 22.10795 22.28395 10.89212 0.0 19.58454 18.41087 21.28481 28.66228 13.90759 32.25258 15.69708 0.0 10.1154 44.37634 15.31507 20.99843 27.39117 10.56229 31.61254 0.04653 
1000.0 23.70905 19.96006 25.55807 0.0 25.66169 18.42203 40.72184 32.12542 10.29747 9.40979 9.91009 0.0 21.06177 28.19103 25.14114 19.72895 39.44886 9.76131 13.13136 0.04412 
1000.0 34.21341 26.13489 34.15215 0.0 42.78923 39.82929 29.09975 43.3564 20.68755 16.33105 40.42557 0.0 27.11845 25.23245 20.01944 41.0119 17.12522 39.56589 29.4866 0.03265 
1000.0 10.89927 23.10892 18.88998 0.0 22.54131 29.0882 40.03051 32.46066 21.84919 28.78789 13.36639 0.0 15.19704 18.29185 16.26629 30.21815 38.37251 41.60346 29.1672 0.01357 
1000.0 0.05408 0.08667 0.13257 0.0 0.18973 0.14266 0.09267 0.08861 0.15849 0.05862 0.14572 0.0 0.04509 0.08402 0.04541 0.05338 0.17524 0.17481 0.0844 35.20769 
