1000.0 1000.0 1000.0 1000.0 1000.0 1000.0 1000.0 1000.0 1000.0 1000.0 1000.0 1000.0 1000.0 1000.0 1000.0 1000.0 1000.0 1000.0 1000.0 1000.0 1000.0 
1000.0 13.07745 33.32844 20.35741 0.0 23.85021 26.24446 29.92822 14.82506 21.60194 33.53228 26.13131 0.0 10.17329 8.96632 30.38233 29.48607 10.47169 27.41536 22.08829 0.02195 
1000.0 23.13821 8.28964 19.16575 0.0 11.91023 33.67221 31.24693 14.42246 20.50191 27.26309 12.82718 0.0 11.7048 33.56303 22.12005 23.097 32.24947 9.55436 11.38479 0.00925 
1000.0 25.4721 25.53121 9.49916 0.0 23.54066 29.33345 25.63865 24.58038 8.56498 22.70801 16.09648 0.0 28.43476 29.28695 14.21254 23.22241 9.37199 15.03106 21.02068 0.02498 
1000.0 0.0 0.0 0.0 8.24002 0.0 0.0 0.0 0.0 0.0 0.0 0.0 14.00449 0.0 0.0 0.0 0.0 0.0 0.0 0.0 0.0 
1000.0 13.94976 29.85633 31.33904 0.0 14.55835 28.63556 10.47509 24.42524 23.571 27.60335 8.37438 0.0 19.11817 19.90128 23.92733 33.56485 11.48829 20.12464 7.40771 0.02358 
1000.0 22.06681 15.02186 32.19159 0.0 33.72052 16.99095 28.78143 19.02251 14.77162 28.44982 25.97914 0.0 23.02057 17.7122 12.84017 29.06414 34.3701 13.7433 32.16249 0.03064 
1000.0 24.55402 12.42722 22.65287 0.0 14.84546 23.73393 12.61872 30.10894 12.52069 21.01585 26.89733 0.0 29.38364 11.64423 8.27559 31.27764 14.22549 15.76483 31.25611 0.02468 
1000.0 30.92535 22.74433 11.12681 0.0 28.08161 19.65893 17.24463 20.40351 16.56162 21.36224 30.79622 0.0 18.78629 8.55 25.27115 12.70581 19.77552 17.26912 23.26624 0.02854 
1000.0 19.13071 20.88502 22.24758 0.0 18.44514 18.05218 32.53599 12.26326 26.85011 28.44714 28.49376 0.0 14.43007 9.1876 13.04133 21.44899 10.59777 21.43925 19.56814 0.03234 
1000.0 10.32966 18.09053 29.5589 0.0 21.31257 11.50168 21.11242 22.91264 34.45253 19.81412 26.73466 0.0 12.94234 13.73958 21.1499 16.67405 29.89189 14.6724 12.89046 0.01249 
1000.0 15.12648 21.0586 21.26075 0.0 23.72663 19.61594 26.19685 26.05249 31.48507 22.08217 26.04674 0.0 8.56717 28.41419 25.61014 25.81016 26.55159 31.74195 17.59202 0.02735 
1000.0 0.0 0.0 0.0 33.25484 0.0 0.0 0.0 0.0 0.0 0.0 0.0 32.47712 0.0 0.0 0.0 0.0 0.0 0.0 0.0 0.0 
1000.0 16.71917 15.4651 33.04123 0.0 21.10681 16.04617 7.64103 12.38528 28.367 22.71985 26.24874 0.0 27.8763 19.3287 17.64394 15.3766 19.69985 18.94575 7.58021 0.03476 
1000.0 13.86929 33.7078 33.88371 0.0 23.47415 30.30098 30.27868 7.7024 11.49739 8.82508 30.37006 0.0 9.78476 24.3595 21.8785 10.33942 12.08797 17.6481 22.24343 0.01718 
1000.0 19.921 24.32124 14.7291 0.0 30.23778 27.90784 19.437 26.64048 7.03749 13.50637 16.34387 0.0 27.68386 30.5042 23.83015 16.60817 28.76028 17.47252 30.36343 0.02606 
1000.0 27.43055 9.69888 29.85412 0.0 21.78944 25.75923 10.54053 26.71238 11.83028 10.86458 25.87603 0.0 9.88053 26.05273 13.55389 11.5381 33.40607 32.25425 26.61861 0.0399 
1000.0 16.76669 23.20721 28.64237 0.0 9.39842 18.36996 21.70859 23.23119 23.17735 13.93594 13.19417 0.0 16.46422 28.4938 26.19237 27.09494 27.67609 33.58003 18.98473 0.01793 
1000.0 15.50899 16.99592 31.10269 0.0 24.89052 12.04155 28.26875 13.91152 6.95562 15.59054 25.42029 0.0 31.01902 27.39002 21.34266 22.38715 25.42685 21.68636 16.16226 0.04078 
1000.0 33.71121 26.82446 11.17727 0.0 7.41809 22.03326 15.48663 15.09641 18.78251 15.31907 30.73136 0.0 24.46765 10.90231 18.88935 33.65969 15.31565 12.81632 22.59885 0.03047 
1000.0 0.05416 0.0661 0.11542 0.0 0.15684 0.04346 0.10001 0.15453 0.08965 0.09854 0.125 0.0 0.09352 0.09668 0.14186 0.09556 0.14635 0.16104 0.16535 18.06326 
