1000.0 1000.0 1000.0 1000.0 1000.0 1000.0 1000.0 1000.0 1000.0 1000.0 1000.0 1000.0 1000.0 1000.0 1000.0 1000.0 1000.0 1000.0 1000.0 1000.0 1000.0 
1000.0 28.4547 18.57364 18.5001 0.0 27.83742 21.54435 30.59405 8.15833 26.42254 29.75795 15.96276 0.0 22.10392 18.85197 16.18876 22.4383 10.0865 19.62449 9.58412 0.0344 
1000.0 29.45662 14.5685 13.63662 0.0 28.02079 13.54529 8.97735 11.45013 35.72615 8.99541 25.19701 0.0 23.3971 16.86119 9.24533 27.53948 28.81327 20.44121 23.53757 0.01005 
1000.0 33.11658 28.3774 18.93816 0.0 19.51941 27.87187 20.44438 37.04058 10.36113 14.23901 24.85928 0.0 23.52962 15.90323 22.86803 19.69807 16.34029 23.86579 21.05067 0.02556 
1000.0 0.0 0.0 0.0 29.96081 0.0 0.0 0.0 0.0 0.0 0.0 0.0 32.18799 0.0 0.0 0.0 0.0 0.0 0.0 0.0 0.0 
1000.0 17.7016 7.62574 16.56762 0.0 29.7515 10.61872 36.92841 29.03112 31.86772 33.36224 17.62214 0.0 25.16094 21.37897 13.4228 26.60343 7.53896 35.36951 20.53505 0.04292 
1000.0 15.42086 20.70195 8.68626 0.0 28.75568 8.42075 17.60646 7.67282 30.75235 34.362 23.6975 0.0 20.46549 36.20969 10.02708 8.31786 9.21147 26.49243 21.06918 0.02851 
1000.0 17.38843 32.46187 33.77196 0.0 22.34248 14.19379 29.35126 35.68504 8.31656 28.85469 26.63496 0.0 30.65436 36.23487 23.54451 31.16225 12.90156 14.39347 19.99308 0.02675 
1000.0 17.10732 16.0921 18.92942 0.0 26.38644 35.88649 36.17683 8.68701 9.2239 12.3636 15.04248 0.0 25.81912 9.79846 15.71742 15.1985 13.96598 27.12758 18.00013 0.02328 
1000.0 22.73466 22.08857 34.34061 0.0 19.22455 7.43244 32.71701 16.68875 25.83417 22.23677 27.48703 0.0 7.8365 30.5765 17.03385 12.95797 31.77786 22.13623 14.90493 0.01352 
1000.0 22.86063 23.18902 14.29657 0.0 15.7019 34.36581 32.93502 20.15627 21.63789 7.79446 8.34834 0.0 17.85122 11.87253 35.91402 9.36533 14.35317 33.26563 31.45956 0.03621 
1000.0 35.97383 31.0598 34.06507 0.0 19.23736 29.07318 19.79796 22.3594 26.88722 15.78851 18.2717 0.0 18.26009 21.37932 16.44162 35.52975 29.29118 9.28312 32.23655 0.01142 
1000.0 0.0 0.0 0.0 20.45932 0.0 0.0 0.0 0.0 0.0 0.0 0.0 36.03849 0.0 0.0 0.0 0.0 0.0 0.0 0.0 0.0 
1000.0 25.69501 25.88833 19.96681 0.0 22.21264 9.08101 17.93429 34.03478 13.34047 9.70737 18.1129 0.0 9.84866 7.56881 32.60024 30.85627 34.57215 11.19271 18.21476 0.03851 
1000.0 8.30668 17.58071 13.70871 0.0 23.28412 21.63917 13.44847 32.3154 30.07719 30.78735 25.10746 0.0 29.53226 35.95508 10.5959 19.8082 20.97358 9.2572 11.69283 0.03871 
1000.0 21.15021 8.08673 28.55009 0.0 12.03033 22.41494 10.87971 25.45021 10.65281 12.86714 31.54492 0.0 24.89138 11.21616 24.80764 19.72639 20.4371 8.85774 11.73036 0.02123 
1000.0 14.59664 34.88238 19.62053 0.0 34.49364 11.66132 33.89715 15.36391 9.96368 34.17885 30.65804 0.0 28.32639 24.07377 33.06169 16.82962 9.06135 20.47337 13.83295 0.03732 
1000.0 28.17821 9.11737 23.03814 0.0 36.86069 7.74208 34.19977 20.95186 26.08353 17.61478 10.15873 0.0 24.99949 32.75947 29.06808 15.56878 28.4185 25.45137 13.47759 0.03599 
1000.0 30.7735 21.26477 12.04174 0.0 7.87432 8.38309 35.60344 31.72433 20.33282 10.7197 14.23061 0.0 30.77602 21.43825 21.86872 9.43608 15.28522 13.47576 28.50055 0.01988 
1000.0 11.94394 34.77356 15.7942 0.0 22.75375 27.78578 27.90202 11.81136 31.89386 7.56923 32.22044 0.0 34.81875 24.84943 22.75465 18.82727 7.76116 22.33563 9.93468 0.02343 
1000.0 0.08757 0.07753 0.03478 0.0 0.156 0.16747 0.0958 0.12608 0.07457 0.08502 0.14936 0.0 0.15867 0.12271 0.0832 0.0788 0.06436 0.15887 0.12673 25.68229 
