1000.0 1000.0 1000.0 1000.0 1000.0 1000.0 1000.0 1000.0 1000.0 1000.0 1000.0 1000.0 1000.0 1000.0 1000.0 1000.0 1000.0 1000.0 1000.0 1000.0 1000.0 
1000.0 45.22091 35.57383 27.51535 0.0 41.6966 37.81411 40.64143 33.15176 20.40627 30.18786 20.77715 0.0 12.05329 21.53212 41.50233 23.35931 16.89552 35.3439 38.96432 0.01741 
1000.0 31.22717 34.24537 20.34485 0.0 48.64591 49.10376 36.53256 36.38605 22.78145 44.86557 49.12427 0.0 22.91224 19.68278 17.27554 14.35049 27.60282 43.30844 31.22773 0.03771 
1000.0 29.71746 45.54505 17.09294 0.0 40.8485 17.40643 37.08741 14.76444 31.74203 26.84346 29.31954 0.0 23.96377 11.06631 19.46276 17.76564 25.5865 14.10192 11.07305 0.03309 
1000.0 0.0 0.0 0.0 43.48569 0.0 0.0 0.0 0.0 0.0 0.0 0.0 43.65401 0.0 0.0 0.0 0.0 0.0 0.0 0.0 0.0 
1000.0 47.70243 42.165 47.66229 0.0 10.8581 42.65156 25.5164 48.94976 30.87392 31.77994 40.57529 0.0 23.52095 22.12846 23.73325 23.00085 37.87626 23.1955 29.27038 0.04105 
1000.0 15.67921 12.45181 46.898 0.0 43.55989 39.87441 33.23938 30.13906 44.13643 22.57822 32.88135 0.0 48.28801 15.52049 34.67406 34.75858 45.52078 10.45644 16.82332 0.02128 
1000.0 42.54448 16.64035 32.76317 0.0 27.44405 15.8651 43.1803 48.47852 48.203 35.55494 25.64578 0.0 17.5819 46.67657 47.32572 45.32051 46.29898 32.53479 25.92782 0.03507 
1000.0 39.80652 27.93748 13.03687 0.0 19.38534 16.81145 11.54246 33.54224 30.49946 11.35992 24.66671 0.0 20.20222 20.80833 23.25523 20.07813 41.06798 42.92207 34.43689 0.03963 
1000.0 40.03097 28.84051 37.05177 0.0 19.3669 32.83387 44.5964 22.0378 45.44525 48.56499 33.555 0.0 42.71517 10.61609 24.02879 11.58966 10.78157 36.83487 29.58121 0.0246 
1000.0 12.82092 15.03578 22.68876 0.0 19.05969 32.01723 14.213 46.25472 46.47325 25.56598 47.35766 0.0 39.82617 45.91294 27.22014 48.88912 35.80884 36.23655 34.54565 0.016 
1000.0 44.0272 45.46173 13.58622 0.0 24.38835 42.50935 23.92175 14.44752 12.41006 46.68764 30.73104 0.0 25.26303 28.17158 44.73195 45.32714 31.91633 20.11539 18.66117 0.04133 
1000.0 0.0 0.0 0.0 47.75764 0.0 0.0 0.0 0.0 0.0 0.0 0.0 20.21988 0.0 0.0 0.0 0.0 0.0 0.0 0.0 0.0 
1000.0 20.43887 26.53845 36.07388 0.0 11.12997 39.26203 10.30572 27.60746 22.46504 28.79066 29.28607 0.0 17.51097 24.2202 33.51664 42.72815 23.00033 11.74387 27.83441 0.03361 
1000.0 10.35786 10.89238 29.55088 0.0 41.5648 45.4213 30.06279 15.8561 15.68688 39.39023 48.71773 0.0 39.52948 34.83138 12.16519 49.04113 10.74209 22.56221 36.51739 0.027 
1000.0 10.84978 44.15411 26.43286 0.0 12.33072 18.38312 48.50208 47.05597 27.08653 43.06797 12.92835 0.0 42.01366 26.30483 13.49411 46.29709 29.37048 37.33596 33.22755 0.02255 
1000.0 44.18952 42.54608 15.78556 0.0 35.09967 37.1074 35.9178 20.32311 33.36072 37.1665 23.08703 0.0 22.91523 11.73319 21.95685 48.37501 20.52633 24.39432 37.44234 0.01735 
1000.0 40.8486 32.7522 22.94463 0.0 20.00539 37.87805 29.48058 47.14535 42.85091 41.27911 22.99829 0.0 12.61762 17.25054 20.99283 24.22845 26.66335 48.65036 27.54816 0.01109 
1000.0 21.74207 31.01708 21.07839 0.0 46.47271 36.08852 36.22046 19.2849 31.39268 38.72177 21.67944 0.0 44.01966 37.32689 32.01001 11.43724 40.87139 47.16657 47.27738 0.03915 
1000.0 28.78724 11.83995 38.63397 0.0 41.65143 25.0746 35.98406 43.77147 19.72113 45.02972 22.61678 0.0 31.63927 17.91594 41.70006 28.58974 47.53931 28.45885 31.43278 0.01669 
1000.0 0.12895 0.19492 0.13151 0.0 0.06141 0.10946 0.0716 0.12968 0.07975 0.04256 0.18416 0.0 0.04103 0.09762 0.17321 0.06894 0.06884 0.06038 0.16065 28.91121 
