1000.0 1000.0 1000.0 1000.0 1000.0 1000.0 1000.0 1000.0 1000.0 1000.0 1000.0 1000.0 1000.0 1000.0 1000.0 1000.0 1000.0 1000.0 1000.0 1000.0 1000.0 
1000.0 13.78353 23.47424 11.25105 0.0 30.3801 14.06207 28.54398 19.45693 26.6709 28.07785 17.33839 0.0 18.28099 32.55537 14.84169 34.18653 8.48811 32.84763 19.09469 0.01612 
1000.0 7.59387 33.20207 12.40001 0.0 10.09482 21.28592 18.04287 24.2078 13.28304 35.20182 35.27128 0.0 27.89508 25.4484 14.62535 30.88285 24.5519 22.6651 10.23 0.00969 
1000.0 8.21534 12.18033 13.75188 0.0 17.18406 9.54329 25.86961 9.77993 8.75142 19.75816 10.19384 0.0 27.7083 20.15835 18.15156 22.09012 23.92978 18.87788 24.93708 0.02932 
1000.0 0.0 0.0 0.0 14.4088 0.0 0.0 0.0 0.0 0.0 0.0 0.0 26.26373 0.0 0.0 0.0 0.0 0.0 0.0 0.0 0.0 
1000.0 18.15175 8.24282 33.50022 0.0 17.572 27.3203 23.25272 17.93753 35.60055 33.80594 8.87985 0.0 8.04639 13.35034 9.39609 25.21176 20.07648 33.44585 32.67753 0.0315 
1000.0 24.26323 25.2167 11.06566 0.0 12.71469 22.99561 28.44502 35.75591 28.14413 9.75349 9.96099 0.0 18.53531 7.43551 13.66122 18.32174 31.06739 19.57354 9.66305 0.02446 
1000.0 30.52046 17.94633 8.40243 0.0 25.95483 20.03956 15.20541 8.76972 13.02382 27.69447 27.2907 0.0 28.91562 35.85361 13.10731 12.34881 19.12818 30.78854 15.08203 0.02564 
1000.0 13.0734 17.3751 9.09228 0.0 9.11348 21.61058 14.14778 32.12065 10.58258 35.56205 21.87057 0.0 22.48561 10.0423 18.5941 15.82469 20.21472 32.90885 10.71658 0.02269 
1000.0 8.80699 11.63239 20.66634 0.0 23.22557 25.42922 19.16483 33.69234 20.65323 34.78193 33.26993 0.0 29.29396 25.33002 7.61984 26.86673 13.61016 24.70116 18.52707 0.03572 
1000.0 30.42627 8.47538 26.45073 0.0 29.31886 13.88918 35.23905 25.83225 23.77326 30.48591 27.81442 0.0 30.39813 36.10413 12.35415 30.52502 36.22541 34.73396 31.40497 0.01732 
1000.0 31.97236 33.27459 27.25428 0.0 27.49983 19.3337 15.14858 20.42152 22.13987 30.48267 28.75183 0.0 26.03202 11.19624 14.18744 33.54507 20.76737 30.48673 11.01286 0.0335 
1000.0 0.0 0.0 0.0 21.85384 0.0 0.0 0.0 0.0 0.0 0.0 0.0 23.79141 0.0 0.0 0.0 0.0 0.0 0.0 0.0 0.0 
1000.0 29.94819 15.97498 35.05186 0.0 12.6405 21.88327 13.02794 33.57926 8.69228 32.01504 20.9434 0.0 14.31755 13.84456 17.21322 14.58386 32.82343 30.55378 20.24624 0.01042 
1000.0 34.14125 32.4666 8.66214 0.0 31.53417 20.63 18.03569 9.44208 11.58956 16.39831 9.40491 0.0 17.19083 33.29272 19.70502 19.26358 32.86305 20.64852 32.57542 0.02834 
1000.0 30.33629 11.10475 23.05644 0.0 13.83176 21.51123 28.89255 35.83133 12.14519 16.73977 21.03177 0.0 7.25382 9.18972 22.85574 32.68958 7.36295 30.08056 23.03732 0.03086 
1000.0 27.5292 25.73984 25.06778 0.0 10.04694 19.95323 12.74047 30.55478 33.95131 14.3493 34.58089 0.0 29.01831 33.88256 14.31802 8.37335 20.57489 36.20445 16.7718 0.04096 
1000.0 11.35353 16.24803 22.6252 0.0 7.58441 32.51831 22.3938 16.43666 22.46206 28.35506 15.07907 0.0 11.52419 30.13651 20.81092 23.99273 23.67358 23.52084 30.00283 0.03588 
1000.0 8.00285 35.71034 17.79693 0.0 17.31358 34.95575 9.58256 32.09435 17.44433 11.03742 33.51593 0.0 23.59987 7.74067 7.73484 13.48415 29.49443 16.80977 31.22782 0.0099 
1000.0 11.65688 12.07359 9.12901 0.0 27.30432 33.70922 20.74842 23.29868 16.54966 26.03235 10.8419 0.0 35.49389 33.03744 16.90202 8.37386 8.83897 34.20844 13.2227 0.01981 
1000.0 0.04362 0.09558 0.10017 0.0 0.04099 0.13909 0.09799 0.05222 0.14519 0.03488 0.16296 0.0 0.03547 0.15593 0.10864 0.0824 0.10245 0.03877 0.08169 26.64956 
