1000.0 1000.0 1000.0 1000.0 1000.0 1000.0 1000.0 1000.0 1000.0 1000.0 1000.0 1000.0 1000.0 1000.0 1000.0 1000.0 1000.0 1000.0 1000.0 1000.0 1000.0 
1000.0 25.09113 22.89369 13.09866 0.0 25.63028 24.15892 7.16082 21.04227 26.05484 25.15783 6.4658 0.0 24.98494 16.91033 25.56309 7.68844 18.35675 9.62352 17.95165 0.01134 
1000.0 21.7295 18.59081 16.80508 0.0 16.94738 27.41061 29.24211 17.79096 29.57019 19.64337 31.66121 0.0 15.35685 16.95024 23.14845 32.09868 13.11244 13.00139 25.33838 0.01106 
1000.0 28.76256 12.77717 14.96289 0.0 7.82049 24.25842 18.95746 8.50865 32.03633 7.05614 31.85708 0.0 20.76776 11.57311 7.09149 18.05263 13.76463 26.58872 15.27834 0.03577 
1000.0 0.0 0.0 0.0 16.77044 0.0 0.0 0.0 0.0 0.0 0.0 0.0 7.30715 0.0 0.0 0.0 0.0 0.0 0.0 0.0 0.0 
1000.0 22.0909 14.38413 15.37671 0.0 20.9964 7.20762 14.46715 8.4038 27.19753 26.47957 31.90647 0.0 9.7214 23.13489 24.52948 20.62881 24.23388 16.3908 31.78568 0.0136 
1000.0 18.43667 17.32966 23.16911 0.0 19.9768 30.41642 29.90483 11.46362 16.83541 22.61521 13.8348 0.0 26.94667 7.97668 30.06409 28.90878 26.21094 25.72236 6.7543 0.03941 
1000.0 16.0784 31.37318 23.85068 0.0 14.54941 24.53401 9.96947 9.08471 25.65694 22.82527 7.79793 0.0 31.00082 15.99018 29.85272 6.50007 27.85692 24.91403 25.48032 0.03558 
1000.0 22.38967 12.67149 19.94003 0.0 9.21995 17.66192 10.48499 12.01459 9.13005 9.78271 13.53493 0.0 30.10575 15.89263 31.12214 12.42198 10.19105 24.21226 12.34202 0.02616 
1000.0 12.65552 23.90456 7.71211 0.0 17.60456 21.25381 13.10011 6.82199 24.74759 12.37501 18.85035 0.0 9.60576 29.65814 26.38797 14.74959 27.87358 15.19236 29.15813 0.02756 
1000.0 21.65679 10.10213 11.27063 0.0 20.58973 24.78674 23.30149 27.73099 29.52255 23.45172 19.74758 0.0 18.91384 16.38183 16.79663 21.87279 24.88058 14.93784 15.57715 0.03458 
1000.0 19.78506 19.75396 26.68024 0.0 8.74918 10.06829 30.80607 10.03839 17.85512 13.08749 8.97054 0.0 10.31215 30.4664 14.10608 11.45038 30.37113 14.2772 17.87383 0.02902 
1000.0 0.0 0.0 0.0 24.08581 0.0 0.0 0.0 0.0 0.0 0.0 0.0 25.11664 0.0 0.0 0.0 0.0 0.0 0.0 0.0 0.0 
1000.0 18.01103 20.57103 12.51255 0.0 15.89067 18.44145 11.67863 28.47514 21.49705 13.09959 16.85241 0.0 22.50299 8.57951 7.09271 22.61052 31.34243 18.53698 17.62245 0.02791 
1000.0 15.12881 16.11912 22.42615 0.0 15.11837 16.16811 31.08406 29.24778 21.54866 7.33227 10.63515 0.0 30.26928 30.80066 13.49971 7.44432 29.58301 17.09222 27.81343 0.03574 
1000.0 28.16425 24.98687 29.96156 0.0 26.8739 23.65577 8.98937 13.57265 28.11718 18.02896 19.9869 0.0 21.91431 24.51544 14.46108 27.9898 13.75811 23.49657 20.61003 0.0252 
1000.0 25.22127 29.10527 23.92175 0.0 6.57887 8.39609 14.40454 25.59827 7.21018 23.61043 26.84301 0.0 30.27247 29.49294 11.36067 18.78734 10.43296 16.26404 23.2411 0.01848 
1000.0 30.08378 15.73822 7.46316 0.0 21.01752 8.76122 21.85296 18.37333 8.94702 13.5423 11.66719 0.0 8.44016 6.79246 25.13353 8.19624 19.7904 26.55313 32.03034 0.03971 
1000.0 24.69679 28.30994 16.6704 0.0 14.1882 11.47985 17.35733 11.96339 25.50628 26.1611 13.75842 0.0 16.79005 26.65151 25.39421 19.60118 9.58241 23.80677 6.55243 0.02044 
1000.0 10.25134 7.03097 25.88383 0.0 18.50886 6.57949 23.71869 21.95798 12.01245 26.53054 10.99011 0.0 31.67855 10.5598 10.4434 29.81723 8.5583 30.40611 14.70375 0.02097 
1000.0 0.11773 0.06113 0.0575 0.0 0.05679 0.03227 0.04784 0.13283 0.11774 0.0718 0.03427 0.0 0.14596 0.08231 0.11648 0.05676 0.14 0.08473 0.05638 11.82905 
