1000.0 1000.0 1000.0 1000.0 1000.0 1000.0 1000.0 1000.0 1000.0 1000.0 1000.0 1000.0 1000.0 1000.0 1000.0 1000.0 1000.0 1000.0 1000.0 1000.0 1000.0 
1000.0 27.17504 19.76686 32.25794 0.0 25.69394 42.2051 42.89145 13.00056 33.40209 21.46828 20.88675 0.0 45.75904 38.84388 10.6199 31.43398 44.29201 20.04277 44.62809 0.03856 
1000.0 20.20583 18.95508 23.1124 0.0 29.88241 45.25249 14.38301 33.02687 23.68959 42.79039 19.05333 0.0 17.14144 33.90271 26.19794 31.88206 40.87284 43.68327 18.04132 0.02435 
1000.0 13.56846 30.7959 41.48528 0.0 17.91057 21.15005 21.60136 43.95495 33.26191 25.62413 18.25996 0.0 19.488 15.68493 31.32532 39.27075 27.43158 32.09834 10.88576 0.01972 
1000.0 0.0 0.0 0.0 26.19191 0.0 0.0 0.0 0.0 0.0 0.0 0.0 14.54232 0.0 0.0 0.0 0.0 0.0 0.0 0.0 0.0 
1000.0 30.51038 18.73421 44.15791 0.0 34.85711 32.34117 21.67569 27.69529 17.89621 11.92081 21.87762 0.0 35.74481 42.92841 37.61464 11.1779 26.60129 24.16165 21.05234 0.02199 
1000.0 35.32025 21.60225 17.78006 0.0 33.70124 22.55341 22.07631 24.53817 32.85647 27.34881 44.34601 0.0 13.82795 32.37818 32.78744 43.96916 31.49994 9.57516 42.55751 0.01838 
1000.0 19.5443 22.5193 12.1663 0.0 26.08247 38.89005 41.16735 31.70623 27.96344 33.36074 23.73201 0.0 37.40551 20.53554 36.6386 42.08287 34.02319 39.14856 19.75524 0.02479 
1000.0 12.14809 29.78105 10.09936 0.0 24.14416 9.48631 16.78861 29.93001 25.25849 44.7656 12.13651 0.0 38.05451 34.94889 31.13208 16.30291 38.96226 36.06303 27.52109 0.03942 
1000.0 27.32718 25.26578 18.88021 0.0 17.96201 39.15358 30.92049 36.13729 22.33576 27.75737 28.40901 0.0 29.96566 9.56736 45.53264 23.40231 25.11297 38.27436 23.15908 0.01401 
1000.0 15.56087 24.23159 15.0003 0.0 18.19243 29.53856 43.98723 41.10315 30.32809 28.78154 18.84199 0.0 27.74737 43.60054 31.43282 14.6974 24.35352 35.93777 30.71333 0.03066 
1000.0 23.72757 19.34392 44.81244 0.0 42.58416 33.24657 27.74429 33.77794 42.71145 31.42764 16.53262 0.0 40.4633 11.90111 17.4585 20.62227 15.8723 27.93575 26.80485 0.03769 
1000.0 0.0 0.0 0.0 23.08803 0.0 0.0 0.0 0.0 0.0 0.0 0.0 41.82705 0.0 0.0 0.0 0.0 0.0 0.0 0.0 0.0 
1000.0 13.60251 21.72087 40.75123 0.0 35.27874 31.91652 14.74284 30.42257 24.69787 32.9384 26.67381 0.0 20.44165 10.8912 36.0457 27.89721 33.95399 10.80213 27.41557 0.01057 
1000.0 39.63184 42.89743 9.54054 0.0 14.06865 34.58255 22.90436 33.73824 27.61152 39.85075 38.62623 0.0 22.04599 32.2452 41.41987 21.60458 31.64943 14.80413 17.33938 0.03309 
1000.0 26.29141 43.00429 39.07249 0.0 13.15725 13.15615 32.29814 31.67618 37.97152 20.13154 15.59874 0.0 39.47986 20.41974 14.82666 41.26338 44.46673 25.14682 10.49737 0.01737 
1000.0 26.76792 9.53119 40.35106 0.0 33.83467 37.19684 26.81863 36.69327 45.13487 17.28546 28.24727 0.0 37.80282 33.58221 22.29697 10.51129 34.90896 19.67668 33.55454 0.01143 
1000.0 45.55375 36.94672 39.04295 0.0 19.24401 20.6841 41.06678 14.53835 24.51379 18.49505 18.05177 0.0 44.1282 39.27468 42.10943 14.5458 11.91987 32.55515 35.10941 0.04122 
1000.0 13.52742 34.48685 29.48043 0.0 20.4062 36.71399 10.26793 39.96618 24.97423 21.7317 37.36973 0.0 41.68817 36.9102 18.46663 22.25669 23.7914 18.26404 42.95391 0.01123 
1000.0 40.52886 11.6983 33.86363 0.0 17.60842 30.41428 18.03204 25.61478 37.18675 29.169 30.9193 0.0 28.42158 9.31392 38.85303 32.15072 17.76335 36.26736 40.74299 0.04227 
1000.0 0.11467 0.06208 0.10027 0.0 0.05623 0.09608 0.05702 0.07947 0.14733 0.05539 0.05609 0.0 0.09715 0.11985 0.12831 0.16701 0.16635 0.114 0.11578 26.64591 
