1000.0 1000.0 1000.0 1000.0 1000.0 1000.0 1000.0 1000.0 1000.0 1000.0 1000.0 1000.0 1000.0 1000.0 1000.0 1000.0 1000.0 1000.0 1000.0 1000.0 1000.0 
1000.0 15.11345 32.67361 26.6931 0.0 47.09244 34.95211 43.63516 41.82988 27.61556 17.17236 43.55602 0.0 12.5072 38.53049 19.37794 35.15642 36.5956 43.81176 28.32815 0.02052 
1000.0 37.41116 45.06469 17.85467 0.0 36.44539 29.13439 17.98736 12.92633 34.95665 25.42849 10.86719 0.0 12.61549 39.05449 28.28597 31.32067 20.19921 42.4969 14.25935 0.03316 
1000.0 18.7762 35.64978 44.96073 0.0 36.34536 30.36284 16.77439 23.92319 37.34111 15.59945 17.8988 0.0 38.01923 46.17059 11.37287 10.97277 48.97394 35.48479 23.95296 0.04267 
1000.0 0.0 0.0 0.0 21.08153 0.0 0.0 0.0 0.0 0.0 0.0 0.0 21.7352 0.0 0.0 0.0 0.0 0.0 0.0 0.0 0.0 
1000.0 13.18818 39.39013 38.7532 0.0 22.15915 19.84255 46.90282 18.96596 18.77036 38.53379 21.50257 0.0 30.10128 45.30022 29.08245 42.1584 15.28644 19.97792 23.62394 0.01206 
1000.0 27.77092 43.72522 27.83136 0.0 42.13468 15.95658 47.40948 13.50213 45.95285 46.47974 35.40936 0.0 24.20413 12.93174 43.3355 34.66929 32.07816 11.89704 34.88127 0.02081 
1000.0 46.34141 13.75894 10.89326 0.0 35.71186 31.44891 12.21902 16.37222 44.26061 19.445 22.73151 0.0 23.56894 41.6096 47.76359 47.78464 41.43394 21.84527 46.25187 0.02832 
1000.0 36.57531 32.53044 11.111 0.0 19.75883 44.23725 37.52378 10.32437 45.27032 45.91731 48.90306 0.0 27.17899 45.91791 44.84904 36.1647 45.86971 13.15056 26.38027 0.01645 
1000.0 22.69942 13.14004 47.84806 0.0 37.73609 16.43641 16.63744 19.0274 34.83548 25.02002 25.5335 0.0 27.59529 36.21509 45.69216 14.63538 17.70019 48.37734 26.63333 0.02417 
1000.0 16.40237 36.25692 24.38734 0.0 29.78313 34.02426 33.60663 39.80049 10.77678 14.40783 12.11209 0.0 32.88222 15.7069 16.04253 11.47809 14.00772 26.89634 25.40727 0.03902 
1000.0 21.59079 32.55949 37.23856 0.0 46.02663 47.66679 25.58992 35.21621 20.11105 16.548 11.29101 0.0 33.01552 48.79714 48.78076 49.21321 24.27464 27.43883 46.84303 0.04019 
1000.0 0.0 0.0 0.0 48.97044 0.0 0.0 0.0 0.0 0.0 0.0 0.0 32.92512 0.0 0.0 0.0 0.0 0.0 0.0 0.0 0.0 
1000.0 36.01733 40.02688 39.51894 0.0 35.53404 36.71485 12.79667 18.23094 35.34607 44.90304 32.14576 0.0 28.28822 37.78803 17.49797 19.92133 32.58376 27.20903 40.49985 0.02928 
1000.0 15.40407 14.21126 31.53885 0.0 26.51226 32.61725 23.0829 32.00749 16.47704 34.80751 36.42488 0.0 41.94208 27.47459 29.55909 16.15978 48.92363 13.73285 42.24879 0.02611 
1000.0 16.63924 35.10825 17.69558 0.0 30.6699 25.58663 43.27428 38.23288 24.16745 20.26568 36.94069 0.0 39.68327 46.33416 23.05508 23.79662 14.12558 21.2808 23.56653 0.02113 
1000.0 11.3365 36.81316 16.98473 0.0 24.38828 12.98111 29.84578 35.18354 38.6963 40.78898 11.4999 0.0 21.86859 23.5239 42.19987 31.66348 35.35126 18.6849 49.45507 0.04545 
1000.0 30.11726 33.76214 19.62263 0.0 13.2615 10.38107 19.45728 37.81197 30.06299 20.97818 13.05801 0.0 38.5899 32.44059 40.32302 13.78545 14.46932 15.51767 36.02444 0.04712 
1000.0 39.81998 37.43287 21.04118 0.0 10.33591 27.26033 39.57823 34.46898 26.58932 42.42812 43.88312 0.0 19.91697 25.03656 42.09416 14.68403 47.09369 23.83624 20.44467 0.02176 
1000.0 46.77468 43.49756 46.82246 0.0 27.20264 32.09075 22.74079 23.94906 10.61761 39.93513 10.98981 0.0 43.91953 27.79959 37.07365 21.82307 34.63874 34.66922 47.47376 0.03216 
1000.0 0.16743 0.12028 0.08238 0.0 0.13442 0.12304 0.11326 0.05897 0.05681 0.05364 0.07751 0.0 0.13067 0.10701 0.14899 0.1282 0.1129 0.17472 0.19818 39.51708 
