1000.0 1000.0 1000.0 1000.0 1000.0 1000.0 1000.0 1000.0 1000.0 1000.0 1000.0 1000.0 1000.0 1000.0 1000.0 1000.0 1000.0 1000.0 1000.0 1000.0 1000.0 
1000.0 30.64963 32.29225 24.47891 0.0 23.28233 24.96831 43.55055 37.3913 39.43663 10.09028 23.14909 0.0 33.49387 19.10477 11.20968 39.53123 21.63474 14.80487 37.5995 0.01438 
1000.0 27.11307 27.13531 29.75139 0.0 38.46631 15.69386 33.20931 42.42815 21.36998 39.28499 43.2607 0.0 30.65479 42.71276 17.26708 12.13201 40.00551 27.12681 41.38348 0.03499 
1000.0 20.71829 36.18522 15.4681 0.0 9.44817 37.41471 19.68337 20.33163 25.21589 40.33098 39.26275 0.0 29.47061 26.49786 41.60794 24.31208 18.56318 10.73445 37.39545 0.02653 
1000.0 0.0 0.0 0.0 26.46327 0.0 0.0 0.0 0.0 0.0 0.0 0.0 40.87079 0.0 0.0 0.0 0.0 0.0 0.0 0.0 0.0 
1000.0 8.99938 18.83697 26.33085 0.0 12.95975 15.61225 11.16198 19.44157 20.11985 28.02244 43.16597 0.0 10.2884 19.25259 36.48809 22.22523 21.69899 22.38823 41.12321 0.03158 
1000.0 24.69018 35.32392 27.66924 0.0 9.8645 23.75464 10.61836 39.36577 14.99373 30.08364 26.67583 0.0 22.48966 17.33871 35.01435 40.37935 22.59041 32.98803 8.83094 0.01835 
1000.0 33.55698 15.94649 19.46148 0.0 14.69317 21.25116 9.54168 23.21624 11.55913 11.65623 16.42043 0.0 15.72671 25.26722 30.78812 27.28192 43.00326 11.90381 26.62144 0.01181 
1000.0 11.25154 20.31683 42.26606 0.0 26.34857 36.2312 26.80326 26.41723 30.06064 37.33177 29.58762 0.0 12.50647 10.65496 9.94538 16.87691 25.77677 11.46 9.35595 0.02933 
1000.0 25.2616 14.88035 33.24593 0.0 43.19544 10.75463 21.80721 29.77738 37.90317 28.63818 15.19114 0.0 25.48051 10.93305 14.39422 16.60938 27.14603 30.08114 20.73922 0.04197 
1000.0 23.33503 10.22897 30.50243 0.0 39.12605 37.2442 10.51366 20.84342 17.12429 34.40129 23.00653 0.0 17.06614 42.37298 30.31974 22.68926 43.77556 16.33256 24.77884 0.01092 
1000.0 18.79628 22.56309 13.74789 0.0 21.69781 34.88031 21.8727 8.82364 36.3908 40.86421 23.33467 0.0 39.72315 26.65716 27.33195 30.03783 42.68105 20.35469 39.38978 0.02771 
1000.0 0.0 0.0 0.0 25.95874 0.0 0.0 0.0 0.0 0.0 0.0 0.0 31.72632 0.0 0.0 0.0 0.0 0.0 0.0 0.0 0.0 
1000.0 15.36961 14.02592 41.9965 0.0 15.21847 43.12561 19.30152 43.8961 14.39 20.35327 32.37677 0.0 23.49367 32.35954 32.65304 30.39398 12.2436 18.78338 35.31295 0.03459 
1000.0 35.02881 40.30202 18.60458 0.0 13.62392 30.78226 31.17535 27.6047 33.90413 24.82433 23.07273 0.0 38.93728 33.28561 20.55596 34.25911 12.4696 41.87925 25.31112 0.01826 
1000.0 35.17639 36.70413 25.21148 0.0 33.48375 20.68475 34.68747 36.99306 25.2752 32.88788 32.14746 0.0 18.23664 38.91417 34.72124 36.14461 14.96688 36.94846 19.0593 0.03742 
1000.0 41.30957 27.73573 42.43898 0.0 41.2844 36.84112 10.26778 41.06046 16.53241 33.70898 17.70014 0.0 28.01761 30.52551 28.31284 16.74445 26.33634 13.35438 40.3047 0.04251 
1000.0 14.9711 13.05789 35.67006 0.0 17.65866 34.82838 16.10515 41.08414 30.78631 26.76946 24.61746 0.0 25.20537 9.32656 36.45227 31.17743 35.09554 16.74618 20.72863 0.01681 
1000.0 11.88815 18.38686 30.19767 0.0 13.21825 27.35695 23.21551 16.71781 11.9068 22.69194 20.01469 0.0 21.90799 18.94627 22.84264 32.4762 30.5337 40.17131 8.86719 0.03647 
1000.0 10.27199 28.06113 19.88 0.0 35.16645 12.7002 9.72547 38.40995 37.65943 18.67463 41.56665 0.0 40.64636 29.50954 26.1717 25.23567 43.86269 14.2484 12.50221 0.04453 
1000.0 0.0877 0.15674 0.06669 0.0 0.09362 0.17474 0.05776 0.12751 0.17791 0.11604 0.15931 0.0 0.09649 0.12103 0.08243 0.12585 0.09136 0.08982 0.07382 10.60039 
