1000.0 1000.0 1000.0 1000.0 1000.0 1000.0 1000.0 1000.0 1000.0 1000.0 1000.0 1000.0 1000.0 1000.0 1000.0 1000.0 1000.0 1000.0 1000.0 1000.0 1000.0 
1000.0 19.88118 31.8498 43.71159 0.0 43.55657 13.89829 10.00424 17.85112 26.80772 39.58982 13.62504 0.0 41.3016 39.20585 30.84187 16.72044 23.44657 20.22628 34.35601 0.03807 
1000.0 36.02036 19.91239 32.72414 0.0 33.7761 17.36731 17.63229 45.30667 14.49253 44.85591 13.33543 0.0 13.40424 19.95823 13.22612 21.6025 40.49498 13.05944 28.09638 0.04227 
1000.0 25.40442 44.26117 20.40704 0.0 23.09153 31.14259 34.17885 36.52134 38.06121 35.68794 38.66472 0.0 39.20581 21.33501 20.21083 18.36505 10.1747 20.08211 12.30936 0.03544 
1000.0 0.0 0.0 0.0 13.55635 0.0 0.0 0.0 0.0 0.0 0.0 0.0 12.59025 0.0 0.0 0.0 0.0 0.0 0.0 0.0 0.0 
1000.0 41.60281 13.77443 28.96834 0.0 29.07227 35.25835 10.08699 32.65084 44.06957 38.03107 42.67051 0.0 25.33589 31.58773 15.73358 28.34798 14.28236 23.717 32.12749 0.02325 
1000.0 13.15156 14.02895 9.82322 0.0 9.73087 15.04447 28.14097 14.0997 23.40706 45.13279 33.26833 0.0 18.84491 44.97476 12.17115 42.68701 43.2375 42.21296 42.03616 0.04517 
1000.0 17.83361 27.09991 10.00784 0.0 13.55642 39.58132 39.52669 26.46974 10.5857 27.52416 26.47937 0.0 40.36788 39.65656 41.79899 26.22415 39.83656 14.90477 21.41229 0.03835 
1000.0 10.65824 12.68654 11.92182 0.0 36.38896 43.79328 39.53686 37.97244 24.88772 32.09757 34.77303 0.0 35.59174 39.06678 40.63691 36.96222 30.09556 14.41917 21.91577 0.02673 
1000.0 10.06434 26.97945 31.92687 0.0 23.66566 10.65176 21.6279 23.15592 17.92836 41.13746 35.68387 0.0 36.74803 39.75101 15.1026 32.03438 9.69452 31.846 19.16075 0.01129 
1000.0 20.5536 34.3362 19.98422 0.0 19.49231 35.31593 10.88738 10.39349 35.36391 13.45191 29.74713 0.0 10.48074 14.10706 20.47938 11.81334 25.58548 23.15043 45.49761 0.02218 
1000.0 42.50547 45.38641 31.75056 0.0 30.23406 42.95174 31.74329 13.12092 34.15284 40.02374 46.21556 0.0 43.1401 39.19515 11.72537 13.88906 20.9541 26.38403 10.86623 0.02357 
1000.0 0.0 0.0 0.0 16.59549 0.0 0.0 0.0 0.0 0.0 0.0 0.0 44.33459 0.0 0.0 0.0 0.0 0.0 0.0 0.0 0.0 
1000.0 20.8936 35.8801 18.78764 0.0 15.34228 19.11759 29.56869 19.90978 26.50734 32.75944 9.37358 0.0 30.73007 24.44384 10.42642 43.2956 40.69654 44.06098 42.13869 0.04662 
1000.0 28.53122 16.17396 17.56671 0.0 25.9013 23.79888 27.32564 20.01971 29.2872 12.15562 39.93422 0.0 11.05631 34.08443 23.84775 11.5917 24.78641 40.0341 26.08699 0.02497 
1000.0 13.58607 33.4799 26.23132 0.0 16.55439 41.36163 19.72714 36.03026 18.10582 16.64679 16.75256 0.0 33.79652 33.05629 28.32022 11.39805 30.62202 19.75777 28.82464 0.0131 
1000.0 18.27413 27.70694 28.75761 0.0 22.07402 9.91139 31.62416 22.0379 41.52949 17.42765 34.919 0.0 11.79488 45.25332 45.04045 36.30473 22.60925 31.74876 40.60416 0.01434 
1000.0 14.59573 29.61438 36.07158 0.0 30.44574 16.99692 34.80418 16.84666 16.62682 11.63506 32.99426 0.0 24.88933 13.42118 30.54379 40.06691 12.38723 29.89388 29.67909 0.0355 
1000.0 35.92792 27.34642 27.47167 0.0 41.51018 13.41643 23.1323 12.16818 34.19216 28.19653 40.07685 0.0 26.57163 35.61422 45.9822 11.01314 44.9409 41.84963 23.18622 0.02154 
1000.0 28.58815 29.61154 39.82237 0.0 35.50883 35.40584 37.58182 44.38464 24.48404 29.53668 19.93496 0.0 44.95626 40.60069 25.91057 33.07892 11.55523 16.89247 34.87707 0.03881 
1000.0 0.12406 0.16777 0.06992 0.0 0.08357 0.04732 0.13298 0.05914 0.04242 0.16841 0.18192 0.0 0.11062 0.15254 0.13711 0.14156 0.0616 0.1752 0.11569 27.08937 
