1000.0 1000.0 1000.0 1000.0 1000.0 1000.0 1000.0 1000.0 1000.0 1000.0 1000.0 1000.0 1000.0 1000.0 1000.0 1000.0 1000.0 1000.0 1000.0 1000.0 1000.0 
1000.0 30.12001 34.71868 39.49848 0.0 16.96622 37.38407 27.38505 23.95625 19.92164 31.9942 15.24876 0.0 32.31435 40.1963 37.11412 20.94014 23.43279 33.68774 40.24793 0.02127 
1000.0 41.08179 30.82468 27.67428 0.0 11.39416 12.30363 22.22607 39.86974 22.63068 34.9682 20.93469 0.0 32.44515 35.45176 39.2773 13.99039 8.41252 28.78154 25.51403 0.03341 
1000.0 34.29292 19.07822 40.71649 0.0 22.62389 24.68305 38.30408 9.92116 12.24406 15.64689 32.3854 0.0 24.26518 9.20564 24.58087 29.03953 27.72136 18.56176 31.03938 0.01605 
1000.0 0.0 0.0 0.0 12.81151 0.0 0.0 0.0 0.0 0.0 0.0 0.0 9.11544 0.0 0.0 0.0 0.0 0.0 0.0 0.0 0.0 
1000.0 8.443 34.93506 34.41309 0.0 29.66998 10.05251 37.13837 28.28417 34.69688 40.82699 40.45474 0.0 10.38372 28.22888 13.49495 35.33149 40.92717 18.30871 37.15331 0.03147 
1000.0 26.00677 34.97988 34.26793 0.0 21.834 23.41651 13.00203 25.16376 38.53731 20.82081 36.84237 0.0 32.07024 13.34175 22.94489 16.5498 35.20322 39.71097 15.42009 0.02428 
1000.0 15.37421 22.33041 10.64742 0.0 25.63205 26.5144 22.3816 22.21655 18.11781 37.11608 22.94702 0.0 9.75702 36.92289 29.69857 11.95669 18.26788 24.66193 14.43016 0.03081 
1000.0 22.77491 34.92067 36.26435 0.0 27.40111 25.18236 16.83659 9.23804 32.16077 19.168 27.18176 0.0 16.91867 33.52963 41.70669 23.85154 38.40868 40.68802 32.39732 0.04283 
1000.0 36.532 35.34123 14.92553 0.0 33.80764 30.32655 12.39789 17.47416 16.18479 11.43398 41.97099 0.0 20.89859 17.84285 38.03177 8.76302 40.78776 32.64745 16.2836 0.04205 
1000.0 18.15978 35.38959 32.38567 0.0 34.91173 20.82489 23.95219 28.73395 36.7601 24.72498 24.49262 0.0 36.95877 26.97769 8.48924 21.42649 22.25619 38.55418 30.23043 0.01372 
1000.0 31.36713 29.55496 18.65175 0.0 15.88141 21.24478 41.30117 20.70058 16.22901 21.19983 10.49127 0.0 27.9228 32.29956 29.75086 19.8153 38.1875 12.06446 33.17228 0.03558 
1000.0 0.0 0.0 0.0 16.88903 0.0 0.0 0.0 0.0 0.0 0.0 0.0 22.55476 0.0 0.0 0.0 0.0 0.0 0.0 0.0 0.0 
1000.0 27.40809 9.77527 28.28834 0.0 19.22982 13.62558 21.44937 15.60842 17.2027 10.15888 31.34248 0.0 23.25807 34.46951 21.08406 32.55986 33.18098 40.01005 39.7764 0.01251 
1000.0 21.83393 18.80131 16.30504 0.0 9.84233 33.87965 18.86445 21.62382 11.52654 14.23655 36.31752 0.0 32.41394 17.06816 24.38711 20.73276 23.03497 8.74883 35.24103 0.01497 
1000.0 29.6443 40.62674 21.41449 0.0 17.39864 15.17981 26.10658 29.70739 40.43705 37.16382 24.64105 0.0 16.11352 31.0337 28.5378 33.67079 18.37761 12.81595 12.32887 0.01687 
1000.0 10.27784 35.54657 17.5762 0.0 13.99241 30.61934 21.67702 27.56403 31.27373 29.44087 21.28051 0.0 41.17457 34.39966 36.13384 20.53765 30.55373 18.90847 33.3692 0.01728 
1000.0 18.12469 40.8727 26.67076 0.0 23.91561 21.72713 23.38638 36.36215 17.76217 13.62253 39.00024 0.0 38.35011 31.87909 35.91999 37.41633 37.42183 36.34532 13.89087 0.02651 
1000.0 9.85613 31.97788 12.8491 0.0 27.84499 21.87881 10.65778 27.83251 16.95437 20.40092 24.66466 0.0 13.36822 18.18869 28.45403 30.59043 36.68161 27.01354 27.33301 0.0349 
1000.0 8.41754 17.93227 32.81288 0.0 31.17674 32.972 36.52482 11.17763 27.62161 33.03661 16.61697 0.0 30.35392 28.16316 25.11043 29.87095 22.57007 18.05446 15.39696 0.02807 
1000.0 0.15922 0.15066 0.08255 0.0 0.1277 0.05026 0.17837 0.15176 0.04621 0.09932 0.13955 0.0 0.06415 0.1696 0.10449 0.14698 0.15596 0.09824 0.11506 16.64494 
