1000.0 1000.0 1000.0 1000.0 1000.0 1000.0 1000.0 1000.0 1000.0 1000.0 1000.0 1000.0 1000.0 1000.0 1000.0 1000.0 1000.0 1000.0 1000.0 1000.0 1000.0 
1000.0 31.33195 15.18473 7.02895 0.0 19.47913 30.42251 12.14732 20.92782 7.22699 11.43238 31.13859 0.0 27.85093 30.53529 14.76155 22.07453 28.35667 14.93037 21.69329 0.02625 
1000.0 18.39771 20.06578 17.19731 0.0 29.82888 31.82902 10.84597 19.30776 7.64376 31.00146 27.32216 0.0 30.70861 19.18283 31.02502 6.89129 7.52162 17.63118 30.11862 0.02196 
1000.0 30.86393 27.18594 9.60681 0.0 6.88535 33.24977 26.15099 19.74483 29.38607 21.26074 31.71435 0.0 13.23161 31.11153 21.47383 22.58626 7.85426 32.36391 31.00814 0.00987 
1000.0 0.0 0.0 0.0 11.0399 0.0 0.0 0.0 0.0 0.0 0.0 0.0 24.18874 0.0 0.0 0.0 0.0 0.0 0.0 0.0 0.0 
1000.0 26.71101 31.88901 24.97681 0.0 33.58452 14.37882 23.48921 26.52556 18.23567 20.38773 18.67258 0.0 17.83474 25.52735 16.63858 24.30673 10.61902 17.27368 23.03258 0.0338 
1000.0 9.56448 15.98733 23.81636 0.0 7.08137 19.06014 11.54482 20.38017 27.37079 8.93623 18.11595 0.0 23.93719 6.97861 33.42695 27.16147 30.15648 13.64242 25.49537 0.0207 
1000.0 16.15653 18.16789 28.45154 0.0 13.35698 11.5753 20.47562 33.40683 7.33713 7.62989 28.41645 0.0 15.71044 9.60059 9.42636 32.39425 33.26371 8.4192 28.53812 0.01524 
1000.0 30.48788 21.4392 29.79551 0.0 31.04486 15.80065 23.86291 22.77594 29.21448 27.73896 12.27785 0.0 27.66571 15.4996 23.98911 28.32286 22.05665 12.86297 7.46187 0.00886 
1000.0 31.34972 19.95733 12.43955 0.0 12.44573 17.00362 21.7835 8.84379 30.84506 11.74159 13.98511 0.0 20.23349 16.49163 22.83691 11.1064 18.88678 12.14446 10.8773 0.01105 
1000.0 21.2445 15.14499 17.66454 0.0 21.0999 9.2851 12.15803 30.66229 23.56599 23.53098 6.90713 0.0 7.51614 24.16853 7.83619 30.67495 28.70978 32.7644 9.13673 0.01625 
1000.0 22.75721 16.07552 19.85264 0.0 19.37671 33.91701 7.39383 11.12683 23.82823 16.58482 30.27619 0.0 18.90701 15.17467 23.85785 18.72877 20.25422 13.21176 15.33105 0.02715 
1000.0 0.0 0.0 0.0 29.84428 0.0 0.0 0.0 0.0 0.0 0.0 0.0 16.54773 0.0 0.0 0.0 0.0 0.0 0.0 0.0 0.0 
1000.0 11.85363 29.46627 17.79136 0.0 14.21295 33.77269 11.19296 28.54685 14.13653 24.74595 33.57244 0.0 15.07553 7.29296 11.06218 26.18106 26.91779 31.571 17.54916 0.02373 
1000.0 14.03247 27.7657 31.4426 0.0 30.71306 25.69997 9.88151 19.31101 17.16356 23.15558 31.28608 0.0 10.85365 27.6475 10.75171 13.61387 28.32438 21.79863 25.15464 0.01008 
1000.0 29.37709 17.38554 20.1467 0.0 31.1933 23.24405 30.89759 32.63637 15.11051 14.61691 22.83402 0.0 20.89324 23.68483 10.5276 16.8056 25.62318 9.76789 11.25823 0.02309 
1000.0 11.40445 24.70936 15.90187 0.0 31.27772 32.20199 10.37892 33.4008 13.51436 23.09704 29.09035 0.0 17.88273 32.69364 22.96517 27.41679 33.02508 26.79809 9.7699 0.0127 
1000.0 22.30275 6.87241 11.99874 0.0 11.99239 15.23768 20.76054 17.54174 21.73845 10.50112 22.01903 0.0 19.30896 10.81842 11.78087 17.04658 30.63207 32.08174 20.82714 0.01173 
1000.0 16.07768 6.80382 16.11846 0.0 25.19102 33.72756 17.85525 31.12407 22.33708 24.96327 9.0647 0.0 19.52801 28.77713 17.05322 29.70402 30.74153 9.74847 31.83383 0.03258 
1000.0 27.81898 7.18102 30.11017 0.0 11.41186 29.1825 11.00939 13.85744 20.59302 7.07194 33.93969 0.0 12.44549 12.29662 21.09554 18.51454 18.10314 8.41836 10.42693 0.03311 
1000.0 0.06936 0.12344 0.14337 0.0 0.16377 0.07759 0.04045 0.1194 0.11439 0.15321 0.11147 0.0 0.05008 0.08009 0.12981 0.03339 0.09804 0.11403 0.04364 12.87878 
