1000.0 1000.0 1000.0 1000.0 1000.0 1000.0 1000.0 1000.0 1000.0 1000.0 1000.0 1000.0 1000.0 1000.0 1000.0 1000.0 1000.0 1000.0 1000.0 1000.0 1000.0 
1000.0 9.18569 18.19719 19.32739 0.0 23.84937 26.40837 24.68834 18.74027 13.39428 26.76158 20.58113 0.0 15.97265 29.23566 22.19819 19.50267 25.14502 13.00076 28.47792 0.03993 
1000.0 9.13967 23.62086 28.98591 0.0 19.92391 19.69831 7.93347 18.17329 14.94444 25.07036 9.1069 0.0 12.48146 13.84757 27.88676 25.91134 18.08086 11.79663 30.45794 0.01173 
1000.0 9.03147 13.30248 26.80447 0.0 25.52588 27.35558 30.87531 26.72791 11.1315 31.91572 25.00948 0.0 29.14906 22.04115 13.26756 28.83034 10.31519 20.72302 12.82377 0.01906 
1000.0 0.0 0.0 0.0 11.11936 0.0 0.0 0.0 0.0 0.0 0.0 0.0 25.81666 0.0 0.0 0.0 0.0 0.0 0.0 0.0 0.0 
1000.0 22.92512 29.5051 10.56701 0.0 15.98841 30.15157 11.18758 8.12314 23.38903 28.25045 10.75568 0.0 12.51302 16.27561 31.13098 10.68801 15.87981 28.56881 17.45203 0.0168 
1000.0 14.09892 22.405 22.83524 0.0 8.71337 11.26243 13.56838 20.07106 9.56677 8.90615 11.45584 0.0 10.71005 7.56348 11.17446 28.56056 17.21967 7.91818 15.47525 0.01952 
1000.0 17.68318 11.00016 21.20276 0.0 30.88399 29.62959 31.85146 10.67416 27.61933 22.74588 28.19928 0.0 22.68192 25.0876 16.28944 19.85556 16.07103 10.69052 21.46861 0.01453 
1000.0 7.21577 22.56861 27.70577 0.0 21.15403 6.97982 27.44455 26.53134 23.93603 16.84041 12.98962 0.0 7.38486 20.06001 13.50923 14.82631 9.60836 19.73398 25.71499 0.02278 
1000.0 27.10058 22.06978 14.79686 0.0 7.81688 13.39416 31.62478 17.40134 11.93054 8.84319 18.03678 0.0 31.40964 11.19593 15.17658 10.11258 20.38084 7.38852 30.96592 0.00979 
1000.0 17.08792 27.95829 31.53529 0.0 25.20827 7.16335 27.27478 20.40325 29.88083 10.40212 15.42483 0.0 9.51943 14.88154 18.20097 6.69264 15.6647 14.68719 11.62232 0.0288 
1000.0 16.30826 9.53639 28.0869 0.0 28.74597 22.89513 25.40267 17.47901 11.63765 10.89029 6.62693 0.0 18.38572 25.01049 29.91111 14.15158 21.27103 27.09285 14.2564 0.03755 
1000.0 0.0 0.0 0.0 32.195 0.0 0.0 0.0 0.0 0.0 0.0 0.0 17.9784 0.0 0.0 0.0 0.0 0.0 0.0 0.0 0.0 
1000.0 13.86403 30.62823 30.83632 0.0 15.43156 21.71686 19.52571 25.2536 14.21561 20.36665 7.35553 0.0 31.11295 18.01376 16.81084 26.82587 29.65252 23.72699 19.85001 0.03112 
1000.0 12.62148 29.0914 25.16442 0.0 15.74304 30.51537 26.12626 16.64156 23.07802 16.02428 11.4543 0.0 16.06363 25.02209 30.81526 31.76387 6.62735 10.19762 26.13492 0.03456 
1000.0 20.03262 11.51355 20.13925 0.0 29.56757 29.81098 17.75604 17.71988 11.20347 25.66953 6.7374 0.0 22.15347 12.23502 29.49744 19.51677 30.13537 25.75862 23.73771 0.02892 
1000.0 17.24592 28.14596 7.88259 0.0 26.37682 29.65819 24.98065 16.67896 13.32538 8.60983 16.93816 0.0 25.03595 12.13696 6.65915 8.46174 9.32621 29.49277 30.73256 0.01507 
1000.0 10.06168 32.10961 14.17456 0.0 19.00123 7.92276 22.97295 25.60826 19.04552 15.0103 15.68831 0.0 19.93054 25.5787 22.33786 11.32555 22.34532 15.47272 30.80572 0.0129 
1000.0 27.25302 23.93808 26.72893 0.0 19.86283 20.33653 16.75325 23.75365 24.33395 10.64534 8.29295 0.0 16.09531 27.81513 25.99853 19.04828 17.18114 16.35372 13.44978 0.01614 
1000.0 26.00673 30.47466 31.85273 0.0 30.50361 24.49958 11.12145 30.33913 7.27989 29.08505 14.99822 0.0 6.59584 7.92032 13.68576 14.75238 12.81966 6.48516 15.16691 0.029 
1000.0 0.08265 0.07364 0.14405 0.0 0.0707 0.11643 0.12291 0.09711 0.07474 0.1459 0.06218 0.0 0.12867 0.13846 0.1131 0.09453 0.11838 0.12324 0.13988 23.7469 
