1000.0 1000.0 1000.0 1000.0 1000.0 1000.0 1000.0 1000.0 1000.0 1000.0 1000.0 1000.0 1000.0 1000.0 1000.0 1000.0 1000.0 1000.0 1000.0 1000.0 1000.0 
1000.0 21.46807 24.47602 23.63314 0.0 28.81563 12.30787 37.44477 10.46249 31.24868 17.5017 35.26715 0.0 20.82917 12.52903 35.50425 22.77883 31.66643 29.50474 31.46243 0.01077 
1000.0 16.04458 19.59274 20.49382 0.0 33.3461 10.67293 8.02227 38.45706 23.33575 25.90711 31.62651 0.0 19.26977 23.44129 29.17368 10.03254 27.13861 11.44716 22.18364 0.03365 
1000.0 7.91189 8.22579 29.13868 0.0 27.97778 13.37204 15.11126 38.76507 26.94751 27.35318 34.55663 0.0 34.8925 15.04043 26.88991 11.82045 17.27979 16.0228 11.37817 0.02643 
1000.0 0.0 0.0 0.0 29.13713 0.0 0.0 0.0 0.0 0.0 0.0 0.0 35.4801 0.0 0.0 0.0 0.0 0.0 0.0 0.0 0.0 
1000.0 16.07763 26.4457 14.10513 0.0 15.98907 12.1152 19.88062 26.66556 28.2647 31.23065 21.59306 0.0 35.41881 20.33032 25.28315 18.64327 32.67831 11.23983 12.03655 0.03667 
1000.0 10.04573 7.98126 11.30296 0.0 28.65269 24.45507 29.35678 31.68347 10.32358 15.94305 16.75162 0.0 9.12993 11.54683 32.65879 8.34795 19.688 39.24424 32.50478 0.0331 
1000.0 12.29708 24.96152 18.74427 0.0 27.42728 39.13353 14.98172 25.99842 16.74031 29.07542 34.23645 0.0 9.30478 19.79877 31.28092 22.88934 11.10671 16.74338 35.60717 0.01408 
1000.0 23.61489 29.05517 26.34024 0.0 30.56573 14.09919 23.32246 29.6161 15.58941 10.73915 15.56172 0.0 11.54373 20.62309 10.31656 17.34519 8.73112 13.18746 32.27446 0.02849 
1000.0 9.45418 24.10192 13.74358 0.0 12.87785 10.31145 13.00186 29.39398 9.04046 25.03319 31.15839 0.0 10.09898 22.10216 18.11742 33.41484 39.00659 23.14135 18.18361 0.03855 
1000.0 13.14033 18.51 35.14101 0.0 20.9913 26.05714 38.31547 20.56361 14.26468 33.90033 19.84414 0.0 33.89135 13.53641 33.3499 39.2963 11.87326 16.33609 26.6966 0.02192 
1000.0 15.85521 22.42564 19.06426 0.0 26.88301 21.53512 32.76287 30.86441 33.84008 15.06477 22.02743 0.0 33.57616 21.9257 26.77652 35.461 18.24444 26.63783 29.07121 0.03116 
1000.0 0.0 0.0 0.0 26.16746 0.0 0.0 0.0 0.0 0.0 0.0 0.0 25.19447 0.0 0.0 0.0 0.0 0.0 0.0 0.0 0.0 
1000.0 34.97215 16.16231 28.9373 0.0 14.29466 12.01573 17.01556 24.36007 9.08643 19.92715 24.23862 0.0 37.04171 22.80509 22.98941 30.71199 24.31423 19.44747 7.9647 0.01446 
1000.0 35.95524 33.16481 10.82745 0.0 25.42012 35.3209 30.27213 33.67032 25.9096 17.72702 13.96429 0.0 22.55329 13.30765 13.42392 25.86993 36.27613 11.68666 23.76907 0.03474 
1000.0 37.6773 19.17617 23.8234 0.0 32.98666 20.67182 38.60058 15.10675 8.71552 30.71312 23.92292 0.0 31.26582 21.54326 21.32985 22.40633 17.66327 17.19478 25.69273 0.03399 
1000.0 32.5732 38.15301 15.57713 0.0 23.9995 37.40471 33.56865 28.9098 29.25849 19.47482 17.5317 0.0 11.8955 37.94184 12.50146 16.94429 18.33978 23.22546 38.66506 0.0229 
1000.0 19.10386 23.18535 32.06685 0.0 25.85633 36.24677 33.60846 10.64543 15.04418 32.6602 12.56749 0.0 23.61601 29.11618 35.13075 11.89713 20.60133 17.83601 20.77001 0.03751 
1000.0 31.86245 21.81918 26.11401 0.0 23.57021 38.99903 33.9228 14.08119 10.71293 19.93687 17.36907 0.0 14.70551 38.37934 20.21516 13.25551 19.19376 23.0184 29.10327 0.04213 
1000.0 19.74398 18.00983 9.60661 0.0 33.9268 10.41012 17.98248 34.66795 30.05662 34.67705 31.78932 0.0 27.43801 20.41978 30.47361 27.57799 20.21278 26.60383 17.112 0.03447 
1000.0 0.06367 0.11399 0.0962 0.0 0.15649 0.14597 0.10748 0.134 0.11819 0.12056 0.08478 0.0 0.13904 0.07311 0.04433 0.12443 0.17348 0.16183 0.03749 19.30727 
