1000.0 1000.0 1000.0 1000.0 1000.0 1000.0 1000.0 1000.0 1000.0 1000.0 1000.0 1000.0 1000.0 1000.0 1000.0 1000.0 1000.0 1000.0 1000.0 1000.0 1000.0 
1000.0 22.54986 24.62194 15.65068 0.0 8.62306 36.03876 27.14773 34.57317 20.61138 34.71964 20.03266 0.0 24.10618 31.88836 11.27341 22.61054 32.25662 21.79728 34.40775 0.02183 
1000.0 8.84377 13.84606 26.28069 0.0 34.38873 19.41147 20.03309 13.29655 33.70747 35.75804 32.05775 0.0 14.6882 14.65821 31.35338 24.05785 23.77636 31.88002 8.41921 0.04232 
1000.0 24.98964 31.22954 36.22376 0.0 8.646 16.08052 33.77776 11.4425 14.33752 27.08192 18.55206 0.0 8.58209 8.61824 13.36073 26.10396 16.84263 16.62186 32.65716 0.01135 
1000.0 0.0 0.0 0.0 18.07586 0.0 0.0 0.0 0.0 0.0 0.0 0.0 33.50105 0.0 0.0 0.0 0.0 0.0 0.0 0.0 0.0 
1000.0 23.70689 27.20079 12.84953 0.0 25.09964 33.31363 17.73447 20.46194 10.95661 22.26908 20.02307 0.0 24.73069 23.90021 13.96951 16.83549 26.72485 9.41409 25.15789 0.03859 
1000.0 23.33127 10.3897 8.33298 0.0 26.49278 29.83948 27.0227 13.84463 19.68136 11.54045 33.63656 0.0 15.84802 16.96062 31.21887 23.02181 25.86031 13.69523 15.3673 0.01249 
1000.0 16.07582 24.44625 35.09677 0.0 26.78868 31.71116 31.60616 29.37799 20.5394 35.1834 33.09867 0.0 33.65617 32.24779 9.79982 7.96118 25.69243 28.72629 30.05877 0.03765 
1000.0 10.33487 17.76109 13.43782 0.0 15.72672 14.63705 15.69809 19.31875 25.9512 13.7987 29.18493 0.0 10.67156 25.40288 13.73384 24.43872 7.89085 23.27373 14.45305 0.0217 
1000.0 19.02464 12.10991 22.98784 0.0 17.8644 13.56433 10.92614 32.34388 21.90164 21.1814 29.15109 0.0 21.36311 15.87024 27.97452 17.38195 15.96822 13.03419 9.34371 0.03703 
1000.0 33.32604 21.60473 10.56274 0.0 25.54358 13.6145 7.88827 20.07034 18.80892 11.46777 26.69882 0.0 8.35221 24.56711 32.712 32.70712 19.86171 34.22127 23.04028 0.01396 
1000.0 32.35519 15.30169 20.82496 0.0 29.34899 14.83007 16.55418 27.05664 32.26786 21.8902 23.305 0.0 31.5821 19.72575 34.18585 34.04851 25.6682 9.71962 13.75936 0.02343 
1000.0 0.0 0.0 0.0 15.35995 0.0 0.0 0.0 0.0 0.0 0.0 0.0 13.41571 0.0 0.0 0.0 0.0 0.0 0.0 0.0 0.0 
1000.0 17.65253 26.08154 23.09467 0.0 26.54238 33.35051 12.27831 10.13756 12.5774 25.34344 17.06973 0.0 23.35287 14.35319 22.10506 34.06936 21.22709 32.52754 13.52737 0.03356 
1000.0 36.13384 23.59008 16.51742 0.0 19.66484 34.89028 18.07996 22.19345 21.03103 35.45343 14.78692 0.0 17.26639 35.8638 34.36614 27.53458 22.19011 19.33931 12.06887 0.02944 
1000.0 17.87034 10.97838 35.72994 0.0 30.421 30.4785 32.73981 16.57443 35.95513 18.88311 35.36951 0.0 19.98344 23.67351 17.63716 22.75198 29.79892 28.12808 30.84092 0.02543 
1000.0 11.13809 8.51262 29.68711 0.0 26.77788 32.05687 33.69444 25.62077 22.69148 33.55943 27.55753 0.0 35.21531 21.80469 20.0986 9.25796 7.94859 8.17275 16.89237 0.02075 
1000.0 35.62817 25.32547 36.09636 0.0 11.80601 13.64926 21.31848 24.00569 22.66601 9.2962 25.20299 0.0 19.25416 25.27942 13.36358 29.75606 9.69864 22.99414 9.84858 0.03025 
1000.0 11.92388 29.58071 21.64084 0.0 25.30485 21.42547 23.85024 20.15601 11.72329 11.02541 35.74166 0.0 33.23851 18.51435 13.43668 19.92934 18.81239 11.58931 34.95022 0.0332 
1000.0 25.79434 19.14551 28.87058 0.0 8.92677 31.63648 20.1453 19.48519 13.98183 29.72287 19.00721 0.0 15.58325 13.78223 26.94723 36.20855 11.58277 22.44252 35.29887 0.01244 
1000.0 0.06165 0.10389 0.04585 0.0 0.13048 0.12105 0.14018 0.10389 0.08102 0.13281 0.13206 0.0 0.07213 0.17024 0.06991 0.16161 0.07784 0.11196 0.07817 13.7331 
