1000.0 1000.0 1000.0 1000.0 1000.0 1000.0 1000.0 1000.0 1000.0 1000.0 1000.0 1000.0 1000.0 1000.0 1000.0 1000.0 1000.0 1000.0 1000.0 1000.0 1000.0 
1000.0 25.13058 24.26805 12.08493 0.0 22.63582 18.47027 33.48097 22.23243 19.7035 11.3126 23.412 0.0 12.42217 10.9694 16.13025 15.72893 7.63263 33.77227 10.61509 0.02739 
1000.0 7.51059 31.22904 18.32165 0.0 30.31047 18.5912 31.84031 17.53684 13.0334 31.6531 13.9236 0.0 19.85021 14.33442 7.15957 28.59484 31.75804 20.76375 16.92168 0.03198 
1000.0 9.95053 29.60693 32.97752 0.0 32.96834 21.37186 27.22514 27.76767 13.28649 34.37243 29.52918 0.0 16.77521 22.4683 20.38084 34.00174 20.34126 7.80872 15.83133 0.01449 
1000.0 0.0 0.0 0.0 7.75627 0.0 0.0 0.0 0.0 0.0 0.0 0.0 20.28447 0.0 0.0 0.0 0.0 0.0 0.0 0.0 0.0 
1000.0 22.8942 25.99716 22.80029 0.0 32.1297 19.0068 22.87425 33.02291 31.27602 32.3836 18.81206 0.0 27.79294 29.25711 14.99103 24.6174 25.68343 18.3963 25.32914 0.01198 
1000.0 28.2098 16.15431 6.97661 0.0 7.77976 27.18765 27.70692 11.38344 31.19226 33.68491 14.59472 0.0 18.32802 9.67119 20.76792 24.98796 24.90127 19.68959 11.07983 0.01672 
1000.0 21.55334 10.47849 18.52453 0.0 34.30115 28.21574 18.16659 8.64266 22.64775 19.51885 33.86515 0.0 7.51549 11.13481 23.04231 29.06935 22.30159 32.70111 26.39375 0.00921 
1000.0 22.25199 25.71137 23.07089 0.0 33.53712 33.521 30.41649 16.4514 22.33817 24.86785 10.16558 0.0 33.13689 16.35906 9.57172 14.55723 24.75389 25.27841 11.64007 0.01159 
1000.0 27.06323 31.74588 20.23408 0.0 10.78558 8.41371 27.80942 32.6316 22.59237 15.01871 13.73164 0.0 15.84999 28.69304 32.07265 25.04029 19.59114 27.6372 16.85606 0.01243 
1000.0 9.33378 26.07581 30.69151 0.0 12.54394 21.89571 21.57823 33.67408 15.8476 9.82609 34.3453 0.0 9.6499 7.84409 14.74968 21.13883 19.82684 29.86959 20.96435 0.03915 
1000.0 7.72456 22.2709 26.15562 0.0 21.1519 31.06509 18.17802 32.33718 20.60723 32.20776 27.44345 0.0 9.19025 23.06122 23.71458 21.81244 22.37094 16.66838 29.69047 0.02391 
1000.0 0.0 0.0 0.0 29.64476 0.0 0.0 0.0 0.0 0.0 0.0 0.0 18.17681 0.0 0.0 0.0 0.0 0.0 0.0 0.0 0.0 
1000.0 9.73185 28.25068 23.68208 0.0 7.33908 15.62343 23.60076 26.43982 20.03536 22.16934 8.32867 0.0 8.96631 21.10327 22.16608 9.98317 10.42679 33.53202 32.03507 0.03604 
1000.0 13.67995 9.86132 32.94666 0.0 9.62081 21.46832 7.36401 21.14714 26.34847 19.73573 23.11811 0.0 20.82891 21.96835 21.45734 9.73285 26.68782 18.06355 13.72778 0.02486 
1000.0 12.68306 17.13189 30.18181 0.0 16.39676 23.00397 11.90192 32.10603 8.57096 16.93963 26.17354 0.0 9.57897 21.87178 15.22041 21.28556 11.90122 19.31096 10.37213 0.00966 
1000.0 20.56078 13.64559 32.11057 0.0 11.70334 10.94229 11.96316 17.92638 23.32202 15.17917 10.31556 0.0 20.91422 11.02108 10.34553 12.73468 15.76936 31.05826 15.80241 0.04029 
1000.0 31.75695 12.37312 22.71494 0.0 18.67931 30.97764 17.58314 31.53902 11.3788 26.10894 28.77311 0.0 30.55654 18.59272 26.15561 19.03578 16.81155 34.32642 19.32435 0.03338 
1000.0 14.52845 19.53305 21.51199 0.0 29.72853 14.47553 31.49876 22.49838 7.34792 9.31349 30.47464 0.0 19.42729 15.81989 28.90847 17.44658 23.63691 15.5134 33.91654 0.03637 
1000.0 12.07061 31.93964 7.72348 0.0 9.03811 27.5721 17.19907 23.4627 27.4029 10.005 30.64701 0.0 10.30382 20.49225 23.02041 28.28665 19.09314 23.07964 17.9558 0.03835 
1000.0 0.10079 0.12943 0.16145 0.0 0.12071 0.03375 0.11305 0.14233 0.10135 0.09746 0.12523 0.0 0.10723 0.06904 0.0799 0.08996 0.07647 0.14771 0.11623 18.23154 
