1000.0 1000.0 1000.0 1000.0 1000.0 1000.0 1000.0 1000.0 1000.0 1000.0 1000.0 1000.0 1000.0 1000.0 1000.0 1000.0 1000.0 1000.0 1000.0 1000.0 1000.0 
1000.0 16.02127 39.97008 16.24135 0.0 36.56061 27.75648 16.32095 28.15299 8.80337 37.03162 14.99301 0.0 33.34201 8.64518 39.93048 30.65695 41.52108 38.93618 22.64153 0.02679 
1000.0 13.73806 27.29435 18.58971 0.0 23.51439 41.43302 13.51806 35.2178 11.39582 40.64514 13.10725 0.0 13.44692 28.37369 32.90783 35.88789 14.11405 20.05202 38.15355 0.02189 
1000.0 21.73504 26.90614 24.53911 0.0 36.40318 16.96166 12.63626 15.23035 42.16474 18.18848 32.48646 0.0 40.31353 18.37676 23.30963 17.33156 11.77434 41.57801 36.54059 0.0452 
1000.0 0.0 0.0 0.0 31.4601 0.0 0.0 0.0 0.0 0.0 0.0 0.0 32.35488 0.0 0.0 0.0 0.0 0.0 0.0 0.0 0.0 
1000.0 38.22912 20.94057 38.21177 0.0 39.39551 40.22566 34.43752 11.84101 20.94802 20.84427 26.44956 0.0 19.05801 11.93475 11.24206 15.01816 25.03872 23.66091 21.74364 0.0277 
1000.0 36.33355 35.83251 11.92392 0.0 40.91654 18.04386 12.82183 26.20167 17.83817 9.60648 25.17922 0.0 22.37507 10.17054 24.53753 40.87859 39.52167 19.42658 40.91832 0.00988 
1000.0 17.4162 29.79635 20.47831 0.0 33.96968 33.90301 9.61668 14.16099 41.45897 21.91803 32.18724 0.0 37.0037 42.1534 38.53781 33.55909 15.84595 15.14025 24.24482 0.01519 
1000.0 23.03029 34.10904 27.35296 0.0 9.7953 11.478 11.06692 28.92495 37.74595 17.10723 22.64693 0.0 27.07376 19.04895 14.92824 21.86589 17.54751 22.2785 16.30659 0.0398 
1000.0 9.19816 23.91718 18.07728 0.0 34.5572 17.65213 25.72124 9.08839 17.62525 20.35705 34.30233 0.0 21.57733 18.91795 38.09559 30.092 11.82108 9.51323 34.45043 0.01557 
1000.0 12.51181 41.06158 12.88383 0.0 32.96276 23.48699 21.96766 20.75262 21.93107 27.64488 11.90472 0.0 13.78907 24.91623 17.66973 33.34487 26.14883 33.24519 11.68362 0.03213 
1000.0 30.02861 16.09943 27.61306 0.0 15.61696 16.67659 23.66863 19.06422 21.33481 20.6702 12.45073 0.0 17.13101 22.4621 8.60102 23.17065 13.23561 15.79868 40.61119 0.01507 
1000.0 0.0 0.0 0.0 12.80538 0.0 0.0 0.0 0.0 0.0 0.0 0.0 10.57527 0.0 0.0 0.0 0.0 0.0 0.0 0.0 0.0 
1000.0 40.28805 19.60695 22.1377 0.0 36.49688 33.95665 17.45316 24.94398 24.49201 20.62049 20.4459 0.0 15.70648 40.09214 13.70504 15.28866 8.84707 15.38734 26.66213 0.0398 
1000.0 13.82806 33.25154 31.00053 0.0 13.23146 31.98623 14.44585 40.66696 34.93235 39.78801 31.02502 0.0 33.54792 27.42502 11.32336 36.01581 34.13739 17.28438 9.48611 0.02223 
1000.0 28.74901 27.30066 39.4343 0.0 34.84273 27.05788 29.89031 23.46722 28.82255 31.48853 24.08365 0.0 23.22808 13.99053 11.89214 21.99119 30.20231 38.18628 19.35084 0.01129 
1000.0 9.08197 9.03662 39.70898 0.0 13.81036 21.15549 18.58734 27.47814 13.11638 13.19212 35.34234 0.0 12.11521 23.06137 28.74202 9.0441 22.80554 28.10441 21.11947 0.0281 
1000.0 14.49009 29.09437 25.44193 0.0 13.67733 37.69356 39.04588 25.0403 23.10517 8.56357 9.33921 0.0 26.72911 33.74857 29.83407 23.84061 40.04787 35.50653 13.53441 0.02071 
1000.0 27.61094 13.05356 19.92506 0.0 21.04199 11.9698 12.43244 12.49045 21.70683 15.43632 26.38449 0.0 42.00883 13.52615 38.98214 40.01478 12.38657 39.84474 14.4845 0.00982 
1000.0 9.67243 35.14432 30.70359 0.0 29.35725 29.2426 37.22462 22.65713 24.15349 17.36696 29.22797 0.0 19.93015 14.09823 28.66967 14.16375 12.1613 41.74768 19.91931 0.03727 
1000.0 0.16615 0.17827 0.0745 0.0 0.11473 0.09933 0.07409 0.04691 0.09053 0.15225 0.124 0.0 0.09165 0.17149 0.10821 0.16926 0.12442 0.12159 0.11326 31.77671 
