1000.0 1000.0 1000.0 1000.0 1000.0 1000.0 1000.0 1000.0 1000.0 1000.0 1000.0 1000.0 1000.0 1000.0 1000.0 1000.0 1000.0 1000.0 1000.0 1000.0 1000.0 
1000.0 33.14613 35.29468 13.79252 0.0 37.53169 27.80495 29.46773 38.47175 14.59601 35.78959 30.23953 0.0 12.47525 24.83025 28.02921 24.14435 32.34704 14.80617 13.13396 0.03147 
1000.0 9.46344 38.71055 25.88421 0.0 38.34931 29.11716 16.9674 16.14506 15.70695 37.76088 13.38874 0.0 30.72689 33.9156 35.15921 9.7241 18.61674 11.92765 7.92487 0.03826 
1000.0 14.60011 25.65172 8.07086 0.0 33.93644 17.70123 19.97157 15.32021 17.66509 13.87985 32.63668 0.0 29.57862 37.71162 37.09601 22.71458 26.12197 20.79203 30.62409 0.04408 
1000.0 0.0 0.0 0.0 15.80528 0.0 0.0 0.0 0.0 0.0 0.0 0.0 38.25523 0.0 0.0 0.0 0.0 0.0 0.0 0.0 0.0 
1000.0 34.13513 11.88969 38.25807 0.0 32.90513 32.38437 18.06408 23.91738 39.04231 27.16566 37.05764 0.0 38.36705 27.93208 33.15065 24.48251 29.57505 29.9589 23.54016 0.03581 
1000.0 23.80541 16.55294 12.23353 0.0 32.35469 25.8573 32.07033 18.10054 25.89703 12.53561 29.27393 0.0 11.22355 22.47891 15.36587 28.53361 8.05353 18.63324 10.35763 0.01277 
1000.0 27.58483 19.47075 30.7188 0.0 13.91875 28.83889 18.80867 38.26529 12.64929 16.03821 27.54319 0.0 21.93695 38.81719 27.78018 29.51954 27.51469 20.55893 19.89521 0.03839 
1000.0 25.10551 13.35728 33.67827 0.0 25.05285 14.96205 27.91776 34.20753 31.46412 30.13098 16.6788 0.0 28.18398 37.59132 33.23935 34.71766 28.78242 36.91138 30.0947 0.03666 
1000.0 37.91248 22.9253 17.53498 0.0 26.29839 11.71873 15.93761 11.28641 28.1129 27.35869 27.8247 0.0 10.81976 8.04872 24.10259 11.10528 16.39766 27.93145 37.04437 0.03086 
1000.0 14.19468 38.45035 23.0966 0.0 32.55963 21.56493 39.18645 10.27241 30.44557 34.04503 23.31619 0.0 30.7306 33.81238 38.91009 8.4572 11.98736 8.31153 13.49273 0.03176 
1000.0 23.58499 31.69532 25.47331 0.0 19.41271 26.68523 30.62874 27.08062 14.55796 9.58613 36.98361 0.0 14.30913 22.16572 18.18902 20.45977 21.31737 39.51876 16.45734 0.03402 
1000.0 0.0 0.0 0.0 32.10946 0.0 0.0 0.0 0.0 0.0 0.0 0.0 35.15852 0.0 0.0 0.0 0.0 0.0 0.0 0.0 0.0 
1000.0 19.94627 12.42525 16.89582 0.0 24.45199 8.73774 22.90793 31.0812 31.54034 35.32623 30.53556 0.0 30.62237 20.67835 19.97934 33.94073 37.98717 35.7808 39.16059 0.02468 
1000.0 16.68465 20.57559 35.79571 0.0 26.95921 33.35016 13.72836 24.13715 13.32676 10.44309 11.87347 0.0 22.71725 15.67449 36.12951 12.91654 14.29445 27.09942 13.17665 0.03786 
1000.0 28.86493 25.89184 35.73019 0.0 17.18621 19.82579 10.05974 27.53033 39.34466 18.91331 10.9073 0.0 37.49318 30.55766 17.53086 35.74601 23.81255 30.1187 34.76884 0.02446 
1000.0 13.13585 22.17586 7.98936 0.0 27.25616 22.37698 34.37818 26.09179 19.11345 27.9449 39.05217 0.0 22.5346 18.90122 36.45435 21.22611 16.55991 16.59314 26.89867 0.04085 
1000.0 23.17658 21.48787 25.10321 0.0 19.01446 23.49051 27.87938 21.53749 35.82566 16.71698 21.17608 0.0 24.74698 15.68654 38.36525 11.5696 27.49504 34.44154 28.33814 0.02966 
1000.0 32.05678 16.0194 11.29872 0.0 9.92254 24.70994 32.64077 23.82963 8.04781 27.48063 23.08007 0.0 34.51514 13.95013 12.17315 37.02214 31.62441 11.51241 17.87499 0.02108 
1000.0 31.88587 15.87787 20.17403 0.0 35.18085 24.29894 17.59802 38.05235 35.4173 18.32948 29.61554 0.0 26.57667 33.45801 30.50731 14.86584 33.81883 27.41952 14.68335 0.03876 
1000.0 0.09551 0.16448 0.17456 0.0 0.05938 0.09028 0.09259 0.04793 0.09665 0.17634 0.03574 0.0 0.15121 0.12199 0.16101 0.06257 0.07056 0.0791 0.08335 20.10851 
