1000.0 1000.0 1000.0 1000.0 1000.0 1000.0 1000.0 1000.0 1000.0 1000.0 1000.0 1000.0 1000.0 1000.0 1000.0 1000.0 1000.0 1000.0 1000.0 1000.0 1000.0 
1000.0 25.14223 18.74645 22.71266 0.0 20.71973 37.48457 26.87095 39.23937 22.25377 41.05972 27.48127 0.0 16.11545 33.24027 18.24749 11.61979 20.51438 20.9807 23.8767 0.02837 
1000.0 11.52492 34.46198 31.25983 0.0 12.88552 31.47741 22.09709 29.81502 37.51595 15.67341 28.16983 0.0 25.64391 41.75432 21.35143 11.87069 15.80955 14.87721 20.6324 0.03127 
1000.0 8.49514 37.9768 29.64453 0.0 41.49579 23.79817 12.91032 12.9932 9.26129 11.11561 28.58722 0.0 24.62821 12.88528 18.63856 21.32951 33.64157 28.813 33.6683 0.02687 
1000.0 0.0 0.0 0.0 23.6565 0.0 0.0 0.0 0.0 0.0 0.0 0.0 14.20356 0.0 0.0 0.0 0.0 0.0 0.0 0.0 0.0 
1000.0 15.57566 18.85526 15.20057 0.0 36.9158 20.07164 26.92943 29.48775 20.48044 39.62309 26.4804 0.0 40.14928 41.27578 18.72141 32.00109 16.92899 12.89488 14.54245 0.02578 
1000.0 38.42202 14.09917 33.56749 0.0 35.32809 24.69506 20.32094 28.55641 31.84663 33.19277 18.23577 0.0 41.33107 11.01284 28.37064 22.80363 24.96852 11.00526 13.22916 0.01599 
1000.0 17.75947 16.97718 25.17286 0.0 42.06543 34.00521 29.84028 39.25676 38.06884 38.02867 21.61167 0.0 31.33649 33.24241 20.55675 38.47459 26.12446 11.92527 18.92656 0.01261 
1000.0 11.44492 40.01544 32.63578 0.0 27.16422 27.69261 21.40591 21.1167 30.73942 38.63129 34.59291 0.0 19.65534 38.29631 9.75805 22.48825 27.2315 27.27885 22.42205 0.03158 
1000.0 11.15311 15.19916 15.42579 0.0 11.59525 28.30588 37.29146 41.72764 28.51838 38.90612 38.67763 0.0 18.42677 27.2649 10.74704 36.81346 9.62969 20.12764 33.36854 0.01169 
1000.0 8.92095 35.28834 8.89476 0.0 41.99005 36.96682 35.00766 29.6369 19.30468 38.38927 12.95905 0.0 29.4703 26.6006 15.40683 10.91568 19.15897 20.26897 12.09061 0.01092 
1000.0 32.48125 41.24821 41.76459 0.0 25.08333 20.92413 37.75023 37.00745 22.20931 24.01103 14.64382 0.0 34.87243 19.54544 16.67995 35.45512 26.73961 40.91463 41.10102 0.04105 
1000.0 0.0 0.0 0.0 32.46437 0.0 0.0 0.0 0.0 0.0 0.0 0.0 17.16681 0.0 0.0 0.0 0.0 0.0 0.0 0.0 0.0 
1000.0 13.92622 16.22374 31.55401 0.0 39.41286 32.34368 34.19644 28.90956 12.03698 25.44066 38.02059 0.0 36.2022 41.9114 13.84142 26.41397 26.33108 18.79337 31.85503 0.03099 
1000.0 30.16948 28.80222 15.42223 0.0 22.35039 36.10341 20.62883 31.89059 34.06806 39.66849 17.62307 0.0 24.33835 33.91171 33.87524 33.16154 35.70023 36.01952 12.17311 0.02831 
1000.0 23.26487 9.94581 21.95221 0.0 13.04496 27.15528 19.61546 9.48639 9.02167 35.62102 12.82645 0.0 15.12766 21.13926 42.2949 31.6427 37.69165 36.41592 28.53503 0.01976 
1000.0 23.66562 27.59017 23.28616 0.0 35.64018 38.92156 31.4765 20.76758 18.594 29.81597 10.93947 0.0 30.96757 15.35862 42.34204 37.2564 35.31448 18.89651 20.25513 0.03708 
1000.0 23.32148 15.29583 33.53958 0.0 24.40546 11.95884 18.2345 15.87569 28.24156 24.1991 29.32074 0.0 42.19043 12.25599 22.18064 16.05226 39.0503 14.83776 34.02856 0.0427 
1000.0 38.07319 14.73542 32.61015 0.0 30.91245 36.33839 36.89743 39.99022 16.27687 16.24042 16.91833 0.0 27.28851 9.5734 36.33205 19.31264 35.6383 18.9619 36.12461 0.03829 
1000.0 33.34347 15.52943 22.62445 0.0 15.17966 23.33419 41.37619 13.08114 27.90197 14.23703 14.76299 0.0 20.04208 25.83397 36.34331 25.98086 21.88099 12.56334 9.26337 0.03097 
1000.0 0.07711 0.05579 0.17226 0.0 0.08999 0.09053 0.16927 0.17049 0.17744 0.08583 0.11434 0.0 0.08655 0.16154 0.07555 0.14985 0.1058 0.07303 0.08188 30.25748 
