1000.0 1000.0 1000.0 1000.0 1000.0 1000.0 1000.0 1000.0 1000.0 1000.0 1000.0 
1000.0 40.19565 40.99501 20.59417 0.0 12.11629 19.43217 21.29082 13.43014 34.99472 21.74589 
1000.0 9.201 26.429 38.08631 0.0 21.06877 12.91331 43.58808 35.71486 28.67998 41.87715 
1000.0 16.47485 11.17672 30.39962 0.0 16.36083 20.80723 18.16554 41.09948 31.5972 23.93893 
1000.0 0.0 0.0 0.0 39.44765 0.0 0.0 0.0 0.0 0.0 0.0 
1000.0 42.75142 37.49005 26.31673 0.0 33.02729 15.13162 15.95638 29.31723 39.2362 17.06307 
1000.0 27.01521 28.81775 30.31704 0.0 35.14896 31.21285 28.72126 40.32662 36.02284 32.88467 
1000.0 34.16496 37.37213 39.3301 0.0 36.5796 32.53741 28.71736 31.40534 44.7112 34.54829 
1000.0 18.94091 41.31388 27.75969 0.0 22.83305 21.47227 10.65952 24.74296 24.69544 14.92764 
1000.0 39.34202 16.92648 23.51924 0.0 24.43669 19.9801 9.4945 22.75785 22.38289 36.21066 
1000.0 37.57459 40.50979 31.33958 0.0 43.97357 16.22919 17.34369 29.38602 20.08126 38.71421 
