1000.0 1000.0 1000.0 1000.0 1000.0 1000.0 1000.0 1000.0 1000.0 1000.0 1000.0 
1000.0 30.33969 11.94575 29.54554 0.0 12.53896 33.59685 7.79628 8.19413 30.69345 32.92957 
1000.0 18.34491 28.56863 21.91986 0.0 32.92245 19.55944 24.33923 25.4905 22.88514 15.05263 
1000.0 21.15083 9.53838 23.52681 0.0 22.15734 24.06602 29.61302 35.27909 18.91167 7.28488 
1000.0 0.0 0.0 0.0 16.66646 0.0 0.0 0.0 0.0 0.0 0.0 
1000.0 28.38095 21.78721 33.62509 0.0 28.62729 8.01656 32.98811 13.59627 18.7032 16.86016 
1000.0 20.97627 28.4117 8.61742 0.0 31.77494 35.2651 21.63349 21.32505 27.31167 8.53338 
1000.0 13.70917 18.65989 32.5239 0.0 7.69549 20.09507 10.95971 31.17304 19.98348 20.93902 
1000.0 28.99756 28.0208 27.60825 0.0 15.00814 14.35758 10.89295 9.46523 12.54882 25.3285 
1000.0 21.7014 29.03392 8.86625 0.0 35.30066 12.4355 26.13497 27.0495 30.17454 20.64713 
1000.0 26.91525 21.41642 28.00644 0.0 24.18441 21.00325 16.61976 19.95798 29.91078 18.24638 
