1000.0 1000.0 1000.0 1000.0 1000.0 1000.0 1000.0 1000.0 1000.0 1000.0 1000.0 
1000.0 32.12342 17.05374 32.44254 0.0 28.88151 16.85117 15.09749 25.93616 31.88782 20.52974 
1000.0 9.06175 14.71278 24.0973 0.0 24.1896 8.70119 12.34226 10.04616 25.33184 23.04864 
1000.0 29.6992 17.56894 31.67533 0.0 18.484 16.53547 24.6722 30.48482 15.06572 11.31541 
1000.0 0.0 0.0 0.0 18.80767 0.0 0.0 0.0 0.0 0.0 0.0 
1000.0 25.79382 10.04415 28.4937 0.0 12.92293 11.17096 8.6471 32.64329 23.05515 24.8271 
1000.0 33.88226 25.63371 8.06769 0.0 16.42489 7.05821 21.65161 17.90211 31.5179 8.16534 
1000.0 27.27867 32.00923 32.15384 0.0 19.02473 14.89023 22.34519 31.87373 22.12871 10.92491 
1000.0 9.94526 31.4276 19.1026 0.0 31.89969 20.35979 32.75672 34.44697 13.08821 28.61509 
1000.0 34.37456 16.99949 7.55499 0.0 16.76092 26.49823 8.42989 9.92957 34.26137 19.09991 
1000.0 34.21661 33.72416 22.36771 0.0 21.22608 24.3098 21.44117 7.17877 21.43793 15.13212 
