1000.0 1000.0 1000.0 1000.0 1000.0 1000.0 1000.0 1000.0 1000.0 1000.0 1000.0 
1000.0 33.20237 17.2995 10.62887 0.0 41.82347 39.75265 16.15736 17.69277 26.06229 11.8845 
1000.0 39.54405 29.45931 40.23758 0.0 10.48967 12.39775 28.22445 10.23949 35.37705 22.59997 
1000.0 25.62083 30.62014 33.42411 0.0 33.65986 34.3179 27.41553 9.20281 10.93423 38.56774 
1000.0 0.0 0.0 0.0 10.0049 0.0 0.0 0.0 0.0 0.0 0.0 
1000.0 11.01043 14.75256 20.47426 0.0 40.35852 33.52706 33.60581 29.53804 9.56195 14.88327 
1000.0 37.53409 43.06138 18.28814 0.0 42.19268 36.17387 10.01618 19.87064 32.03531 36.09131 
1000.0 41.14533 23.31059 36.72977 0.0 39.22209 18.41188 12.38785 39.69696 9.96454 31.57087 
1000.0 14.15223 18.61585 30.3201 0.0 30.82534 27.76204 32.23481 25.00444 9.49977 33.03495 
1000.0 36.71575 30.82781 31.95817 0.0 30.27221 16.35807 12.17345 43.42453 27.31139 22.57635 
1000.0 21.50115 14.99715 13.72571 0.0 28.85569 27.67522 13.30914 33.19878 15.80158 10.76159 
