1000.0 1000.0 1000.0 1000.0 1000.0 1000.0 1000.0 1000.0 1000.0 1000.0 1000.0 
1000.0 28.99565 17.63289 28.56669 0.0 25.32547 33.31145 24.09545 31.27904 16.09032 30.44942 
1000.0 9.35851 9.99822 18.01308 0.0 9.10349 30.36678 13.30517 26.51274 18.0622 30.97338 
1000.0 29.55037 9.52623 30.62123 0.0 26.59652 30.01029 14.19465 26.30342 10.14816 16.69416 
1000.0 0.0 0.0 0.0 18.54846 0.0 0.0 0.0 0.0 0.0 0.0 
1000.0 22.18764 31.5387 21.39616 0.0 14.49257 21.45065 30.61519 16.94167 17.28038 7.94199 
1000.0 15.24999 9.45517 31.5828 0.0 21.2641 16.66892 26.2498 16.17758 16.58097 18.98631 
1000.0 20.42277 10.31069 19.3697 0.0 22.8439 28.01105 17.91308 29.21144 16.56805 14.70818 
1000.0 22.72001 12.89374 31.92963 0.0 22.11494 19.50511 26.42555 29.01442 33.63999 26.63606 
1000.0 14.10814 23.87221 25.41155 0.0 15.45821 30.62299 23.31356 10.12911 24.38186 19.0615 
1000.0 25.18253 10.10113 29.66807 0.0 28.39607 10.16923 23.76479 24.18228 27.94834 30.19228 
