1000.0 1000.0 1000.0 1000.0 1000.0 1000.0 1000.0 1000.0 1000.0 1000.0 1000.0 
1000.0 31.2221 16.3877 34.19037 0.0 19.99868 29.41981 17.76928 29.85401 19.56212 11.55486 
1000.0 22.23039 8.74214 10.62738 0.0 23.2212 15.80196 28.95985 27.61006 16.42815 19.2207 
1000.0 12.81411 9.69069 7.21616 0.0 27.1025 12.97805 23.44202 27.50069 30.81018 8.21135 
1000.0 0.0 0.0 0.0 16.37289 0.0 0.0 0.0 0.0 0.0 0.0 
1000.0 28.76367 9.98275 21.50318 0.0 24.45565 31.19951 16.25451 14.52199 32.20439 22.89811 
1000.0 25.96361 14.50744 23.58546 0.0 15.83056 18.31617 13.30769 34.02033 21.44617 29.18937 
1000.0 20.91855 18.58958 18.70341 0.0 22.75306 25.76513 32.23321 30.39512 19.4213 23.82725 
1000.0 7.70844 28.9642 31.04542 0.0 10.86891 25.36518 31.41101 20.37914 27.09905 32.7616 
1000.0 22.2036 10.50008 34.27047 0.0 8.34833 12.86028 32.21849 23.09431 17.83986 21.03419 
1000.0 11.15915 23.02609 28.74792 0.0 9.14342 17.70509 18.74687 34.16328 30.25183 24.49836 
