1000.0 1000.0 1000.0 1000.0 1000.0 1000.0 1000.0 1000.0 1000.0 1000.0 1000.0 
1000.0 17.83129 11.63966 37.28183 0.0 30.08213 32.74098 17.77204 37.5872 39.43003 26.06965 
1000.0 33.42103 25.98723 15.08562 0.0 28.656 32.85532 28.02144 10.07017 43.2937 14.95865 
1000.0 15.14096 11.96299 31.0393 0.0 30.11884 20.69633 40.3659 43.23731 14.8996 36.0804 
1000.0 0.0 0.0 0.0 25.65393 0.0 0.0 0.0 0.0 0.0 0.0 
1000.0 10.93369 39.31298 15.35417 0.0 36.5762 15.44318 42.59048 12.21782 33.37741 12.52759 
1000.0 17.87288 12.22311 9.07125 0.0 38.63706 41.87898 10.03087 11.30263 37.26265 35.75539 
1000.0 27.01074 23.27493 23.99812 0.0 22.27534 24.13294 41.94388 30.10653 35.17408 41.00772 
1000.0 13.31262 19.45979 20.16493 0.0 13.1858 20.18814 38.50339 42.97401 9.35727 31.02986 
1000.0 32.12262 32.07892 12.60299 0.0 14.99491 24.72585 22.86959 34.38968 36.61897 12.94319 
1000.0 10.05666 35.60429 40.52837 0.0 32.46855 35.62286 13.72009 33.56985 15.38829 36.25771 
