1000.0 1000.0 1000.0 1000.0 1000.0 1000.0 1000.0 1000.0 1000.0 1000.0 1000.0 
1000.0 39.36181 30.14126 24.73088 0.0 20.48833 36.50978 35.78972 43.70698 14.20058 30.54614 
1000.0 23.57061 36.42237 44.7716 0.0 29.37131 19.71506 41.55906 23.75524 25.39359 42.78828 
1000.0 36.44394 31.49194 9.52929 0.0 38.07019 10.17121 40.05055 12.42796 14.90853 22.51978 
1000.0 0.0 0.0 0.0 17.68214 0.0 0.0 0.0 0.0 0.0 0.0 
1000.0 30.4596 26.67342 13.65949 0.0 35.68813 11.72403 44.27348 44.91097 40.73999 43.39184 
1000.0 10.74364 40.40015 28.20419 0.0 28.88347 36.5666 27.73419 40.10727 14.60297 25.04322 
1000.0 38.82014 27.68297 27.71279 0.0 28.62858 42.61164 19.98658 30.51006 41.66926 39.08499 
1000.0 28.92599 18.98912 16.98601 0.0 35.63431 20.86075 35.4275 43.00148 24.66188 9.54181 
1000.0 12.58267 18.97141 33.50107 0.0 42.15125 21.25194 27.32126 10.66316 28.54096 13.62804 
1000.0 42.881 25.55015 37.55005 0.0 26.15515 27.68393 15.81466 43.43171 44.03682 28.69131 
