1000.0 1000.0 1000.0 1000.0 1000.0 1000.0 1000.0 1000.0 1000.0 1000.0 1000.0 
1000.0 23.21934 14.02132 18.86186 0.0 11.20423 15.57951 34.27175 7.85382 30.63298 14.05406 
1000.0 31.78631 19.2597 24.22184 0.0 21.77381 28.62437 15.81752 33.3461 9.02206 10.1453 
1000.0 33.48177 14.6374 22.19073 0.0 12.1733 18.61731 29.47641 26.09615 11.90593 11.84775 
1000.0 0.0 0.0 0.0 34.77731 0.0 0.0 0.0 0.0 0.0 0.0 
1000.0 27.20227 31.24014 27.32708 0.0 18.03169 22.73535 8.40731 35.33507 8.3004 31.22711 
1000.0 15.97017 33.73183 16.58961 0.0 22.783 8.56045 21.12231 21.01183 7.4676 32.77099 
1000.0 23.8952 32.59522 13.9525 0.0 10.61944 8.7058 12.81745 23.27711 12.3656 24.59067 
1000.0 17.30628 34.51443 24.11748 0.0 32.27459 19.50688 24.20663 26.41945 23.01188 15.98631 
1000.0 17.11015 7.42049 25.78806 0.0 12.2742 7.40976 32.6524 13.55641 8.70634 9.84858 
1000.0 33.92806 31.95985 34.26216 0.0 10.41068 8.77214 12.57798 26.19901 16.65295 17.695 
