1000.0 1000.0 1000.0 1000.0 1000.0 1000.0 1000.0 1000.0 1000.0 1000.0 1000.0 
1000.0 37.80209 36.00317 32.34415 0.0 11.90027 26.74573 18.59654 36.29955 35.18396 24.74665 
1000.0 14.59302 23.5886 44.26524 0.0 29.56573 27.02791 45.94049 41.6437 15.89181 26.97808 
1000.0 23.1975 16.53465 10.94402 0.0 41.44716 36.31372 18.44079 39.26276 27.57542 26.29203 
1000.0 0.0 0.0 0.0 36.40672 0.0 0.0 0.0 0.0 0.0 0.0 
1000.0 45.08388 17.59325 20.48073 0.0 27.95405 12.46019 14.58971 27.91218 31.32652 11.17557 
1000.0 41.48669 11.85252 32.90228 0.0 21.53944 26.19164 11.3239 32.26371 21.01361 30.46921 
1000.0 35.64433 15.81593 45.46154 0.0 46.676 19.05848 17.88056 28.9998 29.78346 44.22106 
1000.0 35.45766 14.92519 27.59995 0.0 46.72205 41.08934 28.16703 21.40003 23.938 26.76446 
1000.0 37.45493 18.53131 32.52281 0.0 27.46447 29.14413 29.69037 19.90688 44.38196 12.22969 
1000.0 25.29213 16.1635 15.98018 0.0 32.86804 39.88249 29.71216 32.54566 40.42766 17.51155 
