1000.0 1000.0 1000.0 1000.0 1000.0 1000.0 1000.0 1000.0 1000.0 1000.0 1000.0 
1000.0 35.02321 36.82782 21.09753 0.0 36.31718 26.33607 29.59256 22.73815 27.91435 27.80983 
1000.0 45.65505 27.8434 46.63629 0.0 24.49223 38.59156 32.56669 43.71522 41.03915 38.27974 
1000.0 32.51246 30.37848 42.78094 0.0 27.42968 39.74289 18.48205 15.96715 42.11327 24.76668 
1000.0 0.0 0.0 0.0 22.92265 0.0 0.0 0.0 0.0 0.0 0.0 
1000.0 33.36806 41.11899 28.32742 0.0 44.0928 29.08646 20.35944 31.92469 36.55847 13.72484 
1000.0 21.61619 41.40566 22.10649 0.0 13.49411 44.96709 13.22321 37.44888 47.22167 44.78489 
1000.0 27.76581 44.6417 40.75453 0.0 37.42792 35.09136 14.65656 16.72274 34.32265 34.53364 
1000.0 45.64364 18.04679 29.57525 0.0 42.94169 14.44444 22.73156 44.96556 14.88601 39.53779 
1000.0 26.21251 36.10548 22.16386 0.0 22.1121 33.97406 43.85662 15.71193 45.60803 18.44601 
1000.0 34.62874 20.7016 13.60743 0.0 39.39473 39.70193 36.27759 23.95613 31.78575 45.57868 
