1000.0 1000.0 1000.0 1000.0 1000.0 1000.0 1000.0 1000.0 1000.0 1000.0 1000.0 
1000.0 46.84459 19.7808 46.08539 0.0 18.42474 39.77309 12.14827 12.78439 29.57777 33.59886 
1000.0 26.32399 41.07479 40.00974 0.0 22.09347 10.37036 26.53138 28.21528 42.28244 13.82836 
1000.0 13.74192 40.72655 30.6802 0.0 19.53388 18.25791 44.32137 39.73899 32.17837 19.08854 
1000.0 0.0 0.0 0.0 17.73637 0.0 0.0 0.0 0.0 0.0 0.0 
1000.0 30.74758 34.4125 36.61881 0.0 28.93801 17.87273 43.95013 43.61025 11.60002 26.64561 
1000.0 24.77217 11.13354 23.41564 0.0 20.69637 12.21049 38.2384 16.74013 12.86811 27.95934 
1000.0 25.46112 12.94463 41.63723 0.0 47.75501 18.85301 21.26281 33.96491 40.30721 36.82774 
1000.0 18.96254 10.72999 24.20196 0.0 16.53641 31.02423 38.24973 32.29844 17.88821 39.69331 
1000.0 36.09085 25.26026 39.39631 0.0 29.35861 21.48263 14.08656 13.05786 13.44004 21.45605 
1000.0 39.31008 43.07123 11.49947 0.0 21.99232 18.34686 26.37468 30.66722 15.8503 25.16791 
