1000.0 1000.0 1000.0 1000.0 1000.0 1000.0 1000.0 1000.0 1000.0 1000.0 1000.0 
1000.0 43.2135 16.1272 18.95408 0.0 13.71345 31.02124 21.18377 38.58909 11.48935 25.82385 
1000.0 38.74932 15.73971 24.81536 0.0 33.19573 25.71078 28.94748 22.32431 21.85159 14.66726 
1000.0 27.69278 15.09492 17.19567 0.0 10.03557 26.79647 30.80348 30.34144 31.05811 38.77231 
1000.0 0.0 0.0 0.0 25.70987 0.0 0.0 0.0 0.0 0.0 0.0 
1000.0 44.23109 39.02262 23.9244 0.0 20.50309 32.19649 24.22351 47.45682 15.38432 21.42896 
1000.0 30.31709 41.06251 23.04294 0.0 19.64906 14.02741 33.78011 36.13454 36.99932 33.97467 
1000.0 41.11086 23.05947 13.15806 0.0 29.24241 16.78179 30.92463 19.63844 38.85594 14.54989 
1000.0 28.87541 34.17015 35.65433 0.0 10.08135 12.69293 29.56167 43.98534 23.36632 31.69351 
1000.0 29.89179 48.1594 16.79127 0.0 42.39077 31.233 12.4678 26.79468 24.16169 19.56214 
1000.0 13.0402 40.26489 38.4751 0.0 33.78119 28.33531 33.97091 24.73622 47.46691 42.38609 
