1000.0 1000.0 1000.0 1000.0 1000.0 1000.0 1000.0 1000.0 1000.0 1000.0 1000.0 
1000.0 8.74954 17.23928 26.02433 0.0 28.87098 12.19402 30.98305 28.32669 11.57407 25.20252 
1000.0 26.85721 7.58944 9.55784 0.0 18.79473 11.92822 10.05142 19.66462 24.97299 9.47159 
1000.0 11.0873 24.39904 28.72859 0.0 26.45469 10.15251 23.56999 6.90271 8.91654 33.30159 
1000.0 0.0 0.0 0.0 9.92684 0.0 0.0 0.0 0.0 0.0 0.0 
1000.0 29.2351 30.12393 24.62698 0.0 11.99828 16.84932 15.40066 23.66173 21.23362 12.34473 
1000.0 26.33039 17.62091 7.48069 0.0 25.94808 16.9999 8.44101 19.55662 30.09656 31.35385 
1000.0 24.06328 30.25056 12.67884 0.0 30.99407 8.6251 21.13687 21.18138 14.20326 23.27944 
1000.0 12.98522 19.8865 11.63085 0.0 23.13593 16.61927 21.24762 31.87272 23.80803 9.31501 
1000.0 23.97278 21.24337 21.59848 0.0 20.36227 23.33913 25.57341 8.5227 27.34147 15.4137 
1000.0 10.73048 24.17988 22.45189 0.0 26.24825 10.57773 29.04929 16.62363 21.22365 16.33379 
