1000.0 1000.0 1000.0 1000.0 1000.0 1000.0 1000.0 1000.0 1000.0 1000.0 1000.0 
1000.0 11.93472 25.65169 11.06805 0.0 9.20717 11.64762 7.27911 28.88164 12.94641 13.49418 
1000.0 31.3085 27.79596 30.07293 0.0 26.44171 28.03782 16.54079 25.63028 26.34731 26.4649 
1000.0 7.6427 19.1794 13.07152 0.0 15.86626 15.03671 20.05145 27.92551 18.6104 7.09313 
1000.0 0.0 0.0 0.0 19.41397 0.0 0.0 0.0 0.0 0.0 0.0 
1000.0 28.64019 20.67534 29.8869 0.0 17.67954 26.42806 31.15239 17.03235 16.91832 11.86546 
1000.0 10.37775 24.20548 7.60904 0.0 17.32307 24.31385 8.27391 27.43124 7.16391 6.84505 
1000.0 9.61407 20.61254 6.6233 0.0 24.69572 10.57881 28.1912 13.11842 8.1229 25.40519 
1000.0 16.76699 12.76933 20.39461 0.0 23.70311 27.13815 29.78751 16.55227 13.15165 21.67286 
1000.0 22.654 8.56498 12.54798 0.0 28.50738 22.4631 17.59184 12.43261 9.36104 27.95335 
1000.0 21.846 26.20066 22.39758 0.0 9.80909 21.87462 8.78158 21.56459 18.32794 7.17563 
