1000.0 1000.0 1000.0 1000.0 1000.0 1000.0 1000.0 1000.0 1000.0 1000.0 1000.0 
1000.0 23.94368 20.58524 18.58494 0.0 33.41203 14.84101 12.22385 27.52067 18.49448 16.07666 
1000.0 11.14429 17.71769 35.33174 0.0 37.21568 39.97088 18.55706 39.21341 12.2214 36.26573 
1000.0 39.74925 21.676 40.88803 0.0 17.40438 38.54641 17.35497 30.80837 40.62577 15.45136 
1000.0 0.0 0.0 0.0 37.83955 0.0 0.0 0.0 0.0 0.0 0.0 
1000.0 21.6277 40.06774 33.32215 0.0 38.59201 27.09374 13.48543 45.33769 32.5029 30.35128 
1000.0 18.69829 32.76585 20.81882 0.0 13.40872 46.63206 22.84874 28.71884 29.53829 44.00813 
1000.0 43.26251 35.94679 13.96864 0.0 43.08745 26.00577 10.96069 25.33141 20.3694 10.40897 
1000.0 44.15366 37.19475 43.37144 0.0 42.50381 33.49916 26.67763 36.64335 16.31674 15.68243 
1000.0 28.61035 44.13594 12.86635 0.0 39.30315 38.93734 19.21575 26.29243 10.22461 39.55277 
1000.0 24.07927 43.71024 38.96389 0.0 17.03611 28.06088 43.6646 9.46303 29.05476 12.65923 
