1000.0 1000.0 1000.0 1000.0 1000.0 1000.0 1000.0 1000.0 1000.0 1000.0 1000.0 
1000.0 32.4675 24.0241 8.75263 0.0 27.42039 11.64049 16.20057 26.68074 30.72134 12.8568 
1000.0 18.63835 22.8748 32.86143 0.0 17.21927 9.3104 12.54522 15.92077 28.72134 27.50995 
1000.0 9.33424 21.95225 23.2235 0.0 36.1754 14.6893 10.50754 30.90297 28.33516 8.9264 
1000.0 0.0 0.0 0.0 31.63306 0.0 0.0 0.0 0.0 0.0 0.0 
1000.0 32.80277 10.64947 19.74698 0.0 23.81094 35.9197 18.52062 12.57073 30.20529 28.20692 
1000.0 13.02897 19.05963 34.11005 0.0 11.94194 22.60449 28.2172 30.39239 17.6808 28.09543 
1000.0 14.24445 20.74007 27.21349 0.0 19.01355 19.70012 13.32333 12.96444 11.50531 31.34563 
1000.0 27.19632 24.70295 25.75818 0.0 19.85031 13.99131 16.03418 10.9701 25.95132 9.15722 
1000.0 26.2552 34.14799 12.40222 0.0 34.09001 27.39581 11.1259 30.39306 28.09962 15.20223 
1000.0 22.78513 19.33584 10.58741 0.0 24.74687 11.67351 22.17252 32.8979 24.30081 13.94205 
