1000.0 1000.0 1000.0 1000.0 1000.0 1000.0 1000.0 1000.0 1000.0 1000.0 1000.0 
1000.0 15.2148 39.50454 13.4739 0.0 12.56403 11.96059 36.46479 32.6033 36.19525 41.35442 
1000.0 13.20496 39.04922 38.08593 0.0 37.57713 24.66264 8.76208 23.44971 24.87116 40.16562 
1000.0 40.67798 13.89989 28.6751 0.0 31.93652 19.01959 21.92318 19.56768 26.77882 37.94919 
1000.0 0.0 0.0 0.0 19.61173 0.0 0.0 0.0 0.0 0.0 0.0 
1000.0 33.7432 30.39381 20.7768 0.0 14.52266 36.5302 23.9442 34.43122 25.85925 33.15809 
1000.0 19.97913 27.87019 26.80293 0.0 25.70431 25.88287 30.21897 38.95767 25.84444 13.84947 
1000.0 19.02956 34.75519 22.49739 0.0 31.61632 10.18587 26.93602 16.60533 30.98649 40.63027 
1000.0 40.22722 17.25492 32.36859 0.0 24.80489 37.28071 18.36805 18.44018 24.71086 35.43466 
1000.0 28.27864 13.85772 29.27674 0.0 13.67631 10.58648 15.49922 33.55448 16.26315 39.18969 
1000.0 20.5872 29.68823 30.89638 0.0 27.78626 35.40307 32.49722 33.78561 35.56857 41.08663 
