1000.0 1000.0 1000.0 1000.0 1000.0 1000.0 1000.0 1000.0 1000.0 1000.0 1000.0 
1000.0 31.75748 44.84588 24.28024 0.0 29.96776 38.45276 20.84256 28.09473 38.13253 15.48432 
1000.0 13.78168 17.8255 39.97411 0.0 9.08427 35.25277 15.93715 26.65908 39.51634 34.1287 
1000.0 34.16915 42.92807 23.5788 0.0 44.39822 32.46834 10.11755 21.51705 26.54487 36.87451 
1000.0 0.0 0.0 0.0 27.22934 0.0 0.0 0.0 0.0 0.0 0.0 
1000.0 33.64265 43.98417 27.30978 0.0 9.36219 32.60456 12.86842 23.18764 33.02161 32.60264 
1000.0 16.352 26.86925 14.88317 0.0 22.48358 41.97145 21.63846 28.9723 36.4438 31.90368 
1000.0 42.16383 11.01333 17.88639 0.0 43.40711 43.82933 24.84121 33.57915 27.485 29.13643 
1000.0 35.10299 27.2602 43.4297 0.0 24.92545 41.63891 17.14746 23.49568 34.06202 17.73558 
1000.0 15.10967 40.12814 36.9613 0.0 24.07966 24.42999 35.42855 10.99819 16.4947 42.8942 
1000.0 20.65798 37.78239 39.16476 0.0 18.19662 30.54089 24.17718 41.2753 26.87628 14.95626 
