1000.0 1000.0 1000.0 1000.0 1000.0 1000.0 1000.0 1000.0 1000.0 1000.0 1000.0 
1000.0 43.93939 34.09579 46.22791 0.0 12.32601 36.77366 43.79081 38.59393 48.84148 28.16959 
1000.0 44.62419 28.85393 20.0915 0.0 43.74046 15.28865 29.76639 32.58103 48.96393 18.6614 
1000.0 41.32711 40.1704 21.3404 0.0 28.29775 25.85602 45.29691 24.26046 33.62193 15.42418 
1000.0 0.0 0.0 0.0 33.81924 0.0 0.0 0.0 0.0 0.0 0.0 
1000.0 27.69418 39.06118 22.17116 0.0 45.62871 27.10773 12.53769 16.05491 24.25324 47.08673 
1000.0 14.55093 41.64286 25.39745 0.0 43.29807 48.55257 17.36252 35.58467 41.97983 18.34084 
1000.0 16.82991 33.7108 25.64065 0.0 48.68496 19.8282 14.28853 39.2285 15.33732 13.59754 
1000.0 41.32191 18.99578 33.33846 0.0 14.28077 32.96646 48.92683 26.19201 12.25092 43.44552 
1000.0 35.12546 33.84907 47.50757 0.0 36.20601 23.73985 49.02041 34.19458 48.64218 46.63131 
1000.0 25.70807 16.02117 46.75823 0.0 19.19151 22.85252 20.8847 24.82966 44.2118 14.46414 
