1000.0 1000.0 1000.0 1000.0 1000.0 1000.0 1000.0 1000.0 1000.0 1000.0 1000.0 
1000.0 31.76602 32.13942 18.50079 0.0 11.03901 20.40162 22.22964 25.68273 18.40375 19.20965 
1000.0 27.51852 17.90865 28.77302 0.0 25.65898 12.71571 13.16471 10.38101 27.10226 15.43363 
1000.0 27.56957 14.68083 14.80809 0.0 15.21011 8.65678 32.65886 15.7052 7.83063 6.75581 
1000.0 0.0 0.0 0.0 23.59939 0.0 0.0 0.0 0.0 0.0 0.0 
1000.0 13.41394 30.44529 12.89341 0.0 21.18838 30.3153 29.84237 19.68163 18.86689 29.64193 
1000.0 22.93198 28.89375 31.73608 0.0 27.84277 12.25328 6.90634 21.38821 13.73526 8.88558 
1000.0 24.68245 30.80243 29.94093 0.0 29.92144 13.00907 32.52217 27.27387 18.56847 10.21502 
1000.0 17.52715 7.81942 19.79033 0.0 15.06443 22.82803 22.99039 7.18078 14.05612 18.41796 
1000.0 31.70312 30.36128 23.92908 0.0 12.37837 6.76581 9.7507 9.66705 8.41223 18.27105 
1000.0 21.74264 12.75224 30.33847 0.0 24.59631 6.74363 25.85743 11.42616 22.01277 30.35285 
